# UNNAMED
#pos	aa	i	o	M	S
1	M	0.00000	0.99994	0.00000	6e-05
2	S	0.00000	0.99994	0.00000	6e-05
3	L	0.00000	0.99994	0.00000	6e-05
4	P	0.00000	0.99994	0.00000	6e-05
5	N	0.00000	0.99994	0.00000	6e-05
6	Q	0.00000	0.99994	0.00000	6e-05
7	S	0.00000	0.99994	0.00000	6e-05
8	L	0.00000	0.99994	0.00000	6e-05
9	E	0.00000	0.99994	0.00000	7e-05
10	G	0.00000	0.99994	0.00000	6e-05
11	L	0.00000	0.99994	0.00000	6e-05
12	P	0.00000	0.99994	0.00000	6e-05
13	Q	0.00000	0.99994	0.00000	6e-05
14	E	0.00000	0.99997	0.00000	4e-05
15	A	0.00000	0.99996	0.00000	3e-05
16	S	0.00000	0.99996	0.00000	3e-05
17	N	0.00000	0.99996	0.00000	3e-05
18	R	0.00000	0.99996	0.00000	3e-05
19	S	0.00000	0.99997	0.00000	3e-05
20	L	0.00000	1	0.00000	0
21	N	0.00000	1	0.00000	0
22	A	0.00000	1	0.00000	0
23	T	0.00000	1	0.00000	0
24	G	0.00000	1	0.00000	0
25	A	0.00000	1	0.00000	0
26	W	0.00000	1	0.00000	0
27	D	0.00000	1	0.00000	0
28	P	0.00000	1	0.00000	0
29	E	0.00000	0.99999	0.00001	0
30	V	0.00000	0.99978	0.00022	0
31	L	0.00000	0.99912	0.00088	0
32	Q	0.00000	0.99753	0.00247	0
33	A	0.00000	0.99147	0.00853	0
34	L	0.00000	0.98562	0.01438	0
35	R	0.00000	0.9791	0.02090	0
36	I	0.00000	0.57794	0.42206	0
37	S	0.00000	0.48457	0.51543	0
38	L	0.00000	0.20512	0.79488	0
39	V	0.00000	0.12334	0.87666	0
40	V	0.00000	0.06132	0.93868	0
41	V	0.00000	0.0222	0.97780	0
42	L	0.00000	0.00592	0.99408	0
43	S	0.00000	0.00276	0.99724	0
44	I	0.00000	0.00011	0.99989	0
45	I	0.00000	0	1.00000	0
46	T	0.00000	0	1.00000	0
47	L	0.00000	0	1.00000	0
48	A	0.00000	0	1.00000	0
49	T	0.00000	0	1.00000	0
50	V	0.00000	0	1.00000	0
51	L	0.00000	0	1.00000	0
52	S	0.00000	0	1.00000	0
53	N	0.00000	0	1.00000	0
54	A	0.00000	0	1.00000	0
55	F	0.00000	0	1.00000	0
56	V	0.00006	0	0.99994	0
57	L	0.00090	0	0.99910	0
58	T	0.02860	0	0.97140	0
59	T	0.08549	0	0.91451	0
60	I	0.10687	0	0.89313	0
61	L	0.23112	0	0.76888	0
62	L	0.48206	0	0.51794	0
63	T	0.92466	0	0.07534	0
64	K	0.99861	0	0.00139	0
65	K	0.99999	0	0.00001	0
66	L	1.00000	0	0.00000	0
67	H	1.00000	0	0.00000	0
68	T	1.00000	0	0.00000	0
69	P	1.00000	0	0.00000	0
70	A	0.77316	0	0.22684	0
71	N	0.20026	0	0.79974	0
72	Y	0.07336	0	0.92664	0
73	L	0.00109	0	0.99891	0
74	I	0.00001	0	0.99999	0
75	G	0.00000	0	1.00000	0
76	S	0.00000	0	1.00000	0
77	L	0.00000	0	1.00000	0
78	A	0.00000	0	1.00000	0
79	T	0.00000	0	1.00000	0
80	T	0.00000	0	1.00000	0
81	D	0.00000	0	1.00000	0
82	L	0.00000	0	1.00000	0
83	L	0.00000	0	1.00000	0
84	V	0.00000	0	1.00000	0
85	S	0.00000	0	1.00000	0
86	I	0.00000	0	1.00000	0
87	L	0.00000	0	1.00000	0
88	V	0.00000	0	1.00000	0
89	M	0.00000	0.00016	0.99984	0
90	P	0.00000	0.00322	0.99678	0
91	I	0.00000	0.07329	0.92671	0
92	S	0.00000	0.36409	0.63591	0
93	I	0.00000	0.47688	0.52312	0
94	A	0.00000	0.78896	0.21104	0
95	Y	0.00000	0.99993	0.00007	0
96	T	0.00000	0.99998	0.00002	0
97	T	0.00000	0.99999	0.00001	0
98	T	0.00000	1	0.00000	0
99	R	0.00000	1	0.00000	0
100	T	0.00000	1	0.00000	0
101	W	0.00000	1	0.00000	0
102	N	0.00000	1	0.00000	0
103	F	0.00000	1	0.00000	0
104	G	0.00000	1	0.00000	0
105	Q	0.00000	0.99996	0.00004	0
106	I	0.00000	0.99913	0.00087	0
107	L	0.00000	0.99896	0.00104	0
108	C	0.00000	0.99859	0.00141	0
109	D	0.00000	0.99695	0.00305	0
110	I	0.00000	0.99439	0.00561	0
111	W	0.00000	0.79357	0.20643	0
112	V	0.00000	0.06596	0.93404	0
113	S	0.00000	0.01003	0.98997	0
114	S	0.00000	0.00154	0.99846	0
115	D	0.00000	0.00052	0.99948	0
116	I	0.00000	1e-05	0.99999	0
117	T	0.00000	0	1.00000	0
118	C	0.00000	0	1.00000	0
119	C	0.00000	0	1.00000	0
120	T	0.00000	0	1.00000	0
121	A	0.00000	0	1.00000	0
122	S	0.00000	0	1.00000	0
123	I	0.00000	0	1.00000	0
124	L	0.00000	0	1.00000	0
125	H	0.00000	0	1.00000	0
126	L	0.00000	0	1.00000	0
127	C	0.00004	0	0.99996	0
128	V	0.00006	0	0.99994	0
129	I	0.00008	0	0.99992	0
130	A	0.00014	0	0.99986	0
131	L	0.00014	0	0.99986	0
132	D	0.00024	0	0.99976	0
133	R	0.18387	0	0.81613	0
134	Y	0.62843	0	0.37157	0
135	W	0.65748	0	0.34252	0
136	A	0.93607	0	0.06393	0
137	I	1.00000	0	0.00000	0
138	T	1.00000	0	0.00000	0
139	D	1.00000	0	0.00000	0
140	A	1.00000	0	0.00000	0
141	L	1.00000	0	0.00000	0
142	E	1.00000	0	0.00000	0
143	Y	1.00000	0	0.00000	0
144	S	1.00000	0	0.00000	0
145	K	1.00000	0	0.00000	0
146	R	1.00000	0	0.00000	0
147	R	0.99998	0	0.00002	0
148	T	0.99585	0	0.00415	0
149	A	0.94663	0	0.05337	0
150	G	0.79608	0	0.20392	0
151	H	0.48656	0	0.51344	0
152	A	0.07710	0	0.92290	0
153	A	0.01133	0	0.98867	0
154	A	0.00194	0	0.99806	0
155	M	0.00067	0	0.99933	0
156	I	0.00003	0	0.99997	0
157	A	0.00000	0	1.00000	0
158	A	0.00000	0	1.00000	0
159	V	0.00000	0	1.00000	0
160	W	0.00000	0	1.00000	0
161	A	0.00000	0	1.00000	0
162	I	0.00000	0	1.00000	0
163	S	0.00000	0	1.00000	0
164	I	0.00000	0	1.00000	0
165	C	0.00000	0	1.00000	0
166	I	0.00000	0	1.00000	0
167	S	0.00000	2e-05	0.99998	0
168	I	0.00000	0.00015	0.99985	0
169	P	0.00000	0.00383	0.99617	0
170	P	0.00000	0.00719	0.99281	0
171	L	0.00000	0.02203	0.97797	0
172	F	0.00000	0.10482	0.89518	0
173	W	0.00000	0.58622	0.41378	0
174	R	0.00000	0.97613	0.02387	0
175	Q	0.00000	0.99539	0.00461	0
176	A	0.00000	0.99771	0.00229	0
177	T	0.00000	0.99953	0.00047	0
178	A	0.00000	0.99982	0.00018	0
179	H	0.00000	1	0.00000	0
180	E	0.00000	1	0.00000	0
181	E	0.00000	1	0.00000	0
182	M	0.00000	1	0.00000	0
183	S	0.00000	1	0.00000	0
184	D	0.00000	1	0.00000	0
185	C	0.00000	1	0.00000	0
186	L	0.00000	1	0.00000	0
187	V	0.00000	1	0.00000	0
188	N	0.00000	0.99996	0.00004	0
189	T	0.00000	0.99962	0.00038	0
190	S	0.00000	0.99787	0.00213	0
191	Q	0.00000	0.99659	0.00341	0
192	I	0.00000	0.88821	0.11179	0
193	S	0.00000	0.63474	0.36526	0
194	Y	0.00000	0.50496	0.49504	0
195	T	0.00000	0.27078	0.72922	0
196	I	0.00000	0.01929	0.98071	0
197	Y	0.00000	0.01586	0.98414	0
198	S	0.00000	0.01495	0.98505	0
199	T	0.00000	0.0092	0.99080	0
200	C	0.00000	0.0088	0.99120	0
201	G	0.00000	0.00038	0.99962	0
202	A	0.00000	0	1.00000	0
203	F	0.00000	0	1.00000	0
204	Y	0.00000	0	1.00000	0
205	I	0.00000	0	1.00000	0
206	P	0.00000	0	1.00000	0
207	S	0.00000	0	1.00000	0
208	I	0.00000	0	1.00000	0
209	L	0.00000	0	1.00000	0
210	L	0.00000	0	1.00000	0
211	I	0.00000	0	1.00000	0
212	I	0.00000	0	1.00000	0
213	L	0.00009	0	0.99991	0
214	Y	0.00206	0	0.99794	0
215	G	0.05736	0	0.94264	0
216	R	0.13922	0	0.86078	0
217	I	0.14596	0	0.85404	0
218	Y	0.18396	0	0.81604	0
219	V	0.44656	0	0.55344	0
220	A	0.65513	0	0.34487	0
221	A	0.99327	0	0.00673	0
222	R	0.99833	0	0.00167	0
223	S	0.99936	0	0.00064	0
224	R	0.99951	0	0.00049	0
225	I	0.99952	0	0.00048	0
226	L	0.99963	0	0.00037	0
227	N	1.00000	0	0.00000	0
228	P	1.00000	0	0.00000	0
229	P	1.00000	0	0.00000	0
230	S	1.00000	0	0.00000	0
231	L	1.00000	0	0.00000	0
232	Y	1.00000	0	0.00000	0
233	G	1.00000	0	0.00000	0
234	K	1.00000	0	0.00000	0
235	R	1.00000	0	0.00000	0
236	F	1.00000	0	0.00000	0
237	T	1.00000	0	0.00000	0
238	T	1.00000	0	0.00000	0
239	A	1.00000	0	0.00000	0
240	Q	1.00000	0	0.00000	0
241	L	1.00000	0	0.00000	0
242	I	1.00000	0	0.00000	0
243	T	1.00000	0	0.00000	0
244	G	1.00000	0	0.00000	0
245	S	1.00000	0	0.00000	0
246	A	1.00000	0	0.00000	0
247	G	1.00000	0	0.00000	0
248	S	1.00000	0	0.00000	0
249	S	1.00000	0	0.00000	0
250	L	1.00000	0	0.00000	0
251	C	1.00000	0	0.00000	0
252	S	1.00000	0	0.00000	0
253	L	1.00000	0	0.00000	0
254	N	1.00000	0	0.00000	0
255	P	1.00000	0	0.00000	0
256	S	1.00000	0	0.00000	0
257	L	1.00000	0	0.00000	0
258	H	1.00000	0	0.00000	0
259	E	1.00000	0	0.00000	0
260	S	1.00000	0	0.00000	0
261	H	1.00000	0	0.00000	0
262	T	1.00000	0	0.00000	0
263	H	1.00000	0	0.00000	0
264	T	1.00000	0	0.00000	0
265	V	1.00000	0	0.00000	0
266	G	1.00000	0	0.00000	0
267	S	1.00000	0	0.00000	0
268	P	1.00000	0	0.00000	0
269	L	1.00000	0	0.00000	0
270	F	1.00000	0	0.00000	0
271	F	1.00000	0	0.00000	0
272	N	1.00000	0	0.00000	0
273	Q	1.00000	0	0.00000	0
274	V	1.00000	0	0.00000	0
275	K	1.00000	0	0.00000	0
276	I	1.00000	0	0.00000	0
277	K	1.00000	0	0.00000	0
278	L	1.00000	0	0.00000	0
279	A	1.00000	0	0.00000	0
280	D	1.00000	0	0.00000	0
281	S	1.00000	0	0.00000	0
282	I	1.00000	0	0.00000	0
283	L	1.00000	0	0.00000	0
284	E	1.00000	0	0.00000	0
285	R	1.00000	0	0.00000	0
286	K	1.00000	0	0.00000	0
287	R	1.00000	0	0.00000	0
288	I	1.00000	0	0.00000	0
289	S	1.00000	0	0.00000	0
290	A	1.00000	0	0.00000	0
291	A	1.00000	0	0.00000	0
292	R	1.00000	0	0.00000	0
293	E	1.00000	0	0.00000	0
294	R	0.99766	0	0.00234	0
295	K	0.99738	0	0.00262	0
296	A	0.77635	0	0.22365	0
297	T	0.77522	0	0.22478	0
298	K	0.77268	0	0.22732	0
299	T	0.76997	0	0.23003	0
300	L	0.00862	0	0.99138	0
301	G	0.00161	0	0.99839	0
302	I	0.00004	0	0.99996	0
303	I	0.00000	0	1.00000	0
304	L	0.00000	0	1.00000	0
305	G	0.00000	0	1.00000	0
306	A	0.00000	0	1.00000	0
307	F	0.00000	0	1.00000	0
308	I	0.00000	0	1.00000	0
309	I	0.00000	0	1.00000	0
310	C	0.00000	0	1.00000	0
311	W	0.00000	0	1.00000	0
312	L	0.00000	0	1.00000	0
313	P	0.00000	0	1.00000	0
314	F	0.00000	0	1.00000	0
315	F	0.00000	0	1.00000	0
316	V	0.00000	3e-05	0.99997	0
317	V	0.00000	0.00029	0.99971	0
318	S	0.00000	0.00184	0.99816	0
319	L	0.00000	0.00436	0.99564	0
320	V	0.00000	0.01705	0.98295	0
321	L	0.00000	0.05297	0.94703	0
322	P	0.00000	0.29507	0.70493	0
323	I	0.00000	0.40359	0.59641	0
324	C	0.00000	0.94796	0.05204	0
325	R	0.00000	0.99778	0.00222	0
326	D	0.00000	0.99999	0.00001	0
327	S	0.00000	0.99999	0.00001	0
328	C	0.00000	0.99999	0.00001	0
329	W	0.00000	0.99993	0.00007	0
330	I	0.00000	0.99983	0.00017	0
331	H	0.00000	0.99974	0.00026	0
332	P	0.00000	0.99942	0.00058	0
333	A	0.00000	0.99433	0.00567	0
334	L	0.00000	0.98901	0.01099	0
335	F	0.00000	0.98737	0.01263	0
336	D	0.00000	0.93735	0.06265	0
337	F	0.00000	0.00869	0.99131	0
338	F	0.00000	0.00036	0.99964	0
339	T	0.00000	1e-05	0.99999	0
340	W	0.00000	0	1.00000	0
341	L	0.00000	0	1.00000	0
342	G	0.00000	0	1.00000	0
343	Y	0.00000	0	1.00000	0
344	L	0.00000	0	1.00000	0
345	N	0.00000	0	1.00000	0
346	S	0.00000	0	1.00000	0
347	L	0.00000	0	1.00000	0
348	I	0.00000	0	1.00000	0
349	N	0.00000	0	1.00000	0
350	P	0.00000	0	1.00000	0
351	V	0.00000	0	1.00000	0
352	I	0.00002	0	0.99998	0
353	Y	0.00006	0	0.99994	0
354	T	0.00015	0	0.99985	0
355	V	0.00035	0	0.99965	0
356	F	0.01657	0	0.98343	0
357	N	0.39244	0	0.60756	0
358	E	1.00000	0	0.00000	0
359	D	1.00000	0	0.00000	0
360	F	1.00000	0	0.00000	0
361	R	1.00000	0	0.00000	0
362	Q	1.00000	0	0.00000	0
363	A	1.00000	0	0.00000	0
364	F	1.00000	0	0.00000	0
365	Q	1.00000	0	0.00000	0
366	R	1.00000	0	0.00000	0
367	V	1.00000	0	0.00000	0
368	V	1.00000	0	0.00000	0
369	H	1.00000	0	0.00000	0
370	F	1.00000	0	0.00000	0
371	R	1.00000	0	0.00000	0
372	K	1.00000	0	0.00000	0
373	A	1.00000	0	0.00000	0
374	S	1.00000	0	0.00000	0
