# UNNAMED
#pos	aa	i	o	M	S
1	M	0.00000	0.99289	0.00000	0.00711
2	M	0.00000	0.99289	0.00000	0.00711
3	N	0.00000	0.99289	0.00000	0.00711
4	Q	0.00000	0.99289	0.00000	0.00711
5	S	0.00000	0.99289	0.00000	0.0071
6	H	0.00000	0.99289	0.00000	0.00711
7	Q	0.00000	0.99289	0.00000	0.0071
8	W	0.00000	0.99289	0.00000	0.00711
9	S	0.00000	0.99289	0.00000	0.00712
10	A	0.00000	0.99289	0.00000	0.00711
11	E	0.00000	0.99289	0.00000	0.0071
12	T	0.00000	0.99289	0.00000	0.00711
13	F	0.00000	0.99289	0.00000	0.0071
14	S	0.00000	0.99289	0.00000	0.00711
15	L	0.00000	0.99294	0.00000	0.00706
16	C	0.00000	0.99294	0.00000	0.00706
17	F	0.00000	0.9931	0.00000	0.0069
18	E	0.00000	0.9931	0.00000	0.0069
19	S	0.00000	0.99354	0.00000	0.00646
20	I	0.00000	0.99354	0.00000	0.00646
21	N	0.00000	0.99354	0.00000	0.00646
22	D	0.00000	0.99354	0.00000	0.00646
23	S	0.00000	0.99354	0.00000	0.00646
24	C	0.00000	0.99958	0.00000	0.00042
25	V	0.00000	0.99958	0.00000	0.00042
26	K	0.00000	0.99958	0.00000	0.00042
27	T	0.00000	0.99958	0.00000	0.00042
28	V	0.00000	1	0.00000	0
29	Y	0.00000	0.99999	0.00001	0
30	S	0.00000	0.99999	0.00001	0
31	P	0.00000	0.99995	0.00005	0
32	V	0.00000	0.99913	0.00087	0
33	F	0.00000	0.99884	0.00116	0
34	R	0.00000	0.99383	0.00617	0
35	A	0.00000	0.8522	0.14780	0
36	P	0.00000	0.77376	0.22624	0
37	L	0.00000	0.42366	0.57634	0
38	Y	0.00000	0.1462	0.85380	0
39	L	0.00000	0.05832	0.94168	0
40	L	0.00000	0.03198	0.96802	0
41	F	0.00000	0.00845	0.99155	0
42	I	0.00000	0.00037	0.99963	0
43	I	0.00000	3e-05	0.99997	0
44	A	0.00000	0	1.00000	0
45	I	0.00000	0	1.00000	0
46	I	0.00000	0	1.00000	0
47	L	0.00000	0	1.00000	0
48	I	0.00000	0	1.00000	0
49	V	0.00000	0	1.00000	0
50	F	0.00000	0	1.00000	0
51	G	0.00000	0	1.00000	0
52	N	0.00000	0	1.00000	0
53	L	0.00000	0	1.00000	0
54	W	0.00000	0	1.00000	0
55	V	0.00000	0	1.00000	0
56	I	0.00008	0	0.99992	0
57	C	0.01406	0	0.98594	0
58	T	0.49926	0	0.50074	0
59	I	0.75208	0	0.24792	0
60	S	0.81917	0	0.18083	0
61	F	0.83073	0	0.16927	0
62	F	0.86825	0	0.13175	0
63	Q	0.99642	0	0.00358	0
64	Q	0.99993	0	0.00007	0
65	L	0.99995	0	0.00005	0
66	H	1.00000	0	0.00000	0
67	T	1.00000	0	0.00000	0
68	P	1.00000	0	0.00000	0
69	T	0.93200	0	0.06800	0
70	N	0.19263	0	0.80737	0
71	Y	0.08660	0	0.91340	0
72	L	0.00132	0	0.99868	0
73	I	0.00003	0	0.99997	0
74	L	0.00000	0	1.00000	0
75	S	0.00000	0	1.00000	0
76	M	0.00000	0	1.00000	0
77	A	0.00000	0	1.00000	0
78	V	0.00000	0	1.00000	0
79	S	0.00000	0	1.00000	0
80	D	0.00000	0	1.00000	0
81	L	0.00000	0	1.00000	0
82	L	0.00000	0	1.00000	0
83	L	0.00000	0	1.00000	0
84	G	0.00000	0	1.00000	0
85	S	0.00000	0	1.00000	0
86	F	0.00000	0	1.00000	0
87	V	0.00000	0	1.00000	0
88	M	0.00000	0.00013	0.99987	0
89	P	0.00000	0.00747	0.99253	0
90	P	0.00000	0.02746	0.97254	0
91	S	0.00000	0.34617	0.65383	0
92	M	0.00000	0.40872	0.59128	0
93	L	0.00000	0.63574	0.36426	0
94	R	0.00000	0.99995	0.00005	0
95	S	0.00000	1	0.00000	0
96	L	0.00000	1	0.00000	0
97	E	0.00000	1	0.00000	0
98	T	0.00000	1	0.00000	0
99	C	0.00000	1	0.00000	0
100	W	0.00000	1	0.00000	0
101	Y	0.00000	1	0.00000	0
102	F	0.00000	1	0.00000	0
103	G	0.00000	1	0.00000	0
104	D	0.00000	1	0.00000	0
105	F	0.00000	0.99998	0.00002	0
106	F	0.00000	0.99987	0.00013	0
107	C	0.00000	0.99986	0.00014	0
108	K	0.00000	0.99971	0.00029	0
109	F	0.00000	0.99473	0.00527	0
110	H	0.00000	0.70296	0.29704	0
111	S	0.00000	0.35744	0.64256	0
112	A	0.00000	0.07964	0.92036	0
113	T	0.00000	0.00374	0.99626	0
114	D	0.00000	8e-05	0.99992	0
115	F	0.00000	0	1.00000	0
116	T	0.00000	0	1.00000	0
117	L	0.00000	0	1.00000	0
118	C	0.00000	0	1.00000	0
119	N	0.00000	0	1.00000	0
120	A	0.00000	0	1.00000	0
121	S	0.00000	0	1.00000	0
122	V	0.00000	0	1.00000	0
123	L	0.00000	0	1.00000	0
124	H	0.00000	0	1.00000	0
125	L	0.00000	0	1.00000	0
126	V	0.00000	0	1.00000	0
127	F	0.00000	0	1.00000	0
128	I	0.00000	0	1.00000	0
129	S	0.00001	0	0.99999	0
130	I	0.00002	0	0.99998	0
131	D	0.00041	0	0.99959	0
132	R	0.08438	0	0.91562	0
133	Y	0.57693	0	0.42307	0
134	Y	0.89197	0	0.10803	0
135	A	0.99453	0	0.00547	0
136	V	1.00000	0	0.00000	0
137	C	1.00000	0	0.00000	0
138	Q	1.00000	0	0.00000	0
139	P	1.00000	0	0.00000	0
140	F	1.00000	0	0.00000	0
141	H	1.00000	0	0.00000	0
142	Y	1.00000	0	0.00000	0
143	Q	1.00000	0	0.00000	0
144	S	1.00000	0	0.00000	0
145	R	1.00000	0	0.00000	0
146	M	0.99993	0	0.00007	0
147	T	0.99979	0	0.00021	0
148	T	0.99793	0	0.00207	0
149	R	0.98357	0	0.01643	0
150	V	0.15483	0	0.84517	0
151	S	0.08435	0	0.91565	0
152	V	0.00330	0	0.99670	0
153	F	0.00004	0	0.99996	0
154	M	0.00000	0	1.00000	0
155	I	0.00000	0	1.00000	0
156	L	0.00000	0	1.00000	0
157	I	0.00000	0	1.00000	0
158	S	0.00000	0	1.00000	0
159	W	0.00000	0	1.00000	0
160	S	0.00000	0	1.00000	0
161	F	0.00000	0	1.00000	0
162	S	0.00000	0	1.00000	0
163	A	0.00000	0	1.00000	0
164	F	0.00000	0	1.00000	0
165	F	0.00000	0	1.00000	0
166	G	0.00000	1e-05	0.99999	0
167	F	0.00000	2e-05	0.99998	0
168	G	0.00000	0.00025	0.99975	0
169	I	0.00000	0.00056	0.99944	0
170	I	0.00000	0.00812	0.99188	0
171	F	0.00000	0.07124	0.92876	0
172	S	0.00000	0.78269	0.21731	0
173	E	0.00000	0.9819	0.01810	0
174	L	0.00000	0.98829	0.01171	0
175	K	0.00000	0.99993	0.00007	0
176	I	0.00000	0.99997	0.00003	0
177	E	0.00000	1	0.00000	0
178	K	0.00000	1	0.00000	0
179	K	0.00000	1	0.00000	0
180	R	0.00000	1	0.00000	0
181	T	0.00000	1	0.00000	0
182	E	0.00000	1	0.00000	0
183	E	0.00000	1	0.00000	0
184	L	0.00000	1	0.00000	0
185	H	0.00000	1	0.00000	0
186	V	0.00000	1	0.00000	0
187	A	0.00000	1	0.00000	0
188	C	0.00000	1	0.00000	0
189	K	0.00000	1	0.00000	0
190	G	0.00000	1	0.00000	0
191	G	0.00000	1	0.00000	0
192	C	0.00000	1	0.00000	0
193	L	0.00000	0.99961	0.00039	0
194	A	0.00000	0.99803	0.00197	0
195	L	0.00000	0.99803	0.00197	0
196	H	0.00000	0.99801	0.00199	0
197	G	0.00000	0.998	0.00200	0
198	R	0.00000	0.99798	0.00202	0
199	E	0.00000	0.99657	0.00343	0
200	I	0.00000	0.43841	0.56159	0
201	G	0.00000	0.43236	0.56764	0
202	V	0.00000	0.25635	0.74365	0
203	T	0.00000	0.23839	0.76161	0
204	Y	0.00000	0.04914	0.95086	0
205	S	0.00000	0.02768	0.97232	0
206	L	0.00000	0.02255	0.97745	0
207	V	0.00000	0.00033	0.99967	0
208	F	0.00000	1e-05	0.99999	0
209	Y	0.00000	0	1.00000	0
210	F	0.00000	0	1.00000	0
211	L	0.00000	0	1.00000	0
212	P	0.00000	0	1.00000	0
213	M	0.00000	0	1.00000	0
214	F	0.00000	0	1.00000	0
215	I	0.00000	0	1.00000	0
216	I	0.00000	0	1.00000	0
217	V	0.00001	0	0.99999	0
218	S	0.00056	0	0.99944	0
219	L	0.00067	0	0.99933	0
220	Y	0.00104	0	0.99896	0
221	S	0.00440	0	0.99560	0
222	R	0.00751	0	0.99249	0
223	V	0.00801	0	0.99199	0
224	F	0.01790	0	0.98210	0
225	I	0.10685	0	0.89315	0
226	I	0.18139	0	0.81861	0
227	A	0.94585	0	0.05415	0
228	L	0.95441	0	0.04559	0
229	K	0.99176	0	0.00824	0
230	H	0.99463	0	0.00537	0
231	V	0.99585	0	0.00415	0
232	R	0.99961	0	0.00039	0
233	V	0.99974	0	0.00026	0
234	I	0.99996	0	0.00004	0
235	N	1.00000	0	0.00000	0
236	S	1.00000	0	0.00000	0
237	A	1.00000	0	0.00000	0
238	A	1.00000	0	0.00000	0
239	S	1.00000	0	0.00000	0
240	S	1.00000	0	0.00000	0
241	L	1.00000	0	0.00000	0
242	S	1.00000	0	0.00000	0
243	A	1.00000	0	0.00000	0
244	T	1.00000	0	0.00000	0
245	K	1.00000	0	0.00000	0
246	M	1.00000	0	0.00000	0
247	D	1.00000	0	0.00000	0
248	L	0.55773	0	0.44227	0
249	K	0.55651	0	0.44349	0
250	A	0.48097	0	0.51903	0
251	T	0.47667	0	0.52333	0
252	K	0.47175	0	0.52825	0
253	T	0.46275	0	0.53725	0
254	L	0.00441	0	0.99559	0
255	A	0.00033	0	0.99967	0
256	I	0.00024	0	0.99976	0
257	I	0.00010	0	0.99990	0
258	I	0.00000	0	1.00000	0
259	G	0.00000	0	1.00000	0
260	V	0.00000	0	1.00000	0
261	F	0.00000	0	1.00000	0
262	M	0.00000	0	1.00000	0
263	S	0.00000	0	1.00000	0
264	C	0.00000	0	1.00000	0
265	W	0.00000	0	1.00000	0
266	T	0.00000	0	1.00000	0
267	P	0.00000	2e-05	0.99998	0
268	Y	0.00000	6e-05	0.99994	0
269	F	0.00000	0.00036	0.99964	0
270	M	0.00000	0.03539	0.96461	0
271	C	0.00000	0.40028	0.59972	0
272	N	0.00000	0.45746	0.54254	0
273	I	0.00000	0.47593	0.52407	0
274	I	0.00000	0.51498	0.48502	0
275	D	0.00000	0.90522	0.09478	0
276	P	0.00000	0.90652	0.09348	0
277	I	0.00000	0.91231	0.08769	0
278	V	0.00000	0.93246	0.06754	0
279	N	0.00000	0.98365	0.01635	0
280	H	0.00000	0.9889	0.01110	0
281	T	0.00000	0.99248	0.00752	0
282	I	0.00000	0.99471	0.00529	0
283	P	0.00000	0.99879	0.00121	0
284	A	0.00000	0.99937	0.00063	0
285	L	0.00000	0.99972	0.00028	0
286	L	0.00000	0.99966	0.00034	0
287	Y	0.00000	0.99956	0.00044	0
288	E	0.00000	0.94396	0.05604	0
289	V	0.00000	0.25525	0.74475	0
290	L	0.00000	0.06745	0.93255	0
291	M	0.00000	0.00886	0.99114	0
292	W	0.00000	0.00079	0.99921	0
293	V	0.00000	2e-05	0.99998	0
294	A	0.00000	0	1.00000	0
295	Y	0.00000	0	1.00000	0
296	L	0.00000	0	1.00000	0
297	N	0.00000	0	1.00000	0
298	A	0.00000	0	1.00000	0
299	V	0.00000	0	1.00000	0
300	F	0.00000	0	1.00000	0
301	N	0.00000	0	1.00000	0
302	P	0.00000	0	1.00000	0
303	L	0.00000	0	1.00000	0
304	V	0.00000	0	1.00000	0
305	Y	0.00000	0	1.00000	0
306	A	0.00000	0	1.00000	0
307	F	0.00000	0	1.00000	0
308	F	0.00046	0	0.99954	0
309	Y	0.00838	0	0.99162	0
310	S	0.06617	0	0.93383	0
311	W	0.09976	0	0.90024	0
312	F	0.27584	0	0.72416	0
313	R	1.00000	0	0.00000	0
314	D	1.00000	0	0.00000	0
315	K	1.00000	0	0.00000	0
316	S	1.00000	0	0.00000	0
317	K	1.00000	0	0.00000	0
318	L	1.00000	0	0.00000	0
319	L	1.00000	0	0.00000	0
320	L	1.00000	0	0.00000	0
321	E	1.00000	0	0.00000	0
322	K	1.00000	0	0.00000	0
323	L	1.00000	0	0.00000	0
324	Y	1.00000	0	0.00000	0
325	K	1.00000	0	0.00000	0
326	L	1.00000	0	0.00000	0
327	C	1.00000	0	0.00000	0
