# UNNAMED
#pos	aa	i	o	M	S
1	M	0.00000	0.99999	0.00000	1e-05
2	D	0.00000	0.99999	0.00000	1e-05
3	D	0.00000	0.99999	0.00000	1e-05
4	H	0.00000	0.99999	0.00000	0
5	I	0.00000	0.99999	0.00000	0
6	N	0.00000	0.99999	0.00000	0
7	I	0.00000	0.99999	0.00000	0
8	S	0.00000	0.99999	0.00000	1e-05
9	Q	0.00000	0.99999	0.00000	1e-05
10	T	0.00000	0.99999	0.00000	1e-05
11	E	0.00000	0.99999	0.00000	1e-05
12	S	0.00000	0.99999	0.00000	1e-05
13	W	0.00000	0.99999	0.00000	1e-05
14	E	0.00000	0.99999	0.00000	0
15	K	0.00000	0.99999	0.00000	1e-05
16	P	0.00000	0.99999	0.00000	1e-05
17	L	0.00000	0.99999	0.00000	1e-05
18	L	0.00000	0.99999	0.00000	1e-05
19	C	0.00000	0.99999	0.00000	1e-05
20	Y	0.00000	0.99999	0.00000	0
21	E	0.00000	1	0.00000	0
22	F	0.00000	1	0.00000	0
23	S	0.00000	1	0.00000	0
24	N	0.00000	1	0.00000	0
25	R	0.00000	1	0.00000	0
26	S	0.00000	1	0.00000	0
27	C	0.00000	1	0.00000	0
28	Q	0.00000	1	0.00000	0
29	K	0.00000	1	0.00000	0
30	F	0.00000	1	0.00000	0
31	V	0.00000	1	0.00000	0
32	Y	0.00000	1	0.00000	0
33	P	0.00000	1	0.00000	0
34	L	0.00000	1	0.00000	0
35	D	0.00000	1	0.00000	0
36	T	0.00000	0.99962	0.00038	0
37	R	0.00000	0.97591	0.02409	0
38	I	0.00000	0.27536	0.72464	0
39	L	0.00000	0.18566	0.81434	0
40	L	0.00000	0.07252	0.92748	0
41	Y	0.00000	0.04244	0.95756	0
42	M	0.00000	0.02554	0.97446	0
43	L	0.00000	0.00682	0.99318	0
44	F	0.00000	0.0037	0.99630	0
45	S	0.00000	0.00279	0.99721	0
46	I	0.00000	0.00027	0.99973	0
47	S	0.00000	0.00013	0.99987	0
48	S	0.00000	3e-05	0.99997	0
49	I	0.00000	0	1.00000	0
50	I	0.00000	0	1.00000	0
51	T	0.00000	0	1.00000	0
52	I	0.00000	0	1.00000	0
53	I	0.00000	0	1.00000	0
54	G	0.00000	0	1.00000	0
55	N	0.00000	0	1.00000	0
56	L	0.00000	0	1.00000	0
57	L	0.00000	0	1.00000	0
58	V	0.00000	0	1.00000	0
59	I	0.00002	0	0.99998	0
60	I	0.00240	0	0.99760	0
61	T	0.21036	0	0.78964	0
62	V	0.27396	0	0.72604	0
63	V	0.46476	0	0.53524	0
64	H	0.81043	0	0.18957	0
65	F	0.88259	0	0.11741	0
66	R	0.99716	0	0.00284	0
67	Q	0.99996	0	0.00004	0
68	L	0.99998	0	0.00002	0
69	H	1.00000	0	0.00000	0
70	T	1.00000	0	0.00000	0
71	P	1.00000	0	0.00000	0
72	T	0.93482	0	0.06518	0
73	N	0.18583	0	0.81417	0
74	Y	0.06384	0	0.93616	0
75	L	0.00100	0	0.99900	0
76	I	0.00002	0	0.99998	0
77	L	0.00000	0	1.00000	0
78	S	0.00000	0	1.00000	0
79	L	0.00000	0	1.00000	0
80	A	0.00000	0	1.00000	0
81	V	0.00000	0	1.00000	0
82	A	0.00000	0	1.00000	0
83	D	0.00000	0	1.00000	0
84	L	0.00000	0	1.00000	0
85	L	0.00000	0	1.00000	0
86	V	0.00000	0	1.00000	0
87	G	0.00000	0	1.00000	0
88	G	0.00000	0	1.00000	0
89	V	0.00000	0	1.00000	0
90	V	0.00000	2e-05	0.99998	0
91	M	0.00000	0.00179	0.99821	0
92	P	0.00000	0.05562	0.94438	0
93	P	0.00000	0.20889	0.79111	0
94	S	0.00000	0.45545	0.54455	0
95	M	0.00000	0.50633	0.49367	0
96	L	0.00000	0.6941	0.30590	0
97	R	0.00000	0.99996	0.00004	0
98	S	0.00000	1	0.00000	0
99	I	0.00000	1	0.00000	0
100	E	0.00000	1	0.00000	0
101	T	0.00000	1	0.00000	0
102	C	0.00000	1	0.00000	0
103	W	0.00000	1	0.00000	0
104	Y	0.00000	1	0.00000	0
105	L	0.00000	1	0.00000	0
106	G	0.00000	1	0.00000	0
107	D	0.00000	1	0.00000	0
108	L	0.00000	1	0.00000	0
109	F	0.00000	0.99994	0.00006	0
110	C	0.00000	0.99994	0.00006	0
111	K	0.00000	0.99991	0.00009	0
112	I	0.00000	0.99786	0.00214	0
113	H	0.00000	0.83017	0.16983	0
114	S	0.00000	0.54436	0.45564	0
115	S	0.00000	0.30857	0.69143	0
116	L	0.00000	0.00285	0.99715	0
117	D	0.00000	0.00071	0.99929	0
118	V	0.00000	1e-05	0.99999	0
119	T	0.00000	0	1.00000	0
120	L	0.00000	0	1.00000	0
121	C	0.00000	0	1.00000	0
122	T	0.00000	0	1.00000	0
123	A	0.00000	0	1.00000	0
124	S	0.00000	0	1.00000	0
125	I	0.00000	0	1.00000	0
126	L	0.00000	0	1.00000	0
127	N	0.00000	0	1.00000	0
128	L	0.00000	0	1.00000	0
129	C	0.00000	0	1.00000	0
130	I	0.00000	0	1.00000	0
131	I	0.00000	0	1.00000	0
132	S	0.00000	0	1.00000	0
133	L	0.00000	0	1.00000	0
134	D	0.00004	0	0.99996	0
135	R	0.06779	0	0.93221	0
136	Y	0.44309	0	0.55691	0
137	Y	0.79581	0	0.20419	0
138	A	0.96771	0	0.03229	0
139	I	0.99999	0	0.00001	0
140	C	1.00000	0	0.00000	0
141	H	1.00000	0	0.00000	0
142	P	1.00000	0	0.00000	0
143	F	1.00000	0	0.00000	0
144	Q	1.00000	0	0.00000	0
145	Y	1.00000	0	0.00000	0
146	H	1.00000	0	0.00000	0
147	S	1.00000	0	0.00000	0
148	K	1.00000	0	0.00000	0
149	M	0.99985	0	0.00015	0
150	T	0.99930	0	0.00070	0
151	S	0.98822	0	0.01178	0
152	L	0.73441	0	0.26559	0
153	A	0.53168	0	0.46832	0
154	T	0.36388	0	0.63612	0
155	L	0.02725	0	0.97275	0
156	I	0.00153	0	0.99847	0
157	M	0.00077	0	0.99923	0
158	I	0.00002	0	0.99998	0
159	I	0.00000	0	1.00000	0
160	I	0.00000	0	1.00000	0
161	C	0.00000	0	1.00000	0
162	W	0.00000	0	1.00000	0
163	T	0.00000	0	1.00000	0
164	V	0.00000	0	1.00000	0
165	S	0.00000	0	1.00000	0
166	A	0.00000	0	1.00000	0
167	V	0.00000	0	1.00000	0
168	L	0.00000	0	1.00000	0
169	G	0.00000	1e-05	0.99999	0
170	F	0.00000	3e-05	0.99997	0
171	G	0.00000	0.00047	0.99953	0
172	M	0.00000	0.00087	0.99913	0
173	I	0.00000	0.00715	0.99285	0
174	F	0.00000	0.0313	0.96870	0
175	M	0.00000	0.21925	0.78075	0
176	E	0.00000	0.92736	0.07264	0
177	L	0.00000	0.95776	0.04224	0
178	N	0.00000	0.99589	0.00411	0
179	I	0.00000	0.99767	0.00233	0
180	L	0.00000	0.99912	0.00088	0
181	G	0.00000	0.99996	0.00004	0
182	V	0.00000	0.99999	0.00001	0
183	E	0.00000	1	0.00000	0
184	D	0.00000	1	0.00000	0
185	F	0.00000	1	0.00000	0
186	Y	0.00000	1	0.00000	0
187	Y	0.00000	1	0.00000	0
188	E	0.00000	1	0.00000	0
189	N	0.00000	1	0.00000	0
190	I	0.00000	1	0.00000	0
191	R	0.00000	1	0.00000	0
192	C	0.00000	1	0.00000	0
193	D	0.00000	1	0.00000	0
194	G	0.00000	1	0.00000	0
195	G	0.00000	1	0.00000	0
196	C	0.00000	0.99992	0.00008	0
197	F	0.00000	0.90581	0.09419	0
198	V	0.00000	0.90553	0.09447	0
199	F	0.00000	0.90382	0.09618	0
200	Q	0.00000	0.90349	0.09651	0
201	S	0.00000	0.90326	0.09674	0
202	K	0.00000	0.90271	0.09729	0
203	T	0.00000	0.88806	0.11194	0
204	G	0.00000	0.40009	0.59991	0
205	G	0.00000	0.37122	0.62878	0
206	T	0.00000	0.282	0.71800	0
207	V	0.00000	0.00047	0.99953	0
208	F	0.00000	7e-05	0.99993	0
209	S	0.00000	0	1.00000	0
210	L	0.00000	0	1.00000	0
211	I	0.00000	0	1.00000	0
212	C	0.00000	0	1.00000	0
213	F	0.00000	0	1.00000	0
214	Y	0.00000	0	1.00000	0
215	I	0.00000	0	1.00000	0
216	P	0.00000	0	1.00000	0
217	A	0.00000	0	1.00000	0
218	F	0.00000	0	1.00000	0
219	V	0.00005	0	0.99995	0
220	M	0.00019	0	0.99981	0
221	L	0.00041	0	0.99959	0
222	G	0.01351	0	0.98649	0
223	V	0.01845	0	0.98155	0
224	Y	0.03025	0	0.96975	0
225	L	0.05752	0	0.94248	0
226	K	0.13343	0	0.86657	0
227	I	0.13903	0	0.86097	0
228	L	0.25415	0	0.74585	0
229	H	0.91006	0	0.08994	0
230	E	0.99657	0	0.00343	0
231	A	0.99972	0	0.00028	0
232	Q	1.00000	0	0.00000	0
233	R	1.00000	0	0.00000	0
234	Q	1.00000	0	0.00000	0
235	V	1.00000	0	0.00000	0
236	Q	1.00000	0	0.00000	0
237	A	1.00000	0	0.00000	0
238	I	1.00000	0	0.00000	0
239	Q	1.00000	0	0.00000	0
240	S	1.00000	0	0.00000	0
241	V	1.00000	0	0.00000	0
242	N	1.00000	0	0.00000	0
243	S	1.00000	0	0.00000	0
244	E	1.00000	0	0.00000	0
245	L	1.00000	0	0.00000	0
246	K	1.00000	0	0.00000	0
247	K	1.00000	0	0.00000	0
248	E	1.00000	0	0.00000	0
249	G	0.99355	0	0.00645	0
250	K	0.99329	0	0.00671	0
251	A	0.97107	0	0.02893	0
252	T	0.96912	0	0.03088	0
253	K	0.96611	0	0.03389	0
254	T	0.77237	0	0.22763	0
255	L	0.01409	0	0.98591	0
256	A	0.00080	0	0.99920	0
257	I	0.00027	0	0.99973	0
258	I	0.00026	0	0.99974	0
259	M	0.00002	0	0.99998	0
260	G	0.00001	0	0.99999	0
261	V	0.00000	0	1.00000	0
262	F	0.00000	0	1.00000	0
263	L	0.00000	0	1.00000	0
264	T	0.00000	0	1.00000	0
265	F	0.00000	0	1.00000	0
266	W	0.00000	0	1.00000	0
267	I	0.00000	0	1.00000	0
268	P	0.00000	0	1.00000	0
269	F	0.00000	0	1.00000	0
270	F	0.00000	6e-05	0.99994	0
271	L	0.00000	0.00085	0.99915	0
272	C	0.00000	0.0105	0.98950	0
273	N	0.00000	0.01325	0.98675	0
274	L	0.00000	0.01565	0.98435	0
275	I	0.00000	0.06301	0.93699	0
276	D	0.00000	0.59195	0.40805	0
277	P	0.00000	0.59459	0.40541	0
278	L	0.00000	0.60592	0.39408	0
279	I	0.00000	0.65453	0.34547	0
280	G	0.00000	0.79454	0.20546	0
281	Y	0.00000	0.82874	0.17126	0
282	S	0.00000	0.90486	0.09514	0
283	V	0.00000	0.94502	0.05498	0
284	P	0.00000	0.98988	0.01012	0
285	S	0.00000	0.99615	0.00385	0
286	L	0.00000	0.99711	0.00289	0
287	V	0.00000	0.99738	0.00262	0
288	F	0.00000	0.9976	0.00240	0
289	D	0.00000	0.979	0.02100	0
290	L	0.00000	0.02837	0.97163	0
291	F	0.00000	0.00769	0.99231	0
292	L	0.00000	0.00108	0.99892	0
293	W	0.00000	8e-05	0.99992	0
294	V	0.00000	0	1.00000	0
295	G	0.00000	0	1.00000	0
296	Y	0.00000	0	1.00000	0
297	Y	0.00000	0	1.00000	0
298	N	0.00000	0	1.00000	0
299	S	0.00000	0	1.00000	0
300	T	0.00000	0	1.00000	0
301	C	0.00000	0	1.00000	0
302	N	0.00000	0	1.00000	0
303	P	0.00000	0	1.00000	0
304	I	0.00000	0	1.00000	0
305	V	0.00000	0	1.00000	0
306	Y	0.00000	0	1.00000	0
307	A	0.00002	0	0.99998	0
308	F	0.00004	0	0.99996	0
309	F	0.00284	0	0.99716	0
310	Y	0.07505	0	0.92495	0
311	S	0.34316	0	0.65684	0
312	W	0.48045	0	0.51955	0
313	F	0.83427	0	0.16573	0
314	R	1.00000	0	0.00000	0
315	H	1.00000	0	0.00000	0
316	A	1.00000	0	0.00000	0
317	F	1.00000	0	0.00000	0
318	R	1.00000	0	0.00000	0
319	V	1.00000	0	0.00000	0
320	I	1.00000	0	0.00000	0
321	L	1.00000	0	0.00000	0
322	S	1.00000	0	0.00000	0
323	K	1.00000	0	0.00000	0
324	R	1.00000	0	0.00000	0
325	V	1.00000	0	0.00000	0
326	F	1.00000	0	0.00000	0
327	Q	1.00000	0	0.00000	0
328	T	1.00000	0	0.00000	0
329	N	1.00000	0	0.00000	0
330	S	1.00000	0	0.00000	0
331	S	1.00000	0	0.00000	0
332	R	1.00000	0	0.00000	0
333	T	1.00000	0	0.00000	0
334	I	1.00000	0	0.00000	0
335	L	1.00000	0	0.00000	0
336	M	1.00000	0	0.00000	0
