# UNNAMED
#pos	aa	i	o	M	S
1	M	0.00000	0.91628	0.00000	0.08372
2	G	0.00000	0.91628	0.00000	0.08371
3	A	0.00000	0.91628	0.00000	0.08371
4	G	0.00000	0.91628	0.00000	0.08372
5	V	0.00000	0.91628	0.00000	0.08371
6	L	0.00000	0.91628	0.00000	0.08371
7	A	0.00000	0.91628	0.00000	0.08371
8	L	0.00000	0.91628	0.00000	0.08371
9	G	0.00000	0.91628	0.00000	0.08372
10	A	0.00000	0.91628	0.00000	0.08371
11	S	0.00000	0.91628	0.00000	0.08372
12	E	0.00000	0.91628	0.00000	0.08372
13	P	0.00000	0.91628	0.00000	0.08371
14	C	0.00000	0.91631	0.00000	0.08369
15	N	0.00000	0.91632	0.00000	0.08368
16	L	0.00000	0.91633	0.00000	0.08368
17	S	0.00000	0.91651	0.00000	0.08349
18	S	0.00000	0.97789	0.00000	0.02211
19	T	0.00000	0.97979	0.00000	0.02021
20	A	0.00000	0.99947	0.00000	0.00053
21	P	0.00000	0.99948	0.00000	0.00051
22	L	0.00000	0.99948	0.00000	0.00051
23	P	0.00000	0.99949	0.00000	0.00052
24	D	0.00000	0.99949	0.00000	0.00051
25	G	0.00000	0.99949	0.00000	0.00051
26	A	0.00000	0.99949	0.00000	0.00051
27	A	0.00000	0.99949	0.00000	0.00051
28	T	0.00000	0.99969	0.00000	0.00031
29	A	0.00000	0.99986	0.00000	0.00014
30	A	0.00000	0.99999	0.00000	1e-05
31	R	0.00000	1	0.00000	0
32	L	0.00000	1	0.00000	0
33	L	0.00000	1	0.00000	0
34	V	0.00000	1	0.00000	0
35	P	0.00000	1	0.00000	0
36	A	0.00000	1	0.00000	0
37	S	0.00000	1	0.00000	0
38	P	0.00000	1	0.00000	0
39	P	0.00000	1	0.00000	0
40	A	0.00000	1	0.00000	0
41	S	0.00000	1	0.00000	0
42	L	0.00000	1	0.00000	0
43	L	0.00000	1	0.00000	0
44	P	0.00000	1	0.00000	0
45	P	0.00000	1	0.00000	0
46	T	0.00000	1	0.00000	0
47	S	0.00000	1	0.00000	0
48	E	0.00000	1	0.00000	0
49	G	0.00000	1	0.00000	0
50	S	0.00000	1	0.00000	0
51	E	0.00000	1	0.00000	0
52	P	0.00000	1	0.00000	0
53	L	0.00000	0.99783	0.00217	0
54	S	0.00000	0.99312	0.00688	0
55	P	0.00000	0.96725	0.03275	0
56	Q	0.00000	0.90187	0.09813	0
57	W	0.00000	0.56856	0.43144	0
58	T	0.00000	0.52118	0.47882	0
59	A	0.00000	0.48228	0.51772	0
60	G	0.00000	0.45347	0.54653	0
61	M	0.00000	0.41666	0.58334	0
62	G	0.00000	0.28068	0.71932	0
63	L	0.00000	0.14278	0.85722	0
64	L	0.00000	0.04046	0.95954	0
65	M	0.00000	0.01316	0.98684	0
66	V	0.00000	0.00026	0.99974	0
67	L	0.00000	1e-05	0.99999	0
68	I	0.00000	0	1.00000	0
69	V	0.00000	0	1.00000	0
70	L	0.00000	0	1.00000	0
71	L	0.00000	0	1.00000	0
72	I	0.00000	0	1.00000	0
73	V	0.00000	0	1.00000	0
74	A	0.00000	0	1.00000	0
75	G	0.00000	0	1.00000	0
76	N	0.00000	0	1.00000	0
77	V	0.00000	0	1.00000	0
78	L	0.00000	0	1.00000	0
79	V	0.00000	0	1.00000	0
80	I	0.00003	0	0.99997	0
81	V	0.00186	0	0.99814	0
82	A	0.03828	0	0.96172	0
83	I	0.08882	0	0.91118	0
84	A	0.52590	0	0.47410	0
85	K	0.99214	0	0.00786	0
86	T	0.99922	0	0.00078	0
87	P	0.99998	0	0.00002	0
88	R	1.00000	0	0.00000	0
89	L	0.99999	0	0.00001	0
90	Q	0.99996	0	0.00004	0
91	T	0.99906	0	0.00094	0
92	L	0.97132	0	0.02868	0
93	T	0.94281	0	0.05719	0
94	N	0.15642	0	0.84358	0
95	L	0.02302	0	0.97698	0
96	F	0.00016	0	0.99984	0
97	I	0.00000	0	1.00000	0
98	M	0.00000	0	1.00000	0
99	S	0.00000	0	1.00000	0
100	L	0.00000	0	1.00000	0
101	A	0.00000	0	1.00000	0
102	S	0.00000	0	1.00000	0
103	A	0.00000	0	1.00000	0
104	D	0.00000	0	1.00000	0
105	L	0.00000	0	1.00000	0
106	V	0.00000	0	1.00000	0
107	M	0.00000	0	1.00000	0
108	G	0.00000	0	1.00000	0
109	L	0.00000	0	1.00000	0
110	L	0.00000	0	1.00000	0
111	V	0.00000	7e-05	0.99993	0
112	V	0.00000	0.00085	0.99915	0
113	P	0.00000	0.00845	0.99155	0
114	F	0.00000	0.02799	0.97201	0
115	G	0.00000	0.23832	0.76168	0
116	A	0.00000	0.58318	0.41682	0
117	T	0.00000	0.91059	0.08941	0
118	I	0.00000	0.99888	0.00112	0
119	V	0.00000	0.99911	0.00089	0
120	V	0.00000	0.99938	0.00062	0
121	W	0.00000	0.99955	0.00045	0
122	G	0.00000	0.99985	0.00015	0
123	R	0.00000	0.99999	0.00001	0
124	W	0.00000	1	0.00000	0
125	E	0.00000	1	0.00000	0
126	Y	0.00000	1	0.00000	0
127	G	0.00000	1	0.00000	0
128	S	0.00000	1	0.00000	0
129	F	0.00000	1	0.00000	0
130	F	0.00000	1	0.00000	0
131	C	0.00000	1	0.00000	0
132	E	0.00000	1	0.00000	0
133	L	0.00000	0.99947	0.00053	0
134	W	0.00000	0.94158	0.05842	0
135	T	0.00000	0.62397	0.37603	0
136	S	0.00000	0.09613	0.90387	0
137	V	0.00000	0.02682	0.97318	0
138	D	0.00000	0.00736	0.99264	0
139	V	0.00000	0.00017	0.99983	0
140	L	0.00000	0	1.00000	0
141	C	0.00000	0	1.00000	0
142	V	0.00000	0	1.00000	0
143	T	0.00000	0	1.00000	0
144	A	0.00000	0	1.00000	0
145	S	0.00000	0	1.00000	0
146	I	0.00000	0	1.00000	0
147	E	0.00000	0	1.00000	0
148	T	0.00000	0	1.00000	0
149	L	0.00000	0	1.00000	0
150	C	0.00000	0	1.00000	0
151	V	0.00000	0	1.00000	0
152	I	0.00000	0	1.00000	0
153	A	0.00000	0	1.00000	0
154	L	0.00000	0	1.00000	0
155	D	0.00001	0	0.99999	0
156	R	0.03042	0	0.96958	0
157	Y	0.22343	0	0.77657	0
158	L	0.72944	0	0.27056	0
159	A	0.94423	0	0.05577	0
160	I	0.99995	0	0.00005	0
161	T	1.00000	0	0.00000	0
162	S	1.00000	0	0.00000	0
163	P	1.00000	0	0.00000	0
164	F	1.00000	0	0.00000	0
165	R	1.00000	0	0.00000	0
166	Y	1.00000	0	0.00000	0
167	Q	1.00000	0	0.00000	0
168	S	1.00000	0	0.00000	0
169	L	1.00000	0	0.00000	0
170	L	1.00000	0	0.00000	0
171	T	1.00000	0	0.00000	0
172	R	1.00000	0	0.00000	0
173	A	0.99960	0	0.00040	0
174	R	0.99859	0	0.00141	0
175	A	0.89582	0	0.10418	0
176	R	0.78309	0	0.21691	0
177	V	0.03117	0	0.96883	0
178	L	0.00248	0	0.99752	0
179	V	0.00002	0	0.99998	0
180	C	0.00000	0	1.00000	0
181	T	0.00000	0	1.00000	0
182	V	0.00000	0	1.00000	0
183	W	0.00000	0	1.00000	0
184	A	0.00000	0	1.00000	0
185	I	0.00000	0	1.00000	0
186	S	0.00000	0	1.00000	0
187	A	0.00000	0	1.00000	0
188	L	0.00000	0	1.00000	0
189	V	0.00000	0	1.00000	0
190	S	0.00000	0	1.00000	0
191	F	0.00000	0	1.00000	0
192	L	0.00000	0	1.00000	0
193	P	0.00000	1e-05	0.99999	0
194	I	0.00000	4e-05	0.99996	0
195	L	0.00000	0.00096	0.99904	0
196	M	0.00000	0.02072	0.97928	0
197	H	0.00000	0.29536	0.70464	0
198	W	0.00000	0.4527	0.54730	0
199	W	0.00000	0.78992	0.21008	0
200	R	0.00000	0.99606	0.00394	0
201	A	0.00000	0.99909	0.00091	0
202	E	0.00000	1	0.00000	0
203	G	0.00000	1	0.00000	0
204	D	0.00000	1	0.00000	0
205	E	0.00000	1	0.00000	0
206	A	0.00000	1	0.00000	0
207	R	0.00000	1	0.00000	0
208	R	0.00000	1	0.00000	0
209	C	0.00000	1	0.00000	0
210	Y	0.00000	1	0.00000	0
211	N	0.00000	1	0.00000	0
212	D	0.00000	1	0.00000	0
213	P	0.00000	1	0.00000	0
214	K	0.00000	1	0.00000	0
215	C	0.00000	1	0.00000	0
216	C	0.00000	1	0.00000	0
217	D	0.00000	1	0.00000	0
218	F	0.00000	0.99997	0.00003	0
219	V	0.00000	0.9999	0.00010	0
220	T	0.00000	0.99983	0.00017	0
221	N	0.00000	0.99973	0.00027	0
222	R	0.00000	0.99644	0.00356	0
223	A	0.00000	0.27905	0.72095	0
224	Y	0.00000	0.03403	0.96597	0
225	A	0.00000	0.00737	0.99263	0
226	I	0.00000	0.00208	0.99792	0
227	A	0.00000	1e-05	0.99999	0
228	S	0.00000	1e-05	0.99999	0
229	S	0.00000	0	1.00000	0
230	V	0.00000	0	1.00000	0
231	V	0.00000	0	1.00000	0
232	S	0.00000	0	1.00000	0
233	F	0.00000	0	1.00000	0
234	Y	0.00000	0	1.00000	0
235	V	0.00000	0	1.00000	0
236	P	0.00000	0	1.00000	0
237	L	0.00000	0	1.00000	0
238	C	0.00000	0	1.00000	0
239	I	0.00000	0	1.00000	0
240	M	0.00000	0	1.00000	0
241	A	0.00000	0	1.00000	0
242	F	0.00000	0	1.00000	0
243	V	0.00000	0	1.00000	0
244	Y	0.00021	0	0.99979	0
245	L	0.00972	0	0.99028	0
246	R	0.17814	0	0.82186	0
247	V	0.19643	0	0.80357	0
248	F	0.30379	0	0.69621	0
249	R	0.99477	0	0.00523	0
250	E	0.99992	0	0.00008	0
251	A	1.00000	0	0.00000	0
252	Q	1.00000	0	0.00000	0
253	K	1.00000	0	0.00000	0
254	Q	1.00000	0	0.00000	0
255	V	1.00000	0	0.00000	0
256	K	1.00000	0	0.00000	0
257	K	1.00000	0	0.00000	0
258	I	1.00000	0	0.00000	0
259	D	1.00000	0	0.00000	0
260	S	1.00000	0	0.00000	0
261	C	1.00000	0	0.00000	0
262	E	1.00000	0	0.00000	0
263	R	1.00000	0	0.00000	0
264	R	1.00000	0	0.00000	0
265	F	1.00000	0	0.00000	0
266	L	1.00000	0	0.00000	0
267	G	1.00000	0	0.00000	0
268	G	1.00000	0	0.00000	0
269	P	1.00000	0	0.00000	0
270	G	1.00000	0	0.00000	0
271	R	1.00000	0	0.00000	0
272	P	1.00000	0	0.00000	0
273	P	1.00000	0	0.00000	0
274	S	1.00000	0	0.00000	0
275	P	1.00000	0	0.00000	0
276	V	1.00000	0	0.00000	0
277	P	1.00000	0	0.00000	0
278	S	1.00000	0	0.00000	0
279	P	1.00000	0	0.00000	0
280	T	1.00000	0	0.00000	0
281	P	1.00000	0	0.00000	0
282	G	1.00000	0	0.00000	0
283	S	1.00000	0	0.00000	0
284	P	1.00000	0	0.00000	0
285	R	1.00000	0	0.00000	0
286	A	1.00000	0	0.00000	0
287	A	1.00000	0	0.00000	0
288	T	1.00000	0	0.00000	0
289	D	1.00000	0	0.00000	0
290	P	1.00000	0	0.00000	0
291	L	1.00000	0	0.00000	0
292	A	1.00000	0	0.00000	0
293	N	1.00000	0	0.00000	0
294	G	1.00000	0	0.00000	0
295	R	1.00000	0	0.00000	0
296	T	1.00000	0	0.00000	0
297	S	1.00000	0	0.00000	0
298	K	1.00000	0	0.00000	0
299	R	1.00000	0	0.00000	0
300	R	1.00000	0	0.00000	0
301	P	1.00000	0	0.00000	0
302	S	1.00000	0	0.00000	0
303	R	1.00000	0	0.00000	0
304	L	1.00000	0	0.00000	0
305	V	1.00000	0	0.00000	0
306	A	1.00000	0	0.00000	0
307	L	1.00000	0	0.00000	0
308	R	1.00000	0	0.00000	0
309	E	1.00000	0	0.00000	0
310	Q	0.99314	0	0.00686	0
311	K	0.99134	0	0.00866	0
312	A	0.10966	0	0.89034	0
313	L	0.10693	0	0.89307	0
314	K	0.10640	0	0.89360	0
315	T	0.07876	0	0.92124	0
316	L	0.00076	0	0.99924	0
317	G	0.00007	0	0.99993	0
318	I	0.00003	0	0.99997	0
319	I	0.00000	0	1.00000	0
320	M	0.00000	0	1.00000	0
321	G	0.00000	0	1.00000	0
322	V	0.00000	0	1.00000	0
323	F	0.00000	0	1.00000	0
324	T	0.00000	0	1.00000	0
325	L	0.00000	0	1.00000	0
326	C	0.00000	0	1.00000	0
327	W	0.00000	0	1.00000	0
328	L	0.00000	0	1.00000	0
329	P	0.00000	0	1.00000	0
330	F	0.00000	0	1.00000	0
331	F	0.00000	0	1.00000	0
332	L	0.00000	0.0015	0.99850	0
333	A	0.00000	0.03158	0.96842	0
334	N	0.00000	0.20554	0.79446	0
335	V	0.00000	0.2797	0.72030	0
336	V	0.00000	0.48298	0.51702	0
337	K	0.00000	0.95339	0.04661	0
338	A	0.00000	0.95857	0.04143	0
339	F	0.00000	0.96617	0.03383	0
340	H	0.00000	0.99218	0.00782	0
341	R	0.00000	0.99971	0.00029	0
342	D	0.00000	1	0.00000	0
343	L	0.00000	0.99949	0.00051	0
344	V	0.00000	0.99898	0.00102	0
345	P	0.00000	0.99865	0.00135	0
346	D	0.00000	0.98956	0.01044	0
347	R	0.00000	0.74753	0.25247	0
348	L	0.00000	0.18156	0.81844	0
349	F	0.00000	0.14781	0.85219	0
350	V	0.00000	0.00113	0.99887	0
351	F	0.00000	0	1.00000	0
352	F	0.00000	0	1.00000	0
353	N	0.00000	0	1.00000	0
354	W	0.00000	0	1.00000	0
355	L	0.00000	0	1.00000	0
356	G	0.00000	0	1.00000	0
357	Y	0.00000	0	1.00000	0
358	A	0.00000	0	1.00000	0
359	N	0.00000	0	1.00000	0
360	S	0.00000	0	1.00000	0
361	A	0.00000	0	1.00000	0
362	F	0.00000	0	1.00000	0
363	N	0.00000	0	1.00000	0
364	P	0.00000	0	1.00000	0
365	I	0.00000	0	1.00000	0
366	I	0.00002	0	0.99998	0
367	Y	0.00152	0	0.99848	0
368	C	0.03041	0	0.96959	0
369	R	1.00000	0	0.00000	0
370	S	1.00000	0	0.00000	0
371	P	1.00000	0	0.00000	0
372	D	1.00000	0	0.00000	0
373	F	1.00000	0	0.00000	0
374	R	1.00000	0	0.00000	0
375	K	1.00000	0	0.00000	0
376	A	1.00000	0	0.00000	0
377	F	1.00000	0	0.00000	0
378	Q	1.00000	0	0.00000	0
379	R	1.00000	0	0.00000	0
380	L	1.00000	0	0.00000	0
381	L	1.00000	0	0.00000	0
382	C	1.00000	0	0.00000	0
383	C	1.00000	0	0.00000	0
384	A	1.00000	0	0.00000	0
385	R	1.00000	0	0.00000	0
386	R	1.00000	0	0.00000	0
387	A	1.00000	0	0.00000	0
388	A	1.00000	0	0.00000	0
389	R	1.00000	0	0.00000	0
390	R	1.00000	0	0.00000	0
391	R	1.00000	0	0.00000	0
392	H	1.00000	0	0.00000	0
393	T	1.00000	0	0.00000	0
394	A	1.00000	0	0.00000	0
395	H	1.00000	0	0.00000	0
396	G	1.00000	0	0.00000	0
397	G	1.00000	0	0.00000	0
398	R	1.00000	0	0.00000	0
399	P	1.00000	0	0.00000	0
400	R	1.00000	0	0.00000	0
401	A	1.00000	0	0.00000	0
402	S	1.00000	0	0.00000	0
403	G	1.00000	0	0.00000	0
404	C	1.00000	0	0.00000	0
405	L	1.00000	0	0.00000	0
406	A	1.00000	0	0.00000	0
407	R	1.00000	0	0.00000	0
408	S	1.00000	0	0.00000	0
409	G	1.00000	0	0.00000	0
410	P	1.00000	0	0.00000	0
411	P	1.00000	0	0.00000	0
412	P	1.00000	0	0.00000	0
413	S	1.00000	0	0.00000	0
414	P	1.00000	0	0.00000	0
415	G	1.00000	0	0.00000	0
416	A	1.00000	0	0.00000	0
417	A	1.00000	0	0.00000	0
418	S	1.00000	0	0.00000	0
419	D	1.00000	0	0.00000	0
420	E	1.00000	0	0.00000	0
421	D	1.00000	0	0.00000	0
422	E	1.00000	0	0.00000	0
423	D	1.00000	0	0.00000	0
424	A	1.00000	0	0.00000	0
425	V	1.00000	0	0.00000	0
426	G	1.00000	0	0.00000	0
427	A	1.00000	0	0.00000	0
428	A	1.00000	0	0.00000	0
429	P	1.00000	0	0.00000	0
430	P	1.00000	0	0.00000	0
431	A	1.00000	0	0.00000	0
432	R	1.00000	0	0.00000	0
433	L	1.00000	0	0.00000	0
434	L	1.00000	0	0.00000	0
435	E	1.00000	0	0.00000	0
436	P	1.00000	0	0.00000	0
437	W	1.00000	0	0.00000	0
438	A	1.00000	0	0.00000	0
439	G	1.00000	0	0.00000	0
440	C	1.00000	0	0.00000	0
441	N	1.00000	0	0.00000	0
442	G	1.00000	0	0.00000	0
443	G	1.00000	0	0.00000	0
444	A	1.00000	0	0.00000	0
445	A	1.00000	0	0.00000	0
446	T	1.00000	0	0.00000	0
447	A	1.00000	0	0.00000	0
448	D	1.00000	0	0.00000	0
449	S	1.00000	0	0.00000	0
450	D	1.00000	0	0.00000	0
451	W	1.00000	0	0.00000	0
452	S	1.00000	0	0.00000	0
453	L	1.00000	0	0.00000	0
454	D	1.00000	0	0.00000	0
455	E	1.00000	0	0.00000	0
456	P	1.00000	0	0.00000	0
457	G	1.00000	0	0.00000	0
458	R	1.00000	0	0.00000	0
459	A	1.00000	0	0.00000	0
460	G	1.00000	0	0.00000	0
461	F	1.00000	0	0.00000	0
462	A	1.00000	0	0.00000	0
463	S	1.00000	0	0.00000	0
464	E	1.00000	0	0.00000	0
465	S	1.00000	0	0.00000	0
466	K	1.00000	0	0.00000	0
467	V	1.00000	0	0.00000	0
