# UNNAMED
#pos	aa	i	o	M	S
1	M	0.00000	0.99996	0.00000	4e-05
2	D	0.00000	0.99996	0.00000	4e-05
3	T	0.00000	0.99996	0.00000	4e-05
4	V	0.00000	0.99996	0.00000	4e-05
5	L	0.00000	0.99996	0.00000	4e-05
6	S	0.00000	0.99996	0.00000	4e-05
7	Q	0.00000	0.99996	0.00000	4e-05
8	G	0.00000	0.99996	0.00000	4e-05
9	S	0.00000	0.99996	0.00000	4e-05
10	E	0.00000	0.99996	0.00000	4e-05
11	E	0.00000	0.99996	0.00000	4e-05
12	R	0.00000	0.99996	0.00000	3e-05
13	P	0.00000	0.99996	0.00000	4e-05
14	T	0.00000	0.99996	0.00000	4e-05
15	T	0.00000	0.99996	0.00000	4e-05
16	F	0.00000	0.99996	0.00000	4e-05
17	C	0.00000	0.99996	0.00000	4e-05
18	Y	0.00000	1	0.00000	0
19	Q	0.00000	1	0.00000	0
20	V	0.00000	1	0.00000	0
21	N	0.00000	1	0.00000	0
22	G	0.00000	1	0.00000	0
23	S	0.00000	1	0.00000	0
24	C	0.00000	1	0.00000	0
25	P	0.00000	1	0.00000	0
26	R	0.00000	1	0.00000	0
27	T	0.00000	1	0.00000	0
28	V	0.00000	1	0.00000	0
29	H	0.00000	1	0.00000	0
30	P	0.00000	1	0.00000	0
31	L	0.00000	1	0.00000	0
32	D	0.00000	1	0.00000	0
33	I	0.00000	0.98893	0.01107	0
34	Q	0.00000	0.86885	0.13115	0
35	L	0.00000	0.36736	0.63264	0
36	A	0.00000	0.04743	0.95257	0
37	I	0.00000	0.00972	0.99028	0
38	Y	0.00000	0.00533	0.99467	0
39	M	0.00000	0.00414	0.99586	0
40	A	0.00000	0.00289	0.99711	0
41	C	0.00000	0.00249	0.99751	0
42	A	0.00000	0.00125	0.99875	0
43	V	0.00000	0.00032	0.99968	0
44	G	0.00000	0.00015	0.99985	0
45	M	0.00000	6e-05	0.99994	0
46	L	0.00000	0	1.00000	0
47	I	0.00000	0	1.00000	0
48	T	0.00000	0	1.00000	0
49	V	0.00000	0	1.00000	0
50	L	0.00000	0	1.00000	0
51	G	0.00000	0	1.00000	0
52	N	0.00000	0	1.00000	0
53	L	0.00000	0	1.00000	0
54	F	0.00000	0	1.00000	0
55	V	0.00000	0	1.00000	0
56	V	0.00005	0	0.99995	0
57	F	0.00192	0	0.99808	0
58	A	0.12197	0	0.87803	0
59	V	0.36454	0	0.63546	0
60	S	0.82193	0	0.17807	0
61	Y	0.86978	0	0.13022	0
62	F	0.92200	0	0.07800	0
63	K	0.99842	0	0.00158	0
64	V	0.99915	0	0.00085	0
65	L	0.99949	0	0.00051	0
66	H	1.00000	0	0.00000	0
67	T	1.00000	0	0.00000	0
68	P	1.00000	0	0.00000	0
69	T	0.93211	0	0.06789	0
70	N	0.12973	0	0.87027	0
71	F	0.01545	0	0.98455	0
72	L	0.00023	0	0.99977	0
73	L	0.00002	0	0.99998	0
74	L	0.00000	0	1.00000	0
75	S	0.00000	0	1.00000	0
76	L	0.00000	0	1.00000	0
77	A	0.00000	0	1.00000	0
78	L	0.00000	0	1.00000	0
79	A	0.00000	0	1.00000	0
80	D	0.00000	0	1.00000	0
81	M	0.00000	0	1.00000	0
82	F	0.00000	0	1.00000	0
83	L	0.00000	0	1.00000	0
84	G	0.00000	0	1.00000	0
85	L	0.00000	0	1.00000	0
86	L	0.00000	0	1.00000	0
87	V	0.00000	1e-05	0.99999	0
88	L	0.00000	0.00053	0.99947	0
89	P	0.00000	0.01938	0.98062	0
90	L	0.00000	0.07164	0.92836	0
91	S	0.00000	0.51662	0.48338	0
92	T	0.00000	0.69254	0.30746	0
93	I	0.00000	0.74955	0.25045	0
94	R	0.00000	0.99993	0.00007	0
95	S	0.00000	0.99996	0.00004	0
96	V	0.00000	0.99997	0.00003	0
97	E	0.00000	1	0.00000	0
98	S	0.00000	1	0.00000	0
99	C	0.00000	1	0.00000	0
100	W	0.00000	1	0.00000	0
101	F	0.00000	1	0.00000	0
102	F	0.00000	1	0.00000	0
103	G	0.00000	1	0.00000	0
104	D	0.00000	1	0.00000	0
105	F	0.00000	0.99997	0.00003	0
106	L	0.00000	0.99974	0.00026	0
107	C	0.00000	0.99967	0.00033	0
108	R	0.00000	0.99394	0.00606	0
109	L	0.00000	0.9864	0.01360	0
110	H	0.00000	0.31664	0.68336	0
111	T	0.00000	0.18254	0.81746	0
112	Y	0.00000	0.04745	0.95255	0
113	L	0.00000	0.00014	0.99986	0
114	D	0.00000	3e-05	0.99997	0
115	T	0.00000	0	1.00000	0
116	L	0.00000	0	1.00000	0
117	F	0.00000	0	1.00000	0
118	C	0.00000	0	1.00000	0
119	L	0.00000	0	1.00000	0
120	T	0.00000	0	1.00000	0
121	S	0.00000	0	1.00000	0
122	I	0.00000	0	1.00000	0
123	F	0.00000	0	1.00000	0
124	H	0.00000	0	1.00000	0
125	L	0.00000	0	1.00000	0
126	C	0.00000	0	1.00000	0
127	F	0.00000	0	1.00000	0
128	I	0.00000	0	1.00000	0
129	S	0.00000	0	1.00000	0
130	I	0.00001	0	0.99999	0
131	D	0.00012	0	0.99988	0
132	R	0.16593	0	0.83407	0
133	H	0.95163	0	0.04837	0
134	C	0.99639	0	0.00361	0
135	A	0.99962	0	0.00038	0
136	I	1.00000	0	0.00000	0
137	C	1.00000	0	0.00000	0
138	E	1.00000	0	0.00000	0
139	P	1.00000	0	0.00000	0
140	L	1.00000	0	0.00000	0
141	I	1.00000	0	0.00000	0
142	Y	1.00000	0	0.00000	0
143	P	1.00000	0	0.00000	0
144	S	1.00000	0	0.00000	0
145	K	1.00000	0	0.00000	0
146	F	0.99999	0	0.00001	0
147	T	0.99998	0	0.00002	0
148	V	0.99982	0	0.00018	0
149	R	0.99435	0	0.00565	0
150	V	0.11344	0	0.88656	0
151	A	0.04505	0	0.95495	0
152	V	0.00132	0	0.99868	0
153	R	0.00063	0	0.99937	0
154	Y	0.00001	0	0.99999	0
155	I	0.00000	0	1.00000	0
156	L	0.00000	0	1.00000	0
157	A	0.00000	0	1.00000	0
158	G	0.00000	0	1.00000	0
159	W	0.00000	0	1.00000	0
160	G	0.00000	0	1.00000	0
161	I	0.00000	0	1.00000	0
162	P	0.00000	0	1.00000	0
163	A	0.00000	0	1.00000	0
164	A	0.00000	0	1.00000	0
165	Y	0.00000	0	1.00000	0
166	T	0.00000	0	1.00000	0
167	A	0.00000	0	1.00000	0
168	F	0.00000	1e-05	0.99999	0
169	F	0.00000	0.0026	0.99740	0
170	L	0.00000	0.09732	0.90268	0
171	Y	0.00000	0.4358	0.56420	0
172	T	0.00000	0.88973	0.11027	0
173	D	0.00000	0.99952	0.00048	0
174	V	0.00000	0.99964	0.00036	0
175	V	0.00000	0.99979	0.00021	0
176	E	0.00000	1	0.00000	0
177	N	0.00000	1	0.00000	0
178	G	0.00000	1	0.00000	0
179	L	0.00000	1	0.00000	0
180	S	0.00000	1	0.00000	0
181	Q	0.00000	1	0.00000	0
182	W	0.00000	1	0.00000	0
183	L	0.00000	1	0.00000	0
184	E	0.00000	1	0.00000	0
185	E	0.00000	1	0.00000	0
186	M	0.00000	1	0.00000	0
187	P	0.00000	1	0.00000	0
188	C	0.00000	1	0.00000	0
189	V	0.00000	1	0.00000	0
190	G	0.00000	1	0.00000	0
191	S	0.00000	1	0.00000	0
192	C	0.00000	0.99999	0.00001	0
193	Q	0.00000	0.98911	0.01089	0
194	L	0.00000	0.98887	0.01113	0
195	L	0.00000	0.98844	0.01156	0
196	F	0.00000	0.98722	0.01278	0
197	N	0.00000	0.98718	0.01282	0
198	K	0.00000	0.98712	0.01288	0
199	F	0.00000	0.44194	0.55806	0
200	W	0.00000	0.43453	0.56547	0
201	G	0.00000	0.12022	0.87978	0
202	W	0.00000	0.01156	0.98844	0
203	L	0.00000	0.00335	0.99665	0
204	N	0.00000	0.00266	0.99734	0
205	F	0.00000	0.00148	0.99852	0
206	P	0.00000	3e-05	0.99997	0
207	M	0.00000	0	1.00000	0
208	F	0.00000	0	1.00000	0
209	F	0.00000	0	1.00000	0
210	F	0.00000	0	1.00000	0
211	P	0.00000	0	1.00000	0
212	C	0.00000	0	1.00000	0
213	L	0.00000	0	1.00000	0
214	I	0.00000	0	1.00000	0
215	M	0.00000	0	1.00000	0
216	I	0.00001	0	0.99999	0
217	S	0.00147	0	0.99853	0
218	L	0.00181	0	0.99819	0
219	Y	0.00281	0	0.99719	0
220	V	0.00585	0	0.99415	0
221	K	0.01953	0	0.98047	0
222	I	0.02054	0	0.97946	0
223	F	0.04504	0	0.95496	0
224	V	0.28394	0	0.71606	0
225	V	0.46699	0	0.53301	0
226	A	0.96513	0	0.03487	0
227	T	0.99473	0	0.00527	0
228	K	0.99977	0	0.00023	0
229	Q	0.99999	0	0.00001	0
230	A	1.00000	0	0.00000	0
231	Q	1.00000	0	0.00000	0
232	Q	1.00000	0	0.00000	0
233	I	1.00000	0	0.00000	0
234	S	1.00000	0	0.00000	0
235	T	1.00000	0	0.00000	0
236	L	1.00000	0	0.00000	0
237	S	1.00000	0	0.00000	0
238	K	1.00000	0	0.00000	0
239	N	1.00000	0	0.00000	0
240	L	1.00000	0	0.00000	0
241	A	1.00000	0	0.00000	0
242	G	1.00000	0	0.00000	0
243	A	1.00000	0	0.00000	0
244	A	1.00000	0	0.00000	0
245	K	1.00000	0	0.00000	0
246	R	1.00000	0	0.00000	0
247	E	1.00000	0	0.00000	0
248	R	0.93240	0	0.06760	0
249	K	0.92914	0	0.07086	0
250	A	0.12872	0	0.87128	0
251	A	0.12765	0	0.87235	0
252	K	0.12246	0	0.87754	0
253	T	0.09816	0	0.90184	0
254	L	0.02365	0	0.97635	0
255	G	0.02356	0	0.97644	0
256	I	0.00027	0	0.99973	0
257	A	0.00026	0	0.99974	0
258	V	0.00025	0	0.99975	0
259	G	0.00002	0	0.99998	0
260	I	0.00000	0	1.00000	0
261	Y	0.00000	0	1.00000	0
262	L	0.00000	0	1.00000	0
263	L	0.00000	0	1.00000	0
264	C	0.00000	0	1.00000	0
265	W	0.00000	0	1.00000	0
266	L	0.00000	0	1.00000	0
267	P	0.00000	1e-05	0.99999	0
268	F	0.00000	4e-05	0.99996	0
269	T	0.00000	0.00136	0.99864	0
270	I	0.00000	0.04882	0.95118	0
271	D	0.00000	0.7458	0.25420	0
272	T	0.00000	0.74964	0.25036	0
273	L	0.00000	0.75701	0.24299	0
274	V	0.00000	0.7953	0.20470	0
275	D	0.00000	0.9209	0.07910	0
276	S	0.00000	0.92117	0.07883	0
277	L	0.00000	0.92124	0.07876	0
278	L	0.00000	0.92433	0.07567	0
279	N	0.00000	0.93669	0.06331	0
280	F	0.00000	0.93801	0.06199	0
281	I	0.00000	0.95131	0.04869	0
282	T	0.00000	0.98749	0.01251	0
283	P	0.00000	0.99653	0.00347	0
284	P	0.00000	0.99453	0.00547	0
285	L	0.00000	0.9513	0.04870	0
286	V	0.00000	0.93939	0.06061	0
287	F	0.00000	0.93629	0.06371	0
288	D	0.00000	0.86114	0.13886	0
289	I	0.00000	0.05526	0.94474	0
290	F	0.00000	0.00247	0.99753	0
291	I	0.00000	1e-05	0.99999	0
292	W	0.00000	0	1.00000	0
293	F	0.00000	0	1.00000	0
294	A	0.00000	0	1.00000	0
295	Y	0.00000	0	1.00000	0
296	F	0.00001	0	0.99999	0
297	N	0.00055	0	0.99945	0
298	S	0.00057	0	0.99943	0
299	A	0.00058	0	0.99942	0
300	C	0.00062	0	0.99938	0
301	N	0.00063	0	0.99937	0
302	P	0.00063	0	0.99937	0
303	I	0.00064	0	0.99936	0
304	I	0.00065	0	0.99935	0
305	Y	0.00102	0	0.99898	0
306	V	0.00296	0	0.99704	0
307	F	0.00992	0	0.99008	0
308	S	0.13746	0	0.86254	0
309	Y	0.25126	0	0.74874	0
310	R	1.00000	0	0.00000	0
311	W	1.00000	0	0.00000	0
312	F	1.00000	0	0.00000	0
313	R	1.00000	0	0.00000	0
314	K	1.00000	0	0.00000	0
315	A	1.00000	0	0.00000	0
316	L	1.00000	0	0.00000	0
317	K	1.00000	0	0.00000	0
318	L	1.00000	0	0.00000	0
319	C	1.00000	0	0.00000	0
320	L	1.00000	0	0.00000	0
321	S	1.00000	0	0.00000	0
322	Q	1.00000	0	0.00000	0
323	E	1.00000	0	0.00000	0
324	I	1.00000	0	0.00000	0
325	F	1.00000	0	0.00000	0
326	S	1.00000	0	0.00000	0
327	P	1.00000	0	0.00000	0
328	R	1.00000	0	0.00000	0
329	T	1.00000	0	0.00000	0
330	P	1.00000	0	0.00000	0
331	T	1.00000	0	0.00000	0
332	I	1.00000	0	0.00000	0
333	D	1.00000	0	0.00000	0
334	L	1.00000	0	0.00000	0
335	Y	1.00000	0	0.00000	0
336	Q	1.00000	0	0.00000	0
337	E	1.00000	0	0.00000	0
