# UNNAMED
#pos	aa	i	o	M	S
1	M	0.00000	0.99883	0.00000	0.00117
2	V	0.00000	0.99883	0.00000	0.00117
3	N	0.00000	0.99883	0.00000	0.00117
4	V	0.00000	0.99883	0.00000	0.00117
5	T	0.00000	0.99883	0.00000	0.00117
6	P	0.00000	0.99883	0.00000	0.00117
7	S	0.00000	0.99883	0.00000	0.00117
8	I	0.00000	0.99883	0.00000	0.00117
9	D	0.00000	0.99883	0.00000	0.00117
10	P	0.00000	0.99883	0.00000	0.00117
11	T	0.00000	0.99883	0.00000	0.00117
12	A	0.00000	0.99883	0.00000	0.00117
13	A	0.00000	0.99881	0.00002	0.00117
14	H	0.00000	0.99998	0.00002	0
15	E	0.00000	0.99962	0.00038	0
16	G	0.00000	0.98649	0.01351	0
17	Y	0.00000	0.94981	0.05019	0
18	N	0.00000	0.93848	0.06152	0
19	Y	0.00000	0.10316	0.89684	0
20	L	0.00000	0.06392	0.93608	0
21	A	0.00000	0.0522	0.94780	0
22	L	0.00000	0.04116	0.95884	0
23	I	0.00000	0.01832	0.98168	0
24	C	0.00000	0.01681	0.98319	0
25	G	0.00000	0.00504	0.99496	0
26	V	0.00000	0.00068	0.99932	0
27	P	0.00000	0.00022	0.99978	0
28	L	0.00000	1e-05	0.99999	0
29	I	0.00000	0	1.00000	0
30	L	0.00000	0	1.00000	0
31	I	0.00000	0	1.00000	0
32	I	0.00000	0	1.00000	0
33	I	0.00000	0	1.00000	0
34	L	0.00000	0	1.00000	0
35	G	0.00000	0	1.00000	0
36	N	0.00000	0	1.00000	0
37	V	0.00000	0	1.00000	0
38	L	0.00000	0	1.00000	0
39	V	0.00003	0	0.99997	0
40	C	0.00052	0	0.99948	0
41	L	0.01196	0	0.98804	0
42	S	0.34552	0	0.65448	0
43	V	0.41351	0	0.58649	0
44	L	0.60390	0	0.39610	0
45	T	0.96131	0	0.03869	0
46	E	0.99920	0	0.00080	0
47	R	0.99994	0	0.00006	0
48	S	0.99999	0	0.00001	0
49	L	1.00000	0	0.00000	0
50	K	1.00000	0	0.00000	0
51	T	0.99953	0	0.00047	0
52	A	0.98971	0	0.01029	0
53	T	0.85181	0	0.14819	0
54	N	0.14741	0	0.85259	0
55	Y	0.04184	0	0.95816	0
56	F	0.00033	0	0.99967	0
57	I	0.00000	0	1.00000	0
58	V	0.00000	0	1.00000	0
59	S	0.00000	0	1.00000	0
60	L	0.00000	0	1.00000	0
61	A	0.00000	0	1.00000	0
62	V	0.00000	0	1.00000	0
63	A	0.00000	0	1.00000	0
64	D	0.00000	0	1.00000	0
65	L	0.00000	0	1.00000	0
66	L	0.00000	0	1.00000	0
67	L	0.00000	0	1.00000	0
68	A	0.00000	0	1.00000	0
69	I	0.00000	0	1.00000	0
70	L	0.00000	0	1.00000	0
71	V	0.00000	1e-05	0.99999	0
72	L	0.00000	0.0003	0.99970	0
73	P	0.00000	0.0075	0.99250	0
74	L	0.00000	0.07969	0.92031	0
75	Y	0.00000	0.32747	0.67253	0
76	V	0.00000	0.49759	0.50241	0
77	Y	0.00000	0.84836	0.15164	0
78	S	0.00000	0.99997	0.00003	0
79	E	0.00000	0.99999	0.00001	0
80	F	0.00000	0.99999	0.00001	0
81	L	0.00000	1	0.00000	0
82	G	0.00000	1	0.00000	0
83	G	0.00000	1	0.00000	0
84	I	0.00000	1	0.00000	0
85	W	0.00000	1	0.00000	0
86	T	0.00000	1	0.00000	0
87	L	0.00000	1	0.00000	0
88	S	0.00000	1	0.00000	0
89	M	0.00000	0.99994	0.00006	0
90	Y	0.00000	0.9999	0.00010	0
91	I	0.00000	0.99982	0.00018	0
92	C	0.00000	0.99979	0.00021	0
93	D	0.00000	0.99948	0.00052	0
94	A	0.00000	0.99798	0.00202	0
95	L	0.00000	0.56329	0.43671	0
96	M	0.00000	0.12704	0.87296	0
97	T	0.00000	0.06902	0.93098	0
98	M	0.00000	0.0006	0.99940	0
99	D	0.00000	0.00016	0.99984	0
100	V	0.00000	0	1.00000	0
101	M	0.00000	0	1.00000	0
102	L	0.00000	0	1.00000	0
103	C	0.00000	0	1.00000	0
104	T	0.00000	0	1.00000	0
105	A	0.00000	0	1.00000	0
106	S	0.00000	0	1.00000	0
107	I	0.00000	0	1.00000	0
108	L	0.00000	0	1.00000	0
109	N	0.00000	0	1.00000	0
110	L	0.00000	0	1.00000	0
111	C	0.00000	0	1.00000	0
112	A	0.00000	0	1.00000	0
113	I	0.00000	0	1.00000	0
114	S	0.00000	0	1.00000	0
115	V	0.00000	0	1.00000	0
116	D	0.00000	0	1.00000	0
117	R	0.00717	0	0.99283	0
118	Y	0.16360	0	0.83640	0
119	I	0.83688	0	0.16312	0
120	A	0.96660	0	0.03340	0
121	V	0.99999	0	0.00001	0
122	V	1.00000	0	0.00000	0
123	V	1.00000	0	0.00000	0
124	P	1.00000	0	0.00000	0
125	L	1.00000	0	0.00000	0
126	K	1.00000	0	0.00000	0
127	Y	1.00000	0	0.00000	0
128	N	1.00000	0	0.00000	0
129	R	1.00000	0	0.00000	0
130	N	1.00000	0	0.00000	0
131	Q	0.99997	0	0.00003	0
132	F	0.99930	0	0.00070	0
133	S	0.99879	0	0.00121	0
134	V	0.99156	0	0.00844	0
135	R	0.99046	0	0.00954	0
136	Q	0.93664	0	0.06336	0
137	L	0.31878	0	0.68122	0
138	A	0.02820	0	0.97180	0
139	L	0.00119	0	0.99881	0
140	I	0.00001	0	0.99999	0
141	T	0.00000	0	1.00000	0
142	A	0.00000	0	1.00000	0
143	T	0.00000	0	1.00000	0
144	W	0.00000	0	1.00000	0
145	V	0.00000	0	1.00000	0
146	L	0.00000	0	1.00000	0
147	S	0.00000	0	1.00000	0
148	L	0.00000	0	1.00000	0
149	G	0.00000	0	1.00000	0
150	V	0.00000	0	1.00000	0
151	A	0.00000	1e-05	0.99999	0
152	S	0.00000	0.00013	0.99987	0
153	P	0.00000	0.00037	0.99963	0
154	V	0.00000	0.00049	0.99951	0
155	I	0.00000	0.0015	0.99850	0
156	F	0.00000	0.00956	0.99044	0
157	G	0.00000	0.10769	0.89231	0
158	L	0.00000	0.1931	0.80690	0
159	N	0.00000	0.93987	0.06013	0
160	Q	0.00000	0.99554	0.00446	0
161	V	0.00000	0.99858	0.00142	0
162	P	0.00000	0.9999	0.00010	0
163	N	0.00000	1	0.00000	0
164	R	0.00000	1	0.00000	0
165	N	0.00000	1	0.00000	0
166	P	0.00000	1	0.00000	0
167	H	0.00000	1	0.00000	0
168	V	0.00000	1	0.00000	0
169	C	0.00000	1	0.00000	0
170	K	0.00000	1	0.00000	0
171	L	0.00000	1	0.00000	0
172	E	0.00000	1	0.00000	0
173	D	0.00000	1	0.00000	0
174	N	0.00000	0.99922	0.00078	0
175	Q	0.00000	0.89671	0.10329	0
176	F	0.00000	0.04209	0.95791	0
177	V	0.00000	0.01202	0.98798	0
178	V	0.00000	0.00063	0.99937	0
179	Y	0.00000	1e-05	0.99999	0
180	S	0.00000	1e-05	0.99999	0
181	S	0.00000	1e-05	0.99999	0
182	V	0.00000	0	1.00000	0
183	C	0.00000	0	1.00000	0
184	S	0.00000	0	1.00000	0
185	F	0.00000	0	1.00000	0
186	F	0.00000	0	1.00000	0
187	V	0.00000	0	1.00000	0
188	P	0.00000	0	1.00000	0
189	C	0.00000	0	1.00000	0
190	P	0.00000	0	1.00000	0
191	V	0.00000	0	1.00000	0
192	M	0.00000	0	1.00000	0
193	L	0.00000	0	1.00000	0
194	F	0.00000	0	1.00000	0
195	L	0.00000	0	1.00000	0
196	Y	0.00000	0	1.00000	0
197	Y	0.00002	0	0.99998	0
198	W	0.00108	0	0.99892	0
199	M	0.04248	0	0.95752	0
200	F	0.13274	0	0.86726	0
201	R	0.99080	0	0.00920	0
202	G	0.99860	0	0.00140	0
203	L	0.99913	0	0.00087	0
204	K	0.99998	0	0.00002	0
205	R	1.00000	0	0.00000	0
206	W	1.00000	0	0.00000	0
207	S	1.00000	0	0.00000	0
208	S	1.00000	0	0.00000	0
209	G	1.00000	0	0.00000	0
210	R	1.00000	0	0.00000	0
211	N	1.00000	0	0.00000	0
212	R	1.00000	0	0.00000	0
213	S	1.00000	0	0.00000	0
214	H	1.00000	0	0.00000	0
215	L	1.00000	0	0.00000	0
216	R	1.00000	0	0.00000	0
217	R	1.00000	0	0.00000	0
218	P	1.00000	0	0.00000	0
219	P	1.00000	0	0.00000	0
220	R	1.00000	0	0.00000	0
221	G	1.00000	0	0.00000	0
222	R	1.00000	0	0.00000	0
223	R	1.00000	0	0.00000	0
224	S	1.00000	0	0.00000	0
225	L	1.00000	0	0.00000	0
226	S	1.00000	0	0.00000	0
227	L	1.00000	0	0.00000	0
228	R	1.00000	0	0.00000	0
229	L	1.00000	0	0.00000	0
230	G	1.00000	0	0.00000	0
231	A	1.00000	0	0.00000	0
232	A	1.00000	0	0.00000	0
233	L	1.00000	0	0.00000	0
234	Q	1.00000	0	0.00000	0
235	K	1.00000	0	0.00000	0
236	E	1.00000	0	0.00000	0
237	K	1.00000	0	0.00000	0
238	G	1.00000	0	0.00000	0
239	R	1.00000	0	0.00000	0
240	A	1.00000	0	0.00000	0
241	R	1.00000	0	0.00000	0
242	E	1.00000	0	0.00000	0
243	K	1.00000	0	0.00000	0
244	V	1.00000	0	0.00000	0
245	V	1.00000	0	0.00000	0
246	Y	1.00000	0	0.00000	0
247	L	1.00000	0	0.00000	0
248	M	1.00000	0	0.00000	0
249	P	1.00000	0	0.00000	0
250	A	1.00000	0	0.00000	0
251	G	1.00000	0	0.00000	0
252	L	1.00000	0	0.00000	0
253	S	1.00000	0	0.00000	0
254	P	1.00000	0	0.00000	0
255	T	1.00000	0	0.00000	0
256	S	1.00000	0	0.00000	0
257	L	1.00000	0	0.00000	0
258	T	1.00000	0	0.00000	0
259	A	1.00000	0	0.00000	0
260	T	1.00000	0	0.00000	0
261	P	1.00000	0	0.00000	0
262	T	1.00000	0	0.00000	0
263	T	1.00000	0	0.00000	0
264	P	1.00000	0	0.00000	0
265	I	1.00000	0	0.00000	0
266	S	1.00000	0	0.00000	0
267	S	1.00000	0	0.00000	0
268	T	1.00000	0	0.00000	0
269	S	1.00000	0	0.00000	0
270	P	1.00000	0	0.00000	0
271	V	1.00000	0	0.00000	0
272	T	1.00000	0	0.00000	0
273	L	1.00000	0	0.00000	0
274	T	1.00000	0	0.00000	0
275	T	1.00000	0	0.00000	0
276	D	1.00000	0	0.00000	0
277	D	1.00000	0	0.00000	0
278	L	1.00000	0	0.00000	0
279	A	1.00000	0	0.00000	0
280	E	1.00000	0	0.00000	0
281	G	1.00000	0	0.00000	0
282	Q	1.00000	0	0.00000	0
283	M	1.00000	0	0.00000	0
284	P	1.00000	0	0.00000	0
285	G	1.00000	0	0.00000	0
286	A	1.00000	0	0.00000	0
287	E	1.00000	0	0.00000	0
288	S	1.00000	0	0.00000	0
289	D	1.00000	0	0.00000	0
290	P	1.00000	0	0.00000	0
291	M	1.00000	0	0.00000	0
292	T	1.00000	0	0.00000	0
293	T	1.00000	0	0.00000	0
294	Q	1.00000	0	0.00000	0
295	M	1.00000	0	0.00000	0
296	D	1.00000	0	0.00000	0
297	S	1.00000	0	0.00000	0
298	V	1.00000	0	0.00000	0
299	S	1.00000	0	0.00000	0
300	D	1.00000	0	0.00000	0
301	A	1.00000	0	0.00000	0
302	E	1.00000	0	0.00000	0
303	N	1.00000	0	0.00000	0
304	P	1.00000	0	0.00000	0
305	E	1.00000	0	0.00000	0
306	R	1.00000	0	0.00000	0
307	A	1.00000	0	0.00000	0
308	T	1.00000	0	0.00000	0
309	E	1.00000	0	0.00000	0
310	D	1.00000	0	0.00000	0
311	D	1.00000	0	0.00000	0
312	S	1.00000	0	0.00000	0
313	G	1.00000	0	0.00000	0
314	R	1.00000	0	0.00000	0
315	E	1.00000	0	0.00000	0
316	N	1.00000	0	0.00000	0
317	G	1.00000	0	0.00000	0
318	V	1.00000	0	0.00000	0
319	G	1.00000	0	0.00000	0
320	K	1.00000	0	0.00000	0
321	I	1.00000	0	0.00000	0
322	H	1.00000	0	0.00000	0
323	R	1.00000	0	0.00000	0
324	P	1.00000	0	0.00000	0
325	H	1.00000	0	0.00000	0
326	T	1.00000	0	0.00000	0
327	G	1.00000	0	0.00000	0
328	R	1.00000	0	0.00000	0
329	R	1.00000	0	0.00000	0
330	H	1.00000	0	0.00000	0
331	S	1.00000	0	0.00000	0
332	K	1.00000	0	0.00000	0
333	S	1.00000	0	0.00000	0
334	N	1.00000	0	0.00000	0
335	R	1.00000	0	0.00000	0
336	V	1.00000	0	0.00000	0
337	S	1.00000	0	0.00000	0
338	G	1.00000	0	0.00000	0
339	R	1.00000	0	0.00000	0
340	E	1.00000	0	0.00000	0
341	R	0.76046	0	0.23954	0
342	K	0.74405	0	0.25595	0
343	A	0.02751	0	0.97249	0
344	M	0.00883	0	0.99117	0
345	K	0.00495	0	0.99505	0
346	V	0.00106	0	0.99894	0
347	L	0.00001	0	0.99999	0
348	P	0.00001	0	0.99999	0
349	V	0.00000	0	1.00000	0
350	V	0.00000	0	1.00000	0
351	V	0.00000	0	1.00000	0
352	G	0.00000	0	1.00000	0
353	V	0.00000	0	1.00000	0
354	F	0.00000	0	1.00000	0
355	L	0.00000	0	1.00000	0
356	A	0.00000	0	1.00000	0
357	C	0.00000	0	1.00000	0
358	W	0.00000	0	1.00000	0
359	T	0.00000	0	1.00000	0
360	P	0.00000	0	1.00000	0
361	F	0.00000	0	1.00000	0
362	F	0.00000	5e-05	0.99995	0
363	V	0.00000	0.0063	0.99370	0
364	V	0.00000	0.04305	0.95695	0
365	H	0.00000	0.21574	0.78426	0
366	V	0.00000	0.38536	0.61464	0
367	T	0.00000	0.80656	0.19344	0
368	K	0.00000	0.99333	0.00667	0
369	A	0.00000	0.99535	0.00465	0
370	L	0.00000	0.99917	0.00083	0
371	C	0.00000	0.99994	0.00006	0
372	E	0.00000	1	0.00000	0
373	S	0.00000	1	0.00000	0
374	C	0.00000	1	0.00000	0
375	D	0.00000	1	0.00000	0
376	I	0.00000	0.99995	0.00005	0
377	G	0.00000	0.99991	0.00009	0
378	P	0.00000	0.99975	0.00025	0
379	T	0.00000	0.99437	0.00563	0
380	L	0.00000	0.96933	0.03067	0
381	I	0.00000	0.96248	0.03752	0
382	S	0.00000	0.78076	0.21924	0
383	V	0.00000	0.00576	0.99424	0
384	V	0.00000	0.00045	0.99955	0
385	T	0.00000	0.0001	0.99990	0
386	W	0.00000	0	1.00000	0
387	L	0.00000	0	1.00000	0
388	G	0.00000	0	1.00000	0
389	Y	0.00000	0	1.00000	0
390	V	0.00000	0	1.00000	0
391	N	0.00000	0	1.00000	0
392	S	0.00000	0	1.00000	0
393	A	0.00000	0	1.00000	0
394	V	0.00000	0	1.00000	0
395	N	0.00000	0	1.00000	0
396	P	0.00000	0	1.00000	0
397	I	0.00000	0	1.00000	0
398	I	0.00000	0	1.00000	0
399	Y	0.00001	0	0.99999	0
400	T	0.00006	0	0.99994	0
401	A	0.00145	0	0.99855	0
402	F	0.03926	0	0.96074	0
403	N	0.74065	0	0.25935	0
404	V	0.88461	0	0.11539	0
405	E	1.00000	0	0.00000	0
406	F	1.00000	0	0.00000	0
407	R	1.00000	0	0.00000	0
408	N	1.00000	0	0.00000	0
409	V	1.00000	0	0.00000	0
410	F	1.00000	0	0.00000	0
411	H	1.00000	0	0.00000	0
412	K	1.00000	0	0.00000	0
413	L	1.00000	0	0.00000	0
414	L	1.00000	0	0.00000	0
415	C	1.00000	0	0.00000	0
416	C	1.00000	0	0.00000	0
417	R	1.00000	0	0.00000	0
418	S	1.00000	0	0.00000	0
