# UNNAMED
#pos	aa	i	o	M	S
1	M	0.00000	0.99414	0.00000	0.00586
2	L	0.00000	0.99414	0.00000	0.00587
3	I	0.00000	0.99414	0.00000	0.00587
4	Q	0.00000	0.99414	0.00000	0.00586
5	V	0.00000	0.99414	0.00000	0.00586
6	Q	0.00000	0.99414	0.00000	0.00586
7	P	0.00000	0.99414	0.00000	0.00586
8	S	0.00000	0.99414	0.00000	0.00586
9	H	0.00000	0.99414	0.00000	0.00586
10	L	0.00000	0.99414	0.00000	0.00586
11	T	0.00000	0.99414	0.00000	0.00587
12	D	0.00000	0.99414	0.00000	0.00586
13	T	0.00000	0.99414	0.00000	0.00586
14	N	0.00000	0.99414	0.00000	0.00586
15	L	0.00000	0.99414	0.00000	0.00586
16	S	0.00000	0.99414	0.00000	0.00586
17	L	0.00000	0.99822	0.00000	0.00178
18	H	0.00000	0.99874	0.00000	0.00125
19	S	0.00000	0.99875	0.00000	0.00125
20	A	0.00000	1	0.00000	0
21	K	0.00000	1	0.00000	0
22	P	0.00000	1	0.00000	0
23	S	0.00000	1	0.00000	0
24	S	0.00000	1	0.00000	0
25	D	0.00000	1	0.00000	0
26	H	0.00000	1	0.00000	0
27	Q	0.00000	1	0.00000	0
28	N	0.00000	1	0.00000	0
29	L	0.00000	1	0.00000	0
30	L	0.00000	1	0.00000	0
31	P	0.00000	1	0.00000	0
32	S	0.00000	1	0.00000	0
33	E	0.00000	1	0.00000	0
34	F	0.00000	1	0.00000	0
35	M	0.00000	1	0.00000	0
36	T	0.00000	1	0.00000	0
37	E	0.00000	1	0.00000	0
38	R	0.00000	1	0.00000	0
39	P	0.00000	1	0.00000	0
40	L	0.00000	1	0.00000	0
41	N	0.00000	1	0.00000	0
42	T	0.00000	1	0.00000	0
43	T	0.00000	1	0.00000	0
44	E	0.00000	1	0.00000	0
45	Q	0.00000	1	0.00000	0
46	D	0.00000	1	0.00000	0
47	L	0.00000	1	0.00000	0
48	T	0.00000	1	0.00000	0
49	A	0.00000	1	0.00000	0
50	L	0.00000	1	0.00000	0
51	N	0.00000	1	0.00000	0
52	H	0.00000	1	0.00000	0
53	T	0.00000	1	0.00000	0
54	E	0.00000	1	0.00000	0
55	K	0.00000	1	0.00000	0
56	P	0.00000	1	0.00000	0
57	D	0.00000	1	0.00000	0
58	C	0.00000	1	0.00000	0
59	G	0.00000	1	0.00000	0
60	K	0.00000	1	0.00000	0
61	E	0.00000	1	0.00000	0
62	L	0.00000	1	0.00000	0
63	L	0.00000	1	0.00000	0
64	L	0.00000	1	0.00000	0
65	Y	0.00000	1	0.00000	0
66	G	0.00000	1	0.00000	0
67	D	0.00000	1	0.00000	0
68	T	0.00000	0.99985	0.00015	0
69	E	0.00000	0.9994	0.00060	0
70	K	0.00000	0.99022	0.00978	0
71	I	0.00000	0.26969	0.73031	0
72	V	0.00000	0.09889	0.90111	0
73	I	0.00000	0.04418	0.95582	0
74	G	0.00000	0.04019	0.95981	0
75	V	0.00000	0.02277	0.97723	0
76	V	0.00000	0.01063	0.98937	0
77	L	0.00000	0.0048	0.99520	0
78	S	0.00000	0.00342	0.99658	0
79	I	0.00000	0.00019	0.99981	0
80	I	0.00000	1e-05	0.99999	0
81	T	0.00000	0	1.00000	0
82	L	0.00000	0	1.00000	0
83	F	0.00000	0	1.00000	0
84	T	0.00000	0	1.00000	0
85	I	0.00000	0	1.00000	0
86	A	0.00000	0	1.00000	0
87	G	0.00000	0	1.00000	0
88	N	0.00000	0	1.00000	0
89	A	0.00000	0	1.00000	0
90	L	0.00000	0	1.00000	0
91	V	0.00000	0	1.00000	0
92	I	0.00001	0	0.99999	0
93	I	0.00135	0	0.99865	0
94	S	0.11650	0	0.88350	0
95	V	0.15286	0	0.84714	0
96	C	0.25929	0	0.74071	0
97	I	0.38527	0	0.61473	0
98	V	0.73937	0	0.26063	0
99	K	0.99258	0	0.00742	0
100	K	0.99994	0	0.00006	0
101	L	0.99998	0	0.00002	0
102	R	1.00000	0	0.00000	0
103	Q	1.00000	0	0.00000	0
104	P	1.00000	0	0.00000	0
105	S	0.92231	0	0.07769	0
106	N	0.32891	0	0.67109	0
107	Y	0.14674	0	0.85326	0
108	L	0.00299	0	0.99701	0
109	V	0.00014	0	0.99986	0
110	V	0.00000	0	1.00000	0
111	S	0.00000	0	1.00000	0
112	L	0.00000	0	1.00000	0
113	A	0.00000	0	1.00000	0
114	A	0.00000	0	1.00000	0
115	A	0.00000	0	1.00000	0
116	D	0.00000	0	1.00000	0
117	L	0.00000	0	1.00000	0
118	S	0.00000	0	1.00000	0
119	V	0.00000	0	1.00000	0
120	A	0.00000	0	1.00000	0
121	V	0.00000	0	1.00000	0
122	A	0.00000	0	1.00000	0
123	V	0.00000	0	1.00000	0
124	M	0.00000	1e-05	0.99999	0
125	P	0.00000	0.00025	0.99975	0
126	F	0.00000	0.00286	0.99714	0
127	V	0.00000	0.01686	0.98314	0
128	I	0.00000	0.11574	0.88426	0
129	I	0.00000	0.40309	0.59691	0
130	T	0.00000	0.99979	0.00021	0
131	D	0.00000	0.99998	0.00002	0
132	L	0.00000	0.99999	0.00001	0
133	V	0.00000	0.99999	0.00001	0
134	G	0.00000	1	0.00000	0
135	G	0.00000	1	0.00000	0
136	E	0.00000	1	0.00000	0
137	W	0.00000	1	0.00000	0
138	L	0.00000	1	0.00000	0
139	F	0.00000	1	0.00000	0
140	G	0.00000	1	0.00000	0
141	K	0.00000	1	0.00000	0
142	V	0.00000	1	0.00000	0
143	F	0.00000	0.99999	0.00001	0
144	C	0.00000	0.99999	0.00001	0
145	N	0.00000	0.99993	0.00007	0
146	V	0.00000	0.99335	0.00665	0
147	F	0.00000	0.38035	0.61965	0
148	I	0.00000	0.046	0.95400	0
149	A	0.00000	0.00145	0.99855	0
150	M	0.00000	2e-05	0.99998	0
151	D	0.00000	1e-05	0.99999	0
152	V	0.00000	0	1.00000	0
153	M	0.00000	0	1.00000	0
154	C	0.00000	0	1.00000	0
155	C	0.00000	0	1.00000	0
156	T	0.00000	0	1.00000	0
157	A	0.00000	0	1.00000	0
158	S	0.00000	0	1.00000	0
159	I	0.00000	0	1.00000	0
160	M	0.00000	0	1.00000	0
161	T	0.00000	0	1.00000	0
162	L	0.00000	0	1.00000	0
163	C	0.00000	0	1.00000	0
164	V	0.00000	0	1.00000	0
165	I	0.00000	0	1.00000	0
166	S	0.00000	0	1.00000	0
167	V	0.00003	0	0.99997	0
168	D	0.00011	0	0.99989	0
169	R	0.11896	0	0.88104	0
170	Y	0.41299	0	0.58701	0
171	L	0.82214	0	0.17786	0
172	G	0.95680	0	0.04320	0
173	I	0.99998	0	0.00002	0
174	T	1.00000	0	0.00000	0
175	R	1.00000	0	0.00000	0
176	P	1.00000	0	0.00000	0
177	L	1.00000	0	0.00000	0
178	T	1.00000	0	0.00000	0
179	Y	1.00000	0	0.00000	0
180	P	1.00000	0	0.00000	0
181	A	1.00000	0	0.00000	0
182	R	1.00000	0	0.00000	0
183	Q	1.00000	0	0.00000	0
184	N	0.99997	0	0.00003	0
185	G	0.99978	0	0.00022	0
186	K	0.99204	0	0.00796	0
187	L	0.56837	0	0.43163	0
188	M	0.52005	0	0.47995	0
189	A	0.48666	0	0.51334	0
190	K	0.46449	0	0.53551	0
191	M	0.05027	0	0.94973	0
192	V	0.00054	0	0.99946	0
193	F	0.00000	0	1.00000	0
194	I	0.00000	0	1.00000	0
195	V	0.00000	0	1.00000	0
196	W	0.00000	0	1.00000	0
197	L	0.00000	0	1.00000	0
198	L	0.00000	0	1.00000	0
199	S	0.00000	0	1.00000	0
200	A	0.00000	0	1.00000	0
201	S	0.00000	0	1.00000	0
202	I	0.00000	0	1.00000	0
203	T	0.00000	0	1.00000	0
204	L	0.00000	0	1.00000	0
205	P	0.00000	0.00031	0.99969	0
206	P	0.00000	0.00195	0.99805	0
207	L	0.00000	0.00803	0.99197	0
208	F	0.00000	0.07795	0.92205	0
209	G	0.00000	0.39521	0.60479	0
210	W	0.00000	0.44227	0.55773	0
211	A	0.00000	0.51617	0.48383	0
212	K	0.00000	0.99485	0.00515	0
213	N	0.00000	0.9994	0.00060	0
214	V	0.00000	0.99964	0.00036	0
215	N	0.00000	0.99999	0.00001	0
216	V	0.00000	1	0.00000	0
217	E	0.00000	1	0.00000	0
218	R	0.00000	1	0.00000	0
219	V	0.00000	1	0.00000	0
220	C	0.00000	1	0.00000	0
221	L	0.00000	1	0.00000	0
222	I	0.00000	0.99999	0.00001	0
223	S	0.00000	0.99999	0.00001	0
224	Q	0.00000	0.99997	0.00003	0
225	D	0.00000	0.99986	0.00014	0
226	F	0.00000	0.87452	0.12548	0
227	G	0.00000	0.76054	0.23946	0
228	Y	0.00000	0.69709	0.30291	0
229	T	0.00000	0.62495	0.37505	0
230	V	0.00000	0.33287	0.66713	0
231	Y	0.00000	0.2511	0.74890	0
232	S	0.00000	0.22714	0.77286	0
233	T	0.00000	0.05988	0.94012	0
234	A	0.00000	0.04549	0.95451	0
235	V	0.00000	0.00094	0.99906	0
236	A	0.00000	7e-05	0.99993	0
237	F	0.00000	0	1.00000	0
238	Y	0.00000	0	1.00000	0
239	I	0.00000	0	1.00000	0
240	P	0.00000	0	1.00000	0
241	M	0.00000	0	1.00000	0
242	T	0.00000	0	1.00000	0
243	V	0.00000	0	1.00000	0
244	M	0.00000	0	1.00000	0
245	L	0.00000	0	1.00000	0
246	V	0.00000	0	1.00000	0
247	M	0.00031	0	0.99969	0
248	Y	0.00661	0	0.99339	0
249	Q	0.17815	0	0.82185	0
250	R	0.18973	0	0.81027	0
251	I	0.19095	0	0.80905	0
252	F	0.19939	0	0.80061	0
253	V	0.31939	0	0.68061	0
254	A	0.46246	0	0.53754	0
255	A	0.94320	0	0.05680	0
256	K	0.95810	0	0.04190	0
257	I	0.95978	0	0.04022	0
258	S	0.98544	0	0.01456	0
259	A	0.99277	0	0.00723	0
260	E	0.99986	0	0.00014	0
261	K	1.00000	0	0.00000	0
262	H	1.00000	0	0.00000	0
263	K	1.00000	0	0.00000	0
264	F	1.00000	0	0.00000	0
265	V	1.00000	0	0.00000	0
266	N	1.00000	0	0.00000	0
267	I	1.00000	0	0.00000	0
268	P	1.00000	0	0.00000	0
269	R	1.00000	0	0.00000	0
270	L	1.00000	0	0.00000	0
271	Y	1.00000	0	0.00000	0
272	E	1.00000	0	0.00000	0
273	Q	1.00000	0	0.00000	0
274	E	1.00000	0	0.00000	0
275	G	1.00000	0	0.00000	0
276	I	1.00000	0	0.00000	0
277	Y	1.00000	0	0.00000	0
278	C	1.00000	0	0.00000	0
279	L	1.00000	0	0.00000	0
280	E	1.00000	0	0.00000	0
281	D	1.00000	0	0.00000	0
282	K	1.00000	0	0.00000	0
283	L	1.00000	0	0.00000	0
284	P	1.00000	0	0.00000	0
285	P	1.00000	0	0.00000	0
286	K	1.00000	0	0.00000	0
287	K	1.00000	0	0.00000	0
288	N	1.00000	0	0.00000	0
289	S	1.00000	0	0.00000	0
290	K	1.00000	0	0.00000	0
291	K	1.00000	0	0.00000	0
292	K	1.00000	0	0.00000	0
293	K	1.00000	0	0.00000	0
294	A	1.00000	0	0.00000	0
295	V	1.00000	0	0.00000	0
296	E	1.00000	0	0.00000	0
297	E	1.00000	0	0.00000	0
298	F	1.00000	0	0.00000	0
299	A	1.00000	0	0.00000	0
300	S	1.00000	0	0.00000	0
301	L	1.00000	0	0.00000	0
302	S	1.00000	0	0.00000	0
303	K	1.00000	0	0.00000	0
304	L	1.00000	0	0.00000	0
305	I	1.00000	0	0.00000	0
306	R	1.00000	0	0.00000	0
307	Q	1.00000	0	0.00000	0
308	D	1.00000	0	0.00000	0
309	R	1.00000	0	0.00000	0
310	K	1.00000	0	0.00000	0
311	N	1.00000	0	0.00000	0
312	I	1.00000	0	0.00000	0
313	S	1.00000	0	0.00000	0
314	I	1.00000	0	0.00000	0
315	F	1.00000	0	0.00000	0
316	K	1.00000	0	0.00000	0
317	R	1.00000	0	0.00000	0
318	E	1.00000	0	0.00000	0
319	Q	0.99487	0	0.00513	0
320	K	0.99350	0	0.00650	0
321	A	0.32672	0	0.67328	0
322	A	0.32472	0	0.67528	0
323	R	0.32345	0	0.67655	0
324	T	0.23510	0	0.76490	0
325	L	0.00331	0	0.99669	0
326	G	0.00117	0	0.99883	0
327	I	0.00055	0	0.99945	0
328	I	0.00000	0	1.00000	0
329	V	0.00000	0	1.00000	0
330	G	0.00000	0	1.00000	0
331	A	0.00000	0	1.00000	0
332	F	0.00000	0	1.00000	0
333	T	0.00000	0	1.00000	0
334	F	0.00000	0	1.00000	0
335	C	0.00000	0	1.00000	0
336	W	0.00000	0	1.00000	0
337	L	0.00000	0	1.00000	0
338	P	0.00000	0	1.00000	0
339	F	0.00000	0	1.00000	0
340	F	0.00000	0	1.00000	0
341	L	0.00000	0.00052	0.99948	0
342	L	0.00000	0.01112	0.98888	0
343	S	0.00000	0.12372	0.87628	0
344	T	0.00000	0.31284	0.68716	0
345	A	0.00000	0.43728	0.56272	0
346	R	0.00000	0.77694	0.22306	0
347	P	0.00000	0.79784	0.20216	0
348	F	0.00000	0.80494	0.19506	0
349	I	0.00000	0.85118	0.14882	0
350	C	0.00000	0.9916	0.00840	0
351	G	0.00000	0.99904	0.00096	0
352	I	0.00000	0.9991	0.00090	0
353	M	0.00000	0.99931	0.00069	0
354	C	0.00000	0.99988	0.00012	0
355	S	0.00000	0.99992	0.00008	0
356	C	0.00000	0.99997	0.00003	0
357	M	0.00000	0.99998	0.00002	0
358	P	0.00000	0.99999	0.00001	0
359	L	0.00000	0.99955	0.00045	0
360	R	0.00000	0.99932	0.00068	0
361	L	0.00000	0.99723	0.00277	0
362	E	0.00000	0.99631	0.00369	0
363	R	0.00000	0.71912	0.28088	0
364	T	0.00000	0.02566	0.97434	0
365	L	0.00000	0.00069	0.99931	0
366	L	0.00000	0	1.00000	0
367	W	0.00000	0	1.00000	0
368	L	0.00000	0	1.00000	0
369	G	0.00000	0	1.00000	0
370	Y	0.00000	0	1.00000	0
371	T	0.00000	0	1.00000	0
372	N	0.00000	0	1.00000	0
373	S	0.00000	0	1.00000	0
374	L	0.00000	0	1.00000	0
375	I	0.00000	0	1.00000	0
376	N	0.00000	0	1.00000	0
377	P	0.00000	0	1.00000	0
378	L	0.00000	0	1.00000	0
379	I	0.00000	0	1.00000	0
380	Y	0.00000	0	1.00000	0
381	A	0.00000	0	1.00000	0
382	F	0.00005	0	0.99995	0
383	F	0.01581	0	0.98419	0
384	N	0.50217	0	0.49783	0
385	R	1.00000	0	0.00000	0
386	D	1.00000	0	0.00000	0
387	L	1.00000	0	0.00000	0
388	R	1.00000	0	0.00000	0
389	T	1.00000	0	0.00000	0
390	T	1.00000	0	0.00000	0
391	F	1.00000	0	0.00000	0
392	W	1.00000	0	0.00000	0
393	N	1.00000	0	0.00000	0
394	L	1.00000	0	0.00000	0
395	L	1.00000	0	0.00000	0
396	R	1.00000	0	0.00000	0
397	C	1.00000	0	0.00000	0
398	K	1.00000	0	0.00000	0
399	Y	1.00000	0	0.00000	0
400	T	1.00000	0	0.00000	0
401	N	1.00000	0	0.00000	0
402	I	1.00000	0	0.00000	0
403	N	1.00000	0	0.00000	0
404	R	1.00000	0	0.00000	0
405	R	1.00000	0	0.00000	0
406	L	1.00000	0	0.00000	0
407	S	1.00000	0	0.00000	0
408	A	1.00000	0	0.00000	0
409	A	1.00000	0	0.00000	0
410	S	1.00000	0	0.00000	0
411	M	1.00000	0	0.00000	0
412	H	1.00000	0	0.00000	0
413	E	1.00000	0	0.00000	0
414	A	1.00000	0	0.00000	0
415	L	1.00000	0	0.00000	0
416	K	1.00000	0	0.00000	0
417	V	1.00000	0	0.00000	0
418	T	1.00000	0	0.00000	0
419	E	1.00000	0	0.00000	0
420	R	1.00000	0	0.00000	0
421	H	1.00000	0	0.00000	0
422	E	1.00000	0	0.00000	0
423	G	1.00000	0	0.00000	0
424	I	1.00000	0	0.00000	0
425	L	1.00000	0	0.00000	0
