# UNNAMED
#pos	aa	i	o	M	S
1	M	0.00000	1	0.00000	0
2	G	0.00000	1	0.00000	0
3	N	0.00000	1	0.00000	0
4	S	0.00000	1	0.00000	0
5	S	0.00000	1	0.00000	0
6	A	0.00000	1	0.00000	0
7	T	0.00000	1	0.00000	0
8	E	0.00000	1	0.00000	0
9	D	0.00000	1	0.00000	0
10	G	0.00000	1	0.00000	0
11	G	0.00000	1	0.00000	0
12	L	0.00000	1	0.00000	0
13	L	0.00000	1	0.00000	0
14	A	0.00000	1	0.00000	0
15	G	0.00000	1	0.00000	0
16	R	0.00000	1	0.00000	0
17	G	0.00000	1	0.00000	0
18	P	0.00000	1	0.00000	0
19	E	0.00000	1	0.00000	0
20	S	0.00000	0.99978	0.00022	0
21	L	0.00000	0.9982	0.00180	0
22	G	0.00000	0.99677	0.00323	0
23	T	0.00000	0.99213	0.00787	0
24	G	0.00000	0.98851	0.01149	0
25	A	0.00000	0.98189	0.01811	0
26	G	0.00000	0.97207	0.02793	0
27	L	0.00000	0.95556	0.04444	0
28	G	0.00000	0.93941	0.06059	0
29	G	0.00000	0.8926	0.10740	0
30	A	0.00000	0.76602	0.23398	0
31	G	0.00000	0.6544	0.34560	0
32	A	0.00000	0.30821	0.69179	0
33	A	0.00000	0.14942	0.85058	0
34	A	0.00000	0.08544	0.91456	0
35	L	0.00000	0.02728	0.97272	0
36	V	0.00000	0.00844	0.99156	0
37	G	0.00000	0.00569	0.99431	0
38	G	0.00000	0.00102	0.99898	0
39	V	0.00000	3e-05	0.99997	0
40	L	0.00000	0	1.00000	0
41	L	0.00000	0	1.00000	0
42	I	0.00000	0	1.00000	0
43	G	0.00000	0	1.00000	0
44	L	0.00000	0	1.00000	0
45	V	0.00000	0	1.00000	0
46	L	0.00000	0	1.00000	0
47	A	0.00000	0	1.00000	0
48	G	0.00000	0	1.00000	0
49	N	0.00001	0	0.99999	0
50	S	0.00002	0	0.99998	0
51	L	0.00003	0	0.99997	0
52	V	0.00007	0	0.99993	0
53	C	0.00053	0	0.99947	0
54	V	0.00810	0	0.99190	0
55	S	0.18288	0	0.81712	0
56	V	0.31084	0	0.68916	0
57	A	0.66864	0	0.33136	0
58	S	0.97234	0	0.02766	0
59	E	0.99960	0	0.00040	0
60	R	0.99998	0	0.00002	0
61	T	1.00000	0	0.00000	0
62	L	1.00000	0	0.00000	0
63	Q	1.00000	0	0.00000	0
64	T	1.00000	0	0.00000	0
65	P	1.00000	0	0.00000	0
66	T	0.89232	0	0.10768	0
67	N	0.18569	0	0.81431	0
68	Y	0.05705	0	0.94295	0
69	F	0.00045	0	0.99955	0
70	I	0.00000	0	1.00000	0
71	V	0.00000	0	1.00000	0
72	S	0.00000	0	1.00000	0
73	L	0.00000	0	1.00000	0
74	A	0.00000	0	1.00000	0
75	A	0.00000	0	1.00000	0
76	A	0.00000	0	1.00000	0
77	D	0.00000	0	1.00000	0
78	L	0.00000	0	1.00000	0
79	L	0.00000	0	1.00000	0
80	L	0.00000	0	1.00000	0
81	A	0.00000	0	1.00000	0
82	V	0.00000	0	1.00000	0
83	L	0.00000	0	1.00000	0
84	V	0.00000	0	1.00000	0
85	L	0.00000	3e-05	0.99997	0
86	P	0.00000	0.0008	0.99920	0
87	L	0.00000	0.00884	0.99116	0
88	F	0.00000	0.04195	0.95805	0
89	V	0.00000	0.28387	0.71613	0
90	Y	0.00000	0.78388	0.21612	0
91	S	0.00000	0.99997	0.00003	0
92	E	0.00000	1	0.00000	0
93	V	0.00000	1	0.00000	0
94	Q	0.00000	1	0.00000	0
95	G	0.00000	1	0.00000	0
96	G	0.00000	1	0.00000	0
97	V	0.00000	1	0.00000	0
98	W	0.00000	1	0.00000	0
99	L	0.00000	1	0.00000	0
100	L	0.00000	1	0.00000	0
101	S	0.00000	1	0.00000	0
102	P	0.00000	1	0.00000	0
103	R	0.00000	0.99999	0.00001	0
104	L	0.00000	0.99997	0.00003	0
105	C	0.00000	0.99996	0.00004	0
106	D	0.00000	0.99982	0.00018	0
107	T	0.00000	0.99922	0.00078	0
108	L	0.00000	0.50159	0.49841	0
109	M	0.00000	0.06481	0.93519	0
110	A	0.00000	0.01478	0.98522	0
111	M	0.00000	7e-05	0.99993	0
112	D	0.00000	1e-05	0.99999	0
113	V	0.00000	0	1.00000	0
114	M	0.00000	0	1.00000	0
115	L	0.00000	0	1.00000	0
116	C	0.00000	0	1.00000	0
117	T	0.00000	0	1.00000	0
118	A	0.00000	0	1.00000	0
119	S	0.00000	0	1.00000	0
120	I	0.00000	0	1.00000	0
121	F	0.00000	0	1.00000	0
122	N	0.00000	0	1.00000	0
123	L	0.00000	0	1.00000	0
124	C	0.00000	0	1.00000	0
125	A	0.00000	0	1.00000	0
126	I	0.00000	0	1.00000	0
127	S	0.00000	0	1.00000	0
128	V	0.00002	0	0.99998	0
129	D	0.00016	0	0.99984	0
130	R	0.09483	0	0.90517	0
131	F	0.33846	0	0.66154	0
132	V	0.97508	0	0.02492	0
133	A	0.99835	0	0.00165	0
134	V	1.00000	0	0.00000	0
135	T	1.00000	0	0.00000	0
136	V	1.00000	0	0.00000	0
137	P	1.00000	0	0.00000	0
138	L	1.00000	0	0.00000	0
139	R	1.00000	0	0.00000	0
140	Y	1.00000	0	0.00000	0
141	N	1.00000	0	0.00000	0
142	Q	1.00000	0	0.00000	0
143	Q	0.99994	0	0.00006	0
144	G	0.99104	0	0.00896	0
145	Q	0.97401	0	0.02599	0
146	C	0.13870	0	0.86130	0
147	Q	0.13028	0	0.86972	0
148	L	0.01819	0	0.98181	0
149	L	0.00093	0	0.99907	0
150	L	0.00002	0	0.99998	0
151	I	0.00000	0	1.00000	0
152	A	0.00000	0	1.00000	0
153	A	0.00000	0	1.00000	0
154	T	0.00000	0	1.00000	0
155	W	0.00000	0	1.00000	0
156	L	0.00000	0	1.00000	0
157	L	0.00000	0	1.00000	0
158	S	0.00000	0	1.00000	0
159	A	0.00000	0	1.00000	0
160	A	0.00000	0	1.00000	0
161	V	0.00000	0	1.00000	0
162	A	0.00000	0	1.00000	0
163	S	0.00000	0.00036	0.99964	0
164	P	0.00000	0.00354	0.99646	0
165	V	0.00000	0.01107	0.98893	0
166	V	0.00000	0.1125	0.88750	0
167	C	0.00000	0.81614	0.18386	0
168	G	0.00000	0.87081	0.12919	0
169	L	0.00000	0.88938	0.11062	0
170	N	0.00000	0.99403	0.00597	0
171	D	0.00000	0.99998	0.00002	0
172	V	0.00000	0.99998	0.00002	0
173	P	0.00000	1	0.00000	0
174	G	0.00000	1	0.00000	0
175	R	0.00000	1	0.00000	0
176	D	0.00000	1	0.00000	0
177	P	0.00000	1	0.00000	0
178	A	0.00000	1	0.00000	0
179	V	0.00000	1	0.00000	0
180	C	0.00000	1	0.00000	0
181	C	0.00000	1	0.00000	0
182	L	0.00000	1	0.00000	0
183	E	0.00000	1	0.00000	0
184	N	0.00000	1	0.00000	0
185	R	0.00000	0.99999	0.00001	0
186	D	0.00000	0.99783	0.00217	0
187	Y	0.00000	0.13918	0.86082	0
188	V	0.00000	0.03705	0.96295	0
189	V	0.00000	0.00206	0.99794	0
190	Y	0.00000	0.00011	0.99989	0
191	S	0.00000	9e-05	0.99991	0
192	S	0.00000	7e-05	0.99993	0
193	V	0.00000	6e-05	0.99994	0
194	C	0.00000	0	1.00000	0
195	S	0.00000	0	1.00000	0
196	F	0.00000	0	1.00000	0
197	F	0.00000	0	1.00000	0
198	L	0.00000	0	1.00000	0
199	P	0.00000	0	1.00000	0
200	C	0.00000	0	1.00000	0
201	P	0.00000	0	1.00000	0
202	L	0.00000	0	1.00000	0
203	M	0.00000	0	1.00000	0
204	L	0.00000	0	1.00000	0
205	L	0.00000	0	1.00000	0
206	L	0.00000	0	1.00000	0
207	Y	0.00000	0	1.00000	0
208	W	0.00025	0	0.99975	0
209	A	0.03298	0	0.96702	0
210	T	0.14618	0	0.85382	0
211	F	0.21952	0	0.78048	0
212	R	0.98471	0	0.01529	0
213	G	0.99238	0	0.00762	0
214	L	0.99482	0	0.00518	0
215	R	0.99973	0	0.00027	0
216	R	0.99998	0	0.00002	0
217	W	1.00000	0	0.00000	0
218	E	1.00000	0	0.00000	0
219	A	1.00000	0	0.00000	0
220	A	1.00000	0	0.00000	0
221	R	1.00000	0	0.00000	0
222	H	1.00000	0	0.00000	0
223	T	1.00000	0	0.00000	0
224	K	1.00000	0	0.00000	0
225	L	1.00000	0	0.00000	0
226	H	1.00000	0	0.00000	0
227	S	1.00000	0	0.00000	0
228	R	1.00000	0	0.00000	0
229	A	1.00000	0	0.00000	0
230	P	1.00000	0	0.00000	0
231	R	1.00000	0	0.00000	0
232	R	1.00000	0	0.00000	0
233	P	1.00000	0	0.00000	0
234	S	1.00000	0	0.00000	0
235	G	1.00000	0	0.00000	0
236	P	1.00000	0	0.00000	0
237	G	1.00000	0	0.00000	0
238	P	1.00000	0	0.00000	0
239	P	1.00000	0	0.00000	0
240	V	1.00000	0	0.00000	0
241	S	1.00000	0	0.00000	0
242	D	1.00000	0	0.00000	0
243	P	1.00000	0	0.00000	0
244	T	1.00000	0	0.00000	0
245	Q	1.00000	0	0.00000	0
246	G	1.00000	0	0.00000	0
247	P	1.00000	0	0.00000	0
248	F	1.00000	0	0.00000	0
249	F	1.00000	0	0.00000	0
250	P	1.00000	0	0.00000	0
251	D	1.00000	0	0.00000	0
252	C	1.00000	0	0.00000	0
253	P	1.00000	0	0.00000	0
254	P	1.00000	0	0.00000	0
255	P	1.00000	0	0.00000	0
256	L	1.00000	0	0.00000	0
257	P	1.00000	0	0.00000	0
258	S	1.00000	0	0.00000	0
259	L	1.00000	0	0.00000	0
260	R	1.00000	0	0.00000	0
261	T	1.00000	0	0.00000	0
262	S	1.00000	0	0.00000	0
263	P	1.00000	0	0.00000	0
264	S	1.00000	0	0.00000	0
265	D	1.00000	0	0.00000	0
266	S	1.00000	0	0.00000	0
267	S	1.00000	0	0.00000	0
268	R	1.00000	0	0.00000	0
269	P	1.00000	0	0.00000	0
270	E	1.00000	0	0.00000	0
271	S	1.00000	0	0.00000	0
272	E	1.00000	0	0.00000	0
273	L	1.00000	0	0.00000	0
274	S	1.00000	0	0.00000	0
275	Q	1.00000	0	0.00000	0
276	R	1.00000	0	0.00000	0
277	P	1.00000	0	0.00000	0
278	C	1.00000	0	0.00000	0
279	S	1.00000	0	0.00000	0
280	P	1.00000	0	0.00000	0
281	G	1.00000	0	0.00000	0
282	C	1.00000	0	0.00000	0
283	L	1.00000	0	0.00000	0
284	L	1.00000	0	0.00000	0
285	A	1.00000	0	0.00000	0
286	D	1.00000	0	0.00000	0
287	A	1.00000	0	0.00000	0
288	A	1.00000	0	0.00000	0
289	L	1.00000	0	0.00000	0
290	P	1.00000	0	0.00000	0
291	Q	1.00000	0	0.00000	0
292	P	1.00000	0	0.00000	0
293	P	1.00000	0	0.00000	0
294	E	1.00000	0	0.00000	0
295	P	1.00000	0	0.00000	0
296	S	1.00000	0	0.00000	0
297	S	1.00000	0	0.00000	0
298	R	1.00000	0	0.00000	0
299	R	1.00000	0	0.00000	0
300	R	1.00000	0	0.00000	0
301	R	1.00000	0	0.00000	0
302	G	1.00000	0	0.00000	0
303	A	1.00000	0	0.00000	0
304	K	1.00000	0	0.00000	0
305	I	1.00000	0	0.00000	0
306	T	1.00000	0	0.00000	0
307	G	1.00000	0	0.00000	0
308	R	1.00000	0	0.00000	0
309	E	1.00000	0	0.00000	0
310	R	0.78166	0	0.21834	0
311	K	0.76591	0	0.23409	0
312	A	0.03744	0	0.96256	0
313	M	0.01714	0	0.98286	0
314	R	0.01256	0	0.98744	0
315	V	0.00333	0	0.99667	0
316	L	0.00010	0	0.99990	0
317	P	0.00008	0	0.99992	0
318	V	0.00001	0	0.99999	0
319	V	0.00001	0	0.99999	0
320	V	0.00000	0	1.00000	0
321	G	0.00000	0	1.00000	0
322	A	0.00000	0	1.00000	0
323	F	0.00000	0	1.00000	0
324	L	0.00000	0	1.00000	0
325	V	0.00000	0	1.00000	0
326	C	0.00000	0	1.00000	0
327	W	0.00000	0	1.00000	0
328	T	0.00000	0	1.00000	0
329	P	0.00000	0	1.00000	0
330	F	0.00000	0	1.00000	0
331	F	0.00000	4e-05	0.99996	0
332	V	0.00000	0.00494	0.99506	0
333	V	0.00000	0.03388	0.96612	0
334	H	0.00000	0.17048	0.82952	0
335	I	0.00000	0.30514	0.69486	0
336	T	0.00000	0.76257	0.23743	0
337	R	0.00000	0.96737	0.03263	0
338	A	0.00000	0.97698	0.02302	0
339	L	0.00000	0.99571	0.00429	0
340	C	0.00000	0.99966	0.00034	0
341	P	0.00000	0.99994	0.00006	0
342	A	0.00000	0.99999	0.00001	0
343	C	0.00000	0.99999	0.00001	0
344	F	0.00000	0.99998	0.00002	0
345	V	0.00000	0.99995	0.00005	0
346	S	0.00000	0.9999	0.00010	0
347	P	0.00000	0.99978	0.00022	0
348	R	0.00000	0.9985	0.00150	0
349	L	0.00000	0.98319	0.01681	0
350	V	0.00000	0.97835	0.02165	0
351	S	0.00000	0.84097	0.15903	0
352	A	0.00000	0.01929	0.98071	0
353	V	0.00000	0.00131	0.99869	0
354	T	0.00000	0.00023	0.99977	0
355	W	0.00000	0	1.00000	0
356	L	0.00000	0	1.00000	0
357	G	0.00000	0	1.00000	0
358	Y	0.00000	0	1.00000	0
359	V	0.00000	0	1.00000	0
360	N	0.00000	0	1.00000	0
361	S	0.00000	0	1.00000	0
362	A	0.00000	0	1.00000	0
363	L	0.00000	0	1.00000	0
364	N	0.00000	0	1.00000	0
365	P	0.00000	0	1.00000	0
366	I	0.00000	0	1.00000	0
367	I	0.00000	0	1.00000	0
368	Y	0.00001	0	0.99999	0
369	T	0.00002	0	0.99998	0
370	I	0.00027	0	0.99973	0
371	F	0.01548	0	0.98452	0
372	N	0.29645	0	0.70355	0
373	A	0.89254	0	0.10746	0
374	E	1.00000	0	0.00000	0
375	F	1.00000	0	0.00000	0
376	R	1.00000	0	0.00000	0
377	S	1.00000	0	0.00000	0
378	V	1.00000	0	0.00000	0
379	F	1.00000	0	0.00000	0
380	R	1.00000	0	0.00000	0
381	K	1.00000	0	0.00000	0
382	T	1.00000	0	0.00000	0
383	L	1.00000	0	0.00000	0
384	R	1.00000	0	0.00000	0
385	L	1.00000	0	0.00000	0
386	R	1.00000	0	0.00000	0
387	C	1.00000	0	0.00000	0
