# UNNAMED
#pos	aa	i	o	M	S
1	M	0.00000	1	0.00000	0
2	T	0.00000	1	0.00000	0
3	S	0.00000	1	0.00000	0
4	N	0.00000	1	0.00000	0
5	E	0.00000	1	0.00000	0
6	T	0.00000	1	0.00000	0
7	D	0.00000	1	0.00000	0
8	V	0.00000	1	0.00000	0
9	Y	0.00000	1	0.00000	0
10	A	0.00000	1	0.00000	0
11	E	0.00000	1	0.00000	0
12	N	0.00000	1	0.00000	0
13	M	0.00000	1	0.00000	0
14	F	0.00000	1	0.00000	0
15	L	0.00000	1	0.00000	0
16	C	0.00000	1	0.00000	0
17	F	0.00000	1	0.00000	0
18	P	0.00000	1	0.00000	0
19	H	0.00000	1	0.00000	0
20	L	0.00000	1	0.00000	0
21	P	0.00000	1	0.00000	0
22	N	0.00000	1	0.00000	0
23	S	0.00000	1	0.00000	0
24	C	0.00000	1	0.00000	0
25	P	0.00000	1	0.00000	0
26	K	0.00000	1	0.00000	0
27	S	0.00000	1	0.00000	0
28	Q	0.00000	1	0.00000	0
29	R	0.00000	0.99998	0.00002	0
30	F	0.00000	0.99212	0.00788	0
31	V	0.00000	0.98951	0.01049	0
32	V	0.00000	0.98817	0.01183	0
33	V	0.00000	0.98772	0.01228	0
34	K	0.00000	0.97635	0.02365	0
35	L	0.00000	0.20396	0.79604	0
36	A	0.00000	0.13388	0.86612	0
37	M	0.00000	0.0941	0.90590	0
38	Y	0.00000	0.01858	0.98142	0
39	V	0.00000	0.00874	0.99126	0
40	C	0.00000	0.0077	0.99230	0
41	L	0.00000	0.00135	0.99865	0
42	L	0.00000	0.00047	0.99953	0
43	L	0.00000	0.00014	0.99986	0
44	M	0.00000	5e-05	0.99995	0
45	I	0.00000	0	1.00000	0
46	L	0.00000	0	1.00000	0
47	T	0.00000	0	1.00000	0
48	T	0.00000	0	1.00000	0
49	V	0.00000	0	1.00000	0
50	F	0.00000	0	1.00000	0
51	G	0.00000	0	1.00000	0
52	N	0.00000	0	1.00000	0
53	L	0.00000	0	1.00000	0
54	L	0.00000	0	1.00000	0
55	I	0.00000	0	1.00000	0
56	I	0.00004	0	0.99996	0
57	I	0.00402	0	0.99598	0
58	S	0.30703	0	0.69297	0
59	I	0.37781	0	0.62219	0
60	S	0.93640	0	0.06360	0
61	H	0.97847	0	0.02153	0
62	F	0.98674	0	0.01326	0
63	K	0.99952	0	0.00048	0
64	H	0.99990	0	0.00010	0
65	L	0.99994	0	0.00006	0
66	Q	1.00000	0	0.00000	0
67	S	1.00000	0	0.00000	0
68	P	1.00000	0	0.00000	0
69	T	0.55250	0	0.44750	0
70	H	0.04851	0	0.95149	0
71	L	0.00773	0	0.99227	0
72	I	0.00005	0	0.99995	0
73	V	0.00001	0	0.99999	0
74	R	0.00001	0	0.99999	0
75	S	0.00000	0	1.00000	0
76	L	0.00000	0	1.00000	0
77	A	0.00000	0	1.00000	0
78	A	0.00000	0	1.00000	0
79	S	0.00000	0	1.00000	0
80	D	0.00000	0	1.00000	0
81	C	0.00000	0	1.00000	0
82	L	0.00000	0	1.00000	0
83	L	0.00000	0	1.00000	0
84	G	0.00000	0	1.00000	0
85	S	0.00000	0	1.00000	0
86	L	0.00000	0	1.00000	0
87	V	0.00000	3e-05	0.99997	0
88	M	0.00000	0.00143	0.99857	0
89	P	0.00000	0.0467	0.95330	0
90	Y	0.00000	0.13413	0.86587	0
91	S	0.00000	0.35612	0.64388	0
92	M	0.00000	0.43259	0.56741	0
93	V	0.00000	0.67508	0.32492	0
94	R	0.00000	0.99994	0.00006	0
95	S	0.00000	0.99997	0.00003	0
96	V	0.00000	0.99998	0.00002	0
97	E	0.00000	1	0.00000	0
98	G	0.00000	1	0.00000	0
99	C	0.00000	1	0.00000	0
100	W	0.00000	1	0.00000	0
101	Y	0.00000	1	0.00000	0
102	L	0.00000	1	0.00000	0
103	G	0.00000	1	0.00000	0
104	D	0.00000	1	0.00000	0
105	V	0.00000	0.99999	0.00001	0
106	V	0.00000	0.9999	0.00010	0
107	C	0.00000	0.99989	0.00011	0
108	K	0.00000	0.99981	0.00019	0
109	V	0.00000	0.99433	0.00567	0
110	H	0.00000	0.53656	0.46344	0
111	S	0.00000	0.37101	0.62899	0
112	S	0.00000	0.2554	0.74460	0
113	L	0.00000	0.00383	0.99617	0
114	D	0.00000	0.00246	0.99754	0
115	M	0.00000	2e-05	0.99998	0
116	T	0.00000	0	1.00000	0
117	F	0.00000	0	1.00000	0
118	C	0.00000	0	1.00000	0
119	I	0.00000	0	1.00000	0
120	S	0.00000	0	1.00000	0
121	S	0.00000	0	1.00000	0
122	L	0.00000	0	1.00000	0
123	L	0.00000	0	1.00000	0
124	H	0.00000	0	1.00000	0
125	L	0.00000	0	1.00000	0
126	G	0.00000	0	1.00000	0
127	L	0.00000	0	1.00000	0
128	V	0.00000	0	1.00000	0
129	S	0.00000	0	1.00000	0
130	I	0.00001	0	0.99999	0
131	D	0.00004	0	0.99996	0
132	R	0.06466	0	0.93534	0
133	Y	0.77522	0	0.22478	0
134	W	0.88472	0	0.11528	0
135	A	0.98208	0	0.01792	0
136	I	0.99999	0	0.00001	0
137	C	1.00000	0	0.00000	0
138	D	1.00000	0	0.00000	0
139	P	1.00000	0	0.00000	0
140	L	1.00000	0	0.00000	0
141	R	1.00000	0	0.00000	0
142	Y	1.00000	0	0.00000	0
143	R	1.00000	0	0.00000	0
144	I	1.00000	0	0.00000	0
145	R	0.99999	0	0.00001	0
146	V	0.99926	0	0.00074	0
147	T	0.99891	0	0.00109	0
148	N	0.99692	0	0.00308	0
149	T	0.98637	0	0.01363	0
150	T	0.43207	0	0.56793	0
151	V	0.12272	0	0.87728	0
152	T	0.05624	0	0.94376	0
153	L	0.00602	0	0.99398	0
154	Y	0.00044	0	0.99956	0
155	T	0.00007	0	0.99993	0
156	I	0.00000	0	1.00000	0
157	F	0.00000	0	1.00000	0
158	I	0.00000	0	1.00000	0
159	W	0.00000	0	1.00000	0
160	L	0.00000	0	1.00000	0
161	F	0.00000	0	1.00000	0
162	S	0.00000	0	1.00000	0
163	F	0.00000	0	1.00000	0
164	L	0.00000	0	1.00000	0
165	Y	0.00000	0	1.00000	0
166	S	0.00000	3e-05	0.99997	0
167	F	0.00000	5e-05	0.99995	0
168	V	0.00000	0.00032	0.99968	0
169	I	0.00000	0.00176	0.99824	0
170	V	0.00000	0.034	0.96600	0
171	F	0.00000	0.10276	0.89724	0
172	S	0.00000	0.69581	0.30419	0
173	G	0.00000	0.89394	0.10606	0
174	V	0.00000	0.93594	0.06406	0
175	N	0.00000	0.99626	0.00374	0
176	R	0.00000	0.99985	0.00015	0
177	I	0.00000	0.99991	0.00009	0
178	G	0.00000	0.99998	0.00002	0
179	L	0.00000	0.99999	0.00001	0
180	E	0.00000	1	0.00000	0
181	T	0.00000	1	0.00000	0
182	F	0.00000	1	0.00000	0
183	I	0.00000	1	0.00000	0
184	M	0.00000	1	0.00000	0
185	Q	0.00000	1	0.00000	0
186	V	0.00000	1	0.00000	0
187	Y	0.00000	1	0.00000	0
188	C	0.00000	1	0.00000	0
189	V	0.00000	1	0.00000	0
190	G	0.00000	1	0.00000	0
191	S	0.00000	1	0.00000	0
192	C	0.00000	0.99996	0.00004	0
193	V	0.00000	0.97181	0.02819	0
194	L	0.00000	0.95683	0.04317	0
195	F	0.00000	0.95674	0.04326	0
196	F	0.00000	0.95648	0.04352	0
197	N	0.00000	0.95648	0.04352	0
198	K	0.00000	0.95645	0.04355	0
199	E	0.00000	0.93522	0.06478	0
200	W	0.00000	0.05284	0.94716	0
201	G	0.00000	0.02282	0.97718	0
202	L	0.00000	0.0127	0.98730	0
203	I	0.00000	0.00276	0.99724	0
204	C	0.00000	0.00239	0.99761	0
205	P	0.00000	0.00127	0.99873	0
206	V	0.00000	0.00077	0.99923	0
207	L	0.00000	0	1.00000	0
208	T	0.00000	0	1.00000	0
209	F	0.00000	0	1.00000	0
210	F	0.00000	0	1.00000	0
211	I	0.00000	0	1.00000	0
212	P	0.00000	0	1.00000	0
213	G	0.00000	0	1.00000	0
214	A	0.00001	0	0.99999	0
215	I	0.00008	0	0.99992	0
216	M	0.00153	0	0.99847	0
217	S	0.00406	0	0.99594	0
218	S	0.01201	0	0.98799	0
219	L	0.01471	0	0.98529	0
220	Y	0.02071	0	0.97929	0
221	M	0.03581	0	0.96419	0
222	K	0.05043	0	0.94957	0
223	I	0.05383	0	0.94617	0
224	F	0.13353	0	0.86647	0
225	H	0.84157	0	0.15843	0
226	V	0.88310	0	0.11690	0
227	A	0.99420	0	0.00580	0
228	R	0.99967	0	0.00033	0
229	K	0.99997	0	0.00003	0
230	H	1.00000	0	0.00000	0
231	A	1.00000	0	0.00000	0
232	K	1.00000	0	0.00000	0
233	V	1.00000	0	0.00000	0
234	M	1.00000	0	0.00000	0
235	S	1.00000	0	0.00000	0
236	E	1.00000	0	0.00000	0
237	R	1.00000	0	0.00000	0
238	V	1.00000	0	0.00000	0
239	T	1.00000	0	0.00000	0
240	G	1.00000	0	0.00000	0
241	G	1.00000	0	0.00000	0
242	L	1.00000	0	0.00000	0
243	K	1.00000	0	0.00000	0
244	S	1.00000	0	0.00000	0
245	Q	1.00000	0	0.00000	0
246	S	1.00000	0	0.00000	0
247	S	1.00000	0	0.00000	0
248	A	1.00000	0	0.00000	0
249	Q	1.00000	0	0.00000	0
250	R	1.00000	0	0.00000	0
251	E	1.00000	0	0.00000	0
252	R	0.99570	0	0.00430	0
253	K	0.99525	0	0.00475	0
254	A	0.93820	0	0.06180	0
255	A	0.93204	0	0.06796	0
256	K	0.84047	0	0.15953	0
257	T	0.64423	0	0.35577	0
258	L	0.00950	0	0.99050	0
259	A	0.00050	0	0.99950	0
260	I	0.00015	0	0.99985	0
261	V	0.00014	0	0.99986	0
262	M	0.00013	0	0.99987	0
263	G	0.00001	0	0.99999	0
264	V	0.00000	0	1.00000	0
265	F	0.00000	0	1.00000	0
266	L	0.00000	0	1.00000	0
267	L	0.00000	0	1.00000	0
268	C	0.00000	0	1.00000	0
269	W	0.00000	0	1.00000	0
270	T	0.00000	0	1.00000	0
271	P	0.00000	0	1.00000	0
272	I	0.00000	0	1.00000	0
273	F	0.00000	0	1.00000	0
274	I	0.00000	4e-05	0.99996	0
275	A	0.00000	0.00047	0.99953	0
276	S	0.00000	0.00316	0.99684	0
277	I	0.00000	0.00974	0.99026	0
278	I	0.00000	0.0866	0.91340	0
279	D	0.00000	0.76582	0.23418	0
280	S	0.00000	0.76949	0.23051	0
281	F	0.00000	0.77108	0.22892	0
282	L	0.00000	0.78313	0.21687	0
283	N	0.00000	0.83439	0.16561	0
284	F	0.00000	0.83952	0.16048	0
285	V	0.00000	0.88691	0.11309	0
286	T	0.00000	0.97501	0.02499	0
287	P	0.00000	0.99534	0.00466	0
288	A	0.00000	0.99772	0.00228	0
289	G	0.00000	0.99952	0.00048	0
290	V	0.00000	0.9976	0.00240	0
291	F	0.00000	0.99672	0.00328	0
292	D	0.00000	0.95291	0.04709	0
293	A	0.00000	0.05556	0.94444	0
294	L	0.00000	0.01132	0.98868	0
295	I	0.00000	0.002	0.99800	0
296	W	0.00000	0.00018	0.99982	0
297	F	0.00000	0	1.00000	0
298	G	0.00000	0	1.00000	0
299	Y	0.00000	0	1.00000	0
300	F	0.00000	0	1.00000	0
301	N	0.00009	0	0.99991	0
302	S	0.00009	0	0.99991	0
303	T	0.00009	0	0.99991	0
304	C	0.00009	0	0.99990	0
305	N	0.00009	0	0.99990	0
306	P	0.00010	0	0.99990	0
307	L	0.00010	0	0.99990	0
308	I	0.00010	0	0.99990	0
309	Y	0.00010	0	0.99990	0
310	G	0.00012	0	0.99988	0
311	F	0.00019	0	0.99980	0
312	F	0.00250	0	0.99750	0
313	Y	0.05223	0	0.94777	0
314	S	0.55258	0	0.44741	0
315	C	0.70917	0	0.29082	0
316	F	0.79432	0	0.20568	0
317	Q	0.99903	0	0.00097	0
318	K	1.00000	0	0.00000	0
319	A	1.00000	0	0.00000	0
320	F	1.00000	0	0.00000	0
321	K	1.00000	0	0.00000	0
322	I	1.00000	0	0.00000	0
323	L	1.00000	0	0.00000	0
324	L	1.00000	0	0.00000	0
325	S	1.00000	0	0.00000	0
326	S	1.00000	0	0.00000	0
327	L	1.00000	0	0.00000	0
328	F	1.00000	0	0.00000	0
329	L	1.00000	0	0.00000	0
330	G	1.00000	0	0.00000	0
331	F	1.00000	0	0.00000	0
332	G	1.00000	0	0.00000	0
333	N	1.00000	0	0.00000	0
334	S	1.00000	0	0.00000	0
335	S	1.00000	0	0.00000	0
336	T	1.00000	0	0.00000	0
337	L	1.00000	0	0.00000	0
338	T	1.00000	0	0.00000	0
339	F	1.00000	0	0.00000	0
340	E	1.00000	0	0.00000	0
