# UNNAMED
#pos	aa	i	o	M	S
1	M	0.00000	0.99981	0.00000	0.00019
2	D	0.00000	0.99981	0.00000	0.00019
3	P	0.00000	0.99981	0.00000	0.00019
4	L	0.00000	0.99981	0.00000	0.00019
5	N	0.00000	0.99981	0.00000	0.00019
6	L	0.00000	0.99981	0.00000	0.00019
7	S	0.00000	0.99981	0.00000	0.00019
8	W	0.00000	0.99981	0.00000	0.00019
9	Y	0.00000	0.99981	0.00000	0.00019
10	N	0.00000	0.99981	0.00000	0.00019
11	S	0.00000	0.99981	0.00000	0.00019
12	G	0.00000	0.99981	0.00000	0.00019
13	D	0.00000	0.99981	0.00000	0.00019
14	R	0.00000	0.99981	0.00000	0.00019
15	N	0.00000	0.99981	0.00000	0.00019
16	W	0.00000	0.99981	0.00000	0.00019
17	S	0.00000	0.99981	0.00000	0.00019
18	K	0.00000	1	0.00000	0
19	P	0.00000	1	0.00000	0
20	L	0.00000	1	0.00000	0
21	N	0.00000	1	0.00000	0
22	E	0.00000	1	0.00000	0
23	S	0.00000	1	0.00000	0
24	S	0.00000	1	0.00000	0
25	A	0.00000	1	0.00000	0
26	D	0.00000	1	0.00000	0
27	Q	0.00000	1	0.00000	0
28	K	0.00000	1	0.00000	0
29	P	0.00000	0.99996	0.00004	0
30	Q	0.00000	0.98881	0.01119	0
31	Y	0.00000	0.91587	0.08413	0
32	N	0.00000	0.88307	0.11693	0
33	Y	0.00000	0.21949	0.78051	0
34	Y	0.00000	0.08476	0.91524	0
35	A	0.00000	0.02582	0.97418	0
36	V	0.00000	0.00356	0.99644	0
37	L	0.00000	0.00105	0.99895	0
38	L	0.00000	0.00014	0.99986	0
39	T	0.00000	1e-05	0.99999	0
40	L	0.00000	0	1.00000	0
41	L	0.00000	0	1.00000	0
42	I	0.00000	0	1.00000	0
43	F	0.00000	0	1.00000	0
44	V	0.00000	0	1.00000	0
45	I	0.00000	0	1.00000	0
46	V	0.00000	0	1.00000	0
47	F	0.00000	0	1.00000	0
48	G	0.00000	0	1.00000	0
49	N	0.00000	0	1.00000	0
50	V	0.00000	0	1.00000	0
51	L	0.00000	0	1.00000	0
52	V	0.00002	0	0.99998	0
53	C	0.00034	0	0.99966	0
54	M	0.01000	0	0.99000	0
55	A	0.10323	0	0.89677	0
56	V	0.28995	0	0.71005	0
57	S	0.92126	0	0.07874	0
58	R	0.99826	0	0.00174	0
59	E	0.99998	0	0.00002	0
60	K	1.00000	0	0.00000	0
61	A	1.00000	0	0.00000	0
62	L	1.00000	0	0.00000	0
63	Q	1.00000	0	0.00000	0
64	T	0.99989	0	0.00011	0
65	T	0.99680	0	0.00320	0
66	T	0.88091	0	0.11909	0
67	N	0.16253	0	0.83747	0
68	Y	0.04480	0	0.95520	0
69	L	0.00038	0	0.99962	0
70	I	0.00000	0	1.00000	0
71	V	0.00000	0	1.00000	0
72	S	0.00000	0	1.00000	0
73	L	0.00000	0	1.00000	0
74	A	0.00000	0	1.00000	0
75	V	0.00000	0	1.00000	0
76	A	0.00000	0	1.00000	0
77	D	0.00000	0	1.00000	0
78	L	0.00000	0	1.00000	0
79	L	0.00000	0	1.00000	0
80	V	0.00000	0	1.00000	0
81	A	0.00000	0	1.00000	0
82	T	0.00000	0	1.00000	0
83	L	0.00000	0	1.00000	0
84	V	0.00000	0	1.00000	0
85	M	0.00000	5e-05	0.99995	0
86	P	0.00000	0.00104	0.99896	0
87	W	0.00000	0.01108	0.98892	0
88	V	0.00000	0.06378	0.93622	0
89	V	0.00000	0.34131	0.65869	0
90	Y	0.00000	0.89809	0.10191	0
91	L	0.00000	0.9998	0.00020	0
92	E	0.00000	1	0.00000	0
93	V	0.00000	1	0.00000	0
94	V	0.00000	1	0.00000	0
95	G	0.00000	1	0.00000	0
96	E	0.00000	1	0.00000	0
97	W	0.00000	1	0.00000	0
98	R	0.00000	1	0.00000	0
99	F	0.00000	1	0.00000	0
100	S	0.00000	1	0.00000	0
101	R	0.00000	1	0.00000	0
102	I	0.00000	0.99999	0.00001	0
103	H	0.00000	0.99996	0.00004	0
104	C	0.00000	0.99984	0.00016	0
105	D	0.00000	0.99885	0.00115	0
106	I	0.00000	0.99251	0.00749	0
107	F	0.00000	0.39567	0.60433	0
108	V	0.00000	0.0717	0.92830	0
109	T	0.00000	0.03082	0.96918	0
110	L	0.00000	0.00026	0.99974	0
111	D	0.00000	6e-05	0.99994	0
112	V	0.00000	0	1.00000	0
113	M	0.00000	0	1.00000	0
114	M	0.00000	0	1.00000	0
115	C	0.00000	0	1.00000	0
116	T	0.00000	0	1.00000	0
117	A	0.00000	0	1.00000	0
118	S	0.00000	0	1.00000	0
119	I	0.00000	0	1.00000	0
120	L	0.00000	0	1.00000	0
121	N	0.00000	0	1.00000	0
122	L	0.00000	0	1.00000	0
123	C	0.00000	0	1.00000	0
124	A	0.00000	0	1.00000	0
125	I	0.00000	0	1.00000	0
126	S	0.00000	0	1.00000	0
127	I	0.00000	0	1.00000	0
128	D	0.00001	0	0.99999	0
129	R	0.02106	0	0.97894	0
130	Y	0.44938	0	0.55062	0
131	T	0.91358	0	0.08642	0
132	A	0.99176	0	0.00824	0
133	V	1.00000	0	0.00000	0
134	A	1.00000	0	0.00000	0
135	M	1.00000	0	0.00000	0
136	P	1.00000	0	0.00000	0
137	M	1.00000	0	0.00000	0
138	L	1.00000	0	0.00000	0
139	Y	1.00000	0	0.00000	0
140	N	1.00000	0	0.00000	0
141	T	1.00000	0	0.00000	0
142	R	1.00000	0	0.00000	0
143	Y	1.00000	0	0.00000	0
144	S	1.00000	0	0.00000	0
145	S	0.99999	0	0.00001	0
146	K	0.99996	0	0.00004	0
147	R	0.99806	0	0.00194	0
148	R	0.97181	0	0.02819	0
149	V	0.24062	0	0.75938	0
150	T	0.14154	0	0.85846	0
151	V	0.00251	0	0.99749	0
152	M	0.00005	0	0.99995	0
153	I	0.00000	0	1.00000	0
154	A	0.00000	0	1.00000	0
155	V	0.00000	0	1.00000	0
156	V	0.00000	0	1.00000	0
157	W	0.00000	0	1.00000	0
158	V	0.00000	0	1.00000	0
159	L	0.00000	0	1.00000	0
160	S	0.00000	0	1.00000	0
161	F	0.00000	0	1.00000	0
162	A	0.00000	0	1.00000	0
163	I	0.00000	0	1.00000	0
164	S	0.00000	0	1.00000	0
165	S	0.00000	0	1.00000	0
166	P	0.00000	2e-05	0.99998	0
167	I	0.00000	7e-05	0.99993	0
168	L	0.00000	0.00114	0.99886	0
169	F	0.00000	0.03216	0.96784	0
170	G	0.00000	0.4054	0.59460	0
171	L	0.00000	0.52253	0.47747	0
172	N	0.00000	0.98121	0.01879	0
173	K	0.00000	0.99994	0.00006	0
174	A	0.00000	0.99998	0.00002	0
175	D	0.00000	1	0.00000	0
176	E	0.00000	1	0.00000	0
177	K	0.00000	1	0.00000	0
178	E	0.00000	1	0.00000	0
179	C	0.00000	1	0.00000	0
180	I	0.00000	1	0.00000	0
181	I	0.00000	1	0.00000	0
182	A	0.00000	0.99999	0.00001	0
183	N	0.00000	0.99995	0.00005	0
184	P	0.00000	0.99692	0.00308	0
185	A	0.00000	0.73715	0.26285	0
186	F	0.00000	0.39854	0.60146	0
187	V	0.00000	0.36238	0.63762	0
188	V	0.00000	0.32942	0.67058	0
189	Y	0.00000	0.21989	0.78011	0
190	S	0.00000	0.21453	0.78547	0
191	S	0.00000	0.13201	0.86799	0
192	V	0.00000	0.05652	0.94348	0
193	V	0.00000	2e-05	0.99998	0
194	S	0.00000	0	1.00000	0
195	F	0.00000	0	1.00000	0
196	Y	0.00000	0	1.00000	0
197	V	0.00000	0	1.00000	0
198	P	0.00000	0	1.00000	0
199	F	0.00000	0	1.00000	0
200	I	0.00000	0	1.00000	0
201	V	0.00000	0	1.00000	0
202	T	0.00000	0	1.00000	0
203	L	0.00000	0	1.00000	0
204	L	0.00000	0	1.00000	0
205	V	0.00000	0	1.00000	0
206	Y	0.00003	0	0.99997	0
207	V	0.00141	0	0.99859	0
208	Q	0.04378	0	0.95622	0
209	I	0.04570	0	0.95430	0
210	Y	0.05908	0	0.94092	0
211	I	0.12990	0	0.87010	0
212	V	0.18208	0	0.81792	0
213	L	0.29173	0	0.70827	0
214	R	0.95457	0	0.04543	0
215	K	0.99909	0	0.00091	0
216	R	0.99993	0	0.00007	0
217	R	1.00000	0	0.00000	0
218	K	1.00000	0	0.00000	0
219	R	1.00000	0	0.00000	0
220	V	1.00000	0	0.00000	0
221	T	1.00000	0	0.00000	0
222	T	1.00000	0	0.00000	0
223	K	1.00000	0	0.00000	0
224	R	1.00000	0	0.00000	0
225	S	1.00000	0	0.00000	0
226	S	1.00000	0	0.00000	0
227	H	1.00000	0	0.00000	0
228	V	1.00000	0	0.00000	0
229	L	1.00000	0	0.00000	0
230	D	1.00000	0	0.00000	0
231	S	1.00000	0	0.00000	0
232	D	1.00000	0	0.00000	0
233	T	1.00000	0	0.00000	0
234	Q	1.00000	0	0.00000	0
235	A	1.00000	0	0.00000	0
236	P	1.00000	0	0.00000	0
237	L	1.00000	0	0.00000	0
238	K	1.00000	0	0.00000	0
239	D	1.00000	0	0.00000	0
240	K	1.00000	0	0.00000	0
241	C	1.00000	0	0.00000	0
242	T	1.00000	0	0.00000	0
243	H	1.00000	0	0.00000	0
244	P	1.00000	0	0.00000	0
245	E	1.00000	0	0.00000	0
246	D	1.00000	0	0.00000	0
247	V	1.00000	0	0.00000	0
248	K	1.00000	0	0.00000	0
249	L	1.00000	0	0.00000	0
250	C	1.00000	0	0.00000	0
251	T	1.00000	0	0.00000	0
252	V	1.00000	0	0.00000	0
253	I	1.00000	0	0.00000	0
254	V	1.00000	0	0.00000	0
255	K	1.00000	0	0.00000	0
256	S	1.00000	0	0.00000	0
257	N	1.00000	0	0.00000	0
258	G	1.00000	0	0.00000	0
259	S	1.00000	0	0.00000	0
260	F	1.00000	0	0.00000	0
261	Q	1.00000	0	0.00000	0
262	V	1.00000	0	0.00000	0
263	N	1.00000	0	0.00000	0
264	K	1.00000	0	0.00000	0
265	R	1.00000	0	0.00000	0
266	K	1.00000	0	0.00000	0
267	V	1.00000	0	0.00000	0
268	E	1.00000	0	0.00000	0
269	A	1.00000	0	0.00000	0
270	E	1.00000	0	0.00000	0
271	S	1.00000	0	0.00000	0
272	H	1.00000	0	0.00000	0
273	I	1.00000	0	0.00000	0
274	E	1.00000	0	0.00000	0
275	M	1.00000	0	0.00000	0
276	E	1.00000	0	0.00000	0
277	M	1.00000	0	0.00000	0
278	E	1.00000	0	0.00000	0
279	M	1.00000	0	0.00000	0
280	V	1.00000	0	0.00000	0
281	S	1.00000	0	0.00000	0
282	S	1.00000	0	0.00000	0
283	T	1.00000	0	0.00000	0
284	S	1.00000	0	0.00000	0
285	P	1.00000	0	0.00000	0
286	P	1.00000	0	0.00000	0
287	E	1.00000	0	0.00000	0
288	R	1.00000	0	0.00000	0
289	T	1.00000	0	0.00000	0
290	L	1.00000	0	0.00000	0
291	A	1.00000	0	0.00000	0
292	K	1.00000	0	0.00000	0
293	P	1.00000	0	0.00000	0
294	A	1.00000	0	0.00000	0
295	A	1.00000	0	0.00000	0
296	P	1.00000	0	0.00000	0
297	S	1.00000	0	0.00000	0
298	N	1.00000	0	0.00000	0
299	H	1.00000	0	0.00000	0
300	Q	1.00000	0	0.00000	0
301	L	1.00000	0	0.00000	0
302	V	1.00000	0	0.00000	0
303	V	1.00000	0	0.00000	0
304	P	1.00000	0	0.00000	0
305	I	1.00000	0	0.00000	0
306	A	1.00000	0	0.00000	0
307	S	1.00000	0	0.00000	0
308	R	1.00000	0	0.00000	0
309	R	1.00000	0	0.00000	0
310	C	1.00000	0	0.00000	0
311	T	1.00000	0	0.00000	0
312	L	1.00000	0	0.00000	0
313	D	1.00000	0	0.00000	0
314	S	1.00000	0	0.00000	0
315	P	1.00000	0	0.00000	0
316	G	1.00000	0	0.00000	0
317	K	1.00000	0	0.00000	0
318	V	1.00000	0	0.00000	0
319	E	1.00000	0	0.00000	0
320	K	1.00000	0	0.00000	0
321	N	1.00000	0	0.00000	0
322	G	1.00000	0	0.00000	0
323	H	1.00000	0	0.00000	0
324	A	1.00000	0	0.00000	0
325	K	1.00000	0	0.00000	0
326	E	1.00000	0	0.00000	0
327	N	1.00000	0	0.00000	0
328	L	1.00000	0	0.00000	0
329	H	1.00000	0	0.00000	0
330	T	1.00000	0	0.00000	0
331	A	1.00000	0	0.00000	0
332	K	1.00000	0	0.00000	0
333	V	1.00000	0	0.00000	0
334	F	1.00000	0	0.00000	0
335	E	1.00000	0	0.00000	0
336	I	1.00000	0	0.00000	0
337	Q	1.00000	0	0.00000	0
338	S	1.00000	0	0.00000	0
339	M	1.00000	0	0.00000	0
340	P	1.00000	0	0.00000	0
341	N	1.00000	0	0.00000	0
342	G	1.00000	0	0.00000	0
343	K	1.00000	0	0.00000	0
344	T	1.00000	0	0.00000	0
345	R	1.00000	0	0.00000	0
346	S	1.00000	0	0.00000	0
347	T	1.00000	0	0.00000	0
348	L	1.00000	0	0.00000	0
349	L	1.00000	0	0.00000	0
350	K	1.00000	0	0.00000	0
351	A	1.00000	0	0.00000	0
352	M	1.00000	0	0.00000	0
353	N	1.00000	0	0.00000	0
354	R	1.00000	0	0.00000	0
355	R	1.00000	0	0.00000	0
356	K	1.00000	0	0.00000	0
357	L	1.00000	0	0.00000	0
358	S	1.00000	0	0.00000	0
359	Q	1.00000	0	0.00000	0
360	Q	1.00000	0	0.00000	0
361	K	1.00000	0	0.00000	0
362	E	1.00000	0	0.00000	0
363	K	0.99682	0	0.00318	0
364	K	0.99660	0	0.00340	0
365	A	0.97054	0	0.02946	0
366	T	0.96774	0	0.03226	0
367	Q	0.87471	0	0.12529	0
368	M	0.85832	0	0.14168	0
369	L	0.00928	0	0.99072	0
370	A	0.00011	0	0.99989	0
371	I	0.00000	0	1.00000	0
372	V	0.00000	0	1.00000	0
373	L	0.00000	0	1.00000	0
374	G	0.00000	0	1.00000	0
375	V	0.00000	0	1.00000	0
376	F	0.00000	0	1.00000	0
377	I	0.00000	0	1.00000	0
378	I	0.00000	0	1.00000	0
379	C	0.00000	0	1.00000	0
380	W	0.00000	0	1.00000	0
381	L	0.00000	0	1.00000	0
382	P	0.00000	0	1.00000	0
383	F	0.00000	0	1.00000	0
384	F	0.00000	0	1.00000	0
385	I	0.00000	0.00012	0.99988	0
386	T	0.00000	0.00129	0.99871	0
387	H	0.00000	0.00272	0.99728	0
388	I	0.00000	0.00504	0.99496	0
389	L	0.00000	0.02552	0.97448	0
390	N	0.00000	0.26106	0.73894	0
391	M	0.00000	0.33169	0.66831	0
392	H	0.00000	0.97875	0.02125	0
393	C	0.00000	0.9979	0.00210	0
394	D	0.00000	1	0.00000	0
395	C	0.00000	1	0.00000	0
396	N	0.00000	0.99999	0.00001	0
397	I	0.00000	0.99969	0.00031	0
398	P	0.00000	0.99934	0.00066	0
399	P	0.00000	0.99856	0.00144	0
400	A	0.00000	0.99077	0.00923	0
401	M	0.00000	0.98341	0.01659	0
402	Y	0.00000	0.98227	0.01773	0
403	S	0.00000	0.82628	0.17372	0
404	A	0.00000	0.021	0.97900	0
405	F	0.00000	0.00248	0.99752	0
406	T	0.00000	0.0006	0.99940	0
407	W	0.00000	0	1.00000	0
408	L	0.00000	0	1.00000	0
409	G	0.00000	0	1.00000	0
410	Y	0.00000	0	1.00000	0
411	V	0.00000	0	1.00000	0
412	N	0.00000	0	1.00000	0
413	S	0.00000	0	1.00000	0
414	A	0.00000	0	1.00000	0
415	V	0.00000	0	1.00000	0
416	N	0.00000	0	1.00000	0
417	P	0.00000	0	1.00000	0
418	I	0.00000	0	1.00000	0
419	I	0.00001	0	0.99999	0
420	Y	0.00011	0	0.99989	0
421	T	0.00048	0	0.99952	0
422	T	0.00140	0	0.99860	0
423	F	0.04829	0	0.95171	0
424	N	0.51080	0	0.48920	0
425	I	0.74308	0	0.25692	0
426	E	1.00000	0	0.00000	0
427	F	1.00000	0	0.00000	0
428	R	1.00000	0	0.00000	0
429	K	1.00000	0	0.00000	0
430	A	1.00000	0	0.00000	0
431	F	1.00000	0	0.00000	0
432	M	1.00000	0	0.00000	0
433	K	1.00000	0	0.00000	0
434	I	1.00000	0	0.00000	0
435	L	1.00000	0	0.00000	0
436	H	1.00000	0	0.00000	0
437	C	1.00000	0	0.00000	0
