# UNNAMED
#pos	aa	i	o	M	S
1	M	0.00000	0.51543	0.00000	0.48457
2	G	0.00000	0.51543	0.00000	0.48457
3	A	0.00000	0.51543	0.00000	0.48457
4	G	0.00000	0.51543	0.00000	0.48457
5	V	0.00000	0.51543	0.00000	0.48458
6	L	0.00000	0.51543	0.00000	0.48457
7	V	0.00000	0.51543	0.00000	0.48457
8	L	0.00000	0.51543	0.00000	0.48457
9	G	0.00000	0.51543	0.00000	0.48457
10	A	0.00000	0.51543	0.00000	0.48458
11	S	0.00000	0.51543	0.00000	0.48457
12	E	0.00000	0.51543	0.00000	0.48457
13	P	0.00000	0.51543	0.00000	0.48457
14	G	0.00000	0.51547	0.00000	0.48453
15	N	0.00000	0.51552	0.00000	0.48449
16	L	0.00000	0.51551	0.00000	0.48449
17	S	0.00000	0.51558	0.00000	0.48441
18	S	0.00000	0.68897	0.00000	0.31103
19	A	0.00000	0.75337	0.00000	0.24662
20	A	0.00000	0.9997	0.00000	0.0003
21	P	0.00000	0.99971	0.00000	0.00029
22	L	0.00000	0.99971	0.00000	0.00028
23	P	0.00000	0.99972	0.00000	0.00028
24	D	0.00000	0.99972	0.00000	0.00028
25	G	0.00000	0.99972	0.00000	0.00028
26	A	0.00000	0.99972	0.00000	0.00028
27	A	0.00000	0.99972	0.00000	0.00028
28	T	0.00000	0.99982	0.00000	0.00019
29	A	0.00000	0.99989	0.00000	0.00011
30	A	0.00000	0.99999	0.00000	1e-05
31	R	0.00000	1	0.00000	0
32	L	0.00000	1	0.00000	0
33	L	0.00000	1	0.00000	0
34	V	0.00000	1	0.00000	0
35	P	0.00000	1	0.00000	0
36	A	0.00000	1	0.00000	0
37	S	0.00000	1	0.00000	0
38	P	0.00000	1	0.00000	0
39	P	0.00000	1	0.00000	0
40	A	0.00000	1	0.00000	0
41	S	0.00000	1	0.00000	0
42	L	0.00000	1	0.00000	0
43	L	0.00000	1	0.00000	0
44	P	0.00000	1	0.00000	0
45	P	0.00000	1	0.00000	0
46	A	0.00000	1	0.00000	0
47	S	0.00000	1	0.00000	0
48	E	0.00000	1	0.00000	0
49	S	0.00000	1	0.00000	0
50	P	0.00000	1	0.00000	0
51	E	0.00000	1	0.00000	0
52	P	0.00000	1	0.00000	0
53	L	0.00000	0.99853	0.00147	0
54	S	0.00000	0.9953	0.00470	0
55	Q	0.00000	0.97743	0.02257	0
56	Q	0.00000	0.90474	0.09526	0
57	W	0.00000	0.53114	0.46886	0
58	T	0.00000	0.47763	0.52237	0
59	A	0.00000	0.43335	0.56665	0
60	G	0.00000	0.40032	0.59968	0
61	M	0.00000	0.35784	0.64216	0
62	G	0.00000	0.242	0.75800	0
63	L	0.00000	0.12377	0.87623	0
64	L	0.00000	0.03549	0.96451	0
65	M	0.00000	0.0118	0.98820	0
66	A	0.00000	0.00053	0.99947	0
67	L	0.00000	2e-05	0.99998	0
68	I	0.00000	0	1.00000	0
69	V	0.00000	0	1.00000	0
70	L	0.00000	0	1.00000	0
71	L	0.00000	0	1.00000	0
72	I	0.00000	0	1.00000	0
73	V	0.00000	0	1.00000	0
74	A	0.00000	0	1.00000	0
75	G	0.00000	0	1.00000	0
76	N	0.00000	0	1.00000	0
77	V	0.00000	0	1.00000	0
78	L	0.00000	0	1.00000	0
79	V	0.00000	0	1.00000	0
80	I	0.00003	0	0.99997	0
81	V	0.00199	0	0.99801	0
82	A	0.04121	0	0.95879	0
83	I	0.09489	0	0.90511	0
84	A	0.54139	0	0.45861	0
85	K	0.99269	0	0.00731	0
86	T	0.99927	0	0.00073	0
87	P	0.99998	0	0.00002	0
88	R	1.00000	0	0.00000	0
89	L	0.99999	0	0.00001	0
90	Q	0.99996	0	0.00004	0
91	T	0.99904	0	0.00096	0
92	L	0.97085	0	0.02915	0
93	T	0.94213	0	0.05787	0
94	N	0.15548	0	0.84452	0
95	L	0.02279	0	0.97721	0
96	F	0.00016	0	0.99984	0
97	I	0.00000	0	1.00000	0
98	M	0.00000	0	1.00000	0
99	S	0.00000	0	1.00000	0
100	L	0.00000	0	1.00000	0
101	A	0.00000	0	1.00000	0
102	S	0.00000	0	1.00000	0
103	A	0.00000	0	1.00000	0
104	D	0.00000	0	1.00000	0
105	L	0.00000	0	1.00000	0
106	V	0.00000	0	1.00000	0
107	M	0.00000	0	1.00000	0
108	G	0.00000	0	1.00000	0
109	L	0.00000	0	1.00000	0
110	L	0.00000	0	1.00000	0
111	V	0.00000	7e-05	0.99993	0
112	V	0.00000	0.00086	0.99914	0
113	P	0.00000	0.00848	0.99152	0
114	F	0.00000	0.02806	0.97194	0
115	G	0.00000	0.23847	0.76153	0
116	A	0.00000	0.58331	0.41669	0
117	T	0.00000	0.91063	0.08937	0
118	I	0.00000	0.99888	0.00112	0
119	V	0.00000	0.99911	0.00089	0
120	V	0.00000	0.99938	0.00062	0
121	W	0.00000	0.99955	0.00045	0
122	G	0.00000	0.99985	0.00015	0
123	R	0.00000	0.99999	0.00001	0
124	W	0.00000	1	0.00000	0
125	E	0.00000	1	0.00000	0
126	Y	0.00000	1	0.00000	0
127	G	0.00000	1	0.00000	0
128	S	0.00000	1	0.00000	0
129	F	0.00000	1	0.00000	0
130	F	0.00000	1	0.00000	0
131	C	0.00000	1	0.00000	0
132	E	0.00000	1	0.00000	0
133	L	0.00000	0.99949	0.00051	0
134	W	0.00000	0.94354	0.05646	0
135	T	0.00000	0.63107	0.36893	0
136	S	0.00000	0.10054	0.89946	0
137	V	0.00000	0.02898	0.97102	0
138	D	0.00000	0.00819	0.99181	0
139	V	0.00000	0.00019	0.99981	0
140	L	0.00000	0	1.00000	0
141	C	0.00000	0	1.00000	0
142	V	0.00000	0	1.00000	0
143	T	0.00000	0	1.00000	0
144	A	0.00000	0	1.00000	0
145	S	0.00000	0	1.00000	0
146	I	0.00000	0	1.00000	0
147	E	0.00000	0	1.00000	0
148	T	0.00000	0	1.00000	0
149	L	0.00000	0	1.00000	0
150	C	0.00000	0	1.00000	0
151	V	0.00000	0	1.00000	0
152	I	0.00000	0	1.00000	0
153	A	0.00000	0	1.00000	0
154	L	0.00000	0	1.00000	0
155	D	0.00001	0	0.99999	0
156	R	0.02672	0	0.97328	0
157	Y	0.20553	0	0.79447	0
158	L	0.70551	0	0.29449	0
159	A	0.93472	0	0.06528	0
160	I	0.99994	0	0.00006	0
161	T	1.00000	0	0.00000	0
162	S	1.00000	0	0.00000	0
163	P	1.00000	0	0.00000	0
164	F	1.00000	0	0.00000	0
165	R	1.00000	0	0.00000	0
166	Y	1.00000	0	0.00000	0
167	Q	1.00000	0	0.00000	0
168	S	1.00000	0	0.00000	0
169	L	1.00000	0	0.00000	0
170	L	1.00000	0	0.00000	0
171	T	1.00000	0	0.00000	0
172	R	0.99999	0	0.00001	0
173	A	0.99968	0	0.00032	0
174	R	0.99889	0	0.00111	0
175	A	0.91802	0	0.08198	0
176	R	0.82932	0	0.17068	0
177	G	0.23767	0	0.76233	0
178	L	0.01892	0	0.98108	0
179	V	0.00016	0	0.99984	0
180	C	0.00000	0	1.00000	0
181	T	0.00000	0	1.00000	0
182	V	0.00000	0	1.00000	0
183	W	0.00000	0	1.00000	0
184	A	0.00000	0	1.00000	0
185	I	0.00000	0	1.00000	0
186	S	0.00000	0	1.00000	0
187	A	0.00000	0	1.00000	0
188	L	0.00000	0	1.00000	0
189	V	0.00000	0	1.00000	0
190	S	0.00000	0	1.00000	0
191	F	0.00000	0	1.00000	0
192	L	0.00000	0	1.00000	0
193	P	0.00000	1e-05	0.99999	0
194	I	0.00000	4e-05	0.99996	0
195	L	0.00000	0.00075	0.99925	0
196	M	0.00000	0.01631	0.98369	0
197	H	0.00000	0.23571	0.76429	0
198	W	0.00000	0.3723	0.62770	0
199	W	0.00000	0.72101	0.27899	0
200	R	0.00000	0.99273	0.00727	0
201	A	0.00000	0.99795	0.00205	0
202	E	0.00000	1	0.00000	0
203	S	0.00000	1	0.00000	0
204	D	0.00000	1	0.00000	0
205	E	0.00000	1	0.00000	0
206	A	0.00000	1	0.00000	0
207	R	0.00000	1	0.00000	0
208	R	0.00000	1	0.00000	0
209	C	0.00000	1	0.00000	0
210	Y	0.00000	1	0.00000	0
211	N	0.00000	1	0.00000	0
212	D	0.00000	1	0.00000	0
213	P	0.00000	1	0.00000	0
214	K	0.00000	1	0.00000	0
215	C	0.00000	1	0.00000	0
216	C	0.00000	1	0.00000	0
217	D	0.00000	1	0.00000	0
218	F	0.00000	0.99998	0.00002	0
219	V	0.00000	0.9999	0.00010	0
220	T	0.00000	0.99983	0.00017	0
221	N	0.00000	0.99974	0.00026	0
222	R	0.00000	0.99649	0.00351	0
223	A	0.00000	0.2808	0.71920	0
224	Y	0.00000	0.03442	0.96558	0
225	A	0.00000	0.00748	0.99252	0
226	I	0.00000	0.00212	0.99788	0
227	A	0.00000	1e-05	0.99999	0
228	S	0.00000	1e-05	0.99999	0
229	S	0.00000	0	1.00000	0
230	V	0.00000	0	1.00000	0
231	V	0.00000	0	1.00000	0
232	S	0.00000	0	1.00000	0
233	F	0.00000	0	1.00000	0
234	Y	0.00000	0	1.00000	0
235	V	0.00000	0	1.00000	0
236	P	0.00000	0	1.00000	0
237	L	0.00000	0	1.00000	0
238	C	0.00000	0	1.00000	0
239	I	0.00000	0	1.00000	0
240	M	0.00000	0	1.00000	0
241	A	0.00000	0	1.00000	0
242	F	0.00000	0	1.00000	0
243	V	0.00000	0	1.00000	0
244	Y	0.00021	0	0.99979	0
245	L	0.00947	0	0.99053	0
246	R	0.17478	0	0.82522	0
247	V	0.19287	0	0.80713	0
248	F	0.29992	0	0.70008	0
249	R	0.99470	0	0.00530	0
250	E	0.99992	0	0.00008	0
251	A	1.00000	0	0.00000	0
252	Q	1.00000	0	0.00000	0
253	K	1.00000	0	0.00000	0
254	Q	1.00000	0	0.00000	0
255	V	1.00000	0	0.00000	0
256	K	1.00000	0	0.00000	0
257	K	1.00000	0	0.00000	0
258	I	1.00000	0	0.00000	0
259	D	1.00000	0	0.00000	0
260	S	1.00000	0	0.00000	0
261	C	1.00000	0	0.00000	0
262	E	1.00000	0	0.00000	0
263	R	1.00000	0	0.00000	0
264	R	1.00000	0	0.00000	0
265	F	1.00000	0	0.00000	0
266	L	1.00000	0	0.00000	0
267	G	1.00000	0	0.00000	0
268	G	1.00000	0	0.00000	0
269	P	1.00000	0	0.00000	0
270	A	1.00000	0	0.00000	0
271	R	1.00000	0	0.00000	0
272	P	1.00000	0	0.00000	0
273	P	1.00000	0	0.00000	0
274	S	1.00000	0	0.00000	0
275	P	1.00000	0	0.00000	0
276	S	1.00000	0	0.00000	0
277	P	1.00000	0	0.00000	0
278	S	1.00000	0	0.00000	0
279	P	1.00000	0	0.00000	0
280	V	1.00000	0	0.00000	0
281	P	1.00000	0	0.00000	0
282	A	1.00000	0	0.00000	0
283	P	1.00000	0	0.00000	0
284	A	1.00000	0	0.00000	0
285	P	1.00000	0	0.00000	0
286	P	1.00000	0	0.00000	0
287	P	1.00000	0	0.00000	0
288	G	1.00000	0	0.00000	0
289	P	1.00000	0	0.00000	0
290	P	1.00000	0	0.00000	0
291	R	1.00000	0	0.00000	0
292	P	1.00000	0	0.00000	0
293	A	1.00000	0	0.00000	0
294	A	1.00000	0	0.00000	0
295	A	1.00000	0	0.00000	0
296	A	1.00000	0	0.00000	0
297	A	1.00000	0	0.00000	0
298	T	1.00000	0	0.00000	0
299	A	1.00000	0	0.00000	0
300	P	1.00000	0	0.00000	0
301	L	1.00000	0	0.00000	0
302	A	1.00000	0	0.00000	0
303	N	1.00000	0	0.00000	0
304	G	1.00000	0	0.00000	0
305	R	1.00000	0	0.00000	0
306	A	1.00000	0	0.00000	0
307	G	1.00000	0	0.00000	0
308	K	1.00000	0	0.00000	0
309	R	1.00000	0	0.00000	0
310	R	1.00000	0	0.00000	0
311	P	1.00000	0	0.00000	0
312	S	1.00000	0	0.00000	0
313	R	1.00000	0	0.00000	0
314	L	1.00000	0	0.00000	0
315	V	1.00000	0	0.00000	0
316	A	1.00000	0	0.00000	0
317	L	1.00000	0	0.00000	0
318	R	1.00000	0	0.00000	0
319	E	1.00000	0	0.00000	0
320	Q	0.99300	0	0.00700	0
321	K	0.99118	0	0.00882	0
322	A	0.10700	0	0.89300	0
323	L	0.10428	0	0.89572	0
324	K	0.10377	0	0.89623	0
325	T	0.07667	0	0.92333	0
326	L	0.00073	0	0.99927	0
327	G	0.00006	0	0.99994	0
328	I	0.00002	0	0.99998	0
329	I	0.00000	0	1.00000	0
330	M	0.00000	0	1.00000	0
331	G	0.00000	0	1.00000	0
332	V	0.00000	0	1.00000	0
333	F	0.00000	0	1.00000	0
334	T	0.00000	0	1.00000	0
335	L	0.00000	0	1.00000	0
336	C	0.00000	0	1.00000	0
337	W	0.00000	0	1.00000	0
338	L	0.00000	0	1.00000	0
339	P	0.00000	0	1.00000	0
340	F	0.00000	0	1.00000	0
341	F	0.00000	0	1.00000	0
342	L	0.00000	0.00151	0.99849	0
343	A	0.00000	0.03169	0.96831	0
344	N	0.00000	0.20619	0.79381	0
345	V	0.00000	0.28055	0.71945	0
346	V	0.00000	0.48422	0.51578	0
347	K	0.00000	0.95412	0.04588	0
348	A	0.00000	0.95926	0.04074	0
349	F	0.00000	0.96677	0.03323	0
350	H	0.00000	0.99233	0.00767	0
351	R	0.00000	0.99971	0.00029	0
352	E	0.00000	0.99999	0.00001	0
353	L	0.00000	0.99948	0.00052	0
354	V	0.00000	0.99897	0.00103	0
355	P	0.00000	0.99865	0.00135	0
356	D	0.00000	0.98956	0.01044	0
357	R	0.00000	0.74752	0.25248	0
358	L	0.00000	0.18154	0.81846	0
359	F	0.00000	0.14779	0.85221	0
360	V	0.00000	0.00113	0.99887	0
361	F	0.00000	0	1.00000	0
362	F	0.00000	0	1.00000	0
363	N	0.00000	0	1.00000	0
364	W	0.00000	0	1.00000	0
365	L	0.00000	0	1.00000	0
366	G	0.00000	0	1.00000	0
367	Y	0.00000	0	1.00000	0
368	A	0.00000	0	1.00000	0
369	N	0.00000	0	1.00000	0
370	S	0.00000	0	1.00000	0
371	A	0.00000	0	1.00000	0
372	F	0.00000	0	1.00000	0
373	N	0.00000	0	1.00000	0
374	P	0.00000	0	1.00000	0
375	I	0.00000	0	1.00000	0
376	I	0.00002	0	0.99998	0
377	Y	0.00152	0	0.99848	0
378	C	0.03042	0	0.96958	0
379	R	1.00000	0	0.00000	0
380	S	1.00000	0	0.00000	0
381	P	1.00000	0	0.00000	0
382	D	1.00000	0	0.00000	0
383	F	1.00000	0	0.00000	0
384	R	1.00000	0	0.00000	0
385	K	1.00000	0	0.00000	0
386	A	1.00000	0	0.00000	0
387	F	1.00000	0	0.00000	0
388	Q	1.00000	0	0.00000	0
389	G	1.00000	0	0.00000	0
390	L	1.00000	0	0.00000	0
391	L	1.00000	0	0.00000	0
392	C	1.00000	0	0.00000	0
393	C	1.00000	0	0.00000	0
394	A	1.00000	0	0.00000	0
395	R	1.00000	0	0.00000	0
396	R	1.00000	0	0.00000	0
397	A	1.00000	0	0.00000	0
398	A	1.00000	0	0.00000	0
399	R	1.00000	0	0.00000	0
400	R	1.00000	0	0.00000	0
401	R	1.00000	0	0.00000	0
402	H	1.00000	0	0.00000	0
403	A	1.00000	0	0.00000	0
404	T	1.00000	0	0.00000	0
405	H	1.00000	0	0.00000	0
406	G	1.00000	0	0.00000	0
407	D	1.00000	0	0.00000	0
408	R	1.00000	0	0.00000	0
409	P	1.00000	0	0.00000	0
410	R	1.00000	0	0.00000	0
411	A	1.00000	0	0.00000	0
412	S	1.00000	0	0.00000	0
413	G	1.00000	0	0.00000	0
414	C	1.00000	0	0.00000	0
415	L	1.00000	0	0.00000	0
416	A	1.00000	0	0.00000	0
417	R	1.00000	0	0.00000	0
418	P	1.00000	0	0.00000	0
419	G	1.00000	0	0.00000	0
420	P	1.00000	0	0.00000	0
421	P	1.00000	0	0.00000	0
422	P	1.00000	0	0.00000	0
423	S	1.00000	0	0.00000	0
424	P	1.00000	0	0.00000	0
425	G	1.00000	0	0.00000	0
426	A	1.00000	0	0.00000	0
427	A	1.00000	0	0.00000	0
428	S	1.00000	0	0.00000	0
429	D	1.00000	0	0.00000	0
430	D	1.00000	0	0.00000	0
431	D	1.00000	0	0.00000	0
432	D	1.00000	0	0.00000	0
433	D	1.00000	0	0.00000	0
434	D	1.00000	0	0.00000	0
435	V	1.00000	0	0.00000	0
436	V	1.00000	0	0.00000	0
437	G	1.00000	0	0.00000	0
438	A	1.00000	0	0.00000	0
439	T	1.00000	0	0.00000	0
440	P	1.00000	0	0.00000	0
441	P	1.00000	0	0.00000	0
442	A	1.00000	0	0.00000	0
443	R	1.00000	0	0.00000	0
444	L	1.00000	0	0.00000	0
445	L	1.00000	0	0.00000	0
446	E	1.00000	0	0.00000	0
447	P	1.00000	0	0.00000	0
448	W	1.00000	0	0.00000	0
449	A	1.00000	0	0.00000	0
450	G	1.00000	0	0.00000	0
451	C	1.00000	0	0.00000	0
452	N	1.00000	0	0.00000	0
453	G	1.00000	0	0.00000	0
454	G	1.00000	0	0.00000	0
455	A	1.00000	0	0.00000	0
456	A	1.00000	0	0.00000	0
457	A	1.00000	0	0.00000	0
458	D	1.00000	0	0.00000	0
459	S	1.00000	0	0.00000	0
460	D	1.00000	0	0.00000	0
461	S	1.00000	0	0.00000	0
462	S	1.00000	0	0.00000	0
463	L	1.00000	0	0.00000	0
464	D	1.00000	0	0.00000	0
465	E	1.00000	0	0.00000	0
466	P	1.00000	0	0.00000	0
467	C	1.00000	0	0.00000	0
468	R	1.00000	0	0.00000	0
469	P	1.00000	0	0.00000	0
470	G	1.00000	0	0.00000	0
471	F	1.00000	0	0.00000	0
472	A	1.00000	0	0.00000	0
473	S	1.00000	0	0.00000	0
474	E	1.00000	0	0.00000	0
475	S	1.00000	0	0.00000	0
476	K	1.00000	0	0.00000	0
477	V	1.00000	0	0.00000	0
