# UNNAMED
#pos	aa	i	o	M	S
1	M	0.00000	0.99989	0.00000	0.00011
2	R	0.00000	0.99989	0.00000	0.00011
3	A	0.00000	0.99989	0.00000	0.00011
4	L	0.00000	0.99989	0.00000	0.00011
5	N	0.00000	0.99989	0.00000	0.00011
6	A	0.00000	0.99989	0.00000	0.00011
7	S	0.00000	0.99989	0.00000	0.00011
8	T	0.00000	0.99989	0.00000	0.00011
9	M	0.00000	0.99989	0.00000	0.00011
10	E	0.00000	0.99989	0.00000	0.00011
11	G	0.00000	0.99989	0.00000	0.00011
12	A	0.00000	0.99989	0.00000	0.00011
13	G	0.00000	0.99989	0.00000	0.00011
14	L	0.00000	0.99991	0.00000	9e-05
15	G	0.00000	0.99994	0.00000	6e-05
16	G	0.00000	0.99998	0.00000	2e-05
17	K	0.00000	1	0.00000	0
18	R	0.00000	1	0.00000	0
19	D	0.00000	1	0.00000	0
20	I	0.00000	0.96492	0.03508	0
21	S	0.00000	0.95786	0.04214	0
22	F	0.00000	0.87603	0.12397	0
23	R	0.00000	0.86649	0.13351	0
24	I	0.00000	0.79469	0.20531	0
25	L	0.00000	0.76725	0.23275	0
26	T	0.00000	0.75223	0.24777	0
27	E	0.00000	0.7463	0.25370	0
28	C	0.00000	0.63495	0.36505	0
29	F	0.00000	0.1845	0.81550	0
30	L	0.00000	0.04128	0.95872	0
31	S	0.00000	0.01577	0.98423	0
32	L	0.00000	0.00343	0.99657	0
33	L	0.00000	0.00018	0.99982	0
34	I	0.00000	0	1.00000	0
35	L	0.00000	0	1.00000	0
36	S	0.00000	0	1.00000	0
37	T	0.00000	0	1.00000	0
38	L	0.00000	0	1.00000	0
39	L	0.00000	0	1.00000	0
40	G	0.00000	0	1.00000	0
41	N	0.00000	0	1.00000	0
42	T	0.00000	0	1.00000	0
43	L	0.00000	0	1.00000	0
44	V	0.00000	0	1.00000	0
45	C	0.00002	0	0.99998	0
46	A	0.00029	0	0.99971	0
47	A	0.00347	0	0.99653	0
48	V	0.01644	0	0.98356	0
49	I	0.07490	0	0.92510	0
50	R	0.73601	0	0.26399	0
51	F	0.76805	0	0.23195	0
52	R	0.99070	0	0.00930	0
53	H	0.99768	0	0.00232	0
54	L	0.99919	0	0.00081	0
55	R	1.00000	0	0.00000	0
56	S	0.99999	0	0.00001	0
57	K	0.99971	0	0.00029	0
58	V	0.96678	0	0.03322	0
59	T	0.93474	0	0.06526	0
60	N	0.14707	0	0.85293	0
61	F	0.01862	0	0.98138	0
62	F	0.00020	0	0.99980	0
63	V	0.00003	0	0.99997	0
64	I	0.00000	0	1.00000	0
65	S	0.00000	0	1.00000	0
66	L	0.00000	0	1.00000	0
67	A	0.00000	0	1.00000	0
68	V	0.00000	0	1.00000	0
69	S	0.00000	0	1.00000	0
70	D	0.00000	0	1.00000	0
71	L	0.00000	0	1.00000	0
72	L	0.00000	0	1.00000	0
73	V	0.00000	0	1.00000	0
74	A	0.00000	0	1.00000	0
75	V	0.00000	0	1.00000	0
76	L	0.00000	0	1.00000	0
77	V	0.00000	2e-05	0.99998	0
78	M	0.00000	0.00055	0.99945	0
79	P	0.00000	0.01091	0.98909	0
80	W	0.00000	0.12016	0.87984	0
81	K	0.00000	0.4364	0.56360	0
82	A	0.00000	0.61244	0.38756	0
83	V	0.00000	0.77326	0.22674	0
84	A	0.00000	0.99982	0.00018	0
85	E	0.00000	1	0.00000	0
86	I	0.00000	1	0.00000	0
87	A	0.00000	1	0.00000	0
88	G	0.00000	1	0.00000	0
89	F	0.00000	1	0.00000	0
90	W	0.00000	1	0.00000	0
91	P	0.00000	1	0.00000	0
92	F	0.00000	1	0.00000	0
93	G	0.00000	1	0.00000	0
94	S	0.00000	1	0.00000	0
95	F	0.00000	1	0.00000	0
96	C	0.00000	1	0.00000	0
97	N	0.00000	0.99999	0.00001	0
98	I	0.00000	0.99786	0.00214	0
99	W	0.00000	0.81452	0.18548	0
100	V	0.00000	0.09386	0.90614	0
101	A	0.00000	0.00267	0.99733	0
102	F	0.00000	6e-05	0.99994	0
103	D	0.00000	1e-05	0.99999	0
104	I	0.00000	0	1.00000	0
105	M	0.00000	0	1.00000	0
106	C	0.00000	0	1.00000	0
107	S	0.00000	0	1.00000	0
108	T	0.00000	0	1.00000	0
109	A	0.00000	0	1.00000	0
110	S	0.00000	0	1.00000	0
111	I	0.00000	0	1.00000	0
112	L	0.00000	0	1.00000	0
113	N	0.00000	0	1.00000	0
114	L	0.00000	0	1.00000	0
115	C	0.00000	0	1.00000	0
116	V	0.00000	0	1.00000	0
117	I	0.00000	0	1.00000	0
118	S	0.00000	0	1.00000	0
119	V	0.00000	0	1.00000	0
120	D	0.00006	0	0.99994	0
121	R	0.11903	0	0.88097	0
122	Y	0.45500	0	0.54500	0
123	W	0.81313	0	0.18687	0
124	A	0.98846	0	0.01154	0
125	I	1.00000	0	0.00000	0
126	S	1.00000	0	0.00000	0
127	S	1.00000	0	0.00000	0
128	P	1.00000	0	0.00000	0
129	F	1.00000	0	0.00000	0
130	R	1.00000	0	0.00000	0
131	Y	1.00000	0	0.00000	0
132	E	1.00000	0	0.00000	0
133	R	1.00000	0	0.00000	0
134	K	1.00000	0	0.00000	0
135	M	0.99997	0	0.00003	0
136	T	0.99990	0	0.00010	0
137	P	0.99953	0	0.00047	0
138	K	0.96006	0	0.03994	0
139	A	0.35775	0	0.64225	0
140	A	0.05708	0	0.94292	0
141	F	0.00634	0	0.99366	0
142	I	0.00044	0	0.99956	0
143	L	0.00002	0	0.99998	0
144	I	0.00000	0	1.00000	0
145	S	0.00000	0	1.00000	0
146	V	0.00000	0	1.00000	0
147	A	0.00000	0	1.00000	0
148	W	0.00000	0	1.00000	0
149	T	0.00000	0	1.00000	0
150	L	0.00000	0	1.00000	0
151	S	0.00000	0	1.00000	0
152	V	0.00000	0	1.00000	0
153	L	0.00000	0	1.00000	0
154	I	0.00000	0	1.00000	0
155	S	0.00000	0	1.00000	0
156	F	0.00000	0	1.00000	0
157	I	0.00000	0.00019	0.99981	0
158	P	0.00000	0.01739	0.98261	0
159	V	0.00000	0.06144	0.93856	0
160	Q	0.00000	0.43027	0.56973	0
161	L	0.00000	0.53947	0.46053	0
162	S	0.00000	0.85572	0.14428	0
163	W	0.00000	0.93349	0.06651	0
164	H	0.00000	0.99414	0.00586	0
165	K	0.00000	0.99999	0.00001	0
166	A	0.00000	1	0.00000	0
167	K	0.00000	1	0.00000	0
168	P	0.00000	1	0.00000	0
169	A	0.00000	1	0.00000	0
170	S	0.00000	1	0.00000	0
171	P	0.00000	1	0.00000	0
172	A	0.00000	1	0.00000	0
173	D	0.00000	1	0.00000	0
174	G	0.00000	1	0.00000	0
175	N	0.00000	1	0.00000	0
176	A	0.00000	1	0.00000	0
177	T	0.00000	1	0.00000	0
178	S	0.00000	1	0.00000	0
179	L	0.00000	1	0.00000	0
180	G	0.00000	1	0.00000	0
181	E	0.00000	1	0.00000	0
182	T	0.00000	1	0.00000	0
183	V	0.00000	1	0.00000	0
184	D	0.00000	1	0.00000	0
185	N	0.00000	1	0.00000	0
186	C	0.00000	1	0.00000	0
187	D	0.00000	0.99999	0.00001	0
188	S	0.00000	0.99947	0.00053	0
189	S	0.00000	0.99544	0.00456	0
190	L	0.00000	0.98545	0.01455	0
191	S	0.00000	0.98452	0.01548	0
192	R	0.00000	0.95336	0.04664	0
193	T	0.00000	0.56189	0.43811	0
194	Y	0.00000	0.03275	0.96725	0
195	A	0.00000	0.0139	0.98610	0
196	I	0.00000	0.00997	0.99003	0
197	S	0.00000	0.00154	0.99846	0
198	S	0.00000	0.0013	0.99870	0
199	S	0.00000	0.00012	0.99988	0
200	F	0.00000	3e-05	0.99997	0
201	I	0.00000	0	1.00000	0
202	S	0.00000	0	1.00000	0
203	F	0.00000	0	1.00000	0
204	Y	0.00000	0	1.00000	0
205	I	0.00000	0	1.00000	0
206	P	0.00000	0	1.00000	0
207	V	0.00000	0	1.00000	0
208	A	0.00000	0	1.00000	0
209	I	0.00000	0	1.00000	0
210	M	0.00000	0	1.00000	0
211	I	0.00000	0	1.00000	0
212	V	0.00036	0	0.99964	0
213	T	0.00379	0	0.99621	0
214	Y	0.00683	0	0.99317	0
215	T	0.07818	0	0.92182	0
216	R	0.17303	0	0.82697	0
217	I	0.18278	0	0.81722	0
218	Y	0.24542	0	0.75458	0
219	R	0.96129	0	0.03871	0
220	I	0.96710	0	0.03290	0
221	A	0.99972	0	0.00028	0
222	Q	0.99999	0	0.00001	0
223	K	1.00000	0	0.00000	0
224	Q	1.00000	0	0.00000	0
225	I	1.00000	0	0.00000	0
226	R	1.00000	0	0.00000	0
227	R	1.00000	0	0.00000	0
228	I	1.00000	0	0.00000	0
229	S	1.00000	0	0.00000	0
230	A	1.00000	0	0.00000	0
231	L	1.00000	0	0.00000	0
232	E	1.00000	0	0.00000	0
233	R	1.00000	0	0.00000	0
234	A	1.00000	0	0.00000	0
235	A	1.00000	0	0.00000	0
236	V	1.00000	0	0.00000	0
237	H	1.00000	0	0.00000	0
238	A	1.00000	0	0.00000	0
239	K	1.00000	0	0.00000	0
240	N	1.00000	0	0.00000	0
241	C	1.00000	0	0.00000	0
242	Q	1.00000	0	0.00000	0
243	T	1.00000	0	0.00000	0
244	T	1.00000	0	0.00000	0
245	T	1.00000	0	0.00000	0
246	G	1.00000	0	0.00000	0
247	N	1.00000	0	0.00000	0
248	G	1.00000	0	0.00000	0
249	N	1.00000	0	0.00000	0
250	P	1.00000	0	0.00000	0
251	V	1.00000	0	0.00000	0
252	E	1.00000	0	0.00000	0
253	C	1.00000	0	0.00000	0
254	S	1.00000	0	0.00000	0
255	Q	1.00000	0	0.00000	0
256	P	1.00000	0	0.00000	0
257	E	1.00000	0	0.00000	0
258	S	1.00000	0	0.00000	0
259	S	1.00000	0	0.00000	0
260	F	1.00000	0	0.00000	0
261	K	1.00000	0	0.00000	0
262	M	1.00000	0	0.00000	0
263	S	1.00000	0	0.00000	0
264	F	1.00000	0	0.00000	0
265	K	1.00000	0	0.00000	0
266	R	1.00000	0	0.00000	0
267	E	1.00000	0	0.00000	0
268	T	0.93525	0	0.06475	0
269	K	0.93368	0	0.06632	0
270	V	0.27708	0	0.72292	0
271	L	0.24264	0	0.75736	0
272	K	0.24230	0	0.75770	0
273	T	0.20898	0	0.79102	0
274	L	0.00515	0	0.99485	0
275	S	0.00129	0	0.99871	0
276	V	0.00074	0	0.99926	0
277	I	0.00007	0	0.99993	0
278	M	0.00000	0	1.00000	0
279	G	0.00000	0	1.00000	0
280	V	0.00000	0	1.00000	0
281	F	0.00000	0	1.00000	0
282	V	0.00000	0	1.00000	0
283	C	0.00000	0	1.00000	0
284	C	0.00000	0	1.00000	0
285	W	0.00000	0	1.00000	0
286	L	0.00000	0	1.00000	0
287	P	0.00000	0	1.00000	0
288	F	0.00000	0	1.00000	0
289	F	0.00000	2e-05	0.99998	0
290	V	0.00000	0.0033	0.99670	0
291	L	0.00000	0.03083	0.96917	0
292	N	0.00000	0.28935	0.71065	0
293	C	0.00000	0.39782	0.60218	0
294	M	0.00000	0.41095	0.58905	0
295	V	0.00000	0.47974	0.52026	0
296	P	0.00000	0.66402	0.33598	0
297	F	0.00000	0.71034	0.28966	0
298	C	0.00000	0.86397	0.13603	0
299	G	0.00000	0.9792	0.02080	0
300	S	0.00000	0.99345	0.00655	0
301	G	0.00000	0.99823	0.00177	0
302	E	0.00000	0.99991	0.00009	0
303	T	0.00000	0.99994	0.00006	0
304	K	0.00000	0.99999	0.00001	0
305	P	0.00000	0.99999	0.00001	0
306	F	0.00000	0.99999	0.00001	0
307	C	0.00000	0.99999	0.00001	0
308	I	0.00000	0.99998	0.00002	0
309	D	0.00000	0.99998	0.00002	0
310	S	0.00000	0.99987	0.00013	0
311	I	0.00000	0.99712	0.00288	0
312	T	0.00000	0.99598	0.00402	0
313	F	0.00000	0.99169	0.00831	0
314	D	0.00000	0.90074	0.09926	0
315	V	0.00000	0.08945	0.91055	0
316	F	0.00000	0.08195	0.91805	0
317	M	0.00000	0.00177	0.99823	0
318	W	0.00000	5e-05	0.99995	0
319	F	0.00000	0	1.00000	0
320	G	0.00000	0	1.00000	0
321	W	0.00000	0	1.00000	0
322	A	0.00001	0	0.99999	0
323	N	0.00001	0	0.99999	0
324	S	0.00001	0	0.99999	0
325	S	0.00001	0	0.99999	0
326	L	0.00001	0	0.99999	0
327	N	0.00001	0	0.99999	0
328	P	0.00001	0	0.99999	0
329	I	0.00001	0	0.99999	0
330	I	0.00001	0	0.99999	0
331	Y	0.00002	0	0.99998	0
332	A	0.00004	0	0.99996	0
333	F	0.00050	0	0.99950	0
334	N	0.11567	0	0.88433	0
335	A	0.42789	0	0.57211	0
336	D	0.83298	0	0.16702	0
337	F	0.87877	0	0.12123	0
338	R	1.00000	0	0.00000	0
339	K	1.00000	0	0.00000	0
340	A	1.00000	0	0.00000	0
341	F	1.00000	0	0.00000	0
342	S	1.00000	0	0.00000	0
343	T	1.00000	0	0.00000	0
344	L	1.00000	0	0.00000	0
345	L	1.00000	0	0.00000	0
346	G	1.00000	0	0.00000	0
347	C	1.00000	0	0.00000	0
348	Y	1.00000	0	0.00000	0
349	R	1.00000	0	0.00000	0
350	L	1.00000	0	0.00000	0
351	C	1.00000	0	0.00000	0
352	P	1.00000	0	0.00000	0
353	T	1.00000	0	0.00000	0
354	T	1.00000	0	0.00000	0
355	N	1.00000	0	0.00000	0
356	N	1.00000	0	0.00000	0
357	A	1.00000	0	0.00000	0
358	I	1.00000	0	0.00000	0
359	E	1.00000	0	0.00000	0
360	T	1.00000	0	0.00000	0
361	V	1.00000	0	0.00000	0
362	S	1.00000	0	0.00000	0
363	I	1.00000	0	0.00000	0
364	N	1.00000	0	0.00000	0
365	N	1.00000	0	0.00000	0
366	N	1.00000	0	0.00000	0
367	G	1.00000	0	0.00000	0
368	A	1.00000	0	0.00000	0
369	V	1.00000	0	0.00000	0
370	V	1.00000	0	0.00000	0
371	F	1.00000	0	0.00000	0
372	S	1.00000	0	0.00000	0
373	S	1.00000	0	0.00000	0
374	H	1.00000	0	0.00000	0
375	H	1.00000	0	0.00000	0
376	E	1.00000	0	0.00000	0
377	P	1.00000	0	0.00000	0
378	R	1.00000	0	0.00000	0
379	G	1.00000	0	0.00000	0
380	S	1.00000	0	0.00000	0
381	I	1.00000	0	0.00000	0
382	S	1.00000	0	0.00000	0
383	K	1.00000	0	0.00000	0
384	D	1.00000	0	0.00000	0
385	C	1.00000	0	0.00000	0
386	N	1.00000	0	0.00000	0
387	L	1.00000	0	0.00000	0
388	V	1.00000	0	0.00000	0
389	Y	1.00000	0	0.00000	0
390	L	1.00000	0	0.00000	0
391	I	1.00000	0	0.00000	0
392	P	1.00000	0	0.00000	0
393	H	1.00000	0	0.00000	0
394	A	1.00000	0	0.00000	0
395	V	1.00000	0	0.00000	0
396	G	1.00000	0	0.00000	0
397	S	1.00000	0	0.00000	0
398	S	1.00000	0	0.00000	0
399	E	1.00000	0	0.00000	0
400	D	1.00000	0	0.00000	0
401	L	1.00000	0	0.00000	0
402	K	1.00000	0	0.00000	0
403	K	1.00000	0	0.00000	0
404	E	1.00000	0	0.00000	0
405	E	1.00000	0	0.00000	0
406	A	1.00000	0	0.00000	0
407	G	1.00000	0	0.00000	0
408	G	1.00000	0	0.00000	0
409	V	1.00000	0	0.00000	0
410	A	1.00000	0	0.00000	0
411	R	1.00000	0	0.00000	0
412	P	1.00000	0	0.00000	0
413	L	1.00000	0	0.00000	0
414	E	1.00000	0	0.00000	0
415	K	1.00000	0	0.00000	0
416	L	1.00000	0	0.00000	0
417	S	1.00000	0	0.00000	0
418	P	1.00000	0	0.00000	0
419	A	1.00000	0	0.00000	0
420	L	1.00000	0	0.00000	0
421	S	1.00000	0	0.00000	0
422	V	1.00000	0	0.00000	0
423	I	1.00000	0	0.00000	0
424	L	1.00000	0	0.00000	0
425	D	1.00000	0	0.00000	0
426	Y	1.00000	0	0.00000	0
427	D	1.00000	0	0.00000	0
428	T	1.00000	0	0.00000	0
429	D	1.00000	0	0.00000	0
430	V	1.00000	0	0.00000	0
431	S	1.00000	0	0.00000	0
432	L	1.00000	0	0.00000	0
433	E	1.00000	0	0.00000	0
434	K	1.00000	0	0.00000	0
435	I	1.00000	0	0.00000	0
436	Q	1.00000	0	0.00000	0
437	P	1.00000	0	0.00000	0
438	V	1.00000	0	0.00000	0
439	T	1.00000	0	0.00000	0
440	Q	1.00000	0	0.00000	0
441	N	1.00000	0	0.00000	0
442	G	1.00000	0	0.00000	0
443	Q	1.00000	0	0.00000	0
444	H	1.00000	0	0.00000	0
445	P	1.00000	0	0.00000	0
446	T	1.00000	0	0.00000	0
