# UNNAMED
#pos	aa	i	o	M	S
1	M	0.00000	0.99996	0.00000	4e-05
2	V	0.00000	0.99996	0.00000	4e-05
3	L	0.00000	0.99996	0.00000	4e-05
4	L	0.00000	0.99996	0.00000	4e-05
5	S	0.00000	0.99996	0.00000	4e-05
6	E	0.00000	0.99996	0.00000	4e-05
7	N	0.00000	0.99996	0.00000	4e-05
8	A	0.00000	0.99996	0.00000	4e-05
9	S	0.00000	0.99996	0.00000	4e-05
10	E	0.00000	0.99996	0.00000	4e-05
11	G	0.00000	0.99996	0.00000	4e-05
12	S	0.00000	0.99996	0.00000	4e-05
13	N	0.00000	0.99996	0.00000	4e-05
14	C	0.00000	0.99996	0.00000	4e-05
15	T	0.00000	0.99996	0.00000	4e-05
16	H	0.00000	1	0.00000	0
17	P	0.00000	1	0.00000	0
18	P	0.00000	1	0.00000	0
19	A	0.00000	0.99999	0.00001	0
20	P	0.00000	0.99999	0.00001	0
21	V	0.00000	0.99974	0.00026	0
22	N	0.00000	0.99959	0.00041	0
23	I	0.00000	0.98479	0.01521	0
24	S	0.00000	0.98217	0.01783	0
25	K	0.00000	0.97209	0.02791	0
26	A	0.00000	0.67104	0.32896	0
27	I	0.00000	0.26994	0.73006	0
28	L	0.00000	0.11439	0.88561	0
29	L	0.00000	0.0405	0.95950	0
30	G	0.00000	0.02027	0.97973	0
31	V	0.00000	0.00464	0.99536	0
32	I	0.00000	0.0016	0.99840	0
33	L	0.00000	0.00099	0.99901	0
34	G	0.00000	0.0006	0.99940	0
35	G	0.00000	0.00012	0.99988	0
36	L	0.00000	2e-05	0.99998	0
37	I	0.00000	0	1.00000	0
38	I	0.00000	0	1.00000	0
39	F	0.00000	0	1.00000	0
40	G	0.00000	0	1.00000	0
41	V	0.00000	0	1.00000	0
42	L	0.00000	0	1.00000	0
43	G	0.00000	0	1.00000	0
44	N	0.00000	0	1.00000	0
45	I	0.00000	0	1.00000	0
46	L	0.00000	0	1.00000	0
47	V	0.00001	0	0.99999	0
48	I	0.00011	0	0.99989	0
49	L	0.01041	0	0.98959	0
50	S	0.34215	0	0.65785	0
51	V	0.40073	0	0.59927	0
52	A	0.59779	0	0.40221	0
53	C	0.79578	0	0.20422	0
54	H	0.95113	0	0.04887	0
55	R	0.99722	0	0.00278	0
56	H	0.99943	0	0.00057	0
57	L	0.99974	0	0.00026	0
58	H	0.99991	0	0.00009	0
59	S	0.99965	0	0.00035	0
60	V	0.98505	0	0.01495	0
61	T	0.93637	0	0.06363	0
62	H	0.68308	0	0.31692	0
63	Y	0.22230	0	0.77770	0
64	Y	0.00703	0	0.99297	0
65	I	0.00013	0	0.99987	0
66	V	0.00000	0	1.00000	0
67	N	0.00000	0	1.00000	0
68	L	0.00000	0	1.00000	0
69	A	0.00000	0	1.00000	0
70	V	0.00000	0	1.00000	0
71	A	0.00000	0	1.00000	0
72	D	0.00000	0	1.00000	0
73	L	0.00000	0	1.00000	0
74	L	0.00000	0	1.00000	0
75	L	0.00000	0	1.00000	0
76	T	0.00000	0	1.00000	0
77	S	0.00000	0	1.00000	0
78	T	0.00000	0	1.00000	0
79	V	0.00000	0	1.00000	0
80	L	0.00000	3e-05	0.99997	0
81	P	0.00000	0.00068	0.99932	0
82	F	0.00000	0.00587	0.99413	0
83	S	0.00000	0.21221	0.78779	0
84	A	0.00000	0.30766	0.69234	0
85	I	0.00000	0.41694	0.58306	0
86	F	0.00000	0.99599	0.00401	0
87	E	0.00000	0.99766	0.00234	0
88	I	0.00000	0.99771	0.00229	0
89	L	0.00000	0.99825	0.00175	0
90	G	0.00000	0.99967	0.00033	0
91	Y	0.00000	0.99996	0.00004	0
92	W	0.00000	0.99998	0.00002	0
93	A	0.00000	1	0.00000	0
94	F	0.00000	0.99999	0.00001	0
95	G	0.00000	0.99999	0.00001	0
96	R	0.00000	0.99999	0.00001	0
97	V	0.00000	0.99999	0.00001	0
98	F	0.00000	0.99999	0.00001	0
99	C	0.00000	0.99999	0.00001	0
100	N	0.00000	0.99998	0.00002	0
101	I	0.00000	0.99878	0.00122	0
102	W	0.00000	0.88945	0.11055	0
103	A	0.00000	0.30025	0.69975	0
104	A	0.00000	0.00826	0.99174	0
105	V	0.00000	7e-05	0.99993	0
106	D	0.00000	2e-05	0.99998	0
107	V	0.00000	0	1.00000	0
108	L	0.00000	0	1.00000	0
109	C	0.00000	0	1.00000	0
110	C	0.00000	0	1.00000	0
111	T	0.00000	0	1.00000	0
112	A	0.00000	0	1.00000	0
113	S	0.00000	0	1.00000	0
114	I	0.00000	0	1.00000	0
115	M	0.00000	0	1.00000	0
116	G	0.00000	0	1.00000	0
117	L	0.00000	0	1.00000	0
118	C	0.00000	0	1.00000	0
119	I	0.00000	0	1.00000	0
120	I	0.00000	0	1.00000	0
121	S	0.00000	0	1.00000	0
122	I	0.00000	0	1.00000	0
123	D	0.00003	0	0.99997	0
124	R	0.07156	0	0.92844	0
125	Y	0.28688	0	0.71312	0
126	I	0.86031	0	0.13969	0
127	G	0.97781	0	0.02219	0
128	V	0.99999	0	0.00001	0
129	S	1.00000	0	0.00000	0
130	Y	1.00000	0	0.00000	0
131	P	1.00000	0	0.00000	0
132	L	1.00000	0	0.00000	0
133	R	1.00000	0	0.00000	0
134	Y	1.00000	0	0.00000	0
135	P	1.00000	0	0.00000	0
136	T	1.00000	0	0.00000	0
137	I	1.00000	0	0.00000	0
138	V	1.00000	0	0.00000	0
139	T	1.00000	0	0.00000	0
140	Q	1.00000	0	0.00000	0
141	R	0.99989	0	0.00011	0
142	R	0.99548	0	0.00452	0
143	G	0.71547	0	0.28453	0
144	V	0.13582	0	0.86418	0
145	R	0.11020	0	0.88980	0
146	A	0.00215	0	0.99785	0
147	L	0.00002	0	0.99998	0
148	L	0.00000	0	1.00000	0
149	C	0.00000	0	1.00000	0
150	V	0.00000	0	1.00000	0
151	W	0.00000	0	1.00000	0
152	V	0.00000	0	1.00000	0
153	L	0.00000	0	1.00000	0
154	S	0.00000	0	1.00000	0
155	L	0.00000	0	1.00000	0
156	V	0.00000	0	1.00000	0
157	I	0.00000	0	1.00000	0
158	S	0.00000	0	1.00000	0
159	I	0.00000	0	1.00000	0
160	G	0.00000	0	1.00000	0
161	P	0.00000	2e-05	0.99998	0
162	L	0.00000	0.00025	0.99975	0
163	F	0.00000	0.01321	0.98679	0
164	G	0.00000	0.34143	0.65857	0
165	W	0.00000	0.52844	0.47156	0
166	R	0.00000	0.95902	0.04098	0
167	Q	0.00000	0.99587	0.00413	0
168	P	0.00000	0.99922	0.00078	0
169	A	0.00000	0.99957	0.00043	0
170	P	0.00000	0.99998	0.00002	0
171	E	0.00000	1	0.00000	0
172	D	0.00000	1	0.00000	0
173	E	0.00000	1	0.00000	0
174	T	0.00000	1	0.00000	0
175	I	0.00000	1	0.00000	0
176	C	0.00000	1	0.00000	0
177	Q	0.00000	1	0.00000	0
178	I	0.00000	1	0.00000	0
179	N	0.00000	1	0.00000	0
180	E	0.00000	1	0.00000	0
181	E	0.00000	1	0.00000	0
182	P	0.00000	0.99937	0.00063	0
183	G	0.00000	0.92391	0.07609	0
184	Y	0.00000	0.85833	0.14167	0
185	V	0.00000	0.83001	0.16999	0
186	L	0.00000	0.05984	0.94016	0
187	F	0.00000	0.00278	0.99722	0
188	S	0.00000	0.00245	0.99755	0
189	A	0.00000	0.00017	0.99983	0
190	L	0.00000	2e-05	0.99998	0
191	G	0.00000	0	1.00000	0
192	S	0.00000	0	1.00000	0
193	F	0.00000	0	1.00000	0
194	Y	0.00000	0	1.00000	0
195	V	0.00000	0	1.00000	0
196	P	0.00000	0	1.00000	0
197	L	0.00000	0	1.00000	0
198	A	0.00000	0	1.00000	0
199	I	0.00000	0	1.00000	0
200	I	0.00000	0	1.00000	0
201	L	0.00000	0	1.00000	0
202	V	0.00000	0	1.00000	0
203	M	0.00000	0	1.00000	0
204	Y	0.00002	0	0.99998	0
205	C	0.00094	0	0.99906	0
206	R	0.01272	0	0.98728	0
207	V	0.01419	0	0.98581	0
208	Y	0.02353	0	0.97647	0
209	V	0.13958	0	0.86042	0
210	V	0.27966	0	0.72034	0
211	A	0.99274	0	0.00726	0
212	K	0.99984	0	0.00016	0
213	R	1.00000	0	0.00000	0
214	E	1.00000	0	0.00000	0
215	S	1.00000	0	0.00000	0
216	R	1.00000	0	0.00000	0
217	G	1.00000	0	0.00000	0
218	L	1.00000	0	0.00000	0
219	K	1.00000	0	0.00000	0
220	S	1.00000	0	0.00000	0
221	G	1.00000	0	0.00000	0
222	L	1.00000	0	0.00000	0
223	K	1.00000	0	0.00000	0
224	T	1.00000	0	0.00000	0
225	D	1.00000	0	0.00000	0
226	K	1.00000	0	0.00000	0
227	S	1.00000	0	0.00000	0
228	D	1.00000	0	0.00000	0
229	S	1.00000	0	0.00000	0
230	E	1.00000	0	0.00000	0
231	Q	1.00000	0	0.00000	0
232	V	1.00000	0	0.00000	0
233	T	1.00000	0	0.00000	0
234	L	1.00000	0	0.00000	0
235	R	1.00000	0	0.00000	0
236	I	1.00000	0	0.00000	0
237	H	1.00000	0	0.00000	0
238	R	1.00000	0	0.00000	0
239	K	1.00000	0	0.00000	0
240	N	1.00000	0	0.00000	0
241	V	1.00000	0	0.00000	0
242	P	1.00000	0	0.00000	0
243	A	1.00000	0	0.00000	0
244	E	1.00000	0	0.00000	0
245	G	1.00000	0	0.00000	0
246	G	1.00000	0	0.00000	0
247	G	1.00000	0	0.00000	0
248	V	1.00000	0	0.00000	0
249	S	1.00000	0	0.00000	0
250	S	1.00000	0	0.00000	0
251	A	1.00000	0	0.00000	0
252	K	1.00000	0	0.00000	0
253	N	1.00000	0	0.00000	0
254	K	1.00000	0	0.00000	0
255	T	1.00000	0	0.00000	0
256	H	1.00000	0	0.00000	0
257	F	1.00000	0	0.00000	0
258	S	1.00000	0	0.00000	0
259	V	1.00000	0	0.00000	0
260	R	1.00000	0	0.00000	0
261	L	1.00000	0	0.00000	0
262	L	1.00000	0	0.00000	0
263	K	1.00000	0	0.00000	0
264	F	1.00000	0	0.00000	0
265	S	1.00000	0	0.00000	0
266	R	1.00000	0	0.00000	0
267	E	1.00000	0	0.00000	0
268	K	0.98702	0	0.01298	0
269	K	0.98633	0	0.01367	0
270	A	0.56022	0	0.43978	0
271	A	0.55842	0	0.44158	0
272	K	0.52257	0	0.47743	0
273	T	0.43101	0	0.56899	0
274	L	0.01175	0	0.98825	0
275	G	0.00061	0	0.99939	0
276	I	0.00028	0	0.99972	0
277	V	0.00001	0	0.99999	0
278	V	0.00000	0	1.00000	0
279	G	0.00000	0	1.00000	0
280	C	0.00000	0	1.00000	0
281	F	0.00000	0	1.00000	0
282	V	0.00000	0	1.00000	0
283	L	0.00000	0	1.00000	0
284	C	0.00000	0	1.00000	0
285	W	0.00000	0	1.00000	0
286	L	0.00000	0	1.00000	0
287	P	0.00000	0	1.00000	0
288	F	0.00000	0	1.00000	0
289	F	0.00000	0	1.00000	0
290	L	0.00000	7e-05	0.99993	0
291	V	0.00000	0.00127	0.99873	0
292	M	0.00000	0.00804	0.99196	0
293	P	0.00000	0.1418	0.85820	0
294	I	0.00000	0.18793	0.81207	0
295	G	0.00000	0.34052	0.65948	0
296	S	0.00000	0.38452	0.61548	0
297	F	0.00000	0.40765	0.59235	0
298	F	0.00000	0.46485	0.53515	0
299	P	0.00000	0.89848	0.10152	0
300	D	0.00000	0.99869	0.00131	0
301	F	0.00000	0.99899	0.00101	0
302	K	0.00000	0.99999	0.00001	0
303	P	0.00000	1	0.00000	0
304	S	0.00000	1	0.00000	0
305	E	0.00000	0.99867	0.00133	0
306	T	0.00000	0.99069	0.00931	0
307	V	0.00000	0.95973	0.04027	0
308	F	0.00000	0.95205	0.04795	0
309	K	0.00000	0.77782	0.22218	0
310	I	0.00000	0.008	0.99200	0
311	V	0.00000	0.00034	0.99966	0
312	F	0.00000	1e-05	0.99999	0
313	W	0.00000	0	1.00000	0
314	L	0.00000	0	1.00000	0
315	G	0.00000	0	1.00000	0
316	Y	0.00000	0	1.00000	0
317	L	0.00000	0	1.00000	0
318	N	0.00000	0	1.00000	0
319	S	0.00000	0	1.00000	0
320	C	0.00000	0	1.00000	0
321	I	0.00000	0	1.00000	0
322	N	0.00000	0	1.00000	0
323	P	0.00000	0	1.00000	0
324	I	0.00000	0	1.00000	0
325	I	0.00000	0	1.00000	0
326	Y	0.00006	0	0.99994	0
327	P	0.00048	0	0.99952	0
328	C	0.00659	0	0.99341	0
329	S	0.16249	0	0.83751	0
330	S	0.35787	0	0.64213	0
331	Q	0.98504	0	0.01496	0
332	E	1.00000	0	0.00000	0
333	F	1.00000	0	0.00000	0
334	K	1.00000	0	0.00000	0
335	K	1.00000	0	0.00000	0
336	A	1.00000	0	0.00000	0
337	F	1.00000	0	0.00000	0
338	Q	1.00000	0	0.00000	0
339	N	1.00000	0	0.00000	0
340	V	1.00000	0	0.00000	0
341	L	1.00000	0	0.00000	0
342	R	1.00000	0	0.00000	0
343	I	1.00000	0	0.00000	0
344	Q	1.00000	0	0.00000	0
345	C	1.00000	0	0.00000	0
346	L	1.00000	0	0.00000	0
347	R	1.00000	0	0.00000	0
348	R	1.00000	0	0.00000	0
349	R	1.00000	0	0.00000	0
350	Q	1.00000	0	0.00000	0
351	S	1.00000	0	0.00000	0
352	S	1.00000	0	0.00000	0
353	K	1.00000	0	0.00000	0
354	H	1.00000	0	0.00000	0
355	A	1.00000	0	0.00000	0
356	L	1.00000	0	0.00000	0
357	G	1.00000	0	0.00000	0
358	Y	1.00000	0	0.00000	0
359	T	1.00000	0	0.00000	0
360	L	1.00000	0	0.00000	0
361	H	1.00000	0	0.00000	0
362	P	1.00000	0	0.00000	0
363	P	1.00000	0	0.00000	0
364	S	1.00000	0	0.00000	0
365	Q	1.00000	0	0.00000	0
366	A	1.00000	0	0.00000	0
367	L	1.00000	0	0.00000	0
368	E	1.00000	0	0.00000	0
369	G	1.00000	0	0.00000	0
370	Q	1.00000	0	0.00000	0
371	H	1.00000	0	0.00000	0
372	R	1.00000	0	0.00000	0
373	D	1.00000	0	0.00000	0
374	M	1.00000	0	0.00000	0
375	V	1.00000	0	0.00000	0
376	R	1.00000	0	0.00000	0
377	I	1.00000	0	0.00000	0
378	P	1.00000	0	0.00000	0
379	V	1.00000	0	0.00000	0
380	G	1.00000	0	0.00000	0
381	S	1.00000	0	0.00000	0
382	G	1.00000	0	0.00000	0
383	E	1.00000	0	0.00000	0
384	T	1.00000	0	0.00000	0
385	F	1.00000	0	0.00000	0
386	Y	1.00000	0	0.00000	0
387	K	1.00000	0	0.00000	0
388	I	1.00000	0	0.00000	0
389	S	1.00000	0	0.00000	0
390	K	1.00000	0	0.00000	0
391	T	1.00000	0	0.00000	0
392	D	1.00000	0	0.00000	0
393	G	1.00000	0	0.00000	0
394	V	1.00000	0	0.00000	0
395	C	1.00000	0	0.00000	0
396	E	1.00000	0	0.00000	0
397	W	1.00000	0	0.00000	0
398	K	1.00000	0	0.00000	0
399	F	1.00000	0	0.00000	0
400	F	1.00000	0	0.00000	0
401	S	1.00000	0	0.00000	0
402	S	1.00000	0	0.00000	0
403	M	1.00000	0	0.00000	0
404	P	1.00000	0	0.00000	0
405	Q	1.00000	0	0.00000	0
406	G	1.00000	0	0.00000	0
407	S	1.00000	0	0.00000	0
408	A	1.00000	0	0.00000	0
409	R	1.00000	0	0.00000	0
410	I	1.00000	0	0.00000	0
411	T	1.00000	0	0.00000	0
412	V	1.00000	0	0.00000	0
413	P	1.00000	0	0.00000	0
414	K	1.00000	0	0.00000	0
415	D	1.00000	0	0.00000	0
416	Q	1.00000	0	0.00000	0
417	S	1.00000	0	0.00000	0
418	A	1.00000	0	0.00000	0
419	C	1.00000	0	0.00000	0
420	T	1.00000	0	0.00000	0
421	T	1.00000	0	0.00000	0
422	A	1.00000	0	0.00000	0
423	R	1.00000	0	0.00000	0
424	V	1.00000	0	0.00000	0
425	R	1.00000	0	0.00000	0
426	S	1.00000	0	0.00000	0
427	K	1.00000	0	0.00000	0
428	S	1.00000	0	0.00000	0
429	F	1.00000	0	0.00000	0
430	L	1.00000	0	0.00000	0
431	Q	1.00000	0	0.00000	0
432	V	1.00000	0	0.00000	0
433	C	1.00000	0	0.00000	0
434	C	1.00000	0	0.00000	0
435	C	1.00000	0	0.00000	0
436	V	1.00000	0	0.00000	0
437	G	1.00000	0	0.00000	0
438	S	1.00000	0	0.00000	0
439	S	1.00000	0	0.00000	0
440	A	1.00000	0	0.00000	0
441	P	1.00000	0	0.00000	0
442	R	1.00000	0	0.00000	0
443	P	1.00000	0	0.00000	0
444	E	1.00000	0	0.00000	0
445	E	1.00000	0	0.00000	0
446	N	1.00000	0	0.00000	0
447	H	1.00000	0	0.00000	0
448	Q	1.00000	0	0.00000	0
449	V	1.00000	0	0.00000	0
450	P	1.00000	0	0.00000	0
451	T	1.00000	0	0.00000	0
452	I	1.00000	0	0.00000	0
453	K	1.00000	0	0.00000	0
454	I	1.00000	0	0.00000	0
455	H	1.00000	0	0.00000	0
456	T	1.00000	0	0.00000	0
457	I	1.00000	0	0.00000	0
458	S	1.00000	0	0.00000	0
459	L	1.00000	0	0.00000	0
460	G	1.00000	0	0.00000	0
461	E	1.00000	0	0.00000	0
462	N	1.00000	0	0.00000	0
463	G	1.00000	0	0.00000	0
464	E	1.00000	0	0.00000	0
465	E	1.00000	0	0.00000	0
466	V	1.00000	0	0.00000	0
