# UNNAMED
#pos	aa	i	o	M	S
1	M	0.00000	0.99999	0.00000	1e-05
2	E	0.00000	0.99999	0.00000	1e-05
3	Q	0.00000	0.99999	0.00000	1e-05
4	R	0.00000	0.99999	0.00000	1e-05
5	V	0.00000	0.99999	0.00000	1e-05
6	T	0.00000	0.99999	0.00000	1e-05
7	A	0.00000	0.99999	0.00000	1e-05
8	S	0.00000	0.99999	0.00000	1e-05
9	P	0.00000	0.99999	0.00000	1e-05
10	Y	0.00000	0.99999	0.00000	1e-05
11	P	0.00000	0.99999	0.00000	1e-05
12	N	0.00000	0.99999	0.00000	1e-05
13	S	0.00000	0.99999	0.00000	1e-05
14	T	0.00000	0.99999	0.00000	1e-05
15	L	0.00000	0.99999	0.00000	1e-05
16	E	0.00000	0.99999	0.00000	1e-05
17	Q	0.00000	1	0.00000	0
18	L	0.00000	1	0.00000	0
19	V	0.00000	1	0.00000	0
20	S	0.00000	1	0.00000	0
21	N	0.00000	1	0.00000	0
22	V	0.00000	1	0.00000	0
23	S	0.00000	1	0.00000	0
24	N	0.00000	1	0.00000	0
25	T	0.00000	1	0.00000	0
26	S	0.00000	1	0.00000	0
27	N	0.00000	1	0.00000	0
28	A	0.00000	1	0.00000	0
29	S	0.00000	1	0.00000	0
30	D	0.00000	1	0.00000	0
31	K	0.00000	1	0.00000	0
32	P	0.00000	1	0.00000	0
33	G	0.00000	1	0.00000	0
34	D	0.00000	1	0.00000	0
35	A	0.00000	0.88199	0.11801	0
36	W	0.00000	0.784	0.21600	0
37	M	0.00000	0.77007	0.22993	0
38	V	0.00000	0.6276	0.37240	0
39	G	0.00000	0.48764	0.51236	0
40	M	0.00000	0.30687	0.69313	0
41	G	0.00000	0.06065	0.93935	0
42	I	0.00000	0.01213	0.98787	0
43	I	0.00000	0.00304	0.99696	0
44	M	0.00000	0.00238	0.99762	0
45	S	0.00000	0.00193	0.99807	0
46	C	0.00000	0.00149	0.99851	0
47	I	0.00000	2e-05	0.99998	0
48	V	0.00000	0	1.00000	0
49	L	0.00000	0	1.00000	0
50	V	0.00000	0	1.00000	0
51	I	0.00000	0	1.00000	0
52	V	0.00000	0	1.00000	0
53	L	0.00000	0	1.00000	0
54	G	0.00000	0	1.00000	0
55	N	0.00000	0	1.00000	0
56	V	0.00000	0	1.00000	0
57	L	0.00000	0	1.00000	0
58	V	0.00005	0	0.99995	0
59	I	0.00038	0	0.99962	0
60	T	0.02224	0	0.97776	0
61	A	0.05620	0	0.94380	0
62	I	0.10846	0	0.89154	0
63	A	0.56242	0	0.43758	0
64	K	0.97135	0	0.02865	0
65	F	0.97582	0	0.02418	0
66	Q	0.99961	0	0.00039	0
67	R	0.99999	0	0.00001	0
68	L	0.99999	0	0.00001	0
69	Q	0.99997	0	0.00003	0
70	T	0.99805	0	0.00195	0
71	V	0.94649	0	0.05351	0
72	T	0.73612	0	0.26388	0
73	N	0.12432	0	0.87568	0
74	Y	0.03225	0	0.96775	0
75	F	0.00021	0	0.99979	0
76	I	0.00000	0	1.00000	0
77	T	0.00000	0	1.00000	0
78	S	0.00000	0	1.00000	0
79	L	0.00000	0	1.00000	0
80	A	0.00000	0	1.00000	0
81	C	0.00000	0	1.00000	0
82	A	0.00000	0	1.00000	0
83	D	0.00000	0	1.00000	0
84	L	0.00000	0	1.00000	0
85	L	0.00000	0	1.00000	0
86	M	0.00000	0	1.00000	0
87	G	0.00000	0	1.00000	0
88	L	0.00000	0	1.00000	0
89	I	0.00000	0	1.00000	0
90	V	0.00000	0.00011	0.99989	0
91	V	0.00000	0.0029	0.99710	0
92	P	0.00000	0.02319	0.97681	0
93	F	0.00000	0.06502	0.93498	0
94	G	0.00000	0.46564	0.53436	0
95	A	0.00000	0.72745	0.27255	0
96	S	0.00000	0.97021	0.02979	0
97	S	0.00000	0.99996	0.00004	0
98	I	0.00000	0.99997	0.00003	0
99	I	0.00000	0.99998	0.00002	0
100	L	0.00000	0.99998	0.00002	0
101	D	0.00000	1	0.00000	0
102	T	0.00000	1	0.00000	0
103	W	0.00000	1	0.00000	0
104	V	0.00000	1	0.00000	0
105	F	0.00000	1	0.00000	0
106	N	0.00000	1	0.00000	0
107	N	0.00000	1	0.00000	0
108	F	0.00000	1	0.00000	0
109	W	0.00000	1	0.00000	0
110	C	0.00000	1	0.00000	0
111	E	0.00000	1	0.00000	0
112	F	0.00000	0.99907	0.00093	0
113	W	0.00000	0.93621	0.06379	0
114	T	0.00000	0.64946	0.35054	0
115	S	0.00000	0.11763	0.88237	0
116	V	0.00000	0.03697	0.96303	0
117	D	0.00000	0.01071	0.98929	0
118	I	0.00000	0.00022	0.99978	0
119	L	0.00000	0	1.00000	0
120	C	0.00000	0	1.00000	0
121	V	0.00000	0	1.00000	0
122	T	0.00000	0	1.00000	0
123	A	0.00000	0	1.00000	0
124	S	0.00000	0	1.00000	0
125	I	0.00000	0	1.00000	0
126	E	0.00000	0	1.00000	0
127	T	0.00000	0	1.00000	0
128	L	0.00000	0	1.00000	0
129	C	0.00000	0	1.00000	0
130	V	0.00000	0	1.00000	0
131	I	0.00000	0	1.00000	0
132	A	0.00000	0	1.00000	0
133	V	0.00000	0	1.00000	0
134	D	0.00001	0	0.99999	0
135	R	0.02168	0	0.97832	0
136	Y	0.15825	0	0.84175	0
137	F	0.52758	0	0.47242	0
138	A	0.92617	0	0.07383	0
139	I	0.99993	0	0.00007	0
140	T	1.00000	0	0.00000	0
141	S	1.00000	0	0.00000	0
142	P	1.00000	0	0.00000	0
143	F	1.00000	0	0.00000	0
144	R	1.00000	0	0.00000	0
145	Y	1.00000	0	0.00000	0
146	Q	1.00000	0	0.00000	0
147	S	1.00000	0	0.00000	0
148	L	1.00000	0	0.00000	0
149	L	1.00000	0	0.00000	0
150	T	1.00000	0	0.00000	0
151	K	0.99988	0	0.00012	0
152	C	0.98971	0	0.01029	0
153	K	0.98937	0	0.01063	0
154	A	0.94424	0	0.05576	0
155	R	0.88404	0	0.11596	0
156	I	0.10113	0	0.89887	0
157	V	0.07101	0	0.92899	0
158	I	0.00061	0	0.99939	0
159	L	0.00001	0	0.99999	0
160	L	0.00000	0	1.00000	0
161	V	0.00000	0	1.00000	0
162	W	0.00000	0	1.00000	0
163	V	0.00000	0	1.00000	0
164	V	0.00000	0	1.00000	0
165	S	0.00000	0	1.00000	0
166	T	0.00000	0	1.00000	0
167	L	0.00000	0	1.00000	0
168	T	0.00000	0	1.00000	0
169	S	0.00000	0	1.00000	0
170	F	0.00000	0	1.00000	0
171	L	0.00000	2e-05	0.99998	0
172	P	0.00000	0.00098	0.99902	0
173	I	0.00000	0.00177	0.99823	0
174	Y	0.00000	0.00602	0.99398	0
175	M	0.00000	0.01872	0.98128	0
176	H	0.00000	0.24129	0.75871	0
177	W	0.00000	0.39176	0.60824	0
178	Y	0.00000	0.74257	0.25743	0
179	R	0.00000	0.99732	0.00268	0
180	I	0.00000	0.99893	0.00107	0
181	E	0.00000	1	0.00000	0
182	E	0.00000	1	0.00000	0
183	E	0.00000	1	0.00000	0
184	S	0.00000	1	0.00000	0
185	A	0.00000	1	0.00000	0
186	L	0.00000	1	0.00000	0
187	H	0.00000	1	0.00000	0
188	C	0.00000	1	0.00000	0
189	Y	0.00000	1	0.00000	0
190	D	0.00000	1	0.00000	0
191	D	0.00000	1	0.00000	0
192	P	0.00000	1	0.00000	0
193	S	0.00000	1	0.00000	0
194	C	0.00000	1	0.00000	0
195	C	0.00000	0.99906	0.00094	0
196	F	0.00000	0.94363	0.05637	0
197	F	0.00000	0.94245	0.05755	0
198	F	0.00000	0.9394	0.06060	0
199	T	0.00000	0.93818	0.06182	0
200	N	0.00000	0.93687	0.06313	0
201	P	0.00000	0.71801	0.28199	0
202	A	0.00000	0.1775	0.82250	0
203	Y	0.00000	0.00711	0.99289	0
204	A	0.00000	0.00251	0.99749	0
205	I	0.00000	0.00156	0.99844	0
206	S	0.00000	3e-05	0.99997	0
207	S	0.00000	2e-05	0.99998	0
208	S	0.00000	0	1.00000	0
209	I	0.00000	0	1.00000	0
210	I	0.00000	0	1.00000	0
211	S	0.00000	0	1.00000	0
212	F	0.00000	0	1.00000	0
213	Y	0.00000	0	1.00000	0
214	L	0.00000	0	1.00000	0
215	P	0.00000	0	1.00000	0
216	L	0.00000	0	1.00000	0
217	V	0.00000	0	1.00000	0
218	V	0.00000	0	1.00000	0
219	M	0.00001	0	0.99999	0
220	I	0.00002	0	0.99998	0
221	F	0.00101	0	0.99899	0
222	V	0.00728	0	0.99272	0
223	Y	0.02272	0	0.97728	0
224	A	0.13283	0	0.86717	0
225	R	0.37207	0	0.62793	0
226	V	0.38976	0	0.61024	0
227	F	0.47957	0	0.52043	0
228	Q	0.99867	0	0.00133	0
229	E	0.99998	0	0.00002	0
230	A	1.00000	0	0.00000	0
231	K	1.00000	0	0.00000	0
232	K	1.00000	0	0.00000	0
233	Q	1.00000	0	0.00000	0
234	L	1.00000	0	0.00000	0
235	K	1.00000	0	0.00000	0
236	K	1.00000	0	0.00000	0
237	I	1.00000	0	0.00000	0
238	D	1.00000	0	0.00000	0
239	K	1.00000	0	0.00000	0
240	S	1.00000	0	0.00000	0
241	E	1.00000	0	0.00000	0
242	G	1.00000	0	0.00000	0
243	R	1.00000	0	0.00000	0
244	F	1.00000	0	0.00000	0
245	H	1.00000	0	0.00000	0
246	N	1.00000	0	0.00000	0
247	Q	1.00000	0	0.00000	0
248	N	1.00000	0	0.00000	0
249	N	1.00000	0	0.00000	0
250	Q	1.00000	0	0.00000	0
251	Q	1.00000	0	0.00000	0
252	D	1.00000	0	0.00000	0
253	T	1.00000	0	0.00000	0
254	N	1.00000	0	0.00000	0
255	G	1.00000	0	0.00000	0
256	K	1.00000	0	0.00000	0
257	Q	1.00000	0	0.00000	0
258	G	1.00000	0	0.00000	0
259	N	1.00000	0	0.00000	0
260	K	1.00000	0	0.00000	0
261	R	1.00000	0	0.00000	0
262	T	1.00000	0	0.00000	0
263	S	1.00000	0	0.00000	0
264	K	1.00000	0	0.00000	0
265	F	1.00000	0	0.00000	0
266	W	1.00000	0	0.00000	0
267	L	1.00000	0	0.00000	0
268	K	1.00000	0	0.00000	0
269	E	1.00000	0	0.00000	0
270	H	0.99981	0	0.00019	0
271	K	0.99900	0	0.00100	0
272	A	0.48402	0	0.51598	0
273	L	0.48175	0	0.51825	0
274	K	0.48106	0	0.51894	0
275	T	0.41392	0	0.58608	0
276	L	0.00984	0	0.99016	0
277	G	0.00129	0	0.99871	0
278	I	0.00052	0	0.99948	0
279	I	0.00000	0	1.00000	0
280	M	0.00000	0	1.00000	0
281	G	0.00000	0	1.00000	0
282	T	0.00000	0	1.00000	0
283	F	0.00000	0	1.00000	0
284	T	0.00000	0	1.00000	0
285	L	0.00000	0	1.00000	0
286	C	0.00000	0	1.00000	0
287	W	0.00000	0	1.00000	0
288	L	0.00000	0	1.00000	0
289	P	0.00000	0	1.00000	0
290	F	0.00000	0	1.00000	0
291	F	0.00000	0	1.00000	0
292	I	0.00000	0.0005	0.99950	0
293	V	0.00000	0.00888	0.99112	0
294	N	0.00000	0.05995	0.94005	0
295	I	0.00000	0.0819	0.91810	0
296	V	0.00000	0.1644	0.83560	0
297	Q	0.00000	0.35794	0.64206	0
298	V	0.00000	0.39167	0.60833	0
299	M	0.00000	0.4847	0.51530	0
300	H	0.00000	0.88619	0.11381	0
301	K	0.00000	0.99896	0.00104	0
302	D	0.00000	0.99998	0.00002	0
303	F	0.00000	0.99368	0.00632	0
304	I	0.00000	0.98063	0.01937	0
305	P	0.00000	0.96799	0.03201	0
306	V	0.00000	0.84429	0.15571	0
307	K	0.00000	0.80424	0.19576	0
308	V	0.00000	0.52036	0.47964	0
309	Y	0.00000	0.49924	0.50076	0
310	N	0.00000	0.04082	0.95918	0
311	F	0.00000	0	1.00000	0
312	L	0.00000	0	1.00000	0
313	N	0.00000	0	1.00000	0
314	W	0.00000	0	1.00000	0
315	V	0.00000	0	1.00000	0
316	G	0.00000	0	1.00000	0
317	Y	0.00000	0	1.00000	0
318	V	0.00000	0	1.00000	0
319	N	0.00001	0	0.99999	0
320	S	0.00001	0	0.99999	0
321	A	0.00001	0	0.99999	0
322	F	0.00001	0	0.99999	0
323	N	0.00003	0	0.99997	0
324	P	0.00004	0	0.99996	0
325	L	0.00006	0	0.99994	0
326	I	0.00042	0	0.99958	0
327	Y	0.00777	0	0.99223	0
328	C	0.06572	0	0.93428	0
329	R	0.99997	0	0.00003	0
330	S	0.99997	0	0.00003	0
331	P	0.99999	0	0.00001	0
332	D	1.00000	0	0.00000	0
333	F	1.00000	0	0.00000	0
334	R	1.00000	0	0.00000	0
335	Y	1.00000	0	0.00000	0
336	T	1.00000	0	0.00000	0
337	F	1.00000	0	0.00000	0
338	Q	1.00000	0	0.00000	0
339	E	1.00000	0	0.00000	0
340	L	1.00000	0	0.00000	0
341	L	1.00000	0	0.00000	0
342	C	1.00000	0	0.00000	0
343	L	1.00000	0	0.00000	0
344	R	1.00000	0	0.00000	0
345	K	1.00000	0	0.00000	0
346	P	1.00000	0	0.00000	0
347	G	1.00000	0	0.00000	0
348	S	1.00000	0	0.00000	0
349	K	1.00000	0	0.00000	0
350	A	1.00000	0	0.00000	0
351	Y	1.00000	0	0.00000	0
352	A	1.00000	0	0.00000	0
353	N	1.00000	0	0.00000	0
354	G	1.00000	0	0.00000	0
355	Y	1.00000	0	0.00000	0
356	P	1.00000	0	0.00000	0
357	Q	1.00000	0	0.00000	0
358	S	1.00000	0	0.00000	0
359	N	1.00000	0	0.00000	0
360	G	1.00000	0	0.00000	0
361	N	1.00000	0	0.00000	0
362	S	1.00000	0	0.00000	0
363	A	1.00000	0	0.00000	0
364	Y	1.00000	0	0.00000	0
365	N	1.00000	0	0.00000	0
366	E	1.00000	0	0.00000	0
367	D	1.00000	0	0.00000	0
368	T	1.00000	0	0.00000	0
369	E	1.00000	0	0.00000	0
370	P	1.00000	0	0.00000	0
371	C	1.00000	0	0.00000	0
372	Q	1.00000	0	0.00000	0
373	Y	1.00000	0	0.00000	0
374	S	1.00000	0	0.00000	0
375	K	1.00000	0	0.00000	0
376	D	1.00000	0	0.00000	0
377	R	1.00000	0	0.00000	0
378	T	1.00000	0	0.00000	0
379	C	1.00000	0	0.00000	0
380	E	1.00000	0	0.00000	0
381	V	1.00000	0	0.00000	0
382	L	1.00000	0	0.00000	0
383	F	1.00000	0	0.00000	0
384	K	1.00000	0	0.00000	0
385	E	1.00000	0	0.00000	0
386	E	1.00000	0	0.00000	0
387	K	1.00000	0	0.00000	0
388	T	1.00000	0	0.00000	0
389	P	1.00000	0	0.00000	0
390	N	1.00000	0	0.00000	0
391	P	1.00000	0	0.00000	0
392	S	1.00000	0	0.00000	0
393	L	1.00000	0	0.00000	0
394	L	1.00000	0	0.00000	0
395	N	1.00000	0	0.00000	0
396	C	1.00000	0	0.00000	0
397	E	1.00000	0	0.00000	0
398	G	1.00000	0	0.00000	0
399	T	1.00000	0	0.00000	0
400	L	1.00000	0	0.00000	0
401	L	1.00000	0	0.00000	0
402	D	1.00000	0	0.00000	0
403	F	1.00000	0	0.00000	0
404	S	1.00000	0	0.00000	0
405	L	1.00000	0	0.00000	0
406	E	1.00000	0	0.00000	0
407	P	1.00000	0	0.00000	0
408	L	1.00000	0	0.00000	0
409	G	1.00000	0	0.00000	0
410	K	1.00000	0	0.00000	0
411	N	1.00000	0	0.00000	0
412	H	1.00000	0	0.00000	0
413	N	1.00000	0	0.00000	0
414	T	1.00000	0	0.00000	0
415	H	1.00000	0	0.00000	0
416	D	1.00000	0	0.00000	0
417	C	1.00000	0	0.00000	0
418	L	1.00000	0	0.00000	0
419	L	1.00000	0	0.00000	0
