# UNNAMED
#pos	aa	i	o	M	S
1	M	0.00000	0.99997	0.00000	3e-05
2	A	0.00000	0.99997	0.00000	3e-05
3	N	0.00000	0.99997	0.00000	3e-05
4	F	0.00000	0.99997	0.00000	2e-05
5	T	0.00000	0.99997	0.00000	3e-05
6	P	0.00000	0.99997	0.00000	3e-05
7	V	0.00000	0.99997	0.00000	3e-05
8	N	0.00000	0.99997	0.00000	3e-05
9	G	0.00000	0.99997	0.00000	3e-05
10	S	0.00000	0.99997	0.00000	2e-05
11	S	0.00000	0.99997	0.00000	2e-05
12	A	0.00000	0.99997	0.00000	3e-05
13	N	0.00000	0.99997	0.00000	3e-05
14	Q	0.00000	0.99997	0.00000	3e-05
15	S	0.00000	0.99997	0.00000	3e-05
16	V	0.00000	0.99997	0.00000	2e-05
17	R	0.00000	0.99998	0.00000	2e-05
18	L	0.00000	0.99998	0.00000	2e-05
19	V	0.00000	0.99999	0.00000	1e-05
20	T	0.00000	0.99999	0.00000	1e-05
21	T	0.00000	0.99999	0.00000	1e-05
22	A	0.00000	1	0.00000	0
23	H	0.00000	1	0.00000	0
24	N	0.00000	1	0.00000	0
25	H	0.00000	0.99997	0.00003	0
26	L	0.00000	0.99996	0.00004	0
27	E	0.00000	0.99994	0.00006	0
28	T	0.00000	0.9992	0.00080	0
29	V	0.00000	0.99735	0.00265	0
30	E	0.00000	0.99518	0.00482	0
31	M	0.00000	0.92078	0.07922	0
32	V	0.00000	0.36357	0.63643	0
33	F	0.00000	0.11479	0.88521	0
34	I	0.00000	0.00661	0.99339	0
35	A	0.00000	0.00138	0.99862	0
36	T	0.00000	0.00029	0.99971	0
37	V	0.00000	1e-05	0.99999	0
38	T	0.00000	0	1.00000	0
39	G	0.00000	0	1.00000	0
40	S	0.00000	0	1.00000	0
41	L	0.00000	0	1.00000	0
42	S	0.00000	0	1.00000	0
43	L	0.00000	0	1.00000	0
44	V	0.00000	0	1.00000	0
45	T	0.00000	0	1.00000	0
46	V	0.00000	0	1.00000	0
47	V	0.00000	0	1.00000	0
48	G	0.00000	0	1.00000	0
49	N	0.00000	0	1.00000	0
50	I	0.00000	0	1.00000	0
51	L	0.00001	0	0.99999	0
52	V	0.00018	0	0.99982	0
53	M	0.00217	0	0.99783	0
54	L	0.01891	0	0.98109	0
55	S	0.45738	0	0.54262	0
56	I	0.51849	0	0.48151	0
57	K	0.98515	0	0.01485	0
58	V	0.99319	0	0.00681	0
59	N	0.99976	0	0.00024	0
60	R	0.99999	0	0.00001	0
61	Q	1.00000	0	0.00000	0
62	L	0.99973	0	0.00027	0
63	Q	0.99912	0	0.00088	0
64	T	0.98001	0	0.01999	0
65	V	0.75996	0	0.24004	0
66	N	0.47240	0	0.52760	0
67	N	0.12175	0	0.87825	0
68	Y	0.04873	0	0.95127	0
69	F	0.00079	0	0.99921	0
70	L	0.00006	0	0.99994	0
71	F	0.00000	0	1.00000	0
72	S	0.00000	0	1.00000	0
73	L	0.00000	0	1.00000	0
74	A	0.00000	0	1.00000	0
75	C	0.00000	0	1.00000	0
76	A	0.00000	0	1.00000	0
77	D	0.00000	0	1.00000	0
78	L	0.00000	0	1.00000	0
79	I	0.00000	0	1.00000	0
80	I	0.00000	0	1.00000	0
81	G	0.00000	0	1.00000	0
82	A	0.00000	1e-05	0.99999	0
83	F	0.00000	0.00082	0.99918	0
84	S	0.00000	0.04311	0.95689	0
85	M	0.00000	0.06731	0.93269	0
86	N	0.00000	0.26488	0.73512	0
87	L	0.00000	0.27956	0.72044	0
88	Y	0.00000	0.39195	0.60805	0
89	T	0.00000	0.42295	0.57705	0
90	L	0.00000	0.47907	0.52093	0
91	Y	0.00000	0.55994	0.44006	0
92	I	0.00000	0.60285	0.39715	0
93	I	0.00000	0.73824	0.26176	0
94	K	0.00000	0.94341	0.05659	0
95	G	0.00000	0.98006	0.01994	0
96	Y	0.00000	0.99764	0.00236	0
97	W	0.00000	0.9993	0.00070	0
98	P	0.00000	0.99988	0.00012	0
99	L	0.00000	1	0.00000	0
100	G	0.00000	1	0.00000	0
101	A	0.00000	0.99997	0.00003	0
102	V	0.00000	0.99991	0.00009	0
103	V	0.00000	0.99989	0.00011	0
104	C	0.00000	0.99989	0.00011	0
105	D	0.00000	0.99979	0.00021	0
106	L	0.00000	0.99927	0.00073	0
107	W	0.00000	0.94867	0.05133	0
108	L	0.00000	0.53792	0.46208	0
109	A	0.00000	0.28945	0.71055	0
110	L	0.00000	0.00913	0.99087	0
111	D	0.00000	0.0003	0.99970	0
112	Y	0.00000	2e-05	0.99998	0
113	V	0.00000	0	1.00000	0
114	V	0.00000	0	1.00000	0
115	S	0.00000	0	1.00000	0
116	N	0.00000	0	1.00000	0
117	A	0.00000	0	1.00000	0
118	S	0.00000	0	1.00000	0
119	V	0.00000	0	1.00000	0
120	M	0.00000	0	1.00000	0
121	N	0.00000	0	1.00000	0
122	L	0.00000	0	1.00000	0
123	L	0.00000	0	1.00000	0
124	I	0.00000	0	1.00000	0
125	I	0.00000	0	1.00000	0
126	S	0.00000	0	1.00000	0
127	F	0.00000	0	1.00000	0
128	D	0.00020	0	0.99980	0
129	R	0.10749	0	0.89251	0
130	Y	0.38841	0	0.61159	0
131	F	0.67306	0	0.32694	0
132	C	0.93748	0	0.06252	0
133	V	0.99998	0	0.00002	0
134	T	1.00000	0	0.00000	0
135	K	1.00000	0	0.00000	0
136	P	1.00000	0	0.00000	0
137	L	1.00000	0	0.00000	0
138	T	1.00000	0	0.00000	0
139	Y	1.00000	0	0.00000	0
140	P	1.00000	0	0.00000	0
141	A	1.00000	0	0.00000	0
142	R	1.00000	0	0.00000	0
143	R	1.00000	0	0.00000	0
144	T	0.99995	0	0.00005	0
145	T	0.99972	0	0.00028	0
146	K	0.99590	0	0.00410	0
147	M	0.64337	0	0.35663	0
148	A	0.25649	0	0.74351	0
149	G	0.13458	0	0.86542	0
150	L	0.01925	0	0.98075	0
151	M	0.00709	0	0.99291	0
152	I	0.00035	0	0.99965	0
153	A	0.00005	0	0.99995	0
154	A	0.00000	0	1.00000	0
155	A	0.00000	0	1.00000	0
156	W	0.00000	0	1.00000	0
157	V	0.00000	0	1.00000	0
158	L	0.00000	0	1.00000	0
159	S	0.00000	0	1.00000	0
160	F	0.00000	0	1.00000	0
161	V	0.00000	0	1.00000	0
162	L	0.00000	0	1.00000	0
163	W	0.00000	0	1.00000	0
164	A	0.00000	0	1.00000	0
165	P	0.00000	4e-05	0.99996	0
166	A	0.00000	0.00016	0.99984	0
167	I	0.00000	0.00308	0.99692	0
168	L	0.00000	0.03049	0.96951	0
169	F	0.00000	0.18228	0.81772	0
170	W	0.00000	0.51845	0.48155	0
171	Q	0.00000	0.92429	0.07571	0
172	F	0.00000	0.94189	0.05811	0
173	V	0.00000	0.9721	0.02790	0
174	V	0.00000	0.99089	0.00911	0
175	G	0.00000	0.99958	0.00042	0
176	K	0.00000	1	0.00000	0
177	R	0.00000	1	0.00000	0
178	T	0.00000	1	0.00000	0
179	V	0.00000	1	0.00000	0
180	P	0.00000	1	0.00000	0
181	D	0.00000	1	0.00000	0
182	N	0.00000	1	0.00000	0
183	Q	0.00000	1	0.00000	0
184	C	0.00000	1	0.00000	0
185	F	0.00000	0.99946	0.00054	0
186	I	0.00000	0.99866	0.00134	0
187	Q	0.00000	0.99661	0.00339	0
188	F	0.00000	0.99483	0.00517	0
189	L	0.00000	0.99262	0.00738	0
190	S	0.00000	0.99128	0.00872	0
191	N	0.00000	0.98944	0.01056	0
192	P	0.00000	0.34409	0.65591	0
193	A	0.00000	0.13911	0.86089	0
194	V	0.00000	0.07019	0.92981	0
195	T	0.00000	0.06111	0.93889	0
196	F	0.00000	0.02913	0.97087	0
197	G	0.00000	0.02371	0.97629	0
198	T	0.00000	0.01958	0.98042	0
199	A	0.00000	0.00042	0.99958	0
200	I	0.00000	0.00025	0.99975	0
201	A	0.00000	0	1.00000	0
202	A	0.00000	0	1.00000	0
203	F	0.00000	0	1.00000	0
204	Y	0.00000	0	1.00000	0
205	L	0.00000	0	1.00000	0
206	P	0.00000	0	1.00000	0
207	V	0.00000	0	1.00000	0
208	V	0.00000	0	1.00000	0
209	I	0.00002	0	0.99998	0
210	M	0.00005	0	0.99995	0
211	T	0.00008	0	0.99992	0
212	V	0.00019	0	0.99981	0
213	L	0.00048	0	0.99952	0
214	Y	0.00154	0	0.99846	0
215	I	0.01390	0	0.98610	0
216	H	0.15525	0	0.84475	0
217	I	0.28695	0	0.71305	0
218	S	0.83732	0	0.16268	0
219	L	0.91326	0	0.08674	0
220	A	0.95838	0	0.04162	0
221	S	0.99894	0	0.00106	0
222	R	0.99980	0	0.00020	0
223	S	0.99988	0	0.00012	0
224	R	0.99996	0	0.00004	0
225	V	0.99996	0	0.00004	0
226	H	0.99998	0	0.00002	0
227	K	1.00000	0	0.00000	0
228	H	1.00000	0	0.00000	0
229	R	1.00000	0	0.00000	0
230	P	1.00000	0	0.00000	0
231	E	1.00000	0	0.00000	0
232	G	1.00000	0	0.00000	0
233	P	1.00000	0	0.00000	0
234	K	1.00000	0	0.00000	0
235	E	1.00000	0	0.00000	0
236	K	1.00000	0	0.00000	0
237	K	1.00000	0	0.00000	0
238	A	1.00000	0	0.00000	0
239	K	1.00000	0	0.00000	0
240	T	1.00000	0	0.00000	0
241	L	1.00000	0	0.00000	0
242	A	1.00000	0	0.00000	0
243	F	1.00000	0	0.00000	0
244	L	1.00000	0	0.00000	0
245	K	1.00000	0	0.00000	0
246	S	1.00000	0	0.00000	0
247	P	1.00000	0	0.00000	0
248	L	1.00000	0	0.00000	0
249	M	1.00000	0	0.00000	0
250	K	1.00000	0	0.00000	0
251	P	1.00000	0	0.00000	0
252	S	1.00000	0	0.00000	0
253	I	1.00000	0	0.00000	0
254	K	1.00000	0	0.00000	0
255	K	1.00000	0	0.00000	0
256	P	1.00000	0	0.00000	0
257	P	1.00000	0	0.00000	0
258	P	1.00000	0	0.00000	0
259	G	1.00000	0	0.00000	0
260	G	1.00000	0	0.00000	0
261	A	1.00000	0	0.00000	0
262	S	1.00000	0	0.00000	0
263	R	1.00000	0	0.00000	0
264	E	1.00000	0	0.00000	0
265	E	1.00000	0	0.00000	0
266	L	1.00000	0	0.00000	0
267	R	1.00000	0	0.00000	0
268	N	1.00000	0	0.00000	0
269	G	1.00000	0	0.00000	0
270	K	1.00000	0	0.00000	0
271	L	1.00000	0	0.00000	0
272	E	1.00000	0	0.00000	0
273	E	1.00000	0	0.00000	0
274	A	1.00000	0	0.00000	0
275	P	1.00000	0	0.00000	0
276	P	1.00000	0	0.00000	0
277	P	1.00000	0	0.00000	0
278	A	1.00000	0	0.00000	0
279	L	1.00000	0	0.00000	0
280	P	1.00000	0	0.00000	0
281	P	1.00000	0	0.00000	0
282	P	1.00000	0	0.00000	0
283	P	1.00000	0	0.00000	0
284	R	1.00000	0	0.00000	0
285	P	1.00000	0	0.00000	0
286	V	1.00000	0	0.00000	0
287	A	1.00000	0	0.00000	0
288	D	1.00000	0	0.00000	0
289	K	1.00000	0	0.00000	0
290	D	1.00000	0	0.00000	0
291	T	1.00000	0	0.00000	0
292	S	1.00000	0	0.00000	0
293	N	1.00000	0	0.00000	0
294	E	1.00000	0	0.00000	0
295	S	1.00000	0	0.00000	0
296	S	1.00000	0	0.00000	0
297	S	1.00000	0	0.00000	0
298	G	1.00000	0	0.00000	0
299	S	1.00000	0	0.00000	0
300	A	1.00000	0	0.00000	0
301	T	1.00000	0	0.00000	0
302	Q	1.00000	0	0.00000	0
303	N	1.00000	0	0.00000	0
304	T	1.00000	0	0.00000	0
305	K	1.00000	0	0.00000	0
306	E	1.00000	0	0.00000	0
307	R	1.00000	0	0.00000	0
308	P	1.00000	0	0.00000	0
309	P	1.00000	0	0.00000	0
310	T	1.00000	0	0.00000	0
311	E	1.00000	0	0.00000	0
312	L	1.00000	0	0.00000	0
313	S	1.00000	0	0.00000	0
314	T	1.00000	0	0.00000	0
315	T	1.00000	0	0.00000	0
316	E	1.00000	0	0.00000	0
317	A	1.00000	0	0.00000	0
318	A	1.00000	0	0.00000	0
319	T	1.00000	0	0.00000	0
320	T	1.00000	0	0.00000	0
321	P	1.00000	0	0.00000	0
322	A	1.00000	0	0.00000	0
323	L	1.00000	0	0.00000	0
324	P	1.00000	0	0.00000	0
325	A	1.00000	0	0.00000	0
326	P	1.00000	0	0.00000	0
327	T	1.00000	0	0.00000	0
328	L	1.00000	0	0.00000	0
329	Q	1.00000	0	0.00000	0
330	P	1.00000	0	0.00000	0
331	R	1.00000	0	0.00000	0
332	T	1.00000	0	0.00000	0
333	L	1.00000	0	0.00000	0
334	N	1.00000	0	0.00000	0
335	P	1.00000	0	0.00000	0
336	A	1.00000	0	0.00000	0
337	S	1.00000	0	0.00000	0
338	K	1.00000	0	0.00000	0
339	W	1.00000	0	0.00000	0
340	S	1.00000	0	0.00000	0
341	K	1.00000	0	0.00000	0
342	I	1.00000	0	0.00000	0
343	Q	1.00000	0	0.00000	0
344	I	1.00000	0	0.00000	0
345	V	1.00000	0	0.00000	0
346	T	1.00000	0	0.00000	0
347	K	1.00000	0	0.00000	0
348	Q	1.00000	0	0.00000	0
349	T	1.00000	0	0.00000	0
350	G	1.00000	0	0.00000	0
351	S	1.00000	0	0.00000	0
352	E	1.00000	0	0.00000	0
353	C	1.00000	0	0.00000	0
354	V	1.00000	0	0.00000	0
355	T	1.00000	0	0.00000	0
356	A	1.00000	0	0.00000	0
357	I	1.00000	0	0.00000	0
358	E	1.00000	0	0.00000	0
359	I	1.00000	0	0.00000	0
360	V	1.00000	0	0.00000	0
361	P	1.00000	0	0.00000	0
362	A	1.00000	0	0.00000	0
363	T	1.00000	0	0.00000	0
364	P	1.00000	0	0.00000	0
365	A	1.00000	0	0.00000	0
366	G	1.00000	0	0.00000	0
367	M	1.00000	0	0.00000	0
368	R	1.00000	0	0.00000	0
369	P	1.00000	0	0.00000	0
370	A	1.00000	0	0.00000	0
371	A	1.00000	0	0.00000	0
372	N	1.00000	0	0.00000	0
373	V	1.00000	0	0.00000	0
374	A	1.00000	0	0.00000	0
375	R	1.00000	0	0.00000	0
376	K	1.00000	0	0.00000	0
377	F	1.00000	0	0.00000	0
378	A	1.00000	0	0.00000	0
379	S	1.00000	0	0.00000	0
380	I	1.00000	0	0.00000	0
381	A	1.00000	0	0.00000	0
382	R	1.00000	0	0.00000	0
383	N	1.00000	0	0.00000	0
384	Q	1.00000	0	0.00000	0
385	V	1.00000	0	0.00000	0
386	R	1.00000	0	0.00000	0
387	K	1.00000	0	0.00000	0
388	K	1.00000	0	0.00000	0
389	R	1.00000	0	0.00000	0
390	Q	1.00000	0	0.00000	0
391	M	1.00000	0	0.00000	0
392	A	1.00000	0	0.00000	0
393	A	1.00000	0	0.00000	0
394	R	1.00000	0	0.00000	0
395	E	1.00000	0	0.00000	0
396	R	0.79535	0	0.20465	0
397	K	0.73947	0	0.26053	0
398	V	0.54007	0	0.45993	0
399	T	0.31791	0	0.68209	0
400	R	0.28090	0	0.71910	0
401	T	0.23685	0	0.76315	0
402	I	0.19212	0	0.80788	0
403	F	0.00481	0	0.99519	0
404	A	0.00047	0	0.99953	0
405	I	0.00005	0	0.99995	0
406	L	0.00005	0	0.99995	0
407	L	0.00000	0	1.00000	0
408	A	0.00000	0	1.00000	0
409	F	0.00000	0	1.00000	0
410	I	0.00000	0	1.00000	0
411	L	0.00000	0	1.00000	0
412	T	0.00000	0	1.00000	0
413	W	0.00000	0	1.00000	0
414	T	0.00000	0	1.00000	0
415	P	0.00000	4e-05	0.99996	0
416	Y	0.00000	0.00024	0.99976	0
417	N	0.00000	0.00131	0.99869	0
418	V	0.00000	0.0017	0.99830	0
419	M	0.00000	0.00363	0.99637	0
420	V	0.00000	0.02135	0.97865	0
421	L	0.00000	0.14205	0.85795	0
422	V	0.00000	0.31067	0.68933	0
423	N	0.00000	0.70289	0.29711	0
424	T	0.00000	0.76814	0.23186	0
425	F	0.00000	0.79564	0.20436	0
426	C	0.00000	0.97619	0.02381	0
427	Q	0.00000	0.99561	0.00439	0
428	S	0.00000	0.99873	0.00127	0
429	C	0.00000	0.99966	0.00034	0
430	I	0.00000	0.99972	0.00028	0
431	P	0.00000	0.99974	0.00026	0
432	E	0.00000	0.99966	0.00034	0
433	R	0.00000	0.99784	0.00216	0
434	V	0.00000	0.99678	0.00322	0
435	W	0.00000	0.99627	0.00373	0
436	S	0.00000	0.97391	0.02609	0
437	I	0.00000	0.76202	0.23798	0
438	G	0.00000	0.74638	0.25362	0
439	Y	0.00000	0.52519	0.47481	0
440	W	0.00000	0.04497	0.95503	0
441	L	0.00000	0.00015	0.99985	0
442	C	0.00000	1e-05	0.99999	0
443	Y	0.00000	0	1.00000	0
444	V	0.00000	0	1.00000	0
445	N	0.00000	0	1.00000	0
446	S	0.00000	0	1.00000	0
447	T	0.00000	0	1.00000	0
448	I	0.00000	0	1.00000	0
449	N	0.00000	0	1.00000	0
450	P	0.00000	0	1.00000	0
451	A	0.00000	0	1.00000	0
452	C	0.00000	0	1.00000	0
453	Y	0.00001	0	0.99999	0
454	A	0.00003	0	0.99997	0
455	L	0.00009	0	0.99991	0
456	C	0.00340	0	0.99660	0
457	N	0.04081	0	0.95919	0
458	A	0.10964	0	0.89036	0
459	T	0.14302	0	0.85698	0
460	F	0.26113	0	0.73887	0
461	K	1.00000	0	0.00000	0
462	K	1.00000	0	0.00000	0
463	T	1.00000	0	0.00000	0
464	F	1.00000	0	0.00000	0
465	R	1.00000	0	0.00000	0
466	H	1.00000	0	0.00000	0
467	L	1.00000	0	0.00000	0
468	L	1.00000	0	0.00000	0
469	L	1.00000	0	0.00000	0
470	C	1.00000	0	0.00000	0
471	Q	1.00000	0	0.00000	0
472	Y	1.00000	0	0.00000	0
473	R	1.00000	0	0.00000	0
474	N	1.00000	0	0.00000	0
475	I	1.00000	0	0.00000	0
476	G	1.00000	0	0.00000	0
477	T	1.00000	0	0.00000	0
478	A	1.00000	0	0.00000	0
479	R	1.00000	0	0.00000	0
