# UNNAMED
#pos	aa	i	o	M	S
1	M	0.00000	1	0.00000	0
2	D	0.00000	1	0.00000	0
3	K	0.00000	1	0.00000	0
4	L	0.00000	1	0.00000	0
5	D	0.00000	1	0.00000	0
6	A	0.00000	1	0.00000	0
7	N	0.00000	1	0.00000	0
8	V	0.00000	1	0.00000	0
9	S	0.00000	1	0.00000	0
10	S	0.00000	1	0.00000	0
11	N	0.00000	1	0.00000	0
12	E	0.00000	1	0.00000	0
13	G	0.00000	1	0.00000	0
14	F	0.00000	1	0.00000	0
15	R	0.00000	1	0.00000	0
16	S	0.00000	0.99997	0.00003	0
17	V	0.00000	0.99977	0.00023	0
18	E	0.00000	0.99967	0.00033	0
19	K	0.00000	0.99646	0.00354	0
20	V	0.00000	0.58964	0.41036	0
21	V	0.00000	0.22782	0.77218	0
22	L	0.00000	0.11924	0.88076	0
23	L	0.00000	0.061	0.93900	0
24	T	0.00000	0.0265	0.97350	0
25	F	0.00000	0.00548	0.99452	0
26	L	0.00000	0.0005	0.99950	0
27	A	0.00000	2e-05	0.99998	0
28	V	0.00000	0	1.00000	0
29	V	0.00000	0	1.00000	0
30	I	0.00000	0	1.00000	0
31	L	0.00000	0	1.00000	0
32	M	0.00000	0	1.00000	0
33	A	0.00000	0	1.00000	0
34	I	0.00000	0	1.00000	0
35	L	0.00000	0	1.00000	0
36	G	0.00000	0	1.00000	0
37	N	0.00000	0	1.00000	0
38	L	0.00000	0	1.00000	0
39	L	0.00000	0	1.00000	0
40	V	0.00000	0	1.00000	0
41	M	0.00005	0	0.99995	0
42	V	0.00082	0	0.99918	0
43	A	0.03130	0	0.96870	0
44	V	0.11454	0	0.88546	0
45	C	0.44689	0	0.55311	0
46	R	0.99058	0	0.00942	0
47	D	0.99994	0	0.00006	0
48	R	1.00000	0	0.00000	0
49	Q	1.00000	0	0.00000	0
50	L	1.00000	0	0.00000	0
51	R	1.00000	0	0.00000	0
52	K	0.99999	0	0.00001	0
53	I	0.99689	0	0.00311	0
54	K	0.99599	0	0.00401	0
55	T	0.87115	0	0.12885	0
56	N	0.15766	0	0.84234	0
57	Y	0.04477	0	0.95523	0
58	F	0.00034	0	0.99966	0
59	I	0.00001	0	0.99999	0
60	V	0.00000	0	1.00000	0
61	S	0.00000	0	1.00000	0
62	L	0.00000	0	1.00000	0
63	A	0.00000	0	1.00000	0
64	F	0.00000	0	1.00000	0
65	A	0.00000	0	1.00000	0
66	D	0.00000	0	1.00000	0
67	L	0.00000	0	1.00000	0
68	L	0.00000	0	1.00000	0
69	V	0.00000	0	1.00000	0
70	S	0.00000	0	1.00000	0
71	V	0.00000	0	1.00000	0
72	L	0.00000	0	1.00000	0
73	V	0.00000	0	1.00000	0
74	M	0.00000	6e-05	0.99994	0
75	P	0.00000	0.00112	0.99888	0
76	F	0.00000	0.02758	0.97242	0
77	G	0.00000	0.16354	0.83646	0
78	A	0.00000	0.38193	0.61807	0
79	I	0.00000	0.58801	0.41199	0
80	E	0.00000	0.99993	0.00007	0
81	L	0.00000	0.99995	0.00005	0
82	V	0.00000	0.99997	0.00003	0
83	Q	0.00000	0.99999	0.00001	0
84	D	0.00000	1	0.00000	0
85	I	0.00000	1	0.00000	0
86	W	0.00000	1	0.00000	0
87	A	0.00000	1	0.00000	0
88	Y	0.00000	1	0.00000	0
89	G	0.00000	1	0.00000	0
90	E	0.00000	1	0.00000	0
91	M	0.00000	1	0.00000	0
92	F	0.00000	0.99967	0.00033	0
93	C	0.00000	0.9996	0.00040	0
94	L	0.00000	0.99914	0.00086	0
95	V	0.00000	0.99887	0.00113	0
96	R	0.00000	0.9664	0.03360	0
97	T	0.00000	0.84508	0.15492	0
98	S	0.00000	0.58115	0.41885	0
99	L	0.00000	0.03901	0.96099	0
100	D	0.00000	0.01034	0.98966	0
101	V	0.00000	0.00016	0.99984	0
102	L	0.00000	0	1.00000	0
103	L	0.00000	0	1.00000	0
104	T	0.00000	0	1.00000	0
105	T	0.00000	0	1.00000	0
106	A	0.00000	0	1.00000	0
107	S	0.00000	0	1.00000	0
108	I	0.00000	0	1.00000	0
109	F	0.00000	0	1.00000	0
110	H	0.00000	0	1.00000	0
111	L	0.00000	0	1.00000	0
112	C	0.00000	0	1.00000	0
113	C	0.00000	0	1.00000	0
114	I	0.00000	0	1.00000	0
115	S	0.00000	0	1.00000	0
116	L	0.00000	0	1.00000	0
117	D	0.00000	0	1.00000	0
118	R	0.00042	0	0.99958	0
119	Y	0.03447	0	0.96553	0
120	Y	0.25746	0	0.74254	0
121	A	0.96357	0	0.03643	0
122	I	0.99997	0	0.00003	0
123	C	1.00000	0	0.00000	0
124	C	1.00000	0	0.00000	0
125	Q	1.00000	0	0.00000	0
126	P	1.00000	0	0.00000	0
127	L	1.00000	0	0.00000	0
128	V	1.00000	0	0.00000	0
129	Y	1.00000	0	0.00000	0
130	R	1.00000	0	0.00000	0
131	N	1.00000	0	0.00000	0
132	K	1.00000	0	0.00000	0
133	M	0.99998	0	0.00002	0
134	T	0.99966	0	0.00034	0
135	P	0.99612	0	0.00388	0
136	L	0.89198	0	0.10802	0
137	R	0.83893	0	0.16107	0
138	I	0.01265	0	0.98735	0
139	A	0.00075	0	0.99925	0
140	L	0.00008	0	0.99992	0
141	M	0.00002	0	0.99998	0
142	L	0.00000	0	1.00000	0
143	G	0.00000	0	1.00000	0
144	G	0.00000	0	1.00000	0
145	C	0.00000	0	1.00000	0
146	W	0.00000	0	1.00000	0
147	V	0.00000	0	1.00000	0
148	L	0.00000	0	1.00000	0
149	P	0.00000	0	1.00000	0
150	M	0.00000	0	1.00000	0
151	F	0.00000	0	1.00000	0
152	I	0.00000	0	1.00000	0
153	S	0.00000	0	1.00000	0
154	F	0.00000	0	1.00000	0
155	L	0.00000	0.00034	0.99966	0
156	P	0.00000	0.00678	0.99322	0
157	I	0.00000	0.01232	0.98768	0
158	M	0.00000	0.06435	0.93565	0
159	Q	0.00000	0.85737	0.14263	0
160	G	0.00000	0.96952	0.03048	0
161	W	0.00000	0.98643	0.01357	0
162	N	0.00000	0.99957	0.00043	0
163	N	0.00000	0.99999	0.00001	0
164	I	0.00000	1	0.00000	0
165	G	0.00000	1	0.00000	0
166	I	0.00000	1	0.00000	0
167	V	0.00000	1	0.00000	0
168	D	0.00000	1	0.00000	0
169	V	0.00000	1	0.00000	0
170	I	0.00000	1	0.00000	0
171	E	0.00000	1	0.00000	0
172	K	0.00000	1	0.00000	0
173	R	0.00000	1	0.00000	0
174	K	0.00000	1	0.00000	0
175	F	0.00000	1	0.00000	0
176	S	0.00000	1	0.00000	0
177	H	0.00000	1	0.00000	0
178	N	0.00000	1	0.00000	0
179	S	0.00000	1	0.00000	0
180	N	0.00000	1	0.00000	0
181	S	0.00000	1	0.00000	0
182	T	0.00000	1	0.00000	0
183	W	0.00000	0.99999	0.00001	0
184	C	0.00000	0.99983	0.00017	0
185	V	0.00000	0.82721	0.17279	0
186	F	0.00000	0.81659	0.18341	0
187	M	0.00000	0.816	0.18400	0
188	V	0.00000	0.8158	0.18420	0
189	N	0.00000	0.81574	0.18426	0
190	K	0.00000	0.81356	0.18644	0
191	P	0.00000	0.50867	0.49133	0
192	Y	0.00000	0.07276	0.92724	0
193	A	0.00000	0.01967	0.98033	0
194	I	0.00000	0.00643	0.99357	0
195	T	0.00000	0.00509	0.99491	0
196	C	0.00000	0.00473	0.99527	0
197	S	0.00000	0.00028	0.99972	0
198	V	0.00000	0.0001	0.99990	0
199	V	0.00000	0	1.00000	0
200	A	0.00000	0	1.00000	0
201	F	0.00000	0	1.00000	0
202	Y	0.00000	0	1.00000	0
203	I	0.00000	0	1.00000	0
204	P	0.00000	0	1.00000	0
205	F	0.00000	0	1.00000	0
206	L	0.00000	0	1.00000	0
207	L	0.00003	0	0.99997	0
208	M	0.00011	0	0.99989	0
209	V	0.00024	0	0.99976	0
210	L	0.00870	0	0.99130	0
211	A	0.03721	0	0.96279	0
212	Y	0.05129	0	0.94871	0
213	Y	0.09099	0	0.90901	0
214	R	0.26603	0	0.73397	0
215	I	0.27668	0	0.72332	0
216	Y	0.34643	0	0.65357	0
217	V	0.74831	0	0.25169	0
218	T	0.98956	0	0.01044	0
219	A	0.99983	0	0.00017	0
220	K	0.99999	0	0.00001	0
221	E	1.00000	0	0.00000	0
222	H	1.00000	0	0.00000	0
223	A	1.00000	0	0.00000	0
224	Q	1.00000	0	0.00000	0
225	Q	1.00000	0	0.00000	0
226	I	1.00000	0	0.00000	0
227	Q	1.00000	0	0.00000	0
228	M	1.00000	0	0.00000	0
229	L	1.00000	0	0.00000	0
230	Q	1.00000	0	0.00000	0
231	R	1.00000	0	0.00000	0
232	A	1.00000	0	0.00000	0
233	G	1.00000	0	0.00000	0
234	A	1.00000	0	0.00000	0
235	T	1.00000	0	0.00000	0
236	S	1.00000	0	0.00000	0
237	E	1.00000	0	0.00000	0
238	S	1.00000	0	0.00000	0
239	R	1.00000	0	0.00000	0
240	P	1.00000	0	0.00000	0
241	Q	1.00000	0	0.00000	0
242	P	1.00000	0	0.00000	0
243	A	1.00000	0	0.00000	0
244	D	1.00000	0	0.00000	0
245	Q	1.00000	0	0.00000	0
246	H	1.00000	0	0.00000	0
247	S	1.00000	0	0.00000	0
248	T	1.00000	0	0.00000	0
249	H	1.00000	0	0.00000	0
250	R	1.00000	0	0.00000	0
251	M	1.00000	0	0.00000	0
252	R	1.00000	0	0.00000	0
253	T	1.00000	0	0.00000	0
254	E	1.00000	0	0.00000	0
255	T	0.86569	0	0.13431	0
256	K	0.86275	0	0.13725	0
257	A	0.36255	0	0.63745	0
258	A	0.29215	0	0.70785	0
259	K	0.29050	0	0.70950	0
260	T	0.20569	0	0.79431	0
261	L	0.00135	0	0.99865	0
262	C	0.00001	0	0.99999	0
263	V	0.00000	0	1.00000	0
264	I	0.00000	0	1.00000	0
265	M	0.00000	0	1.00000	0
266	G	0.00000	0	1.00000	0
267	C	0.00000	0	1.00000	0
268	F	0.00000	0	1.00000	0
269	C	0.00000	0	1.00000	0
270	F	0.00000	0	1.00000	0
271	C	0.00000	0	1.00000	0
272	W	0.00000	0	1.00000	0
273	A	0.00000	0	1.00000	0
274	P	0.00000	0	1.00000	0
275	F	0.00000	1e-05	0.99999	0
276	F	0.00000	0.00014	0.99986	0
277	V	0.00000	0.01931	0.98069	0
278	T	0.00000	0.15	0.85000	0
279	N	0.00000	0.24648	0.75352	0
280	I	0.00000	0.28577	0.71423	0
281	V	0.00000	0.45017	0.54983	0
282	D	0.00000	0.98136	0.01864	0
283	P	0.00000	0.98348	0.01652	0
284	F	0.00000	0.98434	0.01566	0
285	I	0.00000	0.98801	0.01199	0
286	D	0.00000	0.99986	0.00014	0
287	Y	0.00000	0.99989	0.00011	0
288	T	0.00000	0.99994	0.00006	0
289	V	0.00000	0.99996	0.00004	0
290	P	0.00000	0.99981	0.00019	0
291	E	0.00000	0.99601	0.00399	0
292	Q	0.00000	0.98093	0.01907	0
293	V	0.00000	0.91463	0.08537	0
294	W	0.00000	0.88923	0.11077	0
295	T	0.00000	0.34067	0.65933	0
296	A	0.00000	0.0032	0.99680	0
297	F	0.00000	8e-05	0.99992	0
298	L	0.00000	0	1.00000	0
299	W	0.00000	0	1.00000	0
300	L	0.00000	0	1.00000	0
301	G	0.00000	0	1.00000	0
302	Y	0.00000	0	1.00000	0
303	I	0.00000	0	1.00000	0
304	N	0.00000	0	1.00000	0
305	S	0.00000	0	1.00000	0
306	G	0.00000	0	1.00000	0
307	L	0.00000	0	1.00000	0
308	N	0.00000	0	1.00000	0
309	P	0.00000	0	1.00000	0
310	F	0.00000	0	1.00000	0
311	L	0.00000	0	1.00000	0
312	Y	0.00002	0	0.99998	0
313	A	0.00016	0	0.99984	0
314	F	0.00260	0	0.99740	0
315	L	0.40689	0	0.59311	0
316	N	0.89896	0	0.10104	0
317	K	1.00000	0	0.00000	0
318	S	1.00000	0	0.00000	0
319	F	1.00000	0	0.00000	0
320	R	1.00000	0	0.00000	0
321	R	1.00000	0	0.00000	0
322	A	1.00000	0	0.00000	0
323	F	1.00000	0	0.00000	0
324	L	1.00000	0	0.00000	0
325	I	1.00000	0	0.00000	0
326	I	1.00000	0	0.00000	0
327	L	1.00000	0	0.00000	0
328	C	1.00000	0	0.00000	0
329	C	1.00000	0	0.00000	0
330	D	1.00000	0	0.00000	0
331	D	1.00000	0	0.00000	0
332	E	1.00000	0	0.00000	0
333	R	1.00000	0	0.00000	0
334	Y	1.00000	0	0.00000	0
335	K	1.00000	0	0.00000	0
336	R	1.00000	0	0.00000	0
337	P	1.00000	0	0.00000	0
338	P	1.00000	0	0.00000	0
339	I	1.00000	0	0.00000	0
340	L	1.00000	0	0.00000	0
341	G	1.00000	0	0.00000	0
342	Q	1.00000	0	0.00000	0
343	T	1.00000	0	0.00000	0
344	V	1.00000	0	0.00000	0
345	P	1.00000	0	0.00000	0
346	C	1.00000	0	0.00000	0
347	S	1.00000	0	0.00000	0
348	T	1.00000	0	0.00000	0
349	T	1.00000	0	0.00000	0
350	T	1.00000	0	0.00000	0
351	I	1.00000	0	0.00000	0
352	N	1.00000	0	0.00000	0
353	G	1.00000	0	0.00000	0
354	S	1.00000	0	0.00000	0
355	T	1.00000	0	0.00000	0
356	H	1.00000	0	0.00000	0
357	V	1.00000	0	0.00000	0
358	L	1.00000	0	0.00000	0
359	R	1.00000	0	0.00000	0
360	D	1.00000	0	0.00000	0
361	T	1.00000	0	0.00000	0
362	V	1.00000	0	0.00000	0
363	E	1.00000	0	0.00000	0
364	C	1.00000	0	0.00000	0
365	G	1.00000	0	0.00000	0
366	G	1.00000	0	0.00000	0
367	Q	1.00000	0	0.00000	0
368	W	1.00000	0	0.00000	0
369	E	1.00000	0	0.00000	0
370	S	1.00000	0	0.00000	0
371	R	1.00000	0	0.00000	0
372	C	1.00000	0	0.00000	0
373	H	1.00000	0	0.00000	0
374	L	1.00000	0	0.00000	0
375	T	1.00000	0	0.00000	0
376	A	1.00000	0	0.00000	0
377	T	1.00000	0	0.00000	0
378	S	1.00000	0	0.00000	0
379	P	1.00000	0	0.00000	0
380	L	1.00000	0	0.00000	0
381	V	1.00000	0	0.00000	0
382	A	1.00000	0	0.00000	0
383	A	1.00000	0	0.00000	0
384	Q	1.00000	0	0.00000	0
385	P	1.00000	0	0.00000	0
386	S	1.00000	0	0.00000	0
387	D	1.00000	0	0.00000	0
388	T	1.00000	0	0.00000	0
