# UNNAMED
#pos	aa	i	o	M	S
1	M	0.00000	1	0.00000	0
2	A	0.00000	1	0.00000	0
3	T	0.00000	1	0.00000	0
4	D	0.00000	1	0.00000	0
5	N	0.00000	1	0.00000	0
6	D	0.00000	1	0.00000	0
7	S	0.00000	1	0.00000	0
8	F	0.00000	1	0.00000	0
9	P	0.00000	1	0.00000	0
10	W	0.00000	1	0.00000	0
11	D	0.00000	1	0.00000	0
12	Q	0.00000	1	0.00000	0
13	D	0.00000	1	0.00000	0
14	S	0.00000	1	0.00000	0
15	I	0.00000	1	0.00000	0
16	L	0.00000	1	0.00000	0
17	S	0.00000	1	0.00000	0
18	S	0.00000	1	0.00000	0
19	D	0.00000	1	0.00000	0
20	M	0.00000	1	0.00000	0
21	F	0.00000	1	0.00000	0
22	S	0.00000	1	0.00000	0
23	A	0.00000	1	0.00000	0
24	T	0.00000	1	0.00000	0
25	S	0.00000	1	0.00000	0
26	T	0.00000	1	0.00000	0
27	E	0.00000	1	0.00000	0
28	L	0.00000	1	0.00000	0
29	C	0.00000	1	0.00000	0
30	Y	0.00000	1	0.00000	0
31	E	0.00000	1	0.00000	0
32	N	0.00000	1	0.00000	0
33	L	0.00000	1	0.00000	0
34	N	0.00000	1	0.00000	0
35	R	0.00000	1	0.00000	0
36	S	0.00000	1	0.00000	0
37	C	0.00000	1	0.00000	0
38	V	0.00000	1	0.00000	0
39	R	0.00000	1	0.00000	0
40	S	0.00000	1	0.00000	0
41	P	0.00000	1	0.00000	0
42	Y	0.00000	1	0.00000	0
43	S	0.00000	1	0.00000	0
44	P	0.00000	1	0.00000	0
45	G	0.00000	0.99998	0.00002	0
46	P	0.00000	0.99994	0.00006	0
47	R	0.00000	0.99032	0.00968	0
48	L	0.00000	0.57632	0.42368	0
49	I	0.00000	0.18898	0.81102	0
50	L	0.00000	0.06472	0.93528	0
51	Y	0.00000	0.02725	0.97275	0
52	A	0.00000	0.00789	0.99211	0
53	V	0.00000	0.00167	0.99833	0
54	F	0.00000	0.00029	0.99971	0
55	G	0.00000	0.00011	0.99989	0
56	F	0.00000	1e-05	0.99999	0
57	G	0.00000	0	1.00000	0
58	A	0.00000	0	1.00000	0
59	A	0.00000	0	1.00000	0
60	L	0.00000	0	1.00000	0
61	A	0.00000	0	1.00000	0
62	V	0.00000	0	1.00000	0
63	C	0.00000	0	1.00000	0
64	G	0.00000	0	1.00000	0
65	N	0.00000	0	1.00000	0
66	L	0.00000	0	1.00000	0
67	L	0.00000	0	1.00000	0
68	V	0.00020	0	0.99980	0
69	M	0.00374	0	0.99626	0
70	T	0.04334	0	0.95666	0
71	S	0.12783	0	0.87217	0
72	I	0.14980	0	0.85020	0
73	L	0.33644	0	0.66356	0
74	H	0.68183	0	0.31817	0
75	F	0.74081	0	0.25919	0
76	R	0.99201	0	0.00799	0
77	Q	0.99997	0	0.00003	0
78	L	0.99999	0	0.00001	0
79	H	1.00000	0	0.00000	0
80	S	1.00000	0	0.00000	0
81	P	1.00000	0	0.00000	0
82	A	0.78256	0	0.21744	0
83	N	0.13030	0	0.86970	0
84	F	0.01659	0	0.98341	0
85	L	0.00025	0	0.99975	0
86	V	0.00004	0	0.99996	0
87	V	0.00000	0	1.00000	0
88	S	0.00000	0	1.00000	0
89	L	0.00000	0	1.00000	0
90	A	0.00000	0	1.00000	0
91	C	0.00000	0	1.00000	0
92	A	0.00000	0	1.00000	0
93	D	0.00000	0	1.00000	0
94	F	0.00000	0	1.00000	0
95	L	0.00000	0	1.00000	0
96	V	0.00000	0	1.00000	0
97	G	0.00000	0	1.00000	0
98	L	0.00000	0	1.00000	0
99	T	0.00000	0	1.00000	0
100	V	0.00000	2e-05	0.99998	0
101	M	0.00000	0.00113	0.99887	0
102	P	0.00000	0.02399	0.97601	0
103	F	0.00000	0.07854	0.92146	0
104	S	0.00000	0.63451	0.36549	0
105	T	0.00000	0.83686	0.16314	0
106	V	0.00000	0.9031	0.09690	0
107	R	0.00000	0.99998	0.00002	0
108	S	0.00000	0.99999	0.00001	0
109	V	0.00000	0.99999	0.00001	0
110	E	0.00000	1	0.00000	0
111	G	0.00000	1	0.00000	0
112	C	0.00000	1	0.00000	0
113	W	0.00000	1	0.00000	0
114	Y	0.00000	1	0.00000	0
115	F	0.00000	1	0.00000	0
116	G	0.00000	1	0.00000	0
117	E	0.00000	1	0.00000	0
118	S	0.00000	1	0.00000	0
119	Y	0.00000	0.99997	0.00003	0
120	C	0.00000	0.99995	0.00005	0
121	K	0.00000	0.99992	0.00008	0
122	L	0.00000	0.99666	0.00334	0
123	H	0.00000	0.73846	0.26154	0
124	T	0.00000	0.40983	0.59017	0
125	C	0.00000	0.3253	0.67470	0
126	F	0.00000	0.00144	0.99856	0
127	D	0.00000	0.00094	0.99906	0
128	V	0.00000	0	1.00000	0
129	S	0.00000	0	1.00000	0
130	F	0.00000	0	1.00000	0
131	C	0.00000	0	1.00000	0
132	Y	0.00000	0	1.00000	0
133	C	0.00000	0	1.00000	0
134	S	0.00000	0	1.00000	0
135	I	0.00000	0	1.00000	0
136	F	0.00000	0	1.00000	0
137	H	0.00000	0	1.00000	0
138	L	0.00000	0	1.00000	0
139	C	0.00000	0	1.00000	0
140	F	0.00000	0	1.00000	0
141	I	0.00000	0	1.00000	0
142	S	0.00001	0	0.99999	0
143	V	0.00003	0	0.99997	0
144	D	0.00030	0	0.99970	0
145	R	0.26630	0	0.73370	0
146	Y	0.91139	0	0.08861	0
147	I	0.97977	0	0.02023	0
148	A	0.99492	0	0.00508	0
149	V	1.00000	0	0.00000	0
150	S	1.00000	0	0.00000	0
151	D	1.00000	0	0.00000	0
152	P	1.00000	0	0.00000	0
153	L	1.00000	0	0.00000	0
154	T	1.00000	0	0.00000	0
155	Y	1.00000	0	0.00000	0
156	P	1.00000	0	0.00000	0
157	T	0.99999	0	0.00001	0
158	R	0.99983	0	0.00017	0
159	F	0.95573	0	0.04427	0
160	T	0.94608	0	0.05392	0
161	A	0.91077	0	0.08923	0
162	F	0.20128	0	0.79872	0
163	V	0.07649	0	0.92351	0
164	S	0.06827	0	0.93173	0
165	G	0.04521	0	0.95479	0
166	K	0.03551	0	0.96449	0
167	C	0.00018	0	0.99982	0
168	I	0.00000	0	1.00000	0
169	T	0.00000	0	1.00000	0
170	F	0.00000	0	1.00000	0
171	S	0.00000	0	1.00000	0
172	W	0.00000	0	1.00000	0
173	L	0.00000	0	1.00000	0
174	L	0.00000	0	1.00000	0
175	S	0.00000	0	1.00000	0
176	T	0.00000	0	1.00000	0
177	I	0.00000	0	1.00000	0
178	Y	0.00000	0.00028	0.99972	0
179	G	0.00000	0.00401	0.99599	0
180	F	0.00000	0.00719	0.99281	0
181	S	0.00000	0.03457	0.96543	0
182	L	0.00000	0.05655	0.94345	0
183	L	0.00000	0.25817	0.74183	0
184	Y	0.00000	0.51604	0.48396	0
185	T	0.00000	0.87011	0.12989	0
186	G	0.00000	0.94165	0.05835	0
187	A	0.00000	0.95792	0.04208	0
188	N	0.00000	0.99642	0.00358	0
189	E	0.00000	0.99997	0.00003	0
190	A	0.00000	0.99999	0.00001	0
191	G	0.00000	1	0.00000	0
192	L	0.00000	1	0.00000	0
193	E	0.00000	1	0.00000	0
194	D	0.00000	1	0.00000	0
195	L	0.00000	1	0.00000	0
196	V	0.00000	1	0.00000	0
197	S	0.00000	1	0.00000	0
198	A	0.00000	1	0.00000	0
199	L	0.00000	1	0.00000	0
200	T	0.00000	1	0.00000	0
201	C	0.00000	1	0.00000	0
202	V	0.00000	1	0.00000	0
203	G	0.00000	1	0.00000	0
204	G	0.00000	1	0.00000	0
205	C	0.00000	0.99979	0.00021	0
206	Q	0.00000	0.99828	0.00172	0
207	L	0.00000	0.91927	0.08073	0
208	A	0.00000	0.91515	0.08485	0
209	V	0.00000	0.91345	0.08655	0
210	N	0.00000	0.91325	0.08675	0
211	Q	0.00000	0.91133	0.08867	0
212	S	0.00000	0.21719	0.78281	0
213	W	0.00000	0.1042	0.89580	0
214	V	0.00000	0.03547	0.96453	0
215	F	0.00000	0.0091	0.99090	0
216	I	0.00000	0.0018	0.99820	0
217	N	0.00000	0.00144	0.99856	0
218	F	0.00000	0.00064	0.99936	0
219	L	0.00000	0	1.00000	0
220	L	0.00000	0	1.00000	0
221	F	0.00000	0	1.00000	0
222	L	0.00000	0	1.00000	0
223	I	0.00000	0	1.00000	0
224	P	0.00000	0	1.00000	0
225	T	0.00000	0	1.00000	0
226	L	0.00000	0	1.00000	0
227	V	0.00000	0	1.00000	0
228	M	0.00000	0	1.00000	0
229	I	0.00001	0	0.99999	0
230	T	0.00287	0	0.99713	0
231	V	0.00594	0	0.99406	0
232	Y	0.01981	0	0.98019	0
233	S	0.08175	0	0.91825	0
234	K	0.09557	0	0.90443	0
235	I	0.09652	0	0.90348	0
236	F	0.11179	0	0.88821	0
237	L	0.23722	0	0.76278	0
238	I	0.31669	0	0.68331	0
239	A	0.96964	0	0.03036	0
240	K	0.99941	0	0.00059	0
241	Q	0.99999	0	0.00001	0
242	Q	1.00000	0	0.00000	0
243	A	1.00000	0	0.00000	0
244	Q	1.00000	0	0.00000	0
245	N	1.00000	0	0.00000	0
246	I	1.00000	0	0.00000	0
247	E	1.00000	0	0.00000	0
248	K	1.00000	0	0.00000	0
249	M	1.00000	0	0.00000	0
250	S	1.00000	0	0.00000	0
251	K	1.00000	0	0.00000	0
252	Q	1.00000	0	0.00000	0
253	T	1.00000	0	0.00000	0
254	A	1.00000	0	0.00000	0
255	R	1.00000	0	0.00000	0
256	A	1.00000	0	0.00000	0
257	S	1.00000	0	0.00000	0
258	D	1.00000	0	0.00000	0
259	S	1.00000	0	0.00000	0
260	Y	1.00000	0	0.00000	0
261	K	1.00000	0	0.00000	0
262	D	1.00000	0	0.00000	0
263	R	1.00000	0	0.00000	0
264	V	1.00000	0	0.00000	0
265	A	1.00000	0	0.00000	0
266	K	1.00000	0	0.00000	0
267	R	1.00000	0	0.00000	0
268	E	1.00000	0	0.00000	0
269	R	0.91434	0	0.08566	0
270	K	0.91053	0	0.08947	0
271	A	0.08712	0	0.91288	0
272	A	0.08630	0	0.91370	0
273	K	0.08329	0	0.91671	0
274	T	0.06041	0	0.93959	0
275	L	0.03399	0	0.96601	0
276	G	0.01977	0	0.98023	0
277	I	0.01162	0	0.98838	0
278	A	0.01140	0	0.98860	0
279	V	0.01119	0	0.98881	0
280	A	0.00019	0	0.99981	0
281	A	0.00001	0	0.99999	0
282	F	0.00001	0	0.99999	0
283	L	0.00000	0	1.00000	0
284	L	0.00000	0	1.00000	0
285	S	0.00000	0	1.00000	0
286	W	0.00000	0	1.00000	0
287	L	0.00000	0	1.00000	0
288	P	0.00000	4e-05	0.99996	0
289	Y	0.00000	0.00018	0.99982	0
290	F	0.00000	0.00142	0.99858	0
291	I	0.00000	0.05709	0.94291	0
292	D	0.00000	0.86338	0.13662	0
293	S	0.00000	0.8678	0.13220	0
294	I	0.00000	0.87504	0.12496	0
295	I	0.00000	0.884	0.11600	0
296	D	0.00000	0.9136	0.08640	0
297	A	0.00000	0.91367	0.08633	0
298	F	0.00000	0.91421	0.08579	0
299	L	0.00000	0.91715	0.08285	0
300	G	0.00000	0.92803	0.07197	0
301	F	0.00000	0.93055	0.06945	0
302	I	0.00000	0.95471	0.04529	0
303	T	0.00000	0.98763	0.01237	0
304	P	0.00000	0.997	0.00300	0
305	T	0.00000	0.99844	0.00156	0
306	Y	0.00000	0.99918	0.00082	0
307	V	0.00000	0.999	0.00100	0
308	Y	0.00000	0.99874	0.00126	0
309	E	0.00000	0.85486	0.14514	0
310	I	0.00000	0.20539	0.79461	0
311	L	0.00000	0.04696	0.95304	0
312	V	0.00000	0.00816	0.99184	0
313	W	0.00000	0.0006	0.99940	0
314	I	0.00000	0	1.00000	0
315	A	0.00000	0	1.00000	0
316	Y	0.00000	0	1.00000	0
317	Y	0.00000	0	1.00000	0
318	N	0.00000	0	1.00000	0
319	S	0.00000	0	1.00000	0
320	A	0.00000	0	1.00000	0
321	M	0.00000	0	1.00000	0
322	N	0.00000	0	1.00000	0
323	P	0.00000	0	1.00000	0
324	L	0.00000	0	1.00000	0
325	I	0.00000	0	1.00000	0
326	Y	0.00000	0	1.00000	0
327	A	0.00002	0	0.99998	0
328	F	0.00006	0	0.99994	0
329	F	0.00160	0	0.99840	0
330	Y	0.04394	0	0.95606	0
331	P	0.17911	0	0.82089	0
332	W	0.25248	0	0.74752	0
333	F	0.72800	0	0.27200	0
334	R	1.00000	0	0.00000	0
335	K	1.00000	0	0.00000	0
336	A	1.00000	0	0.00000	0
337	I	1.00000	0	0.00000	0
338	K	1.00000	0	0.00000	0
339	L	1.00000	0	0.00000	0
340	I	1.00000	0	0.00000	0
341	V	1.00000	0	0.00000	0
342	S	1.00000	0	0.00000	0
343	G	1.00000	0	0.00000	0
344	K	1.00000	0	0.00000	0
345	V	1.00000	0	0.00000	0
346	L	1.00000	0	0.00000	0
347	R	1.00000	0	0.00000	0
348	E	1.00000	0	0.00000	0
349	N	1.00000	0	0.00000	0
350	S	1.00000	0	0.00000	0
351	S	1.00000	0	0.00000	0
352	T	1.00000	0	0.00000	0
353	T	1.00000	0	0.00000	0
354	N	1.00000	0	0.00000	0
355	L	1.00000	0	0.00000	0
356	F	1.00000	0	0.00000	0
357	P	1.00000	0	0.00000	0
358	E	1.00000	0	0.00000	0
