# UNNAMED
#pos	aa	i	o	M	S
1	M	0.00000	0.99998	0.00000	2e-05
2	A	0.00000	0.99998	0.00000	2e-05
3	S	0.00000	0.99998	0.00000	2e-05
4	S	0.00000	0.99998	0.00000	2e-05
5	Y	0.00000	0.99998	0.00000	2e-05
6	K	0.00000	0.99998	0.00000	2e-05
7	M	0.00000	0.99998	0.00000	2e-05
8	S	0.00000	0.99998	0.00000	2e-05
9	E	0.00000	0.99998	0.00000	2e-05
10	Q	0.00000	0.99998	0.00000	2e-05
11	S	0.00000	0.99998	0.00000	2e-05
12	T	0.00000	0.99998	0.00000	2e-05
13	I	0.00000	0.99998	0.00000	2e-05
14	S	0.00000	0.99998	0.00000	2e-05
15	E	0.00000	1	0.00000	0
16	H	0.00000	1	0.00000	0
17	I	0.00000	1	0.00000	0
18	L	0.00000	1	0.00000	0
19	Q	0.00000	1	0.00000	0
20	K	0.00000	1	0.00000	0
21	T	0.00000	1	0.00000	0
22	C	0.00000	1	0.00000	0
23	D	0.00000	1	0.00000	0
24	H	0.00000	1	0.00000	0
25	L	0.00000	1	0.00000	0
26	I	0.00000	1	0.00000	0
27	L	0.00000	1	0.00000	0
28	T	0.00000	1	0.00000	0
29	D	0.00000	1	0.00000	0
30	R	0.00000	1	0.00000	0
31	S	0.00000	1	0.00000	0
32	G	0.00000	1	0.00000	0
33	L	0.00000	1	0.00000	0
34	K	0.00000	1	0.00000	0
35	A	0.00000	1	0.00000	0
36	E	0.00000	1	0.00000	0
37	S	0.00000	1	0.00000	0
38	A	0.00000	1	0.00000	0
39	A	0.00000	1	0.00000	0
40	E	0.00000	1	0.00000	0
41	E	0.00000	1	0.00000	0
42	M	0.00000	1	0.00000	0
43	K	0.00000	1	0.00000	0
44	Q	0.00000	1	0.00000	0
45	T	0.00000	1	0.00000	0
46	A	0.00000	1	0.00000	0
47	E	0.00000	1	0.00000	0
48	N	0.00000	1	0.00000	0
49	Q	0.00000	1	0.00000	0
50	G	0.00000	0.99996	0.00004	0
51	N	0.00000	0.99112	0.00888	0
52	T	0.00000	0.69778	0.30222	0
53	V	0.00000	0.39307	0.60693	0
54	H	0.00000	0.29339	0.70661	0
55	W	0.00000	0.1769	0.82310	0
56	A	0.00000	0.12394	0.87606	0
57	A	0.00000	0.05532	0.94468	0
58	L	0.00000	0.02112	0.97888	0
59	L	0.00000	0.00793	0.99207	0
60	I	0.00000	0.00086	0.99914	0
61	F	0.00000	0.00017	0.99983	0
62	A	0.00000	2e-05	0.99998	0
63	V	0.00000	0	1.00000	0
64	I	0.00000	0	1.00000	0
65	I	0.00000	0	1.00000	0
66	P	0.00000	0	1.00000	0
67	T	0.00000	0	1.00000	0
68	I	0.00000	0	1.00000	0
69	G	0.00000	0	1.00000	0
70	G	0.00000	0	1.00000	0
71	N	0.00000	0	1.00000	0
72	I	0.00000	0	1.00000	0
73	L	0.00000	0	1.00000	0
74	V	0.00000	0	1.00000	0
75	I	0.00008	0	0.99992	0
76	L	0.00618	0	0.99382	0
77	A	0.16411	0	0.83589	0
78	V	0.34504	0	0.65496	0
79	S	0.86733	0	0.13267	0
80	L	0.92735	0	0.07265	0
81	E	0.99865	0	0.00135	0
82	K	0.99998	0	0.00002	0
83	R	1.00000	0	0.00000	0
84	L	0.99999	0	0.00001	0
85	Q	0.99997	0	0.00003	0
86	Y	0.99813	0	0.00187	0
87	A	0.99526	0	0.00474	0
88	T	0.96655	0	0.03345	0
89	N	0.20138	0	0.79862	0
90	Y	0.06391	0	0.93609	0
91	F	0.00059	0	0.99941	0
92	L	0.00002	0	0.99998	0
93	M	0.00000	0	1.00000	0
94	S	0.00000	0	1.00000	0
95	L	0.00000	0	1.00000	0
96	A	0.00000	0	1.00000	0
97	V	0.00000	0	1.00000	0
98	A	0.00000	0	1.00000	0
99	D	0.00000	0	1.00000	0
100	L	0.00000	0	1.00000	0
101	L	0.00000	0	1.00000	0
102	V	0.00000	0	1.00000	0
103	G	0.00000	0	1.00000	0
104	L	0.00000	0	1.00000	0
105	F	0.00000	0	1.00000	0
106	V	0.00000	1e-05	0.99999	0
107	M	0.00000	0.00014	0.99986	0
108	P	0.00000	0.00349	0.99651	0
109	I	0.00000	0.01286	0.98714	0
110	A	0.00000	0.1161	0.88390	0
111	L	0.00000	0.24368	0.75632	0
112	L	0.00000	0.53193	0.46807	0
113	T	0.00000	0.99595	0.00405	0
114	I	0.00000	0.9961	0.00390	0
115	M	0.00000	0.9963	0.00370	0
116	F	0.00000	0.99727	0.00273	0
117	E	0.00000	0.99981	0.00019	0
118	A	0.00000	0.99992	0.00008	0
119	T	0.00000	0.99999	0.00001	0
120	W	0.00000	1	0.00000	0
121	P	0.00000	1	0.00000	0
122	L	0.00000	1	0.00000	0
123	P	0.00000	1	0.00000	0
124	L	0.00000	1	0.00000	0
125	A	0.00000	1	0.00000	0
126	L	0.00000	1	0.00000	0
127	C	0.00000	1	0.00000	0
128	P	0.00000	0.99997	0.00003	0
129	A	0.00000	0.99933	0.00067	0
130	W	0.00000	0.84924	0.15076	0
131	L	0.00000	0.14536	0.85464	0
132	F	0.00000	0.02192	0.97808	0
133	L	0.00000	0.00091	0.99909	0
134	D	0.00000	0.00029	0.99971	0
135	V	0.00000	1e-05	0.99999	0
136	L	0.00000	0	1.00000	0
137	F	0.00000	0	1.00000	0
138	S	0.00000	0	1.00000	0
139	T	0.00000	0	1.00000	0
140	A	0.00000	0	1.00000	0
141	S	0.00000	0	1.00000	0
142	I	0.00000	0	1.00000	0
143	M	0.00000	0	1.00000	0
144	H	0.00000	0	1.00000	0
145	L	0.00000	0	1.00000	0
146	C	0.00000	0	1.00000	0
147	A	0.00000	0	1.00000	0
148	I	0.00000	0	1.00000	0
149	S	0.00000	0	1.00000	0
150	L	0.00000	0	1.00000	0
151	D	0.00004	0	0.99996	0
152	R	0.10606	0	0.89394	0
153	Y	0.55965	0	0.44035	0
154	I	0.89953	0	0.10047	0
155	A	0.95135	0	0.04865	0
156	I	0.99999	0	0.00001	0
157	K	1.00000	0	0.00000	0
158	K	1.00000	0	0.00000	0
159	P	1.00000	0	0.00000	0
160	I	1.00000	0	0.00000	0
161	Q	1.00000	0	0.00000	0
162	A	1.00000	0	0.00000	0
163	N	1.00000	0	0.00000	0
164	Q	1.00000	0	0.00000	0
165	C	1.00000	0	0.00000	0
166	N	1.00000	0	0.00000	0
167	S	1.00000	0	0.00000	0
168	R	0.99998	0	0.00002	0
169	T	0.99936	0	0.00064	0
170	T	0.98707	0	0.01293	0
171	A	0.09417	0	0.90583	0
172	F	0.00281	0	0.99719	0
173	V	0.00031	0	0.99969	0
174	K	0.00026	0	0.99974	0
175	I	0.00000	0	1.00000	0
176	T	0.00000	0	1.00000	0
177	V	0.00000	0	1.00000	0
178	V	0.00000	0	1.00000	0
179	W	0.00000	0	1.00000	0
180	L	0.00000	0	1.00000	0
181	I	0.00000	0	1.00000	0
182	S	0.00000	0	1.00000	0
183	I	0.00000	0	1.00000	0
184	G	0.00000	0	1.00000	0
185	I	0.00000	0	1.00000	0
186	A	0.00000	0	1.00000	0
187	I	0.00000	0	1.00000	0
188	P	0.00000	1e-05	0.99999	0
189	V	0.00000	0.00012	0.99988	0
190	P	0.00000	0.03399	0.96601	0
191	I	0.00000	0.16286	0.83714	0
192	K	0.00000	0.97564	0.02436	0
193	G	0.00000	0.98796	0.01204	0
194	I	0.00000	0.99263	0.00737	0
195	E	0.00000	0.99975	0.00025	0
196	A	0.00000	0.99988	0.00012	0
197	D	0.00000	1	0.00000	0
198	V	0.00000	1	0.00000	0
199	V	0.00000	1	0.00000	0
200	N	0.00000	1	0.00000	0
201	A	0.00000	1	0.00000	0
202	H	0.00000	1	0.00000	0
203	N	0.00000	1	0.00000	0
204	I	0.00000	1	0.00000	0
205	T	0.00000	1	0.00000	0
206	C	0.00000	1	0.00000	0
207	E	0.00000	1	0.00000	0
208	L	0.00000	1	0.00000	0
209	T	0.00000	1	0.00000	0
210	K	0.00000	1	0.00000	0
211	D	0.00000	1	0.00000	0
212	R	0.00000	0.99874	0.00126	0
213	F	0.00000	0.99443	0.00557	0
214	G	0.00000	0.99042	0.00958	0
215	S	0.00000	0.47496	0.52504	0
216	F	0.00000	0.00495	0.99505	0
217	M	0.00000	0.00276	0.99724	0
218	L	0.00000	0.00091	0.99909	0
219	F	0.00000	0.00044	0.99956	0
220	G	0.00000	0.0004	0.99960	0
221	S	0.00000	0.00032	0.99968	0
222	L	0.00000	0.00015	0.99985	0
223	A	0.00000	0	1.00000	0
224	A	0.00000	0	1.00000	0
225	F	0.00000	0	1.00000	0
226	F	0.00000	0	1.00000	0
227	A	0.00000	0	1.00000	0
228	P	0.00000	0	1.00000	0
229	L	0.00000	0	1.00000	0
230	T	0.00000	0	1.00000	0
231	I	0.00000	0	1.00000	0
232	M	0.00000	0	1.00000	0
233	I	0.00000	0	1.00000	0
234	V	0.00000	0	1.00000	0
235	T	0.00001	0	0.99999	0
236	Y	0.00004	0	0.99996	0
237	F	0.00076	0	0.99924	0
238	L	0.02625	0	0.97375	0
239	T	0.20981	0	0.79019	0
240	I	0.28151	0	0.71849	0
241	H	0.91844	0	0.08156	0
242	A	0.95254	0	0.04746	0
243	L	0.97029	0	0.02971	0
244	R	0.99888	0	0.00112	0
245	K	0.99998	0	0.00002	0
246	K	1.00000	0	0.00000	0
247	A	1.00000	0	0.00000	0
248	Y	1.00000	0	0.00000	0
249	L	1.00000	0	0.00000	0
250	V	1.00000	0	0.00000	0
251	R	1.00000	0	0.00000	0
252	N	1.00000	0	0.00000	0
253	R	1.00000	0	0.00000	0
254	P	1.00000	0	0.00000	0
255	P	1.00000	0	0.00000	0
256	Q	1.00000	0	0.00000	0
257	R	1.00000	0	0.00000	0
258	L	1.00000	0	0.00000	0
259	T	1.00000	0	0.00000	0
260	R	1.00000	0	0.00000	0
261	W	1.00000	0	0.00000	0
262	T	1.00000	0	0.00000	0
263	V	1.00000	0	0.00000	0
264	S	1.00000	0	0.00000	0
265	T	1.00000	0	0.00000	0
266	V	1.00000	0	0.00000	0
267	L	1.00000	0	0.00000	0
268	Q	1.00000	0	0.00000	0
269	R	1.00000	0	0.00000	0
270	E	1.00000	0	0.00000	0
271	D	1.00000	0	0.00000	0
272	S	1.00000	0	0.00000	0
273	S	1.00000	0	0.00000	0
274	F	1.00000	0	0.00000	0
275	S	1.00000	0	0.00000	0
276	S	1.00000	0	0.00000	0
277	P	1.00000	0	0.00000	0
278	E	1.00000	0	0.00000	0
279	K	1.00000	0	0.00000	0
280	M	1.00000	0	0.00000	0
281	V	1.00000	0	0.00000	0
282	M	1.00000	0	0.00000	0
283	L	1.00000	0	0.00000	0
284	D	1.00000	0	0.00000	0
285	G	1.00000	0	0.00000	0
286	S	1.00000	0	0.00000	0
287	H	1.00000	0	0.00000	0
288	K	1.00000	0	0.00000	0
289	D	1.00000	0	0.00000	0
290	K	1.00000	0	0.00000	0
291	I	1.00000	0	0.00000	0
292	L	1.00000	0	0.00000	0
293	P	1.00000	0	0.00000	0
294	N	1.00000	0	0.00000	0
295	S	1.00000	0	0.00000	0
296	T	1.00000	0	0.00000	0
297	D	1.00000	0	0.00000	0
298	E	1.00000	0	0.00000	0
299	T	1.00000	0	0.00000	0
300	L	1.00000	0	0.00000	0
301	M	1.00000	0	0.00000	0
302	R	1.00000	0	0.00000	0
303	R	1.00000	0	0.00000	0
304	M	1.00000	0	0.00000	0
305	S	1.00000	0	0.00000	0
306	S	1.00000	0	0.00000	0
307	A	1.00000	0	0.00000	0
308	G	1.00000	0	0.00000	0
309	K	1.00000	0	0.00000	0
310	K	1.00000	0	0.00000	0
311	P	1.00000	0	0.00000	0
312	A	1.00000	0	0.00000	0
313	Q	1.00000	0	0.00000	0
314	T	1.00000	0	0.00000	0
315	I	1.00000	0	0.00000	0
316	S	1.00000	0	0.00000	0
317	N	1.00000	0	0.00000	0
318	E	1.00000	0	0.00000	0
319	Q	0.99877	0	0.00123	0
320	R	0.99836	0	0.00164	0
321	A	0.44529	0	0.55471	0
322	S	0.44236	0	0.55764	0
323	K	0.05685	0	0.94315	0
324	V	0.00363	0	0.99637	0
325	L	0.00182	0	0.99818	0
326	G	0.00065	0	0.99935	0
327	I	0.00001	0	0.99999	0
328	V	0.00000	0	1.00000	0
329	F	0.00000	0	1.00000	0
330	L	0.00000	0	1.00000	0
331	F	0.00000	0	1.00000	0
332	F	0.00000	0	1.00000	0
333	L	0.00000	0	1.00000	0
334	L	0.00000	0	1.00000	0
335	M	0.00000	0	1.00000	0
336	W	0.00000	0	1.00000	0
337	C	0.00000	0	1.00000	0
338	P	0.00000	0	1.00000	0
339	F	0.00000	0	1.00000	0
340	F	0.00000	1e-05	0.99999	0
341	I	0.00000	0.00016	0.99984	0
342	T	0.00000	0.00274	0.99726	0
343	N	0.00000	0.03672	0.96328	0
344	V	0.00000	0.05235	0.94765	0
345	T	0.00000	0.09918	0.90082	0
346	L	0.00000	0.12377	0.87623	0
347	A	0.00000	0.22982	0.77018	0
348	L	0.00000	0.43534	0.56466	0
349	C	0.00000	0.95955	0.04045	0
350	D	0.00000	0.99994	0.00006	0
351	S	0.00000	0.99999	0.00001	0
352	C	0.00000	1	0.00000	0
353	N	0.00000	1	0.00000	0
354	Q	0.00000	1	0.00000	0
355	T	0.00000	0.99996	0.00004	0
356	T	0.00000	0.99972	0.00028	0
357	L	0.00000	0.9982	0.00180	0
358	K	0.00000	0.99735	0.00265	0
359	T	0.00000	0.98668	0.01332	0
360	L	0.00000	0.96418	0.03582	0
361	L	0.00000	0.95241	0.04759	0
362	Q	0.00000	0.73218	0.26782	0
363	I	0.00000	0.00623	0.99377	0
364	F	0.00000	0.00024	0.99976	0
365	V	0.00000	0	1.00000	0
366	W	0.00000	0	1.00000	0
367	V	0.00000	0	1.00000	0
368	G	0.00000	0	1.00000	0
369	Y	0.00000	0	1.00000	0
370	V	0.00000	0	1.00000	0
371	S	0.00000	0	1.00000	0
372	S	0.00000	0	1.00000	0
373	G	0.00000	0	1.00000	0
374	V	0.00000	0	1.00000	0
375	N	0.00000	0	1.00000	0
376	P	0.00000	0	1.00000	0
377	L	0.00000	0	1.00000	0
378	I	0.00001	0	0.99999	0
379	Y	0.00013	0	0.99987	0
380	T	0.00056	0	0.99944	0
381	L	0.00150	0	0.99850	0
382	F	0.06803	0	0.93197	0
383	N	0.53125	0	0.46875	0
384	K	1.00000	0	0.00000	0
385	T	1.00000	0	0.00000	0
386	F	1.00000	0	0.00000	0
387	R	1.00000	0	0.00000	0
388	E	1.00000	0	0.00000	0
389	A	1.00000	0	0.00000	0
390	F	1.00000	0	0.00000	0
391	G	1.00000	0	0.00000	0
392	R	1.00000	0	0.00000	0
393	Y	1.00000	0	0.00000	0
394	I	1.00000	0	0.00000	0
395	T	1.00000	0	0.00000	0
396	C	1.00000	0	0.00000	0
397	N	1.00000	0	0.00000	0
398	Y	1.00000	0	0.00000	0
399	Q	1.00000	0	0.00000	0
400	A	1.00000	0	0.00000	0
401	T	1.00000	0	0.00000	0
402	K	1.00000	0	0.00000	0
403	S	1.00000	0	0.00000	0
404	V	1.00000	0	0.00000	0
405	K	1.00000	0	0.00000	0
406	V	1.00000	0	0.00000	0
407	L	1.00000	0	0.00000	0
408	R	1.00000	0	0.00000	0
409	K	1.00000	0	0.00000	0
410	C	1.00000	0	0.00000	0
411	S	1.00000	0	0.00000	0
412	S	1.00000	0	0.00000	0
413	T	1.00000	0	0.00000	0
414	L	1.00000	0	0.00000	0
415	Y	1.00000	0	0.00000	0
416	F	1.00000	0	0.00000	0
417	G	1.00000	0	0.00000	0
418	N	1.00000	0	0.00000	0
419	S	1.00000	0	0.00000	0
420	M	1.00000	0	0.00000	0
421	V	1.00000	0	0.00000	0
422	E	1.00000	0	0.00000	0
423	N	1.00000	0	0.00000	0
424	S	1.00000	0	0.00000	0
425	K	1.00000	0	0.00000	0
426	F	1.00000	0	0.00000	0
427	F	1.00000	0	0.00000	0
428	T	1.00000	0	0.00000	0
429	K	1.00000	0	0.00000	0
430	H	1.00000	0	0.00000	0
431	G	1.00000	0	0.00000	0
432	I	1.00000	0	0.00000	0
433	R	1.00000	0	0.00000	0
434	N	1.00000	0	0.00000	0
435	G	1.00000	0	0.00000	0
436	I	1.00000	0	0.00000	0
437	N	1.00000	0	0.00000	0
438	P	1.00000	0	0.00000	0
439	A	1.00000	0	0.00000	0
440	M	1.00000	0	0.00000	0
441	Y	1.00000	0	0.00000	0
442	Q	1.00000	0	0.00000	0
443	S	1.00000	0	0.00000	0
444	P	1.00000	0	0.00000	0
445	V	1.00000	0	0.00000	0
446	R	1.00000	0	0.00000	0
447	L	1.00000	0	0.00000	0
448	R	1.00000	0	0.00000	0
449	S	1.00000	0	0.00000	0
450	S	1.00000	0	0.00000	0
451	T	1.00000	0	0.00000	0
452	I	1.00000	0	0.00000	0
453	Q	1.00000	0	0.00000	0
454	S	1.00000	0	0.00000	0
455	S	1.00000	0	0.00000	0
456	S	1.00000	0	0.00000	0
457	I	1.00000	0	0.00000	0
458	I	1.00000	0	0.00000	0
459	L	1.00000	0	0.00000	0
460	L	1.00000	0	0.00000	0
461	N	1.00000	0	0.00000	0
462	T	1.00000	0	0.00000	0
463	F	1.00000	0	0.00000	0
464	L	1.00000	0	0.00000	0
465	T	1.00000	0	0.00000	0
466	E	1.00000	0	0.00000	0
467	N	1.00000	0	0.00000	0
468	D	1.00000	0	0.00000	0
469	G	1.00000	0	0.00000	0
470	D	1.00000	0	0.00000	0
471	K	1.00000	0	0.00000	0
472	V	1.00000	0	0.00000	0
473	E	1.00000	0	0.00000	0
474	D	1.00000	0	0.00000	0
475	Q	1.00000	0	0.00000	0
476	V	1.00000	0	0.00000	0
477	S	1.00000	0	0.00000	0
478	Y	1.00000	0	0.00000	0
479	I	1.00000	0	0.00000	0
