# UNNAMED
#pos	aa	i	o	M	S
1	M	0.00000	0.00979	0.00000	0.99021
2	A	0.00000	0.00979	0.00000	0.9902
3	S	0.00000	0.00979	0.00000	0.99021
4	P	0.00000	0.00979	0.00000	0.99021
5	A	0.00000	0.00979	0.00000	0.99021
6	L	0.00000	0.00979	0.00000	0.99021
7	A	0.00000	0.00979	0.00000	0.99021
8	A	0.00000	0.00979	0.00000	0.9902
9	A	0.00000	0.00979	0.00000	0.99021
10	L	0.00000	0.00979	0.00000	0.99021
11	A	0.00000	0.00979	0.00000	0.99021
12	V	0.00000	0.00979	0.00000	0.99021
13	A	0.00000	0.00979	0.00000	0.99021
14	A	0.00000	0.00979	0.00000	0.99021
15	A	0.00000	0.0191	0.00000	0.9809
16	A	0.00000	0.02944	0.00000	0.97056
17	G	0.00000	0.08053	0.00000	0.91947
18	P	0.00000	0.08068	0.00000	0.91932
19	N	0.00000	0.08069	0.00000	0.91931
20	A	0.00000	0.0807	0.00000	0.9193
21	S	0.00000	0.0807	0.00000	0.9193
22	G	0.00000	0.11651	0.00000	0.88349
23	A	0.00000	0.96219	0.00000	0.03781
24	G	0.00000	0.98346	0.00000	0.01653
25	E	0.00000	0.9984	0.00000	0.0016
26	R	0.00000	1	0.00000	1e-05
27	G	0.00000	0.99999	0.00000	1e-05
28	S	0.00000	0.99999	0.00000	1e-05
29	G	0.00000	0.99999	0.00000	1e-05
30	G	0.00000	0.99999	0.00000	0
31	V	0.00000	1	0.00000	0
32	A	0.00000	1	0.00000	0
33	N	0.00000	1	0.00000	0
34	A	0.00000	1	0.00000	0
35	S	0.00000	1	0.00000	0
36	G	0.00000	1	0.00000	0
37	A	0.00000	1	0.00000	0
38	S	0.00000	1	0.00000	0
39	W	0.00000	1	0.00000	0
40	G	0.00000	1	0.00000	0
41	P	0.00000	1	0.00000	0
42	P	0.00000	1	0.00000	0
43	R	0.00000	0.99998	0.00002	0
44	G	0.00000	0.99884	0.00116	0
45	Q	0.00000	0.99668	0.00332	0
46	Y	0.00000	0.97634	0.02366	0
47	S	0.00000	0.96235	0.03765	0
48	A	0.00000	0.88217	0.11783	0
49	G	0.00000	0.82736	0.17264	0
50	A	0.00000	0.70062	0.29938	0
51	V	0.00000	0.55472	0.44528	0
52	A	0.00000	0.48902	0.51098	0
53	G	0.00000	0.40362	0.59638	0
54	L	0.00000	0.17832	0.82168	0
55	A	0.00000	0.11694	0.88306	0
56	A	0.00000	0.04006	0.95994	0
57	V	0.00000	0.01146	0.98854	0
58	V	0.00000	0.00165	0.99835	0
59	G	0.00000	0.00055	0.99945	0
60	F	0.00000	2e-05	0.99998	0
61	L	0.00000	0	1.00000	0
62	I	0.00000	0	1.00000	0
63	V	0.00000	0	1.00000	0
64	F	0.00000	0	1.00000	0
65	T	0.00000	0	1.00000	0
66	V	0.00000	0	1.00000	0
67	V	0.00000	0	1.00000	0
68	G	0.00000	0	1.00000	0
69	N	0.00000	0	1.00000	0
70	V	0.00000	0	1.00000	0
71	L	0.00000	0	1.00000	0
72	V	0.00001	0	0.99999	0
73	V	0.00007	0	0.99993	0
74	I	0.00126	0	0.99874	0
75	A	0.07106	0	0.92894	0
76	V	0.16773	0	0.83227	0
77	L	0.43144	0	0.56856	0
78	T	0.94619	0	0.05381	0
79	S	0.99744	0	0.00256	0
80	R	0.99994	0	0.00006	0
81	A	0.99998	0	0.00002	0
82	L	0.99999	0	0.00001	0
83	R	1.00000	0	0.00000	0
84	A	1.00000	0	0.00000	0
85	P	1.00000	0	0.00000	0
86	Q	0.83261	0	0.16739	0
87	N	0.14338	0	0.85662	0
88	L	0.02312	0	0.97688	0
89	F	0.00020	0	0.99980	0
90	L	0.00000	0	1.00000	0
91	V	0.00000	0	1.00000	0
92	S	0.00000	0	1.00000	0
93	L	0.00000	0	1.00000	0
94	A	0.00000	0	1.00000	0
95	S	0.00000	0	1.00000	0
96	A	0.00000	0	1.00000	0
97	D	0.00000	0	1.00000	0
98	I	0.00000	0	1.00000	0
99	L	0.00000	0	1.00000	0
100	V	0.00000	0	1.00000	0
101	A	0.00000	0	1.00000	0
102	T	0.00000	0	1.00000	0
103	L	0.00000	0	1.00000	0
104	V	0.00000	0	1.00000	0
105	M	0.00000	0.00017	0.99983	0
106	P	0.00000	0.00376	0.99624	0
107	F	0.00000	0.03982	0.96018	0
108	S	0.00000	0.3835	0.61650	0
109	L	0.00000	0.51731	0.48269	0
110	A	0.00000	0.80736	0.19264	0
111	N	0.00000	0.99997	0.00003	0
112	E	0.00000	0.99998	0.00002	0
113	L	0.00000	0.99998	0.00002	0
114	M	0.00000	0.99998	0.00002	0
115	A	0.00000	0.99999	0.00001	0
116	Y	0.00000	1	0.00000	0
117	W	0.00000	1	0.00000	0
118	Y	0.00000	1	0.00000	0
119	F	0.00000	1	0.00000	0
120	G	0.00000	1	0.00000	0
121	Q	0.00000	1	0.00000	0
122	V	0.00000	1	0.00000	0
123	W	0.00000	1	0.00000	0
124	C	0.00000	0.99998	0.00002	0
125	G	0.00000	0.99973	0.00027	0
126	V	0.00000	0.9989	0.00110	0
127	Y	0.00000	0.87609	0.12391	0
128	L	0.00000	0.42953	0.57047	0
129	A	0.00000	0.26157	0.73843	0
130	L	0.00000	0.00675	0.99325	0
131	D	0.00000	0.00271	0.99729	0
132	V	0.00000	4e-05	0.99996	0
133	L	0.00000	0	1.00000	0
134	F	0.00000	0	1.00000	0
135	C	0.00000	0	1.00000	0
136	T	0.00000	0	1.00000	0
137	S	0.00000	0	1.00000	0
138	S	0.00000	0	1.00000	0
139	I	0.00000	0	1.00000	0
140	V	0.00000	0	1.00000	0
141	H	0.00000	0	1.00000	0
142	L	0.00000	0	1.00000	0
143	C	0.00000	0	1.00000	0
144	A	0.00000	0	1.00000	0
145	I	0.00000	0	1.00000	0
146	S	0.00000	0	1.00000	0
147	L	0.00000	0	1.00000	0
148	D	0.00000	0	1.00000	0
149	R	0.00150	0	0.99850	0
150	Y	0.01485	0	0.98515	0
151	W	0.02872	0	0.97128	0
152	S	0.36672	0	0.63328	0
153	V	0.99998	0	0.00002	0
154	T	1.00000	0	0.00000	0
155	Q	1.00000	0	0.00000	0
156	A	1.00000	0	0.00000	0
157	V	1.00000	0	0.00000	0
158	E	1.00000	0	0.00000	0
159	Y	1.00000	0	0.00000	0
160	N	1.00000	0	0.00000	0
161	L	1.00000	0	0.00000	0
162	K	1.00000	0	0.00000	0
163	R	1.00000	0	0.00000	0
164	T	1.00000	0	0.00000	0
165	P	1.00000	0	0.00000	0
166	R	0.99998	0	0.00002	0
167	R	0.99782	0	0.00218	0
168	V	0.89528	0	0.10472	0
169	K	0.88002	0	0.11998	0
170	A	0.38144	0	0.61856	0
171	T	0.07642	0	0.92358	0
172	I	0.00017	0	0.99983	0
173	V	0.00000	0	1.00000	0
174	A	0.00000	0	1.00000	0
175	V	0.00000	0	1.00000	0
176	W	0.00000	0	1.00000	0
177	L	0.00000	0	1.00000	0
178	I	0.00000	0	1.00000	0
179	S	0.00000	0	1.00000	0
180	A	0.00000	0	1.00000	0
181	V	0.00000	0	1.00000	0
182	I	0.00000	0	1.00000	0
183	S	0.00000	0	1.00000	0
184	F	0.00000	0	1.00000	0
185	P	0.00000	0	1.00000	0
186	P	0.00000	1e-05	0.99999	0
187	L	0.00000	0.00011	0.99989	0
188	V	0.00000	0.00395	0.99605	0
189	S	0.00000	0.03678	0.96322	0
190	L	0.00000	0.05749	0.94251	0
191	Y	0.00000	0.32879	0.67121	0
192	R	0.00000	0.97798	0.02202	0
193	Q	0.00000	0.99839	0.00161	0
194	P	0.00000	0.99986	0.00014	0
195	D	0.00000	1	0.00000	0
196	G	0.00000	1	0.00000	0
197	A	0.00000	1	0.00000	0
198	A	0.00000	1	0.00000	0
199	Y	0.00000	1	0.00000	0
200	P	0.00000	1	0.00000	0
201	Q	0.00000	1	0.00000	0
202	C	0.00000	1	0.00000	0
203	G	0.00000	1	0.00000	0
204	L	0.00000	1	0.00000	0
205	N	0.00000	1	0.00000	0
206	D	0.00000	1	0.00000	0
207	E	0.00000	0.9999	0.00010	0
208	T	0.00000	0.76546	0.23454	0
209	W	0.00000	0.19147	0.80853	0
210	Y	0.00000	0.01968	0.98032	0
211	I	0.00000	0.01665	0.98335	0
212	L	0.00000	0.00056	0.99944	0
213	S	0.00000	5e-05	0.99995	0
214	S	0.00000	4e-05	0.99996	0
215	C	0.00000	3e-05	0.99997	0
216	I	0.00000	1e-05	0.99999	0
217	G	0.00000	0	1.00000	0
218	S	0.00000	0	1.00000	0
219	F	0.00000	0	1.00000	0
220	F	0.00000	0	1.00000	0
221	A	0.00000	0	1.00000	0
222	P	0.00000	0	1.00000	0
223	C	0.00000	0	1.00000	0
224	L	0.00000	0	1.00000	0
225	I	0.00000	0	1.00000	0
226	M	0.00000	0	1.00000	0
227	G	0.00000	0	1.00000	0
228	L	0.00000	0	1.00000	0
229	V	0.00004	0	0.99996	0
230	Y	0.00171	0	0.99829	0
231	A	0.04448	0	0.95552	0
232	R	0.16584	0	0.83416	0
233	I	0.19095	0	0.80905	0
234	Y	0.33405	0	0.66595	0
235	R	0.98573	0	0.01427	0
236	V	0.99040	0	0.00960	0
237	A	0.99994	0	0.00006	0
238	K	1.00000	0	0.00000	0
239	L	1.00000	0	0.00000	0
240	R	1.00000	0	0.00000	0
241	T	1.00000	0	0.00000	0
242	R	1.00000	0	0.00000	0
243	T	1.00000	0	0.00000	0
244	L	1.00000	0	0.00000	0
245	S	1.00000	0	0.00000	0
246	E	1.00000	0	0.00000	0
247	K	1.00000	0	0.00000	0
248	R	1.00000	0	0.00000	0
249	A	1.00000	0	0.00000	0
250	P	1.00000	0	0.00000	0
251	V	1.00000	0	0.00000	0
252	G	1.00000	0	0.00000	0
253	P	1.00000	0	0.00000	0
254	D	1.00000	0	0.00000	0
255	G	1.00000	0	0.00000	0
256	A	1.00000	0	0.00000	0
257	S	1.00000	0	0.00000	0
258	P	1.00000	0	0.00000	0
259	T	1.00000	0	0.00000	0
260	T	1.00000	0	0.00000	0
261	E	1.00000	0	0.00000	0
262	N	1.00000	0	0.00000	0
263	G	1.00000	0	0.00000	0
264	L	1.00000	0	0.00000	0
265	G	1.00000	0	0.00000	0
266	A	1.00000	0	0.00000	0
267	A	1.00000	0	0.00000	0
268	A	1.00000	0	0.00000	0
269	G	1.00000	0	0.00000	0
270	A	1.00000	0	0.00000	0
271	G	1.00000	0	0.00000	0
272	E	1.00000	0	0.00000	0
273	N	1.00000	0	0.00000	0
274	G	1.00000	0	0.00000	0
275	H	1.00000	0	0.00000	0
276	C	1.00000	0	0.00000	0
277	A	1.00000	0	0.00000	0
278	P	1.00000	0	0.00000	0
279	P	1.00000	0	0.00000	0
280	P	1.00000	0	0.00000	0
281	A	1.00000	0	0.00000	0
282	D	1.00000	0	0.00000	0
283	V	1.00000	0	0.00000	0
284	E	1.00000	0	0.00000	0
285	P	1.00000	0	0.00000	0
286	D	1.00000	0	0.00000	0
287	E	1.00000	0	0.00000	0
288	S	1.00000	0	0.00000	0
289	S	1.00000	0	0.00000	0
290	A	1.00000	0	0.00000	0
291	A	1.00000	0	0.00000	0
292	A	1.00000	0	0.00000	0
293	E	1.00000	0	0.00000	0
294	R	1.00000	0	0.00000	0
295	R	1.00000	0	0.00000	0
296	R	1.00000	0	0.00000	0
297	R	1.00000	0	0.00000	0
298	R	1.00000	0	0.00000	0
299	G	1.00000	0	0.00000	0
300	A	1.00000	0	0.00000	0
301	L	1.00000	0	0.00000	0
302	R	1.00000	0	0.00000	0
303	R	1.00000	0	0.00000	0
304	G	1.00000	0	0.00000	0
305	G	1.00000	0	0.00000	0
306	R	1.00000	0	0.00000	0
307	R	1.00000	0	0.00000	0
308	R	1.00000	0	0.00000	0
309	A	1.00000	0	0.00000	0
310	G	1.00000	0	0.00000	0
311	A	1.00000	0	0.00000	0
312	E	1.00000	0	0.00000	0
313	G	1.00000	0	0.00000	0
314	G	1.00000	0	0.00000	0
315	A	1.00000	0	0.00000	0
316	G	1.00000	0	0.00000	0
317	G	1.00000	0	0.00000	0
318	A	1.00000	0	0.00000	0
319	D	1.00000	0	0.00000	0
320	G	1.00000	0	0.00000	0
321	Q	1.00000	0	0.00000	0
322	G	1.00000	0	0.00000	0
323	A	1.00000	0	0.00000	0
324	G	1.00000	0	0.00000	0
325	P	1.00000	0	0.00000	0
326	G	1.00000	0	0.00000	0
327	A	1.00000	0	0.00000	0
328	A	1.00000	0	0.00000	0
329	E	1.00000	0	0.00000	0
330	S	1.00000	0	0.00000	0
331	G	1.00000	0	0.00000	0
332	A	1.00000	0	0.00000	0
333	L	1.00000	0	0.00000	0
334	T	1.00000	0	0.00000	0
335	A	1.00000	0	0.00000	0
336	S	1.00000	0	0.00000	0
337	R	1.00000	0	0.00000	0
338	S	1.00000	0	0.00000	0
339	P	1.00000	0	0.00000	0
340	G	1.00000	0	0.00000	0
341	P	1.00000	0	0.00000	0
342	G	1.00000	0	0.00000	0
343	G	1.00000	0	0.00000	0
344	R	1.00000	0	0.00000	0
345	L	1.00000	0	0.00000	0
346	S	1.00000	0	0.00000	0
347	R	1.00000	0	0.00000	0
348	A	1.00000	0	0.00000	0
349	S	1.00000	0	0.00000	0
350	S	1.00000	0	0.00000	0
351	R	1.00000	0	0.00000	0
352	S	1.00000	0	0.00000	0
353	V	1.00000	0	0.00000	0
354	E	1.00000	0	0.00000	0
355	F	1.00000	0	0.00000	0
356	F	1.00000	0	0.00000	0
357	L	1.00000	0	0.00000	0
358	S	1.00000	0	0.00000	0
359	R	1.00000	0	0.00000	0
360	R	1.00000	0	0.00000	0
361	R	1.00000	0	0.00000	0
362	R	1.00000	0	0.00000	0
363	A	1.00000	0	0.00000	0
364	R	1.00000	0	0.00000	0
365	S	1.00000	0	0.00000	0
366	S	1.00000	0	0.00000	0
367	V	1.00000	0	0.00000	0
368	C	1.00000	0	0.00000	0
369	R	1.00000	0	0.00000	0
370	R	1.00000	0	0.00000	0
371	K	1.00000	0	0.00000	0
372	V	1.00000	0	0.00000	0
373	A	1.00000	0	0.00000	0
374	Q	1.00000	0	0.00000	0
375	A	1.00000	0	0.00000	0
376	R	1.00000	0	0.00000	0
377	E	1.00000	0	0.00000	0
378	K	0.96431	0	0.03569	0
379	R	0.96284	0	0.03716	0
380	F	0.68458	0	0.31542	0
381	T	0.44901	0	0.55099	0
382	F	0.16875	0	0.83125	0
383	V	0.07825	0	0.92175	0
384	L	0.00094	0	0.99906	0
385	A	0.00002	0	0.99998	0
386	V	0.00001	0	0.99999	0
387	V	0.00000	0	1.00000	0
388	M	0.00000	0	1.00000	0
389	G	0.00000	0	1.00000	0
390	V	0.00000	0	1.00000	0
391	F	0.00000	0	1.00000	0
392	V	0.00000	0	1.00000	0
393	L	0.00000	0	1.00000	0
394	C	0.00000	0	1.00000	0
395	W	0.00000	0	1.00000	0
396	F	0.00000	0	1.00000	0
397	P	0.00000	0	1.00000	0
398	F	0.00000	0	1.00000	0
399	F	0.00000	1e-05	0.99999	0
400	F	0.00000	0.00144	0.99856	0
401	S	0.00000	0.02172	0.97828	0
402	Y	0.00000	0.04235	0.95765	0
403	S	0.00000	0.13406	0.86594	0
404	L	0.00000	0.1926	0.80740	0
405	Y	0.00000	0.47819	0.52181	0
406	G	0.00000	0.78307	0.21693	0
407	I	0.00000	0.89935	0.10065	0
408	C	0.00000	0.99	0.01000	0
409	R	0.00000	0.9997	0.00030	0
410	E	0.00000	0.99999	0.00001	0
411	A	0.00000	1	0.00000	0
412	C	0.00000	1	0.00000	0
413	Q	0.00000	1	0.00000	0
414	V	0.00000	1	0.00000	0
415	P	0.00000	1	0.00000	0
416	G	0.00000	0.9999	0.00010	0
417	P	0.00000	0.99739	0.00261	0
418	L	0.00000	0.96633	0.03367	0
419	F	0.00000	0.95823	0.04177	0
420	K	0.00000	0.72395	0.27605	0
421	F	0.00000	0.00641	0.99359	0
422	F	0.00000	0.00031	0.99969	0
423	F	0.00000	0	1.00000	0
424	W	0.00000	0	1.00000	0
425	I	0.00000	0	1.00000	0
426	G	0.00000	0	1.00000	0
427	Y	0.00000	0	1.00000	0
428	C	0.00000	0	1.00000	0
429	N	0.00000	0	1.00000	0
430	S	0.00000	0	1.00000	0
431	S	0.00000	0	1.00000	0
432	L	0.00000	0	1.00000	0
433	N	0.00000	0	1.00000	0
434	P	0.00000	0	1.00000	0
435	V	0.00000	0	1.00000	0
436	I	0.00000	0	1.00000	0
437	Y	0.00000	0	1.00000	0
438	T	0.00003	0	0.99997	0
439	V	0.00064	0	0.99936	0
440	F	0.03280	0	0.96720	0
441	N	0.52430	0	0.47570	0
442	Q	0.98382	0	0.01618	0
443	D	0.99723	0	0.00277	0
444	F	0.99901	0	0.00099	0
445	R	1.00000	0	0.00000	0
446	R	1.00000	0	0.00000	0
447	S	1.00000	0	0.00000	0
448	F	1.00000	0	0.00000	0
449	K	1.00000	0	0.00000	0
450	H	1.00000	0	0.00000	0
451	I	1.00000	0	0.00000	0
452	L	1.00000	0	0.00000	0
453	F	1.00000	0	0.00000	0
454	R	1.00000	0	0.00000	0
455	R	1.00000	0	0.00000	0
456	R	1.00000	0	0.00000	0
457	R	1.00000	0	0.00000	0
458	R	1.00000	0	0.00000	0
459	G	1.00000	0	0.00000	0
460	F	1.00000	0	0.00000	0
461	R	1.00000	0	0.00000	0
462	Q	1.00000	0	0.00000	0
