# UNNAMED
#pos	aa	i	o	M	S
1	M	0.00000	0.99911	0.00000	0.00089
2	D	0.00000	0.99911	0.00000	0.00089
3	L	0.00000	0.99911	0.00000	0.0009
4	S	0.00000	0.99911	0.00000	0.00089
5	N	0.00000	0.99911	0.00000	0.00089
6	S	0.00000	0.99911	0.00000	0.00089
7	T	0.00000	0.99911	0.00000	0.00089
8	A	0.00000	0.99911	0.00000	0.0009
9	T	0.00000	0.99911	0.00000	0.00089
10	Q	0.00000	0.99911	0.00000	0.0009
11	F	0.00000	0.99911	0.00000	0.0009
12	G	0.00000	0.99911	0.00000	0.00089
13	L	0.00000	0.99911	0.00000	0.00089
14	V	0.00000	0.99911	0.00000	0.00089
15	L	0.00000	0.99911	0.00000	0.0009
16	C	0.00000	0.99911	0.00000	0.0009
17	F	0.00000	0.99916	0.00000	0.00084
18	E	0.00000	0.99915	0.00000	0.00085
19	S	0.00000	0.9994	0.00000	0.0006
20	I	0.00000	0.9994	0.00000	0.0006
21	N	0.00000	0.9994	0.00000	0.0006
22	N	0.00000	0.9994	0.00000	0.0006
23	S	0.00000	0.9994	0.00000	0.0006
24	C	0.00000	0.9994	0.00000	0.0006
25	V	0.00000	1	0.00000	0
26	R	0.00000	1	0.00000	0
27	Y	0.00000	1	0.00000	0
28	I	0.00000	1	0.00000	0
29	Y	0.00000	1	0.00000	0
30	P	0.00000	1	0.00000	0
31	S	0.00000	1	0.00000	0
32	E	0.00000	1	0.00000	0
33	I	0.00000	0.99997	0.00003	0
34	Q	0.00000	0.9996	0.00040	0
35	L	0.00000	0.99756	0.00244	0
36	M	0.00000	0.99436	0.00564	0
37	L	0.00000	0.3118	0.68820	0
38	Y	0.00000	0.11194	0.88806	0
39	L	0.00000	0.06381	0.93619	0
40	F	0.00000	0.01161	0.98839	0
41	Y	0.00000	0.00362	0.99638	0
42	S	0.00000	0.00276	0.99724	0
43	A	0.00000	0.0007	0.99930	0
44	I	0.00000	1e-05	0.99999	0
45	A	0.00000	0	1.00000	0
46	L	0.00000	0	1.00000	0
47	T	0.00000	0	1.00000	0
48	T	0.00000	0	1.00000	0
49	V	0.00000	0	1.00000	0
50	C	0.00000	0	1.00000	0
51	G	0.00000	0	1.00000	0
52	N	0.00000	0	1.00000	0
53	L	0.00000	0	1.00000	0
54	L	0.00000	0	1.00000	0
55	V	0.00000	0	1.00000	0
56	I	0.00000	0	1.00000	0
57	V	0.00007	0	0.99993	0
58	A	0.00408	0	0.99592	0
59	I	0.01754	0	0.98246	0
60	L	0.18601	0	0.81399	0
61	H	0.61652	0	0.38348	0
62	F	0.72650	0	0.27350	0
63	K	0.99666	0	0.00334	0
64	Q	0.99998	0	0.00002	0
65	L	0.99999	0	0.00001	0
66	H	1.00000	0	0.00000	0
67	T	1.00000	0	0.00000	0
68	P	1.00000	0	0.00000	0
69	T	0.95567	0	0.04433	0
70	N	0.24324	0	0.75676	0
71	Y	0.09397	0	0.90603	0
72	L	0.00167	0	0.99833	0
73	I	0.00003	0	0.99997	0
74	L	0.00000	0	1.00000	0
75	S	0.00000	0	1.00000	0
76	L	0.00000	0	1.00000	0
77	A	0.00000	0	1.00000	0
78	V	0.00000	0	1.00000	0
79	A	0.00000	0	1.00000	0
80	D	0.00000	0	1.00000	0
81	L	0.00000	0	1.00000	0
82	L	0.00000	0	1.00000	0
83	I	0.00000	0	1.00000	0
84	G	0.00000	0	1.00000	0
85	G	0.00000	0	1.00000	0
86	V	0.00000	0	1.00000	0
87	V	0.00000	1e-05	0.99999	0
88	M	0.00000	0.00174	0.99826	0
89	P	0.00000	0.0499	0.95010	0
90	P	0.00000	0.19257	0.80743	0
91	S	0.00000	0.42985	0.57015	0
92	M	0.00000	0.48054	0.51946	0
93	L	0.00000	0.67417	0.32583	0
94	R	0.00000	0.99996	0.00004	0
95	S	0.00000	1	0.00000	0
96	I	0.00000	1	0.00000	0
97	Q	0.00000	1	0.00000	0
98	T	0.00000	1	0.00000	0
99	S	0.00000	1	0.00000	0
100	W	0.00000	1	0.00000	0
101	Y	0.00000	1	0.00000	0
102	L	0.00000	1	0.00000	0
103	G	0.00000	1	0.00000	0
104	D	0.00000	1	0.00000	0
105	L	0.00000	1	0.00000	0
106	F	0.00000	0.99999	0.00001	0
107	C	0.00000	0.99998	0.00002	0
108	K	0.00000	0.99998	0.00002	0
109	I	0.00000	0.99822	0.00178	0
110	H	0.00000	0.85074	0.14926	0
111	S	0.00000	0.65118	0.34882	0
112	S	0.00000	0.37271	0.62729	0
113	V	0.00000	0.0064	0.99360	0
114	D	0.00000	0.00415	0.99585	0
115	I	0.00000	8e-05	0.99992	0
116	M	0.00000	0	1.00000	0
117	L	0.00000	0	1.00000	0
118	C	0.00000	0	1.00000	0
119	I	0.00000	0	1.00000	0
120	A	0.00000	0	1.00000	0
121	S	0.00000	0	1.00000	0
122	L	0.00000	0	1.00000	0
123	L	0.00000	0	1.00000	0
124	H	0.00000	0	1.00000	0
125	I	0.00000	0	1.00000	0
126	S	0.00000	0	1.00000	0
127	F	0.00000	0	1.00000	0
128	I	0.00000	0	1.00000	0
129	S	0.00000	0	1.00000	0
130	I	0.00001	0	0.99999	0
131	D	0.00007	0	0.99993	0
132	R	0.04292	0	0.95708	0
133	Y	0.39401	0	0.60599	0
134	Y	0.76850	0	0.23150	0
135	A	0.96313	0	0.03687	0
136	V	0.99999	0	0.00001	0
137	C	1.00000	0	0.00000	0
138	H	1.00000	0	0.00000	0
139	P	1.00000	0	0.00000	0
140	L	1.00000	0	0.00000	0
141	Q	1.00000	0	0.00000	0
142	Y	1.00000	0	0.00000	0
143	R	1.00000	0	0.00000	0
144	S	1.00000	0	0.00000	0
145	K	1.00000	0	0.00000	0
146	I	0.99996	0	0.00004	0
147	T	0.99994	0	0.00006	0
148	P	0.99965	0	0.00035	0
149	P	0.99218	0	0.00782	0
150	V	0.42721	0	0.57279	0
151	S	0.30355	0	0.69645	0
152	F	0.03426	0	0.96574	0
153	T	0.01787	0	0.98213	0
154	M	0.00917	0	0.99083	0
155	I	0.00085	0	0.99915	0
156	S	0.00046	0	0.99954	0
157	L	0.00004	0	0.99996	0
158	S	0.00000	0	1.00000	0
159	W	0.00000	0	1.00000	0
160	G	0.00000	0	1.00000	0
161	L	0.00000	0	1.00000	0
162	A	0.00000	0	1.00000	0
163	A	0.00000	0	1.00000	0
164	F	0.00000	0	1.00000	0
165	V	0.00000	0	1.00000	0
166	G	0.00000	0	1.00000	0
167	F	0.00000	0	1.00000	0
168	A	0.00000	1e-05	0.99999	0
169	M	0.00000	7e-05	0.99993	0
170	V	0.00000	0.00236	0.99764	0
171	F	0.00000	0.02087	0.97913	0
172	L	0.00000	0.24079	0.75921	0
173	Q	0.00000	0.89506	0.10494	0
174	L	0.00000	0.93553	0.06447	0
175	N	0.00000	0.98514	0.01486	0
176	I	0.00000	0.9882	0.01180	0
177	M	0.00000	0.99212	0.00788	0
178	G	0.00000	0.99967	0.00033	0
179	S	0.00000	0.99997	0.00003	0
180	E	0.00000	1	0.00000	0
181	D	0.00000	1	0.00000	0
182	F	0.00000	1	0.00000	0
183	Y	0.00000	1	0.00000	0
184	F	0.00000	1	0.00000	0
185	D	0.00000	1	0.00000	0
186	N	0.00000	1	0.00000	0
187	V	0.00000	1	0.00000	0
188	A	0.00000	1	0.00000	0
189	C	0.00000	1	0.00000	0
190	N	0.00000	1	0.00000	0
191	G	0.00000	1	0.00000	0
192	A	0.00000	0.99973	0.00027	0
193	C	0.00000	0.99944	0.00056	0
194	I	0.00000	0.9214	0.07860	0
195	I	0.00000	0.91962	0.08038	0
196	F	0.00000	0.91789	0.08211	0
197	Q	0.00000	0.91151	0.08849	0
198	T	0.00000	0.90926	0.09074	0
199	P	0.00000	0.88574	0.11426	0
200	A	0.00000	0.36518	0.63482	0
201	A	0.00000	0.12867	0.87133	0
202	S	0.00000	0.12256	0.87744	0
203	I	0.00000	0.11502	0.88498	0
204	T	0.00000	0.10419	0.89581	0
205	S	0.00000	0.09822	0.90178	0
206	S	0.00000	0.00086	0.99914	0
207	F	0.00000	0.00053	0.99947	0
208	L	0.00000	0	1.00000	0
209	A	0.00000	0	1.00000	0
210	F	0.00000	0	1.00000	0
211	G	0.00000	0	1.00000	0
212	L	0.00000	0	1.00000	0
213	P	0.00000	0	1.00000	0
214	A	0.00000	0	1.00000	0
215	V	0.00000	0	1.00000	0
216	I	0.00001	0	0.99999	0
217	A	0.00028	0	0.99972	0
218	V	0.00071	0	0.99929	0
219	S	0.02779	0	0.97221	0
220	I	0.03137	0	0.96863	0
221	Y	0.04035	0	0.95965	0
222	L	0.06738	0	0.93262	0
223	K	0.18357	0	0.81643	0
224	I	0.18999	0	0.81001	0
225	L	0.28949	0	0.71051	0
226	L	0.54577	0	0.45423	0
227	V	0.66849	0	0.33151	0
228	A	0.96651	0	0.03349	0
229	R	0.99781	0	0.00219	0
230	R	0.99987	0	0.00013	0
231	Q	1.00000	0	0.00000	0
232	S	1.00000	0	0.00000	0
233	K	1.00000	0	0.00000	0
234	S	1.00000	0	0.00000	0
235	I	1.00000	0	0.00000	0
236	Q	1.00000	0	0.00000	0
237	S	1.00000	0	0.00000	0
238	V	1.00000	0	0.00000	0
239	S	1.00000	0	0.00000	0
240	K	1.00000	0	0.00000	0
241	K	1.00000	0	0.00000	0
242	N	1.00000	0	0.00000	0
243	S	1.00000	0	0.00000	0
244	L	1.00000	0	0.00000	0
245	S	1.00000	0	0.00000	0
246	V	1.00000	0	0.00000	0
247	N	1.00000	0	0.00000	0
248	K	1.00000	0	0.00000	0
249	S	1.00000	0	0.00000	0
250	E	1.00000	0	0.00000	0
251	G	0.98907	0	0.01093	0
252	K	0.98864	0	0.01136	0
253	A	0.95425	0	0.04575	0
254	T	0.95143	0	0.04857	0
255	K	0.94743	0	0.05257	0
256	T	0.71637	0	0.28363	0
257	L	0.00746	0	0.99254	0
258	A	0.00016	0	0.99984	0
259	I	0.00001	0	0.99999	0
260	I	0.00000	0	1.00000	0
261	M	0.00000	0	1.00000	0
262	G	0.00000	0	1.00000	0
263	V	0.00000	0	1.00000	0
264	F	0.00000	0	1.00000	0
265	F	0.00000	0	1.00000	0
266	I	0.00000	0	1.00000	0
267	S	0.00000	0	1.00000	0
268	I	0.00000	0	1.00000	0
269	S	0.00000	0	1.00000	0
270	P	0.00000	0	1.00000	0
271	F	0.00000	0	1.00000	0
272	F	0.00000	5e-05	0.99995	0
273	F	0.00000	0.00114	0.99886	0
274	C	0.00000	0.01635	0.98365	0
275	N	0.00000	0.02157	0.97843	0
276	L	0.00000	0.02582	0.97418	0
277	V	0.00000	0.10551	0.89449	0
278	D	0.00000	0.74984	0.25016	0
279	P	0.00000	0.75289	0.24711	0
280	F	0.00000	0.7659	0.23410	0
281	I	0.00000	0.82568	0.17432	0
282	D	0.00000	0.99756	0.00244	0
283	Y	0.00000	0.9979	0.00210	0
284	T	0.00000	0.99866	0.00134	0
285	I	0.00000	0.99912	0.00088	0
286	S	0.00000	0.99978	0.00022	0
287	P	0.00000	0.99989	0.00011	0
288	A	0.00000	0.99865	0.00135	0
289	V	0.00000	0.99618	0.00382	0
290	F	0.00000	0.99457	0.00543	0
291	D	0.00000	0.93399	0.06601	0
292	V	0.00000	0.00914	0.99086	0
293	L	0.00000	0.00029	0.99971	0
294	L	0.00000	0	1.00000	0
295	W	0.00000	0	1.00000	0
296	I	0.00000	0	1.00000	0
297	G	0.00000	0	1.00000	0
298	Y	0.00000	0	1.00000	0
299	F	0.00000	0	1.00000	0
300	N	0.00000	0	1.00000	0
301	S	0.00000	0	1.00000	0
302	L	0.00000	0	1.00000	0
303	C	0.00000	0	1.00000	0
304	N	0.00000	0	1.00000	0
305	P	0.00000	0	1.00000	0
306	F	0.00000	0	1.00000	0
307	V	0.00000	0	1.00000	0
308	Y	0.00000	0	1.00000	0
309	A	0.00002	0	0.99998	0
310	F	0.00010	0	0.99990	0
311	F	0.00503	0	0.99497	0
312	Y	0.14272	0	0.85728	0
313	R	1.00000	0	0.00000	0
314	W	1.00000	0	0.00000	0
315	F	1.00000	0	0.00000	0
316	R	1.00000	0	0.00000	0
317	K	1.00000	0	0.00000	0
318	A	1.00000	0	0.00000	0
319	L	1.00000	0	0.00000	0
320	R	1.00000	0	0.00000	0
321	I	1.00000	0	0.00000	0
322	I	1.00000	0	0.00000	0
323	L	1.00000	0	0.00000	0
324	L	1.00000	0	0.00000	0
325	A	1.00000	0	0.00000	0
326	K	1.00000	0	0.00000	0
327	I	1.00000	0	0.00000	0
328	F	1.00000	0	0.00000	0
329	V	1.00000	0	0.00000	0
330	V	1.00000	0	0.00000	0
331	N	1.00000	0	0.00000	0
332	S	1.00000	0	0.00000	0
333	S	1.00000	0	0.00000	0
334	Q	1.00000	0	0.00000	0
335	L	1.00000	0	0.00000	0
336	D	1.00000	0	0.00000	0
337	L	1.00000	0	0.00000	0
338	M	1.00000	0	0.00000	0
339	G	1.00000	0	0.00000	0
340	R	1.00000	0	0.00000	0
341	H	1.00000	0	0.00000	0
342	E	1.00000	0	0.00000	0
