# UNNAMED
#pos	aa	i	o	M	S
1	M	0.00000	0.99717	0.00000	0.00283
2	E	0.00000	0.99717	0.00000	0.00283
3	R	0.00000	0.99717	0.00000	0.00283
4	A	0.00000	0.99717	0.00000	0.00283
5	P	0.00000	0.99717	0.00000	0.00283
6	P	0.00000	0.99717	0.00000	0.00283
7	D	0.00000	0.99717	0.00000	0.00283
8	G	0.00000	0.99717	0.00000	0.00283
9	L	0.00000	0.99717	0.00000	0.00283
10	M	0.00000	0.99717	0.00000	0.00282
11	N	0.00000	0.99717	0.00000	0.00282
12	A	0.00000	0.99717	0.00000	0.00283
13	S	0.00000	0.99717	0.00000	0.00283
14	G	0.00000	0.99717	0.00000	0.00283
15	T	0.00000	0.99717	0.00000	0.00283
16	L	0.00000	0.99717	0.00000	0.00283
17	A	0.00000	0.99717	0.00000	0.00283
18	G	0.00000	0.99717	0.00000	0.00283
19	E	0.00000	0.99717	0.00000	0.00283
20	A	0.00000	0.99718	0.00000	0.00283
21	A	0.00000	0.99721	0.00000	0.00279
22	A	0.00000	0.99721	0.00000	0.00279
23	A	0.00000	0.9992	0.00000	0.0008
24	G	0.00000	0.99962	0.00000	0.00037
25	G	0.00000	0.99968	0.00000	0.00032
26	A	0.00000	0.99984	0.00000	0.00017
27	R	0.00000	0.99987	0.00000	0.00012
28	G	0.00000	0.99979	0.00008	0.00012
29	F	0.00000	0.9758	0.02420	0
30	S	0.00000	0.95176	0.04824	0
31	A	0.00000	0.8114	0.18860	0
32	A	0.00000	0.55179	0.44821	0
33	W	0.00000	0.28226	0.71774	0
34	T	0.00000	0.20233	0.79767	0
35	A	0.00000	0.11429	0.88571	0
36	V	0.00000	0.04247	0.95753	0
37	L	0.00000	0.02337	0.97663	0
38	A	0.00000	0.01252	0.98748	0
39	A	0.00000	0.00678	0.99322	0
40	L	0.00000	0.00436	0.99564	0
41	M	0.00000	0.00267	0.99733	0
42	A	0.00000	0.00035	0.99965	0
43	L	0.00000	3e-05	0.99997	0
44	L	0.00000	0	1.00000	0
45	I	0.00000	0	1.00000	0
46	V	0.00000	0	1.00000	0
47	A	0.00000	0	1.00000	0
48	T	0.00000	0	1.00000	0
49	V	0.00000	0	1.00000	0
50	L	0.00000	0	1.00000	0
51	G	0.00000	0	1.00000	0
52	N	0.00000	0	1.00000	0
53	A	0.00000	0	1.00000	0
54	L	0.00000	0	1.00000	0
55	V	0.00003	0	0.99997	0
56	M	0.00020	0	0.99980	0
57	L	0.00130	0	0.99870	0
58	A	0.02542	0	0.97458	0
59	F	0.07342	0	0.92658	0
60	V	0.34618	0	0.65382	0
61	A	0.80756	0	0.19244	0
62	D	0.99888	0	0.00112	0
63	S	0.99992	0	0.00008	0
64	S	1.00000	0	0.00000	0
65	L	1.00000	0	0.00000	0
66	R	1.00000	0	0.00000	0
67	T	0.99992	0	0.00008	0
68	Q	0.99702	0	0.00298	0
69	N	0.94048	0	0.05952	0
70	N	0.81558	0	0.18442	0
71	F	0.13423	0	0.86577	0
72	F	0.00162	0	0.99838	0
73	L	0.00021	0	0.99979	0
74	L	0.00000	0	1.00000	0
75	N	0.00000	0	1.00000	0
76	L	0.00000	0	1.00000	0
77	A	0.00000	0	1.00000	0
78	I	0.00000	0	1.00000	0
79	S	0.00000	0	1.00000	0
80	D	0.00000	0	1.00000	0
81	F	0.00000	0	1.00000	0
82	L	0.00000	0	1.00000	0
83	V	0.00000	0	1.00000	0
84	G	0.00000	0	1.00000	0
85	A	0.00000	0	1.00000	0
86	F	0.00000	0	1.00000	0
87	C	0.00000	5e-05	0.99995	0
88	I	0.00000	5e-05	0.99995	0
89	P	0.00000	8e-05	0.99992	0
90	L	0.00000	0.00015	0.99985	0
91	Y	0.00000	0.00108	0.99892	0
92	V	0.00000	0.00147	0.99853	0
93	P	0.00000	0.48908	0.51092	0
94	Y	0.00000	0.99897	0.00103	0
95	V	0.00000	0.9991	0.00090	0
96	L	0.00000	0.99946	0.00054	0
97	T	0.00000	0.99993	0.00007	0
98	G	0.00000	1	0.00000	0
99	R	0.00000	1	0.00000	0
100	W	0.00000	1	0.00000	0
101	T	0.00000	1	0.00000	0
102	F	0.00000	1	0.00000	0
103	G	0.00000	1	0.00000	0
104	R	0.00000	1	0.00000	0
105	G	0.00000	1	0.00000	0
106	L	0.00000	1	0.00000	0
107	C	0.00000	1	0.00000	0
108	K	0.00000	1	0.00000	0
109	L	0.00000	0.99971	0.00029	0
110	W	0.00000	0.95314	0.04686	0
111	L	0.00000	0.27829	0.72171	0
112	V	0.00000	0.04955	0.95045	0
113	V	0.00000	0.00103	0.99897	0
114	D	0.00000	0.00048	0.99952	0
115	Y	0.00000	1e-05	0.99999	0
116	L	0.00000	0	1.00000	0
117	L	0.00000	0	1.00000	0
118	C	0.00000	0	1.00000	0
119	A	0.00000	0	1.00000	0
120	S	0.00000	0	1.00000	0
121	S	0.00000	0	1.00000	0
122	V	0.00000	0	1.00000	0
123	F	0.00000	0	1.00000	0
124	N	0.00000	0	1.00000	0
125	I	0.00000	0	1.00000	0
126	V	0.00000	0	1.00000	0
127	L	0.00000	0	1.00000	0
128	I	0.00000	0	1.00000	0
129	S	0.00000	0	1.00000	0
130	Y	0.00000	0	1.00000	0
131	D	0.00000	0	1.00000	0
132	R	0.00170	0	0.99830	0
133	F	0.01499	0	0.98501	0
134	L	0.07431	0	0.92569	0
135	S	0.77994	0	0.22006	0
136	V	0.99986	0	0.00014	0
137	T	1.00000	0	0.00000	0
138	R	1.00000	0	0.00000	0
139	A	1.00000	0	0.00000	0
140	V	1.00000	0	0.00000	0
141	S	1.00000	0	0.00000	0
142	Y	1.00000	0	0.00000	0
143	R	1.00000	0	0.00000	0
144	A	1.00000	0	0.00000	0
145	Q	1.00000	0	0.00000	0
146	Q	1.00000	0	0.00000	0
147	G	1.00000	0	0.00000	0
148	D	1.00000	0	0.00000	0
149	T	1.00000	0	0.00000	0
150	R	0.99997	0	0.00003	0
151	R	0.98807	0	0.01193	0
152	A	0.71864	0	0.28136	0
153	V	0.51549	0	0.48451	0
154	R	0.48401	0	0.51599	0
155	K	0.34507	0	0.65493	0
156	M	0.04737	0	0.95263	0
157	A	0.00476	0	0.99524	0
158	L	0.00015	0	0.99985	0
159	V	0.00000	0	1.00000	0
160	W	0.00000	0	1.00000	0
161	V	0.00000	0	1.00000	0
162	L	0.00000	0	1.00000	0
163	A	0.00000	0	1.00000	0
164	F	0.00000	0	1.00000	0
165	L	0.00000	0	1.00000	0
166	L	0.00000	0	1.00000	0
167	Y	0.00000	0	1.00000	0
168	G	0.00000	0	1.00000	0
169	P	0.00000	0	1.00000	0
170	A	0.00000	2e-05	0.99998	0
171	I	0.00000	0.00098	0.99902	0
172	L	0.00000	0.02862	0.97138	0
173	S	0.00000	0.13055	0.86945	0
174	W	0.00000	0.27226	0.72774	0
175	E	0.00000	0.67678	0.32322	0
176	Y	0.00000	0.69715	0.30285	0
177	L	0.00000	0.74585	0.25415	0
178	S	0.00000	0.93206	0.06794	0
179	G	0.00000	0.9937	0.00630	0
180	G	0.00000	0.99972	0.00028	0
181	S	0.00000	0.99999	0.00001	0
182	S	0.00000	1	0.00000	0
183	I	0.00000	1	0.00000	0
184	P	0.00000	1	0.00000	0
185	E	0.00000	1	0.00000	0
186	G	0.00000	1	0.00000	0
187	H	0.00000	1	0.00000	0
188	C	0.00000	1	0.00000	0
189	Y	0.00000	1	0.00000	0
190	A	0.00000	0.99999	0.00001	0
191	E	0.00000	0.99999	0.00001	0
192	F	0.00000	0.99946	0.00054	0
193	F	0.00000	0.99934	0.00066	0
194	Y	0.00000	0.9993	0.00070	0
195	N	0.00000	0.99914	0.00086	0
196	W	0.00000	0.98356	0.01644	0
197	Y	0.00000	0.95435	0.04565	0
198	F	0.00000	0.43531	0.56469	0
199	L	0.00000	0.40526	0.59474	0
200	I	0.00000	0.40393	0.59607	0
201	T	0.00000	0.00742	0.99258	0
202	A	0.00000	0.00526	0.99474	0
203	S	0.00000	0.00472	0.99528	0
204	T	0.00000	0.00344	0.99656	0
205	L	0.00000	0	1.00000	0
206	E	0.00000	0	1.00000	0
207	F	0.00000	0	1.00000	0
208	F	0.00000	0	1.00000	0
209	T	0.00000	0	1.00000	0
210	P	0.00000	0	1.00000	0
211	F	0.00000	0	1.00000	0
212	L	0.00000	0	1.00000	0
213	S	0.00000	0	1.00000	0
214	V	0.00000	0	1.00000	0
215	T	0.00000	0	1.00000	0
216	F	0.00001	0	0.99999	0
217	F	0.00006	0	0.99994	0
218	N	0.00048	0	0.99952	0
219	L	0.00070	0	0.99930	0
220	S	0.00243	0	0.99757	0
221	I	0.00376	0	0.99624	0
222	Y	0.01547	0	0.98453	0
223	L	0.10424	0	0.89576	0
224	N	0.51677	0	0.48323	0
225	I	0.55989	0	0.44011	0
226	Q	0.99495	0	0.00505	0
227	R	0.99995	0	0.00005	0
228	R	1.00000	0	0.00000	0
229	T	1.00000	0	0.00000	0
230	R	1.00000	0	0.00000	0
231	L	1.00000	0	0.00000	0
232	R	1.00000	0	0.00000	0
233	L	1.00000	0	0.00000	0
234	D	1.00000	0	0.00000	0
235	G	1.00000	0	0.00000	0
236	G	1.00000	0	0.00000	0
237	R	1.00000	0	0.00000	0
238	E	1.00000	0	0.00000	0
239	A	1.00000	0	0.00000	0
240	G	1.00000	0	0.00000	0
241	P	1.00000	0	0.00000	0
242	E	1.00000	0	0.00000	0
243	P	1.00000	0	0.00000	0
244	P	1.00000	0	0.00000	0
245	P	1.00000	0	0.00000	0
246	D	0.99999	0	0.00001	0
247	A	0.76483	0	0.23517	0
248	Q	0.76272	0	0.23728	0
249	P	0.76201	0	0.23799	0
250	S	0.73148	0	0.26852	0
251	P	0.73061	0	0.26939	0
252	P	0.72660	0	0.27340	0
253	P	0.70427	0	0.29573	0
254	A	0.68946	0	0.31054	0
255	P	0.68291	0	0.31709	0
256	P	0.66886	0	0.33113	0
257	S	0.65966	0	0.34034	0
258	C	0.65842	0	0.34158	0
259	W	0.65840	0	0.34159	0
260	G	0.65817	0	0.34183	0
261	C	0.65730	0	0.34270	0
262	W	0.65727	0	0.34273	0
263	P	0.65727	0	0.34273	0
264	K	0.65727	0	0.34273	0
265	G	0.65727	1e-05	0.34272	0
266	H	0.65727	0.00029	0.34244	0
267	G	0.65727	0.01212	0.33061	0
268	E	0.65727	0.0305	0.31223	0
269	A	0.65652	0.0337	0.30979	0
270	M	0.65314	0.04413	0.30273	0
271	P	0.65299	0.21526	0.13175	0
272	L	0.64716	0.21992	0.13292	0
273	H	0.64612	0.2758	0.07808	0
274	R	0.64233	0.30745	0.05023	0
275	G	0.64183	0.3121	0.04607	0
276	S	0.63701	0.3168	0.04619	0
277	K	0.63329	0.34043	0.02627	0
278	P	0.63300	0.34146	0.02554	0
279	S	0.57439	0.34153	0.08409	0
280	A	0.57409	0.34153	0.08438	0
281	S	0.57339	0.34156	0.08505	0
282	S	0.57339	0.34162	0.08500	0
283	A	0.57202	0.34165	0.08633	0
284	S	0.57099	0.34194	0.08708	0
285	L	0.56862	0.34215	0.08923	0
286	E	0.56848	0.34271	0.08881	0
287	K	0.00738	0.34275	0.64988	0
288	R	0.00170	0.34277	0.65553	0
289	M	0.00001	0.34279	0.65720	0
290	K	0.00000	0.34417	0.65582	0
291	M	0.00000	0.34425	0.65574	0
292	V	0.00000	0.34547	0.65452	0
293	S	0.00000	0.35513	0.64487	0
294	Q	0.00000	0.35592	0.64408	0
295	S	0.00000	0.35623	0.64377	0
296	I	0.00000	0.35663	0.64336	0
297	T	0.00000	0.35956	0.64043	0
298	Q	0.00000	0.36898	0.63102	0
299	R	0.00000	0.38439	0.61561	0
300	F	0.00000	0.38595	0.61405	0
301	R	0.00000	0.4106	0.58940	0
302	L	0.00000	0.41285	0.58714	0
303	S	0.00000	0.42556	0.57444	0
304	R	0.00000	0.4771	0.52290	0
305	D	0.00000	0.92763	0.07237	0
306	K	0.00000	0.98147	0.01853	0
307	K	0.00000	0.97453	0.02547	0
308	V	0.00000	0.91939	0.08061	0
309	A	0.00000	0.90663	0.09337	0
310	K	0.00000	0.894	0.10600	0
311	S	0.00000	0.8082	0.19180	0
312	L	0.00000	0.0081	0.99190	0
313	A	0.00000	0.00059	0.99941	0
314	I	0.00000	0	1.00000	0
315	I	0.00000	0	1.00000	0
316	V	0.00000	0	1.00000	0
317	S	0.00000	0	1.00000	0
318	I	0.00000	0	1.00000	0
319	F	0.00000	0	1.00000	0
320	G	0.00000	0	1.00000	0
321	L	0.00000	0	1.00000	0
322	C	0.00000	0	1.00000	0
323	W	0.00000	0	1.00000	0
324	A	0.00000	0	1.00000	0
325	P	0.00004	0	0.99996	0
326	Y	0.00163	0	0.99837	0
327	T	0.02088	0	0.97912	0
328	L	0.03427	0	0.96573	0
329	L	0.03462	0	0.96538	0
330	M	0.03968	0	0.96032	0
331	I	0.07798	0	0.92202	0
332	I	0.16828	0	0.83172	0
333	R	1.00000	0	0.00000	0
334	A	1.00000	0	0.00000	0
335	A	1.00000	0	0.00000	0
336	C	1.00000	0	0.00000	0
337	H	1.00000	0	0.00000	0
338	G	1.00000	0	0.00000	0
339	R	1.00000	0	0.00000	0
340	C	1.00000	0	0.00000	0
341	I	1.00000	0	0.00000	0
342	P	1.00000	0	0.00000	0
343	D	1.00000	0	0.00000	0
344	Y	1.00000	0	0.00000	0
