# UNNAMED
#pos	aa	i	o	M	S
1	M	0.00000	1	0.00000	0
2	P	0.00000	1	0.00000	0
3	A	0.00000	1	0.00000	0
4	N	0.00000	1	0.00000	0
5	L	0.00000	1	0.00000	0
6	T	0.00000	1	0.00000	0
7	I	0.00000	1	0.00000	0
8	S	0.00000	1	0.00000	0
9	T	0.00000	1	0.00000	0
10	H	0.00000	0.99995	0.00005	0
11	T	0.00000	0.99994	0.00006	0
12	T	0.00000	0.99991	0.00009	0
13	N	0.00000	0.99968	0.00032	0
14	Y	0.00000	0.99121	0.00879	0
15	N	0.00000	0.98852	0.01148	0
16	F	0.00000	0.78578	0.21422	0
17	P	0.00000	0.66348	0.33652	0
18	A	0.00000	0.46907	0.53093	0
19	L	0.00000	0.1303	0.86970	0
20	I	0.00000	0.01235	0.98765	0
21	F	0.00000	0.00454	0.99546	0
22	G	0.00000	0.00248	0.99752	0
23	I	0.00000	0.00011	0.99989	0
24	L	0.00000	1e-05	0.99999	0
25	L	0.00000	0	1.00000	0
26	I	0.00000	0	1.00000	0
27	I	0.00000	0	1.00000	0
28	I	0.00000	0	1.00000	0
29	I	0.00000	0	1.00000	0
30	I	0.00000	0	1.00000	0
31	C	0.00000	0	1.00000	0
32	G	0.00000	0	1.00000	0
33	N	0.00000	0	1.00000	0
34	V	0.00000	0	1.00000	0
35	L	0.00000	0	1.00000	0
36	V	0.00001	0	0.99999	0
37	C	0.00015	0	0.99985	0
38	L	0.00443	0	0.99557	0
39	S	0.18292	0	0.81708	0
40	V	0.23703	0	0.76297	0
41	Y	0.45912	0	0.54088	0
42	T	0.93646	0	0.06354	0
43	E	0.99874	0	0.00126	0
44	K	0.99995	0	0.00005	0
45	A	0.99999	0	0.00001	0
46	L	1.00000	0	0.00000	0
47	K	1.00000	0	0.00000	0
48	T	0.99991	0	0.00009	0
49	T	0.99745	0	0.00255	0
50	T	0.89922	0	0.10078	0
51	N	0.20432	0	0.79568	0
52	Y	0.06662	0	0.93338	0
53	F	0.00058	0	0.99942	0
54	I	0.00001	0	0.99999	0
55	V	0.00000	0	1.00000	0
56	S	0.00000	0	1.00000	0
57	L	0.00000	0	1.00000	0
58	A	0.00000	0	1.00000	0
59	V	0.00000	0	1.00000	0
60	A	0.00000	0	1.00000	0
61	D	0.00000	0	1.00000	0
62	L	0.00000	0	1.00000	0
63	L	0.00000	0	1.00000	0
64	L	0.00000	0	1.00000	0
65	A	0.00000	0	1.00000	0
66	V	0.00000	0	1.00000	0
67	L	0.00000	0	1.00000	0
68	V	0.00000	0	1.00000	0
69	L	0.00000	3e-05	0.99997	0
70	P	0.00000	0.00077	0.99923	0
71	L	0.00000	0.0086	0.99140	0
72	F	0.00000	0.04103	0.95897	0
73	V	0.00000	0.28041	0.71959	0
74	Y	0.00000	0.78088	0.21912	0
75	A	0.00000	0.99977	0.00023	0
76	E	0.00000	0.99997	0.00003	0
77	F	0.00000	0.99998	0.00002	0
78	Q	0.00000	1	0.00000	0
79	D	0.00000	1	0.00000	0
80	G	0.00000	1	0.00000	0
81	V	0.00000	1	0.00000	0
82	W	0.00000	1	0.00000	0
83	S	0.00000	1	0.00000	0
84	L	0.00000	1	0.00000	0
85	N	0.00000	1	0.00000	0
86	M	0.00000	1	0.00000	0
87	T	0.00000	0.99999	0.00001	0
88	V	0.00000	0.99996	0.00004	0
89	C	0.00000	0.99994	0.00006	0
90	D	0.00000	0.99981	0.00019	0
91	G	0.00000	0.99909	0.00091	0
92	L	0.00000	0.57531	0.42469	0
93	M	0.00000	0.13278	0.86722	0
94	T	0.00000	0.07217	0.92783	0
95	M	0.00000	0.00057	0.99943	0
96	D	0.00000	0.00014	0.99986	0
97	V	0.00000	0	1.00000	0
98	M	0.00000	0	1.00000	0
99	L	0.00000	0	1.00000	0
100	C	0.00000	0	1.00000	0
101	T	0.00000	0	1.00000	0
102	A	0.00000	0	1.00000	0
103	S	0.00000	0	1.00000	0
104	I	0.00000	0	1.00000	0
105	F	0.00000	0	1.00000	0
106	N	0.00000	0	1.00000	0
107	L	0.00000	0	1.00000	0
108	C	0.00000	0	1.00000	0
109	A	0.00000	0	1.00000	0
110	I	0.00000	0	1.00000	0
111	S	0.00000	0	1.00000	0
112	I	0.00000	0	1.00000	0
113	D	0.00001	0	0.99999	0
114	R	0.00949	0	0.99051	0
115	F	0.08162	0	0.91838	0
116	I	0.84212	0	0.15788	0
117	A	0.97894	0	0.02106	0
118	V	0.99999	0	0.00001	0
119	S	1.00000	0	0.00000	0
120	I	1.00000	0	0.00000	0
121	P	1.00000	0	0.00000	0
122	L	1.00000	0	0.00000	0
123	N	1.00000	0	0.00000	0
124	Y	1.00000	0	0.00000	0
125	N	1.00000	0	0.00000	0
126	R	1.00000	0	0.00000	0
127	K	1.00000	0	0.00000	0
128	H	1.00000	0	0.00000	0
129	V	1.00000	0	0.00000	0
130	D	1.00000	0	0.00000	0
131	Q	0.99985	0	0.00015	0
132	R	0.99604	0	0.00396	0
133	Q	0.91388	0	0.08612	0
134	I	0.10126	0	0.89874	0
135	V	0.00360	0	0.99640	0
136	L	0.00005	0	0.99995	0
137	L	0.00000	0	1.00000	0
138	S	0.00000	0	1.00000	0
139	A	0.00000	0	1.00000	0
140	T	0.00000	0	1.00000	0
141	W	0.00000	0	1.00000	0
142	I	0.00000	0	1.00000	0
143	L	0.00000	0	1.00000	0
144	A	0.00000	0	1.00000	0
145	L	0.00000	0	1.00000	0
146	A	0.00000	0	1.00000	0
147	V	0.00000	0	1.00000	0
148	A	0.00000	0	1.00000	0
149	S	0.00000	0	1.00000	0
150	P	0.00000	0	1.00000	0
151	V	0.00000	1e-05	0.99999	0
152	M	0.00000	0.00013	0.99987	0
153	F	0.00000	0.00913	0.99087	0
154	G	0.00000	0.15604	0.84396	0
155	I	0.00000	0.27472	0.72528	0
156	N	0.00000	0.95903	0.04097	0
157	N	0.00000	0.99906	0.00094	0
158	V	0.00000	0.99976	0.00024	0
159	P	0.00000	0.99999	0.00001	0
160	N	0.00000	1	0.00000	0
161	R	0.00000	1	0.00000	0
162	D	0.00000	1	0.00000	0
163	H	0.00000	1	0.00000	0
164	S	0.00000	1	0.00000	0
165	E	0.00000	1	0.00000	0
166	C	0.00000	1	0.00000	0
167	K	0.00000	1	0.00000	0
168	L	0.00000	1	0.00000	0
169	E	0.00000	1	0.00000	0
170	D	0.00000	1	0.00000	0
171	N	0.00000	0.99929	0.00071	0
172	N	0.00000	0.92218	0.07782	0
173	Y	0.00000	0.15847	0.84153	0
174	V	0.00000	0.04768	0.95232	0
175	I	0.00000	0.00287	0.99713	0
176	Y	0.00000	0.00045	0.99955	0
177	S	0.00000	0.0004	0.99960	0
178	S	0.00000	0.00033	0.99967	0
179	V	0.00000	0.00016	0.99984	0
180	C	0.00000	1e-05	0.99999	0
181	S	0.00000	0	1.00000	0
182	F	0.00000	0	1.00000	0
183	F	0.00000	0	1.00000	0
184	V	0.00000	0	1.00000	0
185	P	0.00000	0	1.00000	0
186	C	0.00000	0	1.00000	0
187	P	0.00000	0	1.00000	0
188	I	0.00000	0	1.00000	0
189	M	0.00000	0	1.00000	0
190	L	0.00000	0	1.00000	0
191	L	0.00000	0	1.00000	0
192	L	0.00000	0	1.00000	0
193	Y	0.00001	0	0.99999	0
194	C	0.00078	0	0.99922	0
195	G	0.02316	0	0.97684	0
196	M	0.06357	0	0.93643	0
197	F	0.14517	0	0.85483	0
198	R	0.97072	0	0.02928	0
199	G	0.97891	0	0.02109	0
200	L	0.98244	0	0.01756	0
201	R	0.99936	0	0.00064	0
202	N	0.99992	0	0.00008	0
203	W	0.99998	0	0.00002	0
204	E	1.00000	0	0.00000	0
205	E	1.00000	0	0.00000	0
206	A	1.00000	0	0.00000	0
207	R	1.00000	0	0.00000	0
208	K	1.00000	0	0.00000	0
209	A	1.00000	0	0.00000	0
210	K	1.00000	0	0.00000	0
211	L	1.00000	0	0.00000	0
212	R	1.00000	0	0.00000	0
213	S	1.00000	0	0.00000	0
214	N	1.00000	0	0.00000	0
215	M	1.00000	0	0.00000	0
216	E	1.00000	0	0.00000	0
217	A	1.00000	0	0.00000	0
218	C	1.00000	0	0.00000	0
219	R	1.00000	0	0.00000	0
220	K	1.00000	0	0.00000	0
221	L	1.00000	0	0.00000	0
222	Q	1.00000	0	0.00000	0
223	E	1.00000	0	0.00000	0
224	A	1.00000	0	0.00000	0
225	A	1.00000	0	0.00000	0
226	A	1.00000	0	0.00000	0
227	S	1.00000	0	0.00000	0
228	L	1.00000	0	0.00000	0
229	Q	1.00000	0	0.00000	0
230	P	1.00000	0	0.00000	0
231	L	1.00000	0	0.00000	0
232	S	1.00000	0	0.00000	0
233	G	1.00000	0	0.00000	0
234	L	1.00000	0	0.00000	0
235	P	1.00000	0	0.00000	0
236	P	1.00000	0	0.00000	0
237	P	1.00000	0	0.00000	0
238	L	1.00000	0	0.00000	0
239	P	1.00000	0	0.00000	0
240	P	1.00000	0	0.00000	0
241	V	1.00000	0	0.00000	0
242	I	1.00000	0	0.00000	0
243	E	1.00000	0	0.00000	0
244	K	1.00000	0	0.00000	0
245	D	1.00000	0	0.00000	0
246	I	1.00000	0	0.00000	0
247	T	1.00000	0	0.00000	0
248	L	1.00000	0	0.00000	0
249	E	1.00000	0	0.00000	0
250	E	1.00000	0	0.00000	0
251	L	1.00000	0	0.00000	0
252	D	1.00000	0	0.00000	0
253	Q	1.00000	0	0.00000	0
254	D	1.00000	0	0.00000	0
255	H	1.00000	0	0.00000	0
256	Y	1.00000	0	0.00000	0
257	P	1.00000	0	0.00000	0
258	D	1.00000	0	0.00000	0
259	P	1.00000	0	0.00000	0
260	D	1.00000	0	0.00000	0
261	S	1.00000	0	0.00000	0
262	P	1.00000	0	0.00000	0
263	D	1.00000	0	0.00000	0
264	P	1.00000	0	0.00000	0
265	V	1.00000	0	0.00000	0
266	S	1.00000	0	0.00000	0
267	M	1.00000	0	0.00000	0
268	L	1.00000	0	0.00000	0
269	A	1.00000	0	0.00000	0
270	Y	1.00000	0	0.00000	0
271	P	1.00000	0	0.00000	0
272	G	1.00000	0	0.00000	0
273	G	1.00000	0	0.00000	0
274	G	1.00000	0	0.00000	0
275	Y	1.00000	0	0.00000	0
276	N	1.00000	0	0.00000	0
277	Q	1.00000	0	0.00000	0
278	D	1.00000	0	0.00000	0
279	Q	1.00000	0	0.00000	0
280	N	1.00000	0	0.00000	0
281	Q	1.00000	0	0.00000	0
282	N	1.00000	0	0.00000	0
283	R	1.00000	0	0.00000	0
284	Q	1.00000	0	0.00000	0
285	R	1.00000	0	0.00000	0
286	K	1.00000	0	0.00000	0
287	R	1.00000	0	0.00000	0
288	A	1.00000	0	0.00000	0
289	K	1.00000	0	0.00000	0
290	I	1.00000	0	0.00000	0
291	N	1.00000	0	0.00000	0
292	G	1.00000	0	0.00000	0
293	R	1.00000	0	0.00000	0
294	E	1.00000	0	0.00000	0
295	R	0.78255	0	0.21745	0
296	K	0.76718	0	0.23282	0
297	A	0.04707	0	0.95293	0
298	M	0.02555	0	0.97445	0
299	R	0.01995	0	0.98005	0
300	V	0.00614	0	0.99386	0
301	L	0.00019	0	0.99981	0
302	P	0.00016	0	0.99984	0
303	V	0.00000	0	1.00000	0
304	V	0.00000	0	1.00000	0
305	V	0.00000	0	1.00000	0
306	G	0.00000	0	1.00000	0
307	A	0.00000	0	1.00000	0
308	F	0.00000	0	1.00000	0
309	L	0.00000	0	1.00000	0
310	F	0.00000	0	1.00000	0
311	C	0.00000	0	1.00000	0
312	W	0.00000	0	1.00000	0
313	T	0.00000	0	1.00000	0
314	P	0.00000	0	1.00000	0
315	F	0.00000	0	1.00000	0
316	F	0.00000	5e-05	0.99995	0
317	V	0.00000	0.00635	0.99365	0
318	V	0.00000	0.04357	0.95643	0
319	H	0.00000	0.21925	0.78075	0
320	T	0.00000	0.39244	0.60756	0
321	M	0.00000	0.48662	0.51338	0
322	R	0.00000	0.9296	0.07040	0
323	A	0.00000	0.95038	0.04962	0
324	L	0.00000	0.99089	0.00911	0
325	C	0.00000	0.99943	0.00057	0
326	E	0.00000	0.99999	0.00001	0
327	D	0.00000	1	0.00000	0
328	C	0.00000	1	0.00000	0
329	E	0.00000	1	0.00000	0
330	I	0.00000	0.99998	0.00002	0
331	P	0.00000	0.99997	0.00003	0
332	G	0.00000	0.99995	0.00005	0
333	S	0.00000	0.99961	0.00039	0
334	V	0.00000	0.99335	0.00665	0
335	T	0.00000	0.99139	0.00861	0
336	S	0.00000	0.78179	0.21821	0
337	I	0.00000	0.00415	0.99585	0
338	V	0.00000	0.00012	0.99988	0
339	T	0.00000	2e-05	0.99998	0
340	W	0.00000	0	1.00000	0
341	L	0.00000	0	1.00000	0
342	G	0.00000	0	1.00000	0
343	Y	0.00000	0	1.00000	0
344	V	0.00000	0	1.00000	0
345	N	0.00000	0	1.00000	0
346	S	0.00000	0	1.00000	0
347	A	0.00000	0	1.00000	0
348	I	0.00000	0	1.00000	0
349	N	0.00000	0	1.00000	0
350	P	0.00000	0	1.00000	0
351	I	0.00000	0	1.00000	0
352	I	0.00000	0	1.00000	0
353	Y	0.00003	0	0.99997	0
354	T	0.00033	0	0.99967	0
355	V	0.00162	0	0.99838	0
356	F	0.04954	0	0.95046	0
357	N	0.88545	0	0.11455	0
358	T	0.98393	0	0.01607	0
359	E	1.00000	0	0.00000	0
360	F	1.00000	0	0.00000	0
361	R	1.00000	0	0.00000	0
362	K	1.00000	0	0.00000	0
363	F	1.00000	0	0.00000	0
364	F	1.00000	0	0.00000	0
365	R	1.00000	0	0.00000	0
366	K	1.00000	0	0.00000	0
367	F	1.00000	0	0.00000	0
368	L	1.00000	0	0.00000	0
369	P	1.00000	0	0.00000	0
370	T	1.00000	0	0.00000	0
371	L	1.00000	0	0.00000	0
372	P	1.00000	0	0.00000	0
373	G	1.00000	0	0.00000	0
374	C	1.00000	0	0.00000	0
375	C	1.00000	0	0.00000	0
