# UNNAMED
#pos	aa	i	o	M	S
1	M	0.00000	0.87746	0.00000	0.12254
2	G	0.00000	0.87746	0.00000	0.12254
3	A	0.00000	0.87746	0.00000	0.12253
4	G	0.00000	0.87746	0.00000	0.12253
5	A	0.00000	0.87746	0.00000	0.12254
6	L	0.00000	0.87746	0.00000	0.12254
7	A	0.00000	0.87746	0.00000	0.12253
8	L	0.00000	0.87746	0.00000	0.12253
9	G	0.00000	0.87746	0.00000	0.12253
10	A	0.00000	0.87746	0.00000	0.12254
11	S	0.00000	0.87746	0.00000	0.12254
12	E	0.00000	0.87746	0.00000	0.12254
13	P	0.00000	0.87746	0.00000	0.12253
14	C	0.00000	0.87747	0.00000	0.12252
15	N	0.00000	0.87748	0.00000	0.12252
16	L	0.00000	0.87748	0.00000	0.12252
17	S	0.00000	0.87755	0.00000	0.12245
18	S	0.00000	0.90291	0.00000	0.09709
19	A	0.00000	0.91285	0.00000	0.08716
20	A	0.00000	0.99924	0.00000	0.00077
21	P	0.00000	0.99925	0.00000	0.00076
22	L	0.00000	0.99925	0.00000	0.00075
23	P	0.00000	0.99925	0.00000	0.00075
24	D	0.00000	0.99925	0.00000	0.00075
25	G	0.00000	0.99925	0.00000	0.00075
26	A	0.00000	0.99925	0.00000	0.00075
27	A	0.00000	0.99925	0.00000	0.00075
28	T	0.00000	0.99939	0.00000	0.00061
29	A	0.00000	0.99965	0.00000	0.00035
30	A	0.00000	0.99996	0.00000	4e-05
31	R	0.00000	1	0.00000	0
32	L	0.00000	1	0.00000	0
33	L	0.00000	1	0.00000	0
34	V	0.00000	1	0.00000	0
35	P	0.00000	1	0.00000	0
36	A	0.00000	1	0.00000	0
37	S	0.00000	1	0.00000	0
38	P	0.00000	1	0.00000	0
39	P	0.00000	1	0.00000	0
40	A	0.00000	1	0.00000	0
41	S	0.00000	1	0.00000	0
42	L	0.00000	1	0.00000	0
43	L	0.00000	1	0.00000	0
44	T	0.00000	1	0.00000	0
45	P	0.00000	1	0.00000	0
46	A	0.00000	1	0.00000	0
47	S	0.00000	1	0.00000	0
48	E	0.00000	1	0.00000	0
49	G	0.00000	1	0.00000	0
50	S	0.00000	1	0.00000	0
51	V	0.00000	1	0.00000	0
52	Q	0.00000	1	0.00000	0
53	L	0.00000	0.99846	0.00154	0
54	S	0.00000	0.99511	0.00489	0
55	Q	0.00000	0.97669	0.02331	0
56	Q	0.00000	0.90235	0.09765	0
57	W	0.00000	0.52294	0.47706	0
58	T	0.00000	0.46897	0.53103	0
59	A	0.00000	0.4246	0.57540	0
60	G	0.00000	0.39173	0.60827	0
61	M	0.00000	0.34969	0.65031	0
62	G	0.00000	0.23576	0.76424	0
63	L	0.00000	0.12013	0.87987	0
64	L	0.00000	0.03427	0.96573	0
65	M	0.00000	0.01135	0.98865	0
66	A	0.00000	0.0005	0.99950	0
67	L	0.00000	2e-05	0.99998	0
68	I	0.00000	0	1.00000	0
69	V	0.00000	0	1.00000	0
70	L	0.00000	0	1.00000	0
71	L	0.00000	0	1.00000	0
72	I	0.00000	0	1.00000	0
73	V	0.00000	0	1.00000	0
74	A	0.00000	0	1.00000	0
75	G	0.00000	0	1.00000	0
76	N	0.00000	0	1.00000	0
77	V	0.00000	0	1.00000	0
78	L	0.00000	0	1.00000	0
79	V	0.00000	0	1.00000	0
80	I	0.00003	0	0.99997	0
81	V	0.00203	0	0.99797	0
82	A	0.04182	0	0.95818	0
83	I	0.09607	0	0.90393	0
84	A	0.54420	0	0.45580	0
85	K	0.99281	0	0.00719	0
86	T	0.99929	0	0.00071	0
87	P	0.99999	0	0.00001	0
88	R	1.00000	0	0.00000	0
89	L	0.99999	0	0.00001	0
90	Q	0.99996	0	0.00004	0
91	T	0.99903	0	0.00097	0
92	L	0.97074	0	0.02926	0
93	T	0.94198	0	0.05802	0
94	N	0.15526	0	0.84474	0
95	L	0.02274	0	0.97726	0
96	F	0.00016	0	0.99984	0
97	I	0.00000	0	1.00000	0
98	M	0.00000	0	1.00000	0
99	S	0.00000	0	1.00000	0
100	L	0.00000	0	1.00000	0
101	A	0.00000	0	1.00000	0
102	S	0.00000	0	1.00000	0
103	A	0.00000	0	1.00000	0
104	D	0.00000	0	1.00000	0
105	L	0.00000	0	1.00000	0
106	V	0.00000	0	1.00000	0
107	M	0.00000	0	1.00000	0
108	G	0.00000	0	1.00000	0
109	L	0.00000	0	1.00000	0
110	L	0.00000	0	1.00000	0
111	V	0.00000	7e-05	0.99993	0
112	V	0.00000	0.00086	0.99914	0
113	P	0.00000	0.00851	0.99149	0
114	F	0.00000	0.02812	0.97188	0
115	G	0.00000	0.23875	0.76125	0
116	A	0.00000	0.58369	0.41631	0
117	T	0.00000	0.91079	0.08921	0
118	I	0.00000	0.99889	0.00111	0
119	V	0.00000	0.99912	0.00088	0
120	V	0.00000	0.99938	0.00062	0
121	W	0.00000	0.99955	0.00045	0
122	G	0.00000	0.99986	0.00014	0
123	R	0.00000	0.99999	0.00001	0
124	W	0.00000	1	0.00000	0
125	E	0.00000	1	0.00000	0
126	Y	0.00000	1	0.00000	0
127	G	0.00000	1	0.00000	0
128	S	0.00000	1	0.00000	0
129	F	0.00000	1	0.00000	0
130	F	0.00000	1	0.00000	0
131	C	0.00000	1	0.00000	0
132	E	0.00000	1	0.00000	0
133	L	0.00000	0.99941	0.00059	0
134	W	0.00000	0.93741	0.06259	0
135	T	0.00000	0.60977	0.39023	0
136	S	0.00000	0.08835	0.91165	0
137	V	0.00000	0.02325	0.97675	0
138	D	0.00000	0.00606	0.99394	0
139	V	0.00000	0.00013	0.99987	0
140	L	0.00000	0	1.00000	0
141	C	0.00000	0	1.00000	0
142	V	0.00000	0	1.00000	0
143	T	0.00000	0	1.00000	0
144	A	0.00000	0	1.00000	0
145	S	0.00000	0	1.00000	0
146	I	0.00000	0	1.00000	0
147	E	0.00000	0	1.00000	0
148	T	0.00000	0	1.00000	0
149	L	0.00000	0	1.00000	0
150	C	0.00000	0	1.00000	0
151	V	0.00000	0	1.00000	0
152	I	0.00000	0	1.00000	0
153	A	0.00000	0	1.00000	0
154	L	0.00000	0	1.00000	0
155	D	0.00001	0	0.99999	0
156	R	0.04051	0	0.95949	0
157	Y	0.26325	0	0.73675	0
158	L	0.77083	0	0.22917	0
159	A	0.95793	0	0.04207	0
160	I	0.99997	0	0.00003	0
161	T	1.00000	0	0.00000	0
162	S	1.00000	0	0.00000	0
163	P	1.00000	0	0.00000	0
164	F	1.00000	0	0.00000	0
165	R	1.00000	0	0.00000	0
166	Y	1.00000	0	0.00000	0
167	Q	1.00000	0	0.00000	0
168	S	1.00000	0	0.00000	0
169	L	1.00000	0	0.00000	0
170	L	1.00000	0	0.00000	0
171	T	0.99999	0	0.00001	0
172	R	0.99984	0	0.00016	0
173	A	0.98809	0	0.01191	0
174	A	0.96409	0	0.03591	0
175	R	0.93154	0	0.06846	0
176	A	0.24906	0	0.75094	0
177	L	0.00917	0	0.99083	0
178	V	0.00024	0	0.99976	0
179	C	0.00000	0	1.00000	0
180	T	0.00000	0	1.00000	0
181	V	0.00000	0	1.00000	0
182	W	0.00000	0	1.00000	0
183	A	0.00000	0	1.00000	0
184	I	0.00000	0	1.00000	0
185	S	0.00000	0	1.00000	0
186	A	0.00000	0	1.00000	0
187	L	0.00000	0	1.00000	0
188	V	0.00000	0	1.00000	0
189	S	0.00000	0	1.00000	0
190	F	0.00000	0	1.00000	0
191	L	0.00000	0	1.00000	0
192	P	0.00000	2e-05	0.99998	0
193	I	0.00000	7e-05	0.99993	0
194	L	0.00000	0.00073	0.99927	0
195	M	0.00000	0.00988	0.99012	0
196	H	0.00000	0.18694	0.81306	0
197	W	0.00000	0.3253	0.67470	0
198	W	0.00000	0.70179	0.29821	0
199	R	0.00000	0.99457	0.00543	0
200	D	0.00000	1	0.00000	0
201	K	0.00000	1	0.00000	0
202	G	0.00000	1	0.00000	0
203	A	0.00000	1	0.00000	0
204	E	0.00000	1	0.00000	0
205	A	0.00000	1	0.00000	0
206	R	0.00000	1	0.00000	0
207	R	0.00000	1	0.00000	0
208	C	0.00000	1	0.00000	0
209	Y	0.00000	1	0.00000	0
210	N	0.00000	1	0.00000	0
211	D	0.00000	1	0.00000	0
212	P	0.00000	1	0.00000	0
213	K	0.00000	1	0.00000	0
214	C	0.00000	1	0.00000	0
215	C	0.00000	1	0.00000	0
216	D	0.00000	1	0.00000	0
217	F	0.00000	0.99998	0.00002	0
218	V	0.00000	0.9999	0.00010	0
219	T	0.00000	0.99983	0.00017	0
220	N	0.00000	0.99974	0.00026	0
221	R	0.00000	0.99648	0.00352	0
222	A	0.00000	0.28044	0.71956	0
223	Y	0.00000	0.03439	0.96561	0
224	A	0.00000	0.00748	0.99252	0
225	I	0.00000	0.00212	0.99788	0
226	A	0.00000	1e-05	0.99999	0
227	S	0.00000	1e-05	0.99999	0
228	S	0.00000	0	1.00000	0
229	V	0.00000	0	1.00000	0
230	V	0.00000	0	1.00000	0
231	S	0.00000	0	1.00000	0
232	F	0.00000	0	1.00000	0
233	Y	0.00000	0	1.00000	0
234	V	0.00000	0	1.00000	0
235	P	0.00000	0	1.00000	0
236	L	0.00000	0	1.00000	0
237	C	0.00000	0	1.00000	0
238	I	0.00000	0	1.00000	0
239	M	0.00000	0	1.00000	0
240	A	0.00000	0	1.00000	0
241	F	0.00000	0	1.00000	0
242	V	0.00000	0	1.00000	0
243	Y	0.00021	0	0.99979	0
244	L	0.00968	0	0.99032	0
245	R	0.17753	0	0.82247	0
246	V	0.19578	0	0.80422	0
247	F	0.30307	0	0.69693	0
248	R	0.99476	0	0.00524	0
249	E	0.99992	0	0.00008	0
250	A	1.00000	0	0.00000	0
251	Q	1.00000	0	0.00000	0
252	K	1.00000	0	0.00000	0
253	Q	1.00000	0	0.00000	0
254	V	1.00000	0	0.00000	0
255	K	1.00000	0	0.00000	0
256	K	1.00000	0	0.00000	0
257	I	1.00000	0	0.00000	0
258	D	1.00000	0	0.00000	0
259	S	1.00000	0	0.00000	0
260	C	1.00000	0	0.00000	0
261	E	1.00000	0	0.00000	0
262	R	1.00000	0	0.00000	0
263	R	1.00000	0	0.00000	0
264	F	1.00000	0	0.00000	0
265	L	1.00000	0	0.00000	0
266	G	1.00000	0	0.00000	0
267	S	1.00000	0	0.00000	0
268	P	1.00000	0	0.00000	0
269	A	1.00000	0	0.00000	0
270	R	1.00000	0	0.00000	0
271	P	1.00000	0	0.00000	0
272	P	1.00000	0	0.00000	0
273	S	1.00000	0	0.00000	0
274	P	1.00000	0	0.00000	0
275	A	1.00000	0	0.00000	0
276	P	1.00000	0	0.00000	0
277	S	1.00000	0	0.00000	0
278	P	1.00000	0	0.00000	0
279	G	1.00000	0	0.00000	0
280	S	1.00000	0	0.00000	0
281	P	1.00000	0	0.00000	0
282	L	1.00000	0	0.00000	0
283	P	1.00000	0	0.00000	0
284	A	1.00000	0	0.00000	0
285	A	1.00000	0	0.00000	0
286	A	1.00000	0	0.00000	0
287	A	1.00000	0	0.00000	0
288	A	1.00000	0	0.00000	0
289	A	1.00000	0	0.00000	0
290	P	1.00000	0	0.00000	0
291	V	1.00000	0	0.00000	0
292	A	1.00000	0	0.00000	0
293	N	1.00000	0	0.00000	0
294	G	1.00000	0	0.00000	0
295	R	1.00000	0	0.00000	0
296	T	1.00000	0	0.00000	0
297	S	1.00000	0	0.00000	0
298	K	1.00000	0	0.00000	0
299	R	1.00000	0	0.00000	0
300	R	1.00000	0	0.00000	0
301	P	1.00000	0	0.00000	0
302	S	1.00000	0	0.00000	0
303	R	1.00000	0	0.00000	0
304	L	1.00000	0	0.00000	0
305	V	1.00000	0	0.00000	0
306	A	1.00000	0	0.00000	0
307	L	1.00000	0	0.00000	0
308	R	1.00000	0	0.00000	0
309	E	1.00000	0	0.00000	0
310	Q	0.99312	0	0.00688	0
311	K	0.99132	0	0.00868	0
312	A	0.10935	0	0.89065	0
313	L	0.10662	0	0.89338	0
314	K	0.10609	0	0.89391	0
315	T	0.07852	0	0.92148	0
316	L	0.00075	0	0.99925	0
317	G	0.00007	0	0.99993	0
318	I	0.00003	0	0.99997	0
319	I	0.00000	0	1.00000	0
320	M	0.00000	0	1.00000	0
321	G	0.00000	0	1.00000	0
322	V	0.00000	0	1.00000	0
323	F	0.00000	0	1.00000	0
324	T	0.00000	0	1.00000	0
325	L	0.00000	0	1.00000	0
326	C	0.00000	0	1.00000	0
327	W	0.00000	0	1.00000	0
328	L	0.00000	0	1.00000	0
329	P	0.00000	0	1.00000	0
330	F	0.00000	0	1.00000	0
331	F	0.00000	0	1.00000	0
332	L	0.00000	0.0015	0.99850	0
333	A	0.00000	0.03159	0.96841	0
334	N	0.00000	0.20562	0.79438	0
335	V	0.00000	0.2798	0.72020	0
336	V	0.00000	0.48313	0.51687	0
337	K	0.00000	0.95348	0.04652	0
338	A	0.00000	0.95865	0.04135	0
339	F	0.00000	0.96624	0.03376	0
340	H	0.00000	0.9922	0.00780	0
341	R	0.00000	0.99971	0.00029	0
342	D	0.00000	1	0.00000	0
343	L	0.00000	0.99949	0.00051	0
344	V	0.00000	0.99898	0.00102	0
345	P	0.00000	0.99865	0.00135	0
346	D	0.00000	0.98956	0.01044	0
347	R	0.00000	0.74753	0.25247	0
348	L	0.00000	0.18155	0.81845	0
349	F	0.00000	0.1478	0.85220	0
350	V	0.00000	0.00113	0.99887	0
351	F	0.00000	0	1.00000	0
352	F	0.00000	0	1.00000	0
353	N	0.00000	0	1.00000	0
354	W	0.00000	0	1.00000	0
355	L	0.00000	0	1.00000	0
356	G	0.00000	0	1.00000	0
357	Y	0.00000	0	1.00000	0
358	A	0.00000	0	1.00000	0
359	N	0.00000	0	1.00000	0
360	S	0.00000	0	1.00000	0
361	A	0.00000	0	1.00000	0
362	F	0.00000	0	1.00000	0
363	N	0.00000	0	1.00000	0
364	P	0.00000	0	1.00000	0
365	I	0.00000	0	1.00000	0
366	I	0.00002	0	0.99998	0
367	Y	0.00152	0	0.99848	0
368	C	0.03041	0	0.96959	0
369	R	1.00000	0	0.00000	0
370	S	1.00000	0	0.00000	0
371	P	1.00000	0	0.00000	0
372	D	1.00000	0	0.00000	0
373	F	1.00000	0	0.00000	0
374	R	1.00000	0	0.00000	0
375	K	1.00000	0	0.00000	0
376	A	1.00000	0	0.00000	0
377	F	1.00000	0	0.00000	0
378	Q	1.00000	0	0.00000	0
379	R	1.00000	0	0.00000	0
380	L	1.00000	0	0.00000	0
381	L	1.00000	0	0.00000	0
382	C	1.00000	0	0.00000	0
383	C	1.00000	0	0.00000	0
384	A	1.00000	0	0.00000	0
385	R	1.00000	0	0.00000	0
386	R	1.00000	0	0.00000	0
387	V	1.00000	0	0.00000	0
388	A	1.00000	0	0.00000	0
389	R	1.00000	0	0.00000	0
390	G	1.00000	0	0.00000	0
391	S	1.00000	0	0.00000	0
392	C	1.00000	0	0.00000	0
393	A	1.00000	0	0.00000	0
394	A	1.00000	0	0.00000	0
395	A	1.00000	0	0.00000	0
396	G	1.00000	0	0.00000	0
397	D	1.00000	0	0.00000	0
398	G	1.00000	0	0.00000	0
399	P	1.00000	0	0.00000	0
400	R	1.00000	0	0.00000	0
401	A	1.00000	0	0.00000	0
402	S	1.00000	0	0.00000	0
403	G	1.00000	0	0.00000	0
404	C	1.00000	0	0.00000	0
405	L	1.00000	0	0.00000	0
406	A	1.00000	0	0.00000	0
407	V	1.00000	0	0.00000	0
408	A	1.00000	0	0.00000	0
409	R	1.00000	0	0.00000	0
410	P	1.00000	0	0.00000	0
411	P	1.00000	0	0.00000	0
412	P	1.00000	0	0.00000	0
413	S	1.00000	0	0.00000	0
414	P	1.00000	0	0.00000	0
415	G	1.00000	0	0.00000	0
416	A	1.00000	0	0.00000	0
417	A	1.00000	0	0.00000	0
418	S	1.00000	0	0.00000	0
419	D	1.00000	0	0.00000	0
420	D	1.00000	0	0.00000	0
421	D	1.00000	0	0.00000	0
422	D	1.00000	0	0.00000	0
423	D	1.00000	0	0.00000	0
424	E	1.00000	0	0.00000	0
425	E	1.00000	0	0.00000	0
426	D	1.00000	0	0.00000	0
427	V	1.00000	0	0.00000	0
428	G	1.00000	0	0.00000	0
429	A	1.00000	0	0.00000	0
430	A	1.00000	0	0.00000	0
431	P	1.00000	0	0.00000	0
432	P	1.00000	0	0.00000	0
433	A	1.00000	0	0.00000	0
434	P	1.00000	0	0.00000	0
435	L	1.00000	0	0.00000	0
436	L	1.00000	0	0.00000	0
437	E	1.00000	0	0.00000	0
438	P	1.00000	0	0.00000	0
439	W	1.00000	0	0.00000	0
440	A	1.00000	0	0.00000	0
441	G	1.00000	0	0.00000	0
442	Y	1.00000	0	0.00000	0
443	N	1.00000	0	0.00000	0
444	G	1.00000	0	0.00000	0
445	G	1.00000	0	0.00000	0
446	A	1.00000	0	0.00000	0
447	A	1.00000	0	0.00000	0
448	R	1.00000	0	0.00000	0
449	D	1.00000	0	0.00000	0
450	S	1.00000	0	0.00000	0
451	D	1.00000	0	0.00000	0
452	S	1.00000	0	0.00000	0
453	S	1.00000	0	0.00000	0
454	L	1.00000	0	0.00000	0
455	D	1.00000	0	0.00000	0
456	E	1.00000	0	0.00000	0
457	R	1.00000	0	0.00000	0
458	T	1.00000	0	0.00000	0
459	P	1.00000	0	0.00000	0
460	G	1.00000	0	0.00000	0
461	G	1.00000	0	0.00000	0
462	R	1.00000	0	0.00000	0
463	A	1.00000	0	0.00000	0
464	S	1.00000	0	0.00000	0
465	E	1.00000	0	0.00000	0
466	S	1.00000	0	0.00000	0
467	K	1.00000	0	0.00000	0
468	V	1.00000	0	0.00000	0
