# UNNAMED
#pos	aa	i	o	M	S
1	M	0.00000	0.93455	0.00000	0.06545
2	A	0.00000	0.93455	0.00000	0.06544
3	S	0.00000	0.93455	0.00000	0.06545
4	L	0.00000	0.93455	0.00000	0.06545
5	S	0.00000	0.93455	0.00000	0.06545
6	Q	0.00000	0.93455	0.00000	0.06544
7	L	0.00000	0.93455	0.00000	0.06545
8	S	0.00000	0.93455	0.00000	0.06545
9	G	0.00000	0.93455	0.00000	0.06545
10	H	0.00000	0.93455	0.00000	0.06545
11	L	0.00000	0.93455	0.00000	0.06544
12	N	0.00000	0.93455	0.00000	0.06545
13	Y	0.00000	0.93455	0.00000	0.06545
14	T	0.00000	0.93455	0.00000	0.06545
15	C	0.00000	0.93455	0.00000	0.06545
16	G	0.00000	0.93455	0.00000	0.06545
17	A	0.00000	0.96353	0.00000	0.03647
18	E	0.00000	0.9999	0.00000	9e-05
19	N	0.00000	0.99992	0.00000	8e-05
20	S	0.00000	0.99992	0.00000	8e-05
21	T	0.00000	0.99992	0.00000	8e-05
22	G	0.00000	0.99993	0.00000	7e-05
23	A	0.00000	0.99997	0.00000	3e-05
24	S	0.00000	1	0.00000	0
25	Q	0.00000	1	0.00000	0
26	A	0.00000	1	0.00000	0
27	R	0.00000	1	0.00000	0
28	P	0.00000	0.98674	0.01326	0
29	H	0.00000	0.92675	0.07325	0
30	A	0.00000	0.83682	0.16318	0
31	Y	0.00000	0.79369	0.20631	0
32	Y	0.00000	0.06288	0.93712	0
33	A	0.00000	0.03502	0.96498	0
34	L	0.00000	0.01858	0.98142	0
35	S	0.00000	0.01425	0.98575	0
36	Y	0.00000	0.00094	0.99906	0
37	C	0.00000	0.00034	0.99966	0
38	A	0.00000	1e-05	0.99999	0
39	L	0.00000	0	1.00000	0
40	I	0.00000	0	1.00000	0
41	L	0.00000	0	1.00000	0
42	A	0.00000	0	1.00000	0
43	I	0.00000	0	1.00000	0
44	V	0.00000	0	1.00000	0
45	F	0.00000	0	1.00000	0
46	G	0.00000	0	1.00000	0
47	N	0.00000	0	1.00000	0
48	G	0.00000	0	1.00000	0
49	L	0.00000	0	1.00000	0
50	V	0.00000	0	1.00000	0
51	C	0.00003	0	0.99997	0
52	M	0.00081	0	0.99919	0
53	A	0.00868	0	0.99132	0
54	V	0.08468	0	0.91532	0
55	L	0.35980	0	0.64020	0
56	K	0.98878	0	0.01122	0
57	E	0.99988	0	0.00012	0
58	R	1.00000	0	0.00000	0
59	A	1.00000	0	0.00000	0
60	L	1.00000	0	0.00000	0
61	Q	1.00000	0	0.00000	0
62	T	0.99981	0	0.00019	0
63	T	0.99209	0	0.00791	0
64	T	0.90326	0	0.09674	0
65	N	0.20733	0	0.79267	0
66	Y	0.06597	0	0.93403	0
67	L	0.00075	0	0.99925	0
68	V	0.00007	0	0.99993	0
69	V	0.00000	0	1.00000	0
70	S	0.00000	0	1.00000	0
71	L	0.00000	0	1.00000	0
72	A	0.00000	0	1.00000	0
73	V	0.00000	0	1.00000	0
74	A	0.00000	0	1.00000	0
75	D	0.00000	0	1.00000	0
76	L	0.00000	0	1.00000	0
77	L	0.00000	0	1.00000	0
78	V	0.00000	0	1.00000	0
79	A	0.00000	0	1.00000	0
80	T	0.00000	0	1.00000	0
81	L	0.00000	0	1.00000	0
82	V	0.00000	0	1.00000	0
83	M	0.00000	4e-05	0.99996	0
84	P	0.00000	0.00092	0.99908	0
85	W	0.00000	0.00996	0.99004	0
86	V	0.00000	0.05907	0.94093	0
87	V	0.00000	0.32807	0.67193	0
88	Y	0.00000	0.89178	0.10822	0
89	L	0.00000	0.99978	0.00022	0
90	E	0.00000	1	0.00000	0
91	V	0.00000	1	0.00000	0
92	T	0.00000	1	0.00000	0
93	G	0.00000	1	0.00000	0
94	G	0.00000	1	0.00000	0
95	V	0.00000	1	0.00000	0
96	W	0.00000	1	0.00000	0
97	N	0.00000	1	0.00000	0
98	F	0.00000	1	0.00000	0
99	S	0.00000	1	0.00000	0
100	R	0.00000	1	0.00000	0
101	I	0.00000	1	0.00000	0
102	C	0.00000	1	0.00000	0
103	C	0.00000	0.99989	0.00011	0
104	D	0.00000	0.99902	0.00098	0
105	V	0.00000	0.99337	0.00663	0
106	F	0.00000	0.42331	0.57669	0
107	V	0.00000	0.09212	0.90788	0
108	T	0.00000	0.04482	0.95518	0
109	L	0.00000	0.00065	0.99935	0
110	D	0.00000	0.00022	0.99978	0
111	V	0.00000	1e-05	0.99999	0
112	M	0.00000	0	1.00000	0
113	M	0.00000	0	1.00000	0
114	C	0.00000	0	1.00000	0
115	T	0.00000	0	1.00000	0
116	A	0.00000	0	1.00000	0
117	S	0.00000	0	1.00000	0
118	I	0.00000	0	1.00000	0
119	L	0.00000	0	1.00000	0
120	N	0.00000	0	1.00000	0
121	L	0.00000	0	1.00000	0
122	C	0.00000	0	1.00000	0
123	A	0.00000	0	1.00000	0
124	I	0.00000	0	1.00000	0
125	S	0.00000	0	1.00000	0
126	I	0.00000	0	1.00000	0
127	D	0.00001	0	0.99999	0
128	R	0.01084	0	0.98916	0
129	Y	0.32264	0	0.67736	0
130	T	0.80912	0	0.19088	0
131	A	0.92888	0	0.07112	0
132	V	0.99998	0	0.00002	0
133	V	1.00000	0	0.00000	0
134	M	1.00000	0	0.00000	0
135	P	1.00000	0	0.00000	0
136	V	1.00000	0	0.00000	0
137	H	1.00000	0	0.00000	0
138	Y	1.00000	0	0.00000	0
139	Q	1.00000	0	0.00000	0
140	H	1.00000	0	0.00000	0
141	G	1.00000	0	0.00000	0
142	T	1.00000	0	0.00000	0
143	G	1.00000	0	0.00000	0
144	Q	0.99999	0	0.00001	0
145	S	0.98854	0	0.01146	0
146	S	0.97253	0	0.02747	0
147	C	0.92904	0	0.07096	0
148	R	0.92834	0	0.07166	0
149	R	0.89749	0	0.10251	0
150	V	0.08550	0	0.91450	0
151	A	0.02822	0	0.97178	0
152	L	0.01457	0	0.98543	0
153	M	0.00025	0	0.99975	0
154	I	0.00000	0	1.00000	0
155	T	0.00000	0	1.00000	0
156	A	0.00000	0	1.00000	0
157	V	0.00000	0	1.00000	0
158	W	0.00000	0	1.00000	0
159	V	0.00000	0	1.00000	0
160	L	0.00000	0	1.00000	0
161	A	0.00000	0	1.00000	0
162	F	0.00000	0	1.00000	0
163	A	0.00000	0	1.00000	0
164	V	0.00000	0.00015	0.99985	0
165	S	0.00000	0.00719	0.99281	0
166	C	0.00000	0.02568	0.97432	0
167	P	0.00000	0.03031	0.96969	0
168	L	0.00000	0.03245	0.96755	0
169	L	0.00000	0.03741	0.96259	0
170	F	0.00000	0.05452	0.94548	0
171	G	0.00000	0.16154	0.83846	0
172	F	0.00000	0.35003	0.64997	0
173	N	0.00000	0.98265	0.01735	0
174	T	0.00000	0.99857	0.00143	0
175	T	0.00000	0.99992	0.00008	0
176	G	0.00000	1	0.00000	0
177	D	0.00000	1	0.00000	0
178	P	0.00000	1	0.00000	0
179	T	0.00000	1	0.00000	0
180	V	0.00000	1	0.00000	0
181	C	0.00000	1	0.00000	0
182	S	0.00000	1	0.00000	0
183	I	0.00000	1	0.00000	0
184	S	0.00000	1	0.00000	0
185	N	0.00000	1	0.00000	0
186	P	0.00000	0.99998	0.00002	0
187	D	0.00000	0.99897	0.00103	0
188	F	0.00000	0.14546	0.85454	0
189	V	0.00000	0.08969	0.91031	0
190	I	0.00000	0.05887	0.94113	0
191	Y	0.00000	0.01403	0.98597	0
192	S	0.00000	0.01278	0.98722	0
193	S	0.00000	0.00268	0.99732	0
194	V	0.00000	0.00199	0.99801	0
195	V	0.00000	0	1.00000	0
196	S	0.00000	0	1.00000	0
197	F	0.00000	0	1.00000	0
198	Y	0.00000	0	1.00000	0
199	L	0.00000	0	1.00000	0
200	P	0.00000	0	1.00000	0
201	F	0.00000	0	1.00000	0
202	G	0.00000	0	1.00000	0
203	V	0.00000	0	1.00000	0
204	T	0.00000	0	1.00000	0
205	V	0.00000	0	1.00000	0
206	L	0.00000	0	1.00000	0
207	V	0.00000	0	1.00000	0
208	Y	0.00001	0	0.99999	0
209	A	0.00145	0	0.99855	0
210	R	0.02333	0	0.97667	0
211	I	0.02735	0	0.97265	0
212	Y	0.06730	0	0.93270	0
213	V	0.33472	0	0.66528	0
214	V	0.52047	0	0.47953	0
215	L	0.98303	0	0.01697	0
216	K	0.99930	0	0.00070	0
217	Q	0.99999	0	0.00001	0
218	R	1.00000	0	0.00000	0
219	R	1.00000	0	0.00000	0
220	R	1.00000	0	0.00000	0
221	K	1.00000	0	0.00000	0
222	R	1.00000	0	0.00000	0
223	I	1.00000	0	0.00000	0
224	L	1.00000	0	0.00000	0
225	T	1.00000	0	0.00000	0
226	R	1.00000	0	0.00000	0
227	Q	1.00000	0	0.00000	0
228	N	1.00000	0	0.00000	0
229	S	1.00000	0	0.00000	0
230	Q	1.00000	0	0.00000	0
231	C	1.00000	0	0.00000	0
232	N	1.00000	0	0.00000	0
233	S	1.00000	0	0.00000	0
234	V	1.00000	0	0.00000	0
235	R	1.00000	0	0.00000	0
236	P	1.00000	0	0.00000	0
237	G	1.00000	0	0.00000	0
238	F	1.00000	0	0.00000	0
239	P	1.00000	0	0.00000	0
240	Q	1.00000	0	0.00000	0
241	Q	1.00000	0	0.00000	0
242	T	1.00000	0	0.00000	0
243	L	1.00000	0	0.00000	0
244	S	1.00000	0	0.00000	0
245	P	1.00000	0	0.00000	0
246	D	1.00000	0	0.00000	0
247	P	1.00000	0	0.00000	0
248	A	1.00000	0	0.00000	0
249	H	1.00000	0	0.00000	0
250	L	1.00000	0	0.00000	0
251	E	1.00000	0	0.00000	0
252	L	1.00000	0	0.00000	0
253	K	1.00000	0	0.00000	0
254	R	1.00000	0	0.00000	0
255	Y	1.00000	0	0.00000	0
256	Y	1.00000	0	0.00000	0
257	S	1.00000	0	0.00000	0
258	I	1.00000	0	0.00000	0
259	C	1.00000	0	0.00000	0
260	Q	1.00000	0	0.00000	0
261	D	1.00000	0	0.00000	0
262	T	1.00000	0	0.00000	0
263	A	1.00000	0	0.00000	0
264	L	1.00000	0	0.00000	0
265	G	1.00000	0	0.00000	0
266	G	1.00000	0	0.00000	0
267	P	1.00000	0	0.00000	0
268	G	1.00000	0	0.00000	0
269	F	1.00000	0	0.00000	0
270	Q	1.00000	0	0.00000	0
271	E	1.00000	0	0.00000	0
272	R	1.00000	0	0.00000	0
273	G	1.00000	0	0.00000	0
274	G	1.00000	0	0.00000	0
275	E	1.00000	0	0.00000	0
276	L	1.00000	0	0.00000	0
277	K	1.00000	0	0.00000	0
278	R	1.00000	0	0.00000	0
279	E	1.00000	0	0.00000	0
280	E	1.00000	0	0.00000	0
281	K	1.00000	0	0.00000	0
282	T	1.00000	0	0.00000	0
283	R	1.00000	0	0.00000	0
284	N	1.00000	0	0.00000	0
285	S	1.00000	0	0.00000	0
286	L	1.00000	0	0.00000	0
287	M	1.00000	0	0.00000	0
288	P	1.00000	0	0.00000	0
289	L	1.00000	0	0.00000	0
290	R	1.00000	0	0.00000	0
291	E	1.00000	0	0.00000	0
292	K	0.99017	0	0.00983	0
293	K	0.95197	0	0.04803	0
294	A	0.90051	0	0.09949	0
295	T	0.89554	0	0.10446	0
296	Q	0.75258	0	0.24742	0
297	M	0.73251	0	0.26749	0
298	V	0.00417	0	0.99583	0
299	A	0.00010	0	0.99990	0
300	I	0.00000	0	1.00000	0
301	V	0.00000	0	1.00000	0
302	L	0.00000	0	1.00000	0
303	G	0.00000	0	1.00000	0
304	A	0.00000	0	1.00000	0
305	F	0.00000	0	1.00000	0
306	I	0.00000	0	1.00000	0
307	V	0.00000	0	1.00000	0
308	C	0.00000	0	1.00000	0
309	W	0.00000	0	1.00000	0
310	L	0.00000	0	1.00000	0
311	P	0.00000	0	1.00000	0
312	F	0.00000	0	1.00000	0
313	F	0.00000	0	1.00000	0
314	L	0.00000	0.00072	0.99928	0
315	T	0.00000	0.00883	0.99117	0
316	H	0.00000	0.01712	0.98288	0
317	V	0.00000	0.02784	0.97216	0
318	L	0.00000	0.08525	0.91475	0
319	N	0.00000	0.70272	0.29728	0
320	T	0.00000	0.85879	0.14121	0
321	H	0.00000	0.99538	0.00462	0
322	C	0.00000	0.99946	0.00054	0
323	Q	0.00000	0.99993	0.00007	0
324	T	0.00000	0.99998	0.00002	0
325	C	0.00000	1	0.00000	0
326	H	0.00000	1	0.00000	0
327	V	0.00000	0.99994	0.00006	0
328	S	0.00000	0.99989	0.00011	0
329	P	0.00000	0.9998	0.00020	0
330	E	0.00000	0.99896	0.00104	0
331	L	0.00000	0.9945	0.00550	0
332	Y	0.00000	0.9933	0.00670	0
333	S	0.00000	0.83439	0.16561	0
334	A	0.00000	0.02888	0.97112	0
335	T	0.00000	0.0106	0.98940	0
336	T	0.00000	0.00253	0.99747	0
337	W	0.00000	1e-05	0.99999	0
338	L	0.00000	0	1.00000	0
339	G	0.00000	0	1.00000	0
340	Y	0.00000	0	1.00000	0
341	V	0.00000	0	1.00000	0
342	N	0.00000	0	1.00000	0
343	S	0.00000	0	1.00000	0
344	A	0.00000	0	1.00000	0
345	L	0.00000	0	1.00000	0
346	N	0.00000	0	1.00000	0
347	P	0.00000	0	1.00000	0
348	V	0.00000	0	1.00000	0
349	I	0.00000	0	1.00000	0
350	Y	0.00002	0	0.99998	0
351	T	0.00012	0	0.99988	0
352	T	0.00055	0	0.99945	0
353	F	0.04505	0	0.95495	0
354	N	0.50338	0	0.49662	0
355	I	0.73609	0	0.26391	0
356	E	1.00000	0	0.00000	0
357	F	1.00000	0	0.00000	0
358	R	1.00000	0	0.00000	0
359	K	1.00000	0	0.00000	0
360	A	1.00000	0	0.00000	0
361	F	1.00000	0	0.00000	0
362	L	1.00000	0	0.00000	0
363	K	1.00000	0	0.00000	0
364	I	1.00000	0	0.00000	0
365	L	1.00000	0	0.00000	0
366	S	1.00000	0	0.00000	0
367	C	1.00000	0	0.00000	0
