# UNNAMED
#pos	aa	i	o	M	S
1	M	0.00000	1	0.00000	0
2	H	0.00000	1	0.00000	0
3	L	0.00000	1	0.00000	0
4	C	0.00000	1	0.00000	0
5	H	0.00000	1	0.00000	0
6	A	0.00000	1	0.00000	0
7	I	0.00000	1	0.00000	0
8	T	0.00000	1	0.00000	0
9	N	0.00000	1	0.00000	0
10	I	0.00000	1	0.00000	0
11	S	0.00000	1	0.00000	0
12	H	0.00000	1	0.00000	0
13	R	0.00000	1	0.00000	0
14	N	0.00000	1	0.00000	0
15	S	0.00000	1	0.00000	0
16	D	0.00000	1	0.00000	0
17	W	0.00000	1	0.00000	0
18	S	0.00000	1	0.00000	0
19	R	0.00000	1	0.00000	0
20	E	0.00000	0.99991	0.00009	0
21	V	0.00000	0.99712	0.00288	0
22	Q	0.00000	0.92295	0.07705	0
23	A	0.00000	0.70578	0.29422	0
24	S	0.00000	0.5555	0.44450	0
25	L	0.00000	0.23941	0.76059	0
26	Y	0.00000	0.16801	0.83199	0
27	S	0.00000	0.15765	0.84235	0
28	L	0.00000	0.11218	0.88782	0
29	M	0.00000	0.0821	0.91790	0
30	S	0.00000	0.04915	0.95085	0
31	L	0.00000	0.01058	0.98942	0
32	I	0.00000	0.00012	0.99988	0
33	I	0.00000	0	1.00000	0
34	L	0.00000	0	1.00000	0
35	A	0.00000	0	1.00000	0
36	T	0.00000	0	1.00000	0
37	L	0.00000	0	1.00000	0
38	V	0.00000	0	1.00000	0
39	G	0.00000	0	1.00000	0
40	N	0.00000	0	1.00000	0
41	L	0.00000	0	1.00000	0
42	I	0.00000	0	1.00000	0
43	V	0.00000	0	1.00000	0
44	I	0.00001	0	0.99999	0
45	I	0.00182	0	0.99818	0
46	S	0.19840	0	0.80160	0
47	I	0.26477	0	0.73523	0
48	S	0.75267	0	0.24733	0
49	H	0.83198	0	0.16802	0
50	F	0.86268	0	0.13732	0
51	K	0.98807	0	0.01193	0
52	Q	0.99923	0	0.00077	0
53	L	0.99938	0	0.00062	0
54	H	1.00000	0	0.00000	0
55	T	1.00000	0	0.00000	0
56	P	1.00000	0	0.00000	0
57	T	0.99670	0	0.00330	0
58	N	0.37708	0	0.62292	0
59	W	0.27457	0	0.72543	0
60	L	0.00558	0	0.99442	0
61	L	0.00122	0	0.99878	0
62	H	0.00017	0	0.99983	0
63	S	0.00007	0	0.99993	0
64	M	0.00002	0	0.99998	0
65	A	0.00001	0	0.99999	0
66	I	0.00000	0	1.00000	0
67	V	0.00000	0	1.00000	0
68	D	0.00000	0	1.00000	0
69	F	0.00000	0	1.00000	0
70	L	0.00000	0	1.00000	0
71	L	0.00000	0	1.00000	0
72	G	0.00000	0	1.00000	0
73	C	0.00000	0	1.00000	0
74	L	0.00000	0	1.00000	0
75	I	0.00000	0	1.00000	0
76	M	0.00000	0.00025	0.99975	0
77	P	0.00000	0.02144	0.97856	0
78	C	0.00000	0.08769	0.91231	0
79	S	0.00000	0.23965	0.76035	0
80	M	0.00000	0.30881	0.69119	0
81	V	0.00000	0.54811	0.45189	0
82	R	0.00000	0.94883	0.05117	0
83	T	0.00000	0.94889	0.05111	0
84	V	0.00000	0.95505	0.04495	0
85	E	0.00000	0.99894	0.00106	0
86	R	0.00000	0.99994	0.00006	0
87	C	0.00000	1	0.00000	0
88	W	0.00000	1	0.00000	0
89	Y	0.00000	1	0.00000	0
90	F	0.00000	1	0.00000	0
91	G	0.00000	1	0.00000	0
92	E	0.00000	1	0.00000	0
93	I	0.00000	0.99999	0.00001	0
94	L	0.00000	0.99992	0.00008	0
95	C	0.00000	0.99989	0.00011	0
96	K	0.00000	0.99979	0.00021	0
97	V	0.00000	0.99642	0.00358	0
98	H	0.00000	0.72749	0.27251	0
99	T	0.00000	0.41875	0.58125	0
100	S	0.00000	0.18552	0.81448	0
101	T	0.00000	0.01362	0.98638	0
102	D	0.00000	0.00101	0.99899	0
103	I	0.00000	1e-05	0.99999	0
104	M	0.00000	0	1.00000	0
105	L	0.00000	0	1.00000	0
106	S	0.00000	0	1.00000	0
107	S	0.00000	0	1.00000	0
108	A	0.00000	0	1.00000	0
109	S	0.00000	0	1.00000	0
110	I	0.00000	0	1.00000	0
111	F	0.00000	0	1.00000	0
112	H	0.00000	0	1.00000	0
113	L	0.00000	0	1.00000	0
114	A	0.00000	0	1.00000	0
115	F	0.00000	0	1.00000	0
116	I	0.00000	0	1.00000	0
117	S	0.00001	0	0.99999	0
118	I	0.00003	0	0.99997	0
119	D	0.00036	0	0.99964	0
120	R	0.12121	0	0.87879	0
121	Y	0.90068	0	0.09932	0
122	C	0.98693	0	0.01307	0
123	A	0.99776	0	0.00224	0
124	V	1.00000	0	0.00000	0
125	C	1.00000	0	0.00000	0
126	D	1.00000	0	0.00000	0
127	P	1.00000	0	0.00000	0
128	L	1.00000	0	0.00000	0
129	R	1.00000	0	0.00000	0
130	Y	1.00000	0	0.00000	0
131	K	1.00000	0	0.00000	0
132	A	0.99997	0	0.00003	0
133	K	0.99981	0	0.00019	0
134	I	0.95634	0	0.04366	0
135	N	0.94750	0	0.05250	0
136	I	0.80570	0	0.19430	0
137	S	0.77571	0	0.22429	0
138	T	0.58413	0	0.41587	0
139	I	0.08036	0	0.91964	0
140	L	0.00646	0	0.99354	0
141	V	0.00024	0	0.99976	0
142	M	0.00006	0	0.99994	0
143	I	0.00000	0	1.00000	0
144	L	0.00000	0	1.00000	0
145	V	0.00000	0	1.00000	0
146	S	0.00000	0	1.00000	0
147	W	0.00000	0	1.00000	0
148	S	0.00000	0	1.00000	0
149	L	0.00000	0	1.00000	0
150	P	0.00000	0	1.00000	0
151	A	0.00000	0	1.00000	0
152	V	0.00000	0	1.00000	0
153	Y	0.00000	2e-05	0.99998	0
154	A	0.00000	0.00042	0.99958	0
155	F	0.00000	0.00325	0.99675	0
156	G	0.00000	0.04659	0.95341	0
157	M	0.00000	0.05746	0.94254	0
158	I	0.00000	0.12774	0.87226	0
159	F	0.00000	0.18809	0.81191	0
160	L	0.00000	0.37385	0.62615	0
161	E	0.00000	0.95873	0.04127	0
162	L	0.00000	0.97914	0.02086	0
163	N	0.00000	0.99867	0.00133	0
164	L	0.00000	0.9994	0.00060	0
165	K	0.00000	1	0.00000	0
166	G	0.00000	1	0.00000	0
167	V	0.00000	1	0.00000	0
168	E	0.00000	1	0.00000	0
169	E	0.00000	1	0.00000	0
170	L	0.00000	1	0.00000	0
171	Y	0.00000	1	0.00000	0
172	R	0.00000	1	0.00000	0
173	S	0.00000	1	0.00000	0
174	Q	0.00000	1	0.00000	0
175	V	0.00000	1	0.00000	0
176	S	0.00000	1	0.00000	0
177	D	0.00000	1	0.00000	0
178	L	0.00000	1	0.00000	0
179	G	0.00000	1	0.00000	0
180	G	0.00000	1	0.00000	0
181	C	0.00000	1	0.00000	0
182	S	0.00000	0.99593	0.00407	0
183	P	0.00000	0.99581	0.00419	0
184	F	0.00000	0.99094	0.00906	0
185	F	0.00000	0.98872	0.01128	0
186	S	0.00000	0.98866	0.01134	0
187	K	0.00000	0.98864	0.01136	0
188	V	0.00000	0.9705	0.02950	0
189	S	0.00000	0.96432	0.03568	0
190	G	0.00000	0.76567	0.23433	0
191	V	0.00000	0.42743	0.57257	0
192	L	0.00000	0.00406	0.99594	0
193	A	0.00000	0.00209	0.99791	0
194	F	0.00000	2e-05	0.99998	0
195	M	0.00000	1e-05	0.99999	0
196	T	0.00000	0	1.00000	0
197	S	0.00000	0	1.00000	0
198	F	0.00000	0	1.00000	0
199	Y	0.00000	0	1.00000	0
200	I	0.00000	0	1.00000	0
201	P	0.00000	0	1.00000	0
202	G	0.00000	0	1.00000	0
203	S	0.00000	0	1.00000	0
204	V	0.00000	0	1.00000	0
205	M	0.00000	0	1.00000	0
206	L	0.00000	0	1.00000	0
207	F	0.00001	0	0.99999	0
208	V	0.00010	0	0.99990	0
209	Y	0.00080	0	0.99920	0
210	Y	0.00306	0	0.99694	0
211	R	0.01347	0	0.98653	0
212	I	0.01417	0	0.98583	0
213	Y	0.02359	0	0.97641	0
214	F	0.14556	0	0.85444	0
215	I	0.51235	0	0.48765	0
216	A	0.99430	0	0.00570	0
217	K	0.99986	0	0.00014	0
218	G	0.99999	0	0.00001	0
219	Q	1.00000	0	0.00000	0
220	A	1.00000	0	0.00000	0
221	R	1.00000	0	0.00000	0
222	S	1.00000	0	0.00000	0
223	I	1.00000	0	0.00000	0
224	N	1.00000	0	0.00000	0
225	R	1.00000	0	0.00000	0
226	T	1.00000	0	0.00000	0
227	N	1.00000	0	0.00000	0
228	V	1.00000	0	0.00000	0
229	Q	1.00000	0	0.00000	0
230	V	1.00000	0	0.00000	0
231	G	1.00000	0	0.00000	0
232	L	1.00000	0	0.00000	0
233	E	1.00000	0	0.00000	0
234	G	1.00000	0	0.00000	0
235	K	1.00000	0	0.00000	0
236	S	1.00000	0	0.00000	0
237	Q	1.00000	0	0.00000	0
238	A	1.00000	0	0.00000	0
239	P	1.00000	0	0.00000	0
240	Q	1.00000	0	0.00000	0
241	S	1.00000	0	0.00000	0
242	K	1.00000	0	0.00000	0
243	E	1.00000	0	0.00000	0
244	T	0.98288	0	0.01712	0
245	K	0.98230	0	0.01770	0
246	A	0.60564	0	0.39436	0
247	A	0.60413	0	0.39587	0
248	K	0.56673	0	0.43327	0
249	T	0.45781	0	0.54219	0
250	L	0.01941	0	0.98059	0
251	G	0.00629	0	0.99371	0
252	I	0.00375	0	0.99625	0
253	M	0.00368	0	0.99632	0
254	V	0.00105	0	0.99895	0
255	G	0.00012	0	0.99988	0
256	V	0.00003	0	0.99997	0
257	F	0.00000	0	1.00000	0
258	L	0.00000	0	1.00000	0
259	V	0.00000	0	1.00000	0
260	C	0.00000	0	1.00000	0
261	W	0.00000	0	1.00000	0
262	C	0.00000	0	1.00000	0
263	P	0.00000	0	1.00000	0
264	F	0.00000	0	1.00000	0
265	F	0.00000	0	1.00000	0
266	L	0.00000	0.00044	0.99956	0
267	C	0.00000	0.00698	0.99302	0
268	T	0.00000	0.02212	0.97788	0
269	V	0.00000	0.05071	0.94929	0
270	L	0.00000	0.13721	0.86279	0
271	D	0.00000	0.57136	0.42864	0
272	P	0.00000	0.57259	0.42741	0
273	F	0.00000	0.57661	0.42339	0
274	L	0.00000	0.59604	0.40396	0
275	G	0.00000	0.6779	0.32210	0
276	Y	0.00000	0.69435	0.30565	0
277	V	0.00000	0.73031	0.26969	0
278	I	0.00000	0.83132	0.16868	0
279	P	0.00000	0.97757	0.02243	0
280	P	0.00000	0.99532	0.00468	0
281	S	0.00000	0.99961	0.00039	0
282	L	0.00000	0.99971	0.00029	0
283	N	0.00000	0.99987	0.00013	0
284	D	0.00000	0.97737	0.02263	0
285	A	0.00000	0.14492	0.85508	0
286	L	0.00000	0.06803	0.93197	0
287	Y	0.00000	0.0445	0.95550	0
288	W	0.00000	0.00393	0.99607	0
289	F	0.00000	2e-05	0.99998	0
290	G	0.00000	0	1.00000	0
291	Y	0.00000	0	1.00000	0
292	L	0.00000	0	1.00000	0
293	N	0.00000	0	1.00000	0
294	S	0.00000	0	1.00000	0
295	A	0.00000	0	1.00000	0
296	L	0.00000	0	1.00000	0
297	N	0.00000	0	1.00000	0
298	P	0.00000	0	1.00000	0
299	M	0.00000	0	1.00000	0
300	V	0.00000	0	1.00000	0
301	Y	0.00000	0	1.00000	0
302	A	0.00000	0	1.00000	0
303	F	0.00001	0	0.99999	0
304	F	0.00043	0	0.99957	0
305	Y	0.01389	0	0.98611	0
306	P	0.09912	0	0.90088	0
307	W	0.17916	0	0.82084	0
308	F	0.39192	0	0.60808	0
309	R	1.00000	0	0.00000	0
310	R	1.00000	0	0.00000	0
311	A	1.00000	0	0.00000	0
312	L	1.00000	0	0.00000	0
313	K	1.00000	0	0.00000	0
314	M	1.00000	0	0.00000	0
315	V	1.00000	0	0.00000	0
316	L	1.00000	0	0.00000	0
317	L	1.00000	0	0.00000	0
318	G	1.00000	0	0.00000	0
319	K	1.00000	0	0.00000	0
320	I	1.00000	0	0.00000	0
321	F	1.00000	0	0.00000	0
322	Q	1.00000	0	0.00000	0
323	K	1.00000	0	0.00000	0
324	D	1.00000	0	0.00000	0
325	S	1.00000	0	0.00000	0
326	S	1.00000	0	0.00000	0
327	R	1.00000	0	0.00000	0
328	S	1.00000	0	0.00000	0
329	K	1.00000	0	0.00000	0
330	L	1.00000	0	0.00000	0
331	F	1.00000	0	0.00000	0
332	L	1.00000	0	0.00000	0
