# UNNAMED
#pos	aa	i	o	M	S
1	M	0.00000	1	0.00000	0
2	S	0.00000	1	0.00000	0
3	E	0.00000	1	0.00000	0
4	S	0.00000	1	0.00000	0
5	N	0.00000	1	0.00000	0
6	G	0.00000	1	0.00000	0
7	T	0.00000	1	0.00000	0
8	D	0.00000	1	0.00000	0
9	V	0.00000	0.9999	0.00010	0
10	L	0.00000	0.99982	0.00018	0
11	P	0.00000	0.99954	0.00046	0
12	L	0.00000	0.9971	0.00290	0
13	T	0.00000	0.98375	0.01625	0
14	A	0.00000	0.96818	0.03182	0
15	Q	0.00000	0.94748	0.05252	0
16	V	0.00000	0.62133	0.37867	0
17	P	0.00000	0.4973	0.50270	0
18	L	0.00000	0.17384	0.82616	0
19	A	0.00000	0.07568	0.92432	0
20	F	0.00000	0.01963	0.98037	0
21	L	0.00000	0.01162	0.98838	0
22	M	0.00000	0.00921	0.99079	0
23	S	0.00000	0.00367	0.99633	0
24	L	0.00000	0.00033	0.99967	0
25	L	0.00000	1e-05	0.99999	0
26	A	0.00000	0	1.00000	0
27	F	0.00000	0	1.00000	0
28	A	0.00000	0	1.00000	0
29	I	0.00000	0	1.00000	0
30	T	0.00000	0	1.00000	0
31	I	0.00000	0	1.00000	0
32	G	0.00000	0	1.00000	0
33	N	0.00000	0	1.00000	0
34	A	0.00000	0	1.00000	0
35	V	0.00000	0	1.00000	0
36	V	0.00000	0	1.00000	0
37	I	0.00000	0	1.00000	0
38	L	0.00018	0	0.99982	0
39	A	0.00735	0	0.99265	0
40	F	0.03167	0	0.96833	0
41	V	0.21664	0	0.78336	0
42	A	0.68478	0	0.31522	0
43	D	0.99750	0	0.00250	0
44	R	0.99993	0	0.00007	0
45	N	1.00000	0	0.00000	0
46	L	1.00000	0	0.00000	0
47	R	1.00000	0	0.00000	0
48	H	0.99999	0	0.00001	0
49	R	0.99998	0	0.00002	0
50	S	0.99338	0	0.00662	0
51	N	0.88911	0	0.11089	0
52	Y	0.33425	0	0.66575	0
53	F	0.00403	0	0.99597	0
54	F	0.00042	0	0.99958	0
55	L	0.00000	0	1.00000	0
56	N	0.00000	0	1.00000	0
57	L	0.00000	0	1.00000	0
58	A	0.00000	0	1.00000	0
59	I	0.00000	0	1.00000	0
60	S	0.00000	0	1.00000	0
61	D	0.00000	0	1.00000	0
62	F	0.00000	0	1.00000	0
63	F	0.00000	0	1.00000	0
64	V	0.00000	0	1.00000	0
65	G	0.00000	0	1.00000	0
66	V	0.00000	0	1.00000	0
67	I	0.00000	0	1.00000	0
68	S	0.00000	1e-05	0.99999	0
69	I	0.00000	6e-05	0.99994	0
70	P	0.00000	0.0015	0.99850	0
71	L	0.00000	0.00812	0.99188	0
72	Y	0.00000	0.05344	0.94656	0
73	I	0.00000	0.07282	0.92718	0
74	P	0.00000	0.51294	0.48706	0
75	H	0.00000	0.99999	0.00001	0
76	T	0.00000	0.99999	0.00001	0
77	L	0.00000	0.99999	0.00001	0
78	F	0.00000	1	0.00000	0
79	N	0.00000	1	0.00000	0
80	W	0.00000	1	0.00000	0
81	N	0.00000	1	0.00000	0
82	F	0.00000	1	0.00000	0
83	G	0.00000	1	0.00000	0
84	S	0.00000	1	0.00000	0
85	G	0.00000	0.99997	0.00003	0
86	I	0.00000	0.99991	0.00009	0
87	C	0.00000	0.99987	0.00013	0
88	M	0.00000	0.99757	0.00243	0
89	F	0.00000	0.99703	0.00297	0
90	W	0.00000	0.94771	0.05229	0
91	L	0.00000	0.26898	0.73102	0
92	I	0.00000	0.04908	0.95092	0
93	T	0.00000	0.00623	0.99377	0
94	D	0.00000	0.00209	0.99791	0
95	Y	0.00000	0.00013	0.99987	0
96	L	0.00000	0	1.00000	0
97	L	0.00000	0	1.00000	0
98	C	0.00000	0	1.00000	0
99	T	0.00000	0	1.00000	0
100	A	0.00000	0	1.00000	0
101	S	0.00000	0	1.00000	0
102	V	0.00000	0	1.00000	0
103	Y	0.00000	0	1.00000	0
104	S	0.00000	0	1.00000	0
105	I	0.00000	0	1.00000	0
106	V	0.00001	0	0.99999	0
107	L	0.00001	0	0.99999	0
108	I	0.00001	0	0.99999	0
109	S	0.00002	0	0.99998	0
110	Y	0.00003	0	0.99997	0
111	D	0.00008	0	0.99992	0
112	R	0.01072	0	0.98928	0
113	Y	0.05711	0	0.94289	0
114	Q	0.13662	0	0.86338	0
115	S	0.87841	0	0.12159	0
116	V	0.99996	0	0.00004	0
117	S	1.00000	0	0.00000	0
118	N	1.00000	0	0.00000	0
119	A	1.00000	0	0.00000	0
120	V	1.00000	0	0.00000	0
121	R	1.00000	0	0.00000	0
122	Y	1.00000	0	0.00000	0
123	R	1.00000	0	0.00000	0
124	A	1.00000	0	0.00000	0
125	Q	1.00000	0	0.00000	0
126	H	0.99948	0	0.00052	0
127	T	0.99255	0	0.00745	0
128	G	0.96985	0	0.03015	0
129	I	0.89887	0	0.10113	0
130	L	0.85321	0	0.14679	0
131	K	0.84030	0	0.15970	0
132	I	0.08105	0	0.91895	0
133	V	0.01199	0	0.98801	0
134	A	0.00527	0	0.99473	0
135	Q	0.00358	0	0.99642	0
136	M	0.00003	0	0.99997	0
137	V	0.00000	0	1.00000	0
138	A	0.00000	0	1.00000	0
139	V	0.00000	0	1.00000	0
140	W	0.00000	0	1.00000	0
141	I	0.00000	0	1.00000	0
142	L	0.00000	0	1.00000	0
143	A	0.00000	0	1.00000	0
144	F	0.00000	0	1.00000	0
145	L	0.00000	0	1.00000	0
146	V	0.00000	0.00019	0.99981	0
147	N	0.00000	0.00879	0.99121	0
148	G	0.00000	0.01642	0.98358	0
149	P	0.00000	0.02161	0.97839	0
150	M	0.00000	0.02406	0.97594	0
151	I	0.00000	0.03656	0.96344	0
152	L	0.00000	0.07213	0.92787	0
153	A	0.00000	0.19813	0.80187	0
154	S	0.00000	0.73095	0.26905	0
155	D	0.00000	0.99963	0.00037	0
156	S	0.00000	0.99981	0.00019	0
157	W	0.00000	0.99991	0.00009	0
158	K	0.00000	1	0.00000	0
159	N	0.00000	1	0.00000	0
160	S	0.00000	1	0.00000	0
161	T	0.00000	1	0.00000	0
162	N	0.00000	1	0.00000	0
163	T	0.00000	1	0.00000	0
164	E	0.00000	1	0.00000	0
165	E	0.00000	1	0.00000	0
166	C	0.00000	1	0.00000	0
167	E	0.00000	1	0.00000	0
168	P	0.00000	0.99999	0.00001	0
169	G	0.00000	0.99999	0.00001	0
170	F	0.00000	0.99994	0.00006	0
171	V	0.00000	0.99994	0.00006	0
172	T	0.00000	0.99993	0.00007	0
173	E	0.00000	0.9999	0.00010	0
174	W	0.00000	0.99916	0.00084	0
175	Y	0.00000	0.99326	0.00674	0
176	I	0.00000	0.98172	0.01828	0
177	L	0.00000	0.9767	0.02330	0
178	A	0.00000	0.97532	0.02468	0
179	I	0.00000	0.00476	0.99524	0
180	T	0.00000	0.00335	0.99665	0
181	A	0.00000	0.00208	0.99792	0
182	F	0.00000	0.00177	0.99823	0
183	L	0.00000	3e-05	0.99997	0
184	E	0.00000	3e-05	0.99997	0
185	F	0.00000	0	1.00000	0
186	L	0.00000	0	1.00000	0
187	L	0.00000	0	1.00000	0
188	P	0.00000	0	1.00000	0
189	V	0.00000	0	1.00000	0
190	S	0.00000	0	1.00000	0
191	L	0.00000	0	1.00000	0
192	V	0.00000	0	1.00000	0
193	V	0.00000	0	1.00000	0
194	Y	0.00000	0	1.00000	0
195	F	0.00000	0	1.00000	0
196	S	0.00013	0	0.99987	0
197	V	0.00022	0	0.99978	0
198	Q	0.00115	0	0.99885	0
199	I	0.00119	0	0.99881	0
200	Y	0.00124	0	0.99876	0
201	W	0.00179	0	0.99821	0
202	S	0.03863	0	0.96137	0
203	L	0.04869	0	0.95131	0
204	W	0.15330	0	0.84670	0
205	K	0.99568	0	0.00432	0
206	R	0.99983	0	0.00017	0
207	G	0.99992	0	0.00008	0
208	S	0.99998	0	0.00002	0
209	L	0.99999	0	0.00001	0
210	S	1.00000	0	0.00000	0
211	R	1.00000	0	0.00000	0
212	C	1.00000	0	0.00000	0
213	P	1.00000	0	0.00000	0
214	S	1.00000	0	0.00000	0
215	H	1.00000	0	0.00000	0
216	A	1.00000	0	0.00000	0
217	G	1.00000	0	0.00000	0
218	F	1.00000	0	0.00000	0
219	I	1.00000	0	0.00000	0
220	A	1.00000	0	0.00000	0
221	T	1.00000	0	0.00000	0
222	S	1.00000	0	0.00000	0
223	S	1.00000	0	0.00000	0
224	R	1.00000	0	0.00000	0
225	G	1.00000	0	0.00000	0
226	T	1.00000	0	0.00000	0
227	G	1.00000	0	0.00000	0
228	H	1.00000	0	0.00000	0
229	S	1.00000	0	0.00000	0
230	R	1.00000	0	0.00000	0
231	R	1.00000	0	0.00000	0
232	T	1.00000	0	0.00000	0
233	G	1.00000	0	0.00000	0
234	L	1.00000	0	0.00000	0
235	A	1.00000	0	0.00000	0
236	C	1.00000	0	0.00000	0
237	R	1.00000	0	0.00000	0
238	T	1.00000	0	0.00000	0
239	S	1.00000	0	0.00000	0
240	L	1.00000	0	0.00000	0
241	P	1.00000	0	0.00000	0
242	G	1.00000	0	0.00000	0
243	L	1.00000	0	0.00000	0
244	K	1.00000	0	0.00000	0
245	E	1.00000	0	0.00000	0
246	P	1.00000	0	0.00000	0
247	A	1.00000	0	0.00000	0
248	A	1.00000	0	0.00000	0
249	S	1.00000	0	0.00000	0
250	L	1.00000	0	0.00000	0
251	H	1.00000	0	0.00000	0
252	S	1.00000	0	0.00000	0
253	E	1.00000	0	0.00000	0
254	S	1.00000	0	0.00000	0
255	P	1.00000	0	0.00000	0
256	R	1.00000	0	0.00000	0
257	G	1.00000	0	0.00000	0
258	K	1.00000	0	0.00000	0
259	S	1.00000	0	0.00000	0
260	S	1.00000	0	0.00000	0
261	L	1.00000	0	0.00000	0
262	L	1.00000	0	0.00000	0
263	V	1.00000	0	0.00000	0
264	S	1.00000	0	0.00000	0
265	L	1.00000	0	0.00000	0
266	R	1.00000	0	0.00000	0
267	T	1.00000	0	0.00000	0
268	H	1.00000	0	0.00000	0
269	M	1.00000	0	0.00000	0
270	S	1.00000	0	0.00000	0
271	G	1.00000	0	0.00000	0
272	S	1.00000	0	0.00000	0
273	I	1.00000	0	0.00000	0
274	I	1.00000	0	0.00000	0
275	A	1.00000	0	0.00000	0
276	F	1.00000	0	0.00000	0
277	K	1.00000	0	0.00000	0
278	V	1.00000	0	0.00000	0
279	G	1.00000	0	0.00000	0
280	S	1.00000	0	0.00000	0
281	F	1.00000	0	0.00000	0
282	C	1.00000	0	0.00000	0
283	R	1.00000	0	0.00000	0
284	S	1.00000	0	0.00000	0
285	E	1.00000	0	0.00000	0
286	S	1.00000	0	0.00000	0
287	P	1.00000	0	0.00000	0
288	V	1.00000	0	0.00000	0
289	L	1.00000	0	0.00000	0
290	H	1.00000	0	0.00000	0
291	Q	1.00000	0	0.00000	0
292	R	1.00000	0	0.00000	0
293	E	1.00000	0	0.00000	0
294	H	1.00000	0	0.00000	0
295	V	1.00000	0	0.00000	0
296	E	1.00000	0	0.00000	0
297	L	1.00000	0	0.00000	0
298	L	1.00000	0	0.00000	0
299	R	1.00000	0	0.00000	0
300	G	0.99983	0	0.00017	0
301	R	0.98941	0	0.01059	0
302	K	0.98918	0	0.01082	0
303	L	0.95506	0	0.04494	0
304	A	0.92862	0	0.07138	0
305	R	0.92830	0	0.07170	0
306	S	0.92675	0	0.07325	0
307	L	0.01428	0	0.98572	0
308	A	0.00117	0	0.99883	0
309	V	0.00041	0	0.99959	0
310	L	0.00001	0	0.99999	0
311	L	0.00001	0	0.99999	0
312	S	0.00000	0	1.00000	0
313	A	0.00000	0	1.00000	0
314	F	0.00000	0	1.00000	0
315	A	0.00000	0	1.00000	0
316	I	0.00000	0	1.00000	0
317	C	0.00000	0	1.00000	0
318	W	0.00000	0	1.00000	0
319	A	0.00000	0	1.00000	0
320	P	0.00000	0	1.00000	0
321	Y	0.00000	0	1.00000	0
322	C	0.00000	0	1.00000	0
323	L	0.00000	1e-05	0.99999	0
324	F	0.00000	8e-05	0.99992	0
325	T	0.00000	0.00042	0.99958	0
326	I	0.00000	0.00098	0.99902	0
327	V	0.00000	0.00183	0.99817	0
328	L	0.00000	0.04475	0.95525	0
329	S	0.00000	0.41066	0.58934	0
330	T	0.00000	0.65005	0.34995	0
331	Y	0.00000	0.80914	0.19086	0
332	R	0.00000	0.99134	0.00866	0
333	R	0.00000	0.99967	0.00033	0
334	G	0.00000	0.99994	0.00006	0
335	E	0.00000	1	0.00000	0
336	R	0.00000	1	0.00000	0
337	P	0.00000	0.99998	0.00002	0
338	K	0.00000	0.99949	0.00051	0
339	S	0.00000	0.99868	0.00132	0
340	I	0.00000	0.98922	0.01078	0
341	W	0.00000	0.98661	0.01339	0
342	Y	0.00000	0.98574	0.01426	0
343	S	0.00000	0.88622	0.11378	0
344	I	0.00000	0.41318	0.58682	0
345	A	0.00000	0.36683	0.63317	0
346	F	0.00000	0.00194	0.99806	0
347	W	0.00000	0	1.00000	0
348	L	0.00000	0	1.00000	0
349	Q	0.00000	0	1.00000	0
350	W	0.00000	0	1.00000	0
351	F	0.00000	0	1.00000	0
352	N	0.00000	0	1.00000	0
353	S	0.00000	0	1.00000	0
354	L	0.00000	0	1.00000	0
355	I	0.00000	0	1.00000	0
356	N	0.00000	0	1.00000	0
357	P	0.00000	0	1.00000	0
358	F	0.00000	0	1.00000	0
359	L	0.00001	0	0.99999	0
360	Y	0.00004	0	0.99996	0
361	P	0.00019	0	0.99981	0
362	L	0.00330	0	0.99670	0
363	C	0.08062	0	0.91938	0
364	H	0.19787	0	0.80213	0
365	R	1.00000	0	0.00000	0
366	R	1.00000	0	0.00000	0
367	F	1.00000	0	0.00000	0
368	Q	1.00000	0	0.00000	0
369	K	1.00000	0	0.00000	0
370	A	1.00000	0	0.00000	0
371	F	1.00000	0	0.00000	0
372	W	1.00000	0	0.00000	0
373	K	1.00000	0	0.00000	0
374	I	1.00000	0	0.00000	0
375	L	1.00000	0	0.00000	0
376	C	1.00000	0	0.00000	0
377	V	1.00000	0	0.00000	0
378	T	1.00000	0	0.00000	0
379	K	1.00000	0	0.00000	0
380	Q	1.00000	0	0.00000	0
381	P	1.00000	0	0.00000	0
382	A	1.00000	0	0.00000	0
383	P	1.00000	0	0.00000	0
384	S	1.00000	0	0.00000	0
385	Q	1.00000	0	0.00000	0
386	T	1.00000	0	0.00000	0
387	Q	1.00000	0	0.00000	0
388	S	1.00000	0	0.00000	0
389	V	1.00000	0	0.00000	0
390	S	1.00000	0	0.00000	0
391	S	1.00000	0	0.00000	0
