# UNNAMED
#pos	aa	i	o	M	S
1	M	0.00000	0.99999	0.00000	1e-05
2	H	0.00000	0.99999	0.00000	1e-05
3	L	0.00000	0.99999	0.00000	1e-05
4	C	0.00000	0.99999	0.00000	1e-05
5	H	0.00000	0.99999	0.00000	1e-05
6	N	0.00000	0.99999	0.00000	1e-05
7	S	0.00000	0.99999	0.00000	1e-05
8	A	0.00000	0.99999	0.00000	1e-05
9	N	0.00000	0.99999	0.00000	1e-05
10	I	0.00000	0.99999	0.00000	1e-05
11	S	0.00000	0.99999	0.00000	1e-05
12	H	0.00000	0.99999	0.00000	1e-05
13	T	0.00000	0.99999	0.00000	1e-05
14	N	0.00000	1	0.00000	0
15	S	0.00000	1	0.00000	0
16	N	0.00000	1	0.00000	0
17	W	0.00000	1	0.00000	0
18	S	0.00000	1	0.00000	0
19	R	0.00000	1	0.00000	0
20	D	0.00000	1	0.00000	0
21	V	0.00000	0.99981	0.00019	0
22	R	0.00000	0.99481	0.00519	0
23	A	0.00000	0.89245	0.10755	0
24	S	0.00000	0.82149	0.17851	0
25	L	0.00000	0.28166	0.71834	0
26	Y	0.00000	0.15935	0.84065	0
27	S	0.00000	0.14153	0.85847	0
28	L	0.00000	0.06291	0.93709	0
29	I	0.00000	0.01051	0.98949	0
30	S	0.00000	0.00799	0.99201	0
31	L	0.00000	0.00172	0.99828	0
32	I	0.00000	2e-05	0.99998	0
33	I	0.00000	0	1.00000	0
34	L	0.00000	0	1.00000	0
35	T	0.00000	0	1.00000	0
36	T	0.00000	0	1.00000	0
37	L	0.00000	0	1.00000	0
38	V	0.00000	0	1.00000	0
39	G	0.00000	0	1.00000	0
40	N	0.00000	0	1.00000	0
41	L	0.00000	0	1.00000	0
42	I	0.00000	0	1.00000	0
43	V	0.00000	0	1.00000	0
44	I	0.00001	0	0.99999	0
45	I	0.00106	0	0.99894	0
46	S	0.15283	0	0.84717	0
47	I	0.21579	0	0.78421	0
48	S	0.75746	0	0.24254	0
49	H	0.85494	0	0.14506	0
50	F	0.89031	0	0.10969	0
51	K	0.99390	0	0.00610	0
52	Q	0.99978	0	0.00022	0
53	L	0.99983	0	0.00017	0
54	H	1.00000	0	0.00000	0
55	T	1.00000	0	0.00000	0
56	P	1.00000	0	0.00000	0
57	T	0.99748	0	0.00252	0
58	N	0.39869	0	0.60131	0
59	W	0.28803	0	0.71197	0
60	L	0.00412	0	0.99588	0
61	L	0.00017	0	0.99983	0
62	H	0.00001	0	0.99999	0
63	S	0.00000	0	1.00000	0
64	M	0.00000	0	1.00000	0
65	A	0.00000	0	1.00000	0
66	V	0.00000	0	1.00000	0
67	V	0.00000	0	1.00000	0
68	D	0.00000	0	1.00000	0
69	F	0.00000	0	1.00000	0
70	L	0.00000	0	1.00000	0
71	L	0.00000	0	1.00000	0
72	G	0.00000	0	1.00000	0
73	C	0.00000	0	1.00000	0
74	L	0.00000	0	1.00000	0
75	V	0.00000	0	1.00000	0
76	M	0.00000	0	1.00000	0
77	P	0.00000	0.00018	0.99982	0
78	Y	0.00000	0.00073	0.99927	0
79	S	0.00000	0.15681	0.84319	0
80	M	0.00000	0.22774	0.77226	0
81	V	0.00000	0.51683	0.48317	0
82	R	0.00000	0.9998	0.00020	0
83	T	0.00000	0.99987	0.00013	0
84	V	0.00000	0.99988	0.00012	0
85	E	0.00000	1	0.00000	0
86	H	0.00000	1	0.00000	0
87	C	0.00000	1	0.00000	0
88	W	0.00000	1	0.00000	0
89	Y	0.00000	1	0.00000	0
90	F	0.00000	1	0.00000	0
91	G	0.00000	1	0.00000	0
92	E	0.00000	1	0.00000	0
93	L	0.00000	0.99999	0.00001	0
94	F	0.00000	0.99987	0.00013	0
95	C	0.00000	0.99985	0.00015	0
96	K	0.00000	0.99975	0.00025	0
97	L	0.00000	0.99668	0.00332	0
98	H	0.00000	0.72209	0.27791	0
99	T	0.00000	0.41362	0.58638	0
100	S	0.00000	0.18492	0.81508	0
101	T	0.00000	0.0158	0.98420	0
102	D	0.00000	0.00172	0.99828	0
103	I	0.00000	3e-05	0.99997	0
104	M	0.00000	0	1.00000	0
105	L	0.00000	0	1.00000	0
106	S	0.00000	0	1.00000	0
107	S	0.00000	0	1.00000	0
108	A	0.00000	0	1.00000	0
109	S	0.00000	0	1.00000	0
110	I	0.00000	0	1.00000	0
111	L	0.00000	0	1.00000	0
112	H	0.00000	0	1.00000	0
113	L	0.00000	0	1.00000	0
114	A	0.00000	0	1.00000	0
115	F	0.00000	0	1.00000	0
116	I	0.00000	0	1.00000	0
117	S	0.00003	0	0.99997	0
118	I	0.00006	0	0.99994	0
119	D	0.00052	0	0.99948	0
120	R	0.14881	0	0.85119	0
121	Y	0.90400	0	0.09600	0
122	Y	0.96821	0	0.03179	0
123	A	0.99542	0	0.00458	0
124	V	1.00000	0	0.00000	0
125	C	1.00000	0	0.00000	0
126	D	1.00000	0	0.00000	0
127	P	1.00000	0	0.00000	0
128	L	1.00000	0	0.00000	0
129	R	1.00000	0	0.00000	0
130	Y	1.00000	0	0.00000	0
131	K	1.00000	0	0.00000	0
132	A	0.99999	0	0.00001	0
133	K	0.99990	0	0.00010	0
134	I	0.94627	0	0.05373	0
135	N	0.93235	0	0.06765	0
136	L	0.64182	0	0.35818	0
137	A	0.46048	0	0.53952	0
138	A	0.19779	0	0.80221	0
139	I	0.02790	0	0.97210	0
140	F	0.00205	0	0.99795	0
141	V	0.00007	0	0.99993	0
142	M	0.00002	0	0.99998	0
143	I	0.00000	0	1.00000	0
144	L	0.00000	0	1.00000	0
145	I	0.00000	0	1.00000	0
146	S	0.00000	0	1.00000	0
147	W	0.00000	0	1.00000	0
148	S	0.00000	0	1.00000	0
149	L	0.00000	0	1.00000	0
150	P	0.00000	0	1.00000	0
151	A	0.00000	0	1.00000	0
152	V	0.00000	0	1.00000	0
153	F	0.00000	1e-05	0.99999	0
154	A	0.00000	0.00044	0.99956	0
155	F	0.00000	0.00355	0.99645	0
156	G	0.00000	0.04995	0.95005	0
157	M	0.00000	0.0613	0.93870	0
158	I	0.00000	0.13312	0.86688	0
159	F	0.00000	0.28305	0.71695	0
160	L	0.00000	0.53312	0.46688	0
161	E	0.00000	0.98007	0.01993	0
162	L	0.00000	0.991	0.00900	0
163	N	0.00000	0.99951	0.00049	0
164	L	0.00000	0.99979	0.00021	0
165	E	0.00000	1	0.00000	0
166	G	0.00000	1	0.00000	0
167	V	0.00000	1	0.00000	0
168	E	0.00000	1	0.00000	0
169	E	0.00000	1	0.00000	0
170	Q	0.00000	1	0.00000	0
171	Y	0.00000	1	0.00000	0
172	H	0.00000	1	0.00000	0
173	N	0.00000	1	0.00000	0
174	Q	0.00000	1	0.00000	0
175	V	0.00000	1	0.00000	0
176	F	0.00000	1	0.00000	0
177	C	0.00000	1	0.00000	0
178	L	0.00000	1	0.00000	0
179	R	0.00000	1	0.00000	0
180	G	0.00000	1	0.00000	0
181	C	0.00000	0.99997	0.00003	0
182	F	0.00000	0.95925	0.04075	0
183	P	0.00000	0.95912	0.04088	0
184	F	0.00000	0.95429	0.04571	0
185	F	0.00000	0.95208	0.04792	0
186	S	0.00000	0.95203	0.04797	0
187	K	0.00000	0.95201	0.04799	0
188	V	0.00000	0.93434	0.06566	0
189	S	0.00000	0.92835	0.07165	0
190	G	0.00000	0.73639	0.26361	0
191	V	0.00000	0.41056	0.58944	0
192	L	0.00000	0.00388	0.99612	0
193	A	0.00000	0.00199	0.99801	0
194	F	0.00000	2e-05	0.99998	0
195	M	0.00000	0	1.00000	0
196	T	0.00000	0	1.00000	0
197	S	0.00000	0	1.00000	0
198	F	0.00000	0	1.00000	0
199	Y	0.00000	0	1.00000	0
200	I	0.00000	0	1.00000	0
201	P	0.00000	0	1.00000	0
202	G	0.00000	0	1.00000	0
203	S	0.00000	0	1.00000	0
204	V	0.00000	0	1.00000	0
205	M	0.00000	0	1.00000	0
206	L	0.00000	0	1.00000	0
207	F	0.00006	0	0.99994	0
208	V	0.00082	0	0.99918	0
209	Y	0.00552	0	0.99448	0
210	Y	0.01683	0	0.98317	0
211	R	0.04872	0	0.95128	0
212	I	0.04972	0	0.95028	0
213	Y	0.05927	0	0.94073	0
214	F	0.17755	0	0.82245	0
215	I	0.53113	0	0.46887	0
216	A	0.99453	0	0.00547	0
217	K	0.99987	0	0.00013	0
218	G	0.99999	0	0.00001	0
219	Q	1.00000	0	0.00000	0
220	A	1.00000	0	0.00000	0
221	R	1.00000	0	0.00000	0
222	S	1.00000	0	0.00000	0
223	I	1.00000	0	0.00000	0
224	N	1.00000	0	0.00000	0
225	R	1.00000	0	0.00000	0
226	A	1.00000	0	0.00000	0
227	N	1.00000	0	0.00000	0
228	L	1.00000	0	0.00000	0
229	Q	1.00000	0	0.00000	0
230	V	1.00000	0	0.00000	0
231	G	1.00000	0	0.00000	0
232	L	1.00000	0	0.00000	0
233	E	1.00000	0	0.00000	0
234	G	1.00000	0	0.00000	0
235	E	1.00000	0	0.00000	0
236	S	1.00000	0	0.00000	0
237	R	1.00000	0	0.00000	0
238	A	1.00000	0	0.00000	0
239	P	1.00000	0	0.00000	0
240	Q	1.00000	0	0.00000	0
241	S	1.00000	0	0.00000	0
242	K	1.00000	0	0.00000	0
243	E	1.00000	0	0.00000	0
244	T	0.98232	0	0.01768	0
245	K	0.98167	0	0.01833	0
246	A	0.53612	0	0.46388	0
247	A	0.53430	0	0.46570	0
248	K	0.49113	0	0.50887	0
249	T	0.37927	0	0.62073	0
250	L	0.01253	0	0.98747	0
251	G	0.00291	0	0.99709	0
252	I	0.00110	0	0.99890	0
253	M	0.00104	0	0.99896	0
254	V	0.00101	0	0.99899	0
255	G	0.00012	0	0.99988	0
256	V	0.00003	0	0.99997	0
257	F	0.00000	0	1.00000	0
258	L	0.00000	0	1.00000	0
259	L	0.00000	0	1.00000	0
260	C	0.00000	0	1.00000	0
261	W	0.00000	0	1.00000	0
262	C	0.00000	0	1.00000	0
263	P	0.00000	0	1.00000	0
264	F	0.00000	0	1.00000	0
265	F	0.00000	0	1.00000	0
266	F	0.00000	5e-05	0.99995	0
267	C	0.00000	0.00083	0.99917	0
268	M	0.00000	0.00264	0.99736	0
269	V	0.00000	0.03857	0.96143	0
270	L	0.00000	0.14742	0.85258	0
271	D	0.00000	0.69418	0.30582	0
272	P	0.00000	0.69566	0.30434	0
273	F	0.00000	0.70049	0.29951	0
274	L	0.00000	0.71406	0.28594	0
275	G	0.00000	0.77142	0.22858	0
276	Y	0.00000	0.78298	0.21702	0
277	V	0.00000	0.80833	0.19167	0
278	I	0.00000	0.8798	0.12020	0
279	P	0.00000	0.9838	0.01620	0
280	P	0.00000	0.99652	0.00348	0
281	T	0.00000	0.99962	0.00038	0
282	L	0.00000	0.99966	0.00034	0
283	N	0.00000	0.99983	0.00017	0
284	D	0.00000	0.98121	0.01879	0
285	T	0.00000	0.3015	0.69850	0
286	L	0.00000	0.16186	0.83814	0
287	N	0.00000	0.11949	0.88051	0
288	W	0.00000	0.01049	0.98951	0
289	F	0.00000	5e-05	0.99995	0
290	G	0.00000	1e-05	0.99999	0
291	Y	0.00000	0	1.00000	0
292	L	0.00000	0	1.00000	0
293	N	0.00000	0	1.00000	0
294	S	0.00000	0	1.00000	0
295	A	0.00000	0	1.00000	0
296	F	0.00000	0	1.00000	0
297	N	0.00000	0	1.00000	0
298	P	0.00000	0	1.00000	0
299	M	0.00000	0	1.00000	0
300	V	0.00000	0	1.00000	0
301	Y	0.00000	0	1.00000	0
302	A	0.00000	0	1.00000	0
303	F	0.00001	0	0.99999	0
304	F	0.00036	0	0.99964	0
305	Y	0.01148	0	0.98852	0
306	P	0.08313	0	0.91687	0
307	W	0.15274	0	0.84726	0
308	F	0.35075	0	0.64925	0
309	R	1.00000	0	0.00000	0
310	R	1.00000	0	0.00000	0
311	A	1.00000	0	0.00000	0
312	L	1.00000	0	0.00000	0
313	K	1.00000	0	0.00000	0
314	M	1.00000	0	0.00000	0
315	V	1.00000	0	0.00000	0
316	L	1.00000	0	0.00000	0
317	F	1.00000	0	0.00000	0
318	G	1.00000	0	0.00000	0
319	K	1.00000	0	0.00000	0
320	I	1.00000	0	0.00000	0
321	F	1.00000	0	0.00000	0
322	Q	1.00000	0	0.00000	0
323	K	1.00000	0	0.00000	0
324	D	1.00000	0	0.00000	0
325	S	1.00000	0	0.00000	0
326	S	1.00000	0	0.00000	0
327	R	1.00000	0	0.00000	0
328	S	1.00000	0	0.00000	0
329	K	1.00000	0	0.00000	0
330	L	1.00000	0	0.00000	0
331	F	1.00000	0	0.00000	0
332	L	1.00000	0	0.00000	0
