# UNNAMED
#pos	aa	i	o	M	S
1	M	0.00000	1	0.00000	0
2	S	0.00000	1	0.00000	0
3	E	0.00000	1	0.00000	0
4	S	0.00000	1	0.00000	0
5	N	0.00000	1	0.00000	0
6	S	0.00000	1	0.00000	0
7	T	0.00000	1	0.00000	0
8	G	0.00000	0.99999	0.00001	0
9	I	0.00000	0.99995	0.00005	0
10	L	0.00000	0.99994	0.00006	0
11	P	0.00000	0.99989	0.00011	0
12	P	0.00000	0.99947	0.00053	0
13	A	0.00000	0.98728	0.01272	0
14	A	0.00000	0.97283	0.02717	0
15	Q	0.00000	0.95327	0.04673	0
16	V	0.00000	0.63896	0.36104	0
17	P	0.00000	0.5164	0.48360	0
18	L	0.00000	0.18669	0.81331	0
19	A	0.00000	0.08264	0.91736	0
20	F	0.00000	0.04464	0.95536	0
21	L	0.00000	0.02962	0.97038	0
22	M	0.00000	0.02474	0.97526	0
23	S	0.00000	0.01249	0.98751	0
24	S	0.00000	0.00451	0.99549	0
25	F	0.00000	1e-05	0.99999	0
26	A	0.00000	0	1.00000	0
27	F	0.00000	0	1.00000	0
28	A	0.00000	0	1.00000	0
29	I	0.00000	0	1.00000	0
30	M	0.00000	0	1.00000	0
31	V	0.00000	0	1.00000	0
32	G	0.00000	0	1.00000	0
33	N	0.00000	0	1.00000	0
34	A	0.00000	0	1.00000	0
35	V	0.00000	0	1.00000	0
36	V	0.00000	0	1.00000	0
37	I	0.00000	0	1.00000	0
38	L	0.00013	0	0.99987	0
39	A	0.00543	0	0.99457	0
40	F	0.02343	0	0.97657	0
41	V	0.16004	0	0.83996	0
42	V	0.50503	0	0.49497	0
43	D	0.99534	0	0.00466	0
44	R	0.99980	0	0.00020	0
45	N	0.99998	0	0.00002	0
46	L	0.99999	0	0.00001	0
47	R	1.00000	0	0.00000	0
48	H	0.99999	0	0.00001	0
49	R	0.99998	0	0.00002	0
50	S	0.99450	0	0.00550	0
51	N	0.89919	0	0.10081	0
52	Y	0.35183	0	0.64817	0
53	F	0.00451	0	0.99549	0
54	F	0.00049	0	0.99951	0
55	L	0.00000	0	1.00000	0
56	N	0.00000	0	1.00000	0
57	L	0.00000	0	1.00000	0
58	A	0.00000	0	1.00000	0
59	I	0.00000	0	1.00000	0
60	S	0.00000	0	1.00000	0
61	D	0.00000	0	1.00000	0
62	F	0.00000	0	1.00000	0
63	L	0.00000	0	1.00000	0
64	V	0.00000	0	1.00000	0
65	G	0.00000	0	1.00000	0
66	L	0.00000	0	1.00000	0
67	I	0.00000	0	1.00000	0
68	S	0.00000	0	1.00000	0
69	I	0.00000	2e-05	0.99998	0
70	P	0.00000	0.00069	0.99931	0
71	L	0.00000	0.00386	0.99614	0
72	Y	0.00000	0.04828	0.95172	0
73	I	0.00000	0.06753	0.93247	0
74	P	0.00000	0.50862	0.49138	0
75	H	0.00000	0.99994	0.00006	0
76	V	0.00000	0.99995	0.00005	0
77	L	0.00000	0.99996	0.00004	0
78	F	0.00000	0.99998	0.00002	0
79	N	0.00000	1	0.00000	0
80	W	0.00000	1	0.00000	0
81	N	0.00000	1	0.00000	0
82	F	0.00000	1	0.00000	0
83	G	0.00000	1	0.00000	0
84	S	0.00000	1	0.00000	0
85	G	0.00000	0.99998	0.00002	0
86	I	0.00000	0.99994	0.00006	0
87	C	0.00000	0.99991	0.00009	0
88	M	0.00000	0.99786	0.00214	0
89	F	0.00000	0.99736	0.00264	0
90	W	0.00000	0.94963	0.05037	0
91	L	0.00000	0.27373	0.72627	0
92	I	0.00000	0.05053	0.94947	0
93	T	0.00000	0.0065	0.99350	0
94	D	0.00000	0.0022	0.99780	0
95	Y	0.00000	0.00014	0.99986	0
96	L	0.00000	0	1.00000	0
97	L	0.00000	0	1.00000	0
98	C	0.00000	0	1.00000	0
99	T	0.00000	0	1.00000	0
100	A	0.00000	0	1.00000	0
101	S	0.00000	0	1.00000	0
102	V	0.00000	0	1.00000	0
103	Y	0.00000	0	1.00000	0
104	N	0.00000	0	1.00000	0
105	I	0.00000	0	1.00000	0
106	V	0.00000	0	1.00000	0
107	L	0.00000	0	1.00000	0
108	I	0.00000	0	1.00000	0
109	S	0.00000	0	1.00000	0
110	Y	0.00001	0	0.99999	0
111	D	0.00002	0	0.99998	0
112	R	0.00567	0	0.99433	0
113	Y	0.03951	0	0.96049	0
114	Q	0.11150	0	0.88850	0
115	S	0.86865	0	0.13135	0
116	V	0.99996	0	0.00004	0
117	S	1.00000	0	0.00000	0
118	N	1.00000	0	0.00000	0
119	A	1.00000	0	0.00000	0
120	V	1.00000	0	0.00000	0
121	S	1.00000	0	0.00000	0
122	Y	1.00000	0	0.00000	0
123	R	1.00000	0	0.00000	0
124	A	1.00000	0	0.00000	0
125	Q	1.00000	0	0.00000	0
126	H	0.99996	0	0.00004	0
127	T	0.99841	0	0.00159	0
128	G	0.99330	0	0.00670	0
129	I	0.97731	0	0.02269	0
130	M	0.96701	0	0.03299	0
131	K	0.95235	0	0.04765	0
132	I	0.08964	0	0.91036	0
133	V	0.01114	0	0.98886	0
134	A	0.00351	0	0.99649	0
135	Q	0.00158	0	0.99842	0
136	M	0.00002	0	0.99998	0
137	V	0.00000	0	1.00000	0
138	A	0.00000	0	1.00000	0
139	V	0.00000	0	1.00000	0
140	W	0.00000	0	1.00000	0
141	I	0.00000	0	1.00000	0
142	L	0.00000	0	1.00000	0
143	A	0.00000	0	1.00000	0
144	F	0.00000	0	1.00000	0
145	L	0.00000	0	1.00000	0
146	V	0.00000	3e-05	0.99997	0
147	N	0.00000	0.0019	0.99810	0
148	G	0.00000	0.00361	0.99639	0
149	P	0.00000	0.00478	0.99522	0
150	M	0.00000	0.00533	0.99467	0
151	I	0.00000	0.00836	0.99164	0
152	L	0.00000	0.02467	0.97533	0
153	A	0.00000	0.13628	0.86372	0
154	S	0.00000	0.70308	0.29692	0
155	D	0.00000	0.99974	0.00026	0
156	S	0.00000	0.9999	0.00010	0
157	W	0.00000	0.99996	0.00004	0
158	K	0.00000	1	0.00000	0
159	N	0.00000	1	0.00000	0
160	S	0.00000	1	0.00000	0
161	T	0.00000	1	0.00000	0
162	N	0.00000	1	0.00000	0
163	T	0.00000	1	0.00000	0
164	K	0.00000	1	0.00000	0
165	D	0.00000	1	0.00000	0
166	C	0.00000	1	0.00000	0
167	E	0.00000	1	0.00000	0
168	P	0.00000	1	0.00000	0
169	G	0.00000	1	0.00000	0
170	F	0.00000	0.99998	0.00002	0
171	V	0.00000	0.99998	0.00002	0
172	T	0.00000	0.99997	0.00003	0
173	E	0.00000	0.99995	0.00005	0
174	W	0.00000	0.99974	0.00026	0
175	Y	0.00000	0.99832	0.00168	0
176	I	0.00000	0.98828	0.01172	0
177	L	0.00000	0.98771	0.01229	0
178	T	0.00000	0.98739	0.01261	0
179	I	0.00000	0.00366	0.99634	0
180	T	0.00000	0.00222	0.99778	0
181	M	0.00000	0.00094	0.99906	0
182	L	0.00000	0.0008	0.99920	0
183	L	0.00000	0	1.00000	0
184	E	0.00000	0	1.00000	0
185	F	0.00000	0	1.00000	0
186	L	0.00000	0	1.00000	0
187	L	0.00000	0	1.00000	0
188	P	0.00000	0	1.00000	0
189	V	0.00000	0	1.00000	0
190	I	0.00000	0	1.00000	0
191	S	0.00000	0	1.00000	0
192	V	0.00000	0	1.00000	0
193	A	0.00000	0	1.00000	0
194	Y	0.00000	0	1.00000	0
195	F	0.00000	0	1.00000	0
196	N	0.00004	0	0.99996	0
197	V	0.00008	0	0.99992	0
198	Q	0.00060	0	0.99940	0
199	I	0.00062	0	0.99938	0
200	Y	0.00067	0	0.99933	0
201	W	0.00144	0	0.99856	0
202	S	0.03485	0	0.96515	0
203	L	0.04469	0	0.95531	0
204	W	0.14917	0	0.85083	0
205	K	0.99575	0	0.00425	0
206	R	0.99990	0	0.00010	0
207	R	0.99999	0	0.00001	0
208	A	1.00000	0	0.00000	0
209	L	1.00000	0	0.00000	0
210	S	1.00000	0	0.00000	0
211	R	1.00000	0	0.00000	0
212	C	1.00000	0	0.00000	0
213	P	1.00000	0	0.00000	0
214	S	1.00000	0	0.00000	0
215	H	1.00000	0	0.00000	0
216	A	1.00000	0	0.00000	0
217	G	1.00000	0	0.00000	0
218	F	1.00000	0	0.00000	0
219	S	1.00000	0	0.00000	0
220	T	1.00000	0	0.00000	0
221	T	1.00000	0	0.00000	0
222	S	1.00000	0	0.00000	0
223	S	1.00000	0	0.00000	0
224	S	1.00000	0	0.00000	0
225	A	1.00000	0	0.00000	0
226	S	1.00000	0	0.00000	0
227	G	1.00000	0	0.00000	0
228	H	1.00000	0	0.00000	0
229	L	1.00000	0	0.00000	0
230	H	1.00000	0	0.00000	0
231	R	1.00000	0	0.00000	0
232	A	1.00000	0	0.00000	0
233	G	1.00000	0	0.00000	0
234	V	1.00000	0	0.00000	0
235	A	1.00000	0	0.00000	0
236	C	1.00000	0	0.00000	0
237	R	1.00000	0	0.00000	0
238	T	1.00000	0	0.00000	0
239	S	1.00000	0	0.00000	0
240	N	1.00000	0	0.00000	0
241	P	1.00000	0	0.00000	0
242	G	1.00000	0	0.00000	0
243	L	1.00000	0	0.00000	0
244	K	1.00000	0	0.00000	0
245	E	1.00000	0	0.00000	0
246	S	1.00000	0	0.00000	0
247	A	1.00000	0	0.00000	0
248	A	1.00000	0	0.00000	0
249	S	1.00000	0	0.00000	0
250	R	1.00000	0	0.00000	0
251	H	1.00000	0	0.00000	0
252	S	1.00000	0	0.00000	0
253	E	1.00000	0	0.00000	0
254	S	1.00000	0	0.00000	0
255	P	1.00000	0	0.00000	0
256	R	1.00000	0	0.00000	0
257	R	1.00000	0	0.00000	0
258	K	1.00000	0	0.00000	0
259	S	1.00000	0	0.00000	0
260	S	1.00000	0	0.00000	0
261	I	1.00000	0	0.00000	0
262	L	1.00000	0	0.00000	0
263	V	1.00000	0	0.00000	0
264	S	1.00000	0	0.00000	0
265	L	1.00000	0	0.00000	0
266	R	1.00000	0	0.00000	0
267	T	1.00000	0	0.00000	0
268	H	1.00000	0	0.00000	0
269	M	1.00000	0	0.00000	0
270	N	1.00000	0	0.00000	0
271	S	1.00000	0	0.00000	0
272	S	1.00000	0	0.00000	0
273	I	1.00000	0	0.00000	0
274	T	1.00000	0	0.00000	0
275	A	1.00000	0	0.00000	0
276	F	1.00000	0	0.00000	0
277	K	1.00000	0	0.00000	0
278	V	1.00000	0	0.00000	0
279	G	1.00000	0	0.00000	0
280	S	1.00000	0	0.00000	0
281	F	1.00000	0	0.00000	0
282	W	1.00000	0	0.00000	0
283	R	1.00000	0	0.00000	0
284	S	1.00000	0	0.00000	0
285	E	1.00000	0	0.00000	0
286	S	1.00000	0	0.00000	0
287	A	1.00000	0	0.00000	0
288	A	1.00000	0	0.00000	0
289	L	1.00000	0	0.00000	0
290	R	1.00000	0	0.00000	0
291	Q	1.00000	0	0.00000	0
292	R	1.00000	0	0.00000	0
293	E	1.00000	0	0.00000	0
294	Y	1.00000	0	0.00000	0
295	A	1.00000	0	0.00000	0
296	E	1.00000	0	0.00000	0
297	L	1.00000	0	0.00000	0
298	L	1.00000	0	0.00000	0
299	R	1.00000	0	0.00000	0
300	G	0.99988	0	0.00012	0
301	R	0.99244	0	0.00756	0
302	K	0.99228	0	0.00772	0
303	L	0.96788	0	0.03212	0
304	A	0.96691	0	0.03309	0
305	R	0.96659	0	0.03341	0
306	S	0.96501	0	0.03499	0
307	L	0.01547	0	0.98453	0
308	A	0.00123	0	0.99877	0
309	I	0.00034	0	0.99966	0
310	L	0.00001	0	0.99999	0
311	L	0.00001	0	0.99999	0
312	S	0.00000	0	1.00000	0
313	A	0.00000	0	1.00000	0
314	F	0.00000	0	1.00000	0
315	A	0.00000	0	1.00000	0
316	I	0.00000	0	1.00000	0
317	C	0.00000	0	1.00000	0
318	W	0.00000	0	1.00000	0
319	A	0.00000	0	1.00000	0
320	P	0.00000	0	1.00000	0
321	Y	0.00000	0	1.00000	0
322	C	0.00000	0	1.00000	0
323	L	0.00000	1e-05	0.99999	0
324	F	0.00000	6e-05	0.99994	0
325	T	0.00000	0.00028	0.99972	0
326	I	0.00000	0.00062	0.99938	0
327	V	0.00000	0.00122	0.99878	0
328	L	0.00000	0.03793	0.96207	0
329	S	0.00000	0.38121	0.61879	0
330	T	0.00000	0.61313	0.38687	0
331	Y	0.00000	0.76918	0.23082	0
332	P	0.00000	0.94887	0.05113	0
333	R	0.00000	0.99778	0.00222	0
334	T	0.00000	0.99933	0.00067	0
335	E	0.00000	0.99999	0.00001	0
336	R	0.00000	1	0.00000	0
337	P	0.00000	0.99998	0.00002	0
338	K	0.00000	0.99941	0.00059	0
339	S	0.00000	0.99847	0.00153	0
340	V	0.00000	0.98752	0.01248	0
341	W	0.00000	0.98493	0.01507	0
342	Y	0.00000	0.98406	0.01594	0
343	S	0.00000	0.8849	0.11510	0
344	I	0.00000	0.41298	0.58702	0
345	A	0.00000	0.36669	0.63331	0
346	F	0.00000	0.00194	0.99806	0
347	W	0.00000	0	1.00000	0
348	L	0.00000	0	1.00000	0
349	Q	0.00000	0	1.00000	0
350	W	0.00000	0	1.00000	0
351	F	0.00000	0	1.00000	0
352	N	0.00000	0	1.00000	0
353	S	0.00000	0	1.00000	0
354	F	0.00000	0	1.00000	0
355	V	0.00000	0	1.00000	0
356	N	0.00000	0	1.00000	0
357	P	0.00000	0	1.00000	0
358	F	0.00000	0	1.00000	0
359	L	0.00001	0	0.99999	0
360	Y	0.00005	0	0.99995	0
361	P	0.00023	0	0.99977	0
362	L	0.00363	0	0.99637	0
363	C	0.08183	0	0.91817	0
364	H	0.19896	0	0.80104	0
365	R	1.00000	0	0.00000	0
366	R	1.00000	0	0.00000	0
367	F	1.00000	0	0.00000	0
368	Q	1.00000	0	0.00000	0
369	K	1.00000	0	0.00000	0
370	A	1.00000	0	0.00000	0
371	F	1.00000	0	0.00000	0
372	W	1.00000	0	0.00000	0
373	K	1.00000	0	0.00000	0
374	I	1.00000	0	0.00000	0
375	L	1.00000	0	0.00000	0
376	C	1.00000	0	0.00000	0
377	V	1.00000	0	0.00000	0
378	T	1.00000	0	0.00000	0
379	K	1.00000	0	0.00000	0
380	Q	1.00000	0	0.00000	0
381	P	1.00000	0	0.00000	0
382	A	1.00000	0	0.00000	0
383	L	1.00000	0	0.00000	0
384	S	1.00000	0	0.00000	0
385	Q	1.00000	0	0.00000	0
386	N	1.00000	0	0.00000	0
387	Q	1.00000	0	0.00000	0
388	S	1.00000	0	0.00000	0
389	V	1.00000	0	0.00000	0
390	S	1.00000	0	0.00000	0
391	S	1.00000	0	0.00000	0
