# UNNAMED
#pos	aa	i	o	M	S
1	M	0.00000	0.95372	0.00000	0.04628
2	E	0.00000	0.95372	0.00000	0.04628
3	C	0.00000	0.95372	0.00000	0.04628
4	I	0.00000	0.95372	0.00000	0.04628
5	S	0.00000	0.95372	0.00000	0.04628
6	F	0.00000	0.95372	0.00000	0.04628
7	I	0.00000	0.95372	0.00000	0.04628
8	F	0.00000	0.95372	0.00000	0.04628
9	V	0.00000	0.95372	0.00000	0.04628
10	S	0.00000	0.95372	0.00000	0.04628
11	H	0.00000	0.95372	0.00000	0.04628
12	N	0.00000	0.95372	0.00000	0.04628
13	C	0.00000	0.95372	0.00000	0.04628
14	R	0.00000	0.95372	0.00000	0.04628
15	C	0.00000	0.95372	0.00000	0.04628
16	L	0.00000	0.95396	0.00000	0.04603
17	L	0.00000	0.95396	0.00000	0.04604
18	A	0.00000	0.97663	0.00000	0.02336
19	G	0.00000	0.98787	0.00000	0.01212
20	Q	0.00000	0.99872	0.00000	0.00129
21	K	0.00000	0.99999	0.00000	1e-05
22	S	0.00000	0.99999	0.00000	1e-05
23	L	0.00000	0.99999	0.00000	1e-05
24	K	0.00000	0.99999	0.00000	0
25	H	0.00000	1	0.00000	0
26	Q	0.00000	1	0.00000	0
27	K	0.00000	1	0.00000	0
28	G	0.00000	1	0.00000	0
29	R	0.00000	1	0.00000	0
30	I	0.00000	1	0.00000	0
31	M	0.00000	1	0.00000	0
32	T	0.00000	1	0.00000	0
33	S	0.00000	1	0.00000	0
34	N	0.00000	1	0.00000	0
35	F	0.00000	1	0.00000	0
36	S	0.00000	1	0.00000	0
37	Q	0.00000	1	0.00000	0
38	A	0.00000	1	0.00000	0
39	P	0.00000	1	0.00000	0
40	L	0.00000	1	0.00000	0
41	Q	0.00000	1	0.00000	0
42	L	0.00000	1	0.00000	0
43	C	0.00000	1	0.00000	0
44	Y	0.00000	1	0.00000	0
45	E	0.00000	1	0.00000	0
46	N	0.00000	1	0.00000	0
47	V	0.00000	1	0.00000	0
48	N	0.00000	1	0.00000	0
49	A	0.00000	1	0.00000	0
50	S	0.00000	1	0.00000	0
51	C	0.00000	1	0.00000	0
52	I	0.00000	1	0.00000	0
53	K	0.00000	1	0.00000	0
54	T	0.00000	1	0.00000	0
55	P	0.00000	1	0.00000	0
56	Y	0.00000	1	0.00000	0
57	S	0.00000	0.99999	0.00001	0
58	P	0.00000	0.99994	0.00006	0
59	G	0.00000	0.99978	0.00022	0
60	L	0.00000	0.99944	0.00056	0
61	R	0.00000	0.98473	0.01527	0
62	V	0.00000	0.57486	0.42514	0
63	L	0.00000	0.37212	0.62788	0
64	L	0.00000	0.13196	0.86804	0
65	Y	0.00000	0.06873	0.93127	0
66	M	0.00000	0.0401	0.95990	0
67	V	0.00000	0.00774	0.99226	0
68	F	0.00000	0.00148	0.99852	0
69	G	0.00000	0.00051	0.99949	0
70	F	0.00000	3e-05	0.99997	0
71	G	0.00000	0	1.00000	0
72	A	0.00000	0	1.00000	0
73	V	0.00000	0	1.00000	0
74	L	0.00000	0	1.00000	0
75	A	0.00000	0	1.00000	0
76	V	0.00000	0	1.00000	0
77	C	0.00000	0	1.00000	0
78	G	0.00000	0	1.00000	0
79	N	0.00000	0	1.00000	0
80	L	0.00000	0	1.00000	0
81	L	0.00000	0	1.00000	0
82	V	0.00000	0	1.00000	0
83	V	0.00008	0	0.99992	0
84	I	0.00286	0	0.99714	0
85	S	0.23687	0	0.76313	0
86	V	0.29619	0	0.70381	0
87	L	0.46736	0	0.53264	0
88	H	0.78723	0	0.21277	0
89	F	0.87213	0	0.12787	0
90	K	0.99675	0	0.00325	0
91	Q	0.99998	0	0.00002	0
92	L	0.99999	0	0.00001	0
93	H	1.00000	0	0.00000	0
94	S	1.00000	0	0.00000	0
95	P	1.00000	0	0.00000	0
96	A	0.51943	0	0.48057	0
97	N	0.12042	0	0.87958	0
98	F	0.02200	0	0.97800	0
99	L	0.00039	0	0.99961	0
100	I	0.00000	0	1.00000	0
101	A	0.00000	0	1.00000	0
102	S	0.00000	0	1.00000	0
103	L	0.00000	0	1.00000	0
104	A	0.00000	0	1.00000	0
105	S	0.00000	0	1.00000	0
106	A	0.00000	0	1.00000	0
107	D	0.00000	0	1.00000	0
108	F	0.00000	0	1.00000	0
109	L	0.00000	0	1.00000	0
110	V	0.00000	0	1.00000	0
111	G	0.00000	0	1.00000	0
112	I	0.00000	0	1.00000	0
113	S	0.00000	0	1.00000	0
114	V	0.00000	2e-05	0.99998	0
115	M	0.00000	0.00108	0.99892	0
116	P	0.00000	0.0168	0.98320	0
117	F	0.00000	0.04527	0.95473	0
118	S	0.00000	0.14503	0.85497	0
119	M	0.00000	0.24842	0.75158	0
120	V	0.00000	0.5712	0.42880	0
121	R	0.00000	0.99991	0.00009	0
122	S	0.00000	0.99996	0.00004	0
123	I	0.00000	0.99997	0.00003	0
124	E	0.00000	1	0.00000	0
125	S	0.00000	1	0.00000	0
126	C	0.00000	1	0.00000	0
127	W	0.00000	0.99998	0.00002	0
128	Y	0.00000	0.99988	0.00012	0
129	F	0.00000	0.99922	0.00078	0
130	G	0.00000	0.99918	0.00082	0
131	D	0.00000	0.99911	0.00089	0
132	T	0.00000	0.99823	0.00177	0
133	F	0.00000	0.91519	0.08481	0
134	C	0.00000	0.90544	0.09456	0
135	S	0.00000	0.89344	0.10656	0
136	L	0.00000	0.88925	0.11075	0
137	H	0.00000	0.54848	0.45152	0
138	S	0.00000	0.45383	0.54617	0
139	C	0.00000	0.37478	0.62522	0
140	C	0.00000	0.06861	0.93139	0
141	D	0.00000	0.04582	0.95418	0
142	A	0.00000	0.00101	0.99899	0
143	A	0.00000	1e-05	0.99999	0
144	F	0.00000	0	1.00000	0
145	C	0.00000	0	1.00000	0
146	Y	0.00000	0	1.00000	0
147	S	0.00000	0	1.00000	0
148	S	0.00000	0	1.00000	0
149	L	0.00000	0	1.00000	0
150	F	0.00000	0	1.00000	0
151	H	0.00003	0	0.99997	0
152	L	0.00006	0	0.99994	0
153	C	0.00064	0	0.99936	0
154	F	0.00075	0	0.99925	0
155	I	0.00205	0	0.99795	0
156	S	0.00366	0	0.99634	0
157	V	0.00418	0	0.99582	0
158	D	0.00502	0	0.99498	0
159	R	0.32089	0	0.67911	0
160	Y	0.86530	0	0.13470	0
161	I	0.94077	0	0.05923	0
162	A	0.97525	0	0.02475	0
163	V	0.99994	0	0.00006	0
164	T	1.00000	0	0.00000	0
165	D	1.00000	0	0.00000	0
166	P	1.00000	0	0.00000	0
167	L	1.00000	0	0.00000	0
168	V	1.00000	0	0.00000	0
169	Y	1.00000	0	0.00000	0
170	P	1.00000	0	0.00000	0
171	T	0.99992	0	0.00008	0
172	K	0.99952	0	0.00048	0
173	F	0.89819	0	0.10181	0
174	T	0.84278	0	0.15722	0
175	V	0.63541	0	0.36459	0
176	S	0.50888	0	0.49112	0
177	V	0.16145	0	0.83855	0
178	S	0.12509	0	0.87491	0
179	G	0.05018	0	0.94982	0
180	I	0.00152	0	0.99848	0
181	C	0.00001	0	0.99999	0
182	I	0.00000	0	1.00000	0
183	S	0.00000	0	1.00000	0
184	I	0.00000	0	1.00000	0
185	S	0.00000	0	1.00000	0
186	W	0.00000	0	1.00000	0
187	I	0.00000	0	1.00000	0
188	L	0.00000	0	1.00000	0
189	P	0.00000	0	1.00000	0
190	L	0.00000	0	1.00000	0
191	V	0.00000	1e-05	0.99999	0
192	Y	0.00000	0.00097	0.99903	0
193	S	0.00000	0.0157	0.98430	0
194	S	0.00000	0.03617	0.96383	0
195	A	0.00000	0.06522	0.93478	0
196	V	0.00000	0.13458	0.86542	0
197	F	0.00000	0.32205	0.67795	0
198	Y	0.00000	0.54369	0.45631	0
199	T	0.00000	0.80093	0.19907	0
200	G	0.00000	0.93159	0.06841	0
201	I	0.00000	0.94973	0.05027	0
202	S	0.00000	0.99168	0.00832	0
203	A	0.00000	0.9986	0.00140	0
204	T	0.00000	0.99985	0.00015	0
205	G	0.00000	0.99998	0.00002	0
206	I	0.00000	1	0.00000	0
207	E	0.00000	1	0.00000	0
208	N	0.00000	1	0.00000	0
209	L	0.00000	1	0.00000	0
210	V	0.00000	1	0.00000	0
211	S	0.00000	1	0.00000	0
212	A	0.00000	1	0.00000	0
213	L	0.00000	1	0.00000	0
214	N	0.00000	1	0.00000	0
215	C	0.00000	1	0.00000	0
216	V	0.00000	1	0.00000	0
217	G	0.00000	1	0.00000	0
218	G	0.00000	1	0.00000	0
219	C	0.00000	0.99999	0.00001	0
220	Q	0.00000	0.9999	0.00010	0
221	I	0.00000	0.66286	0.33714	0
222	V	0.00000	0.66272	0.33728	0
223	V	0.00000	0.66267	0.33733	0
224	N	0.00000	0.66266	0.33734	0
225	Q	0.00000	0.66263	0.33737	0
226	D	0.00000	0.22952	0.77048	0
227	W	0.00000	0.14136	0.85864	0
228	V	0.00000	0.08865	0.91135	0
229	L	0.00000	0.06863	0.93137	0
230	I	0.00000	0.06272	0.93728	0
231	D	0.00000	0.06243	0.93757	0
232	F	0.00000	0.02778	0.97222	0
233	L	0.00000	1e-05	0.99999	0
234	L	0.00000	0	1.00000	0
235	F	0.00000	0	1.00000	0
236	L	0.00000	0	1.00000	0
237	I	0.00000	0	1.00000	0
238	P	0.00000	0	1.00000	0
239	T	0.00000	0	1.00000	0
240	L	0.00000	0	1.00000	0
241	V	0.00000	0	1.00000	0
242	M	0.00000	0	1.00000	0
243	I	0.00000	0	1.00000	0
244	I	0.00075	0	0.99925	0
245	L	0.01384	0	0.98616	0
246	Y	0.07089	0	0.92911	0
247	S	0.31189	0	0.68811	0
248	K	0.34864	0	0.65136	0
249	I	0.35019	0	0.64981	0
250	F	0.36014	0	0.63986	0
251	L	0.45169	0	0.54831	0
252	V	0.51119	0	0.48881	0
253	A	0.94263	0	0.05737	0
254	K	0.99258	0	0.00742	0
255	Q	0.99947	0	0.00053	0
256	Q	0.99994	0	0.00006	0
257	A	0.99995	0	0.00005	0
258	V	0.99996	0	0.00004	0
259	K	1.00000	0	0.00000	0
260	I	1.00000	0	0.00000	0
261	E	1.00000	0	0.00000	0
262	T	1.00000	0	0.00000	0
263	S	1.00000	0	0.00000	0
264	I	1.00000	0	0.00000	0
265	S	1.00000	0	0.00000	0
266	G	1.00000	0	0.00000	0
267	S	1.00000	0	0.00000	0
268	K	1.00000	0	0.00000	0
269	G	1.00000	0	0.00000	0
270	E	1.00000	0	0.00000	0
271	S	1.00000	0	0.00000	0
272	S	1.00000	0	0.00000	0
273	L	1.00000	0	0.00000	0
274	E	1.00000	0	0.00000	0
275	S	1.00000	0	0.00000	0
276	H	1.00000	0	0.00000	0
277	K	1.00000	0	0.00000	0
278	A	1.00000	0	0.00000	0
279	R	1.00000	0	0.00000	0
280	V	1.00000	0	0.00000	0
281	A	1.00000	0	0.00000	0
282	K	1.00000	0	0.00000	0
283	R	1.00000	0	0.00000	0
284	E	1.00000	0	0.00000	0
285	R	0.91353	0	0.08647	0
286	K	0.90991	0	0.09009	0
287	A	0.13626	0	0.86374	0
288	A	0.11974	0	0.88026	0
289	K	0.11407	0	0.88593	0
290	T	0.09857	0	0.90143	0
291	L	0.06835	0	0.93165	0
292	G	0.06318	0	0.93682	0
293	V	0.06020	0	0.93980	0
294	T	0.04831	0	0.95169	0
295	V	0.02053	0	0.97947	0
296	V	0.00019	0	0.99981	0
297	A	0.00002	0	0.99998	0
298	F	0.00001	0	0.99999	0
299	M	0.00000	0	1.00000	0
300	V	0.00000	0	1.00000	0
301	S	0.00000	0	1.00000	0
302	W	0.00000	0	1.00000	0
303	L	0.00000	0	1.00000	0
304	P	0.00000	0.00036	0.99964	0
305	Y	0.00000	0.00129	0.99871	0
306	T	0.00000	0.01099	0.98901	0
307	I	0.00000	0.06199	0.93801	0
308	D	0.00000	0.80558	0.19442	0
309	T	0.00000	0.80971	0.19029	0
310	L	0.00000	0.81768	0.18232	0
311	I	0.00000	0.83014	0.16986	0
312	D	0.00000	0.87624	0.12376	0
313	A	0.00000	0.87629	0.12371	0
314	F	0.00000	0.87697	0.12303	0
315	M	0.00000	0.87967	0.12033	0
316	G	0.00000	0.89059	0.10941	0
317	F	0.00000	0.89321	0.10679	0
318	I	0.00000	0.92209	0.07791	0
319	T	0.00000	0.96986	0.03014	0
320	P	0.00000	0.98611	0.01389	0
321	A	0.00000	0.97544	0.02456	0
322	Y	0.00000	0.96619	0.03381	0
323	V	0.00000	0.95904	0.04096	0
324	Y	0.00000	0.96054	0.03946	0
325	E	0.00000	0.65379	0.34621	0
326	I	0.00000	0.48111	0.51889	0
327	C	0.00000	0.43769	0.56231	0
328	C	0.00000	0.29821	0.70179	0
329	W	0.00000	0.02227	0.97773	0
330	S	0.00000	0.00163	0.99837	0
331	A	0.00001	1e-05	0.99998	0
332	Y	0.00002	0	0.99998	0
333	Y	0.00002	0	0.99998	0
334	N	0.00015	0	0.99985	0
335	S	0.00015	0	0.99985	0
336	A	0.00015	0	0.99985	0
337	M	0.00017	0	0.99983	0
338	N	0.00018	0	0.99982	0
339	P	0.00018	0	0.99982	0
340	L	0.00018	0	0.99982	0
341	I	0.00022	0	0.99978	0
342	Y	0.00154	0	0.99846	0
343	A	0.00558	0	0.99442	0
344	F	0.00828	0	0.99172	0
345	F	0.02341	0	0.97659	0
346	Y	0.05324	0	0.94676	0
347	P	0.15083	0	0.84917	0
348	W	0.19201	0	0.80799	0
349	F	0.65264	0	0.34736	0
350	R	1.00000	0	0.00000	0
351	K	1.00000	0	0.00000	0
352	A	1.00000	0	0.00000	0
353	I	1.00000	0	0.00000	0
354	K	1.00000	0	0.00000	0
355	L	1.00000	0	0.00000	0
356	I	1.00000	0	0.00000	0
357	L	1.00000	0	0.00000	0
358	S	1.00000	0	0.00000	0
359	G	1.00000	0	0.00000	0
360	E	1.00000	0	0.00000	0
361	I	1.00000	0	0.00000	0
362	L	1.00000	0	0.00000	0
363	K	1.00000	0	0.00000	0
364	S	1.00000	0	0.00000	0
365	H	1.00000	0	0.00000	0
366	S	1.00000	0	0.00000	0
367	S	1.00000	0	0.00000	0
368	T	1.00000	0	0.00000	0
369	M	1.00000	0	0.00000	0
370	S	1.00000	0	0.00000	0
371	L	1.00000	0	0.00000	0
372	F	1.00000	0	0.00000	0
373	S	1.00000	0	0.00000	0
374	E	1.00000	0	0.00000	0
