# UNNAMED
#pos	aa	i	o	M	S
1	M	0.00000	0.99998	0.00000	2e-05
2	D	0.00000	0.99998	0.00000	2e-05
3	K	0.00000	0.99998	0.00000	2e-05
4	L	0.00000	0.99998	0.00000	2e-05
5	V	0.00000	0.99998	0.00000	2e-05
6	D	0.00000	0.99998	0.00000	2e-05
7	N	0.00000	0.99998	0.00000	2e-05
8	F	0.00000	0.99998	0.00000	1e-05
9	L	0.00000	0.99998	0.00000	1e-05
10	S	0.00000	0.99998	0.00000	2e-05
11	G	0.00000	0.99998	0.00000	2e-05
12	Q	0.00000	0.99998	0.00000	2e-05
13	S	0.00000	0.99998	0.00000	2e-05
14	R	0.00000	0.99998	0.00000	2e-05
15	T	0.00000	0.99998	0.00000	1e-05
16	M	0.00000	0.99998	0.00000	1e-05
17	S	0.00000	0.99998	0.00000	1e-05
18	E	0.00000	0.99998	0.00000	2e-05
19	D	0.00000	0.99998	0.00000	2e-05
20	L	0.00000	0.99998	0.00000	2e-05
21	L	0.00000	0.99998	0.00000	2e-05
22	S	0.00000	0.99998	0.00000	2e-05
23	A	0.00000	0.99999	0.00000	1e-05
24	S	0.00000	1	0.00000	0
25	S	0.00000	1	0.00000	0
26	P	0.00000	1	0.00000	0
27	Q	0.00000	1	0.00000	0
28	L	0.00000	1	0.00000	0
29	C	0.00000	1	0.00000	0
30	Y	0.00000	1	0.00000	0
31	E	0.00000	1	0.00000	0
32	N	0.00000	1	0.00000	0
33	L	0.00000	1	0.00000	0
34	N	0.00000	1	0.00000	0
35	G	0.00000	1	0.00000	0
36	S	0.00000	1	0.00000	0
37	C	0.00000	1	0.00000	0
38	I	0.00000	1	0.00000	0
39	R	0.00000	1	0.00000	0
40	S	0.00000	1	0.00000	0
41	P	0.00000	1	0.00000	0
42	Y	0.00000	1	0.00000	0
43	S	0.00000	1	0.00000	0
44	P	0.00000	1	0.00000	0
45	G	0.00000	0.99998	0.00002	0
46	P	0.00000	0.99993	0.00007	0
47	R	0.00000	0.9895	0.01050	0
48	L	0.00000	0.55976	0.44024	0
49	I	0.00000	0.17562	0.82438	0
50	L	0.00000	0.05774	0.94226	0
51	Y	0.00000	0.02362	0.97638	0
52	A	0.00000	0.00666	0.99334	0
53	V	0.00000	0.00143	0.99857	0
54	F	0.00000	0.00031	0.99969	0
55	G	0.00000	0.00011	0.99989	0
56	F	0.00000	1e-05	0.99999	0
57	G	0.00000	0	1.00000	0
58	A	0.00000	0	1.00000	0
59	V	0.00000	0	1.00000	0
60	L	0.00000	0	1.00000	0
61	A	0.00000	0	1.00000	0
62	V	0.00000	0	1.00000	0
63	C	0.00000	0	1.00000	0
64	G	0.00000	0	1.00000	0
65	N	0.00000	0	1.00000	0
66	L	0.00000	0	1.00000	0
67	L	0.00001	0	0.99999	0
68	V	0.00034	0	0.99966	0
69	M	0.00598	0	0.99402	0
70	T	0.06385	0	0.93615	0
71	S	0.17678	0	0.82322	0
72	I	0.20348	0	0.79652	0
73	L	0.40840	0	0.59160	0
74	H	0.74852	0	0.25148	0
75	F	0.80021	0	0.19979	0
76	R	0.99458	0	0.00542	0
77	Q	0.99998	0	0.00002	0
78	L	1.00000	0	0.00000	0
79	H	1.00000	0	0.00000	0
80	S	1.00000	0	0.00000	0
81	P	1.00000	0	0.00000	0
82	A	0.43363	0	0.56637	0
83	N	0.07055	0	0.92945	0
84	F	0.00868	0	0.99132	0
85	L	0.00013	0	0.99987	0
86	V	0.00002	0	0.99998	0
87	A	0.00000	0	1.00000	0
88	S	0.00000	0	1.00000	0
89	L	0.00000	0	1.00000	0
90	A	0.00000	0	1.00000	0
91	C	0.00000	0	1.00000	0
92	A	0.00000	0	1.00000	0
93	D	0.00000	0	1.00000	0
94	F	0.00000	0	1.00000	0
95	L	0.00000	0	1.00000	0
96	V	0.00000	0	1.00000	0
97	G	0.00000	0	1.00000	0
98	L	0.00000	0	1.00000	0
99	T	0.00000	0	1.00000	0
100	V	0.00000	5e-05	0.99995	0
101	M	0.00000	0.00268	0.99732	0
102	P	0.00000	0.04193	0.95807	0
103	F	0.00000	0.11299	0.88701	0
104	S	0.00000	0.70112	0.29888	0
105	T	0.00000	0.88265	0.11735	0
106	V	0.00000	0.9342	0.06580	0
107	R	0.00000	0.99999	0.00001	0
108	S	0.00000	1	0.00000	0
109	V	0.00000	1	0.00000	0
110	E	0.00000	1	0.00000	0
111	G	0.00000	1	0.00000	0
112	C	0.00000	1	0.00000	0
113	W	0.00000	1	0.00000	0
114	Y	0.00000	1	0.00000	0
115	F	0.00000	0.99998	0.00002	0
116	G	0.00000	0.99998	0.00002	0
117	D	0.00000	0.99998	0.00002	0
118	T	0.00000	0.99982	0.00018	0
119	Y	0.00000	0.98648	0.01352	0
120	C	0.00000	0.98064	0.01936	0
121	K	0.00000	0.97374	0.02626	0
122	F	0.00000	0.00279	0.99721	0
123	H	0.00000	0.00279	0.99721	0
124	S	0.00000	0.00279	0.99721	0
125	C	0.00000	0.00279	0.99721	0
126	F	0.00000	0.00279	0.99721	0
127	E	0.00000	0.00279	0.99721	0
128	G	0.00000	0.00015	0.99985	0
129	S	0.00000	1e-05	0.99999	0
130	F	0.00000	0	1.00000	0
131	C	0.00000	0	1.00000	0
132	Y	0.00000	0	1.00000	0
133	S	0.00000	0	1.00000	0
134	S	0.00000	0	1.00000	0
135	I	0.00000	0	1.00000	0
136	F	0.00000	0	1.00000	0
137	H	0.00000	0	1.00000	0
138	L	0.00000	0	1.00000	0
139	C	0.00001	0	0.99999	0
140	F	0.00001	0	0.99999	0
141	I	0.00004	0	0.99996	0
142	S	0.00017	0	0.99983	0
143	V	0.00036	0	0.99964	0
144	D	0.00130	0	0.99870	0
145	R	0.47815	0	0.52185	0
146	Y	0.97483	0	0.02517	0
147	I	0.99531	0	0.00469	0
148	A	0.99816	0	0.00184	0
149	V	0.99999	0	0.00001	0
150	S	1.00000	0	0.00000	0
151	D	1.00000	0	0.00000	0
152	P	1.00000	0	0.00000	0
153	L	1.00000	0	0.00000	0
154	I	1.00000	0	0.00000	0
155	Y	1.00000	0	0.00000	0
156	P	1.00000	0	0.00000	0
157	T	1.00000	0	0.00000	0
158	R	0.99997	0	0.00003	0
159	F	0.99278	0	0.00722	0
160	T	0.98854	0	0.01146	0
161	A	0.97497	0	0.02503	0
162	S	0.74852	0	0.25148	0
163	V	0.20631	0	0.79369	0
164	S	0.17708	0	0.82292	0
165	G	0.10661	0	0.89339	0
166	K	0.08068	0	0.91932	0
167	C	0.00012	0	0.99988	0
168	I	0.00000	0	1.00000	0
169	T	0.00000	0	1.00000	0
170	F	0.00000	0	1.00000	0
171	S	0.00000	0	1.00000	0
172	W	0.00000	0	1.00000	0
173	L	0.00000	0	1.00000	0
174	L	0.00000	0	1.00000	0
175	S	0.00000	0	1.00000	0
176	I	0.00000	0	1.00000	0
177	I	0.00000	0	1.00000	0
178	Y	0.00000	3e-05	0.99997	0
179	S	0.00000	0.00043	0.99957	0
180	F	0.00000	0.001	0.99900	0
181	S	0.00000	0.00703	0.99297	0
182	L	0.00000	0.01515	0.98485	0
183	L	0.00000	0.13384	0.86616	0
184	Y	0.00000	0.38591	0.61409	0
185	T	0.00000	0.74633	0.25367	0
186	G	0.00000	0.86196	0.13804	0
187	A	0.00000	0.89941	0.10059	0
188	N	0.00000	0.99164	0.00836	0
189	E	0.00000	0.99994	0.00006	0
190	A	0.00000	0.99997	0.00003	0
191	G	0.00000	1	0.00000	0
192	L	0.00000	1	0.00000	0
193	E	0.00000	1	0.00000	0
194	D	0.00000	1	0.00000	0
195	L	0.00000	1	0.00000	0
196	V	0.00000	1	0.00000	0
197	S	0.00000	1	0.00000	0
198	A	0.00000	1	0.00000	0
199	L	0.00000	1	0.00000	0
200	T	0.00000	1	0.00000	0
201	C	0.00000	1	0.00000	0
202	V	0.00000	1	0.00000	0
203	G	0.00000	1	0.00000	0
204	G	0.00000	1	0.00000	0
205	C	0.00000	0.99988	0.00012	0
206	Q	0.00000	0.99906	0.00094	0
207	I	0.00000	0.95492	0.04508	0
208	A	0.00000	0.95193	0.04807	0
209	V	0.00000	0.95063	0.04937	0
210	N	0.00000	0.95046	0.04954	0
211	Q	0.00000	0.94857	0.05143	0
212	S	0.00000	0.23076	0.76924	0
213	W	0.00000	0.11258	0.88742	0
214	V	0.00000	0.04018	0.95982	0
215	F	0.00000	0.01224	0.98776	0
216	I	0.00000	0.00446	0.99554	0
217	N	0.00000	0.00408	0.99592	0
218	F	0.00000	0.00066	0.99934	0
219	L	0.00000	0	1.00000	0
220	L	0.00000	0	1.00000	0
221	F	0.00000	0	1.00000	0
222	L	0.00000	0	1.00000	0
223	V	0.00000	0	1.00000	0
224	P	0.00000	0	1.00000	0
225	T	0.00000	0	1.00000	0
226	L	0.00000	0	1.00000	0
227	V	0.00000	0	1.00000	0
228	M	0.00001	0	0.99999	0
229	M	0.00004	0	0.99996	0
230	T	0.00163	0	0.99837	0
231	V	0.00334	0	0.99666	0
232	Y	0.01113	0	0.98887	0
233	S	0.04683	0	0.95317	0
234	K	0.05590	0	0.94410	0
235	I	0.05686	0	0.94314	0
236	F	0.07265	0	0.92735	0
237	L	0.20288	0	0.79712	0
238	I	0.28553	0	0.71447	0
239	A	0.96710	0	0.03290	0
240	K	0.99925	0	0.00075	0
241	Q	0.99998	0	0.00002	0
242	Q	1.00000	0	0.00000	0
243	A	1.00000	0	0.00000	0
244	Q	1.00000	0	0.00000	0
245	N	1.00000	0	0.00000	0
246	I	1.00000	0	0.00000	0
247	E	1.00000	0	0.00000	0
248	K	1.00000	0	0.00000	0
249	M	1.00000	0	0.00000	0
250	S	1.00000	0	0.00000	0
251	K	1.00000	0	0.00000	0
252	Q	1.00000	0	0.00000	0
253	T	1.00000	0	0.00000	0
254	T	1.00000	0	0.00000	0
255	R	1.00000	0	0.00000	0
256	A	1.00000	0	0.00000	0
257	S	1.00000	0	0.00000	0
258	E	1.00000	0	0.00000	0
259	S	1.00000	0	0.00000	0
260	Y	1.00000	0	0.00000	0
261	K	1.00000	0	0.00000	0
262	D	1.00000	0	0.00000	0
263	R	1.00000	0	0.00000	0
264	V	1.00000	0	0.00000	0
265	A	1.00000	0	0.00000	0
266	K	1.00000	0	0.00000	0
267	R	1.00000	0	0.00000	0
268	E	1.00000	0	0.00000	0
269	R	0.91455	0	0.08545	0
270	K	0.91075	0	0.08925	0
271	A	0.08766	0	0.91234	0
272	A	0.08683	0	0.91317	0
273	K	0.08381	0	0.91619	0
274	T	0.06084	0	0.93916	0
275	L	0.03426	0	0.96574	0
276	G	0.01996	0	0.98004	0
277	I	0.01174	0	0.98826	0
278	A	0.01152	0	0.98848	0
279	V	0.01131	0	0.98869	0
280	A	0.00019	0	0.99981	0
281	A	0.00001	0	0.99999	0
282	F	0.00001	0	0.99999	0
283	L	0.00000	0	1.00000	0
284	L	0.00000	0	1.00000	0
285	S	0.00000	0	1.00000	0
286	W	0.00000	0	1.00000	0
287	L	0.00000	0	1.00000	0
288	P	0.00000	4e-05	0.99996	0
289	Y	0.00000	0.00018	0.99982	0
290	F	0.00000	0.00142	0.99858	0
291	I	0.00000	0.05703	0.94297	0
292	D	0.00000	0.86283	0.13717	0
293	S	0.00000	0.86725	0.13275	0
294	I	0.00000	0.87449	0.12551	0
295	I	0.00000	0.88346	0.11654	0
296	D	0.00000	0.91307	0.08693	0
297	A	0.00000	0.91314	0.08686	0
298	F	0.00000	0.91368	0.08632	0
299	L	0.00000	0.91663	0.08337	0
300	G	0.00000	0.92755	0.07245	0
301	F	0.00000	0.93008	0.06992	0
302	I	0.00000	0.95437	0.04563	0
303	T	0.00000	0.98751	0.01249	0
304	P	0.00000	0.99696	0.00304	0
305	T	0.00000	0.99843	0.00157	0
306	Y	0.00000	0.99921	0.00079	0
307	V	0.00000	0.99916	0.00084	0
308	Y	0.00000	0.99901	0.00099	0
309	E	0.00000	0.86689	0.13311	0
310	I	0.00000	0.22014	0.77986	0
311	L	0.00000	0.05283	0.94717	0
312	V	0.00000	0.00965	0.99035	0
313	W	0.00000	0.00075	0.99925	0
314	I	0.00000	0	1.00000	0
315	A	0.00000	0	1.00000	0
316	Y	0.00000	0	1.00000	0
317	Y	0.00000	0	1.00000	0
318	N	0.00000	0	1.00000	0
319	S	0.00000	0	1.00000	0
320	A	0.00000	0	1.00000	0
321	M	0.00000	0	1.00000	0
322	N	0.00000	0	1.00000	0
323	P	0.00000	0	1.00000	0
324	L	0.00000	0	1.00000	0
325	I	0.00000	0	1.00000	0
326	Y	0.00000	0	1.00000	0
327	A	0.00001	0	0.99999	0
328	F	0.00003	0	0.99997	0
329	F	0.00085	0	0.99915	0
330	Y	0.02338	0	0.97662	0
331	P	0.14723	0	0.85277	0
332	W	0.21444	0	0.78556	0
333	F	0.65010	0	0.34990	0
334	R	1.00000	0	0.00000	0
335	K	1.00000	0	0.00000	0
336	A	1.00000	0	0.00000	0
337	I	1.00000	0	0.00000	0
338	K	1.00000	0	0.00000	0
339	L	1.00000	0	0.00000	0
340	I	1.00000	0	0.00000	0
341	V	1.00000	0	0.00000	0
342	T	1.00000	0	0.00000	0
343	G	1.00000	0	0.00000	0
344	K	1.00000	0	0.00000	0
345	I	1.00000	0	0.00000	0
346	L	1.00000	0	0.00000	0
347	R	1.00000	0	0.00000	0
348	Q	1.00000	0	0.00000	0
349	N	1.00000	0	0.00000	0
350	S	1.00000	0	0.00000	0
351	S	1.00000	0	0.00000	0
352	V	1.00000	0	0.00000	0
353	T	1.00000	0	0.00000	0
354	N	1.00000	0	0.00000	0
355	L	1.00000	0	0.00000	0
356	F	1.00000	0	0.00000	0
357	P	1.00000	0	0.00000	0
358	E	1.00000	0	0.00000	0
