# UNNAMED
#pos	aa	i	o	M	S
1	M	0.00000	0.97112	0.00000	0.02888
2	D	0.00000	0.97112	0.00000	0.02888
3	L	0.00000	0.97112	0.00000	0.02888
4	S	0.00000	0.97112	0.00000	0.02888
5	T	0.00000	0.97112	0.00000	0.02888
6	I	0.00000	0.97112	0.00000	0.02888
7	T	0.00000	0.97112	0.00000	0.02888
8	F	0.00000	0.97112	0.00000	0.02888
9	L	0.00000	0.97112	0.00000	0.02888
10	L	0.00000	0.97112	0.00000	0.02888
11	P	0.00000	0.97112	0.00000	0.02888
12	N	0.00000	0.97112	0.00000	0.02888
13	S	0.00000	0.97112	0.00000	0.02888
14	S	0.00000	0.97112	0.00000	0.02888
15	E	0.00000	0.98793	0.00000	0.01207
16	D	0.00000	0.99978	0.00000	0.00022
17	T	0.00000	0.99978	0.00000	0.00022
18	N	0.00000	0.99978	0.00000	0.00022
19	G	0.00000	0.99978	0.00000	0.00022
20	T	0.00000	0.99978	0.00000	0.00022
21	S	0.00000	0.99991	0.00000	9e-05
22	A	0.00000	1	0.00000	0
23	P	0.00000	1	0.00000	0
24	R	0.00000	1	0.00000	0
25	L	0.00000	1	0.00000	0
26	P	0.00000	0.99999	0.00001	0
27	P	0.00000	0.99999	0.00001	0
28	H	0.00000	0.99995	0.00005	0
29	S	0.00000	0.99991	0.00009	0
30	Q	0.00000	0.99959	0.00041	0
31	C	0.00000	0.99744	0.00256	0
32	A	0.00000	0.93393	0.06607	0
33	S	0.00000	0.83269	0.16731	0
34	V	0.00000	0.47068	0.52932	0
35	L	0.00000	0.26505	0.73495	0
36	I	0.00000	0.08771	0.91229	0
37	V	0.00000	0.03871	0.96129	0
38	L	0.00000	0.02115	0.97885	0
39	V	0.00000	0.00586	0.99414	0
40	V	0.00000	0.00043	0.99957	0
41	T	0.00000	6e-05	0.99994	0
42	V	0.00000	0	1.00000	0
43	I	0.00000	0	1.00000	0
44	I	0.00000	0	1.00000	0
45	L	0.00000	0	1.00000	0
46	V	0.00000	0	1.00000	0
47	T	0.00000	0	1.00000	0
48	I	0.00000	0	1.00000	0
49	V	0.00000	0	1.00000	0
50	G	0.00000	0	1.00000	0
51	N	0.00000	0	1.00000	0
52	V	0.00000	0	1.00000	0
53	L	0.00000	0	1.00000	0
54	V	0.00000	0	1.00000	0
55	V	0.00004	0	0.99996	0
56	V	0.00139	0	0.99861	0
57	A	0.03774	0	0.96226	0
58	V	0.09738	0	0.90262	0
59	F	0.27012	0	0.72988	0
60	T	0.93571	0	0.06429	0
61	S	0.99647	0	0.00353	0
62	R	0.99994	0	0.00006	0
63	A	0.99999	0	0.00001	0
64	L	1.00000	0	0.00000	0
65	R	1.00000	0	0.00000	0
66	A	1.00000	0	0.00000	0
67	P	1.00000	0	0.00000	0
68	Q	0.84444	0	0.15556	0
69	N	0.15302	0	0.84698	0
70	L	0.02550	0	0.97450	0
71	F	0.00022	0	0.99978	0
72	L	0.00000	0	1.00000	0
73	V	0.00000	0	1.00000	0
74	S	0.00000	0	1.00000	0
75	L	0.00000	0	1.00000	0
76	A	0.00000	0	1.00000	0
77	A	0.00000	0	1.00000	0
78	A	0.00000	0	1.00000	0
79	D	0.00000	0	1.00000	0
80	I	0.00000	0	1.00000	0
81	L	0.00000	0	1.00000	0
82	V	0.00000	0	1.00000	0
83	A	0.00000	0	1.00000	0
84	T	0.00000	0	1.00000	0
85	L	0.00000	0	1.00000	0
86	V	0.00000	0	1.00000	0
87	I	0.00000	0.00021	0.99979	0
88	P	0.00000	0.00372	0.99628	0
89	F	0.00000	0.03947	0.96053	0
90	S	0.00000	0.38324	0.61676	0
91	L	0.00000	0.51796	0.48204	0
92	A	0.00000	0.81144	0.18856	0
93	N	0.00000	0.99997	0.00003	0
94	E	0.00000	0.99998	0.00002	0
95	V	0.00000	0.99998	0.00002	0
96	M	0.00000	0.99999	0.00001	0
97	G	0.00000	0.99999	0.00001	0
98	Y	0.00000	1	0.00000	0
99	W	0.00000	1	0.00000	0
100	Y	0.00000	1	0.00000	0
101	L	0.00000	1	0.00000	0
102	G	0.00000	1	0.00000	0
103	S	0.00000	1	0.00000	0
104	T	0.00000	1	0.00000	0
105	W	0.00000	0.99999	0.00001	0
106	C	0.00000	0.99992	0.00008	0
107	A	0.00000	0.99898	0.00102	0
108	F	0.00000	0.99754	0.00246	0
109	Y	0.00000	0.86291	0.13709	0
110	L	0.00000	0.40449	0.59551	0
111	A	0.00000	0.2414	0.75860	0
112	L	0.00000	0.00586	0.99414	0
113	D	0.00000	0.00229	0.99771	0
114	V	0.00000	3e-05	0.99997	0
115	L	0.00000	0	1.00000	0
116	F	0.00000	0	1.00000	0
117	C	0.00000	0	1.00000	0
118	T	0.00000	0	1.00000	0
119	S	0.00000	0	1.00000	0
120	S	0.00000	0	1.00000	0
121	I	0.00000	0	1.00000	0
122	V	0.00000	0	1.00000	0
123	H	0.00000	0	1.00000	0
124	L	0.00000	0	1.00000	0
125	C	0.00000	0	1.00000	0
126	A	0.00000	0	1.00000	0
127	I	0.00000	0	1.00000	0
128	S	0.00000	0	1.00000	0
129	L	0.00000	0	1.00000	0
130	D	0.00000	0	1.00000	0
131	R	0.00525	0	0.99475	0
132	Y	0.03971	0	0.96029	0
133	W	0.06571	0	0.93429	0
134	S	0.48884	0	0.51116	0
135	V	0.99986	0	0.00014	0
136	T	1.00000	0	0.00000	0
137	K	1.00000	0	0.00000	0
138	A	1.00000	0	0.00000	0
139	V	1.00000	0	0.00000	0
140	S	1.00000	0	0.00000	0
141	Y	1.00000	0	0.00000	0
142	N	1.00000	0	0.00000	0
143	L	1.00000	0	0.00000	0
144	K	1.00000	0	0.00000	0
145	R	1.00000	0	0.00000	0
146	T	1.00000	0	0.00000	0
147	P	1.00000	0	0.00000	0
148	R	0.99990	0	0.00010	0
149	R	0.98417	0	0.01583	0
150	I	0.28621	0	0.71379	0
151	K	0.26818	0	0.73182	0
152	I	0.00841	0	0.99159	0
153	M	0.00020	0	0.99980	0
154	I	0.00000	0	1.00000	0
155	T	0.00000	0	1.00000	0
156	V	0.00000	0	1.00000	0
157	V	0.00000	0	1.00000	0
158	W	0.00000	0	1.00000	0
159	V	0.00000	0	1.00000	0
160	I	0.00000	0	1.00000	0
161	S	0.00000	0	1.00000	0
162	A	0.00000	0	1.00000	0
163	V	0.00000	0	1.00000	0
164	I	0.00000	0	1.00000	0
165	S	0.00000	0	1.00000	0
166	F	0.00000	0	1.00000	0
167	P	0.00000	1e-05	0.99999	0
168	P	0.00000	7e-05	0.99993	0
169	L	0.00000	0.00059	0.99941	0
170	L	0.00000	0.01676	0.98324	0
171	M	0.00000	0.17748	0.82252	0
172	T	0.00000	0.73279	0.26721	0
173	K	0.00000	0.99848	0.00152	0
174	H	0.00000	0.99997	0.00003	0
175	D	0.00000	1	0.00000	0
176	E	0.00000	1	0.00000	0
177	L	0.00000	1	0.00000	0
178	E	0.00000	1	0.00000	0
179	C	0.00000	1	0.00000	0
180	L	0.00000	1	0.00000	0
181	L	0.00000	1	0.00000	0
182	N	0.00000	1	0.00000	0
183	N	0.00000	1	0.00000	0
184	E	0.00000	0.99997	0.00003	0
185	T	0.00000	0.84396	0.15604	0
186	W	0.00000	0.25151	0.74849	0
187	Y	0.00000	0.01345	0.98655	0
188	I	0.00000	0.00799	0.99201	0
189	L	0.00000	0.00301	0.99699	0
190	S	0.00000	0.0004	0.99960	0
191	S	0.00000	0.00032	0.99968	0
192	C	0.00000	0.00027	0.99973	0
193	I	0.00000	7e-05	0.99993	0
194	V	0.00000	0	1.00000	0
195	S	0.00000	0	1.00000	0
196	F	0.00000	0	1.00000	0
197	F	0.00000	0	1.00000	0
198	A	0.00000	0	1.00000	0
199	P	0.00000	0	1.00000	0
200	G	0.00000	0	1.00000	0
201	L	0.00000	0	1.00000	0
202	I	0.00000	0	1.00000	0
203	M	0.00000	0	1.00000	0
204	I	0.00000	0	1.00000	0
205	L	0.00000	0	1.00000	0
206	V	0.00001	0	0.99999	0
207	Y	0.00061	0	0.99939	0
208	C	0.01769	0	0.98231	0
209	R	0.25244	0	0.74756	0
210	I	0.27236	0	0.72764	0
211	Y	0.39483	0	0.60517	0
212	R	0.98407	0	0.01593	0
213	V	0.98844	0	0.01156	0
214	A	0.99988	0	0.00012	0
215	K	0.99999	0	0.00001	0
216	Q	1.00000	0	0.00000	0
217	R	1.00000	0	0.00000	0
218	A	1.00000	0	0.00000	0
219	S	1.00000	0	0.00000	0
220	T	1.00000	0	0.00000	0
221	V	1.00000	0	0.00000	0
222	F	1.00000	0	0.00000	0
223	V	1.00000	0	0.00000	0
224	A	1.00000	0	0.00000	0
225	K	1.00000	0	0.00000	0
226	N	1.00000	0	0.00000	0
227	G	1.00000	0	0.00000	0
228	M	1.00000	0	0.00000	0
229	E	1.00000	0	0.00000	0
230	R	1.00000	0	0.00000	0
231	Q	1.00000	0	0.00000	0
232	P	1.00000	0	0.00000	0
233	S	1.00000	0	0.00000	0
234	Q	1.00000	0	0.00000	0
235	S	1.00000	0	0.00000	0
236	E	1.00000	0	0.00000	0
237	T	1.00000	0	0.00000	0
238	C	1.00000	0	0.00000	0
239	F	1.00000	0	0.00000	0
240	V	1.00000	0	0.00000	0
241	R	1.00000	0	0.00000	0
242	K	1.00000	0	0.00000	0
243	G	1.00000	0	0.00000	0
244	K	1.00000	0	0.00000	0
245	S	1.00000	0	0.00000	0
246	E	1.00000	0	0.00000	0
247	V	1.00000	0	0.00000	0
248	E	1.00000	0	0.00000	0
249	S	1.00000	0	0.00000	0
250	P	1.00000	0	0.00000	0
251	S	1.00000	0	0.00000	0
252	S	1.00000	0	0.00000	0
253	H	1.00000	0	0.00000	0
254	S	1.00000	0	0.00000	0
255	S	1.00000	0	0.00000	0
256	G	1.00000	0	0.00000	0
257	S	1.00000	0	0.00000	0
258	R	1.00000	0	0.00000	0
259	E	1.00000	0	0.00000	0
260	R	1.00000	0	0.00000	0
261	K	1.00000	0	0.00000	0
262	G	1.00000	0	0.00000	0
263	E	1.00000	0	0.00000	0
264	L	1.00000	0	0.00000	0
265	D	1.00000	0	0.00000	0
266	D	1.00000	0	0.00000	0
267	I	1.00000	0	0.00000	0
268	D	1.00000	0	0.00000	0
269	L	1.00000	0	0.00000	0
270	E	1.00000	0	0.00000	0
271	E	1.00000	0	0.00000	0
272	S	1.00000	0	0.00000	0
273	S	1.00000	0	0.00000	0
274	V	1.00000	0	0.00000	0
275	S	1.00000	0	0.00000	0
276	N	1.00000	0	0.00000	0
277	R	1.00000	0	0.00000	0
278	H	1.00000	0	0.00000	0
279	R	1.00000	0	0.00000	0
280	N	1.00000	0	0.00000	0
281	S	1.00000	0	0.00000	0
282	R	1.00000	0	0.00000	0
283	F	1.00000	0	0.00000	0
284	A	1.00000	0	0.00000	0
285	K	1.00000	0	0.00000	0
286	S	1.00000	0	0.00000	0
287	R	1.00000	0	0.00000	0
288	K	1.00000	0	0.00000	0
289	V	1.00000	0	0.00000	0
290	E	1.00000	0	0.00000	0
291	G	1.00000	0	0.00000	0
292	A	1.00000	0	0.00000	0
293	Q	1.00000	0	0.00000	0
294	S	1.00000	0	0.00000	0
295	C	1.00000	0	0.00000	0
296	P	1.00000	0	0.00000	0
297	K	1.00000	0	0.00000	0
298	P	1.00000	0	0.00000	0
299	N	1.00000	0	0.00000	0
300	G	1.00000	0	0.00000	0
301	R	1.00000	0	0.00000	0
302	L	1.00000	0	0.00000	0
303	S	1.00000	0	0.00000	0
304	W	1.00000	0	0.00000	0
305	A	1.00000	0	0.00000	0
306	C	1.00000	0	0.00000	0
307	S	1.00000	0	0.00000	0
308	R	1.00000	0	0.00000	0
309	A	1.00000	0	0.00000	0
310	S	1.00000	0	0.00000	0
311	E	1.00000	0	0.00000	0
312	L	1.00000	0	0.00000	0
313	E	1.00000	0	0.00000	0
314	Q	1.00000	0	0.00000	0
315	E	1.00000	0	0.00000	0
316	P	1.00000	0	0.00000	0
317	R	1.00000	0	0.00000	0
318	A	1.00000	0	0.00000	0
319	R	1.00000	0	0.00000	0
320	Q	1.00000	0	0.00000	0
321	L	1.00000	0	0.00000	0
322	S	1.00000	0	0.00000	0
323	L	1.00000	0	0.00000	0
324	S	1.00000	0	0.00000	0
325	K	1.00000	0	0.00000	0
326	S	1.00000	0	0.00000	0
327	K	1.00000	0	0.00000	0
328	L	1.00000	0	0.00000	0
329	A	1.00000	0	0.00000	0
330	Q	1.00000	0	0.00000	0
331	M	1.00000	0	0.00000	0
332	R	1.00000	0	0.00000	0
333	E	1.00000	0	0.00000	0
334	K	0.96623	0	0.03377	0
335	R	0.96483	0	0.03517	0
336	F	0.70158	0	0.29842	0
337	T	0.47628	0	0.52372	0
338	F	0.19702	0	0.80298	0
339	V	0.09848	0	0.90152	0
340	L	0.00141	0	0.99859	0
341	A	0.00004	0	0.99996	0
342	V	0.00002	0	0.99998	0
343	V	0.00000	0	1.00000	0
344	M	0.00000	0	1.00000	0
345	G	0.00000	0	1.00000	0
346	V	0.00000	0	1.00000	0
347	F	0.00000	0	1.00000	0
348	V	0.00000	0	1.00000	0
349	L	0.00000	0	1.00000	0
350	C	0.00000	0	1.00000	0
351	W	0.00000	0	1.00000	0
352	F	0.00000	0	1.00000	0
353	P	0.00000	0	1.00000	0
354	F	0.00000	0	1.00000	0
355	F	0.00000	1e-05	0.99999	0
356	F	0.00000	0.00129	0.99871	0
357	T	0.00000	0.0194	0.98060	0
358	Y	0.00000	0.04094	0.95906	0
359	S	0.00000	0.13665	0.86335	0
360	L	0.00000	0.19771	0.80229	0
361	H	0.00000	0.49529	0.50471	0
362	A	0.00000	0.59067	0.40933	0
363	I	0.00000	0.8104	0.18960	0
364	C	0.00000	0.98124	0.01876	0
365	R	0.00000	0.99945	0.00055	0
366	K	0.00000	1	0.00000	0
367	S	0.00000	1	0.00000	0
368	C	0.00000	1	0.00000	0
369	T	0.00000	1	0.00000	0
370	I	0.00000	0.99999	0.00001	0
371	P	0.00000	0.99997	0.00003	0
372	D	0.00000	0.99982	0.00018	0
373	S	0.00000	0.98891	0.01109	0
374	L	0.00000	0.8903	0.10970	0
375	F	0.00000	0.86913	0.13087	0
376	N	0.00000	0.39719	0.60281	0
377	L	0.00000	0.00144	0.99856	0
378	F	0.00000	3e-05	0.99997	0
379	F	0.00000	0	1.00000	0
380	W	0.00000	0	1.00000	0
381	I	0.00000	0	1.00000	0
382	G	0.00000	0	1.00000	0
383	Y	0.00000	0	1.00000	0
384	C	0.00000	0	1.00000	0
385	N	0.00000	0	1.00000	0
386	S	0.00000	0	1.00000	0
387	S	0.00000	0	1.00000	0
388	V	0.00000	0	1.00000	0
389	N	0.00000	0	1.00000	0
390	P	0.00000	0	1.00000	0
391	I	0.00000	0	1.00000	0
392	I	0.00000	0	1.00000	0
393	Y	0.00001	0	0.99999	0
394	T	0.00012	0	0.99988	0
395	I	0.00356	0	0.99644	0
396	F	0.20171	0	0.79829	0
397	N	0.88871	0	0.11129	0
398	R	1.00000	0	0.00000	0
399	D	1.00000	0	0.00000	0
400	F	1.00000	0	0.00000	0
401	R	1.00000	0	0.00000	0
402	K	1.00000	0	0.00000	0
403	A	1.00000	0	0.00000	0
404	F	1.00000	0	0.00000	0
405	K	1.00000	0	0.00000	0
406	K	1.00000	0	0.00000	0
407	I	1.00000	0	0.00000	0
408	M	1.00000	0	0.00000	0
409	C	1.00000	0	0.00000	0
410	R	1.00000	0	0.00000	0
411	H	1.00000	0	0.00000	0
412	S	1.00000	0	0.00000	0
413	T	1.00000	0	0.00000	0
414	R	1.00000	0	0.00000	0
415	T	1.00000	0	0.00000	0
