# UNNAMED
#pos	aa	i	o	M	S
1	M	0.00000	0.94486	0.00000	0.05514
2	P	0.00000	0.94486	0.00000	0.05514
3	V	0.00000	0.94486	0.00000	0.05514
4	L	0.00000	0.94486	0.00000	0.05514
5	N	0.00000	0.94486	0.00000	0.05514
6	V	0.00000	0.94486	0.00000	0.05514
7	T	0.00000	0.94486	0.00000	0.05514
8	E	0.00000	0.94486	0.00000	0.05514
9	E	0.00000	0.94486	0.00000	0.05515
10	L	0.00000	0.94486	0.00000	0.05514
11	T	0.00000	0.94486	0.00000	0.05514
12	I	0.00000	0.94486	0.00000	0.05514
13	T	0.00000	0.94486	0.00000	0.05513
14	A	0.00000	0.94525	0.00000	0.05474
15	S	0.00000	0.94691	0.00000	0.05309
16	P	0.00000	0.94691	0.00000	0.05309
17	S	0.00000	0.94691	0.00000	0.05309
18	S	0.00000	0.9487	0.00000	0.0513
19	A	0.00000	0.94871	0.00000	0.05129
20	V	0.00000	0.99859	0.00000	0.00141
21	F	0.00000	0.99859	0.00000	0.00141
22	L	0.00000	0.99859	0.00000	0.00141
23	S	0.00000	0.99997	0.00000	3e-05
24	L	0.00000	0.99997	0.00000	3e-05
25	H	0.00000	1	0.00000	0
26	Q	0.00000	1	0.00000	0
27	S	0.00000	1	0.00000	0
28	N	0.00000	1	0.00000	0
29	C	0.00000	1	0.00000	0
30	S	0.00000	1	0.00000	0
31	V	0.00000	1	0.00000	0
32	S	0.00000	1	0.00000	0
33	P	0.00000	1	0.00000	0
34	S	0.00000	1	0.00000	0
35	P	0.00000	1	0.00000	0
36	S	0.00000	0.99999	0.00001	0
37	S	0.00000	0.99998	0.00002	0
38	P	0.00000	0.9999	0.00010	0
39	P	0.00000	0.98096	0.01904	0
40	Y	0.00000	0.9039	0.09610	0
41	N	0.00000	0.8695	0.13050	0
42	F	0.00000	0.17873	0.82127	0
43	Y	0.00000	0.05097	0.94903	0
44	A	0.00000	0.01539	0.98461	0
45	V	0.00000	0.00209	0.99791	0
46	L	0.00000	0.00061	0.99939	0
47	L	0.00000	8e-05	0.99992	0
48	V	0.00000	0	1.00000	0
49	L	0.00000	0	1.00000	0
50	L	0.00000	0	1.00000	0
51	I	0.00000	0	1.00000	0
52	F	0.00000	0	1.00000	0
53	C	0.00000	0	1.00000	0
54	V	0.00000	0	1.00000	0
55	V	0.00000	0	1.00000	0
56	F	0.00000	0	1.00000	0
57	G	0.00000	0	1.00000	0
58	N	0.00000	0	1.00000	0
59	V	0.00000	0	1.00000	0
60	L	0.00000	0	1.00000	0
61	V	0.00001	0	0.99999	0
62	C	0.00010	0	0.99990	0
63	V	0.00299	0	0.99701	0
64	A	0.10171	0	0.89829	0
65	V	0.29391	0	0.70609	0
66	S	0.92413	0	0.07587	0
67	R	0.99838	0	0.00162	0
68	E	0.99998	0	0.00002	0
69	K	1.00000	0	0.00000	0
70	A	1.00000	0	0.00000	0
71	L	1.00000	0	0.00000	0
72	Q	1.00000	0	0.00000	0
73	T	0.99987	0	0.00013	0
74	T	0.99629	0	0.00371	0
75	T	0.87128	0	0.12872	0
76	N	0.15065	0	0.84935	0
77	Y	0.04009	0	0.95991	0
78	L	0.00034	0	0.99966	0
79	I	0.00000	0	1.00000	0
80	V	0.00000	0	1.00000	0
81	S	0.00000	0	1.00000	0
82	L	0.00000	0	1.00000	0
83	A	0.00000	0	1.00000	0
84	V	0.00000	0	1.00000	0
85	S	0.00000	0	1.00000	0
86	D	0.00000	0	1.00000	0
87	L	0.00000	0	1.00000	0
88	L	0.00000	0	1.00000	0
89	L	0.00000	0	1.00000	0
90	A	0.00000	0	1.00000	0
91	T	0.00000	0	1.00000	0
92	L	0.00000	0	1.00000	0
93	V	0.00000	0	1.00000	0
94	M	0.00000	7e-05	0.99993	0
95	P	0.00000	0.00293	0.99707	0
96	W	0.00000	0.03193	0.96807	0
97	G	0.00000	0.1847	0.81530	0
98	V	0.00000	0.42558	0.57442	0
99	Y	0.00000	0.91075	0.08925	0
100	L	0.00000	0.99982	0.00018	0
101	E	0.00000	1	0.00000	0
102	V	0.00000	1	0.00000	0
103	V	0.00000	1	0.00000	0
104	G	0.00000	1	0.00000	0
105	E	0.00000	1	0.00000	0
106	W	0.00000	1	0.00000	0
107	R	0.00000	1	0.00000	0
108	F	0.00000	1	0.00000	0
109	S	0.00000	1	0.00000	0
110	R	0.00000	0.99999	0.00001	0
111	I	0.00000	0.99992	0.00008	0
112	H	0.00000	0.99987	0.00013	0
113	C	0.00000	0.99977	0.00023	0
114	D	0.00000	0.99901	0.00099	0
115	V	0.00000	0.99419	0.00581	0
116	L	0.00000	0.52756	0.47244	0
117	L	0.00000	0.10628	0.89372	0
118	T	0.00000	0.04581	0.95419	0
119	L	0.00000	0.00041	0.99959	0
120	D	0.00000	0.0001	0.99990	0
121	V	0.00000	0	1.00000	0
122	M	0.00000	0	1.00000	0
123	M	0.00000	0	1.00000	0
124	C	0.00000	0	1.00000	0
125	T	0.00000	0	1.00000	0
126	A	0.00000	0	1.00000	0
127	S	0.00000	0	1.00000	0
128	I	0.00000	0	1.00000	0
129	L	0.00000	0	1.00000	0
130	N	0.00000	0	1.00000	0
131	L	0.00000	0	1.00000	0
132	C	0.00000	0	1.00000	0
133	A	0.00000	0	1.00000	0
134	I	0.00000	0	1.00000	0
135	S	0.00000	0	1.00000	0
136	I	0.00000	0	1.00000	0
137	D	0.00001	0	0.99999	0
138	R	0.01909	0	0.98091	0
139	Y	0.43197	0	0.56803	0
140	T	0.90354	0	0.09646	0
141	A	0.98599	0	0.01401	0
142	V	0.99999	0	0.00001	0
143	A	1.00000	0	0.00000	0
144	M	1.00000	0	0.00000	0
145	P	1.00000	0	0.00000	0
146	L	1.00000	0	0.00000	0
147	L	1.00000	0	0.00000	0
148	Y	1.00000	0	0.00000	0
149	N	1.00000	0	0.00000	0
150	T	1.00000	0	0.00000	0
151	R	1.00000	0	0.00000	0
152	Y	1.00000	0	0.00000	0
153	S	1.00000	0	0.00000	0
154	S	1.00000	0	0.00000	0
155	R	0.99999	0	0.00001	0
156	R	0.99935	0	0.00065	0
157	R	0.98452	0	0.01548	0
158	V	0.23052	0	0.76948	0
159	A	0.06653	0	0.93347	0
160	L	0.00108	0	0.99892	0
161	M	0.00003	0	0.99997	0
162	I	0.00000	0	1.00000	0
163	A	0.00000	0	1.00000	0
164	V	0.00000	0	1.00000	0
165	V	0.00000	0	1.00000	0
166	W	0.00000	0	1.00000	0
167	F	0.00000	0	1.00000	0
168	L	0.00000	0	1.00000	0
169	S	0.00000	0	1.00000	0
170	F	0.00000	0	1.00000	0
171	A	0.00000	0	1.00000	0
172	I	0.00000	0	1.00000	0
173	S	0.00000	0	1.00000	0
174	C	0.00000	0	1.00000	0
175	P	0.00000	0	1.00000	0
176	L	0.00000	1e-05	0.99999	0
177	L	0.00000	0.00016	0.99984	0
178	F	0.00000	0.00518	0.99482	0
179	G	0.00000	0.0765	0.92350	0
180	L	0.00000	0.24821	0.75179	0
181	N	0.00000	0.97432	0.02568	0
182	N	0.00000	0.99933	0.00067	0
183	T	0.00000	0.99993	0.00007	0
184	A	0.00000	0.99997	0.00003	0
185	S	0.00000	1	0.00000	0
186	Q	0.00000	1	0.00000	0
187	E	0.00000	1	0.00000	0
188	G	0.00000	1	0.00000	0
189	R	0.00000	1	0.00000	0
190	D	0.00000	1	0.00000	0
191	C	0.00000	1	0.00000	0
192	S	0.00000	1	0.00000	0
193	F	0.00000	1	0.00000	0
194	A	0.00000	1	0.00000	0
195	D	0.00000	0.99999	0.00001	0
196	P	0.00000	0.99134	0.00866	0
197	A	0.00000	0.61222	0.38778	0
198	F	0.00000	0.29728	0.70272	0
199	V	0.00000	0.27159	0.72841	0
200	V	0.00000	0.25422	0.74578	0
201	Y	0.00000	0.15537	0.84463	0
202	S	0.00000	0.15105	0.84895	0
203	S	0.00000	0.09031	0.90969	0
204	V	0.00000	0.03835	0.96165	0
205	A	0.00000	2e-05	0.99998	0
206	S	0.00000	0	1.00000	0
207	F	0.00000	0	1.00000	0
208	Y	0.00000	0	1.00000	0
209	V	0.00000	0	1.00000	0
210	P	0.00000	0	1.00000	0
211	F	0.00000	0	1.00000	0
212	I	0.00000	0	1.00000	0
213	V	0.00000	0	1.00000	0
214	T	0.00000	0	1.00000	0
215	L	0.00000	0	1.00000	0
216	L	0.00000	0	1.00000	0
217	V	0.00000	0	1.00000	0
218	Y	0.00007	0	0.99993	0
219	V	0.00350	0	0.99650	0
220	Q	0.10442	0	0.89558	0
221	I	0.10880	0	0.89120	0
222	C	0.13831	0	0.86169	0
223	V	0.23105	0	0.76895	0
224	V	0.28384	0	0.71616	0
225	L	0.38944	0	0.61056	0
226	R	0.96340	0	0.03660	0
227	R	0.99532	0	0.00468	0
228	R	0.99950	0	0.00050	0
229	G	0.99982	0	0.00018	0
230	R	0.99999	0	0.00001	0
231	R	1.00000	0	0.00000	0
232	T	1.00000	0	0.00000	0
233	A	1.00000	0	0.00000	0
234	P	1.00000	0	0.00000	0
235	T	1.00000	0	0.00000	0
236	R	1.00000	0	0.00000	0
237	R	1.00000	0	0.00000	0
238	R	1.00000	0	0.00000	0
239	A	1.00000	0	0.00000	0
240	A	1.00000	0	0.00000	0
241	N	1.00000	0	0.00000	0
242	T	1.00000	0	0.00000	0
243	E	1.00000	0	0.00000	0
244	P	1.00000	0	0.00000	0
245	A	1.00000	0	0.00000	0
246	D	1.00000	0	0.00000	0
247	A	1.00000	0	0.00000	0
248	Q	1.00000	0	0.00000	0
249	R	1.00000	0	0.00000	0
250	S	1.00000	0	0.00000	0
251	C	1.00000	0	0.00000	0
252	K	1.00000	0	0.00000	0
253	N	1.00000	0	0.00000	0
254	K	1.00000	0	0.00000	0
255	C	1.00000	0	0.00000	0
256	T	1.00000	0	0.00000	0
257	H	1.00000	0	0.00000	0
258	P	1.00000	0	0.00000	0
259	E	1.00000	0	0.00000	0
260	D	1.00000	0	0.00000	0
261	V	1.00000	0	0.00000	0
262	K	1.00000	0	0.00000	0
263	L	1.00000	0	0.00000	0
264	C	1.00000	0	0.00000	0
265	T	1.00000	0	0.00000	0
266	L	1.00000	0	0.00000	0
267	I	1.00000	0	0.00000	0
268	L	1.00000	0	0.00000	0
269	K	1.00000	0	0.00000	0
270	P	1.00000	0	0.00000	0
271	P	1.00000	0	0.00000	0
272	A	1.00000	0	0.00000	0
273	A	1.00000	0	0.00000	0
274	A	1.00000	0	0.00000	0
275	P	1.00000	0	0.00000	0
276	Q	1.00000	0	0.00000	0
277	R	1.00000	0	0.00000	0
278	K	1.00000	0	0.00000	0
279	K	1.00000	0	0.00000	0
280	V	1.00000	0	0.00000	0
281	T	1.00000	0	0.00000	0
282	L	1.00000	0	0.00000	0
283	V	1.00000	0	0.00000	0
284	K	1.00000	0	0.00000	0
285	E	1.00000	0	0.00000	0
286	A	1.00000	0	0.00000	0
287	V	1.00000	0	0.00000	0
288	V	1.00000	0	0.00000	0
289	H	1.00000	0	0.00000	0
290	P	1.00000	0	0.00000	0
291	L	1.00000	0	0.00000	0
292	A	1.00000	0	0.00000	0
293	V	1.00000	0	0.00000	0
294	E	1.00000	0	0.00000	0
295	P	1.00000	0	0.00000	0
296	V	1.00000	0	0.00000	0
297	C	1.00000	0	0.00000	0
298	S	1.00000	0	0.00000	0
299	L	1.00000	0	0.00000	0
300	S	1.00000	0	0.00000	0
301	A	1.00000	0	0.00000	0
302	D	1.00000	0	0.00000	0
303	R	1.00000	0	0.00000	0
304	E	1.00000	0	0.00000	0
305	Q	1.00000	0	0.00000	0
306	T	1.00000	0	0.00000	0
307	Q	1.00000	0	0.00000	0
308	T	1.00000	0	0.00000	0
309	Q	1.00000	0	0.00000	0
310	P	1.00000	0	0.00000	0
311	S	1.00000	0	0.00000	0
312	G	1.00000	0	0.00000	0
313	R	1.00000	0	0.00000	0
314	A	1.00000	0	0.00000	0
315	K	1.00000	0	0.00000	0
316	L	1.00000	0	0.00000	0
317	S	1.00000	0	0.00000	0
318	L	1.00000	0	0.00000	0
319	S	1.00000	0	0.00000	0
320	V	1.00000	0	0.00000	0
321	A	1.00000	0	0.00000	0
322	P	1.00000	0	0.00000	0
323	C	1.00000	0	0.00000	0
324	A	1.00000	0	0.00000	0
325	G	1.00000	0	0.00000	0
326	Q	1.00000	0	0.00000	0
327	S	1.00000	0	0.00000	0
328	G	1.00000	0	0.00000	0
329	P	1.00000	0	0.00000	0
330	G	1.00000	0	0.00000	0
331	P	1.00000	0	0.00000	0
332	R	1.00000	0	0.00000	0
333	R	1.00000	0	0.00000	0
334	D	1.00000	0	0.00000	0
335	T	1.00000	0	0.00000	0
336	L	1.00000	0	0.00000	0
337	Q	1.00000	0	0.00000	0
338	E	1.00000	0	0.00000	0
339	K	1.00000	0	0.00000	0
340	T	1.00000	0	0.00000	0
341	H	1.00000	0	0.00000	0
342	T	1.00000	0	0.00000	0
343	E	1.00000	0	0.00000	0
344	K	1.00000	0	0.00000	0
345	H	1.00000	0	0.00000	0
346	A	1.00000	0	0.00000	0
347	A	1.00000	0	0.00000	0
348	A	1.00000	0	0.00000	0
349	K	1.00000	0	0.00000	0
350	E	1.00000	0	0.00000	0
351	R	1.00000	0	0.00000	0
352	V	1.00000	0	0.00000	0
353	R	1.00000	0	0.00000	0
354	G	1.00000	0	0.00000	0
355	R	1.00000	0	0.00000	0
356	L	1.00000	0	0.00000	0
357	S	1.00000	0	0.00000	0
358	Q	1.00000	0	0.00000	0
359	Q	1.00000	0	0.00000	0
360	K	1.00000	0	0.00000	0
361	E	1.00000	0	0.00000	0
362	R	0.99400	0	0.00600	0
363	K	0.99333	0	0.00667	0
364	A	0.92388	0	0.07612	0
365	T	0.91746	0	0.08254	0
366	Q	0.74309	0	0.25691	0
367	M	0.72052	0	0.27948	0
368	L	0.00376	0	0.99624	0
369	A	0.00002	0	0.99998	0
370	I	0.00000	0	1.00000	0
371	V	0.00000	0	1.00000	0
372	L	0.00000	0	1.00000	0
373	G	0.00000	0	1.00000	0
374	V	0.00000	0	1.00000	0
375	F	0.00000	0	1.00000	0
376	I	0.00000	0	1.00000	0
377	I	0.00000	0	1.00000	0
378	C	0.00000	0	1.00000	0
379	W	0.00000	0	1.00000	0
380	L	0.00000	0	1.00000	0
381	P	0.00000	0	1.00000	0
382	F	0.00000	0	1.00000	0
383	F	0.00000	0	1.00000	0
384	L	0.00000	0.00031	0.99969	0
385	T	0.00000	0.00467	0.99533	0
386	H	0.00000	0.0106	0.98940	0
387	V	0.00000	0.02089	0.97911	0
388	L	0.00000	0.09008	0.90992	0
389	K	0.00000	0.89795	0.10205	0
390	A	0.00000	0.91826	0.08174	0
391	H	0.00000	0.99729	0.00271	0
392	C	0.00000	0.99965	0.00035	0
393	G	0.00000	0.99993	0.00007	0
394	S	0.00000	0.99999	0.00001	0
395	C	0.00000	1	0.00000	0
396	C	0.00000	1	0.00000	0
397	I	0.00000	0.99999	0.00001	0
398	S	0.00000	0.99997	0.00003	0
399	P	0.00000	0.99995	0.00005	0
400	S	0.00000	0.99973	0.00027	0
401	L	0.00000	0.99521	0.00479	0
402	Y	0.00000	0.994	0.00600	0
403	S	0.00000	0.83337	0.16663	0
404	A	0.00000	0.0204	0.97960	0
405	V	0.00000	0.00199	0.99801	0
406	T	0.00000	0.00038	0.99962	0
407	W	0.00000	0	1.00000	0
408	L	0.00000	0	1.00000	0
409	G	0.00000	0	1.00000	0
410	Y	0.00000	0	1.00000	0
411	L	0.00000	0	1.00000	0
412	N	0.00000	0	1.00000	0
413	S	0.00000	0	1.00000	0
414	A	0.00000	0	1.00000	0
415	V	0.00000	0	1.00000	0
416	N	0.00000	0	1.00000	0
417	P	0.00000	0	1.00000	0
418	V	0.00000	0	1.00000	0
419	I	0.00000	0	1.00000	0
420	Y	0.00001	0	0.99999	0
421	T	0.00005	0	0.99995	0
422	T	0.00044	0	0.99956	0
423	F	0.04507	0	0.95493	0
424	N	0.50742	0	0.49258	0
425	I	0.74143	0	0.25857	0
426	E	1.00000	0	0.00000	0
427	F	1.00000	0	0.00000	0
428	R	1.00000	0	0.00000	0
429	K	1.00000	0	0.00000	0
430	A	1.00000	0	0.00000	0
431	F	1.00000	0	0.00000	0
432	I	1.00000	0	0.00000	0
433	K	1.00000	0	0.00000	0
434	I	1.00000	0	0.00000	0
435	L	1.00000	0	0.00000	0
436	H	1.00000	0	0.00000	0
437	C	1.00000	0	0.00000	0
