# UNNAMED
#pos	aa	i	o	M	S
1	M	0.00000	0.99999	0.00000	1e-05
2	E	0.00000	0.99999	0.00000	1e-05
3	K	0.00000	0.99999	0.00000	1e-05
4	L	0.00000	0.99999	0.00000	1e-05
5	C	0.00000	0.99999	0.00000	1e-05
6	F	0.00000	0.99999	0.00000	1e-05
7	N	0.00000	0.99999	0.00000	1e-05
8	G	0.00000	0.99999	0.00000	1e-05
9	F	0.00000	0.99999	0.00000	1e-05
10	S	0.00000	0.99999	0.00000	1e-05
11	K	0.00000	0.99999	0.00000	1e-05
12	E	0.00000	0.99999	0.00000	1e-05
13	G	0.00000	0.99998	0.00000	1e-05
14	F	0.00000	0.99998	0.00000	1e-05
15	G	0.00000	0.99998	0.00001	1e-05
16	S	0.00000	0.99996	0.00004	0
17	V	0.00000	0.99974	0.00026	0
18	E	0.00000	0.99964	0.00036	0
19	K	0.00000	0.99619	0.00381	0
20	V	0.00000	0.55953	0.44047	0
21	V	0.00000	0.17116	0.82884	0
22	L	0.00000	0.05461	0.94539	0
23	L	0.00000	0.02373	0.97627	0
24	T	0.00000	0.01032	0.98968	0
25	F	0.00000	0.00215	0.99785	0
26	L	0.00000	0.00022	0.99978	0
27	S	0.00000	3e-05	0.99997	0
28	A	0.00000	0	1.00000	0
29	V	0.00000	0	1.00000	0
30	I	0.00000	0	1.00000	0
31	L	0.00000	0	1.00000	0
32	M	0.00000	0	1.00000	0
33	A	0.00000	0	1.00000	0
34	I	0.00000	0	1.00000	0
35	L	0.00000	0	1.00000	0
36	G	0.00000	0	1.00000	0
37	N	0.00000	0	1.00000	0
38	L	0.00000	0	1.00000	0
39	L	0.00000	0	1.00000	0
40	V	0.00000	0	1.00000	0
41	M	0.00006	0	0.99994	0
42	V	0.00088	0	0.99912	0
43	A	0.03330	0	0.96670	0
44	V	0.12056	0	0.87944	0
45	C	0.45965	0	0.54035	0
46	R	0.99132	0	0.00868	0
47	D	0.99995	0	0.00005	0
48	R	1.00000	0	0.00000	0
49	Q	1.00000	0	0.00000	0
50	L	1.00000	0	0.00000	0
51	R	1.00000	0	0.00000	0
52	K	0.99999	0	0.00001	0
53	I	0.99682	0	0.00318	0
54	K	0.99591	0	0.00409	0
55	T	0.87035	0	0.12965	0
56	N	0.15677	0	0.84323	0
57	Y	0.04438	0	0.95562	0
58	F	0.00034	0	0.99966	0
59	I	0.00001	0	0.99999	0
60	V	0.00000	0	1.00000	0
61	S	0.00000	0	1.00000	0
62	L	0.00000	0	1.00000	0
63	A	0.00000	0	1.00000	0
64	F	0.00000	0	1.00000	0
65	A	0.00000	0	1.00000	0
66	D	0.00000	0	1.00000	0
67	L	0.00000	0	1.00000	0
68	L	0.00000	0	1.00000	0
69	V	0.00000	0	1.00000	0
70	S	0.00000	0	1.00000	0
71	V	0.00000	0	1.00000	0
72	L	0.00000	0	1.00000	0
73	V	0.00000	0	1.00000	0
74	M	0.00000	6e-05	0.99994	0
75	P	0.00000	0.00113	0.99887	0
76	F	0.00000	0.02763	0.97237	0
77	G	0.00000	0.16372	0.83628	0
78	A	0.00000	0.38219	0.61781	0
79	I	0.00000	0.58824	0.41176	0
80	E	0.00000	0.99993	0.00007	0
81	L	0.00000	0.99995	0.00005	0
82	V	0.00000	0.99997	0.00003	0
83	Q	0.00000	0.99999	0.00001	0
84	D	0.00000	1	0.00000	0
85	I	0.00000	1	0.00000	0
86	W	0.00000	1	0.00000	0
87	I	0.00000	1	0.00000	0
88	Y	0.00000	1	0.00000	0
89	G	0.00000	1	0.00000	0
90	E	0.00000	1	0.00000	0
91	M	0.00000	1	0.00000	0
92	F	0.00000	0.99967	0.00033	0
93	C	0.00000	0.9996	0.00040	0
94	L	0.00000	0.99914	0.00086	0
95	V	0.00000	0.99887	0.00113	0
96	R	0.00000	0.96644	0.03356	0
97	T	0.00000	0.8452	0.15480	0
98	S	0.00000	0.58132	0.41868	0
99	L	0.00000	0.03904	0.96096	0
100	D	0.00000	0.01036	0.98964	0
101	V	0.00000	0.00016	0.99984	0
102	L	0.00000	0	1.00000	0
103	L	0.00000	0	1.00000	0
104	T	0.00000	0	1.00000	0
105	T	0.00000	0	1.00000	0
106	A	0.00000	0	1.00000	0
107	S	0.00000	0	1.00000	0
108	I	0.00000	0	1.00000	0
109	F	0.00000	0	1.00000	0
110	H	0.00000	0	1.00000	0
111	L	0.00000	0	1.00000	0
112	C	0.00000	0	1.00000	0
113	C	0.00000	0	1.00000	0
114	I	0.00000	0	1.00000	0
115	S	0.00000	0	1.00000	0
116	L	0.00000	0	1.00000	0
117	D	0.00000	0	1.00000	0
118	R	0.00041	0	0.99959	0
119	Y	0.03427	0	0.96573	0
120	Y	0.25680	0	0.74320	0
121	A	0.96346	0	0.03654	0
122	I	0.99997	0	0.00003	0
123	C	1.00000	0	0.00000	0
124	C	1.00000	0	0.00000	0
125	Q	1.00000	0	0.00000	0
126	P	1.00000	0	0.00000	0
127	L	1.00000	0	0.00000	0
128	V	1.00000	0	0.00000	0
129	Y	1.00000	0	0.00000	0
130	R	1.00000	0	0.00000	0
131	N	1.00000	0	0.00000	0
132	K	1.00000	0	0.00000	0
133	M	0.99999	0	0.00001	0
134	T	0.99974	0	0.00026	0
135	P	0.99656	0	0.00344	0
136	L	0.89594	0	0.10406	0
137	R	0.84350	0	0.15650	0
138	I	0.01338	0	0.98662	0
139	A	0.00089	0	0.99911	0
140	L	0.00010	0	0.99990	0
141	M	0.00003	0	0.99997	0
142	L	0.00000	0	1.00000	0
143	G	0.00000	0	1.00000	0
144	G	0.00000	0	1.00000	0
145	C	0.00000	0	1.00000	0
146	W	0.00000	0	1.00000	0
147	V	0.00000	0	1.00000	0
148	I	0.00000	0	1.00000	0
149	P	0.00000	0	1.00000	0
150	T	0.00000	0	1.00000	0
151	F	0.00000	0	1.00000	0
152	I	0.00000	0	1.00000	0
153	S	0.00000	0	1.00000	0
154	F	0.00000	0	1.00000	0
155	L	0.00000	0.00015	0.99985	0
156	P	0.00000	0.00533	0.99467	0
157	I	0.00000	0.01009	0.98991	0
158	M	0.00000	0.05794	0.94206	0
159	Q	0.00000	0.84286	0.15714	0
160	G	0.00000	0.96294	0.03706	0
161	W	0.00000	0.98264	0.01736	0
162	N	0.00000	0.9994	0.00060	0
163	N	0.00000	0.99999	0.00001	0
164	I	0.00000	1	0.00000	0
165	G	0.00000	1	0.00000	0
166	I	0.00000	1	0.00000	0
167	I	0.00000	1	0.00000	0
168	D	0.00000	1	0.00000	0
169	L	0.00000	1	0.00000	0
170	V	0.00000	1	0.00000	0
171	S	0.00000	1	0.00000	0
172	I	0.00000	1	0.00000	0
173	N	0.00000	1	0.00000	0
174	I	0.00000	1	0.00000	0
175	A	0.00000	1	0.00000	0
176	P	0.00000	1	0.00000	0
177	I	0.00000	1	0.00000	0
178	G	0.00000	1	0.00000	0
179	L	0.00000	1	0.00000	0
180	L	0.00000	1	0.00000	0
181	S	0.00000	1	0.00000	0
182	D	0.00000	1	0.00000	0
183	P	0.00000	1	0.00000	0
184	H	0.00000	1	0.00000	0
185	C	0.00000	1	0.00000	0
186	L	0.00000	1	0.00000	0
187	E	0.00000	1	0.00000	0
188	K	0.00000	1	0.00000	0
189	R	0.00000	1	0.00000	0
190	K	0.00000	1	0.00000	0
191	F	0.00000	1	0.00000	0
192	N	0.00000	1	0.00000	0
193	Q	0.00000	1	0.00000	0
194	N	0.00000	1	0.00000	0
195	S	0.00000	1	0.00000	0
196	N	0.00000	1	0.00000	0
197	S	0.00000	1	0.00000	0
198	T	0.00000	0.99999	0.00001	0
199	Y	0.00000	0.99998	0.00002	0
200	C	0.00000	0.99962	0.00038	0
201	I	0.00000	0.65601	0.34399	0
202	F	0.00000	0.64218	0.35782	0
203	M	0.00000	0.64149	0.35851	0
204	V	0.00000	0.64128	0.35872	0
205	N	0.00000	0.64123	0.35877	0
206	K	0.00000	0.63927	0.36073	0
207	P	0.00000	0.38686	0.61314	0
208	Y	0.00000	0.05097	0.94903	0
209	A	0.00000	0.01272	0.98728	0
210	I	0.00000	0.00377	0.99623	0
211	T	0.00000	0.00292	0.99708	0
212	C	0.00000	0.0027	0.99730	0
213	S	0.00000	0.00015	0.99985	0
214	V	0.00000	5e-05	0.99995	0
215	V	0.00000	0	1.00000	0
216	A	0.00000	0	1.00000	0
217	F	0.00000	0	1.00000	0
218	Y	0.00000	0	1.00000	0
219	I	0.00000	0	1.00000	0
220	P	0.00000	0	1.00000	0
221	F	0.00000	0	1.00000	0
222	L	0.00000	0	1.00000	0
223	L	0.00005	0	0.99995	0
224	M	0.00021	0	0.99979	0
225	V	0.00047	0	0.99953	0
226	L	0.01716	0	0.98284	0
227	A	0.07320	0	0.92680	0
228	Y	0.10073	0	0.89927	0
229	Y	0.17501	0	0.82499	0
230	R	0.42000	0	0.58000	0
231	I	0.42994	0	0.57006	0
232	Y	0.48701	0	0.51299	0
233	V	0.80501	0	0.19499	0
234	T	0.99235	0	0.00765	0
235	A	0.99989	0	0.00011	0
236	K	0.99999	0	0.00001	0
237	E	1.00000	0	0.00000	0
238	H	1.00000	0	0.00000	0
239	A	1.00000	0	0.00000	0
240	H	1.00000	0	0.00000	0
241	Q	1.00000	0	0.00000	0
242	I	1.00000	0	0.00000	0
243	Q	1.00000	0	0.00000	0
244	M	1.00000	0	0.00000	0
245	L	1.00000	0	0.00000	0
246	Q	1.00000	0	0.00000	0
247	R	1.00000	0	0.00000	0
248	A	1.00000	0	0.00000	0
249	G	1.00000	0	0.00000	0
250	A	1.00000	0	0.00000	0
251	P	1.00000	0	0.00000	0
252	S	1.00000	0	0.00000	0
253	E	1.00000	0	0.00000	0
254	G	1.00000	0	0.00000	0
255	R	1.00000	0	0.00000	0
256	P	1.00000	0	0.00000	0
257	P	1.00000	0	0.00000	0
258	S	1.00000	0	0.00000	0
259	A	1.00000	0	0.00000	0
260	D	1.00000	0	0.00000	0
261	Q	1.00000	0	0.00000	0
262	H	1.00000	0	0.00000	0
263	S	1.00000	0	0.00000	0
264	T	1.00000	0	0.00000	0
265	H	1.00000	0	0.00000	0
266	R	1.00000	0	0.00000	0
267	M	1.00000	0	0.00000	0
268	R	1.00000	0	0.00000	0
269	T	1.00000	0	0.00000	0
270	E	1.00000	0	0.00000	0
271	T	0.87139	0	0.12861	0
272	K	0.86858	0	0.13142	0
273	A	0.39125	0	0.60875	0
274	A	0.38784	0	0.61216	0
275	K	0.38564	0	0.61436	0
276	T	0.27294	0	0.72706	0
277	L	0.00178	0	0.99822	0
278	C	0.00001	0	0.99999	0
279	I	0.00000	0	1.00000	0
280	I	0.00000	0	1.00000	0
281	M	0.00000	0	1.00000	0
282	G	0.00000	0	1.00000	0
283	C	0.00000	0	1.00000	0
284	F	0.00000	0	1.00000	0
285	C	0.00000	0	1.00000	0
286	L	0.00000	0	1.00000	0
287	C	0.00000	0	1.00000	0
288	W	0.00000	0	1.00000	0
289	A	0.00000	0	1.00000	0
290	P	0.00000	0	1.00000	0
291	F	0.00000	1e-05	0.99999	0
292	F	0.00000	0.00013	0.99987	0
293	V	0.00000	0.0184	0.98160	0
294	T	0.00000	0.14087	0.85913	0
295	N	0.00000	0.22881	0.77119	0
296	I	0.00000	0.26389	0.73611	0
297	V	0.00000	0.41677	0.58323	0
298	D	0.00000	0.97616	0.02384	0
299	P	0.00000	0.97864	0.02136	0
300	F	0.00000	0.97972	0.02028	0
301	I	0.00000	0.98442	0.01558	0
302	D	0.00000	0.99982	0.00018	0
303	Y	0.00000	0.99985	0.00015	0
304	T	0.00000	0.99991	0.00009	0
305	V	0.00000	0.99995	0.00005	0
306	P	0.00000	0.99994	0.00006	0
307	G	0.00000	0.99891	0.00109	0
308	Q	0.00000	0.98382	0.01618	0
309	V	0.00000	0.91744	0.08256	0
310	W	0.00000	0.89198	0.10802	0
311	T	0.00000	0.34185	0.65815	0
312	A	0.00000	0.00321	0.99679	0
313	F	0.00000	8e-05	0.99992	0
314	L	0.00000	0	1.00000	0
315	W	0.00000	0	1.00000	0
316	L	0.00000	0	1.00000	0
317	G	0.00000	0	1.00000	0
318	Y	0.00000	0	1.00000	0
319	I	0.00000	0	1.00000	0
320	N	0.00000	0	1.00000	0
321	S	0.00000	0	1.00000	0
322	G	0.00000	0	1.00000	0
323	L	0.00000	0	1.00000	0
324	N	0.00000	0	1.00000	0
325	P	0.00000	0	1.00000	0
326	F	0.00000	0	1.00000	0
327	L	0.00000	0	1.00000	0
328	Y	0.00001	0	0.99999	0
329	A	0.00013	0	0.99987	0
330	F	0.00247	0	0.99753	0
331	L	0.40546	0	0.59454	0
332	N	0.89865	0	0.10135	0
333	K	1.00000	0	0.00000	0
334	S	1.00000	0	0.00000	0
335	F	1.00000	0	0.00000	0
336	R	1.00000	0	0.00000	0
337	R	1.00000	0	0.00000	0
338	A	1.00000	0	0.00000	0
339	F	1.00000	0	0.00000	0
340	L	1.00000	0	0.00000	0
341	I	1.00000	0	0.00000	0
342	I	1.00000	0	0.00000	0
343	L	1.00000	0	0.00000	0
344	C	1.00000	0	0.00000	0
345	C	1.00000	0	0.00000	0
346	D	1.00000	0	0.00000	0
347	D	1.00000	0	0.00000	0
348	E	1.00000	0	0.00000	0
349	R	1.00000	0	0.00000	0
350	Y	1.00000	0	0.00000	0
351	R	1.00000	0	0.00000	0
352	R	1.00000	0	0.00000	0
353	P	1.00000	0	0.00000	0
354	S	1.00000	0	0.00000	0
355	I	1.00000	0	0.00000	0
356	L	1.00000	0	0.00000	0
357	G	1.00000	0	0.00000	0
358	Q	1.00000	0	0.00000	0
359	T	1.00000	0	0.00000	0
360	V	1.00000	0	0.00000	0
361	P	1.00000	0	0.00000	0
362	C	1.00000	0	0.00000	0
363	S	1.00000	0	0.00000	0
364	T	1.00000	0	0.00000	0
365	T	1.00000	0	0.00000	0
366	T	1.00000	0	0.00000	0
367	I	1.00000	0	0.00000	0
368	N	1.00000	0	0.00000	0
369	G	1.00000	0	0.00000	0
370	S	1.00000	0	0.00000	0
371	T	1.00000	0	0.00000	0
372	H	1.00000	0	0.00000	0
373	V	1.00000	0	0.00000	0
374	L	1.00000	0	0.00000	0
375	R	1.00000	0	0.00000	0
376	D	1.00000	0	0.00000	0
377	A	1.00000	0	0.00000	0
378	V	1.00000	0	0.00000	0
379	E	1.00000	0	0.00000	0
380	C	1.00000	0	0.00000	0
381	G	1.00000	0	0.00000	0
382	G	1.00000	0	0.00000	0
383	Q	1.00000	0	0.00000	0
384	W	1.00000	0	0.00000	0
385	E	1.00000	0	0.00000	0
386	S	1.00000	0	0.00000	0
387	Q	1.00000	0	0.00000	0
388	C	1.00000	0	0.00000	0
389	H	1.00000	0	0.00000	0
390	H	1.00000	0	0.00000	0
391	P	1.00000	0	0.00000	0
392	A	1.00000	0	0.00000	0
393	T	1.00000	0	0.00000	0
394	S	1.00000	0	0.00000	0
395	P	1.00000	0	0.00000	0
396	L	1.00000	0	0.00000	0
397	V	1.00000	0	0.00000	0
398	A	1.00000	0	0.00000	0
399	A	1.00000	0	0.00000	0
400	Q	1.00000	0	0.00000	0
401	H	1.00000	0	0.00000	0
402	S	1.00000	0	0.00000	0
403	D	1.00000	0	0.00000	0
404	T	1.00000	0	0.00000	0
