# UNNAMED
#pos	aa	i	o	M	S
1	M	0.00000	0.99962	0.00000	0.00038
2	N	0.00000	0.99962	0.00000	0.00038
3	N	0.00000	0.99962	0.00000	0.00038
4	P	0.00000	0.99962	0.00000	0.00038
5	P	0.00000	0.99962	0.00000	0.00038
6	I	0.00000	0.99962	0.00000	0.00038
7	H	0.00000	0.99962	0.00000	0.00038
8	G	0.00000	0.99962	0.00000	0.00038
9	M	0.00000	0.99962	0.00000	0.00038
10	S	0.00000	0.99962	0.00000	0.00038
11	T	0.00000	0.99962	0.00000	0.00038
12	V	0.00000	0.99962	0.00000	0.00038
13	E	0.00000	0.99962	0.00000	0.00038
14	F	0.00000	0.99962	0.00000	0.00038
15	C	0.00000	0.99962	0.00000	0.00038
16	F	0.00000	0.99962	0.00000	0.00038
17	E	0.00000	0.99962	0.00000	0.00038
18	H	0.00000	0.99981	0.00000	0.00019
19	V	0.00000	0.99981	0.00000	0.0002
20	N	0.00000	0.99981	0.00000	0.00019
21	G	0.00000	0.99981	0.00000	0.00019
22	S	0.00000	0.99981	0.00000	0.00019
23	C	0.00000	0.99981	0.00000	0.00019
24	I	0.00000	0.99985	0.00000	0.00015
25	K	0.00000	0.99985	0.00000	0.00015
26	T	0.00000	0.99985	0.00000	0.00015
27	A	0.00000	0.99996	0.00000	3e-05
28	R	0.00000	0.99997	0.00000	3e-05
29	S	0.00000	0.99994	0.00003	3e-05
30	I	0.00000	0.99965	0.00035	0
31	G	0.00000	0.99951	0.00049	0
32	I	0.00000	0.99921	0.00079	0
33	K	0.00000	0.99615	0.00385	0
34	T	0.00000	0.67795	0.32205	0
35	T	0.00000	0.32953	0.67047	0
36	L	0.00000	0.13385	0.86615	0
37	Y	0.00000	0.0198	0.98020	0
38	F	0.00000	0.00446	0.99554	0
39	V	0.00000	0.00047	0.99953	0
40	L	0.00000	9e-05	0.99991	0
41	V	0.00000	2e-05	0.99998	0
42	L	0.00000	1e-05	0.99999	0
43	T	0.00000	0	1.00000	0
44	M	0.00000	0	1.00000	0
45	L	0.00000	0	1.00000	0
46	I	0.00000	0	1.00000	0
47	T	0.00000	0	1.00000	0
48	V	0.00000	0	1.00000	0
49	S	0.00000	0	1.00000	0
50	G	0.00000	0	1.00000	0
51	N	0.00000	0	1.00000	0
52	L	0.00000	0	1.00000	0
53	M	0.00000	0	1.00000	0
54	V	0.00000	0	1.00000	0
55	I	0.00002	0	0.99998	0
56	I	0.00260	0	0.99740	0
57	S	0.28035	0	0.71965	0
58	I	0.36904	0	0.63096	0
59	S	0.88823	0	0.11177	0
60	H	0.95518	0	0.04482	0
61	F	0.97112	0	0.02888	0
62	K	0.99912	0	0.00088	0
63	Q	0.99999	0	0.00001	0
64	L	0.99999	0	0.00001	0
65	H	1.00000	0	0.00000	0
66	T	1.00000	0	0.00000	0
67	P	1.00000	0	0.00000	0
68	N	0.96787	0	0.03213	0
69	N	0.20457	0	0.79543	0
70	M	0.06595	0	0.93405	0
71	L	0.00094	0	0.99906	0
72	V	0.00013	0	0.99987	0
73	H	0.00000	0	1.00000	0
74	S	0.00000	0	1.00000	0
75	L	0.00000	0	1.00000	0
76	A	0.00000	0	1.00000	0
77	V	0.00000	0	1.00000	0
78	A	0.00000	0	1.00000	0
79	D	0.00000	0	1.00000	0
80	F	0.00000	0	1.00000	0
81	L	0.00000	0	1.00000	0
82	L	0.00000	0	1.00000	0
83	G	0.00000	0	1.00000	0
84	L	0.00000	0	1.00000	0
85	S	0.00000	0	1.00000	0
86	V	0.00000	0	1.00000	0
87	F	0.00000	4e-05	0.99996	0
88	P	0.00000	0.00218	0.99782	0
89	F	0.00000	0.00832	0.99168	0
90	S	0.00000	0.07608	0.92392	0
91	M	0.00000	0.16108	0.83892	0
92	L	0.00000	0.46633	0.53367	0
93	R	0.00000	0.9998	0.00020	0
94	T	0.00000	0.99987	0.00013	0
95	I	0.00000	0.99988	0.00012	0
96	E	0.00000	1	0.00000	0
97	T	0.00000	1	0.00000	0
98	C	0.00000	1	0.00000	0
99	W	0.00000	1	0.00000	0
100	Y	0.00000	1	0.00000	0
101	F	0.00000	1	0.00000	0
102	G	0.00000	1	0.00000	0
103	E	0.00000	1	0.00000	0
104	L	0.00000	1	0.00000	0
105	F	0.00000	0.99997	0.00003	0
106	C	0.00000	0.99997	0.00003	0
107	K	0.00000	0.99995	0.00005	0
108	L	0.00000	0.99626	0.00374	0
109	H	0.00000	0.63941	0.36059	0
110	S	0.00000	0.50502	0.49498	0
111	S	0.00000	0.2711	0.72890	0
112	V	0.00000	0.00186	0.99814	0
113	D	0.00000	0.00044	0.99956	0
114	M	0.00000	4e-05	0.99996	0
115	L	0.00000	0	1.00000	0
116	L	0.00000	0	1.00000	0
117	C	0.00000	0	1.00000	0
118	T	0.00000	0	1.00000	0
119	V	0.00000	0	1.00000	0
120	S	0.00000	0	1.00000	0
121	I	0.00000	0	1.00000	0
122	F	0.00000	0	1.00000	0
123	H	0.00000	0	1.00000	0
124	L	0.00000	0	1.00000	0
125	C	0.00000	0	1.00000	0
126	F	0.00000	0	1.00000	0
127	I	0.00000	0	1.00000	0
128	A	0.00002	0	0.99998	0
129	V	0.00004	0	0.99996	0
130	D	0.00017	0	0.99983	0
131	R	0.10338	0	0.89662	0
132	Y	0.56610	0	0.43390	0
133	Y	0.88314	0	0.11686	0
134	A	0.97988	0	0.02012	0
135	V	1.00000	0	0.00000	0
136	C	1.00000	0	0.00000	0
137	H	1.00000	0	0.00000	0
138	P	1.00000	0	0.00000	0
139	L	1.00000	0	0.00000	0
140	H	1.00000	0	0.00000	0
141	Y	1.00000	0	0.00000	0
142	T	1.00000	0	0.00000	0
143	T	0.99999	0	0.00001	0
144	K	0.99993	0	0.00007	0
145	I	0.96049	0	0.03951	0
146	T	0.93864	0	0.06136	0
147	I	0.73396	0	0.26604	0
148	P	0.70399	0	0.29601	0
149	V	0.11045	0	0.88955	0
150	A	0.05432	0	0.94568	0
151	W	0.01380	0	0.98620	0
152	M	0.00272	0	0.99728	0
153	F	0.00008	0	0.99992	0
154	I	0.00000	0	1.00000	0
155	A	0.00000	0	1.00000	0
156	A	0.00000	0	1.00000	0
157	G	0.00000	0	1.00000	0
158	W	0.00000	0	1.00000	0
159	L	0.00000	0	1.00000	0
160	L	0.00000	0	1.00000	0
161	P	0.00000	0	1.00000	0
162	G	0.00000	0	1.00000	0
163	M	0.00000	0	1.00000	0
164	Y	0.00000	2e-05	0.99998	0
165	A	0.00000	0.00034	0.99966	0
166	F	0.00000	0.00274	0.99726	0
167	G	0.00000	0.04629	0.95371	0
168	L	0.00000	0.08915	0.91085	0
169	M	0.00000	0.24637	0.75363	0
170	Y	0.00000	0.61435	0.38565	0
171	T	0.00000	0.87764	0.12236	0
172	G	0.00000	0.96329	0.03671	0
173	G	0.00000	0.9948	0.00520	0
174	N	0.00000	0.99981	0.00019	0
175	D	0.00000	1	0.00000	0
176	E	0.00000	1	0.00000	0
177	G	0.00000	1	0.00000	0
178	L	0.00000	1	0.00000	0
179	K	0.00000	1	0.00000	0
180	D	0.00000	1	0.00000	0
181	F	0.00000	1	0.00000	0
182	V	0.00000	1	0.00000	0
183	A	0.00000	1	0.00000	0
184	S	0.00000	1	0.00000	0
185	I	0.00000	1	0.00000	0
186	S	0.00000	1	0.00000	0
187	C	0.00000	1	0.00000	0
188	V	0.00000	1	0.00000	0
189	G	0.00000	1	0.00000	0
190	G	0.00000	1	0.00000	0
191	C	0.00000	1	0.00000	0
192	F	0.00000	0.9981	0.00190	0
193	L	0.00000	0.9981	0.00190	0
194	L	0.00000	0.99809	0.00191	0
195	F	0.00000	0.99805	0.00195	0
196	N	0.00000	0.99805	0.00195	0
197	K	0.00000	0.99805	0.00195	0
198	L	0.00000	0.00414	0.99586	0
199	W	0.00000	0.00395	0.99605	0
200	G	0.00000	0.00373	0.99627	0
201	L	0.00000	0.0033	0.99670	0
202	L	0.00000	0.00329	0.99671	0
203	D	0.00000	0.00327	0.99673	0
204	A	0.00000	0.00124	0.99876	0
205	V	0.00000	0	1.00000	0
206	T	0.00000	0	1.00000	0
207	F	0.00000	0	1.00000	0
208	Y	0.00000	0	1.00000	0
209	V	0.00000	0	1.00000	0
210	P	0.00000	0	1.00000	0
211	C	0.00000	0	1.00000	0
212	F	0.00000	0	1.00000	0
213	I	0.00000	0	1.00000	0
214	M	0.00000	0	1.00000	0
215	I	0.00000	0	1.00000	0
216	G	0.00002	0	0.99998	0
217	L	0.00003	0	0.99997	0
218	Y	0.00007	0	0.99993	0
219	A	0.00020	0	0.99980	0
220	W	0.00037	0	0.99963	0
221	I	0.00467	0	0.99533	0
222	F	0.09084	0	0.90916	0
223	T	0.86088	0	0.13912	0
224	V	0.89765	0	0.10235	0
225	A	0.97307	0	0.02693	0
226	R	0.99897	0	0.00103	0
227	R	0.99988	0	0.00012	0
228	Q	0.99997	0	0.00003	0
229	L	0.99998	0	0.00002	0
230	K	1.00000	0	0.00000	0
231	K	1.00000	0	0.00000	0
232	I	1.00000	0	0.00000	0
233	Q	1.00000	0	0.00000	0
234	N	1.00000	0	0.00000	0
235	T	1.00000	0	0.00000	0
236	E	1.00000	0	0.00000	0
237	G	1.00000	0	0.00000	0
238	K	1.00000	0	0.00000	0
239	C	1.00000	0	0.00000	0
240	N	1.00000	0	0.00000	0
241	P	1.00000	0	0.00000	0
242	I	1.00000	0	0.00000	0
243	E	1.00000	0	0.00000	0
244	E	1.00000	0	0.00000	0
245	K	1.00000	0	0.00000	0
246	K	1.00000	0	0.00000	0
247	T	1.00000	0	0.00000	0
248	K	1.00000	0	0.00000	0
249	I	1.00000	0	0.00000	0
250	T	1.00000	0	0.00000	0
251	R	1.00000	0	0.00000	0
252	S	1.00000	0	0.00000	0
253	R	1.00000	0	0.00000	0
254	E	1.00000	0	0.00000	0
255	Q	0.90828	0	0.09172	0
256	K	0.89607	0	0.10393	0
257	A	0.46332	0	0.53668	0
258	A	0.45284	0	0.54716	0
259	K	0.40051	0	0.59949	0
260	T	0.30993	0	0.69007	0
261	L	0.00469	0	0.99531	0
262	A	0.00018	0	0.99982	0
263	I	0.00002	0	0.99998	0
264	V	0.00001	0	0.99999	0
265	M	0.00001	0	0.99999	0
266	G	0.00000	0	1.00000	0
267	V	0.00000	0	1.00000	0
268	F	0.00000	0	1.00000	0
269	L	0.00000	0	1.00000	0
270	F	0.00000	0	1.00000	0
271	C	0.00000	0	1.00000	0
272	W	0.00000	0	1.00000	0
273	V	0.00000	0	1.00000	0
274	P	0.00000	2e-05	0.99998	0
275	Y	0.00000	0.00011	0.99989	0
276	F	0.00000	0.00075	0.99925	0
277	T	0.00000	0.16139	0.83861	0
278	D	0.00000	0.5218	0.47820	0
279	T	0.00000	0.52457	0.47543	0
280	M	0.00000	0.53291	0.46709	0
281	V	0.00000	0.57526	0.42474	0
282	D	0.00000	0.84878	0.15122	0
283	A	0.00000	0.85015	0.14985	0
284	Y	0.00000	0.86607	0.13393	0
285	I	0.00000	0.88673	0.11327	0
286	N	0.00000	0.92448	0.07552	0
287	F	0.00000	0.92846	0.07154	0
288	A	0.00000	0.96539	0.03461	0
289	T	0.00000	0.99715	0.00285	0
290	P	0.00000	0.9995	0.00050	0
291	T	0.00000	0.99891	0.00109	0
292	I	0.00000	0.99559	0.00441	0
293	V	0.00000	0.99206	0.00794	0
294	F	0.00000	0.99032	0.00968	0
295	E	0.00000	0.90488	0.09512	0
296	T	0.00000	0.43568	0.56432	0
297	L	0.00000	0.07429	0.92571	0
298	I	0.00000	0.00922	0.99078	0
299	W	0.00000	0.00055	0.99945	0
300	L	0.00000	0	1.00000	0
301	A	0.00000	0	1.00000	0
302	Y	0.00000	0	1.00000	0
303	F	0.00000	0	1.00000	0
304	N	0.00000	0	1.00000	0
305	S	0.00000	0	1.00000	0
306	A	0.00000	0	1.00000	0
307	F	0.00000	0	1.00000	0
308	N	0.00000	0	1.00000	0
309	P	0.00000	0	1.00000	0
310	L	0.00000	0	1.00000	0
311	I	0.00000	0	1.00000	0
312	Y	0.00005	0	0.99995	0
313	A	0.00021	0	0.99979	0
314	F	0.00038	0	0.99962	0
315	F	0.00200	0	0.99800	0
316	Y	0.03682	0	0.96318	0
317	P	0.25560	0	0.74440	0
318	W	0.49557	0	0.50443	0
319	F	0.89186	0	0.10814	0
320	R	1.00000	0	0.00000	0
321	K	1.00000	0	0.00000	0
322	A	1.00000	0	0.00000	0
323	F	1.00000	0	0.00000	0
324	N	1.00000	0	0.00000	0
325	I	1.00000	0	0.00000	0
326	I	1.00000	0	0.00000	0
327	I	1.00000	0	0.00000	0
328	T	1.00000	0	0.00000	0
329	G	1.00000	0	0.00000	0
330	K	1.00000	0	0.00000	0
331	I	1.00000	0	0.00000	0
332	F	1.00000	0	0.00000	0
333	S	1.00000	0	0.00000	0
334	P	1.00000	0	0.00000	0
335	N	1.00000	0	0.00000	0
336	S	1.00000	0	0.00000	0
337	S	1.00000	0	0.00000	0
338	I	1.00000	0	0.00000	0
339	I	1.00000	0	0.00000	0
340	Q	1.00000	0	0.00000	0
341	L	1.00000	0	0.00000	0
342	Y	1.00000	0	0.00000	0
343	N	1.00000	0	0.00000	0
344	E	1.00000	0	0.00000	0
