# UNNAMED
#pos	aa	i	o	M	S
1	M	0.00000	0.99965	0.00000	0.00035
2	D	0.00000	0.99965	0.00000	0.00035
3	F	0.00000	0.99965	0.00000	0.00035
4	L	0.00000	0.99965	0.00000	0.00035
5	T	0.00000	0.99965	0.00000	0.00035
6	S	0.00000	0.99965	0.00000	0.00035
7	T	0.00000	0.99965	0.00000	0.00035
8	N	0.00000	0.99965	0.00000	0.00035
9	A	0.00000	0.99965	0.00000	0.00035
10	S	0.00000	0.99965	0.00000	0.00035
11	N	0.00000	0.99965	0.00000	0.00035
12	A	0.00000	0.99965	0.00000	0.00035
13	T	0.00000	0.99965	0.00000	0.00035
14	G	0.00000	0.99965	0.00000	0.00035
15	G	0.00000	0.99978	0.00000	0.00022
16	Y	0.00000	1	0.00000	0
17	P	0.00000	1	0.00000	0
18	E	0.00000	1	0.00000	0
19	G	0.00000	1	0.00000	0
20	M	0.00000	1	0.00000	0
21	D	0.00000	1	0.00000	0
22	V	0.00000	1	0.00000	0
23	V	0.00000	1	0.00000	0
24	A	0.00000	1	0.00000	0
25	D	0.00000	1	0.00000	0
26	W	0.00000	1	0.00000	0
27	I	0.00000	1	0.00000	0
28	G	0.00000	1	0.00000	0
29	G	0.00000	1	0.00000	0
30	N	0.00000	1	0.00000	0
31	N	0.00000	1	0.00000	0
32	A	0.00000	1	0.00000	0
33	T	0.00000	1	0.00000	0
34	E	0.00000	1	0.00000	0
35	S	0.00000	1	0.00000	0
36	R	0.00000	1	0.00000	0
37	F	0.00000	1	0.00000	0
38	Q	0.00000	1	0.00000	0
39	P	0.00000	1	0.00000	0
40	D	0.00000	1	0.00000	0
41	L	0.00000	0.98822	0.01178	0
42	V	0.00000	0.95465	0.04535	0
43	L	0.00000	0.90506	0.09494	0
44	A	0.00000	0.78593	0.21407	0
45	Y	0.00000	0.47265	0.52735	0
46	Q	0.00000	0.41116	0.58884	0
47	I	0.00000	0.08229	0.91771	0
48	I	0.00000	0.03673	0.96327	0
49	T	0.00000	0.03107	0.96893	0
50	S	0.00000	0.02515	0.97485	0
51	L	0.00000	0.00933	0.99067	0
52	L	0.00000	0.00434	0.99566	0
53	L	0.00000	0.00062	0.99938	0
54	V	0.00000	1e-05	0.99999	0
55	A	0.00000	0	1.00000	0
56	L	0.00000	0	1.00000	0
57	I	0.00000	0	1.00000	0
58	L	0.00000	0	1.00000	0
59	C	0.00000	0	1.00000	0
60	S	0.00000	0	1.00000	0
61	I	0.00000	0	1.00000	0
62	F	0.00000	0	1.00000	0
63	G	0.00000	0	1.00000	0
64	N	0.00000	0	1.00000	0
65	A	0.00000	0	1.00000	0
66	C	0.00002	0	0.99998	0
67	V	0.00007	0	0.99993	0
68	V	0.00031	0	0.99969	0
69	A	0.00467	0	0.99533	0
70	A	0.04080	0	0.95920	0
71	I	0.10168	0	0.89832	0
72	A	0.46170	0	0.53830	0
73	L	0.70629	0	0.29371	0
74	E	0.99511	0	0.00489	0
75	R	0.99993	0	0.00007	0
76	S	0.99999	0	0.00001	0
77	L	0.99998	0	0.00002	0
78	Q	0.99989	0	0.00011	0
79	N	0.99080	0	0.00920	0
80	V	0.95660	0	0.04340	0
81	A	0.76205	0	0.23795	0
82	N	0.21529	0	0.78471	0
83	Y	0.08257	0	0.91743	0
84	L	0.00130	0	0.99870	0
85	I	0.00003	0	0.99997	0
86	G	0.00000	0	1.00000	0
87	S	0.00000	0	1.00000	0
88	L	0.00000	0	1.00000	0
89	A	0.00000	0	1.00000	0
90	V	0.00000	0	1.00000	0
91	T	0.00000	0	1.00000	0
92	D	0.00000	0	1.00000	0
93	L	0.00000	0	1.00000	0
94	M	0.00000	0	1.00000	0
95	V	0.00000	0	1.00000	0
96	S	0.00000	0	1.00000	0
97	V	0.00000	0	1.00000	0
98	L	0.00000	0	1.00000	0
99	V	0.00000	2e-05	0.99998	0
100	L	0.00000	0.00012	0.99988	0
101	P	0.00000	0.00089	0.99911	0
102	M	0.00000	0.01515	0.98485	0
103	A	0.00000	0.09563	0.90437	0
104	A	0.00000	0.27752	0.72248	0
105	L	0.00000	0.43971	0.56029	0
106	Y	0.00000	0.99967	0.00033	0
107	Q	0.00000	0.9998	0.00020	0
108	V	0.00000	0.99982	0.00018	0
109	L	0.00000	0.99987	0.00013	0
110	N	0.00000	0.99999	0.00001	0
111	K	0.00000	1	0.00000	0
112	W	0.00000	1	0.00000	0
113	T	0.00000	1	0.00000	0
114	L	0.00000	1	0.00000	0
115	G	0.00000	1	0.00000	0
116	Q	0.00000	1	0.00000	0
117	E	0.00000	1	0.00000	0
118	I	0.00000	0.99984	0.00016	0
119	C	0.00000	0.99958	0.00042	0
120	D	0.00000	0.99835	0.00165	0
121	L	0.00000	0.99132	0.00868	0
122	F	0.00000	0.32676	0.67324	0
123	I	0.00000	0.03875	0.96125	0
124	S	0.00000	0.00312	0.99688	0
125	L	0.00000	3e-05	0.99997	0
126	D	0.00000	1e-05	0.99999	0
127	V	0.00000	0	1.00000	0
128	L	0.00000	0	1.00000	0
129	C	0.00000	0	1.00000	0
130	C	0.00000	0	1.00000	0
131	T	0.00000	0	1.00000	0
132	S	0.00000	0	1.00000	0
133	S	0.00000	0	1.00000	0
134	I	0.00000	0	1.00000	0
135	L	0.00000	0	1.00000	0
136	H	0.00000	0	1.00000	0
137	L	0.00000	0	1.00000	0
138	C	0.00000	0	1.00000	0
139	A	0.00000	0	1.00000	0
140	I	0.00000	0	1.00000	0
141	A	0.00001	0	0.99999	0
142	L	0.00001	0	0.99999	0
143	D	0.00009	0	0.99991	0
144	R	0.14610	0	0.85390	0
145	Y	0.90950	0	0.09050	0
146	W	0.96098	0	0.03902	0
147	A	0.98269	0	0.01731	0
148	I	1.00000	0	0.00000	0
149	T	1.00000	0	0.00000	0
150	D	1.00000	0	0.00000	0
151	P	1.00000	0	0.00000	0
152	I	1.00000	0	0.00000	0
153	D	1.00000	0	0.00000	0
154	Y	1.00000	0	0.00000	0
155	V	1.00000	0	0.00000	0
156	N	1.00000	0	0.00000	0
157	K	1.00000	0	0.00000	0
158	R	1.00000	0	0.00000	0
159	T	1.00000	0	0.00000	0
160	P	0.99999	0	0.00001	0
161	K	0.99926	0	0.00074	0
162	R	0.94863	0	0.05137	0
163	A	0.05078	0	0.94922	0
164	A	0.00780	0	0.99220	0
165	L	0.00024	0	0.99976	0
166	L	0.00000	0	1.00000	0
167	I	0.00000	0	1.00000	0
168	S	0.00000	0	1.00000	0
169	A	0.00000	0	1.00000	0
170	T	0.00000	0	1.00000	0
171	W	0.00000	0	1.00000	0
172	L	0.00000	0	1.00000	0
173	I	0.00000	0	1.00000	0
174	G	0.00000	0	1.00000	0
175	F	0.00000	0	1.00000	0
176	S	0.00000	0	1.00000	0
177	I	0.00000	0	1.00000	0
178	S	0.00000	0	1.00000	0
179	I	0.00000	0	1.00000	0
180	P	0.00000	1e-05	0.99999	0
181	P	0.00000	0.00012	0.99988	0
182	M	0.00000	0.00097	0.99903	0
183	L	0.00000	0.04167	0.95833	0
184	G	0.00000	0.61206	0.38794	0
185	W	0.00000	0.79028	0.20972	0
186	R	0.00000	0.99297	0.00703	0
187	S	0.00000	0.99948	0.00052	0
188	A	0.00000	0.99986	0.00014	0
189	E	0.00000	1	0.00000	0
190	D	0.00000	1	0.00000	0
191	R	0.00000	1	0.00000	0
192	A	0.00000	1	0.00000	0
193	N	0.00000	1	0.00000	0
194	P	0.00000	1	0.00000	0
195	D	0.00000	1	0.00000	0
196	A	0.00000	1	0.00000	0
197	C	0.00000	1	0.00000	0
198	M	0.00000	1	0.00000	0
199	I	0.00000	1	0.00000	0
200	S	0.00000	1	0.00000	0
201	Q	0.00000	1	0.00000	0
202	D	0.00000	0.99999	0.00001	0
203	P	0.00000	0.9942	0.00580	0
204	G	0.00000	0.84638	0.15362	0
205	Y	0.00000	0.75052	0.24948	0
206	T	0.00000	0.72551	0.27449	0
207	I	0.00000	0.00669	0.99331	0
208	Y	0.00000	0.0024	0.99760	0
209	S	0.00000	0.00196	0.99804	0
210	T	0.00000	0.00035	0.99965	0
211	F	0.00000	0.00023	0.99977	0
212	G	0.00000	0	1.00000	0
213	A	0.00000	0	1.00000	0
214	F	0.00000	0	1.00000	0
215	Y	0.00000	0	1.00000	0
216	I	0.00000	0	1.00000	0
217	P	0.00000	0	1.00000	0
218	L	0.00000	0	1.00000	0
219	I	0.00000	0	1.00000	0
220	L	0.00000	0	1.00000	0
221	M	0.00000	0	1.00000	0
222	L	0.00000	0	1.00000	0
223	V	0.00000	0	1.00000	0
224	L	0.00000	0	1.00000	0
225	Y	0.00025	0	0.99975	0
226	G	0.01288	0	0.98712	0
227	R	0.04490	0	0.95510	0
228	I	0.04925	0	0.95075	0
229	F	0.09458	0	0.90542	0
230	R	0.94458	0	0.05542	0
231	A	0.96087	0	0.03913	0
232	A	0.99921	0	0.00079	0
233	R	0.99966	0	0.00034	0
234	F	0.99969	0	0.00031	0
235	R	1.00000	0	0.00000	0
236	I	1.00000	0	0.00000	0
237	R	1.00000	0	0.00000	0
238	K	1.00000	0	0.00000	0
239	T	1.00000	0	0.00000	0
240	V	1.00000	0	0.00000	0
241	K	1.00000	0	0.00000	0
242	K	1.00000	0	0.00000	0
243	T	1.00000	0	0.00000	0
244	E	1.00000	0	0.00000	0
245	T	1.00000	0	0.00000	0
246	A	1.00000	0	0.00000	0
247	K	1.00000	0	0.00000	0
248	V	1.00000	0	0.00000	0
249	S	1.00000	0	0.00000	0
250	D	1.00000	0	0.00000	0
251	K	1.00000	0	0.00000	0
252	C	1.00000	0	0.00000	0
253	L	1.00000	0	0.00000	0
254	A	1.00000	0	0.00000	0
255	V	1.00000	0	0.00000	0
256	S	1.00000	0	0.00000	0
257	P	1.00000	0	0.00000	0
258	A	1.00000	0	0.00000	0
259	I	1.00000	0	0.00000	0
260	F	1.00000	0	0.00000	0
261	H	1.00000	0	0.00000	0
262	K	1.00000	0	0.00000	0
263	K	1.00000	0	0.00000	0
264	S	1.00000	0	0.00000	0
265	N	1.00000	0	0.00000	0
266	G	1.00000	0	0.00000	0
267	E	1.00000	0	0.00000	0
268	T	1.00000	0	0.00000	0
269	R	1.00000	0	0.00000	0
270	G	1.00000	0	0.00000	0
271	K	1.00000	0	0.00000	0
272	G	1.00000	0	0.00000	0
273	W	1.00000	0	0.00000	0
274	R	1.00000	0	0.00000	0
275	R	1.00000	0	0.00000	0
276	C	1.00000	0	0.00000	0
277	D	1.00000	0	0.00000	0
278	E	1.00000	0	0.00000	0
279	S	1.00000	0	0.00000	0
280	K	1.00000	0	0.00000	0
281	S	1.00000	0	0.00000	0
282	S	1.00000	0	0.00000	0
283	S	1.00000	0	0.00000	0
284	P	1.00000	0	0.00000	0
285	C	1.00000	0	0.00000	0
286	V	1.00000	0	0.00000	0
287	N	1.00000	0	0.00000	0
288	G	1.00000	0	0.00000	0
289	A	1.00000	0	0.00000	0
290	V	1.00000	0	0.00000	0
291	K	1.00000	0	0.00000	0
292	H	1.00000	0	0.00000	0
293	G	1.00000	0	0.00000	0
294	E	1.00000	0	0.00000	0
295	E	1.00000	0	0.00000	0
296	G	1.00000	0	0.00000	0
297	E	1.00000	0	0.00000	0
298	S	1.00000	0	0.00000	0
299	L	1.00000	0	0.00000	0
300	E	1.00000	0	0.00000	0
301	I	1.00000	0	0.00000	0
302	I	1.00000	0	0.00000	0
303	E	1.00000	0	0.00000	0
304	V	1.00000	0	0.00000	0
305	I	1.00000	0	0.00000	0
306	S	1.00000	0	0.00000	0
307	N	1.00000	0	0.00000	0
308	S	1.00000	0	0.00000	0
309	K	1.00000	0	0.00000	0
310	T	1.00000	0	0.00000	0
311	H	1.00000	0	0.00000	0
312	L	1.00000	0	0.00000	0
313	P	1.00000	0	0.00000	0
314	L	1.00000	0	0.00000	0
315	P	1.00000	0	0.00000	0
316	N	1.00000	0	0.00000	0
317	T	1.00000	0	0.00000	0
318	P	1.00000	0	0.00000	0
319	Q	1.00000	0	0.00000	0
320	S	1.00000	0	0.00000	0
321	S	1.00000	0	0.00000	0
322	S	1.00000	0	0.00000	0
323	H	1.00000	0	0.00000	0
324	G	1.00000	0	0.00000	0
325	Y	1.00000	0	0.00000	0
326	E	1.00000	0	0.00000	0
327	N	1.00000	0	0.00000	0
328	M	1.00000	0	0.00000	0
329	N	1.00000	0	0.00000	0
330	E	1.00000	0	0.00000	0
331	R	1.00000	0	0.00000	0
332	N	1.00000	0	0.00000	0
333	S	1.00000	0	0.00000	0
334	G	1.00000	0	0.00000	0
335	A	1.00000	0	0.00000	0
336	K	1.00000	0	0.00000	0
337	R	1.00000	0	0.00000	0
338	K	1.00000	0	0.00000	0
339	L	1.00000	0	0.00000	0
340	A	1.00000	0	0.00000	0
341	L	1.00000	0	0.00000	0
342	S	1.00000	0	0.00000	0
343	R	1.00000	0	0.00000	0
344	E	1.00000	0	0.00000	0
345	R	0.99707	0	0.00293	0
346	K	0.99673	0	0.00327	0
347	T	0.73040	0	0.26960	0
348	V	0.72768	0	0.27232	0
349	K	0.72645	0	0.27355	0
350	T	0.61415	0	0.38585	0
351	L	0.01234	0	0.98766	0
352	G	0.00107	0	0.99893	0
353	I	0.00011	0	0.99989	0
354	I	0.00007	0	0.99993	0
355	M	0.00001	0	0.99999	0
356	G	0.00000	0	1.00000	0
357	T	0.00000	0	1.00000	0
358	F	0.00000	0	1.00000	0
359	I	0.00000	0	1.00000	0
360	V	0.00000	0	1.00000	0
361	C	0.00000	0	1.00000	0
362	W	0.00000	0	1.00000	0
363	L	0.00000	0	1.00000	0
364	P	0.00000	0	1.00000	0
365	F	0.00000	0	1.00000	0
366	F	0.00000	0	1.00000	0
367	I	0.00000	1e-05	0.99999	0
368	V	0.00000	8e-05	0.99992	0
369	A	0.00000	0.0005	0.99950	0
370	L	0.00000	0.00406	0.99594	0
371	V	0.00000	0.02217	0.97783	0
372	L	0.00000	0.0723	0.92770	0
373	P	0.00000	0.37421	0.62579	0
374	F	0.00000	0.50073	0.49927	0
375	C	0.00000	0.89253	0.10747	0
376	A	0.00000	0.92719	0.07281	0
377	E	0.00000	0.99765	0.00235	0
378	S	0.00000	0.99891	0.00109	0
379	C	0.00000	0.99959	0.00041	0
380	Y	0.00000	0.99962	0.00038	0
381	M	0.00000	0.99971	0.00029	0
382	P	0.00000	0.99992	0.00008	0
383	D	0.00000	0.9999	0.00010	0
384	W	0.00000	0.99603	0.00397	0
385	L	0.00000	0.99335	0.00665	0
386	G	0.00000	0.99279	0.00721	0
387	A	0.00000	0.33693	0.66307	0
388	V	0.00000	0.00265	0.99735	0
389	I	0.00000	0.00011	0.99989	0
390	N	0.00000	0	1.00000	0
391	W	0.00000	0	1.00000	0
392	L	0.00000	0	1.00000	0
393	G	0.00000	0	1.00000	0
394	Y	0.00000	0	1.00000	0
395	S	0.00000	0	1.00000	0
396	N	0.00000	0	1.00000	0
397	S	0.00000	0	1.00000	0
398	L	0.00000	0	1.00000	0
399	L	0.00000	0	1.00000	0
400	N	0.00000	0	1.00000	0
401	P	0.00000	0	1.00000	0
402	I	0.00000	0	1.00000	0
403	I	0.00000	0	1.00000	0
404	Y	0.00000	0	1.00000	0
405	A	0.00001	0	0.99999	0
406	Y	0.00015	0	0.99985	0
407	F	0.02714	0	0.97286	0
408	N	0.53057	0	0.46943	0
409	K	1.00000	0	0.00000	0
410	D	1.00000	0	0.00000	0
411	F	1.00000	0	0.00000	0
412	Q	1.00000	0	0.00000	0
413	S	1.00000	0	0.00000	0
414	A	1.00000	0	0.00000	0
415	F	1.00000	0	0.00000	0
416	K	1.00000	0	0.00000	0
417	K	1.00000	0	0.00000	0
418	I	1.00000	0	0.00000	0
419	I	1.00000	0	0.00000	0
420	K	1.00000	0	0.00000	0
421	C	1.00000	0	0.00000	0
422	K	1.00000	0	0.00000	0
423	F	1.00000	0	0.00000	0
424	H	1.00000	0	0.00000	0
425	R	1.00000	0	0.00000	0
426	P	1.00000	0	0.00000	0
