# UNNAMED
#pos	aa	i	o	M	S
1	M	0.00000	0.9999	0.00000	0.0001
2	S	0.00000	0.9999	0.00000	0.0001
3	S	0.00000	0.9999	0.00000	0.0001
4	N	0.00000	0.9999	0.00000	0.0001
5	S	0.00000	0.9999	0.00000	0.0001
6	S	0.00000	0.9999	0.00000	0.0001
7	P	0.00000	0.9999	0.00000	0.0001
8	T	0.00000	0.9999	0.00000	0.0001
9	A	0.00000	0.9999	0.00000	0.0001
10	A	0.00000	0.9999	0.00000	0.0001
11	V	0.00000	0.9999	0.00000	0.0001
12	Q	0.00000	0.9999	0.00000	0.0001
13	L	0.00000	0.9999	0.00000	0.0001
14	C	0.00000	0.9999	0.00000	0.0001
15	Y	0.00000	0.9999	0.00000	0.0001
16	E	0.00000	0.9999	0.00000	0.0001
17	H	0.00000	0.99996	0.00000	4e-05
18	L	0.00000	0.99996	0.00000	3e-05
19	N	0.00000	0.99996	0.00000	4e-05
20	G	0.00000	0.99996	0.00000	4e-05
21	S	0.00000	0.99996	0.00000	4e-05
22	C	0.00000	0.99996	0.00000	4e-05
23	V	0.00000	1	0.00000	0
24	K	0.00000	1	0.00000	0
25	T	0.00000	1	0.00000	0
26	P	0.00000	1	0.00000	0
27	Y	0.00000	1	0.00000	0
28	S	0.00000	1	0.00000	0
29	P	0.00000	1	0.00000	0
30	A	0.00000	0.99999	0.00001	0
31	S	0.00000	0.99998	0.00002	0
32	R	0.00000	0.99765	0.00235	0
33	V	0.00000	0.91845	0.08155	0
34	I	0.00000	0.86989	0.13011	0
35	L	0.00000	0.39708	0.60292	0
36	Y	0.00000	0.24205	0.75795	0
37	M	0.00000	0.1559	0.84410	0
38	V	0.00000	0.03729	0.96271	0
39	Y	0.00000	0.00917	0.99083	0
40	G	0.00000	0.00343	0.99657	0
41	F	0.00000	0.0002	0.99980	0
42	G	0.00000	3e-05	0.99997	0
43	A	0.00000	0	1.00000	0
44	V	0.00000	0	1.00000	0
45	L	0.00000	0	1.00000	0
46	A	0.00000	0	1.00000	0
47	V	0.00000	0	1.00000	0
48	F	0.00000	0	1.00000	0
49	G	0.00000	0	1.00000	0
50	N	0.00000	0	1.00000	0
51	L	0.00000	0	1.00000	0
52	L	0.00000	0	1.00000	0
53	V	0.00001	0	0.99999	0
54	M	0.00015	0	0.99985	0
55	S	0.00204	0	0.99796	0
56	A	0.00652	0	0.99348	0
57	I	0.01812	0	0.98188	0
58	L	0.14099	0	0.85901	0
59	H	0.42151	0	0.57849	0
60	F	0.48047	0	0.51953	0
61	K	0.99415	0	0.00585	0
62	Q	0.99996	0	0.00004	0
63	L	0.99999	0	0.00001	0
64	H	1.00000	0	0.00000	0
65	S	1.00000	0	0.00000	0
66	P	1.00000	0	0.00000	0
67	T	0.75976	0	0.24024	0
68	N	0.21381	0	0.78619	0
69	F	0.04517	0	0.95483	0
70	L	0.00093	0	0.99907	0
71	I	0.00003	0	0.99997	0
72	A	0.00000	0	1.00000	0
73	S	0.00000	0	1.00000	0
74	L	0.00000	0	1.00000	0
75	A	0.00000	0	1.00000	0
76	C	0.00000	0	1.00000	0
77	A	0.00000	0	1.00000	0
78	D	0.00000	0	1.00000	0
79	F	0.00000	0	1.00000	0
80	L	0.00000	0	1.00000	0
81	V	0.00000	0	1.00000	0
82	G	0.00000	0	1.00000	0
83	V	0.00000	0	1.00000	0
84	T	0.00000	0	1.00000	0
85	V	0.00000	2e-05	0.99998	0
86	M	0.00000	0.00114	0.99886	0
87	P	0.00000	0.0215	0.97850	0
88	F	0.00000	0.0661	0.93390	0
89	S	0.00000	0.28154	0.71846	0
90	M	0.00000	0.35779	0.64221	0
91	V	0.00000	0.62099	0.37901	0
92	R	0.00000	0.99992	0.00008	0
93	S	0.00000	0.99997	0.00003	0
94	V	0.00000	0.99997	0.00003	0
95	E	0.00000	1	0.00000	0
96	S	0.00000	1	0.00000	0
97	C	0.00000	1	0.00000	0
98	W	0.00000	1	0.00000	0
99	Y	0.00000	0.99998	0.00002	0
100	F	0.00000	0.99989	0.00011	0
101	G	0.00000	0.99988	0.00012	0
102	R	0.00000	0.99987	0.00013	0
103	T	0.00000	0.99978	0.00022	0
104	F	0.00000	0.9917	0.00830	0
105	C	0.00000	0.99029	0.00971	0
106	T	0.00000	0.98859	0.01141	0
107	F	0.00000	0.97683	0.02317	0
108	H	0.00000	0.40765	0.59235	0
109	T	0.00000	0.30613	0.69387	0
110	C	0.00000	0.24346	0.75654	0
111	F	0.00000	0.001	0.99900	0
112	D	0.00000	0.00064	0.99936	0
113	T	0.00000	3e-05	0.99997	0
114	A	0.00000	0	1.00000	0
115	F	0.00000	0	1.00000	0
116	C	0.00000	0	1.00000	0
117	Y	0.00000	0	1.00000	0
118	S	0.00000	0	1.00000	0
119	S	0.00000	0	1.00000	0
120	L	0.00000	0	1.00000	0
121	F	0.00000	0	1.00000	0
122	H	0.00000	0	1.00000	0
123	L	0.00000	0	1.00000	0
124	S	0.00006	0	0.99994	0
125	F	0.00007	0	0.99993	0
126	I	0.00021	0	0.99979	0
127	S	0.00040	0	0.99960	0
128	I	0.00055	0	0.99945	0
129	D	0.00174	0	0.99826	0
130	R	0.34931	0	0.65069	0
131	Y	0.93060	0	0.06940	0
132	I	0.98621	0	0.01379	0
133	A	0.99794	0	0.00206	0
134	V	1.00000	0	0.00000	0
135	T	1.00000	0	0.00000	0
136	D	1.00000	0	0.00000	0
137	P	1.00000	0	0.00000	0
138	L	1.00000	0	0.00000	0
139	V	1.00000	0	0.00000	0
140	Y	1.00000	0	0.00000	0
141	P	1.00000	0	0.00000	0
142	T	0.99995	0	0.00005	0
143	K	0.99967	0	0.00033	0
144	F	0.93455	0	0.06545	0
145	T	0.90179	0	0.09821	0
146	V	0.67325	0	0.32675	0
147	S	0.53326	0	0.46674	0
148	V	0.13537	0	0.86463	0
149	S	0.09136	0	0.90864	0
150	C	0.00028	0	0.99972	0
151	I	0.00001	0	0.99999	0
152	C	0.00000	0	1.00000	0
153	I	0.00000	0	1.00000	0
154	S	0.00000	0	1.00000	0
155	I	0.00000	0	1.00000	0
156	S	0.00000	0	1.00000	0
157	W	0.00000	0	1.00000	0
158	I	0.00000	0	1.00000	0
159	L	0.00000	0	1.00000	0
160	P	0.00000	0	1.00000	0
161	I	0.00000	0	1.00000	0
162	T	0.00000	2e-05	0.99998	0
163	Y	0.00000	0.00075	0.99925	0
164	S	0.00000	0.01219	0.98781	0
165	G	0.00000	0.02864	0.97136	0
166	A	0.00000	0.04573	0.95427	0
167	V	0.00000	0.10652	0.89348	0
168	F	0.00000	0.28222	0.71778	0
169	Y	0.00000	0.50728	0.49272	0
170	T	0.00000	0.77291	0.22709	0
171	G	0.00000	0.96139	0.03861	0
172	A	0.00000	0.98002	0.01998	0
173	N	0.00000	0.99944	0.00056	0
174	E	0.00000	1	0.00000	0
175	N	0.00000	1	0.00000	0
176	G	0.00000	1	0.00000	0
177	L	0.00000	1	0.00000	0
178	E	0.00000	1	0.00000	0
179	E	0.00000	1	0.00000	0
180	L	0.00000	1	0.00000	0
181	S	0.00000	1	0.00000	0
182	H	0.00000	1	0.00000	0
183	A	0.00000	1	0.00000	0
184	L	0.00000	1	0.00000	0
185	N	0.00000	1	0.00000	0
186	C	0.00000	1	0.00000	0
187	A	0.00000	1	0.00000	0
188	G	0.00000	1	0.00000	0
189	G	0.00000	1	0.00000	0
190	C	0.00000	1	0.00000	0
191	Q	0.00000	0.99997	0.00003	0
192	M	0.00000	0.99739	0.00261	0
193	V	0.00000	0.99728	0.00272	0
194	V	0.00000	0.99724	0.00276	0
195	N	0.00000	0.99724	0.00276	0
196	Q	0.00000	0.99718	0.00282	0
197	N	0.00000	0.07088	0.92912	0
198	W	0.00000	0.06686	0.93314	0
199	V	0.00000	0.06401	0.93599	0
200	L	0.00000	0.01695	0.98305	0
201	I	0.00000	0.01654	0.98346	0
202	D	0.00000	0.01647	0.98353	0
203	F	0.00000	0.00946	0.99054	0
204	L	0.00000	1e-05	0.99999	0
205	S	0.00000	0	1.00000	0
206	F	0.00000	0	1.00000	0
207	F	0.00000	0	1.00000	0
208	I	0.00000	0	1.00000	0
209	P	0.00000	0	1.00000	0
210	T	0.00000	0	1.00000	0
211	L	0.00000	0	1.00000	0
212	V	0.00000	0	1.00000	0
213	M	0.00000	0	1.00000	0
214	I	0.00000	0	1.00000	0
215	I	0.00001	0	0.99999	0
216	L	0.00011	0	0.99989	0
217	Y	0.00059	0	0.99941	0
218	N	0.00596	0	0.99404	0
219	S	0.01078	0	0.98922	0
220	I	0.01335	0	0.98665	0
221	F	0.03305	0	0.96695	0
222	L	0.21000	0	0.79000	0
223	V	0.31538	0	0.68462	0
224	A	0.63886	0	0.36114	0
225	R	0.99069	0	0.00931	0
226	Q	0.99971	0	0.00029	0
227	Q	0.99998	0	0.00002	0
228	A	0.99999	0	0.00001	0
229	K	1.00000	0	0.00000	0
230	K	1.00000	0	0.00000	0
231	I	1.00000	0	0.00000	0
232	E	1.00000	0	0.00000	0
233	N	1.00000	0	0.00000	0
234	T	1.00000	0	0.00000	0
235	G	1.00000	0	0.00000	0
236	S	1.00000	0	0.00000	0
237	K	1.00000	0	0.00000	0
238	T	1.00000	0	0.00000	0
239	D	1.00000	0	0.00000	0
240	S	1.00000	0	0.00000	0
241	S	1.00000	0	0.00000	0
242	S	1.00000	0	0.00000	0
243	D	1.00000	0	0.00000	0
244	S	1.00000	0	0.00000	0
245	Y	1.00000	0	0.00000	0
246	K	1.00000	0	0.00000	0
247	S	1.00000	0	0.00000	0
248	R	1.00000	0	0.00000	0
249	V	1.00000	0	0.00000	0
250	A	1.00000	0	0.00000	0
251	K	1.00000	0	0.00000	0
252	R	1.00000	0	0.00000	0
253	E	1.00000	0	0.00000	0
254	R	0.91951	0	0.08049	0
255	K	0.91611	0	0.08389	0
256	A	0.17102	0	0.82898	0
257	A	0.17014	0	0.82986	0
258	K	0.15972	0	0.84028	0
259	T	0.12666	0	0.87334	0
260	L	0.12312	0	0.87688	0
261	G	0.10593	0	0.89407	0
262	I	0.09577	0	0.90423	0
263	T	0.07038	0	0.92962	0
264	V	0.06725	0	0.93275	0
265	I	0.00042	0	0.99958	0
266	A	0.00005	0	0.99995	0
267	F	0.00004	0	0.99996	0
268	M	0.00000	0	1.00000	0
269	I	0.00000	0	1.00000	0
270	S	0.00000	0	1.00000	0
271	W	0.00000	0	1.00000	0
272	L	0.00000	0	1.00000	0
273	P	0.00000	0.0004	0.99960	0
274	Y	0.00000	0.00144	0.99856	0
275	S	0.00000	0.01193	0.98807	0
276	I	0.00000	0.05968	0.94032	0
277	D	0.00000	0.75513	0.24487	0
278	S	0.00000	0.75897	0.24103	0
279	L	0.00000	0.76512	0.23488	0
280	I	0.00000	0.7747	0.22530	0
281	D	0.00000	0.82326	0.17674	0
282	A	0.00000	0.82304	0.17696	0
283	F	0.00000	0.82364	0.17636	0
284	M	0.00000	0.82706	0.17294	0
285	G	0.00000	0.84046	0.15954	0
286	F	0.00000	0.84365	0.15635	0
287	I	0.00000	0.87977	0.12023	0
288	T	0.00000	0.94399	0.05601	0
289	P	0.00000	0.96824	0.03176	0
290	A	0.00000	0.96897	0.03103	0
291	Y	0.00000	0.97589	0.02411	0
292	I	0.00000	0.97882	0.02118	0
293	Y	0.00000	0.98712	0.01288	0
294	E	0.00000	0.88418	0.11582	0
295	I	0.00000	0.75443	0.24557	0
296	C	0.00000	0.69486	0.30514	0
297	C	0.00000	0.48725	0.51275	0
298	W	0.00000	0.03822	0.96178	0
299	C	0.00000	0.00143	0.99857	0
300	T	0.00003	2e-05	0.99995	0
301	Y	0.00008	0	0.99992	0
302	Y	0.00012	0	0.99988	0
303	N	0.00095	0	0.99905	0
304	S	0.00096	0	0.99904	0
305	A	0.00097	0	0.99903	0
306	M	0.00099	0	0.99901	0
307	N	0.00100	0	0.99900	0
308	P	0.00100	0	0.99900	0
309	L	0.00100	0	0.99900	0
310	I	0.00101	0	0.99899	0
311	Y	0.00139	0	0.99861	0
312	A	0.00209	0	0.99791	0
313	L	0.00256	0	0.99744	0
314	F	0.00408	0	0.99592	0
315	Y	0.01580	0	0.98420	0
316	P	0.04171	0	0.95829	0
317	W	0.06433	0	0.93567	0
318	F	0.43029	0	0.56971	0
319	R	1.00000	0	0.00000	0
320	K	1.00000	0	0.00000	0
321	A	1.00000	0	0.00000	0
322	I	1.00000	0	0.00000	0
323	K	1.00000	0	0.00000	0
324	V	1.00000	0	0.00000	0
325	I	1.00000	0	0.00000	0
326	V	1.00000	0	0.00000	0
327	S	1.00000	0	0.00000	0
328	G	1.00000	0	0.00000	0
329	R	1.00000	0	0.00000	0
330	V	1.00000	0	0.00000	0
331	F	1.00000	0	0.00000	0
332	K	1.00000	0	0.00000	0
333	D	1.00000	0	0.00000	0
334	S	1.00000	0	0.00000	0
335	S	1.00000	0	0.00000	0
336	G	1.00000	0	0.00000	0
337	S	1.00000	0	0.00000	0
338	M	1.00000	0	0.00000	0
339	N	1.00000	0	0.00000	0
340	L	1.00000	0	0.00000	0
341	S	1.00000	0	0.00000	0
342	S	1.00000	0	0.00000	0
343	E	1.00000	0	0.00000	0
344	Q	1.00000	0	0.00000	0
345	M	1.00000	0	0.00000	0
