# UNNAMED
#pos	aa	i	o	M	S
1	M	0.00000	1	0.00000	0
2	D	0.00000	1	0.00000	0
3	F	0.00000	1	0.00000	0
4	L	0.00000	1	0.00000	0
5	N	0.00000	1	0.00000	0
6	S	0.00000	1	0.00000	0
7	S	0.00000	1	0.00000	0
8	D	0.00000	1	0.00000	0
9	Q	0.00000	1	0.00000	0
10	N	0.00000	1	0.00000	0
11	L	0.00000	1	0.00000	0
12	T	0.00000	1	0.00000	0
13	S	0.00000	1	0.00000	0
14	E	0.00000	1	0.00000	0
15	E	0.00000	1	0.00000	0
16	L	0.00000	1	0.00000	0
17	L	0.00000	1	0.00000	0
18	N	0.00000	1	0.00000	0
19	R	0.00000	0.99998	0.00002	0
20	I	0.00000	0.99724	0.00276	0
21	P	0.00000	0.99668	0.00332	0
22	S	0.00000	0.99261	0.00739	0
23	K	0.00000	0.98203	0.01797	0
24	I	0.00000	0.42992	0.57008	0
25	L	0.00000	0.20758	0.79242	0
26	V	0.00000	0.07892	0.92108	0
27	S	0.00000	0.05569	0.94431	0
28	L	0.00000	0.01993	0.98007	0
29	T	0.00000	0.00745	0.99255	0
30	L	0.00000	0.00186	0.99814	0
31	S	0.00000	0.00083	0.99917	0
32	G	0.00000	0.00028	0.99972	0
33	L	0.00000	2e-05	0.99998	0
34	A	0.00000	0	1.00000	0
35	L	0.00000	0	1.00000	0
36	M	0.00000	0	1.00000	0
37	T	0.00000	0	1.00000	0
38	T	0.00000	0	1.00000	0
39	T	0.00000	0	1.00000	0
40	I	0.00000	0	1.00000	0
41	N	0.00000	0	1.00000	0
42	S	0.00000	0	1.00000	0
43	L	0.00000	0	1.00000	0
44	V	0.00000	0	1.00000	0
45	I	0.00001	0	0.99999	0
46	A	0.00012	0	0.99988	0
47	A	0.00167	0	0.99833	0
48	I	0.01162	0	0.98838	0
49	I	0.09655	0	0.90345	0
50	V	0.53538	0	0.46462	0
51	T	0.95774	0	0.04226	0
52	R	0.99937	0	0.00063	0
53	K	1.00000	0	0.00000	0
54	L	1.00000	0	0.00000	0
55	H	1.00000	0	0.00000	0
56	H	1.00000	0	0.00000	0
57	P	1.00000	0	0.00000	0
58	A	0.87179	0	0.12821	0
59	N	0.24970	0	0.75030	0
60	Y	0.09660	0	0.90340	0
61	L	0.00155	0	0.99845	0
62	I	0.00003	0	0.99997	0
63	C	0.00000	0	1.00000	0
64	S	0.00000	0	1.00000	0
65	L	0.00000	0	1.00000	0
66	A	0.00000	0	1.00000	0
67	V	0.00000	0	1.00000	0
68	T	0.00000	0	1.00000	0
69	D	0.00000	0	1.00000	0
70	F	0.00000	0	1.00000	0
71	L	0.00000	0	1.00000	0
72	V	0.00000	0	1.00000	0
73	A	0.00000	0	1.00000	0
74	V	0.00000	0	1.00000	0
75	L	0.00000	0	1.00000	0
76	V	0.00000	0	1.00000	0
77	M	0.00000	0.00019	0.99981	0
78	P	0.00000	0.00437	0.99563	0
79	F	0.00000	0.04726	0.95274	0
80	S	0.00000	0.27073	0.72927	0
81	I	0.00000	0.36063	0.63937	0
82	V	0.00000	0.6154	0.38460	0
83	Y	0.00000	0.99871	0.00129	0
84	I	0.00000	0.99881	0.00119	0
85	V	0.00000	0.99896	0.00104	0
86	R	0.00000	0.99995	0.00005	0
87	E	0.00000	1	0.00000	0
88	S	0.00000	1	0.00000	0
89	W	0.00000	1	0.00000	0
90	I	0.00000	1	0.00000	0
91	M	0.00000	1	0.00000	0
92	G	0.00000	1	0.00000	0
93	Q	0.00000	0.99999	0.00001	0
94	V	0.00000	0.99984	0.00016	0
95	V	0.00000	0.9998	0.00020	0
96	C	0.00000	0.99977	0.00023	0
97	D	0.00000	0.99965	0.00035	0
98	I	0.00000	0.99741	0.00259	0
99	W	0.00000	0.80809	0.19191	0
100	L	0.00000	0.07728	0.92272	0
101	S	0.00000	0.0107	0.98930	0
102	V	0.00000	0.00018	0.99982	0
103	D	0.00000	7e-05	0.99993	0
104	I	0.00000	0	1.00000	0
105	T	0.00000	0	1.00000	0
106	C	0.00000	0	1.00000	0
107	C	0.00000	0	1.00000	0
108	T	0.00000	0	1.00000	0
109	C	0.00000	0	1.00000	0
110	S	0.00000	0	1.00000	0
111	I	0.00000	0	1.00000	0
112	L	0.00000	0	1.00000	0
113	H	0.00000	0	1.00000	0
114	L	0.00000	0	1.00000	0
115	S	0.00000	0	1.00000	0
116	A	0.00000	0	1.00000	0
117	I	0.00000	0	1.00000	0
118	A	0.00000	0	1.00000	0
119	L	0.00000	0	1.00000	0
120	D	0.00010	0	0.99990	0
121	R	0.09140	0	0.90860	0
122	Y	0.64042	0	0.35958	0
123	R	0.68047	0	0.31953	0
124	A	0.88322	0	0.11678	0
125	I	1.00000	0	0.00000	0
126	T	1.00000	0	0.00000	0
127	D	1.00000	0	0.00000	0
128	A	1.00000	0	0.00000	0
129	V	1.00000	0	0.00000	0
130	E	1.00000	0	0.00000	0
131	Y	1.00000	0	0.00000	0
132	A	1.00000	0	0.00000	0
133	R	1.00000	0	0.00000	0
134	K	1.00000	0	0.00000	0
135	R	1.00000	0	0.00000	0
136	T	0.99983	0	0.00017	0
137	P	0.99949	0	0.00051	0
138	R	0.97966	0	0.02034	0
139	H	0.65584	0	0.34416	0
140	A	0.05568	0	0.94432	0
141	G	0.01435	0	0.98565	0
142	I	0.00033	0	0.99967	0
143	M	0.00002	0	0.99998	0
144	I	0.00000	0	1.00000	0
145	T	0.00000	0	1.00000	0
146	V	0.00000	0	1.00000	0
147	V	0.00000	0	1.00000	0
148	W	0.00000	0	1.00000	0
149	I	0.00000	0	1.00000	0
150	I	0.00000	0	1.00000	0
151	S	0.00000	0	1.00000	0
152	V	0.00000	0	1.00000	0
153	F	0.00000	0	1.00000	0
154	I	0.00000	0	1.00000	0
155	S	0.00000	0	1.00000	0
156	M	0.00000	1e-05	0.99999	0
157	P	0.00000	0.00054	0.99946	0
158	P	0.00000	0.00297	0.99703	0
159	L	0.00000	0.0075	0.99250	0
160	F	0.00000	0.07252	0.92748	0
161	W	0.00000	0.67309	0.32691	0
162	R	0.00000	0.98063	0.01937	0
163	H	0.00000	0.99614	0.00386	0
164	Q	0.00000	0.99985	0.00015	0
165	G	0.00000	0.99999	0.00001	0
166	T	0.00000	1	0.00000	0
167	S	0.00000	1	0.00000	0
168	R	0.00000	1	0.00000	0
169	D	0.00000	1	0.00000	0
170	D	0.00000	1	0.00000	0
171	E	0.00000	1	0.00000	0
172	C	0.00000	1	0.00000	0
173	V	0.00000	1	0.00000	0
174	I	0.00000	1	0.00000	0
175	K	0.00000	1	0.00000	0
176	H	0.00000	0.99999	0.00001	0
177	D	0.00000	0.99998	0.00002	0
178	H	0.00000	0.99719	0.00281	0
179	I	0.00000	0.85093	0.14907	0
180	V	0.00000	0.49645	0.50355	0
181	S	0.00000	0.46997	0.53003	0
182	T	0.00000	0.45393	0.54607	0
183	I	0.00000	0.00296	0.99704	0
184	Y	0.00000	0.00047	0.99953	0
185	S	0.00000	0.00029	0.99971	0
186	T	0.00000	2e-05	0.99998	0
187	F	0.00000	1e-05	0.99999	0
188	G	0.00000	0	1.00000	0
189	A	0.00000	0	1.00000	0
190	F	0.00000	0	1.00000	0
191	Y	0.00000	0	1.00000	0
192	I	0.00000	0	1.00000	0
193	P	0.00000	0	1.00000	0
194	L	0.00000	0	1.00000	0
195	A	0.00000	0	1.00000	0
196	L	0.00000	0	1.00000	0
197	I	0.00000	0	1.00000	0
198	L	0.00000	0	1.00000	0
199	I	0.00000	0	1.00000	0
200	L	0.00001	0	0.99999	0
201	Y	0.00045	0	0.99955	0
202	Y	0.01355	0	0.98645	0
203	K	0.19720	0	0.80280	0
204	I	0.21010	0	0.78990	0
205	Y	0.28520	0	0.71480	0
206	R	0.98624	0	0.01376	0
207	A	0.99751	0	0.00249	0
208	A	0.99980	0	0.00020	0
209	K	0.99999	0	0.00001	0
210	T	1.00000	0	0.00000	0
211	L	1.00000	0	0.00000	0
212	Y	1.00000	0	0.00000	0
213	H	1.00000	0	0.00000	0
214	R	1.00000	0	0.00000	0
215	R	1.00000	0	0.00000	0
216	Q	1.00000	0	0.00000	0
217	A	1.00000	0	0.00000	0
218	S	1.00000	0	0.00000	0
219	R	1.00000	0	0.00000	0
220	I	1.00000	0	0.00000	0
221	A	1.00000	0	0.00000	0
222	K	1.00000	0	0.00000	0
223	E	1.00000	0	0.00000	0
224	E	1.00000	0	0.00000	0
225	V	1.00000	0	0.00000	0
226	N	1.00000	0	0.00000	0
227	G	1.00000	0	0.00000	0
228	Q	1.00000	0	0.00000	0
229	V	1.00000	0	0.00000	0
230	L	1.00000	0	0.00000	0
231	L	1.00000	0	0.00000	0
232	E	1.00000	0	0.00000	0
233	S	1.00000	0	0.00000	0
234	G	1.00000	0	0.00000	0
235	E	1.00000	0	0.00000	0
236	K	1.00000	0	0.00000	0
237	S	1.00000	0	0.00000	0
238	T	1.00000	0	0.00000	0
239	K	1.00000	0	0.00000	0
240	S	1.00000	0	0.00000	0
241	V	1.00000	0	0.00000	0
242	S	1.00000	0	0.00000	0
243	T	1.00000	0	0.00000	0
244	P	1.00000	0	0.00000	0
245	Y	1.00000	0	0.00000	0
246	V	1.00000	0	0.00000	0
247	L	1.00000	0	0.00000	0
248	E	1.00000	0	0.00000	0
249	K	1.00000	0	0.00000	0
250	S	1.00000	0	0.00000	0
251	L	1.00000	0	0.00000	0
252	S	1.00000	0	0.00000	0
253	N	1.00000	0	0.00000	0
254	P	1.00000	0	0.00000	0
255	S	1.00000	0	0.00000	0
256	T	1.00000	0	0.00000	0
257	D	1.00000	0	0.00000	0
258	F	1.00000	0	0.00000	0
259	D	1.00000	0	0.00000	0
260	K	1.00000	0	0.00000	0
261	I	1.00000	0	0.00000	0
262	H	1.00000	0	0.00000	0
263	S	1.00000	0	0.00000	0
264	T	1.00000	0	0.00000	0
265	V	1.00000	0	0.00000	0
266	R	1.00000	0	0.00000	0
267	S	1.00000	0	0.00000	0
268	L	1.00000	0	0.00000	0
269	R	1.00000	0	0.00000	0
270	S	1.00000	0	0.00000	0
271	E	1.00000	0	0.00000	0
272	F	1.00000	0	0.00000	0
273	K	1.00000	0	0.00000	0
274	H	1.00000	0	0.00000	0
275	E	1.00000	0	0.00000	0
276	K	1.00000	0	0.00000	0
277	S	1.00000	0	0.00000	0
278	W	1.00000	0	0.00000	0
279	R	1.00000	0	0.00000	0
280	R	1.00000	0	0.00000	0
281	Q	1.00000	0	0.00000	0
282	K	1.00000	0	0.00000	0
283	I	1.00000	0	0.00000	0
284	S	1.00000	0	0.00000	0
285	G	1.00000	0	0.00000	0
286	T	1.00000	0	0.00000	0
287	R	1.00000	0	0.00000	0
288	E	1.00000	0	0.00000	0
289	R	0.89898	0	0.10102	0
290	K	0.89484	0	0.10516	0
291	A	0.03737	0	0.96263	0
292	A	0.03704	0	0.96296	0
293	T	0.03666	0	0.96334	0
294	T	0.03648	0	0.96352	0
295	L	0.00029	0	0.99971	0
296	G	0.00005	0	0.99995	0
297	L	0.00002	0	0.99998	0
298	I	0.00000	0	1.00000	0
299	L	0.00000	0	1.00000	0
300	G	0.00000	0	1.00000	0
301	A	0.00000	0	1.00000	0
302	F	0.00000	0	1.00000	0
303	V	0.00000	0	1.00000	0
304	I	0.00000	0	1.00000	0
305	C	0.00000	0	1.00000	0
306	W	0.00000	0	1.00000	0
307	L	0.00000	0	1.00000	0
308	P	0.00000	0	1.00000	0
309	F	0.00000	1e-05	0.99999	0
310	F	0.00000	0.00028	0.99972	0
311	V	0.00000	0.0747	0.92530	0
312	K	0.00000	0.8488	0.15120	0
313	E	0.00000	0.87061	0.12939	0
314	L	0.00000	0.8729	0.12710	0
315	V	0.00000	0.88374	0.11626	0
316	V	0.00000	0.90881	0.09119	0
317	N	0.00000	0.97972	0.02028	0
318	I	0.00000	0.98604	0.01396	0
319	C	0.00000	0.99892	0.00108	0
320	E	0.00000	0.99997	0.00003	0
321	K	0.00000	1	0.00000	0
322	C	0.00000	1	0.00000	0
323	K	0.00000	1	0.00000	0
324	I	0.00000	0.99997	0.00003	0
325	S	0.00000	0.99997	0.00003	0
326	E	0.00000	0.99992	0.00008	0
327	E	0.00000	0.9996	0.00040	0
328	M	0.00000	0.99674	0.00326	0
329	S	0.00000	0.99623	0.00377	0
330	N	0.00000	0.67212	0.32788	0
331	F	0.00000	0.00648	0.99352	0
332	L	0.00000	0.0002	0.99980	0
333	T	0.00000	1e-05	0.99999	0
334	W	0.00000	0	1.00000	0
335	L	0.00000	0	1.00000	0
336	G	0.00000	0	1.00000	0
337	Y	0.00000	0	1.00000	0
338	L	0.00000	0	1.00000	0
339	N	0.00000	0	1.00000	0
340	S	0.00000	0	1.00000	0
341	L	0.00000	0	1.00000	0
342	I	0.00000	0	1.00000	0
343	N	0.00000	0	1.00000	0
344	P	0.00000	0	1.00000	0
345	L	0.00000	0	1.00000	0
346	I	0.00000	0	1.00000	0
347	Y	0.00000	0	1.00000	0
348	T	0.00000	0	1.00000	0
349	I	0.00006	0	0.99994	0
350	F	0.01788	0	0.98212	0
351	N	0.35680	0	0.64320	0
352	E	1.00000	0	0.00000	0
353	D	1.00000	0	0.00000	0
354	F	1.00000	0	0.00000	0
355	K	1.00000	0	0.00000	0
356	K	1.00000	0	0.00000	0
357	A	1.00000	0	0.00000	0
358	F	1.00000	0	0.00000	0
359	Q	1.00000	0	0.00000	0
360	K	1.00000	0	0.00000	0
361	L	1.00000	0	0.00000	0
362	V	1.00000	0	0.00000	0
363	R	1.00000	0	0.00000	0
364	C	1.00000	0	0.00000	0
365	R	1.00000	0	0.00000	0
366	C	1.00000	0	0.00000	0
