# UNNAMED
#pos	aa	i	o	M	S
1	M	0.00000	0.99998	0.00000	2e-05
2	D	0.00000	0.99998	0.00000	2e-05
3	I	0.00000	0.99998	0.00000	2e-05
4	L	0.00000	0.99998	0.00000	2e-05
5	C	0.00000	0.99998	0.00000	2e-05
6	E	0.00000	0.99998	0.00000	2e-05
7	E	0.00000	0.99998	0.00000	2e-05
8	E	0.00000	0.99998	0.00000	2e-05
9	S	0.00000	0.99998	0.00000	2e-05
10	T	0.00000	0.99998	0.00000	2e-05
11	V	0.00000	0.99998	0.00000	2e-05
12	T	0.00000	0.99998	0.00000	2e-05
13	Q	0.00000	0.99998	0.00000	3e-05
14	T	0.00000	0.99998	0.00000	2e-05
15	A	0.00000	0.99999	0.00000	1e-05
16	N	0.00000	0.99999	0.00000	1e-05
17	S	0.00000	0.99999	0.00000	1e-05
18	L	0.00000	0.99999	0.00000	1e-05
19	I	0.00000	1	0.00000	0
20	Q	0.00000	1	0.00000	0
21	L	0.00000	1	0.00000	0
22	N	0.00000	1	0.00000	0
23	H	0.00000	1	0.00000	0
24	D	0.00000	1	0.00000	0
25	R	0.00000	1	0.00000	0
26	S	0.00000	1	0.00000	0
27	L	0.00000	1	0.00000	0
28	L	0.00000	1	0.00000	0
29	K	0.00000	1	0.00000	0
30	A	0.00000	1	0.00000	0
31	D	0.00000	1	0.00000	0
32	F	0.00000	1	0.00000	0
33	I	0.00000	1	0.00000	0
34	S	0.00000	1	0.00000	0
35	G	0.00000	1	0.00000	0
36	E	0.00000	1	0.00000	0
37	A	0.00000	1	0.00000	0
38	N	0.00000	1	0.00000	0
39	I	0.00000	1	0.00000	0
40	S	0.00000	1	0.00000	0
41	D	0.00000	1	0.00000	0
42	V	0.00000	1	0.00000	0
43	L	0.00000	1	0.00000	0
44	N	0.00000	1	0.00000	0
45	W	0.00000	1	0.00000	0
46	T	0.00000	1	0.00000	0
47	V	0.00000	1	0.00000	0
48	D	0.00000	1	0.00000	0
49	A	0.00000	1	0.00000	0
50	E	0.00000	1	0.00000	0
51	N	0.00000	1	0.00000	0
52	L	0.00000	1	0.00000	0
53	T	0.00000	1	0.00000	0
54	N	0.00000	1	0.00000	0
55	V	0.00000	1	0.00000	0
56	S	0.00000	1	0.00000	0
57	C	0.00000	1	0.00000	0
58	E	0.00000	1	0.00000	0
59	G	0.00000	1	0.00000	0
60	N	0.00000	1	0.00000	0
61	L	0.00000	1	0.00000	0
62	T	0.00000	1	0.00000	0
63	P	0.00000	1	0.00000	0
64	P	0.00000	1	0.00000	0
65	C	0.00000	1	0.00000	0
66	N	0.00000	1	0.00000	0
67	V	0.00000	1	0.00000	0
68	L	0.00000	1	0.00000	0
69	F	0.00000	1	0.00000	0
70	H	0.00000	1	0.00000	0
71	V	0.00000	1	0.00000	0
72	Q	0.00000	1	0.00000	0
73	E	0.00000	0.99999	0.00001	0
74	K	0.00000	0.99961	0.00039	0
75	N	0.00000	0.98416	0.01584	0
76	W	0.00000	0.68129	0.31871	0
77	P	0.00000	0.56704	0.43296	0
78	A	0.00000	0.30135	0.69865	0
79	L	0.00000	0.12367	0.87633	0
80	L	0.00000	0.05649	0.94351	0
81	T	0.00000	0.02131	0.97869	0
82	A	0.00000	0.00226	0.99774	0
83	V	0.00000	0.0001	0.99990	0
84	V	0.00000	0	1.00000	0
85	I	0.00000	0	1.00000	0
86	I	0.00000	0	1.00000	0
87	L	0.00000	0	1.00000	0
88	T	0.00000	0	1.00000	0
89	I	0.00000	0	1.00000	0
90	A	0.00000	0	1.00000	0
91	G	0.00000	0	1.00000	0
92	N	0.00000	0	1.00000	0
93	I	0.00000	0	1.00000	0
94	L	0.00000	0	1.00000	0
95	V	0.00000	0	1.00000	0
96	I	0.00002	0	0.99998	0
97	M	0.00448	0	0.99552	0
98	A	0.06181	0	0.93819	0
99	V	0.17839	0	0.82161	0
100	S	0.73027	0	0.26973	0
101	L	0.82762	0	0.17238	0
102	E	0.99745	0	0.00255	0
103	K	0.99995	0	0.00005	0
104	K	1.00000	0	0.00000	0
105	L	0.99999	0	0.00001	0
106	Q	0.99997	0	0.00003	0
107	N	0.99848	0	0.00152	0
108	A	0.99481	0	0.00519	0
109	T	0.96226	0	0.03774	0
110	N	0.18994	0	0.81006	0
111	Y	0.06066	0	0.93934	0
112	F	0.00067	0	0.99933	0
113	L	0.00009	0	0.99991	0
114	M	0.00000	0	1.00000	0
115	S	0.00000	0	1.00000	0
116	L	0.00000	0	1.00000	0
117	A	0.00000	0	1.00000	0
118	I	0.00000	0	1.00000	0
119	A	0.00000	0	1.00000	0
120	D	0.00000	0	1.00000	0
121	M	0.00000	0	1.00000	0
122	L	0.00000	0	1.00000	0
123	L	0.00000	0	1.00000	0
124	G	0.00000	0	1.00000	0
125	F	0.00000	0	1.00000	0
126	F	0.00000	0	1.00000	0
127	V	0.00000	1e-05	0.99999	0
128	M	0.00000	0.00043	0.99957	0
129	P	0.00000	0.02488	0.97512	0
130	V	0.00000	0.09558	0.90442	0
131	S	0.00000	0.38076	0.61924	0
132	M	0.00000	0.43826	0.56174	0
133	L	0.00000	0.65124	0.34876	0
134	N	0.00000	0.99962	0.00038	0
135	I	0.00000	0.99964	0.00036	0
136	L	0.00000	0.99968	0.00032	0
137	Y	0.00000	0.99995	0.00005	0
138	G	0.00000	0.99998	0.00002	0
139	Y	0.00000	1	0.00000	0
140	N	0.00000	1	0.00000	0
141	W	0.00000	1	0.00000	0
142	P	0.00000	1	0.00000	0
143	F	0.00000	1	0.00000	0
144	P	0.00000	1	0.00000	0
145	T	0.00000	1	0.00000	0
146	K	0.00000	1	0.00000	0
147	L	0.00000	1	0.00000	0
148	C	0.00000	1	0.00000	0
149	P	0.00000	0.99995	0.00005	0
150	V	0.00000	0.99874	0.00126	0
151	W	0.00000	0.88181	0.11819	0
152	I	0.00000	0.22712	0.77288	0
153	Y	0.00000	0.10681	0.89319	0
154	M	0.00000	0.00453	0.99547	0
155	D	0.00000	0.00157	0.99843	0
156	V	0.00000	5e-05	0.99995	0
157	L	0.00000	0	1.00000	0
158	F	0.00000	0	1.00000	0
159	S	0.00000	0	1.00000	0
160	T	0.00000	0	1.00000	0
161	A	0.00000	0	1.00000	0
162	S	0.00000	0	1.00000	0
163	I	0.00000	0	1.00000	0
164	M	0.00000	0	1.00000	0
165	H	0.00000	0	1.00000	0
166	L	0.00000	0	1.00000	0
167	C	0.00000	0	1.00000	0
168	A	0.00000	0	1.00000	0
169	I	0.00000	0	1.00000	0
170	S	0.00000	0	1.00000	0
171	L	0.00000	0	1.00000	0
172	D	0.00001	0	0.99999	0
173	R	0.02593	0	0.97407	0
174	Y	0.26760	0	0.73240	0
175	I	0.77627	0	0.22373	0
176	A	0.87429	0	0.12571	0
177	I	0.99997	0	0.00003	0
178	R	1.00000	0	0.00000	0
179	N	1.00000	0	0.00000	0
180	P	1.00000	0	0.00000	0
181	I	1.00000	0	0.00000	0
182	Q	1.00000	0	0.00000	0
183	H	1.00000	0	0.00000	0
184	S	1.00000	0	0.00000	0
185	R	1.00000	0	0.00000	0
186	F	1.00000	0	0.00000	0
187	N	1.00000	0	0.00000	0
188	S	1.00000	0	0.00000	0
189	R	1.00000	0	0.00000	0
190	T	0.99989	0	0.00011	0
191	K	0.99779	0	0.00221	0
192	A	0.56118	0	0.43882	0
193	F	0.11164	0	0.88836	0
194	V	0.02401	0	0.97599	0
195	K	0.02072	0	0.97928	0
196	I	0.00006	0	0.99994	0
197	I	0.00000	0	1.00000	0
198	A	0.00000	0	1.00000	0
199	V	0.00000	0	1.00000	0
200	W	0.00000	0	1.00000	0
201	T	0.00000	0	1.00000	0
202	I	0.00000	0	1.00000	0
203	S	0.00000	0	1.00000	0
204	V	0.00000	0	1.00000	0
205	G	0.00000	0	1.00000	0
206	I	0.00000	0	1.00000	0
207	S	0.00000	0	1.00000	0
208	M	0.00000	0	1.00000	0
209	P	0.00000	0	1.00000	0
210	V	0.00000	1e-05	0.99999	0
211	P	0.00000	0.00288	0.99712	0
212	V	0.00000	0.01356	0.98644	0
213	F	0.00000	0.12202	0.87798	0
214	G	0.00000	0.49843	0.50157	0
215	L	0.00000	0.65338	0.34662	0
216	Q	0.00000	0.96683	0.03317	0
217	D	0.00000	0.99997	0.00003	0
218	D	0.00000	1	0.00000	0
219	S	0.00000	1	0.00000	0
220	K	0.00000	1	0.00000	0
221	V	0.00000	1	0.00000	0
222	F	0.00000	1	0.00000	0
223	K	0.00000	1	0.00000	0
224	E	0.00000	1	0.00000	0
225	G	0.00000	1	0.00000	0
226	N	0.00000	1	0.00000	0
227	C	0.00000	1	0.00000	0
228	F	0.00000	1	0.00000	0
229	L	0.00000	1	0.00000	0
230	A	0.00000	1	0.00000	0
231	D	0.00000	1	0.00000	0
232	E	0.00000	0.99986	0.00014	0
233	N	0.00000	0.79305	0.20695	0
234	F	0.00000	0.01446	0.98554	0
235	V	0.00000	0.00685	0.99315	0
236	L	0.00000	0.00043	0.99957	0
237	I	0.00000	4e-05	0.99996	0
238	G	0.00000	2e-05	0.99998	0
239	S	0.00000	1e-05	0.99999	0
240	F	0.00000	1e-05	0.99999	0
241	V	0.00000	0	1.00000	0
242	A	0.00000	0	1.00000	0
243	F	0.00000	0	1.00000	0
244	F	0.00000	0	1.00000	0
245	I	0.00000	0	1.00000	0
246	P	0.00000	0	1.00000	0
247	L	0.00000	0	1.00000	0
248	T	0.00000	0	1.00000	0
249	I	0.00000	0	1.00000	0
250	M	0.00000	0	1.00000	0
251	V	0.00000	0	1.00000	0
252	I	0.00000	0	1.00000	0
253	T	0.00000	0	1.00000	0
254	Y	0.00001	0	0.99999	0
255	F	0.00034	0	0.99966	0
256	L	0.01722	0	0.98278	0
257	T	0.18260	0	0.81740	0
258	I	0.25557	0	0.74443	0
259	K	0.99372	0	0.00628	0
260	S	0.99846	0	0.00154	0
261	L	0.99901	0	0.00099	0
262	Q	0.99998	0	0.00002	0
263	K	1.00000	0	0.00000	0
264	E	1.00000	0	0.00000	0
265	A	1.00000	0	0.00000	0
266	T	1.00000	0	0.00000	0
267	L	1.00000	0	0.00000	0
268	C	1.00000	0	0.00000	0
269	V	1.00000	0	0.00000	0
270	N	1.00000	0	0.00000	0
271	D	1.00000	0	0.00000	0
272	T	1.00000	0	0.00000	0
273	G	1.00000	0	0.00000	0
274	S	1.00000	0	0.00000	0
275	K	1.00000	0	0.00000	0
276	T	1.00000	0	0.00000	0
277	K	1.00000	0	0.00000	0
278	L	1.00000	0	0.00000	0
279	A	1.00000	0	0.00000	0
280	S	1.00000	0	0.00000	0
281	F	1.00000	0	0.00000	0
282	S	1.00000	0	0.00000	0
283	F	1.00000	0	0.00000	0
284	L	1.00000	0	0.00000	0
285	P	1.00000	0	0.00000	0
286	Q	1.00000	0	0.00000	0
287	S	1.00000	0	0.00000	0
288	S	1.00000	0	0.00000	0
289	L	1.00000	0	0.00000	0
290	S	1.00000	0	0.00000	0
291	S	1.00000	0	0.00000	0
292	E	1.00000	0	0.00000	0
293	K	1.00000	0	0.00000	0
294	L	1.00000	0	0.00000	0
295	F	1.00000	0	0.00000	0
296	Q	1.00000	0	0.00000	0
297	R	1.00000	0	0.00000	0
298	S	1.00000	0	0.00000	0
299	L	1.00000	0	0.00000	0
300	H	1.00000	0	0.00000	0
301	R	1.00000	0	0.00000	0
302	D	1.00000	0	0.00000	0
303	L	1.00000	0	0.00000	0
304	G	1.00000	0	0.00000	0
305	L	1.00000	0	0.00000	0
306	S	1.00000	0	0.00000	0
307	G	1.00000	0	0.00000	0
308	R	1.00000	0	0.00000	0
309	R	1.00000	0	0.00000	0
310	T	1.00000	0	0.00000	0
311	M	1.00000	0	0.00000	0
312	Q	1.00000	0	0.00000	0
313	S	1.00000	0	0.00000	0
314	I	1.00000	0	0.00000	0
315	S	1.00000	0	0.00000	0
316	N	1.00000	0	0.00000	0
317	E	1.00000	0	0.00000	0
318	Q	0.99847	0	0.00153	0
319	K	0.99786	0	0.00214	0
320	A	0.47090	0	0.52910	0
321	S	0.46791	0	0.53209	0
322	K	0.06342	0	0.93658	0
323	V	0.00723	0	0.99277	0
324	L	0.00115	0	0.99885	0
325	G	0.00104	0	0.99896	0
326	I	0.00036	0	0.99964	0
327	V	0.00002	0	0.99998	0
328	F	0.00000	0	1.00000	0
329	F	0.00000	0	1.00000	0
330	L	0.00000	0	1.00000	0
331	F	0.00000	0	1.00000	0
332	V	0.00000	0	1.00000	0
333	V	0.00000	0	1.00000	0
334	M	0.00000	0	1.00000	0
335	W	0.00000	0	1.00000	0
336	C	0.00000	0	1.00000	0
337	P	0.00000	0	1.00000	0
338	F	0.00000	0	1.00000	0
339	F	0.00000	0	1.00000	0
340	I	0.00000	4e-05	0.99996	0
341	T	0.00000	0.00073	0.99927	0
342	N	0.00000	0.00968	0.99032	0
343	V	0.00000	0.01379	0.98621	0
344	L	0.00000	0.02612	0.97388	0
345	A	0.00000	0.07756	0.92244	0
346	V	0.00000	0.20197	0.79803	0
347	I	0.00000	0.45303	0.54697	0
348	C	0.00000	0.96042	0.03958	0
349	K	0.00000	0.99975	0.00025	0
350	E	0.00000	1	0.00000	0
351	S	0.00000	1	0.00000	0
352	C	0.00000	1	0.00000	0
353	N	0.00000	0.99998	0.00002	0
354	E	0.00000	0.99996	0.00004	0
355	N	0.00000	0.99952	0.00048	0
356	A	0.00000	0.99387	0.00613	0
357	M	0.00000	0.97751	0.02249	0
358	G	0.00000	0.97376	0.02624	0
359	V	0.00000	0.88006	0.11994	0
360	L	0.00000	0.84084	0.15916	0
361	L	0.00000	0.82028	0.17972	0
362	N	0.00000	0.43604	0.56396	0
363	I	0.00000	0.00366	0.99634	0
364	F	0.00000	0.00014	0.99986	0
365	V	0.00000	0	1.00000	0
366	W	0.00000	0	1.00000	0
367	I	0.00000	0	1.00000	0
368	G	0.00000	0	1.00000	0
369	Y	0.00000	0	1.00000	0
370	L	0.00000	0	1.00000	0
371	S	0.00000	0	1.00000	0
372	S	0.00000	0	1.00000	0
373	A	0.00000	0	1.00000	0
374	V	0.00000	0	1.00000	0
375	N	0.00000	0	1.00000	0
376	P	0.00000	0	1.00000	0
377	L	0.00001	0	0.99999	0
378	V	0.00006	0	0.99994	0
379	Y	0.00098	0	0.99901	0
380	T	0.00330	0	0.99670	0
381	L	0.00808	0	0.99192	0
382	F	0.13694	0	0.86306	0
383	N	0.63015	0	0.36985	0
384	K	1.00000	0	0.00000	0
385	T	1.00000	0	0.00000	0
386	Y	1.00000	0	0.00000	0
387	R	1.00000	0	0.00000	0
388	S	1.00000	0	0.00000	0
389	A	1.00000	0	0.00000	0
390	F	1.00000	0	0.00000	0
391	A	1.00000	0	0.00000	0
392	R	1.00000	0	0.00000	0
393	Y	1.00000	0	0.00000	0
394	I	1.00000	0	0.00000	0
395	Q	1.00000	0	0.00000	0
396	C	1.00000	0	0.00000	0
397	Q	1.00000	0	0.00000	0
398	Y	1.00000	0	0.00000	0
399	K	1.00000	0	0.00000	0
400	E	1.00000	0	0.00000	0
401	E	1.00000	0	0.00000	0
402	K	1.00000	0	0.00000	0
403	K	1.00000	0	0.00000	0
404	P	1.00000	0	0.00000	0
405	L	1.00000	0	0.00000	0
406	Q	1.00000	0	0.00000	0
407	L	1.00000	0	0.00000	0
408	I	1.00000	0	0.00000	0
409	L	1.00000	0	0.00000	0
410	V	1.00000	0	0.00000	0
411	N	1.00000	0	0.00000	0
412	T	1.00000	0	0.00000	0
413	I	1.00000	0	0.00000	0
414	P	1.00000	0	0.00000	0
415	A	1.00000	0	0.00000	0
416	L	1.00000	0	0.00000	0
417	A	1.00000	0	0.00000	0
418	Y	1.00000	0	0.00000	0
419	N	1.00000	0	0.00000	0
420	S	1.00000	0	0.00000	0
421	S	1.00000	0	0.00000	0
422	Q	1.00000	0	0.00000	0
423	L	1.00000	0	0.00000	0
424	Q	1.00000	0	0.00000	0
425	L	1.00000	0	0.00000	0
426	A	1.00000	0	0.00000	0
427	Q	1.00000	0	0.00000	0
428	M	1.00000	0	0.00000	0
429	K	1.00000	0	0.00000	0
430	S	1.00000	0	0.00000	0
431	L	1.00000	0	0.00000	0
432	K	1.00000	0	0.00000	0
433	K	1.00000	0	0.00000	0
434	E	1.00000	0	0.00000	0
435	G	1.00000	0	0.00000	0
436	K	1.00000	0	0.00000	0
437	M	1.00000	0	0.00000	0
438	K	1.00000	0	0.00000	0
439	D	1.00000	0	0.00000	0
440	N	1.00000	0	0.00000	0
441	S	1.00000	0	0.00000	0
442	K	1.00000	0	0.00000	0
443	V	1.00000	0	0.00000	0
444	S	1.00000	0	0.00000	0
445	R	1.00000	0	0.00000	0
446	G	1.00000	0	0.00000	0
447	K	1.00000	0	0.00000	0
448	H	1.00000	0	0.00000	0
449	H	1.00000	0	0.00000	0
450	C	1.00000	0	0.00000	0
451	A	1.00000	0	0.00000	0
452	N	1.00000	0	0.00000	0
453	A	1.00000	0	0.00000	0
454	S	1.00000	0	0.00000	0
455	K	1.00000	0	0.00000	0
456	T	1.00000	0	0.00000	0
457	S	1.00000	0	0.00000	0
458	L	1.00000	0	0.00000	0
459	G	1.00000	0	0.00000	0
460	L	1.00000	0	0.00000	0
461	A	1.00000	0	0.00000	0
462	E	1.00000	0	0.00000	0
463	D	1.00000	0	0.00000	0
464	T	1.00000	0	0.00000	0
465	V	1.00000	0	0.00000	0
466	S	1.00000	0	0.00000	0
467	S	1.00000	0	0.00000	0
468	V	1.00000	0	0.00000	0
