# UNNAMED
#pos	aa	i	o	M	S
1	M	0.00000	0.99862	0.00000	0.00138
2	F	0.00000	0.99862	0.00000	0.00138
3	Q	0.00000	0.99862	0.00000	0.00138
4	A	0.00000	0.99862	0.00000	0.00138
5	A	0.00000	0.99862	0.00000	0.00138
6	G	0.00000	0.99862	0.00000	0.00138
7	A	0.00000	0.99862	0.00000	0.00138
8	P	0.00000	0.99862	0.00000	0.00138
9	V	0.00000	0.99862	0.00000	0.00138
10	Q	0.00000	0.99862	0.00000	0.00138
11	T	0.00000	0.99862	0.00000	0.00139
12	N	0.00000	0.99862	0.00000	0.00139
13	I	0.00000	0.99862	0.00000	0.00139
14	S	0.00000	0.99862	0.00000	0.00139
15	L	0.00000	0.99909	0.00000	0.00092
16	S	0.00000	0.99924	0.00000	0.00076
17	E	0.00000	0.99985	0.00000	0.00014
18	E	0.00000	0.99999	0.00000	1e-05
19	N	0.00000	1	0.00000	1e-05
20	P	0.00000	0.99999	0.00001	1e-05
21	G	0.00000	0.99999	0.00001	1e-05
22	L	0.00000	0.99933	0.00067	0
23	E	0.00000	0.99872	0.00128	0
24	L	0.00000	0.97405	0.02595	0
25	N	0.00000	0.95835	0.04165	0
26	W	0.00000	0.59344	0.40656	0
27	A	0.00000	0.39496	0.60504	0
28	A	0.00000	0.18771	0.81229	0
29	L	0.00000	0.09372	0.90628	0
30	L	0.00000	0.04392	0.95608	0
31	I	0.00000	0.00676	0.99324	0
32	V	0.00000	0.00221	0.99779	0
33	M	0.00000	0.00075	0.99925	0
34	V	0.00000	1e-05	0.99999	0
35	I	0.00000	0	1.00000	0
36	I	0.00000	0	1.00000	0
37	P	0.00000	0	1.00000	0
38	T	0.00000	0	1.00000	0
39	I	0.00000	0	1.00000	0
40	G	0.00000	0	1.00000	0
41	G	0.00000	0	1.00000	0
42	N	0.00000	0	1.00000	0
43	I	0.00000	0	1.00000	0
44	L	0.00000	0	1.00000	0
45	V	0.00000	0	1.00000	0
46	I	0.00001	0	0.99999	0
47	L	0.00081	0	0.99919	0
48	A	0.03626	0	0.96374	0
49	V	0.09787	0	0.90213	0
50	W	0.34116	0	0.65884	0
51	L	0.61657	0	0.38343	0
52	E	0.99225	0	0.00775	0
53	R	0.99984	0	0.00016	0
54	K	1.00000	0	0.00000	0
55	L	1.00000	0	0.00000	0
56	Q	0.99999	0	0.00001	0
57	N	0.99963	0	0.00037	0
58	A	0.99831	0	0.00169	0
59	T	0.97914	0	0.02086	0
60	N	0.23385	0	0.76615	0
61	F	0.04117	0	0.95883	0
62	F	0.00051	0	0.99949	0
63	L	0.00002	0	0.99998	0
64	M	0.00000	0	1.00000	0
65	S	0.00000	0	1.00000	0
66	L	0.00000	0	1.00000	0
67	A	0.00000	0	1.00000	0
68	V	0.00000	0	1.00000	0
69	A	0.00000	0	1.00000	0
70	D	0.00000	0	1.00000	0
71	L	0.00000	0	1.00000	0
72	L	0.00000	0	1.00000	0
73	V	0.00000	0	1.00000	0
74	G	0.00000	0	1.00000	0
75	L	0.00000	0	1.00000	0
76	L	0.00000	0	1.00000	0
77	V	0.00000	0	1.00000	0
78	M	0.00000	5e-05	0.99995	0
79	P	0.00000	0.00145	0.99855	0
80	I	0.00000	0.00558	0.99442	0
81	A	0.00000	0.05227	0.94773	0
82	L	0.00000	0.17288	0.82712	0
83	I	0.00000	0.44599	0.55401	0
84	T	0.00000	0.99871	0.00129	0
85	I	0.00000	0.99888	0.00112	0
86	L	0.00000	0.99912	0.00088	0
87	Y	0.00000	0.99982	0.00018	0
88	D	0.00000	1	0.00000	0
89	A	0.00000	1	0.00000	0
90	D	0.00000	1	0.00000	0
91	W	0.00000	1	0.00000	0
92	P	0.00000	1	0.00000	0
93	L	0.00000	1	0.00000	0
94	P	0.00000	1	0.00000	0
95	E	0.00000	1	0.00000	0
96	P	0.00000	1	0.00000	0
97	L	0.00000	1	0.00000	0
98	C	0.00000	1	0.00000	0
99	P	0.00000	0.99993	0.00007	0
100	I	0.00000	0.99808	0.00192	0
101	W	0.00000	0.84758	0.15242	0
102	L	0.00000	0.14399	0.85601	0
103	F	0.00000	0.02147	0.97853	0
104	L	0.00000	0.00087	0.99913	0
105	D	0.00000	0.00028	0.99972	0
106	V	0.00000	1e-05	0.99999	0
107	L	0.00000	0	1.00000	0
108	F	0.00000	0	1.00000	0
109	S	0.00000	0	1.00000	0
110	T	0.00000	0	1.00000	0
111	A	0.00000	0	1.00000	0
112	S	0.00000	0	1.00000	0
113	I	0.00000	0	1.00000	0
114	M	0.00000	0	1.00000	0
115	H	0.00000	0	1.00000	0
116	L	0.00000	0	1.00000	0
117	C	0.00000	0	1.00000	0
118	A	0.00000	0	1.00000	0
119	I	0.00000	0	1.00000	0
120	S	0.00000	0	1.00000	0
121	L	0.00000	0	1.00000	0
122	D	0.00004	0	0.99996	0
123	R	0.11037	0	0.88963	0
124	Y	0.56928	0	0.43072	0
125	I	0.90449	0	0.09551	0
126	A	0.95435	0	0.04565	0
127	I	0.99999	0	0.00001	0
128	K	1.00000	0	0.00000	0
129	K	1.00000	0	0.00000	0
130	P	1.00000	0	0.00000	0
131	I	1.00000	0	0.00000	0
132	Q	1.00000	0	0.00000	0
133	H	1.00000	0	0.00000	0
134	S	1.00000	0	0.00000	0
135	Q	1.00000	0	0.00000	0
136	Y	1.00000	0	0.00000	0
137	K	1.00000	0	0.00000	0
138	S	0.99999	0	0.00001	0
139	R	0.99984	0	0.00016	0
140	A	0.99157	0	0.00843	0
141	K	0.94984	0	0.05016	0
142	V	0.03348	0	0.96652	0
143	M	0.00644	0	0.99356	0
144	L	0.00130	0	0.99870	0
145	K	0.00114	0	0.99886	0
146	I	0.00001	0	0.99999	0
147	A	0.00000	0	1.00000	0
148	L	0.00000	0	1.00000	0
149	V	0.00000	0	1.00000	0
150	W	0.00000	0	1.00000	0
151	L	0.00000	0	1.00000	0
152	I	0.00000	0	1.00000	0
153	S	0.00000	0	1.00000	0
154	I	0.00000	0	1.00000	0
155	C	0.00000	0	1.00000	0
156	I	0.00000	0	1.00000	0
157	A	0.00000	0	1.00000	0
158	I	0.00000	0	1.00000	0
159	P	0.00000	2e-05	0.99998	0
160	I	0.00000	0.0001	0.99990	0
161	P	0.00000	0.04168	0.95832	0
162	I	0.00000	0.17162	0.82838	0
163	K	0.00000	0.97298	0.02702	0
164	G	0.00000	0.98487	0.01513	0
165	L	0.00000	0.98945	0.01055	0
166	R	0.00000	0.9994	0.00060	0
167	N	0.00000	0.99995	0.00005	0
168	H	0.00000	0.99999	0.00001	0
169	P	0.00000	1	0.00000	0
170	H	0.00000	1	0.00000	0
171	P	0.00000	1	0.00000	0
172	N	0.00000	1	0.00000	0
173	N	0.00000	1	0.00000	0
174	I	0.00000	1	0.00000	0
175	T	0.00000	1	0.00000	0
176	F	0.00000	1	0.00000	0
177	N	0.00000	1	0.00000	0
178	S	0.00000	1	0.00000	0
179	N	0.00000	1	0.00000	0
180	H	0.00000	1	0.00000	0
181	T	0.00000	1	0.00000	0
182	C	0.00000	1	0.00000	0
183	L	0.00000	1	0.00000	0
184	L	0.00000	1	0.00000	0
185	K	0.00000	1	0.00000	0
186	P	0.00000	0.99999	0.00001	0
187	D	0.00000	0.99999	0.00001	0
188	T	0.00000	0.99961	0.00039	0
189	F	0.00000	0.9984	0.00160	0
190	Q	0.00000	0.99792	0.00208	0
191	E	0.00000	0.91013	0.08987	0
192	F	0.00000	0.00747	0.99253	0
193	I	0.00000	0.00436	0.99564	0
194	I	0.00000	0.00067	0.99933	0
195	F	0.00000	0.0002	0.99980	0
196	G	0.00000	0.00017	0.99983	0
197	S	0.00000	0.0001	0.99990	0
198	L	0.00000	7e-05	0.99993	0
199	V	0.00000	0	1.00000	0
200	A	0.00000	0	1.00000	0
201	F	0.00000	0	1.00000	0
202	F	0.00000	0	1.00000	0
203	I	0.00000	0	1.00000	0
204	P	0.00000	0	1.00000	0
205	L	0.00000	0	1.00000	0
206	T	0.00000	0	1.00000	0
207	I	0.00000	0	1.00000	0
208	M	0.00000	0	1.00000	0
209	M	0.00000	0	1.00000	0
210	I	0.00000	0	1.00000	0
211	I	0.00000	0	1.00000	0
212	Y	0.00002	0	0.99998	0
213	L	0.00066	0	0.99934	0
214	L	0.01915	0	0.98085	0
215	T	0.29869	0	0.70131	0
216	V	0.43511	0	0.56489	0
217	R	0.96505	0	0.03495	0
218	V	0.96972	0	0.03028	0
219	L	0.98050	0	0.01950	0
220	R	0.99925	0	0.00075	0
221	K	0.99999	0	0.00001	0
222	K	1.00000	0	0.00000	0
223	V	1.00000	0	0.00000	0
224	Y	1.00000	0	0.00000	0
225	L	1.00000	0	0.00000	0
226	L	1.00000	0	0.00000	0
227	R	1.00000	0	0.00000	0
228	S	1.00000	0	0.00000	0
229	K	1.00000	0	0.00000	0
230	A	1.00000	0	0.00000	0
231	T	1.00000	0	0.00000	0
232	Q	1.00000	0	0.00000	0
233	R	1.00000	0	0.00000	0
234	F	1.00000	0	0.00000	0
235	S	1.00000	0	0.00000	0
236	Y	1.00000	0	0.00000	0
237	S	1.00000	0	0.00000	0
238	I	1.00000	0	0.00000	0
239	I	1.00000	0	0.00000	0
240	S	1.00000	0	0.00000	0
241	T	1.00000	0	0.00000	0
242	V	1.00000	0	0.00000	0
243	F	1.00000	0	0.00000	0
244	Q	1.00000	0	0.00000	0
245	R	1.00000	0	0.00000	0
246	E	1.00000	0	0.00000	0
247	Q	1.00000	0	0.00000	0
248	A	1.00000	0	0.00000	0
249	A	1.00000	0	0.00000	0
250	N	1.00000	0	0.00000	0
251	P	1.00000	0	0.00000	0
252	A	1.00000	0	0.00000	0
253	Q	1.00000	0	0.00000	0
254	P	1.00000	0	0.00000	0
255	E	1.00000	0	0.00000	0
256	Q	1.00000	0	0.00000	0
257	P	1.00000	0	0.00000	0
258	N	1.00000	0	0.00000	0
259	T	1.00000	0	0.00000	0
260	T	1.00000	0	0.00000	0
261	D	1.00000	0	0.00000	0
262	S	1.00000	0	0.00000	0
263	S	1.00000	0	0.00000	0
264	L	1.00000	0	0.00000	0
265	A	1.00000	0	0.00000	0
266	R	1.00000	0	0.00000	0
267	T	1.00000	0	0.00000	0
268	Q	1.00000	0	0.00000	0
269	E	1.00000	0	0.00000	0
270	K	1.00000	0	0.00000	0
271	T	1.00000	0	0.00000	0
272	N	1.00000	0	0.00000	0
273	T	1.00000	0	0.00000	0
274	D	1.00000	0	0.00000	0
275	A	1.00000	0	0.00000	0
276	I	1.00000	0	0.00000	0
277	I	1.00000	0	0.00000	0
278	S	1.00000	0	0.00000	0
279	L	1.00000	0	0.00000	0
280	T	1.00000	0	0.00000	0
281	G	1.00000	0	0.00000	0
282	D	1.00000	0	0.00000	0
283	E	1.00000	0	0.00000	0
284	K	1.00000	0	0.00000	0
285	S	1.00000	0	0.00000	0
286	F	1.00000	0	0.00000	0
287	R	1.00000	0	0.00000	0
288	R	1.00000	0	0.00000	0
289	L	1.00000	0	0.00000	0
290	S	1.00000	0	0.00000	0
291	T	1.00000	0	0.00000	0
292	M	1.00000	0	0.00000	0
293	G	1.00000	0	0.00000	0
294	K	1.00000	0	0.00000	0
295	K	1.00000	0	0.00000	0
296	S	1.00000	0	0.00000	0
297	M	1.00000	0	0.00000	0
298	Q	1.00000	0	0.00000	0
299	T	1.00000	0	0.00000	0
300	L	1.00000	0	0.00000	0
301	T	1.00000	0	0.00000	0
302	N	1.00000	0	0.00000	0
303	E	1.00000	0	0.00000	0
304	Q	0.99720	0	0.00280	0
305	R	0.99648	0	0.00352	0
306	A	0.30476	0	0.69524	0
307	S	0.30213	0	0.69787	0
308	K	0.03488	0	0.96512	0
309	V	0.00328	0	0.99672	0
310	L	0.00228	0	0.99772	0
311	G	0.00207	0	0.99793	0
312	I	0.00080	0	0.99920	0
313	V	0.00008	0	0.99992	0
314	F	0.00001	0	0.99999	0
315	L	0.00000	0	1.00000	0
316	L	0.00000	0	1.00000	0
317	F	0.00000	0	1.00000	0
318	V	0.00000	0	1.00000	0
319	V	0.00000	0	1.00000	0
320	M	0.00000	0	1.00000	0
321	W	0.00000	0	1.00000	0
322	C	0.00000	0	1.00000	0
323	P	0.00000	0	1.00000	0
324	F	0.00000	0	1.00000	0
325	F	0.00000	2e-05	0.99998	0
326	I	0.00000	0.00058	0.99942	0
327	T	0.00000	0.00981	0.99019	0
328	N	0.00000	0.13128	0.86872	0
329	I	0.00000	0.18715	0.81285	0
330	T	0.00000	0.41466	0.58534	0
331	S	0.00000	0.53403	0.46597	0
332	A	0.00000	0.58958	0.41042	0
333	L	0.00000	0.69716	0.30284	0
334	C	0.00000	0.97186	0.02814	0
335	T	0.00000	0.99218	0.00782	0
336	P	0.00000	0.99856	0.00144	0
337	C	0.00000	0.99995	0.00005	0
338	D	0.00000	1	0.00000	0
339	A	0.00000	1	0.00000	0
340	N	0.00000	1	0.00000	0
341	I	0.00000	0.99997	0.00003	0
342	I	0.00000	0.99991	0.00009	0
343	G	0.00000	0.99955	0.00045	0
344	R	0.00000	0.99093	0.00907	0
345	L	0.00000	0.9495	0.05050	0
346	M	0.00000	0.92809	0.07191	0
347	E	0.00000	0.70455	0.29545	0
348	I	0.00000	0.00589	0.99411	0
349	F	0.00000	0.00022	0.99978	0
350	V	0.00000	0	1.00000	0
351	W	0.00000	0	1.00000	0
352	V	0.00000	0	1.00000	0
353	G	0.00000	0	1.00000	0
354	Y	0.00000	0	1.00000	0
355	V	0.00000	0	1.00000	0
356	S	0.00000	0	1.00000	0
357	S	0.00000	0	1.00000	0
358	G	0.00000	0	1.00000	0
359	I	0.00000	0	1.00000	0
360	N	0.00000	0	1.00000	0
361	P	0.00000	0	1.00000	0
362	L	0.00000	0	1.00000	0
363	V	0.00000	0	1.00000	0
364	Y	0.00004	0	0.99996	0
365	T	0.00035	0	0.99965	0
366	L	0.00142	0	0.99858	0
367	F	0.07568	0	0.92432	0
368	N	0.55058	0	0.44942	0
369	K	1.00000	0	0.00000	0
370	T	1.00000	0	0.00000	0
371	F	1.00000	0	0.00000	0
372	R	1.00000	0	0.00000	0
373	Q	1.00000	0	0.00000	0
374	A	1.00000	0	0.00000	0
375	F	1.00000	0	0.00000	0
376	T	1.00000	0	0.00000	0
377	R	1.00000	0	0.00000	0
378	Y	1.00000	0	0.00000	0
379	I	1.00000	0	0.00000	0
380	T	1.00000	0	0.00000	0
381	C	1.00000	0	0.00000	0
382	N	1.00000	0	0.00000	0
383	Y	1.00000	0	0.00000	0
384	K	1.00000	0	0.00000	0
385	N	1.00000	0	0.00000	0
386	I	1.00000	0	0.00000	0
387	S	1.00000	0	0.00000	0
388	A	1.00000	0	0.00000	0
389	Q	1.00000	0	0.00000	0
390	E	1.00000	0	0.00000	0
391	Q	1.00000	0	0.00000	0
392	G	1.00000	0	0.00000	0
393	R	1.00000	0	0.00000	0
394	S	1.00000	0	0.00000	0
395	L	1.00000	0	0.00000	0
396	R	1.00000	0	0.00000	0
397	A	1.00000	0	0.00000	0
398	S	1.00000	0	0.00000	0
399	T	1.00000	0	0.00000	0
400	V	1.00000	0	0.00000	0
401	D	1.00000	0	0.00000	0
402	R	1.00000	0	0.00000	0
403	M	1.00000	0	0.00000	0
404	L	1.00000	0	0.00000	0
405	T	1.00000	0	0.00000	0
406	H	1.00000	0	0.00000	0
407	I	1.00000	0	0.00000	0
408	S	1.00000	0	0.00000	0
409	P	1.00000	0	0.00000	0
410	R	1.00000	0	0.00000	0
411	A	1.00000	0	0.00000	0
412	S	1.00000	0	0.00000	0
413	L	1.00000	0	0.00000	0
414	A	1.00000	0	0.00000	0
415	D	1.00000	0	0.00000	0
416	N	1.00000	0	0.00000	0
417	S	1.00000	0	0.00000	0
418	K	1.00000	0	0.00000	0
419	L	1.00000	0	0.00000	0
420	G	1.00000	0	0.00000	0
421	T	1.00000	0	0.00000	0
422	K	1.00000	0	0.00000	0
423	Q	1.00000	0	0.00000	0
424	E	1.00000	0	0.00000	0
425	T	1.00000	0	0.00000	0
426	K	1.00000	0	0.00000	0
427	N	1.00000	0	0.00000	0
428	G	1.00000	0	0.00000	0
429	T	1.00000	0	0.00000	0
430	T	1.00000	0	0.00000	0
431	D	1.00000	0	0.00000	0
432	Y	1.00000	0	0.00000	0
433	Q	1.00000	0	0.00000	0
434	S	1.00000	0	0.00000	0
435	P	1.00000	0	0.00000	0
436	S	1.00000	0	0.00000	0
437	K	1.00000	0	0.00000	0
438	G	1.00000	0	0.00000	0
439	L	1.00000	0	0.00000	0
440	R	1.00000	0	0.00000	0
441	A	1.00000	0	0.00000	0
442	P	1.00000	0	0.00000	0
443	A	1.00000	0	0.00000	0
444	Q	1.00000	0	0.00000	0
445	I	1.00000	0	0.00000	0
446	S	1.00000	0	0.00000	0
447	T	1.00000	0	0.00000	0
448	G	1.00000	0	0.00000	0
449	A	1.00000	0	0.00000	0
450	V	1.00000	0	0.00000	0
451	L	1.00000	0	0.00000	0
452	D	1.00000	0	0.00000	0
453	T	1.00000	0	0.00000	0
454	I	1.00000	0	0.00000	0
455	A	1.00000	0	0.00000	0
456	L	1.00000	0	0.00000	0
457	T	1.00000	0	0.00000	0
458	Q	1.00000	0	0.00000	0
459	T	1.00000	0	0.00000	0
460	E	1.00000	0	0.00000	0
461	S	1.00000	0	0.00000	0
462	C	1.00000	0	0.00000	0
463	K	1.00000	0	0.00000	0
464	Q	1.00000	0	0.00000	0
465	E	1.00000	0	0.00000	0
466	E	1.00000	0	0.00000	0
467	H	1.00000	0	0.00000	0
468	V	1.00000	0	0.00000	0
469	N	1.00000	0	0.00000	0
470	C	1.00000	0	0.00000	0
471	V	1.00000	0	0.00000	0
