# UNNAMED
#pos	aa	i	o	M	S
1	M	0.00000	0.9994	0.00000	0.0006
2	A	0.00000	0.9994	0.00000	0.0006
3	M	0.00000	0.9994	0.00000	0.0006
4	F	0.00000	0.9994	0.00000	0.0006
5	S	0.00000	0.9994	0.00000	0.0006
6	S	0.00000	0.9994	0.00000	0.0006
7	A	0.00000	0.9994	0.00000	0.0006
8	E	0.00000	0.9994	0.00000	0.0006
9	Q	0.00000	0.9994	0.00000	0.0006
10	P	0.00000	0.9994	0.00000	0.0006
11	W	0.00000	0.9994	0.00000	0.0006
12	N	0.00000	0.9994	0.00000	0.0006
13	D	0.00000	0.9994	0.00000	0.0006
14	S	0.00000	0.9994	0.00000	0.0006
15	D	0.00000	0.9994	0.00000	0.0006
16	G	0.00000	0.9994	0.00000	0.0006
17	L	0.00000	0.99962	0.00000	0.00038
18	S	0.00000	0.99962	0.00000	0.00038
19	W	0.00000	0.99967	0.00000	0.00034
20	A	0.00000	0.99966	0.00000	0.00034
21	E	0.00000	1	0.00000	0
22	R	0.00000	1	0.00000	0
23	N	0.00000	1	0.00000	0
24	G	0.00000	1	0.00000	0
25	S	0.00000	1	0.00000	0
26	A	0.00000	1	0.00000	0
27	E	0.00000	1	0.00000	0
28	A	0.00000	1	0.00000	0
29	P	0.00000	1	0.00000	0
30	V	0.00000	1	0.00000	0
31	Q	0.00000	1	0.00000	0
32	E	0.00000	1	0.00000	0
33	E	0.00000	1	0.00000	0
34	R	0.00000	0.99993	0.00007	0
35	N	0.00000	0.99793	0.00207	0
36	Y	0.00000	0.95334	0.04666	0
37	Y	0.00000	0.22119	0.77881	0
38	A	0.00000	0.1335	0.86650	0
39	M	0.00000	0.09236	0.90764	0
40	L	0.00000	0.03365	0.96635	0
41	Y	0.00000	0.00181	0.99819	0
42	S	0.00000	0.00038	0.99962	0
43	L	0.00000	1e-05	0.99999	0
44	L	0.00000	0	1.00000	0
45	I	0.00000	0	1.00000	0
46	L	0.00000	0	1.00000	0
47	A	0.00000	0	1.00000	0
48	I	0.00000	0	1.00000	0
49	V	0.00000	0	1.00000	0
50	F	0.00000	0	1.00000	0
51	G	0.00000	0	1.00000	0
52	N	0.00000	0	1.00000	0
53	V	0.00000	0	1.00000	0
54	L	0.00000	0	1.00000	0
55	V	0.00000	0	1.00000	0
56	C	0.00001	0	0.99999	0
57	L	0.00039	0	0.99961	0
58	A	0.02268	0	0.97732	0
59	V	0.08202	0	0.91798	0
60	L	0.33040	0	0.66960	0
61	R	0.98171	0	0.01829	0
62	E	0.99961	0	0.00039	0
63	R	0.99999	0	0.00001	0
64	S	1.00000	0	0.00000	0
65	L	1.00000	0	0.00000	0
66	Q	1.00000	0	0.00000	0
67	T	0.99979	0	0.00021	0
68	T	0.99177	0	0.00823	0
69	T	0.90121	0	0.09879	0
70	N	0.20374	0	0.79626	0
71	Y	0.06434	0	0.93566	0
72	L	0.00073	0	0.99927	0
73	V	0.00007	0	0.99993	0
74	V	0.00000	0	1.00000	0
75	S	0.00000	0	1.00000	0
76	L	0.00000	0	1.00000	0
77	A	0.00000	0	1.00000	0
78	V	0.00000	0	1.00000	0
79	A	0.00000	0	1.00000	0
80	D	0.00000	0	1.00000	0
81	L	0.00000	0	1.00000	0
82	L	0.00000	0	1.00000	0
83	V	0.00000	0	1.00000	0
84	A	0.00000	0	1.00000	0
85	S	0.00000	0	1.00000	0
86	L	0.00000	0	1.00000	0
87	V	0.00000	0	1.00000	0
88	M	0.00000	3e-05	0.99997	0
89	P	0.00000	0.00057	0.99943	0
90	W	0.00000	0.00623	0.99377	0
91	A	0.00000	0.10813	0.89187	0
92	V	0.00000	0.36313	0.63687	0
93	Y	0.00000	0.89745	0.10255	0
94	L	0.00000	0.99978	0.00022	0
95	E	0.00000	0.99999	0.00001	0
96	V	0.00000	0.99999	0.00001	0
97	V	0.00000	1	0.00000	0
98	G	0.00000	1	0.00000	0
99	G	0.00000	1	0.00000	0
100	A	0.00000	1	0.00000	0
101	W	0.00000	1	0.00000	0
102	L	0.00000	1	0.00000	0
103	F	0.00000	1	0.00000	0
104	S	0.00000	1	0.00000	0
105	R	0.00000	1	0.00000	0
106	L	0.00000	1	0.00000	0
107	Y	0.00000	1	0.00000	0
108	C	0.00000	0.99999	0.00001	0
109	N	0.00000	0.99995	0.00005	0
110	I	0.00000	0.99333	0.00667	0
111	F	0.00000	0.39012	0.60988	0
112	V	0.00000	0.07056	0.92944	0
113	T	0.00000	0.03072	0.96928	0
114	L	0.00000	0.00031	0.99969	0
115	D	0.00000	9e-05	0.99991	0
116	V	0.00000	0	1.00000	0
117	M	0.00000	0	1.00000	0
118	M	0.00000	0	1.00000	0
119	C	0.00000	0	1.00000	0
120	T	0.00000	0	1.00000	0
121	A	0.00000	0	1.00000	0
122	S	0.00000	0	1.00000	0
123	I	0.00000	0	1.00000	0
124	L	0.00000	0	1.00000	0
125	N	0.00000	0	1.00000	0
126	L	0.00000	0	1.00000	0
127	C	0.00000	0	1.00000	0
128	A	0.00000	0	1.00000	0
129	I	0.00000	0	1.00000	0
130	S	0.00000	0	1.00000	0
131	I	0.00000	0	1.00000	0
132	D	0.00001	0	0.99999	0
133	R	0.02175	0	0.97825	0
134	Y	0.46385	0	0.53615	0
135	T	0.90905	0	0.09095	0
136	A	0.97645	0	0.02355	0
137	V	0.99999	0	0.00001	0
138	V	1.00000	0	0.00000	0
139	M	1.00000	0	0.00000	0
140	P	1.00000	0	0.00000	0
141	V	1.00000	0	0.00000	0
142	L	1.00000	0	0.00000	0
143	Y	1.00000	0	0.00000	0
144	N	1.00000	0	0.00000	0
145	T	1.00000	0	0.00000	0
146	T	1.00000	0	0.00000	0
147	H	1.00000	0	0.00000	0
148	R	1.00000	0	0.00000	0
149	S	1.00000	0	0.00000	0
150	R	0.99999	0	0.00001	0
151	K	0.99970	0	0.00030	0
152	R	0.98277	0	0.01723	0
153	V	0.06941	0	0.93059	0
154	F	0.00769	0	0.99231	0
155	V	0.00009	0	0.99991	0
156	M	0.00000	0	1.00000	0
157	I	0.00000	0	1.00000	0
158	A	0.00000	0	1.00000	0
159	I	0.00000	0	1.00000	0
160	V	0.00000	0	1.00000	0
161	W	0.00000	0	1.00000	0
162	V	0.00000	0	1.00000	0
163	L	0.00000	0	1.00000	0
164	A	0.00000	0	1.00000	0
165	F	0.00000	0	1.00000	0
166	A	0.00000	0	1.00000	0
167	V	0.00000	0	1.00000	0
168	S	0.00000	0	1.00000	0
169	C	0.00000	0	1.00000	0
170	P	0.00000	0	1.00000	0
171	L	0.00000	1e-05	0.99999	0
172	L	0.00000	0.00023	0.99977	0
173	F	0.00000	0.00801	0.99199	0
174	G	0.00000	0.10756	0.89244	0
175	F	0.00000	0.30732	0.69268	0
176	N	0.00000	0.98416	0.01584	0
177	T	0.00000	0.99913	0.00087	0
178	T	0.00000	0.99997	0.00003	0
179	D	0.00000	1	0.00000	0
180	D	0.00000	1	0.00000	0
181	P	0.00000	1	0.00000	0
182	M	0.00000	1	0.00000	0
183	V	0.00000	1	0.00000	0
184	C	0.00000	1	0.00000	0
185	S	0.00000	1	0.00000	0
186	I	0.00000	1	0.00000	0
187	S	0.00000	1	0.00000	0
188	N	0.00000	1	0.00000	0
189	P	0.00000	0.99999	0.00001	0
190	D	0.00000	0.9992	0.00080	0
191	F	0.00000	0.17917	0.82083	0
192	V	0.00000	0.1176	0.88240	0
193	I	0.00000	0.07983	0.92017	0
194	Y	0.00000	0.02075	0.97925	0
195	S	0.00000	0.01902	0.98098	0
196	S	0.00000	0.00467	0.99533	0
197	V	0.00000	0.00364	0.99636	0
198	V	0.00000	0	1.00000	0
199	S	0.00000	0	1.00000	0
200	F	0.00000	0	1.00000	0
201	Y	0.00000	0	1.00000	0
202	L	0.00000	0	1.00000	0
203	P	0.00000	0	1.00000	0
204	F	0.00000	0	1.00000	0
205	I	0.00000	0	1.00000	0
206	I	0.00000	0	1.00000	0
207	T	0.00000	0	1.00000	0
208	L	0.00000	0	1.00000	0
209	L	0.00000	0	1.00000	0
210	V	0.00000	0	1.00000	0
211	Y	0.00000	0	1.00000	0
212	I	0.00013	0	0.99987	0
213	R	0.01108	0	0.98892	0
214	I	0.01338	0	0.98662	0
215	Y	0.03676	0	0.96324	0
216	I	0.19656	0	0.80344	0
217	F	0.33766	0	0.66234	0
218	L	0.97484	0	0.02516	0
219	R	0.99793	0	0.00207	0
220	M	0.99927	0	0.00073	0
221	R	0.99994	0	0.00006	0
222	R	1.00000	0	0.00000	0
223	K	1.00000	0	0.00000	0
224	R	1.00000	0	0.00000	0
225	I	1.00000	0	0.00000	0
226	A	1.00000	0	0.00000	0
227	F	1.00000	0	0.00000	0
228	G	1.00000	0	0.00000	0
229	Q	1.00000	0	0.00000	0
230	P	1.00000	0	0.00000	0
231	S	1.00000	0	0.00000	0
232	G	1.00000	0	0.00000	0
233	K	1.00000	0	0.00000	0
234	V	1.00000	0	0.00000	0
235	Q	1.00000	0	0.00000	0
236	P	1.00000	0	0.00000	0
237	G	1.00000	0	0.00000	0
238	S	1.00000	0	0.00000	0
239	A	1.00000	0	0.00000	0
240	P	1.00000	0	0.00000	0
241	P	1.00000	0	0.00000	0
242	S	1.00000	0	0.00000	0
243	A	1.00000	0	0.00000	0
244	E	1.00000	0	0.00000	0
245	T	1.00000	0	0.00000	0
246	C	1.00000	0	0.00000	0
247	L	1.00000	0	0.00000	0
248	Q	1.00000	0	0.00000	0
249	E	1.00000	0	0.00000	0
250	T	1.00000	0	0.00000	0
251	P	1.00000	0	0.00000	0
252	K	1.00000	0	0.00000	0
253	A	1.00000	0	0.00000	0
254	K	1.00000	0	0.00000	0
255	Q	1.00000	0	0.00000	0
256	D	1.00000	0	0.00000	0
257	L	1.00000	0	0.00000	0
258	S	1.00000	0	0.00000	0
259	P	1.00000	0	0.00000	0
260	I	1.00000	0	0.00000	0
261	R	1.00000	0	0.00000	0
262	I	1.00000	0	0.00000	0
263	K	1.00000	0	0.00000	0
264	V	1.00000	0	0.00000	0
265	Q	1.00000	0	0.00000	0
266	S	1.00000	0	0.00000	0
267	V	1.00000	0	0.00000	0
268	E	1.00000	0	0.00000	0
269	L	1.00000	0	0.00000	0
270	P	1.00000	0	0.00000	0
271	G	1.00000	0	0.00000	0
272	P	1.00000	0	0.00000	0
273	S	1.00000	0	0.00000	0
274	K	1.00000	0	0.00000	0
275	P	1.00000	0	0.00000	0
276	S	1.00000	0	0.00000	0
277	L	1.00000	0	0.00000	0
278	L	1.00000	0	0.00000	0
279	S	1.00000	0	0.00000	0
280	G	1.00000	0	0.00000	0
281	C	1.00000	0	0.00000	0
282	L	1.00000	0	0.00000	0
283	W	1.00000	0	0.00000	0
284	R	1.00000	0	0.00000	0
285	K	1.00000	0	0.00000	0
286	R	1.00000	0	0.00000	0
287	P	1.00000	0	0.00000	0
288	K	1.00000	0	0.00000	0
289	T	1.00000	0	0.00000	0
290	G	1.00000	0	0.00000	0
291	P	1.00000	0	0.00000	0
292	V	1.00000	0	0.00000	0
293	E	1.00000	0	0.00000	0
294	N	1.00000	0	0.00000	0
295	S	1.00000	0	0.00000	0
296	M	1.00000	0	0.00000	0
297	L	1.00000	0	0.00000	0
298	P	1.00000	0	0.00000	0
299	P	1.00000	0	0.00000	0
300	V	1.00000	0	0.00000	0
301	D	1.00000	0	0.00000	0
302	T	1.00000	0	0.00000	0
303	Q	1.00000	0	0.00000	0
304	N	1.00000	0	0.00000	0
305	C	1.00000	0	0.00000	0
306	C	1.00000	0	0.00000	0
307	S	1.00000	0	0.00000	0
308	I	1.00000	0	0.00000	0
309	S	1.00000	0	0.00000	0
310	H	1.00000	0	0.00000	0
311	A	1.00000	0	0.00000	0
312	S	1.00000	0	0.00000	0
313	C	1.00000	0	0.00000	0
314	G	1.00000	0	0.00000	0
315	R	1.00000	0	0.00000	0
316	T	1.00000	0	0.00000	0
317	E	1.00000	0	0.00000	0
318	L	1.00000	0	0.00000	0
319	D	1.00000	0	0.00000	0
320	L	1.00000	0	0.00000	0
321	E	1.00000	0	0.00000	0
322	Q	1.00000	0	0.00000	0
323	E	1.00000	0	0.00000	0
324	R	1.00000	0	0.00000	0
325	G	1.00000	0	0.00000	0
326	E	1.00000	0	0.00000	0
327	E	1.00000	0	0.00000	0
328	G	1.00000	0	0.00000	0
329	E	1.00000	0	0.00000	0
330	E	1.00000	0	0.00000	0
331	V	1.00000	0	0.00000	0
332	A	1.00000	0	0.00000	0
333	E	1.00000	0	0.00000	0
334	G	1.00000	0	0.00000	0
335	S	1.00000	0	0.00000	0
336	Q	1.00000	0	0.00000	0
337	R	1.00000	0	0.00000	0
338	E	1.00000	0	0.00000	0
339	Q	1.00000	0	0.00000	0
340	P	1.00000	0	0.00000	0
341	P	1.00000	0	0.00000	0
342	V	1.00000	0	0.00000	0
343	R	1.00000	0	0.00000	0
344	M	1.00000	0	0.00000	0
345	S	1.00000	0	0.00000	0
346	C	1.00000	0	0.00000	0
347	E	1.00000	0	0.00000	0
348	V	1.00000	0	0.00000	0
349	K	1.00000	0	0.00000	0
350	D	1.00000	0	0.00000	0
351	L	1.00000	0	0.00000	0
352	S	1.00000	0	0.00000	0
353	N	1.00000	0	0.00000	0
354	G	1.00000	0	0.00000	0
355	R	1.00000	0	0.00000	0
356	T	1.00000	0	0.00000	0
357	H	1.00000	0	0.00000	0
358	T	1.00000	0	0.00000	0
359	S	1.00000	0	0.00000	0
360	L	1.00000	0	0.00000	0
361	H	1.00000	0	0.00000	0
362	P	1.00000	0	0.00000	0
363	A	1.00000	0	0.00000	0
364	Y	1.00000	0	0.00000	0
365	H	1.00000	0	0.00000	0
366	S	1.00000	0	0.00000	0
367	H	1.00000	0	0.00000	0
368	T	1.00000	0	0.00000	0
369	L	1.00000	0	0.00000	0
370	N	1.00000	0	0.00000	0
371	T	1.00000	0	0.00000	0
372	R	1.00000	0	0.00000	0
373	F	1.00000	0	0.00000	0
374	R	1.00000	0	0.00000	0
375	T	1.00000	0	0.00000	0
376	M	1.00000	0	0.00000	0
377	H	1.00000	0	0.00000	0
378	A	1.00000	0	0.00000	0
379	R	1.00000	0	0.00000	0
380	E	1.00000	0	0.00000	0
381	K	0.99270	0	0.00730	0
382	K	0.99221	0	0.00779	0
383	A	0.93936	0	0.06064	0
384	T	0.93422	0	0.06578	0
385	Q	0.78633	0	0.21367	0
386	M	0.76558	0	0.23442	0
387	L	0.00521	0	0.99479	0
388	A	0.00004	0	0.99996	0
389	I	0.00000	0	1.00000	0
390	V	0.00000	0	1.00000	0
391	L	0.00000	0	1.00000	0
392	G	0.00000	0	1.00000	0
393	V	0.00000	0	1.00000	0
394	F	0.00000	0	1.00000	0
395	L	0.00000	0	1.00000	0
396	I	0.00000	0	1.00000	0
397	C	0.00000	0	1.00000	0
398	W	0.00000	0	1.00000	0
399	L	0.00000	0	1.00000	0
400	P	0.00000	0	1.00000	0
401	F	0.00000	0	1.00000	0
402	F	0.00000	0	1.00000	0
403	V	0.00000	0.00041	0.99959	0
404	T	0.00000	0.00327	0.99673	0
405	H	0.00000	0.00678	0.99322	0
406	I	0.00000	0.0125	0.98750	0
407	L	0.00000	0.0631	0.93690	0
408	N	0.00000	0.64741	0.35259	0
409	T	0.00000	0.83224	0.16776	0
410	H	0.00000	0.99459	0.00541	0
411	C	0.00000	0.99944	0.00056	0
412	R	0.00000	0.99997	0.00003	0
413	T	0.00000	0.99999	0.00001	0
414	C	0.00000	0.99999	0.00001	0
415	Y	0.00000	0.99999	0.00001	0
416	I	0.00000	0.99998	0.00002	0
417	P	0.00000	0.99997	0.00003	0
418	P	0.00000	0.99994	0.00006	0
419	G	0.00000	0.99968	0.00032	0
420	L	0.00000	0.99518	0.00482	0
421	Y	0.00000	0.99398	0.00602	0
422	S	0.00000	0.83374	0.16626	0
423	A	0.00000	0.02089	0.97911	0
424	F	0.00000	0.00244	0.99756	0
425	T	0.00000	0.00058	0.99942	0
426	W	0.00000	0	1.00000	0
427	L	0.00000	0	1.00000	0
428	G	0.00000	0	1.00000	0
429	Y	0.00000	0	1.00000	0
430	V	0.00000	0	1.00000	0
431	N	0.00000	0	1.00000	0
432	S	0.00000	0	1.00000	0
433	A	0.00000	0	1.00000	0
434	L	0.00000	0	1.00000	0
435	N	0.00000	0	1.00000	0
436	P	0.00000	0	1.00000	0
437	V	0.00000	0	1.00000	0
438	I	0.00000	0	1.00000	0
439	Y	0.00001	0	0.99999	0
440	T	0.00007	0	0.99993	0
441	T	0.00047	0	0.99953	0
442	F	0.04505	0	0.95495	0
443	N	0.50711	0	0.49289	0
444	I	0.74107	0	0.25893	0
445	E	1.00000	0	0.00000	0
446	F	1.00000	0	0.00000	0
447	R	1.00000	0	0.00000	0
448	R	1.00000	0	0.00000	0
449	A	1.00000	0	0.00000	0
450	F	1.00000	0	0.00000	0
451	I	1.00000	0	0.00000	0
452	K	1.00000	0	0.00000	0
453	I	1.00000	0	0.00000	0
454	L	1.00000	0	0.00000	0
455	S	1.00000	0	0.00000	0
456	C	1.00000	0	0.00000	0
