# UNNAMED
#pos	aa	i	o	M	S
1	M	0.00000	0.99996	0.00000	4e-05
2	S	0.00000	0.99996	0.00000	4e-05
3	N	0.00000	0.99996	0.00000	4e-05
4	S	0.00000	0.99996	0.00000	4e-05
5	S	0.00000	0.99996	0.00000	4e-05
6	P	0.00000	0.99996	0.00000	4e-05
7	T	0.00000	0.99996	0.00000	5e-05
8	A	0.00000	0.99996	0.00000	4e-05
9	A	0.00000	0.99996	0.00000	4e-05
10	V	0.00000	0.99996	0.00000	4e-05
11	Q	0.00000	0.99996	0.00000	4e-05
12	L	0.00000	0.99996	0.00000	4e-05
13	C	0.00000	0.99996	0.00000	4e-05
14	Y	0.00000	0.99996	0.00000	4e-05
15	E	0.00000	0.99996	0.00000	4e-05
16	H	0.00000	0.99997	0.00000	3e-05
17	L	0.00000	0.99997	0.00000	3e-05
18	N	0.00000	0.99997	0.00000	3e-05
19	G	0.00000	0.99997	0.00000	3e-05
20	S	0.00000	0.99997	0.00000	3e-05
21	C	0.00000	0.99997	0.00000	3e-05
22	V	0.00000	1	0.00000	0
23	K	0.00000	1	0.00000	0
24	T	0.00000	1	0.00000	0
25	P	0.00000	1	0.00000	0
26	Y	0.00000	1	0.00000	0
27	S	0.00000	1	0.00000	0
28	P	0.00000	1	0.00000	0
29	A	0.00000	0.99999	0.00001	0
30	S	0.00000	0.99998	0.00002	0
31	R	0.00000	0.99741	0.00259	0
32	V	0.00000	0.91153	0.08847	0
33	I	0.00000	0.86	0.14000	0
34	L	0.00000	0.37259	0.62741	0
35	Y	0.00000	0.21868	0.78132	0
36	M	0.00000	0.13713	0.86287	0
37	V	0.00000	0.03101	0.96899	0
38	Y	0.00000	0.00728	0.99272	0
39	G	0.00000	0.00267	0.99733	0
40	F	0.00000	0.00014	0.99986	0
41	G	0.00000	1e-05	0.99999	0
42	A	0.00000	0	1.00000	0
43	V	0.00000	0	1.00000	0
44	L	0.00000	0	1.00000	0
45	A	0.00000	0	1.00000	0
46	M	0.00000	0	1.00000	0
47	F	0.00000	0	1.00000	0
48	G	0.00000	0	1.00000	0
49	N	0.00000	0	1.00000	0
50	L	0.00000	0	1.00000	0
51	L	0.00000	0	1.00000	0
52	V	0.00001	0	0.99999	0
53	M	0.00016	0	0.99984	0
54	T	0.00220	0	0.99780	0
55	A	0.00783	0	0.99217	0
56	I	0.02241	0	0.97759	0
57	L	0.17692	0	0.82308	0
58	H	0.52988	0	0.47012	0
59	F	0.60412	0	0.39588	0
60	K	0.99554	0	0.00446	0
61	Q	0.99997	0	0.00003	0
62	L	0.99999	0	0.00001	0
63	H	1.00000	0	0.00000	0
64	S	1.00000	0	0.00000	0
65	P	1.00000	0	0.00000	0
66	T	0.73941	0	0.26059	0
67	N	0.19541	0	0.80459	0
68	F	0.03942	0	0.96058	0
69	L	0.00078	0	0.99922	0
70	I	0.00002	0	0.99998	0
71	A	0.00000	0	1.00000	0
72	S	0.00000	0	1.00000	0
73	L	0.00000	0	1.00000	0
74	A	0.00000	0	1.00000	0
75	C	0.00000	0	1.00000	0
76	A	0.00000	0	1.00000	0
77	D	0.00000	0	1.00000	0
78	F	0.00000	0	1.00000	0
79	L	0.00000	0	1.00000	0
80	V	0.00000	0	1.00000	0
81	G	0.00000	0	1.00000	0
82	V	0.00000	0	1.00000	0
83	T	0.00000	0	1.00000	0
84	V	0.00000	2e-05	0.99998	0
85	M	0.00000	0.00122	0.99878	0
86	P	0.00000	0.02262	0.97738	0
87	F	0.00000	0.06866	0.93134	0
88	S	0.00000	0.28788	0.71212	0
89	M	0.00000	0.36453	0.63547	0
90	V	0.00000	0.62633	0.37367	0
91	R	0.00000	0.99992	0.00008	0
92	S	0.00000	0.99997	0.00003	0
93	V	0.00000	0.99997	0.00003	0
94	E	0.00000	1	0.00000	0
95	S	0.00000	1	0.00000	0
96	C	0.00000	1	0.00000	0
97	W	0.00000	1	0.00000	0
98	Y	0.00000	0.99998	0.00002	0
99	F	0.00000	0.99984	0.00016	0
100	G	0.00000	0.99984	0.00016	0
101	R	0.00000	0.99982	0.00018	0
102	T	0.00000	0.99973	0.00027	0
103	F	0.00000	0.99138	0.00862	0
104	C	0.00000	0.98994	0.01006	0
105	T	0.00000	0.98821	0.01179	0
106	F	0.00000	0.97637	0.02363	0
107	H	0.00000	0.40556	0.59444	0
108	T	0.00000	0.30431	0.69569	0
109	C	0.00000	0.24211	0.75789	0
110	F	0.00000	0.0011	0.99890	0
111	D	0.00000	0.00073	0.99927	0
112	T	0.00000	4e-05	0.99996	0
113	A	0.00000	0	1.00000	0
114	F	0.00000	0	1.00000	0
115	C	0.00000	0	1.00000	0
116	Y	0.00000	0	1.00000	0
117	S	0.00000	0	1.00000	0
118	S	0.00000	0	1.00000	0
119	L	0.00000	0	1.00000	0
120	F	0.00000	0	1.00000	0
121	H	0.00000	0	1.00000	0
122	L	0.00001	0	0.99999	0
123	S	0.00010	0	0.99990	0
124	F	0.00012	0	0.99988	0
125	I	0.00032	0	0.99968	0
126	S	0.00058	0	0.99942	0
127	I	0.00077	0	0.99923	0
128	D	0.00211	0	0.99789	0
129	R	0.35832	0	0.64168	0
130	Y	0.92826	0	0.07174	0
131	I	0.98420	0	0.01580	0
132	A	0.99727	0	0.00273	0
133	V	1.00000	0	0.00000	0
134	T	1.00000	0	0.00000	0
135	D	1.00000	0	0.00000	0
136	P	1.00000	0	0.00000	0
137	L	1.00000	0	0.00000	0
138	V	1.00000	0	0.00000	0
139	Y	1.00000	0	0.00000	0
140	P	1.00000	0	0.00000	0
141	T	0.99992	0	0.00008	0
142	K	0.99945	0	0.00055	0
143	F	0.89051	0	0.10949	0
144	T	0.83571	0	0.16429	0
145	V	0.63455	0	0.36545	0
146	S	0.51133	0	0.48867	0
147	V	0.16117	0	0.83883	0
148	S	0.12245	0	0.87755	0
149	G	0.04231	0	0.95769	0
150	I	0.00080	0	0.99920	0
151	C	0.00000	0	1.00000	0
152	I	0.00000	0	1.00000	0
153	S	0.00000	0	1.00000	0
154	I	0.00000	0	1.00000	0
155	S	0.00000	0	1.00000	0
156	W	0.00000	0	1.00000	0
157	I	0.00000	0	1.00000	0
158	L	0.00000	0	1.00000	0
159	P	0.00000	0	1.00000	0
160	I	0.00000	0	1.00000	0
161	T	0.00000	4e-05	0.99996	0
162	Y	0.00000	0.00125	0.99875	0
163	S	0.00000	0.02039	0.97961	0
164	G	0.00000	0.0475	0.95250	0
165	A	0.00000	0.07262	0.92738	0
166	V	0.00000	0.14408	0.85592	0
167	F	0.00000	0.31743	0.68257	0
168	Y	0.00000	0.5221	0.47790	0
169	T	0.00000	0.7587	0.24130	0
170	G	0.00000	0.93787	0.06213	0
171	A	0.00000	0.96128	0.03872	0
172	N	0.00000	0.99839	0.00161	0
173	E	0.00000	1	0.00000	0
174	N	0.00000	1	0.00000	0
175	G	0.00000	1	0.00000	0
176	L	0.00000	1	0.00000	0
177	E	0.00000	1	0.00000	0
178	E	0.00000	1	0.00000	0
179	L	0.00000	1	0.00000	0
180	S	0.00000	1	0.00000	0
181	S	0.00000	1	0.00000	0
182	A	0.00000	1	0.00000	0
183	L	0.00000	1	0.00000	0
184	N	0.00000	1	0.00000	0
185	C	0.00000	1	0.00000	0
186	V	0.00000	1	0.00000	0
187	G	0.00000	1	0.00000	0
188	G	0.00000	1	0.00000	0
189	C	0.00000	1	0.00000	0
190	Q	0.00000	1	0.00000	0
191	T	0.00000	0.9998	0.00020	0
192	V	0.00000	0.99972	0.00028	0
193	V	0.00000	0.99969	0.00031	0
194	N	0.00000	0.99969	0.00031	0
195	Q	0.00000	0.99963	0.00037	0
196	N	0.00000	0.06493	0.93507	0
197	W	0.00000	0.06083	0.93917	0
198	V	0.00000	0.05798	0.94202	0
199	L	0.00000	0.01323	0.98677	0
200	I	0.00000	0.01287	0.98713	0
201	D	0.00000	0.01281	0.98719	0
202	F	0.00000	0.00727	0.99273	0
203	L	0.00000	0	1.00000	0
204	S	0.00000	0	1.00000	0
205	F	0.00000	0	1.00000	0
206	F	0.00000	0	1.00000	0
207	I	0.00000	0	1.00000	0
208	P	0.00000	0	1.00000	0
209	T	0.00000	0	1.00000	0
210	L	0.00000	0	1.00000	0
211	V	0.00000	0	1.00000	0
212	M	0.00000	0	1.00000	0
213	I	0.00000	0	1.00000	0
214	I	0.00000	0	1.00000	0
215	L	0.00001	0	0.99999	0
216	Y	0.00007	0	0.99993	0
217	S	0.00289	0	0.99711	0
218	N	0.00780	0	0.99220	0
219	I	0.00975	0	0.99025	0
220	F	0.02476	0	0.97524	0
221	L	0.15964	0	0.84036	0
222	V	0.23997	0	0.76003	0
223	A	0.72480	0	0.27520	0
224	R	0.99291	0	0.00709	0
225	Q	0.99978	0	0.00022	0
226	Q	0.99999	0	0.00001	0
227	A	0.99999	0	0.00001	0
228	K	1.00000	0	0.00000	0
229	K	1.00000	0	0.00000	0
230	I	1.00000	0	0.00000	0
231	E	1.00000	0	0.00000	0
232	N	1.00000	0	0.00000	0
233	T	1.00000	0	0.00000	0
234	G	1.00000	0	0.00000	0
235	S	1.00000	0	0.00000	0
236	K	1.00000	0	0.00000	0
237	R	1.00000	0	0.00000	0
238	E	1.00000	0	0.00000	0
239	S	1.00000	0	0.00000	0
240	S	1.00000	0	0.00000	0
241	S	1.00000	0	0.00000	0
242	D	1.00000	0	0.00000	0
243	S	1.00000	0	0.00000	0
244	Y	1.00000	0	0.00000	0
245	K	1.00000	0	0.00000	0
246	S	1.00000	0	0.00000	0
247	R	1.00000	0	0.00000	0
248	V	1.00000	0	0.00000	0
249	A	1.00000	0	0.00000	0
250	K	1.00000	0	0.00000	0
251	R	1.00000	0	0.00000	0
252	E	1.00000	0	0.00000	0
253	R	0.91929	0	0.08071	0
254	K	0.91588	0	0.08412	0
255	A	0.16872	0	0.83128	0
256	A	0.16784	0	0.83216	0
257	K	0.15745	0	0.84255	0
258	T	0.12461	0	0.87539	0
259	L	0.12110	0	0.87890	0
260	G	0.10407	0	0.89593	0
261	I	0.09403	0	0.90597	0
262	T	0.06895	0	0.93105	0
263	V	0.06587	0	0.93413	0
264	I	0.00041	0	0.99959	0
265	A	0.00005	0	0.99995	0
266	F	0.00004	0	0.99996	0
267	M	0.00000	0	1.00000	0
268	I	0.00000	0	1.00000	0
269	S	0.00000	0	1.00000	0
270	W	0.00000	0	1.00000	0
271	L	0.00000	0	1.00000	0
272	P	0.00000	0.0004	0.99960	0
273	Y	0.00000	0.00145	0.99855	0
274	S	0.00000	0.01197	0.98803	0
275	I	0.00000	0.05987	0.94013	0
276	D	0.00000	0.75746	0.24254	0
277	S	0.00000	0.76131	0.23869	0
278	L	0.00000	0.76757	0.23243	0
279	I	0.00000	0.77733	0.22267	0
280	D	0.00000	0.82595	0.17405	0
281	A	0.00000	0.82589	0.17411	0
282	F	0.00000	0.82654	0.17346	0
283	M	0.00000	0.82996	0.17004	0
284	G	0.00000	0.84331	0.15669	0
285	F	0.00000	0.84649	0.15351	0
286	I	0.00000	0.88235	0.11765	0
287	T	0.00000	0.94597	0.05403	0
288	P	0.00000	0.9699	0.03010	0
289	A	0.00000	0.97039	0.02961	0
290	Y	0.00000	0.97679	0.02321	0
291	I	0.00000	0.97928	0.02072	0
292	Y	0.00000	0.98707	0.01293	0
293	E	0.00000	0.86074	0.13926	0
294	I	0.00000	0.69388	0.30612	0
295	C	0.00000	0.64521	0.35479	0
296	C	0.00000	0.46347	0.53653	0
297	W	0.00000	0.03879	0.96121	0
298	C	0.00000	0.00149	0.99851	0
299	A	0.00002	1e-05	0.99997	0
300	Y	0.00005	0	0.99995	0
301	Y	0.00007	0	0.99993	0
302	N	0.00049	0	0.99951	0
303	S	0.00049	0	0.99951	0
304	A	0.00050	0	0.99950	0
305	M	0.00052	0	0.99948	0
306	N	0.00052	0	0.99948	0
307	P	0.00052	0	0.99948	0
308	L	0.00053	0	0.99947	0
309	I	0.00054	0	0.99946	0
310	Y	0.00094	0	0.99906	0
311	A	0.00169	0	0.99831	0
312	L	0.00219	0	0.99781	0
313	F	0.00380	0	0.99620	0
314	Y	0.01623	0	0.98377	0
315	P	0.04310	0	0.95690	0
316	W	0.06451	0	0.93549	0
317	F	0.35082	0	0.64918	0
318	R	1.00000	0	0.00000	0
319	K	1.00000	0	0.00000	0
320	A	1.00000	0	0.00000	0
321	I	1.00000	0	0.00000	0
322	K	1.00000	0	0.00000	0
323	V	1.00000	0	0.00000	0
324	I	1.00000	0	0.00000	0
325	V	1.00000	0	0.00000	0
326	S	1.00000	0	0.00000	0
327	G	1.00000	0	0.00000	0
328	R	1.00000	0	0.00000	0
329	V	1.00000	0	0.00000	0
330	F	1.00000	0	0.00000	0
331	K	1.00000	0	0.00000	0
332	N	1.00000	0	0.00000	0
333	S	1.00000	0	0.00000	0
334	S	1.00000	0	0.00000	0
335	G	1.00000	0	0.00000	0
336	S	1.00000	0	0.00000	0
337	M	1.00000	0	0.00000	0
338	N	1.00000	0	0.00000	0
339	L	1.00000	0	0.00000	0
340	S	1.00000	0	0.00000	0
341	S	1.00000	0	0.00000	0
342	E	1.00000	0	0.00000	0
343	Q	1.00000	0	0.00000	0
344	M	1.00000	0	0.00000	0
