# UNNAMED
#pos	aa	i	o	M	S
1	M	0.00000	1	0.00000	0
2	N	0.00000	1	0.00000	0
3	P	0.00000	1	0.00000	0
4	Y	0.00000	1	0.00000	0
5	L	0.00000	1	0.00000	0
6	D	0.00000	1	0.00000	0
7	D	0.00000	1	0.00000	0
8	K	0.00000	1	0.00000	0
9	Y	0.00000	1	0.00000	0
10	N	0.00000	1	0.00000	0
11	S	0.00000	1	0.00000	0
12	S	0.00000	1	0.00000	0
13	I	0.00000	1	0.00000	0
14	P	0.00000	1	0.00000	0
15	G	0.00000	1	0.00000	0
16	Y	0.00000	1	0.00000	0
17	L	0.00000	1	0.00000	0
18	E	0.00000	1	0.00000	0
19	E	0.00000	1	0.00000	0
20	S	0.00000	1	0.00000	0
21	V	0.00000	1	0.00000	0
22	L	0.00000	1	0.00000	0
23	N	0.00000	1	0.00000	0
24	N	0.00000	1	0.00000	0
25	G	0.00000	1	0.00000	0
26	S	0.00000	1	0.00000	0
27	L	0.00000	1	0.00000	0
28	S	0.00000	1	0.00000	0
29	A	0.00000	1	0.00000	0
30	N	0.00000	1	0.00000	0
31	N	0.00000	1	0.00000	0
32	T	0.00000	1	0.00000	0
33	N	0.00000	1	0.00000	0
34	Q	0.00000	1	0.00000	0
35	T	0.00000	1	0.00000	0
36	A	0.00000	1	0.00000	0
37	S	0.00000	1	0.00000	0
38	N	0.00000	1	0.00000	0
39	L	0.00000	1	0.00000	0
40	N	0.00000	1	0.00000	0
41	L	0.00000	1	0.00000	0
42	P	0.00000	1	0.00000	0
43	A	0.00000	1	0.00000	0
44	L	0.00000	1	0.00000	0
45	D	0.00000	1	0.00000	0
46	I	0.00000	0.97247	0.02753	0
47	T	0.00000	0.96039	0.03961	0
48	R	0.00000	0.94224	0.05776	0
49	A	0.00000	0.53228	0.46772	0
50	I	0.00000	0.22271	0.77729	0
51	T	0.00000	0.10862	0.89138	0
52	V	0.00000	0.03863	0.96137	0
53	G	0.00000	0.02815	0.97185	0
54	L	0.00000	0.01372	0.98628	0
55	I	0.00000	0.00252	0.99748	0
56	L	0.00000	0.00059	0.99941	0
57	G	0.00000	0.00028	0.99972	0
58	A	0.00000	3e-05	0.99997	0
59	F	0.00000	0	1.00000	0
60	I	0.00000	0	1.00000	0
61	L	0.00000	0	1.00000	0
62	F	0.00000	0	1.00000	0
63	A	0.00000	0	1.00000	0
64	I	0.00000	0	1.00000	0
65	V	0.00000	0	1.00000	0
66	G	0.00000	0	1.00000	0
67	N	0.00000	0	1.00000	0
68	I	0.00000	0	1.00000	0
69	L	0.00000	0	1.00000	0
70	V	0.00001	0	0.99999	0
71	I	0.00012	0	0.99988	0
72	L	0.01144	0	0.98856	0
73	S	0.36782	0	0.63218	0
74	V	0.42946	0	0.57054	0
75	A	0.63307	0	0.36693	0
76	C	0.83498	0	0.16502	0
77	N	0.99257	0	0.00743	0
78	R	0.99958	0	0.00042	0
79	H	0.99992	0	0.00008	0
80	L	0.99996	0	0.00004	0
81	R	1.00000	0	0.00000	0
82	I	1.00000	0	0.00000	0
83	P	1.00000	0	0.00000	0
84	T	0.94580	0	0.05420	0
85	N	0.72438	0	0.27562	0
86	Y	0.16819	0	0.83181	0
87	F	0.00117	0	0.99883	0
88	I	0.00006	0	0.99994	0
89	V	0.00000	0	1.00000	0
90	N	0.00000	0	1.00000	0
91	L	0.00000	0	1.00000	0
92	A	0.00000	0	1.00000	0
93	I	0.00000	0	1.00000	0
94	A	0.00000	0	1.00000	0
95	D	0.00000	0	1.00000	0
96	L	0.00000	0	1.00000	0
97	L	0.00000	0	1.00000	0
98	L	0.00000	0	1.00000	0
99	S	0.00000	0	1.00000	0
100	F	0.00000	0	1.00000	0
101	T	0.00000	0	1.00000	0
102	V	0.00000	0	1.00000	0
103	L	0.00000	4e-05	0.99996	0
104	P	0.00000	0.00143	0.99857	0
105	F	0.00000	0.05197	0.94803	0
106	S	0.00000	0.42704	0.57296	0
107	A	0.00000	0.61821	0.38179	0
108	T	0.00000	0.84893	0.15107	0
109	L	0.00000	0.99908	0.00092	0
110	D	0.00000	0.99943	0.00057	0
111	I	0.00000	0.99944	0.00056	0
112	L	0.00000	0.99953	0.00047	0
113	G	0.00000	0.99979	0.00021	0
114	Y	0.00000	0.99991	0.00009	0
115	W	0.00000	0.99993	0.00007	0
116	A	0.00000	0.99999	0.00001	0
117	F	0.00000	1	0.00000	0
118	G	0.00000	1	0.00000	0
119	R	0.00000	1	0.00000	0
120	I	0.00000	0.99996	0.00004	0
121	F	0.00000	0.99995	0.00005	0
122	C	0.00000	0.99995	0.00005	0
123	D	0.00000	0.99991	0.00009	0
124	I	0.00000	0.9991	0.00090	0
125	W	0.00000	0.91435	0.08565	0
126	A	0.00000	0.36213	0.63787	0
127	A	0.00000	0.01344	0.98656	0
128	V	0.00000	0.00018	0.99982	0
129	D	0.00000	5e-05	0.99995	0
130	V	0.00000	0	1.00000	0
131	L	0.00000	0	1.00000	0
132	C	0.00000	0	1.00000	0
133	C	0.00000	0	1.00000	0
134	T	0.00000	0	1.00000	0
135	A	0.00000	0	1.00000	0
136	S	0.00000	0	1.00000	0
137	I	0.00000	0	1.00000	0
138	L	0.00000	0	1.00000	0
139	S	0.00000	0	1.00000	0
140	L	0.00000	0	1.00000	0
141	C	0.00000	0	1.00000	0
142	A	0.00000	0	1.00000	0
143	I	0.00000	0	1.00000	0
144	S	0.00000	0	1.00000	0
145	I	0.00000	0	1.00000	0
146	D	0.00001	0	0.99999	0
147	R	0.01378	0	0.98622	0
148	Y	0.14438	0	0.85562	0
149	I	0.45101	0	0.54899	0
150	G	0.92710	0	0.07290	0
151	V	0.99999	0	0.00001	0
152	R	1.00000	0	0.00000	0
153	Y	1.00000	0	0.00000	0
154	S	1.00000	0	0.00000	0
155	L	1.00000	0	0.00000	0
156	Q	1.00000	0	0.00000	0
157	Y	1.00000	0	0.00000	0
158	P	1.00000	0	0.00000	0
159	T	1.00000	0	0.00000	0
160	L	1.00000	0	0.00000	0
161	V	1.00000	0	0.00000	0
162	T	1.00000	0	0.00000	0
163	R	1.00000	0	0.00000	0
164	R	0.99987	0	0.00013	0
165	K	0.99374	0	0.00626	0
166	A	0.47674	0	0.52326	0
167	I	0.00610	0	0.99390	0
168	L	0.00012	0	0.99988	0
169	A	0.00000	0	1.00000	0
170	L	0.00000	0	1.00000	0
171	L	0.00000	0	1.00000	0
172	S	0.00000	0	1.00000	0
173	V	0.00000	0	1.00000	0
174	W	0.00000	0	1.00000	0
175	V	0.00000	0	1.00000	0
176	L	0.00000	0	1.00000	0
177	S	0.00000	0	1.00000	0
178	M	0.00000	0	1.00000	0
179	I	0.00000	0	1.00000	0
180	I	0.00000	0	1.00000	0
181	S	0.00000	0	1.00000	0
182	I	0.00000	0	1.00000	0
183	G	0.00000	1e-05	0.99999	0
184	P	0.00000	4e-05	0.99996	0
185	L	0.00000	0.00054	0.99946	0
186	L	0.00000	0.0259	0.97410	0
187	G	0.00000	0.49036	0.50964	0
188	W	0.00000	0.69102	0.30898	0
189	K	0.00000	0.9973	0.00270	0
190	E	0.00000	0.99998	0.00002	0
191	P	0.00000	1	0.00000	0
192	A	0.00000	1	0.00000	0
193	P	0.00000	1	0.00000	0
194	K	0.00000	1	0.00000	0
195	D	0.00000	1	0.00000	0
196	D	0.00000	1	0.00000	0
197	K	0.00000	1	0.00000	0
198	V	0.00000	1	0.00000	0
199	C	0.00000	1	0.00000	0
200	C	0.00000	1	0.00000	0
201	I	0.00000	1	0.00000	0
202	T	0.00000	1	0.00000	0
203	E	0.00000	1	0.00000	0
204	E	0.00000	0.99997	0.00003	0
205	P	0.00000	0.99535	0.00465	0
206	F	0.00000	0.41784	0.58216	0
207	Y	0.00000	0.22178	0.77822	0
208	A	0.00000	0.21479	0.78521	0
209	L	0.00000	0.01555	0.98445	0
210	F	0.00000	0.00075	0.99925	0
211	S	0.00000	0.00066	0.99934	0
212	S	0.00000	8e-05	0.99992	0
213	L	0.00000	3e-05	0.99997	0
214	G	0.00000	0	1.00000	0
215	S	0.00000	0	1.00000	0
216	F	0.00000	0	1.00000	0
217	Y	0.00000	0	1.00000	0
218	I	0.00000	0	1.00000	0
219	P	0.00000	0	1.00000	0
220	L	0.00000	0	1.00000	0
221	I	0.00000	0	1.00000	0
222	V	0.00000	0	1.00000	0
223	I	0.00000	0	1.00000	0
224	L	0.00000	0	1.00000	0
225	V	0.00000	0	1.00000	0
226	M	0.00001	0	0.99999	0
227	Y	0.00013	0	0.99987	0
228	C	0.00611	0	0.99389	0
229	R	0.07901	0	0.92099	0
230	V	0.08702	0	0.91298	0
231	Y	0.12299	0	0.87701	0
232	I	0.35438	0	0.64562	0
233	V	0.52111	0	0.47889	0
234	A	0.99669	0	0.00331	0
235	K	0.99994	0	0.00006	0
236	R	1.00000	0	0.00000	0
237	T	1.00000	0	0.00000	0
238	T	1.00000	0	0.00000	0
239	K	1.00000	0	0.00000	0
240	N	1.00000	0	0.00000	0
241	L	1.00000	0	0.00000	0
242	E	1.00000	0	0.00000	0
243	A	1.00000	0	0.00000	0
244	G	1.00000	0	0.00000	0
245	V	1.00000	0	0.00000	0
246	M	1.00000	0	0.00000	0
247	K	1.00000	0	0.00000	0
248	E	1.00000	0	0.00000	0
249	M	1.00000	0	0.00000	0
250	S	1.00000	0	0.00000	0
251	D	1.00000	0	0.00000	0
252	S	1.00000	0	0.00000	0
253	K	1.00000	0	0.00000	0
254	E	1.00000	0	0.00000	0
255	L	1.00000	0	0.00000	0
256	T	1.00000	0	0.00000	0
257	L	1.00000	0	0.00000	0
258	R	1.00000	0	0.00000	0
259	I	1.00000	0	0.00000	0
260	H	1.00000	0	0.00000	0
261	Y	1.00000	0	0.00000	0
262	K	1.00000	0	0.00000	0
263	N	1.00000	0	0.00000	0
264	I	1.00000	0	0.00000	0
265	H	1.00000	0	0.00000	0
266	E	1.00000	0	0.00000	0
267	D	1.00000	0	0.00000	0
268	T	1.00000	0	0.00000	0
269	L	1.00000	0	0.00000	0
270	N	1.00000	0	0.00000	0
271	S	1.00000	0	0.00000	0
272	T	1.00000	0	0.00000	0
273	K	1.00000	0	0.00000	0
274	S	1.00000	0	0.00000	0
275	K	1.00000	0	0.00000	0
276	S	1.00000	0	0.00000	0
277	H	1.00000	0	0.00000	0
278	N	1.00000	0	0.00000	0
279	P	1.00000	0	0.00000	0
280	R	1.00000	0	0.00000	0
281	N	1.00000	0	0.00000	0
282	S	1.00000	0	0.00000	0
283	I	1.00000	0	0.00000	0
284	A	1.00000	0	0.00000	0
285	F	1.00000	0	0.00000	0
286	K	1.00000	0	0.00000	0
287	L	1.00000	0	0.00000	0
288	F	1.00000	0	0.00000	0
289	K	1.00000	0	0.00000	0
290	F	1.00000	0	0.00000	0
291	S	1.00000	0	0.00000	0
292	R	1.00000	0	0.00000	0
293	E	1.00000	0	0.00000	0
294	K	0.99621	0	0.00379	0
295	K	0.99598	0	0.00402	0
296	A	0.82718	0	0.17282	0
297	A	0.82622	0	0.17378	0
298	K	0.79892	0	0.20108	0
299	T	0.69872	0	0.30128	0
300	L	0.04422	0	0.95578	0
301	G	0.01142	0	0.98858	0
302	I	0.00260	0	0.99740	0
303	V	0.00194	0	0.99806	0
304	V	0.00185	0	0.99815	0
305	G	0.00011	0	0.99989	0
306	M	0.00000	0	1.00000	0
307	F	0.00000	0	1.00000	0
308	I	0.00000	0	1.00000	0
309	L	0.00000	0	1.00000	0
310	C	0.00000	0	1.00000	0
311	W	0.00000	0	1.00000	0
312	L	0.00000	0	1.00000	0
313	P	0.00000	0	1.00000	0
314	F	0.00000	0	1.00000	0
315	F	0.00000	0	1.00000	0
316	I	0.00000	3e-05	0.99997	0
317	A	0.00000	0.00041	0.99959	0
318	L	0.00000	0.0025	0.99750	0
319	P	0.00000	0.03357	0.96643	0
320	L	0.00000	0.04428	0.95572	0
321	G	0.00000	0.0891	0.91090	0
322	S	0.00000	0.10425	0.89575	0
323	M	0.00000	0.10874	0.89126	0
324	F	0.00000	0.13024	0.86976	0
325	S	0.00000	0.29338	0.70662	0
326	V	0.00000	0.34252	0.65748	0
327	L	0.00000	0.49973	0.50027	0
328	K	0.00000	0.99805	0.00195	0
329	P	0.00000	0.99977	0.00023	0
330	P	0.00000	0.99997	0.00003	0
331	E	0.00000	0.99903	0.00097	0
332	T	0.00000	0.98455	0.01545	0
333	L	0.00000	0.95275	0.04725	0
334	F	0.00000	0.94577	0.05423	0
335	K	0.00000	0.77697	0.22303	0
336	V	0.00000	0.0069	0.99310	0
337	I	0.00000	0.00031	0.99969	0
338	F	0.00000	0	1.00000	0
339	W	0.00000	0	1.00000	0
340	L	0.00000	0	1.00000	0
341	G	0.00000	0	1.00000	0
342	Y	0.00000	0	1.00000	0
343	F	0.00000	0	1.00000	0
344	N	0.00000	0	1.00000	0
345	S	0.00000	0	1.00000	0
346	C	0.00000	0	1.00000	0
347	L	0.00000	0	1.00000	0
348	N	0.00000	0	1.00000	0
349	P	0.00000	0	1.00000	0
350	I	0.00000	0	1.00000	0
351	I	0.00000	0	1.00000	0
352	Y	0.00002	0	0.99998	0
353	P	0.00018	0	0.99982	0
354	C	0.00321	0	0.99679	0
355	S	0.16618	0	0.83382	0
356	S	0.36445	0	0.63555	0
357	K	1.00000	0	0.00000	0
358	E	1.00000	0	0.00000	0
359	F	1.00000	0	0.00000	0
360	K	1.00000	0	0.00000	0
361	R	1.00000	0	0.00000	0
362	A	1.00000	0	0.00000	0
363	F	1.00000	0	0.00000	0
364	I	1.00000	0	0.00000	0
365	R	1.00000	0	0.00000	0
366	I	1.00000	0	0.00000	0
367	L	1.00000	0	0.00000	0
368	K	1.00000	0	0.00000	0
369	C	1.00000	0	0.00000	0
370	Q	1.00000	0	0.00000	0
371	C	1.00000	0	0.00000	0
372	H	1.00000	0	0.00000	0
373	Q	1.00000	0	0.00000	0
374	R	1.00000	0	0.00000	0
375	K	1.00000	0	0.00000	0
376	R	1.00000	0	0.00000	0
377	L	1.00000	0	0.00000	0
378	G	1.00000	0	0.00000	0
379	W	1.00000	0	0.00000	0
380	W	1.00000	0	0.00000	0
381	T	1.00000	0	0.00000	0
382	Y	1.00000	0	0.00000	0
383	N	1.00000	0	0.00000	0
384	Y	1.00000	0	0.00000	0
385	R	1.00000	0	0.00000	0
386	T	1.00000	0	0.00000	0
387	W	1.00000	0	0.00000	0
388	N	1.00000	0	0.00000	0
389	R	1.00000	0	0.00000	0
390	G	1.00000	0	0.00000	0
391	S	1.00000	0	0.00000	0
392	F	1.00000	0	0.00000	0
393	E	1.00000	0	0.00000	0
394	H	1.00000	0	0.00000	0
395	S	1.00000	0	0.00000	0
396	R	1.00000	0	0.00000	0
397	K	1.00000	0	0.00000	0
398	D	1.00000	0	0.00000	0
399	S	1.00000	0	0.00000	0
400	L	1.00000	0	0.00000	0
401	E	1.00000	0	0.00000	0
402	D	1.00000	0	0.00000	0
403	A	1.00000	0	0.00000	0
404	G	1.00000	0	0.00000	0
405	S	1.00000	0	0.00000	0
406	F	1.00000	0	0.00000	0
407	L	1.00000	0	0.00000	0
408	S	1.00000	0	0.00000	0
409	G	1.00000	0	0.00000	0
410	S	1.00000	0	0.00000	0
411	Q	1.00000	0	0.00000	0
412	R	1.00000	0	0.00000	0
413	T	1.00000	0	0.00000	0
414	L	1.00000	0	0.00000	0
415	S	1.00000	0	0.00000	0
416	S	1.00000	0	0.00000	0
417	A	1.00000	0	0.00000	0
418	T	1.00000	0	0.00000	0
419	P	1.00000	0	0.00000	0
420	S	1.00000	0	0.00000	0
421	P	1.00000	0	0.00000	0
422	G	1.00000	0	0.00000	0
423	Y	1.00000	0	0.00000	0
424	L	1.00000	0	0.00000	0
425	S	1.00000	0	0.00000	0
426	K	1.00000	0	0.00000	0
427	V	1.00000	0	0.00000	0
428	T	1.00000	0	0.00000	0
429	C	1.00000	0	0.00000	0
430	P	1.00000	0	0.00000	0
431	H	1.00000	0	0.00000	0
432	T	1.00000	0	0.00000	0
433	E	1.00000	0	0.00000	0
434	M	1.00000	0	0.00000	0
435	C	1.00000	0	0.00000	0
436	T	1.00000	0	0.00000	0
437	F	1.00000	0	0.00000	0
438	Q	1.00000	0	0.00000	0
439	E	1.00000	0	0.00000	0
440	W	1.00000	0	0.00000	0
441	K	1.00000	0	0.00000	0
442	S	1.00000	0	0.00000	0
443	S	1.00000	0	0.00000	0
444	S	1.00000	0	0.00000	0
445	S	1.00000	0	0.00000	0
446	F	1.00000	0	0.00000	0
447	L	1.00000	0	0.00000	0
448	N	1.00000	0	0.00000	0
449	P	1.00000	0	0.00000	0
450	L	1.00000	0	0.00000	0
451	E	1.00000	0	0.00000	0
452	E	1.00000	0	0.00000	0
453	G	1.00000	0	0.00000	0
454	S	1.00000	0	0.00000	0
455	R	1.00000	0	0.00000	0
456	Q	1.00000	0	0.00000	0
457	K	1.00000	0	0.00000	0
458	D	1.00000	0	0.00000	0
459	S	1.00000	0	0.00000	0
460	C	1.00000	0	0.00000	0
461	H	1.00000	0	0.00000	0
462	L	1.00000	0	0.00000	0
463	F	1.00000	0	0.00000	0
464	T	1.00000	0	0.00000	0
465	F	1.00000	0	0.00000	0
466	K	1.00000	0	0.00000	0
467	L	1.00000	0	0.00000	0
468	L	1.00000	0	0.00000	0
469	T	1.00000	0	0.00000	0
470	E	1.00000	0	0.00000	0
471	H	1.00000	0	0.00000	0
472	N	1.00000	0	0.00000	0
473	G	1.00000	0	0.00000	0
474	H	1.00000	0	0.00000	0
475	T	1.00000	0	0.00000	0
476	A	1.00000	0	0.00000	0
477	A	1.00000	0	0.00000	0
478	G	1.00000	0	0.00000	0
479	S	1.00000	0	0.00000	0
480	Q	1.00000	0	0.00000	0
481	A	1.00000	0	0.00000	0
482	S	1.00000	0	0.00000	0
483	S	1.00000	0	0.00000	0
484	N	1.00000	0	0.00000	0
485	G	1.00000	0	0.00000	0
486	G	1.00000	0	0.00000	0
487	C	1.00000	0	0.00000	0
488	E	1.00000	0	0.00000	0
489	T	1.00000	0	0.00000	0
490	I	1.00000	0	0.00000	0
491	C	1.00000	0	0.00000	0
492	D	1.00000	0	0.00000	0
493	T	1.00000	0	0.00000	0
494	L	1.00000	0	0.00000	0
495	N	1.00000	0	0.00000	0
496	G	1.00000	0	0.00000	0
497	K	1.00000	0	0.00000	0
498	A	1.00000	0	0.00000	0
499	D	1.00000	0	0.00000	0
500	C	1.00000	0	0.00000	0
501	R	1.00000	0	0.00000	0
502	T	1.00000	0	0.00000	0
503	S	1.00000	0	0.00000	0
504	V	1.00000	0	0.00000	0
505	T	1.00000	0	0.00000	0
506	V	1.00000	0	0.00000	0
507	G	1.00000	0	0.00000	0
508	M	1.00000	0	0.00000	0
509	S	1.00000	0	0.00000	0
510	K	1.00000	0	0.00000	0
511	F	1.00000	0	0.00000	0
