# UNNAMED
#pos	aa	i	o	M	S
1	M	0.00000	0.99999	0.00000	1e-05
2	A	0.00000	0.99999	0.00000	0
3	T	0.00000	0.99999	0.00000	1e-05
4	A	0.00000	0.99999	0.00000	1e-05
5	S	0.00000	0.99999	0.00000	1e-05
6	P	0.00000	0.99999	0.00000	1e-05
7	P	0.00000	0.99999	0.00000	1e-05
8	H	0.00000	0.99999	0.00000	1e-05
9	F	0.00000	0.99999	0.00000	1e-05
10	L	0.00000	0.99999	0.00000	1e-05
11	D	0.00000	0.99999	0.00000	1e-05
12	D	0.00000	0.99999	0.00000	1e-05
13	V	0.00000	0.99999	0.00000	1e-05
14	I	0.00000	0.99999	0.00000	1e-05
15	N	0.00000	0.99999	0.00000	1e-05
16	D	0.00000	0.99999	0.00000	1e-05
17	G	0.00000	0.99999	0.00000	1e-05
18	Q	0.00000	1	0.00000	0
19	Q	0.00000	1	0.00000	0
20	Q	0.00000	1	0.00000	0
21	Q	0.00000	1	0.00000	0
22	E	0.00000	1	0.00000	0
23	Q	0.00000	1	0.00000	0
24	Q	0.00000	1	0.00000	0
25	E	0.00000	0.99999	0.00001	0
26	F	0.00000	0.99966	0.00034	0
27	L	0.00000	0.99961	0.00039	0
28	T	0.00000	0.99951	0.00049	0
29	S	0.00000	0.9993	0.00070	0
30	L	0.00000	0.99694	0.00306	0
31	E	0.00000	0.9952	0.00480	0
32	T	0.00000	0.84662	0.15338	0
33	V	0.00000	0.45135	0.54865	0
34	F	0.00000	0.11108	0.88892	0
35	L	0.00000	0.03778	0.96222	0
36	T	0.00000	0.01882	0.98118	0
37	I	0.00000	0.00379	0.99621	0
38	F	0.00000	0.0009	0.99910	0
39	L	0.00000	0.00023	0.99977	0
40	S	0.00000	4e-05	0.99996	0
41	V	0.00000	0	1.00000	0
42	I	0.00000	0	1.00000	0
43	I	0.00000	0	1.00000	0
44	I	0.00000	0	1.00000	0
45	L	0.00000	0	1.00000	0
46	T	0.00000	0	1.00000	0
47	M	0.00000	0	1.00000	0
48	F	0.00000	0	1.00000	0
49	G	0.00000	0	1.00000	0
50	N	0.00000	0	1.00000	0
51	L	0.00000	0	1.00000	0
52	L	0.00000	0	1.00000	0
53	V	0.00000	0	1.00000	0
54	M	0.00005	0	0.99995	0
55	V	0.00067	0	0.99933	0
56	A	0.02584	0	0.97416	0
57	L	0.09735	0	0.90265	0
58	C	0.42313	0	0.57687	0
59	K	0.99217	0	0.00783	0
60	D	0.99995	0	0.00005	0
61	R	1.00000	0	0.00000	0
62	H	1.00000	0	0.00000	0
63	L	1.00000	0	0.00000	0
64	R	1.00000	0	0.00000	0
65	R	1.00000	0	0.00000	0
66	K	1.00000	0	0.00000	0
67	K	0.99959	0	0.00041	0
68	T	0.94125	0	0.05875	0
69	S	0.59641	0	0.40359	0
70	Y	0.17100	0	0.82900	0
71	F	0.00130	0	0.99870	0
72	I	0.00003	0	0.99997	0
73	V	0.00000	0	1.00000	0
74	S	0.00000	0	1.00000	0
75	L	0.00000	0	1.00000	0
76	A	0.00000	0	1.00000	0
77	F	0.00000	0	1.00000	0
78	A	0.00000	0	1.00000	0
79	D	0.00000	0	1.00000	0
80	L	0.00000	0	1.00000	0
81	L	0.00000	0	1.00000	0
82	V	0.00000	0	1.00000	0
83	A	0.00000	0	1.00000	0
84	L	0.00000	0	1.00000	0
85	L	0.00000	0	1.00000	0
86	V	0.00000	0	1.00000	0
87	M	0.00000	2e-05	0.99998	0
88	P	0.00000	0.00047	0.99953	0
89	F	0.00000	0.00581	0.99419	0
90	A	0.00000	0.073	0.92700	0
91	A	0.00000	0.27261	0.72739	0
92	I	0.00000	0.49423	0.50577	0
93	E	0.00000	0.9999	0.00010	0
94	L	0.00000	0.99993	0.00007	0
95	T	0.00000	0.99997	0.00003	0
96	T	0.00000	0.99999	0.00001	0
97	G	0.00000	1	0.00000	0
98	Q	0.00000	1	0.00000	0
99	W	0.00000	1	0.00000	0
100	H	0.00000	1	0.00000	0
101	F	0.00000	1	0.00000	0
102	G	0.00000	1	0.00000	0
103	E	0.00000	1	0.00000	0
104	I	0.00000	1	0.00000	0
105	F	0.00000	0.99966	0.00034	0
106	C	0.00000	0.99958	0.00042	0
107	L	0.00000	0.99909	0.00091	0
108	V	0.00000	0.99881	0.00119	0
109	R	0.00000	0.96477	0.03523	0
110	T	0.00000	0.83963	0.16037	0
111	S	0.00000	0.57301	0.42699	0
112	L	0.00000	0.03761	0.96239	0
113	D	0.00000	0.00987	0.99013	0
114	V	0.00000	0.00015	0.99985	0
115	L	0.00000	0	1.00000	0
116	L	0.00000	0	1.00000	0
117	T	0.00000	0	1.00000	0
118	T	0.00000	0	1.00000	0
119	A	0.00000	0	1.00000	0
120	S	0.00000	0	1.00000	0
121	I	0.00000	0	1.00000	0
122	L	0.00000	0	1.00000	0
123	H	0.00000	0	1.00000	0
124	L	0.00000	0	1.00000	0
125	C	0.00000	0	1.00000	0
126	C	0.00000	0	1.00000	0
127	I	0.00000	0	1.00000	0
128	A	0.00000	0	1.00000	0
129	L	0.00000	0	1.00000	0
130	D	0.00000	0	1.00000	0
131	R	0.00053	0	0.99947	0
132	Y	0.04183	0	0.95817	0
133	Y	0.30243	0	0.69757	0
134	A	0.96617	0	0.03383	0
135	I	0.99998	0	0.00002	0
136	C	1.00000	0	0.00000	0
137	C	1.00000	0	0.00000	0
138	Q	1.00000	0	0.00000	0
139	P	1.00000	0	0.00000	0
140	L	1.00000	0	0.00000	0
141	V	1.00000	0	0.00000	0
142	Y	1.00000	0	0.00000	0
143	R	1.00000	0	0.00000	0
144	Y	1.00000	0	0.00000	0
145	K	1.00000	0	0.00000	0
146	M	0.99997	0	0.00003	0
147	T	0.99945	0	0.00055	0
148	P	0.99369	0	0.00631	0
149	V	0.82968	0	0.17032	0
150	R	0.78023	0	0.21977	0
151	V	0.04125	0	0.95875	0
152	A	0.00099	0	0.99901	0
153	L	0.00002	0	0.99998	0
154	M	0.00000	0	1.00000	0
155	L	0.00000	0	1.00000	0
156	I	0.00000	0	1.00000	0
157	G	0.00000	0	1.00000	0
158	C	0.00000	0	1.00000	0
159	W	0.00000	0	1.00000	0
160	V	0.00000	0	1.00000	0
161	I	0.00000	0	1.00000	0
162	P	0.00000	0	1.00000	0
163	T	0.00000	0	1.00000	0
164	F	0.00000	0	1.00000	0
165	I	0.00000	0	1.00000	0
166	S	0.00000	0	1.00000	0
167	F	0.00000	0	1.00000	0
168	L	0.00000	0.00035	0.99965	0
169	P	0.00000	0.01137	0.98863	0
170	I	0.00000	0.01993	0.98007	0
171	M	0.00000	0.08195	0.91805	0
172	Q	0.00000	0.88758	0.11242	0
173	K	0.00000	0.99869	0.00131	0
174	W	0.00000	0.99939	0.00061	0
175	N	0.00000	0.99998	0.00002	0
176	T	0.00000	1	0.00000	0
177	I	0.00000	1	0.00000	0
178	G	0.00000	1	0.00000	0
179	I	0.00000	1	0.00000	0
180	E	0.00000	1	0.00000	0
181	D	0.00000	1	0.00000	0
182	I	0.00000	1	0.00000	0
183	I	0.00000	1	0.00000	0
184	E	0.00000	1	0.00000	0
185	E	0.00000	1	0.00000	0
186	K	0.00000	1	0.00000	0
187	Q	0.00000	1	0.00000	0
188	S	0.00000	1	0.00000	0
189	L	0.00000	1	0.00000	0
190	S	0.00000	1	0.00000	0
191	G	0.00000	1	0.00000	0
192	G	0.00000	1	0.00000	0
193	S	0.00000	1	0.00000	0
194	N	0.00000	1	0.00000	0
195	T	0.00000	0.99999	0.00001	0
196	S	0.00000	0.99973	0.00027	0
197	C	0.00000	0.98823	0.01177	0
198	V	0.00000	0.90118	0.09882	0
199	F	0.00000	0.16088	0.83912	0
200	L	0.00000	0.13296	0.86704	0
201	V	0.00000	0.12495	0.87505	0
202	N	0.00000	0.12423	0.87577	0
203	Q	0.00000	0.11869	0.88131	0
204	P	0.00000	0.04768	0.95232	0
205	Y	0.00000	0.00797	0.99203	0
206	A	0.00000	0.00402	0.99598	0
207	L	0.00000	0.00176	0.99824	0
208	I	0.00000	0.00152	0.99848	0
209	C	0.00000	0.0015	0.99850	0
210	S	0.00000	0.00112	0.99888	0
211	A	0.00000	0.00084	0.99916	0
212	V	0.00000	0	1.00000	0
213	A	0.00000	0	1.00000	0
214	F	0.00000	0	1.00000	0
215	Y	0.00000	0	1.00000	0
216	V	0.00000	0	1.00000	0
217	P	0.00000	0	1.00000	0
218	L	0.00000	0	1.00000	0
219	A	0.00002	0	0.99998	0
220	L	0.00010	0	0.99990	0
221	M	0.00035	0	0.99965	0
222	V	0.00094	0	0.99906	0
223	L	0.05461	0	0.94539	0
224	A	0.27394	0	0.72606	0
225	Y	0.41198	0	0.58802	0
226	Q	0.93218	0	0.06782	0
227	R	0.94259	0	0.05741	0
228	I	0.94331	0	0.05669	0
229	Y	0.94805	0	0.05195	0
230	V	0.97534	0	0.02466	0
231	T	0.99169	0	0.00831	0
232	A	0.99883	0	0.00117	0
233	M	0.99889	0	0.00111	0
234	I	0.99898	0	0.00102	0
235	H	0.99917	0	0.00083	0
236	V	0.99927	0	0.00073	0
237	R	0.99997	0	0.00003	0
238	Q	1.00000	0	0.00000	0
239	I	1.00000	0	0.00000	0
240	E	1.00000	0	0.00000	0
241	T	1.00000	0	0.00000	0
242	L	1.00000	0	0.00000	0
243	H	1.00000	0	0.00000	0
244	R	1.00000	0	0.00000	0
245	A	1.00000	0	0.00000	0
246	G	1.00000	0	0.00000	0
247	S	1.00000	0	0.00000	0
248	F	1.00000	0	0.00000	0
249	P	1.00000	0	0.00000	0
250	P	1.00000	0	0.00000	0
251	T	1.00000	0	0.00000	0
252	H	1.00000	0	0.00000	0
253	S	1.00000	0	0.00000	0
254	D	1.00000	0	0.00000	0
255	Q	1.00000	0	0.00000	0
256	V	1.00000	0	0.00000	0
257	I	1.00000	0	0.00000	0
258	T	1.00000	0	0.00000	0
259	R	1.00000	0	0.00000	0
260	R	1.00000	0	0.00000	0
261	M	1.00000	0	0.00000	0
262	R	1.00000	0	0.00000	0
263	I	1.00000	0	0.00000	0
264	E	1.00000	0	0.00000	0
265	T	0.96688	0	0.03312	0
266	R	0.96619	0	0.03381	0
267	A	0.86810	0	0.13190	0
268	A	0.86057	0	0.13943	0
269	K	0.85587	0	0.14413	0
270	T	0.61570	0	0.38430	0
271	L	0.00573	0	0.99427	0
272	A	0.00016	0	0.99984	0
273	I	0.00013	0	0.99987	0
274	I	0.00000	0	1.00000	0
275	M	0.00000	0	1.00000	0
276	G	0.00000	0	1.00000	0
277	C	0.00000	0	1.00000	0
278	F	0.00000	0	1.00000	0
279	S	0.00000	0	1.00000	0
280	L	0.00000	0	1.00000	0
281	C	0.00000	0	1.00000	0
282	W	0.00000	0	1.00000	0
283	A	0.00000	0	1.00000	0
284	P	0.00000	0	1.00000	0
285	F	0.00000	0	1.00000	0
286	F	0.00000	3e-05	0.99997	0
287	I	0.00000	0.00371	0.99629	0
288	T	0.00000	0.03654	0.96346	0
289	N	0.00000	0.06088	0.93912	0
290	V	0.00000	0.07449	0.92551	0
291	V	0.00000	0.1759	0.82410	0
292	D	0.00000	0.9034	0.09660	0
293	P	0.00000	0.90751	0.09249	0
294	F	0.00000	0.90949	0.09051	0
295	I	0.00000	0.91848	0.08152	0
296	H	0.00000	0.94997	0.05003	0
297	Y	0.00000	0.95886	0.04114	0
298	S	0.00000	0.9783	0.02170	0
299	V	0.00000	0.98831	0.01169	0
300	P	0.00000	0.99857	0.00143	0
301	W	0.00000	0.99969	0.00031	0
302	Q	0.00000	0.9996	0.00040	0
303	V	0.00000	0.93646	0.06354	0
304	W	0.00000	0.91169	0.08831	0
305	T	0.00000	0.35927	0.64073	0
306	A	0.00000	0.00383	0.99617	0
307	W	0.00000	0.00024	0.99976	0
308	L	0.00000	2e-05	0.99998	0
309	W	0.00000	0	1.00000	0
310	L	0.00000	0	1.00000	0
311	G	0.00000	0	1.00000	0
312	Y	0.00000	0	1.00000	0
313	I	0.00000	0	1.00000	0
314	N	0.00000	0	1.00000	0
315	S	0.00000	0	1.00000	0
316	G	0.00000	0	1.00000	0
317	L	0.00000	0	1.00000	0
318	N	0.00000	0	1.00000	0
319	P	0.00000	0	1.00000	0
320	F	0.00000	0	1.00000	0
321	L	0.00000	0	1.00000	0
322	Y	0.00000	0	1.00000	0
323	A	0.00008	0	0.99992	0
324	Y	0.00247	0	0.99753	0
325	L	0.36989	0	0.63011	0
326	N	0.88877	0	0.11123	0
327	Q	0.99612	0	0.00388	0
328	A	0.99679	0	0.00321	0
329	F	0.99831	0	0.00169	0
330	R	1.00000	0	0.00000	0
331	R	1.00000	0	0.00000	0
332	A	1.00000	0	0.00000	0
333	F	1.00000	0	0.00000	0
334	L	1.00000	0	0.00000	0
335	V	1.00000	0	0.00000	0
336	I	1.00000	0	0.00000	0
337	L	1.00000	0	0.00000	0
338	C	1.00000	0	0.00000	0
339	C	1.00000	0	0.00000	0
340	G	1.00000	0	0.00000	0
341	D	1.00000	0	0.00000	0
342	D	1.00000	0	0.00000	0
343	R	1.00000	0	0.00000	0
344	Y	1.00000	0	0.00000	0
345	T	1.00000	0	0.00000	0
346	Q	1.00000	0	0.00000	0
347	Q	1.00000	0	0.00000	0
348	G	1.00000	0	0.00000	0
349	T	1.00000	0	0.00000	0
350	C	1.00000	0	0.00000	0
351	S	1.00000	0	0.00000	0
352	T	1.00000	0	0.00000	0
353	G	1.00000	0	0.00000	0
354	F	1.00000	0	0.00000	0
355	H	1.00000	0	0.00000	0
356	R	1.00000	0	0.00000	0
357	P	1.00000	0	0.00000	0
358	S	1.00000	0	0.00000	0
359	S	1.00000	0	0.00000	0
360	V	1.00000	0	0.00000	0
361	Q	1.00000	0	0.00000	0
362	S	1.00000	0	0.00000	0
363	A	1.00000	0	0.00000	0
364	N	1.00000	0	0.00000	0
365	G	1.00000	0	0.00000	0
366	T	1.00000	0	0.00000	0
367	S	1.00000	0	0.00000	0
368	M	1.00000	0	0.00000	0
369	A	1.00000	0	0.00000	0
370	L	1.00000	0	0.00000	0
371	R	1.00000	0	0.00000	0
