# UNNAMED
#pos	aa	i	o	M	S
1	M	0.00000	0.99983	0.00000	0.00017
2	V	0.00000	0.99983	0.00000	0.00017
3	N	0.00000	0.99983	0.00000	0.00017
4	N	0.00000	0.99983	0.00000	0.00016
5	S	0.00000	0.99983	0.00000	0.00016
6	A	0.00000	0.99983	0.00000	0.00016
7	Q	0.00000	0.99983	0.00000	0.00016
8	A	0.00000	0.99983	0.00000	0.00016
9	A	0.00000	0.99983	0.00000	0.00017
10	A	0.00000	0.99983	0.00000	0.00017
11	V	0.00000	0.99983	0.00000	0.00017
12	E	0.00000	0.99983	0.00000	0.00017
13	L	0.00000	0.99983	0.00000	0.00016
14	C	0.00000	0.99985	0.00000	0.00015
15	Y	0.00000	0.99985	0.00000	0.00015
16	E	0.00000	0.99985	0.00000	0.00015
17	N	0.00000	0.99994	0.00000	5e-05
18	V	0.00000	0.99994	0.00000	5e-05
19	N	0.00000	0.99994	0.00000	5e-05
20	G	0.00000	0.99994	0.00000	5e-05
21	S	0.00000	0.99995	0.00000	5e-05
22	C	0.00000	0.99998	0.00000	2e-05
23	I	0.00000	1	0.00000	0
24	K	0.00000	1	0.00000	0
25	T	0.00000	1	0.00000	0
26	S	0.00000	1	0.00000	0
27	Y	0.00000	1	0.00000	0
28	S	0.00000	1	0.00000	0
29	P	0.00000	1	0.00000	0
30	G	0.00000	0.99999	0.00001	0
31	P	0.00000	0.99998	0.00002	0
32	R	0.00000	0.99623	0.00377	0
33	A	0.00000	0.61891	0.38109	0
34	I	0.00000	0.09965	0.90035	0
35	L	0.00000	0.03324	0.96676	0
36	Y	0.00000	0.01339	0.98661	0
37	T	0.00000	0.00366	0.99634	0
38	V	0.00000	0.00084	0.99916	0
39	L	0.00000	0.0003	0.99970	0
40	G	0.00000	0.0001	0.99990	0
41	F	0.00000	0	1.00000	0
42	G	0.00000	0	1.00000	0
43	A	0.00000	0	1.00000	0
44	V	0.00000	0	1.00000	0
45	L	0.00000	0	1.00000	0
46	A	0.00000	0	1.00000	0
47	M	0.00000	0	1.00000	0
48	F	0.00000	0	1.00000	0
49	G	0.00000	0	1.00000	0
50	N	0.00000	0	1.00000	0
51	L	0.00000	0	1.00000	0
52	L	0.00000	0	1.00000	0
53	V	0.00000	0	1.00000	0
54	I	0.00000	0	1.00000	0
55	I	0.00015	0	0.99985	0
56	A	0.01418	0	0.98582	0
57	I	0.04366	0	0.95634	0
58	L	0.29927	0	0.70073	0
59	H	0.77839	0	0.22161	0
60	F	0.87082	0	0.12918	0
61	K	0.99885	0	0.00115	0
62	Q	1.00000	0	0.00000	0
63	L	1.00000	0	0.00000	0
64	H	1.00000	0	0.00000	0
65	T	1.00000	0	0.00000	0
66	P	1.00000	0	0.00000	0
67	T	0.87436	0	0.12564	0
68	N	0.12996	0	0.87004	0
69	F	0.01448	0	0.98552	0
70	L	0.00016	0	0.99984	0
71	I	0.00000	0	1.00000	0
72	V	0.00000	0	1.00000	0
73	S	0.00000	0	1.00000	0
74	L	0.00000	0	1.00000	0
75	A	0.00000	0	1.00000	0
76	C	0.00000	0	1.00000	0
77	A	0.00000	0	1.00000	0
78	D	0.00000	0	1.00000	0
79	F	0.00000	0	1.00000	0
80	L	0.00000	0	1.00000	0
81	V	0.00000	0	1.00000	0
82	G	0.00000	0	1.00000	0
83	V	0.00000	0	1.00000	0
84	T	0.00000	0	1.00000	0
85	V	0.00000	2e-05	0.99998	0
86	M	0.00000	0.00149	0.99851	0
87	P	0.00000	0.0387	0.96130	0
88	F	0.00000	0.13672	0.86328	0
89	S	0.00000	0.65538	0.34462	0
90	T	0.00000	0.84691	0.15309	0
91	V	0.00000	0.90953	0.09047	0
92	R	0.00000	0.99998	0.00002	0
93	S	0.00000	0.99999	0.00001	0
94	V	0.00000	0.99999	0.00001	0
95	E	0.00000	1	0.00000	0
96	S	0.00000	1	0.00000	0
97	C	0.00000	1	0.00000	0
98	W	0.00000	1	0.00000	0
99	Y	0.00000	1	0.00000	0
100	F	0.00000	1	0.00000	0
101	G	0.00000	1	0.00000	0
102	E	0.00000	1	0.00000	0
103	S	0.00000	1	0.00000	0
104	Y	0.00000	0.9999	0.00010	0
105	C	0.00000	0.99983	0.00017	0
106	K	0.00000	0.99974	0.00026	0
107	F	0.00000	0.98713	0.01287	0
108	H	0.00000	0.32317	0.67683	0
109	T	0.00000	0.19144	0.80856	0
110	C	0.00000	0.15337	0.84663	0
111	F	0.00000	0.0003	0.99970	0
112	D	0.00000	0.0001	0.99990	0
113	T	0.00000	1e-05	0.99999	0
114	S	0.00000	0	1.00000	0
115	F	0.00000	0	1.00000	0
116	C	0.00000	0	1.00000	0
117	F	0.00000	0	1.00000	0
118	A	0.00000	0	1.00000	0
119	S	0.00000	0	1.00000	0
120	L	0.00000	0	1.00000	0
121	F	0.00000	0	1.00000	0
122	H	0.00000	0	1.00000	0
123	L	0.00000	0	1.00000	0
124	C	0.00000	0	1.00000	0
125	C	0.00000	0	1.00000	0
126	I	0.00001	0	0.99999	0
127	S	0.00003	0	0.99997	0
128	V	0.00009	0	0.99991	0
129	D	0.00043	0	0.99957	0
130	R	0.14380	0	0.85620	0
131	Y	0.96154	0	0.03846	0
132	I	0.99527	0	0.00473	0
133	A	0.99919	0	0.00081	0
134	V	1.00000	0	0.00000	0
135	T	1.00000	0	0.00000	0
136	D	1.00000	0	0.00000	0
137	P	1.00000	0	0.00000	0
138	L	1.00000	0	0.00000	0
139	T	1.00000	0	0.00000	0
140	Y	1.00000	0	0.00000	0
141	P	1.00000	0	0.00000	0
142	T	0.99998	0	0.00002	0
143	K	0.99919	0	0.00081	0
144	F	0.63901	0	0.36099	0
145	T	0.55561	0	0.44439	0
146	V	0.25969	0	0.74031	0
147	L	0.07411	0	0.92589	0
148	V	0.03667	0	0.96333	0
149	S	0.03296	0	0.96704	0
150	G	0.01114	0	0.98886	0
151	I	0.00024	0	0.99976	0
152	C	0.00000	0	1.00000	0
153	I	0.00000	0	1.00000	0
154	V	0.00000	0	1.00000	0
155	L	0.00000	0	1.00000	0
156	S	0.00000	0	1.00000	0
157	W	0.00000	0	1.00000	0
158	F	0.00000	0	1.00000	0
159	F	0.00000	0	1.00000	0
160	S	0.00000	0	1.00000	0
161	I	0.00000	0	1.00000	0
162	T	0.00000	3e-05	0.99997	0
163	Y	0.00000	0.00174	0.99826	0
164	S	0.00000	0.02363	0.97637	0
165	F	0.00000	0.05162	0.94838	0
166	S	0.00000	0.28164	0.71836	0
167	I	0.00000	0.38282	0.61718	0
168	F	0.00000	0.63628	0.36372	0
169	Y	0.00000	0.82537	0.17463	0
170	T	0.00000	0.95267	0.04733	0
171	G	0.00000	0.98074	0.01926	0
172	A	0.00000	0.98805	0.01195	0
173	N	0.00000	0.99949	0.00051	0
174	E	0.00000	1	0.00000	0
175	E	0.00000	1	0.00000	0
176	G	0.00000	1	0.00000	0
177	I	0.00000	1	0.00000	0
178	E	0.00000	1	0.00000	0
179	D	0.00000	1	0.00000	0
180	L	0.00000	1	0.00000	0
181	V	0.00000	1	0.00000	0
182	V	0.00000	1	0.00000	0
183	A	0.00000	1	0.00000	0
184	L	0.00000	1	0.00000	0
185	T	0.00000	1	0.00000	0
186	C	0.00000	1	0.00000	0
187	V	0.00000	1	0.00000	0
188	G	0.00000	1	0.00000	0
189	G	0.00000	1	0.00000	0
190	C	0.00000	0.99996	0.00004	0
191	Q	0.00000	0.9996	0.00040	0
192	A	0.00000	0.96642	0.03358	0
193	P	0.00000	0.96317	0.03683	0
194	L	0.00000	0.95145	0.04855	0
195	N	0.00000	0.95104	0.04896	0
196	Q	0.00000	0.94586	0.05414	0
197	N	0.00000	0.33993	0.66007	0
198	W	0.00000	0.15818	0.84182	0
199	V	0.00000	0.05322	0.94678	0
200	L	0.00000	0.01443	0.98557	0
201	L	0.00000	0.00319	0.99681	0
202	C	0.00000	0.00227	0.99773	0
203	F	0.00000	0.00111	0.99889	0
204	L	0.00000	0	1.00000	0
205	L	0.00000	0	1.00000	0
206	F	0.00000	0	1.00000	0
207	F	0.00000	0	1.00000	0
208	I	0.00000	0	1.00000	0
209	P	0.00000	0	1.00000	0
210	T	0.00000	0	1.00000	0
211	V	0.00000	0	1.00000	0
212	A	0.00000	0	1.00000	0
213	M	0.00000	0	1.00000	0
214	V	0.00000	0	1.00000	0
215	F	0.00004	0	0.99996	0
216	L	0.00132	0	0.99868	0
217	Y	0.00664	0	0.99336	0
218	G	0.03609	0	0.96391	0
219	K	0.05899	0	0.94101	0
220	I	0.06071	0	0.93929	0
221	F	0.07758	0	0.92242	0
222	L	0.23816	0	0.76184	0
223	V	0.34537	0	0.65463	0
224	A	0.96760	0	0.03240	0
225	K	0.99893	0	0.00107	0
226	H	0.99963	0	0.00037	0
227	Q	0.99998	0	0.00002	0
228	A	0.99999	0	0.00001	0
229	R	1.00000	0	0.00000	0
230	K	1.00000	0	0.00000	0
231	I	1.00000	0	0.00000	0
232	E	1.00000	0	0.00000	0
233	S	1.00000	0	0.00000	0
234	S	1.00000	0	0.00000	0
235	A	1.00000	0	0.00000	0
236	S	1.00000	0	0.00000	0
237	H	1.00000	0	0.00000	0
238	P	1.00000	0	0.00000	0
239	Q	1.00000	0	0.00000	0
240	S	1.00000	0	0.00000	0
241	S	1.00000	0	0.00000	0
242	S	1.00000	0	0.00000	0
243	E	1.00000	0	0.00000	0
244	S	1.00000	0	0.00000	0
245	Y	1.00000	0	0.00000	0
246	K	1.00000	0	0.00000	0
247	E	1.00000	0	0.00000	0
248	R	1.00000	0	0.00000	0
249	V	1.00000	0	0.00000	0
250	A	1.00000	0	0.00000	0
251	K	1.00000	0	0.00000	0
252	R	1.00000	0	0.00000	0
253	E	1.00000	0	0.00000	0
254	R	0.92643	0	0.07357	0
255	K	0.92306	0	0.07694	0
256	A	0.12242	0	0.87758	0
257	A	0.12133	0	0.87867	0
258	K	0.11598	0	0.88402	0
259	T	0.07966	0	0.92034	0
260	L	0.01803	0	0.98197	0
261	G	0.01090	0	0.98910	0
262	I	0.00748	0	0.99252	0
263	A	0.00740	0	0.99260	0
264	M	0.00320	0	0.99680	0
265	T	0.00009	0	0.99991	0
266	A	0.00000	0	1.00000	0
267	F	0.00000	0	1.00000	0
268	L	0.00000	0	1.00000	0
269	V	0.00000	0	1.00000	0
270	S	0.00000	0	1.00000	0
271	W	0.00000	0	1.00000	0
272	L	0.00000	0	1.00000	0
273	P	0.00000	3e-05	0.99997	0
274	Y	0.00000	0.00017	0.99983	0
275	I	0.00000	0.00158	0.99842	0
276	I	0.00000	0.04811	0.95189	0
277	D	0.00000	0.72249	0.27751	0
278	A	0.00000	0.72619	0.27381	0
279	V	0.00000	0.75789	0.24211	0
280	I	0.00000	0.78821	0.21179	0
281	D	0.00000	0.93107	0.06893	0
282	A	0.00000	0.93152	0.06848	0
283	Y	0.00000	0.93555	0.06445	0
284	M	0.00000	0.93849	0.06151	0
285	N	0.00000	0.95523	0.04477	0
286	F	0.00000	0.95694	0.04306	0
287	I	0.00000	0.97396	0.02604	0
288	T	0.00000	0.99761	0.00239	0
289	P	0.00000	0.99974	0.00026	0
290	P	0.00000	0.99994	0.00006	0
291	Y	0.00000	0.99981	0.00019	0
292	V	0.00000	0.99902	0.00098	0
293	Y	0.00000	0.99816	0.00184	0
294	E	0.00000	0.73164	0.26836	0
295	I	0.00000	0.41045	0.58955	0
296	L	0.00000	0.10958	0.89042	0
297	V	0.00000	0.02211	0.97789	0
298	W	0.00000	0.00193	0.99807	0
299	C	0.00000	8e-05	0.99992	0
300	V	0.00000	0	1.00000	0
301	Y	0.00000	0	1.00000	0
302	Y	0.00000	0	1.00000	0
303	N	0.00000	0	1.00000	0
304	S	0.00000	0	1.00000	0
305	A	0.00000	0	1.00000	0
306	M	0.00000	0	1.00000	0
307	N	0.00000	0	1.00000	0
308	P	0.00000	0	1.00000	0
309	L	0.00000	0	1.00000	0
310	I	0.00000	0	1.00000	0
311	Y	0.00000	0	1.00000	0
312	A	0.00002	0	0.99998	0
313	F	0.00007	0	0.99993	0
314	F	0.00172	0	0.99828	0
315	Y	0.03520	0	0.96480	0
316	P	0.12064	0	0.87936	0
317	W	0.16277	0	0.83723	0
318	F	0.43614	0	0.56386	0
319	R	1.00000	0	0.00000	0
320	K	1.00000	0	0.00000	0
321	A	1.00000	0	0.00000	0
322	I	1.00000	0	0.00000	0
323	K	1.00000	0	0.00000	0
324	L	1.00000	0	0.00000	0
325	I	1.00000	0	0.00000	0
326	I	1.00000	0	0.00000	0
327	S	1.00000	0	0.00000	0
328	G	1.00000	0	0.00000	0
329	K	1.00000	0	0.00000	0
330	V	1.00000	0	0.00000	0
331	L	1.00000	0	0.00000	0
332	R	1.00000	0	0.00000	0
333	R	1.00000	0	0.00000	0
334	D	1.00000	0	0.00000	0
335	S	1.00000	0	0.00000	0
336	S	1.00000	0	0.00000	0
337	T	1.00000	0	0.00000	0
338	I	1.00000	0	0.00000	0
339	N	1.00000	0	0.00000	0
340	L	1.00000	0	0.00000	0
341	F	1.00000	0	0.00000	0
342	S	1.00000	0	0.00000	0
343	E	1.00000	0	0.00000	0
344	E	1.00000	0	0.00000	0
345	A	1.00000	0	0.00000	0
346	D	1.00000	0	0.00000	0
347	I	1.00000	0	0.00000	0
348	E	1.00000	0	0.00000	0
