# UNNAMED
#pos	aa	i	o	M	S
1	M	0.00000	1	0.00000	0
2	D	0.00000	1	0.00000	0
3	V	0.00000	1	0.00000	0
4	A	0.00000	1	0.00000	0
5	N	0.00000	1	0.00000	0
6	N	0.00000	1	0.00000	0
7	T	0.00000	1	0.00000	0
8	T	0.00000	1	0.00000	0
9	S	0.00000	1	0.00000	0
10	P	0.00000	1	0.00000	0
11	A	0.00000	1	0.00000	0
12	R	0.00000	1	0.00000	0
13	S	0.00000	1	0.00000	0
14	P	0.00000	1	0.00000	0
15	E	0.00000	1	0.00000	0
16	G	0.00000	1	0.00000	0
17	T	0.00000	1	0.00000	0
18	S	0.00000	1	0.00000	0
19	G	0.00000	1	0.00000	0
20	P	0.00000	1	0.00000	0
21	G	0.00000	1	0.00000	0
22	L	0.00000	1	0.00000	0
23	A	0.00000	1	0.00000	0
24	E	0.00000	1	0.00000	0
25	M	0.00000	0.99842	0.00158	0
26	T	0.00000	0.97296	0.02704	0
27	L	0.00000	0.92373	0.07627	0
28	G	0.00000	0.88445	0.11555	0
29	Y	0.00000	0.64139	0.35861	0
30	Q	0.00000	0.59267	0.40733	0
31	V	0.00000	0.32756	0.67244	0
32	L	0.00000	0.23647	0.76353	0
33	T	0.00000	0.18872	0.81128	0
34	S	0.00000	0.16973	0.83027	0
35	L	0.00000	0.06232	0.93768	0
36	L	0.00000	0.02884	0.97116	0
37	L	0.00000	0.00425	0.99575	0
38	G	0.00000	0.00023	0.99977	0
39	T	0.00000	1e-05	0.99999	0
40	L	0.00000	0	1.00000	0
41	I	0.00000	0	1.00000	0
42	L	0.00000	0	1.00000	0
43	C	0.00000	0	1.00000	0
44	A	0.00000	0	1.00000	0
45	V	0.00000	0	1.00000	0
46	S	0.00000	0	1.00000	0
47	G	0.00000	0	1.00000	0
48	N	0.00000	0	1.00000	0
49	A	0.00000	0	1.00000	0
50	C	0.00000	0	1.00000	0
51	V	0.00000	0	1.00000	0
52	I	0.00005	0	0.99995	0
53	A	0.00315	0	0.99685	0
54	A	0.03112	0	0.96888	0
55	I	0.08266	0	0.91734	0
56	A	0.42442	0	0.57558	0
57	L	0.69674	0	0.30326	0
58	E	0.99348	0	0.00652	0
59	R	0.99988	0	0.00012	0
60	S	0.99999	0	0.00001	0
61	L	1.00000	0	0.00000	0
62	Q	0.99999	0	0.00001	0
63	T	0.99914	0	0.00086	0
64	V	0.96619	0	0.03381	0
65	A	0.77356	0	0.22644	0
66	N	0.22135	0	0.77865	0
67	Y	0.08541	0	0.91459	0
68	L	0.00135	0	0.99865	0
69	I	0.00003	0	0.99997	0
70	G	0.00001	0	0.99999	0
71	S	0.00000	0	1.00000	0
72	L	0.00000	0	1.00000	0
73	A	0.00000	0	1.00000	0
74	V	0.00000	0	1.00000	0
75	T	0.00000	0	1.00000	0
76	D	0.00000	0	1.00000	0
77	L	0.00000	0	1.00000	0
78	M	0.00000	0	1.00000	0
79	V	0.00000	0	1.00000	0
80	S	0.00000	0	1.00000	0
81	V	0.00000	0	1.00000	0
82	L	0.00000	0	1.00000	0
83	V	0.00000	1e-05	0.99999	0
84	L	0.00000	9e-05	0.99991	0
85	P	0.00000	0.00078	0.99922	0
86	M	0.00000	0.01443	0.98557	0
87	A	0.00000	0.09344	0.90656	0
88	A	0.00000	0.27422	0.72578	0
89	L	0.00000	0.43656	0.56344	0
90	Y	0.00000	0.99967	0.00033	0
91	Q	0.00000	0.9998	0.00020	0
92	V	0.00000	0.99982	0.00018	0
93	L	0.00000	0.99987	0.00013	0
94	N	0.00000	0.99999	0.00001	0
95	K	0.00000	1	0.00000	0
96	W	0.00000	1	0.00000	0
97	T	0.00000	1	0.00000	0
98	L	0.00000	1	0.00000	0
99	G	0.00000	1	0.00000	0
100	Q	0.00000	1	0.00000	0
101	V	0.00000	0.99999	0.00001	0
102	T	0.00000	0.99997	0.00003	0
103	C	0.00000	0.99967	0.00033	0
104	D	0.00000	0.99822	0.00178	0
105	I	0.00000	0.98991	0.01009	0
106	F	0.00000	0.32633	0.67367	0
107	I	0.00000	0.0387	0.96130	0
108	S	0.00000	0.00311	0.99689	0
109	L	0.00000	3e-05	0.99997	0
110	D	0.00000	1e-05	0.99999	0
111	V	0.00000	0	1.00000	0
112	L	0.00000	0	1.00000	0
113	C	0.00000	0	1.00000	0
114	C	0.00000	0	1.00000	0
115	T	0.00000	0	1.00000	0
116	S	0.00000	0	1.00000	0
117	S	0.00000	0	1.00000	0
118	I	0.00000	0	1.00000	0
119	L	0.00000	0	1.00000	0
120	H	0.00000	0	1.00000	0
121	L	0.00000	0	1.00000	0
122	C	0.00000	0	1.00000	0
123	A	0.00000	0	1.00000	0
124	I	0.00000	0	1.00000	0
125	A	0.00001	0	0.99999	0
126	L	0.00001	0	0.99999	0
127	D	0.00009	0	0.99991	0
128	R	0.14626	0	0.85374	0
129	Y	0.90964	0	0.09036	0
130	W	0.96107	0	0.03893	0
131	A	0.98274	0	0.01726	0
132	I	1.00000	0	0.00000	0
133	T	1.00000	0	0.00000	0
134	D	1.00000	0	0.00000	0
135	P	1.00000	0	0.00000	0
136	I	1.00000	0	0.00000	0
137	D	1.00000	0	0.00000	0
138	Y	1.00000	0	0.00000	0
139	V	1.00000	0	0.00000	0
140	N	1.00000	0	0.00000	0
141	K	1.00000	0	0.00000	0
142	R	1.00000	0	0.00000	0
143	T	1.00000	0	0.00000	0
144	P	0.99999	0	0.00001	0
145	R	0.99902	0	0.00098	0
146	R	0.94834	0	0.05166	0
147	A	0.05036	0	0.94964	0
148	A	0.00740	0	0.99260	0
149	V	0.00016	0	0.99984	0
150	L	0.00000	0	1.00000	0
151	I	0.00000	0	1.00000	0
152	S	0.00000	0	1.00000	0
153	L	0.00000	0	1.00000	0
154	T	0.00000	0	1.00000	0
155	W	0.00000	0	1.00000	0
156	L	0.00000	0	1.00000	0
157	I	0.00000	0	1.00000	0
158	G	0.00000	0	1.00000	0
159	F	0.00000	0	1.00000	0
160	L	0.00000	0	1.00000	0
161	I	0.00000	0	1.00000	0
162	S	0.00000	0	1.00000	0
163	I	0.00000	0	1.00000	0
164	P	0.00000	2e-05	0.99998	0
165	P	0.00000	0.00018	0.99982	0
166	M	0.00000	0.00105	0.99895	0
167	L	0.00000	0.04182	0.95818	0
168	G	0.00000	0.61254	0.38746	0
169	W	0.00000	0.79073	0.20927	0
170	R	0.00000	0.99307	0.00693	0
171	T	0.00000	0.99954	0.00046	0
172	P	0.00000	0.99998	0.00002	0
173	E	0.00000	1	0.00000	0
174	D	0.00000	1	0.00000	0
175	R	0.00000	1	0.00000	0
176	S	0.00000	1	0.00000	0
177	N	0.00000	1	0.00000	0
178	P	0.00000	1	0.00000	0
179	D	0.00000	1	0.00000	0
180	A	0.00000	1	0.00000	0
181	C	0.00000	1	0.00000	0
182	T	0.00000	1	0.00000	0
183	I	0.00000	1	0.00000	0
184	S	0.00000	1	0.00000	0
185	K	0.00000	1	0.00000	0
186	D	0.00000	1	0.00000	0
187	H	0.00000	0.99357	0.00643	0
188	G	0.00000	0.84416	0.15584	0
189	Y	0.00000	0.74743	0.25257	0
190	T	0.00000	0.72229	0.27771	0
191	I	0.00000	0.00612	0.99388	0
192	Y	0.00000	0.00196	0.99804	0
193	S	0.00000	0.00156	0.99844	0
194	T	0.00000	0.00028	0.99972	0
195	F	0.00000	0.00018	0.99982	0
196	G	0.00000	0	1.00000	0
197	A	0.00000	0	1.00000	0
198	F	0.00000	0	1.00000	0
199	Y	0.00000	0	1.00000	0
200	I	0.00000	0	1.00000	0
201	P	0.00000	0	1.00000	0
202	L	0.00000	0	1.00000	0
203	L	0.00000	0	1.00000	0
204	L	0.00000	0	1.00000	0
205	M	0.00000	0	1.00000	0
206	L	0.00000	0	1.00000	0
207	V	0.00000	0	1.00000	0
208	L	0.00000	0	1.00000	0
209	Y	0.00026	0	0.99974	0
210	G	0.01317	0	0.98683	0
211	R	0.04574	0	0.95426	0
212	I	0.05015	0	0.94985	0
213	F	0.09609	0	0.90391	0
214	K	0.95733	0	0.04267	0
215	A	0.96987	0	0.03013	0
216	A	0.99938	0	0.00062	0
217	R	0.99973	0	0.00027	0
218	F	0.99975	0	0.00025	0
219	R	0.99999	0	0.00001	0
220	I	0.99999	0	0.00001	0
221	R	1.00000	0	0.00000	0
222	K	1.00000	0	0.00000	0
223	T	1.00000	0	0.00000	0
224	V	1.00000	0	0.00000	0
225	K	1.00000	0	0.00000	0
226	K	1.00000	0	0.00000	0
227	A	1.00000	0	0.00000	0
228	E	1.00000	0	0.00000	0
229	K	1.00000	0	0.00000	0
230	Q	1.00000	0	0.00000	0
231	K	1.00000	0	0.00000	0
232	I	1.00000	0	0.00000	0
233	A	1.00000	0	0.00000	0
234	D	1.00000	0	0.00000	0
235	T	1.00000	0	0.00000	0
236	C	1.00000	0	0.00000	0
237	L	1.00000	0	0.00000	0
238	T	1.00000	0	0.00000	0
239	L	1.00000	0	0.00000	0
240	S	1.00000	0	0.00000	0
241	P	1.00000	0	0.00000	0
242	A	1.00000	0	0.00000	0
243	T	1.00000	0	0.00000	0
244	A	1.00000	0	0.00000	0
245	K	1.00000	0	0.00000	0
246	K	1.00000	0	0.00000	0
247	G	1.00000	0	0.00000	0
248	N	1.00000	0	0.00000	0
249	G	1.00000	0	0.00000	0
250	E	1.00000	0	0.00000	0
251	P	1.00000	0	0.00000	0
252	G	1.00000	0	0.00000	0
253	K	1.00000	0	0.00000	0
254	G	1.00000	0	0.00000	0
255	W	1.00000	0	0.00000	0
256	R	1.00000	0	0.00000	0
257	R	1.00000	0	0.00000	0
258	T	1.00000	0	0.00000	0
259	V	1.00000	0	0.00000	0
260	D	1.00000	0	0.00000	0
261	P	1.00000	0	0.00000	0
262	K	1.00000	0	0.00000	0
263	P	1.00000	0	0.00000	0
264	G	1.00000	0	0.00000	0
265	A	1.00000	0	0.00000	0
266	C	1.00000	0	0.00000	0
267	I	1.00000	0	0.00000	0
268	N	1.00000	0	0.00000	0
269	G	1.00000	0	0.00000	0
270	A	1.00000	0	0.00000	0
271	V	1.00000	0	0.00000	0
272	R	1.00000	0	0.00000	0
273	Q	1.00000	0	0.00000	0
274	G	1.00000	0	0.00000	0
275	Q	1.00000	0	0.00000	0
276	D	1.00000	0	0.00000	0
277	G	1.00000	0	0.00000	0
278	T	1.00000	0	0.00000	0
279	A	1.00000	0	0.00000	0
280	L	1.00000	0	0.00000	0
281	E	1.00000	0	0.00000	0
282	I	1.00000	0	0.00000	0
283	I	1.00000	0	0.00000	0
284	E	1.00000	0	0.00000	0
285	V	1.00000	0	0.00000	0
286	Q	1.00000	0	0.00000	0
287	H	1.00000	0	0.00000	0
288	C	1.00000	0	0.00000	0
289	N	1.00000	0	0.00000	0
290	S	1.00000	0	0.00000	0
291	S	1.00000	0	0.00000	0
292	S	1.00000	0	0.00000	0
293	K	1.00000	0	0.00000	0
294	T	1.00000	0	0.00000	0
295	H	1.00000	0	0.00000	0
296	L	1.00000	0	0.00000	0
297	P	1.00000	0	0.00000	0
298	L	1.00000	0	0.00000	0
299	P	1.00000	0	0.00000	0
300	S	1.00000	0	0.00000	0
301	E	1.00000	0	0.00000	0
302	A	1.00000	0	0.00000	0
303	C	1.00000	0	0.00000	0
304	G	1.00000	0	0.00000	0
305	S	1.00000	0	0.00000	0
306	P	1.00000	0	0.00000	0
307	P	1.00000	0	0.00000	0
308	P	1.00000	0	0.00000	0
309	P	1.00000	0	0.00000	0
310	S	1.00000	0	0.00000	0
311	F	1.00000	0	0.00000	0
312	E	1.00000	0	0.00000	0
313	R	1.00000	0	0.00000	0
314	R	1.00000	0	0.00000	0
315	N	1.00000	0	0.00000	0
316	E	1.00000	0	0.00000	0
317	K	1.00000	0	0.00000	0
318	N	1.00000	0	0.00000	0
319	T	1.00000	0	0.00000	0
320	E	1.00000	0	0.00000	0
321	A	1.00000	0	0.00000	0
322	K	1.00000	0	0.00000	0
323	R	1.00000	0	0.00000	0
324	R	1.00000	0	0.00000	0
325	M	1.00000	0	0.00000	0
326	A	1.00000	0	0.00000	0
327	L	1.00000	0	0.00000	0
328	S	1.00000	0	0.00000	0
329	R	1.00000	0	0.00000	0
330	E	1.00000	0	0.00000	0
331	R	0.99686	0	0.00314	0
332	K	0.99649	0	0.00351	0
333	T	0.71291	0	0.28709	0
334	V	0.71004	0	0.28996	0
335	K	0.70876	0	0.29124	0
336	T	0.59469	0	0.40531	0
337	L	0.01078	0	0.98922	0
338	G	0.00075	0	0.99925	0
339	I	0.00002	0	0.99998	0
340	I	0.00000	0	1.00000	0
341	M	0.00000	0	1.00000	0
342	G	0.00000	0	1.00000	0
343	T	0.00000	0	1.00000	0
344	F	0.00000	0	1.00000	0
345	I	0.00000	0	1.00000	0
346	L	0.00000	0	1.00000	0
347	C	0.00000	0	1.00000	0
348	W	0.00000	0	1.00000	0
349	L	0.00000	0	1.00000	0
350	P	0.00000	0	1.00000	0
351	F	0.00000	0	1.00000	0
352	F	0.00000	0	1.00000	0
353	I	0.00000	1e-05	0.99999	0
354	V	0.00000	8e-05	0.99992	0
355	A	0.00000	0.00054	0.99946	0
356	L	0.00000	0.00439	0.99561	0
357	V	0.00000	0.02394	0.97606	0
358	L	0.00000	0.07805	0.92195	0
359	P	0.00000	0.40374	0.59626	0
360	F	0.00000	0.54018	0.45982	0
361	C	0.00000	0.96255	0.03745	0
362	D	0.00000	0.99991	0.00009	0
363	S	0.00000	0.99998	0.00002	0
364	K	0.00000	1	0.00000	0
365	C	0.00000	1	0.00000	0
366	Y	0.00000	0.99996	0.00004	0
367	M	0.00000	0.99957	0.00043	0
368	P	0.00000	0.99956	0.00044	0
369	E	0.00000	0.99931	0.00069	0
370	W	0.00000	0.99541	0.00459	0
371	L	0.00000	0.99272	0.00728	0
372	G	0.00000	0.99215	0.00785	0
373	A	0.00000	0.3363	0.66370	0
374	V	0.00000	0.00264	0.99736	0
375	I	0.00000	0.00011	0.99989	0
376	N	0.00000	0	1.00000	0
377	W	0.00000	0	1.00000	0
378	L	0.00000	0	1.00000	0
379	G	0.00000	0	1.00000	0
380	Y	0.00000	0	1.00000	0
381	S	0.00000	0	1.00000	0
382	N	0.00000	0	1.00000	0
383	S	0.00000	0	1.00000	0
384	L	0.00000	0	1.00000	0
385	L	0.00000	0	1.00000	0
386	N	0.00000	0	1.00000	0
387	P	0.00000	0	1.00000	0
388	I	0.00000	0	1.00000	0
389	I	0.00000	0	1.00000	0
390	Y	0.00001	0	0.99999	0
391	A	0.00002	0	0.99998	0
392	Y	0.00018	0	0.99982	0
393	F	0.02735	0	0.97265	0
394	N	0.53089	0	0.46911	0
395	K	1.00000	0	0.00000	0
396	D	1.00000	0	0.00000	0
397	F	1.00000	0	0.00000	0
398	Q	1.00000	0	0.00000	0
399	S	1.00000	0	0.00000	0
400	A	1.00000	0	0.00000	0
401	F	1.00000	0	0.00000	0
402	K	1.00000	0	0.00000	0
403	K	1.00000	0	0.00000	0
404	I	1.00000	0	0.00000	0
405	I	1.00000	0	0.00000	0
406	K	1.00000	0	0.00000	0
407	C	1.00000	0	0.00000	0
408	K	1.00000	0	0.00000	0
409	F	1.00000	0	0.00000	0
410	C	1.00000	0	0.00000	0
411	R	1.00000	0	0.00000	0
412	Q	1.00000	0	0.00000	0
