# UNNAMED
#pos	aa	i	o	M	S
1	M	0.00000	1	0.00000	0
2	M	0.00000	1	0.00000	0
3	S	0.00000	1	0.00000	0
4	G	0.00000	1	0.00000	0
5	A	0.00000	1	0.00000	0
6	N	0.00000	1	0.00000	0
7	S	0.00000	1	0.00000	0
8	T	0.00000	1	0.00000	0
9	S	0.00000	1	0.00000	0
10	D	0.00000	1	0.00000	0
11	L	0.00000	1	0.00000	0
12	S	0.00000	0.99999	0.00001	0
13	P	0.00000	0.99999	0.00001	0
14	S	0.00000	0.99997	0.00003	0
15	T	0.00000	0.99986	0.00014	0
16	R	0.00000	0.99971	0.00029	0
17	N	0.00000	0.9828	0.01720	0
18	A	0.00000	0.52317	0.47683	0
19	L	0.00000	0.19643	0.80357	0
20	A	0.00000	0.09142	0.90858	0
21	F	0.00000	0.02725	0.97275	0
22	L	0.00000	0.01733	0.98267	0
23	M	0.00000	0.01407	0.98593	0
24	S	0.00000	0.00586	0.99414	0
25	L	0.00000	0.00053	0.99947	0
26	L	0.00000	0	1.00000	0
27	A	0.00000	0	1.00000	0
28	F	0.00000	0	1.00000	0
29	A	0.00000	0	1.00000	0
30	I	0.00000	0	1.00000	0
31	M	0.00000	0	1.00000	0
32	L	0.00000	0	1.00000	0
33	G	0.00000	0	1.00000	0
34	N	0.00000	0	1.00000	0
35	A	0.00000	0	1.00000	0
36	V	0.00000	0	1.00000	0
37	V	0.00000	0	1.00000	0
38	I	0.00000	0	1.00000	0
39	L	0.00003	0	0.99997	0
40	A	0.00146	0	0.99854	0
41	F	0.00726	0	0.99274	0
42	I	0.05620	0	0.94380	0
43	V	0.44033	0	0.55967	0
44	D	0.99554	0	0.00446	0
45	K	0.99991	0	0.00009	0
46	N	1.00000	0	0.00000	0
47	L	1.00000	0	0.00000	0
48	R	1.00000	0	0.00000	0
49	H	1.00000	0	0.00000	0
50	R	0.99999	0	0.00001	0
51	S	0.99509	0	0.00491	0
52	N	0.90500	0	0.09500	0
53	Y	0.36255	0	0.63745	0
54	F	0.00480	0	0.99520	0
55	F	0.00054	0	0.99946	0
56	L	0.00000	0	1.00000	0
57	N	0.00000	0	1.00000	0
58	L	0.00000	0	1.00000	0
59	A	0.00000	0	1.00000	0
60	I	0.00000	0	1.00000	0
61	A	0.00000	0	1.00000	0
62	D	0.00000	0	1.00000	0
63	F	0.00000	0	1.00000	0
64	F	0.00000	0	1.00000	0
65	V	0.00000	0	1.00000	0
66	G	0.00000	0	1.00000	0
67	V	0.00000	0	1.00000	0
68	I	0.00000	0	1.00000	0
69	S	0.00000	1e-05	0.99999	0
70	I	0.00000	5e-05	0.99995	0
71	P	0.00000	0.00131	0.99869	0
72	L	0.00000	0.00744	0.99256	0
73	Y	0.00000	0.05092	0.94908	0
74	I	0.00000	0.06994	0.93006	0
75	P	0.00000	0.50831	0.49169	0
76	Q	0.00000	0.99824	0.00176	0
77	V	0.00000	0.99841	0.00159	0
78	L	0.00000	0.99885	0.00115	0
79	F	0.00000	0.99942	0.00058	0
80	D	0.00000	1	0.00000	0
81	W	0.00000	1	0.00000	0
82	K	0.00000	1	0.00000	0
83	L	0.00000	1	0.00000	0
84	K	0.00000	1	0.00000	0
85	N	0.00000	1	0.00000	0
86	E	0.00000	1	0.00000	0
87	I	0.00000	0.99996	0.00004	0
88	C	0.00000	0.99993	0.00007	0
89	A	0.00000	0.99867	0.00133	0
90	F	0.00000	0.99793	0.00207	0
91	W	0.00000	0.93962	0.06038	0
92	L	0.00000	0.24397	0.75603	0
93	I	0.00000	0.0416	0.95840	0
94	T	0.00000	0.00494	0.99506	0
95	D	0.00000	0.00158	0.99842	0
96	Y	0.00000	9e-05	0.99991	0
97	L	0.00000	0	1.00000	0
98	L	0.00000	0	1.00000	0
99	C	0.00000	0	1.00000	0
100	T	0.00000	0	1.00000	0
101	A	0.00000	0	1.00000	0
102	S	0.00000	0	1.00000	0
103	V	0.00000	0	1.00000	0
104	Y	0.00000	0	1.00000	0
105	N	0.00000	0	1.00000	0
106	I	0.00000	0	1.00000	0
107	V	0.00000	0	1.00000	0
108	L	0.00000	0	1.00000	0
109	I	0.00001	0	0.99999	0
110	S	0.00002	0	0.99998	0
111	Y	0.00005	0	0.99995	0
112	D	0.00028	0	0.99972	0
113	R	0.03825	0	0.96175	0
114	Y	0.16066	0	0.83934	0
115	Q	0.27951	0	0.72049	0
116	S	0.92136	0	0.07864	0
117	V	0.99997	0	0.00003	0
118	L	1.00000	0	0.00000	0
119	N	1.00000	0	0.00000	0
120	A	1.00000	0	0.00000	0
121	V	1.00000	0	0.00000	0
122	S	1.00000	0	0.00000	0
123	Y	1.00000	0	0.00000	0
124	R	1.00000	0	0.00000	0
125	A	1.00000	0	0.00000	0
126	Q	0.99999	0	0.00001	0
127	H	0.99828	0	0.00172	0
128	T	0.92785	0	0.07215	0
129	G	0.75398	0	0.24602	0
130	I	0.42248	0	0.57752	0
131	L	0.32559	0	0.67441	0
132	K	0.32129	0	0.67871	0
133	I	0.08111	0	0.91889	0
134	A	0.06237	0	0.93763	0
135	T	0.05556	0	0.94444	0
136	P	0.04701	0	0.95299	0
137	M	0.00477	0	0.99523	0
138	L	0.00023	0	0.99977	0
139	A	0.00001	0	0.99999	0
140	V	0.00000	0	1.00000	0
141	W	0.00000	0	1.00000	0
142	V	0.00000	0	1.00000	0
143	L	0.00000	0	1.00000	0
144	A	0.00000	0	1.00000	0
145	F	0.00000	0	1.00000	0
146	L	0.00000	1e-05	0.99999	0
147	V	0.00000	0.00172	0.99828	0
148	N	0.00000	0.09138	0.90862	0
149	G	0.00000	0.16455	0.83545	0
150	P	0.00000	0.2078	0.79220	0
151	M	0.00000	0.22499	0.77501	0
152	I	0.00000	0.29524	0.70476	0
153	L	0.00000	0.41893	0.58107	0
154	V	0.00000	0.5752	0.42480	0
155	S	0.00000	0.8555	0.14450	0
156	Q	0.00000	0.95903	0.04097	0
157	S	0.00000	0.97245	0.02755	0
158	W	0.00000	0.98536	0.01464	0
159	P	0.00000	0.9978	0.00220	0
160	K	0.00000	0.99999	0.00001	0
161	G	0.00000	1	0.00000	0
162	V	0.00000	1	0.00000	0
163	N	0.00000	1	0.00000	0
164	K	0.00000	1	0.00000	0
165	C	0.00000	1	0.00000	0
166	Q	0.00000	1	0.00000	0
167	P	0.00000	0.99989	0.00011	0
168	G	0.00000	0.99446	0.00554	0
169	F	0.00000	0.85649	0.14351	0
170	L	0.00000	0.83873	0.16127	0
171	L	0.00000	0.5547	0.44530	0
172	I	0.00000	0.55418	0.44582	0
173	W	0.00000	0.55366	0.44634	0
174	Y	0.00000	0.54893	0.45107	0
175	I	0.00000	0.50503	0.49497	0
176	P	0.00000	0.50402	0.49598	0
177	L	0.00000	0.49933	0.50067	0
178	I	0.00000	0.00358	0.99642	0
179	T	0.00000	0.00311	0.99689	0
180	S	0.00000	0.00276	0.99724	0
181	F	0.00000	0.00206	0.99794	0
182	F	0.00000	0	1.00000	0
183	E	0.00000	0	1.00000	0
184	F	0.00000	0	1.00000	0
185	L	0.00000	0	1.00000	0
186	I	0.00000	0	1.00000	0
187	P	0.00000	0	1.00000	0
188	V	0.00000	0	1.00000	0
189	I	0.00000	0	1.00000	0
190	L	0.00000	0	1.00000	0
191	V	0.00001	0	0.99999	0
192	A	0.00015	0	0.99985	0
193	Y	0.00406	0	0.99594	0
194	F	0.03917	0	0.96083	0
195	N	0.34157	0	0.65843	0
196	M	0.38013	0	0.61987	0
197	H	0.40591	0	0.59409	0
198	I	0.41114	0	0.58886	0
199	Y	0.41378	0	0.58622	0
200	W	0.42496	0	0.57504	0
201	S	0.67768	0	0.32232	0
202	I	0.76319	0	0.23681	0
203	W	0.78904	0	0.21096	0
204	K	0.99888	0	0.00112	0
205	R	0.99996	0	0.00004	0
206	S	0.99999	0	0.00001	0
207	K	1.00000	0	0.00000	0
208	L	1.00000	0	0.00000	0
209	N	1.00000	0	0.00000	0
210	R	1.00000	0	0.00000	0
211	C	1.00000	0	0.00000	0
212	Q	1.00000	0	0.00000	0
213	S	1.00000	0	0.00000	0
214	S	1.00000	0	0.00000	0
215	P	1.00000	0	0.00000	0
216	G	1.00000	0	0.00000	0
217	L	1.00000	0	0.00000	0
218	A	1.00000	0	0.00000	0
219	S	1.00000	0	0.00000	0
220	V	1.00000	0	0.00000	0
221	S	1.00000	0	0.00000	0
222	S	1.00000	0	0.00000	0
223	S	1.00000	0	0.00000	0
224	D	1.00000	0	0.00000	0
225	C	1.00000	0	0.00000	0
226	G	1.00000	0	0.00000	0
227	H	1.00000	0	0.00000	0
228	S	1.00000	0	0.00000	0
229	C	1.00000	0	0.00000	0
230	R	1.00000	0	0.00000	0
231	C	1.00000	0	0.00000	0
232	G	1.00000	0	0.00000	0
233	L	1.00000	0	0.00000	0
234	F	1.00000	0	0.00000	0
235	P	1.00000	0	0.00000	0
236	R	1.00000	0	0.00000	0
237	T	1.00000	0	0.00000	0
238	S	1.00000	0	0.00000	0
239	L	1.00000	0	0.00000	0
240	P	1.00000	0	0.00000	0
241	A	1.00000	0	0.00000	0
242	P	1.00000	0	0.00000	0
243	K	1.00000	0	0.00000	0
244	E	1.00000	0	0.00000	0
245	R	1.00000	0	0.00000	0
246	A	1.00000	0	0.00000	0
247	T	1.00000	0	0.00000	0
248	S	1.00000	0	0.00000	0
249	L	1.00000	0	0.00000	0
250	H	1.00000	0	0.00000	0
251	S	1.00000	0	0.00000	0
252	E	1.00000	0	0.00000	0
253	R	1.00000	0	0.00000	0
254	Q	1.00000	0	0.00000	0
255	G	1.00000	0	0.00000	0
256	R	1.00000	0	0.00000	0
257	K	1.00000	0	0.00000	0
258	N	1.00000	0	0.00000	0
259	S	1.00000	0	0.00000	0
260	L	1.00000	0	0.00000	0
261	L	1.00000	0	0.00000	0
262	L	1.00000	0	0.00000	0
263	S	1.00000	0	0.00000	0
264	L	1.00000	0	0.00000	0
265	R	1.00000	0	0.00000	0
266	M	1.00000	0	0.00000	0
267	Q	1.00000	0	0.00000	0
268	L	1.00000	0	0.00000	0
269	N	1.00000	0	0.00000	0
270	N	1.00000	0	0.00000	0
271	N	1.00000	0	0.00000	0
272	V	1.00000	0	0.00000	0
273	I	1.00000	0	0.00000	0
274	A	1.00000	0	0.00000	0
275	S	1.00000	0	0.00000	0
276	K	1.00000	0	0.00000	0
277	M	1.00000	0	0.00000	0
278	G	1.00000	0	0.00000	0
279	S	1.00000	0	0.00000	0
280	L	1.00000	0	0.00000	0
281	T	1.00000	0	0.00000	0
282	H	1.00000	0	0.00000	0
283	S	1.00000	0	0.00000	0
284	D	1.00000	0	0.00000	0
285	S	1.00000	0	0.00000	0
286	I	1.00000	0	0.00000	0
287	A	1.00000	0	0.00000	0
288	L	1.00000	0	0.00000	0
289	H	1.00000	0	0.00000	0
290	Q	1.00000	0	0.00000	0
291	R	1.00000	0	0.00000	0
292	E	1.00000	0	0.00000	0
293	H	1.00000	0	0.00000	0
294	L	1.00000	0	0.00000	0
295	E	1.00000	0	0.00000	0
296	L	1.00000	0	0.00000	0
297	F	0.99999	0	0.00001	0
298	R	0.99999	0	0.00001	0
299	A	0.99923	0	0.00077	0
300	R	0.97220	0	0.02780	0
301	K	0.97175	0	0.02825	0
302	L	0.91650	0	0.08350	0
303	A	0.91461	0	0.08539	0
304	K	0.91403	0	0.08597	0
305	S	0.91249	0	0.08751	0
306	L	0.02240	0	0.97760	0
307	A	0.00053	0	0.99947	0
308	I	0.00013	0	0.99987	0
309	L	0.00000	0	1.00000	0
310	L	0.00000	0	1.00000	0
311	S	0.00000	0	1.00000	0
312	V	0.00000	0	1.00000	0
313	F	0.00000	0	1.00000	0
314	A	0.00000	0	1.00000	0
315	I	0.00000	0	1.00000	0
316	C	0.00000	0	1.00000	0
317	W	0.00000	0	1.00000	0
318	A	0.00000	0	1.00000	0
319	P	0.00000	1e-05	0.99999	0
320	H	0.00000	2e-05	0.99998	0
321	S	0.00000	4e-05	0.99996	0
322	L	0.00000	0.00028	0.99972	0
323	F	0.00000	0.00233	0.99767	0
324	T	0.00000	0.01195	0.98805	0
325	I	0.00000	0.02612	0.97388	0
326	V	0.00000	0.03154	0.96846	0
327	L	0.00000	0.07245	0.92755	0
328	S	0.00000	0.42533	0.57467	0
329	T	0.00000	0.65861	0.34139	0
330	Y	0.00000	0.81468	0.18532	0
331	E	0.00000	0.99419	0.00581	0
332	P	0.00000	0.99906	0.00094	0
333	E	0.00000	0.99998	0.00002	0
334	N	0.00000	1	0.00000	0
335	R	0.00000	1	0.00000	0
336	P	0.00000	1	0.00000	0
337	E	0.00000	1	0.00000	0
338	S	0.00000	0.99998	0.00002	0
339	H	0.00000	0.99928	0.00072	0
340	W	0.00000	0.99717	0.00283	0
341	Y	0.00000	0.9962	0.00380	0
342	E	0.00000	0.84168	0.15832	0
343	V	0.00000	0.37381	0.62619	0
344	A	0.00000	0.33201	0.66799	0
345	F	0.00000	0.00176	0.99824	0
346	W	0.00000	0	1.00000	0
347	L	0.00000	0	1.00000	0
348	Q	0.00000	0	1.00000	0
349	W	0.00000	0	1.00000	0
350	F	0.00000	0	1.00000	0
351	N	0.00000	0	1.00000	0
352	S	0.00000	0	1.00000	0
353	F	0.00000	0	1.00000	0
354	V	0.00000	0	1.00000	0
355	N	0.00000	0	1.00000	0
356	P	0.00000	0	1.00000	0
357	F	0.00000	0	1.00000	0
358	L	0.00000	0	1.00000	0
359	Y	0.00000	0	1.00000	0
360	P	0.00001	0	0.99999	0
361	L	0.00029	0	0.99971	0
362	C	0.01969	0	0.98031	0
363	H	0.16582	0	0.83418	0
364	K	1.00000	0	0.00000	0
365	S	1.00000	0	0.00000	0
366	F	1.00000	0	0.00000	0
367	Q	1.00000	0	0.00000	0
368	K	1.00000	0	0.00000	0
369	A	1.00000	0	0.00000	0
370	I	1.00000	0	0.00000	0
371	S	1.00000	0	0.00000	0
372	K	1.00000	0	0.00000	0
373	I	1.00000	0	0.00000	0
374	F	1.00000	0	0.00000	0
375	C	1.00000	0	0.00000	0
376	I	1.00000	0	0.00000	0
377	K	1.00000	0	0.00000	0
378	K	1.00000	0	0.00000	0
379	Q	1.00000	0	0.00000	0
380	P	1.00000	0	0.00000	0
381	I	1.00000	0	0.00000	0
382	P	1.00000	0	0.00000	0
383	S	1.00000	0	0.00000	0
384	H	1.00000	0	0.00000	0
385	H	1.00000	0	0.00000	0
386	R	1.00000	0	0.00000	0
387	S	1.00000	0	0.00000	0
388	I	1.00000	0	0.00000	0
389	S	1.00000	0	0.00000	0
390	S	1.00000	0	0.00000	0
