# UNNAMED
#pos	aa	i	o	M	S
1	M	0.00000	0.99938	0.00000	0.00062
2	T	0.00000	0.99938	0.00000	0.00062
3	D	0.00000	0.99938	0.00000	0.00062
4	K	0.00000	0.99938	0.00000	0.00062
5	A	0.00000	0.99938	0.00000	0.00062
6	T	0.00000	0.99938	0.00000	0.00062
7	L	0.00000	0.99938	0.00000	0.00062
8	P	0.00000	0.99938	0.00000	0.00062
9	I	0.00000	0.99938	0.00000	0.00062
10	P	0.00000	0.99938	0.00000	0.00062
11	I	0.00000	0.99938	0.00000	0.00062
12	E	0.00000	0.99938	0.00000	0.00061
13	E	0.00000	0.99938	0.00000	0.00061
14	T	0.00000	0.99938	0.00000	0.00062
15	E	0.00000	0.99938	0.00000	0.00062
16	T	0.00000	0.99938	0.00000	0.00062
17	L	0.00000	0.99999	0.00000	1e-05
18	P	0.00000	0.99999	0.00000	1e-05
19	L	0.00000	0.99999	0.00000	1e-05
20	R	0.00000	1	0.00000	0
21	F	0.00000	1	0.00000	0
22	P	0.00000	1	0.00000	0
23	G	0.00000	1	0.00000	0
24	N	0.00000	1	0.00000	0
25	F	0.00000	1	0.00000	0
26	L	0.00000	1	0.00000	0
27	P	0.00000	1	0.00000	0
28	R	0.00000	1	0.00000	0
29	S	0.00000	1	0.00000	0
30	L	0.00000	1	0.00000	0
31	S	0.00000	1	0.00000	0
32	A	0.00000	1	0.00000	0
33	K	0.00000	1	0.00000	0
34	G	0.00000	1	0.00000	0
35	Q	0.00000	1	0.00000	0
36	A	0.00000	1	0.00000	0
37	R	0.00000	1	0.00000	0
38	C	0.00000	1	0.00000	0
39	G	0.00000	1	0.00000	0
40	C	0.00000	1	0.00000	0
41	G	0.00000	1	0.00000	0
42	R	0.00000	1	0.00000	0
43	P	0.00000	1	0.00000	0
44	Q	0.00000	1	0.00000	0
45	P	0.00000	1	0.00000	0
46	R	0.00000	1	0.00000	0
47	R	0.00000	1	0.00000	0
48	F	0.00000	1	0.00000	0
49	P	0.00000	1	0.00000	0
50	L	0.00000	0.99998	0.00002	0
51	G	0.00000	0.99998	0.00002	0
52	Y	0.00000	0.99996	0.00004	0
53	C	0.00000	0.99995	0.00005	0
54	P	0.00000	0.99987	0.00013	0
55	G	0.00000	0.99792	0.00208	0
56	G	0.00000	0.98633	0.01367	0
57	F	0.00000	0.83918	0.16082	0
58	S	0.00000	0.81508	0.18492	0
59	P	0.00000	0.73869	0.26131	0
60	F	0.00000	0.53724	0.46276	0
61	P	0.00000	0.49129	0.50871	0
62	S	0.00000	0.40588	0.59412	0
63	L	0.00000	0.2753	0.72470	0
64	L	0.00000	0.19651	0.80349	0
65	A	0.00000	0.18611	0.81389	0
66	L	0.00000	0.03522	0.96478	0
67	L	0.00000	0.00171	0.99829	0
68	I	0.00000	6e-05	0.99994	0
69	L	0.00000	0	1.00000	0
70	W	0.00000	0	1.00000	0
71	T	0.00000	0	1.00000	0
72	L	0.00000	0	1.00000	0
73	F	0.00000	0	1.00000	0
74	G	0.00000	0	1.00000	0
75	N	0.00000	0	1.00000	0
76	V	0.00000	0	1.00000	0
77	L	0.00000	0	1.00000	0
78	V	0.00000	0	1.00000	0
79	C	0.00002	0	0.99998	0
80	A	0.00043	0	0.99957	0
81	A	0.00688	0	0.99312	0
82	I	0.02091	0	0.97909	0
83	V	0.19820	0	0.80180	0
84	R	0.76185	0	0.23815	0
85	Y	0.79442	0	0.20558	0
86	R	0.98162	0	0.01838	0
87	H	0.99355	0	0.00645	0
88	L	0.99678	0	0.00322	0
89	R	1.00000	0	0.00000	0
90	S	1.00000	0	0.00000	0
91	K	0.99974	0	0.00026	0
92	V	0.97002	0	0.02998	0
93	T	0.84830	0	0.15170	0
94	N	0.12985	0	0.87015	0
95	I	0.01035	0	0.98965	0
96	F	0.00010	0	0.99990	0
97	I	0.00000	0	1.00000	0
98	V	0.00000	0	1.00000	0
99	S	0.00000	0	1.00000	0
100	L	0.00000	0	1.00000	0
101	A	0.00000	0	1.00000	0
102	V	0.00000	0	1.00000	0
103	S	0.00000	0	1.00000	0
104	D	0.00000	0	1.00000	0
105	L	0.00000	0	1.00000	0
106	L	0.00000	0	1.00000	0
107	V	0.00000	0	1.00000	0
108	A	0.00000	0	1.00000	0
109	L	0.00000	0	1.00000	0
110	L	0.00000	0	1.00000	0
111	V	0.00000	1e-05	0.99999	0
112	M	0.00000	0.00041	0.99959	0
113	P	0.00000	0.0071	0.99290	0
114	W	0.00000	0.0705	0.92950	0
115	K	0.00000	0.41805	0.58195	0
116	A	0.00000	0.60454	0.39546	0
117	V	0.00000	0.77056	0.22944	0
118	A	0.00000	0.99982	0.00018	0
119	E	0.00000	1	0.00000	0
120	V	0.00000	1	0.00000	0
121	A	0.00000	1	0.00000	0
122	G	0.00000	1	0.00000	0
123	Y	0.00000	1	0.00000	0
124	W	0.00000	1	0.00000	0
125	P	0.00000	1	0.00000	0
126	F	0.00000	1	0.00000	0
127	G	0.00000	1	0.00000	0
128	A	0.00000	1	0.00000	0
129	F	0.00000	1	0.00000	0
130	C	0.00000	1	0.00000	0
131	N	0.00000	0.99999	0.00001	0
132	V	0.00000	0.99786	0.00214	0
133	W	0.00000	0.81075	0.18925	0
134	V	0.00000	0.09107	0.90893	0
135	A	0.00000	0.00251	0.99749	0
136	F	0.00000	5e-05	0.99995	0
137	D	0.00000	1e-05	0.99999	0
138	I	0.00000	0	1.00000	0
139	M	0.00000	0	1.00000	0
140	C	0.00000	0	1.00000	0
141	S	0.00000	0	1.00000	0
142	T	0.00000	0	1.00000	0
143	A	0.00000	0	1.00000	0
144	S	0.00000	0	1.00000	0
145	I	0.00000	0	1.00000	0
146	L	0.00000	0	1.00000	0
147	N	0.00000	0	1.00000	0
148	L	0.00000	0	1.00000	0
149	C	0.00000	0	1.00000	0
150	V	0.00000	0	1.00000	0
151	I	0.00000	0	1.00000	0
152	S	0.00000	0	1.00000	0
153	V	0.00000	0	1.00000	0
154	D	0.00007	0	0.99993	0
155	R	0.13205	0	0.86795	0
156	Y	0.48381	0	0.51619	0
157	W	0.83362	0	0.16638	0
158	A	0.99074	0	0.00926	0
159	I	1.00000	0	0.00000	0
160	S	1.00000	0	0.00000	0
161	S	1.00000	0	0.00000	0
162	P	1.00000	0	0.00000	0
163	F	1.00000	0	0.00000	0
164	R	1.00000	0	0.00000	0
165	Y	1.00000	0	0.00000	0
166	E	1.00000	0	0.00000	0
167	R	1.00000	0	0.00000	0
168	K	1.00000	0	0.00000	0
169	M	0.99996	0	0.00004	0
170	T	0.99988	0	0.00012	0
171	Q	0.99933	0	0.00067	0
172	R	0.92635	0	0.07365	0
173	L	0.15358	0	0.84642	0
174	A	0.01978	0	0.98022	0
175	L	0.00188	0	0.99812	0
176	V	0.00011	0	0.99989	0
177	M	0.00001	0	0.99999	0
178	I	0.00000	0	1.00000	0
179	S	0.00000	0	1.00000	0
180	V	0.00000	0	1.00000	0
181	A	0.00000	0	1.00000	0
182	W	0.00000	0	1.00000	0
183	A	0.00000	0	1.00000	0
184	L	0.00000	0	1.00000	0
185	S	0.00000	0	1.00000	0
186	V	0.00000	0	1.00000	0
187	L	0.00000	0	1.00000	0
188	I	0.00000	0	1.00000	0
189	S	0.00000	0	1.00000	0
190	F	0.00000	0	1.00000	0
191	I	0.00000	0.00026	0.99974	0
192	P	0.00000	0.022	0.97800	0
193	V	0.00000	0.07452	0.92548	0
194	Q	0.00000	0.50599	0.49401	0
195	L	0.00000	0.62809	0.37191	0
196	N	0.00000	0.96132	0.03868	0
197	W	0.00000	0.98214	0.01786	0
198	H	0.00000	0.99836	0.00164	0
199	K	0.00000	1	0.00000	0
200	S	0.00000	1	0.00000	0
201	G	0.00000	1	0.00000	0
202	D	0.00000	1	0.00000	0
203	V	0.00000	1	0.00000	0
204	V	0.00000	1	0.00000	0
205	A	0.00000	1	0.00000	0
206	A	0.00000	1	0.00000	0
207	G	0.00000	1	0.00000	0
208	D	0.00000	1	0.00000	0
209	I	0.00000	1	0.00000	0
210	G	0.00000	1	0.00000	0
211	D	0.00000	1	0.00000	0
212	G	0.00000	1	0.00000	0
213	F	0.00000	1	0.00000	0
214	G	0.00000	1	0.00000	0
215	T	0.00000	1	0.00000	0
216	G	0.00000	1	0.00000	0
217	W	0.00000	1	0.00000	0
218	A	0.00000	1	0.00000	0
219	A	0.00000	1	0.00000	0
220	A	0.00000	1	0.00000	0
221	G	0.00000	1	0.00000	0
222	A	0.00000	1	0.00000	0
223	V	0.00000	1	0.00000	0
224	T	0.00000	1	0.00000	0
225	T	0.00000	1	0.00000	0
226	W	0.00000	1	0.00000	0
227	A	0.00000	1	0.00000	0
228	E	0.00000	1	0.00000	0
229	D	0.00000	1	0.00000	0
230	M	0.00000	1	0.00000	0
231	S	0.00000	1	0.00000	0
232	T	0.00000	1	0.00000	0
233	T	0.00000	1	0.00000	0
234	W	0.00000	1	0.00000	0
235	V	0.00000	1	0.00000	0
236	A	0.00000	1	0.00000	0
237	L	0.00000	1	0.00000	0
238	A	0.00000	1	0.00000	0
239	A	0.00000	1	0.00000	0
240	M	0.00000	1	0.00000	0
241	R	0.00000	1	0.00000	0
242	H	0.00000	1	0.00000	0
243	S	0.00000	1	0.00000	0
244	G	0.00000	1	0.00000	0
245	G	0.00000	1	0.00000	0
246	T	0.00000	1	0.00000	0
247	S	0.00000	1	0.00000	0
248	G	0.00000	1	0.00000	0
249	S	0.00000	1	0.00000	0
250	N	0.00000	1	0.00000	0
251	D	0.00000	1	0.00000	0
252	T	0.00000	1	0.00000	0
253	L	0.00000	1	0.00000	0
254	T	0.00000	1	0.00000	0
255	G	0.00000	1	0.00000	0
256	P	0.00000	1	0.00000	0
257	S	0.00000	1	0.00000	0
258	E	0.00000	1	0.00000	0
259	S	0.00000	1	0.00000	0
260	C	0.00000	1	0.00000	0
261	D	0.00000	0.99999	0.00001	0
262	S	0.00000	0.99968	0.00032	0
263	S	0.00000	0.99764	0.00236	0
264	L	0.00000	0.99329	0.00671	0
265	N	0.00000	0.99293	0.00707	0
266	R	0.00000	0.95415	0.04585	0
267	T	0.00000	0.52775	0.47225	0
268	Y	0.00000	0.01711	0.98289	0
269	A	0.00000	0.00942	0.99058	0
270	I	0.00000	0.00651	0.99349	0
271	S	0.00000	0.00086	0.99914	0
272	S	0.00000	0.00072	0.99928	0
273	S	0.00000	6e-05	0.99994	0
274	L	0.00000	2e-05	0.99998	0
275	I	0.00000	0	1.00000	0
276	S	0.00000	0	1.00000	0
277	F	0.00000	0	1.00000	0
278	Y	0.00000	0	1.00000	0
279	I	0.00000	0	1.00000	0
280	P	0.00000	0	1.00000	0
281	V	0.00000	0	1.00000	0
282	A	0.00000	0	1.00000	0
283	I	0.00000	0	1.00000	0
284	M	0.00000	0	1.00000	0
285	I	0.00000	0	1.00000	0
286	V	0.00019	0	0.99981	0
287	T	0.00208	0	0.99792	0
288	Y	0.00463	0	0.99537	0
289	T	0.08008	0	0.91992	0
290	R	0.18227	0	0.81773	0
291	I	0.19253	0	0.80747	0
292	Y	0.25654	0	0.74346	0
293	R	0.96525	0	0.03475	0
294	I	0.97079	0	0.02921	0
295	A	0.99979	0	0.00021	0
296	Q	0.99999	0	0.00001	0
297	V	1.00000	0	0.00000	0
298	Q	1.00000	0	0.00000	0
299	I	1.00000	0	0.00000	0
300	R	1.00000	0	0.00000	0
301	R	1.00000	0	0.00000	0
302	I	1.00000	0	0.00000	0
303	S	1.00000	0	0.00000	0
304	S	1.00000	0	0.00000	0
305	L	1.00000	0	0.00000	0
306	E	1.00000	0	0.00000	0
307	R	1.00000	0	0.00000	0
308	A	1.00000	0	0.00000	0
309	A	1.00000	0	0.00000	0
310	E	1.00000	0	0.00000	0
311	H	1.00000	0	0.00000	0
312	A	1.00000	0	0.00000	0
313	Q	1.00000	0	0.00000	0
314	S	1.00000	0	0.00000	0
315	C	1.00000	0	0.00000	0
316	R	1.00000	0	0.00000	0
317	S	1.00000	0	0.00000	0
318	S	1.00000	0	0.00000	0
319	H	1.00000	0	0.00000	0
320	V	1.00000	0	0.00000	0
321	D	1.00000	0	0.00000	0
322	C	1.00000	0	0.00000	0
323	H	1.00000	0	0.00000	0
324	H	1.00000	0	0.00000	0
325	H	1.00000	0	0.00000	0
326	T	1.00000	0	0.00000	0
327	S	1.00000	0	0.00000	0
328	L	1.00000	0	0.00000	0
329	K	1.00000	0	0.00000	0
330	S	1.00000	0	0.00000	0
331	S	1.00000	0	0.00000	0
332	I	1.00000	0	0.00000	0
333	R	1.00000	0	0.00000	0
334	K	1.00000	0	0.00000	0
335	E	1.00000	0	0.00000	0
336	T	0.93641	0	0.06359	0
337	K	0.93485	0	0.06515	0
338	V	0.27449	0	0.72551	0
339	L	0.23974	0	0.76026	0
340	K	0.23939	0	0.76061	0
341	T	0.20602	0	0.79398	0
342	L	0.00476	0	0.99524	0
343	S	0.00107	0	0.99893	0
344	V	0.00057	0	0.99943	0
345	I	0.00004	0	0.99996	0
346	M	0.00000	0	1.00000	0
347	G	0.00000	0	1.00000	0
348	V	0.00000	0	1.00000	0
349	F	0.00000	0	1.00000	0
350	V	0.00000	0	1.00000	0
351	C	0.00000	0	1.00000	0
352	C	0.00000	0	1.00000	0
353	W	0.00000	0	1.00000	0
354	L	0.00000	0	1.00000	0
355	P	0.00000	0	1.00000	0
356	F	0.00000	0	1.00000	0
357	F	0.00000	1e-05	0.99999	0
358	I	0.00000	0.0024	0.99760	0
359	L	0.00000	0.02993	0.97007	0
360	N	0.00000	0.29074	0.70926	0
361	C	0.00000	0.40104	0.59896	0
362	M	0.00000	0.4145	0.58550	0
363	V	0.00000	0.48576	0.51424	0
364	P	0.00000	0.67029	0.32971	0
365	F	0.00000	0.71742	0.28258	0
366	C	0.00000	0.8764	0.12360	0
367	E	0.00000	0.99764	0.00236	0
368	S	0.00000	0.99919	0.00081	0
369	P	0.00000	0.99972	0.00028	0
370	P	0.00000	0.99991	0.00009	0
371	S	0.00000	0.99993	0.00007	0
372	D	0.00000	0.99998	0.00002	0
373	P	0.00000	0.99991	0.00009	0
374	H	0.00000	0.99989	0.00011	0
375	A	0.00000	0.99988	0.00012	0
376	G	0.00000	0.99988	0.00012	0
377	L	0.00000	0.99988	0.00012	0
378	P	0.00000	0.99988	0.00012	0
379	C	0.00000	0.99984	0.00016	0
380	V	0.00000	0.99954	0.00046	0
381	S	0.00000	0.99935	0.00065	0
382	E	0.00000	0.99768	0.00232	0
383	T	0.00000	0.98907	0.01093	0
384	T	0.00000	0.97585	0.02415	0
385	F	0.00000	0.94641	0.05359	0
386	N	0.00000	0.45386	0.54614	0
387	I	0.00000	0.07241	0.92759	0
388	F	0.00000	0.06776	0.93224	0
389	V	0.00000	0.00352	0.99648	0
390	W	0.00000	0.00011	0.99989	0
391	F	0.00000	0	0.99999	0
392	G	0.00001	0	0.99998	0
393	W	0.00005	0	0.99995	0
394	A	0.00008	0	0.99992	0
395	N	0.00012	0	0.99988	0
396	S	0.00012	0	0.99988	0
397	S	0.00012	0	0.99988	0
398	L	0.00012	0	0.99988	0
399	N	0.00012	0	0.99988	0
400	P	0.00012	0	0.99988	0
401	I	0.00012	0	0.99988	0
402	I	0.00013	0	0.99987	0
403	Y	0.00038	0	0.99961	0
404	A	0.00085	0	0.99915	0
405	F	0.01356	0	0.98644	0
406	N	0.40359	0	0.59641	0
407	A	0.57748	0	0.42251	0
408	D	0.85420	0	0.14580	0
409	F	0.88100	0	0.11900	0
410	R	1.00000	0	0.00000	0
411	K	1.00000	0	0.00000	0
412	V	1.00000	0	0.00000	0
413	F	1.00000	0	0.00000	0
414	S	1.00000	0	0.00000	0
415	N	1.00000	0	0.00000	0
416	L	1.00000	0	0.00000	0
417	L	1.00000	0	0.00000	0
418	G	1.00000	0	0.00000	0
419	C	1.00000	0	0.00000	0
420	G	1.00000	0	0.00000	0
421	H	1.00000	0	0.00000	0
422	F	1.00000	0	0.00000	0
423	C	1.00000	0	0.00000	0
424	S	1.00000	0	0.00000	0
425	S	1.00000	0	0.00000	0
426	T	1.00000	0	0.00000	0
427	P	1.00000	0	0.00000	0
428	V	1.00000	0	0.00000	0
429	E	1.00000	0	0.00000	0
430	T	1.00000	0	0.00000	0
431	V	1.00000	0	0.00000	0
432	N	1.00000	0	0.00000	0
433	I	1.00000	0	0.00000	0
434	S	1.00000	0	0.00000	0
435	N	1.00000	0	0.00000	0
436	E	1.00000	0	0.00000	0
437	L	1.00000	0	0.00000	0
438	I	1.00000	0	0.00000	0
439	S	1.00000	0	0.00000	0
440	Y	1.00000	0	0.00000	0
441	N	1.00000	0	0.00000	0
442	Q	1.00000	0	0.00000	0
443	D	1.00000	0	0.00000	0
444	T	1.00000	0	0.00000	0
445	L	1.00000	0	0.00000	0
446	F	1.00000	0	0.00000	0
447	H	1.00000	0	0.00000	0
448	K	1.00000	0	0.00000	0
449	E	1.00000	0	0.00000	0
450	I	1.00000	0	0.00000	0
451	V	1.00000	0	0.00000	0
452	T	1.00000	0	0.00000	0
453	A	1.00000	0	0.00000	0
454	Y	1.00000	0	0.00000	0
455	V	1.00000	0	0.00000	0
456	N	1.00000	0	0.00000	0
457	M	1.00000	0	0.00000	0
458	I	1.00000	0	0.00000	0
459	P	1.00000	0	0.00000	0
460	N	1.00000	0	0.00000	0
461	V	1.00000	0	0.00000	0
462	V	1.00000	0	0.00000	0
463	D	1.00000	0	0.00000	0
464	C	1.00000	0	0.00000	0
465	E	1.00000	0	0.00000	0
466	E	1.00000	0	0.00000	0
467	N	1.00000	0	0.00000	0
468	R	1.00000	0	0.00000	0
469	E	1.00000	0	0.00000	0
470	D	1.00000	0	0.00000	0
471	P	1.00000	0	0.00000	0
472	F	1.00000	0	0.00000	0
473	D	1.00000	0	0.00000	0
474	R	1.00000	0	0.00000	0
475	M	1.00000	0	0.00000	0
476	S	1.00000	0	0.00000	0
477	Q	1.00000	0	0.00000	0
478	I	1.00000	0	0.00000	0
479	S	1.00000	0	0.00000	0
480	P	1.00000	0	0.00000	0
481	D	1.00000	0	0.00000	0
482	H	1.00000	0	0.00000	0
483	E	1.00000	0	0.00000	0
484	I	1.00000	0	0.00000	0
485	A	1.00000	0	0.00000	0
486	T	1.00000	0	0.00000	0
487	D	1.00000	0	0.00000	0
488	S	1.00000	0	0.00000	0
489	V	1.00000	0	0.00000	0
490	C	1.00000	0	0.00000	0
491	E	1.00000	0	0.00000	0
492	L	1.00000	0	0.00000	0
493	D	1.00000	0	0.00000	0
494	C	1.00000	0	0.00000	0
495	E	1.00000	0	0.00000	0
496	G	1.00000	0	0.00000	0
497	E	1.00000	0	0.00000	0
498	I	1.00000	0	0.00000	0
499	S	1.00000	0	0.00000	0
500	L	1.00000	0	0.00000	0
501	G	1.00000	0	0.00000	0
502	K	1.00000	0	0.00000	0
503	I	1.00000	0	0.00000	0
504	T	1.00000	0	0.00000	0
505	P	1.00000	0	0.00000	0
506	F	1.00000	0	0.00000	0
507	T	1.00000	0	0.00000	0
508	P	1.00000	0	0.00000	0
509	N	1.00000	0	0.00000	0
510	G	1.00000	0	0.00000	0
511	L	1.00000	0	0.00000	0
512	H	1.00000	0	0.00000	0
