# UNNAMED
#pos	aa	i	o	M	S
1	M	0.00000	0.97357	0.00000	0.02643
2	M	0.00000	0.97357	0.00000	0.02642
3	S	0.00000	0.97357	0.00000	0.02642
4	F	0.00000	0.97357	0.00000	0.02643
5	C	0.00000	0.97357	0.00000	0.02643
6	H	0.00000	0.97357	0.00000	0.02643
7	N	0.00000	0.97357	0.00000	0.02643
8	I	0.00000	0.97357	0.00000	0.02643
9	I	0.00000	0.97357	0.00000	0.02643
10	N	0.00000	0.97357	0.00000	0.02643
11	I	0.00000	0.97357	0.00000	0.02642
12	S	0.00000	0.97357	0.00000	0.02643
13	C	0.00000	0.97357	0.00000	0.02642
14	V	0.00000	0.97397	0.00000	0.02602
15	K	0.00000	0.97398	0.00000	0.02602
16	S	0.00000	0.97398	0.00000	0.02603
17	S	0.00000	0.98371	0.00000	0.01629
18	W	0.00000	0.98371	0.00000	0.01629
19	S	0.00000	0.98371	0.00000	0.01629
20	N	0.00000	0.99994	0.00000	6e-05
21	D	0.00000	0.99994	0.00000	6e-05
22	V	0.00000	0.99963	0.00032	6e-05
23	R	0.00000	0.99128	0.00866	6e-05
24	A	0.00000	0.82065	0.17930	6e-05
25	S	0.00000	0.70229	0.29772	0
26	L	0.00000	0.45198	0.54802	0
27	Y	0.00000	0.29474	0.70526	0
28	S	0.00000	0.27173	0.72827	0
29	L	0.00000	0.16965	0.83035	0
30	M	0.00000	0.10124	0.89876	0
31	V	0.00000	0.02534	0.97466	0
32	L	0.00000	0.00552	0.99448	0
33	I	0.00000	0.00011	0.99989	0
34	I	0.00000	0	1.00000	0
35	L	0.00000	0	1.00000	0
36	T	0.00000	0	1.00000	0
37	T	0.00000	0	1.00000	0
38	V	0.00000	0	1.00000	0
39	V	0.00000	0	1.00000	0
40	G	0.00000	0	1.00000	0
41	N	0.00000	0	1.00000	0
42	L	0.00000	0	1.00000	0
43	I	0.00000	0	1.00000	0
44	V	0.00000	0	1.00000	0
45	I	0.00001	0	0.99999	0
46	I	0.00116	0	0.99884	0
47	S	0.14341	0	0.85659	0
48	I	0.19804	0	0.80196	0
49	S	0.66950	0	0.33050	0
50	H	0.76447	0	0.23553	0
51	F	0.80863	0	0.19137	0
52	K	0.98603	0	0.01397	0
53	Q	0.99933	0	0.00067	0
54	L	0.99948	0	0.00052	0
55	H	1.00000	0	0.00000	0
56	T	1.00000	0	0.00000	0
57	P	1.00000	0	0.00000	0
58	T	0.99769	0	0.00231	0
59	N	0.43081	0	0.56919	0
60	W	0.31937	0	0.68063	0
61	L	0.00497	0	0.99503	0
62	I	0.00005	0	0.99995	0
63	H	0.00000	0	1.00000	0
64	S	0.00000	0	1.00000	0
65	M	0.00000	0	1.00000	0
66	A	0.00000	0	1.00000	0
67	T	0.00000	0	1.00000	0
68	V	0.00000	0	1.00000	0
69	D	0.00000	0	1.00000	0
70	F	0.00000	0	1.00000	0
71	L	0.00000	0	1.00000	0
72	L	0.00000	0	1.00000	0
73	G	0.00000	0	1.00000	0
74	C	0.00000	0	1.00000	0
75	L	0.00000	0	1.00000	0
76	V	0.00000	0	1.00000	0
77	M	0.00000	0	1.00000	0
78	P	0.00000	0.00017	0.99983	0
79	Y	0.00000	0.0007	0.99930	0
80	S	0.00000	0.15138	0.84862	0
81	M	0.00000	0.22106	0.77894	0
82	V	0.00000	0.51008	0.48992	0
83	R	0.00000	0.99987	0.00013	0
84	S	0.00000	0.99994	0.00006	0
85	V	0.00000	0.99994	0.00006	0
86	E	0.00000	1	0.00000	0
87	H	0.00000	1	0.00000	0
88	C	0.00000	1	0.00000	0
89	W	0.00000	1	0.00000	0
90	Y	0.00000	1	0.00000	0
91	F	0.00000	1	0.00000	0
92	G	0.00000	1	0.00000	0
93	E	0.00000	1	0.00000	0
94	V	0.00000	0.99998	0.00002	0
95	F	0.00000	0.99981	0.00019	0
96	C	0.00000	0.99978	0.00022	0
97	K	0.00000	0.99965	0.00035	0
98	I	0.00000	0.99568	0.00432	0
99	H	0.00000	0.7041	0.29590	0
100	T	0.00000	0.38773	0.61227	0
101	S	0.00000	0.1637	0.83630	0
102	T	0.00000	0.01079	0.98921	0
103	D	0.00000	0.00075	0.99925	0
104	I	0.00000	1e-05	0.99999	0
105	M	0.00000	0	1.00000	0
106	L	0.00000	0	1.00000	0
107	S	0.00000	0	1.00000	0
108	S	0.00000	0	1.00000	0
109	A	0.00000	0	1.00000	0
110	S	0.00000	0	1.00000	0
111	I	0.00000	0	1.00000	0
112	F	0.00000	0	1.00000	0
113	H	0.00000	0	1.00000	0
114	L	0.00000	0	1.00000	0
115	S	0.00000	0	1.00000	0
116	F	0.00001	0	0.99999	0
117	I	0.00002	0	0.99998	0
118	S	0.00006	0	0.99994	0
119	I	0.00011	0	0.99989	0
120	D	0.00072	0	0.99928	0
121	R	0.19564	0	0.80436	0
122	Y	0.94290	0	0.05710	0
123	Y	0.98693	0	0.01307	0
124	A	0.99881	0	0.00119	0
125	V	1.00000	0	0.00000	0
126	C	1.00000	0	0.00000	0
127	D	1.00000	0	0.00000	0
128	P	1.00000	0	0.00000	0
129	L	1.00000	0	0.00000	0
130	R	1.00000	0	0.00000	0
131	Y	1.00000	0	0.00000	0
132	K	1.00000	0	0.00000	0
133	T	1.00000	0	0.00000	0
134	K	0.99979	0	0.00021	0
135	I	0.87506	0	0.12494	0
136	N	0.84465	0	0.15535	0
137	I	0.24130	0	0.75870	0
138	L	0.07505	0	0.92495	0
139	V	0.01238	0	0.98762	0
140	I	0.00158	0	0.99842	0
141	F	0.00012	0	0.99988	0
142	V	0.00001	0	0.99999	0
143	M	0.00000	0	1.00000	0
144	I	0.00000	0	1.00000	0
145	F	0.00000	0	1.00000	0
146	I	0.00000	0	1.00000	0
147	S	0.00000	0	1.00000	0
148	W	0.00000	0	1.00000	0
149	S	0.00000	0	1.00000	0
150	I	0.00000	0	1.00000	0
151	P	0.00000	0	1.00000	0
152	A	0.00000	0	1.00000	0
153	L	0.00000	0	1.00000	0
154	F	0.00000	1e-05	0.99999	0
155	A	0.00000	0.0009	0.99910	0
156	F	0.00000	0.00847	0.99153	0
157	G	0.00000	0.12194	0.87806	0
158	M	0.00000	0.14916	0.85084	0
159	I	0.00000	0.27746	0.72254	0
160	F	0.00000	0.49403	0.50597	0
161	L	0.00000	0.73834	0.26166	0
162	E	0.00000	0.9947	0.00530	0
163	L	0.00000	0.99826	0.00174	0
164	N	0.00000	0.99994	0.00006	0
165	F	0.00000	0.99998	0.00002	0
166	K	0.00000	1	0.00000	0
167	G	0.00000	1	0.00000	0
168	A	0.00000	1	0.00000	0
169	E	0.00000	1	0.00000	0
170	E	0.00000	1	0.00000	0
171	M	0.00000	1	0.00000	0
172	Y	0.00000	1	0.00000	0
173	Y	0.00000	1	0.00000	0
174	K	0.00000	1	0.00000	0
175	H	0.00000	1	0.00000	0
176	I	0.00000	1	0.00000	0
177	H	0.00000	1	0.00000	0
178	C	0.00000	1	0.00000	0
179	T	0.00000	1	0.00000	0
180	G	0.00000	1	0.00000	0
181	S	0.00000	1	0.00000	0
182	C	0.00000	1	0.00000	0
183	S	0.00000	0.99407	0.00593	0
184	V	0.00000	0.99389	0.00611	0
185	F	0.00000	0.99303	0.00697	0
186	F	0.00000	0.99266	0.00734	0
187	S	0.00000	0.99265	0.00735	0
188	K	0.00000	0.99265	0.00735	0
189	T	0.00000	0.98899	0.01101	0
190	S	0.00000	0.98198	0.01802	0
191	G	0.00000	0.96941	0.03059	0
192	V	0.00000	0.59026	0.40974	0
193	L	0.00000	0.00701	0.99299	0
194	A	0.00000	0.0038	0.99620	0
195	F	0.00000	4e-05	0.99996	0
196	L	0.00000	1e-05	0.99999	0
197	T	0.00000	0	1.00000	0
198	S	0.00000	0	1.00000	0
199	F	0.00000	0	1.00000	0
200	Y	0.00000	0	1.00000	0
201	I	0.00000	0	1.00000	0
202	P	0.00000	0	1.00000	0
203	G	0.00000	0	1.00000	0
204	S	0.00000	0	1.00000	0
205	I	0.00000	0	1.00000	0
206	M	0.00000	0	1.00000	0
207	I	0.00000	0	1.00000	0
208	C	0.00002	0	0.99998	0
209	I	0.00014	0	0.99986	0
210	Y	0.00112	0	0.99888	0
211	C	0.00339	0	0.99661	0
212	R	0.00755	0	0.99245	0
213	I	0.00767	0	0.99233	0
214	Y	0.00927	0	0.99073	0
215	F	0.03596	0	0.96404	0
216	I	0.13633	0	0.86367	0
217	A	0.98922	0	0.01078	0
218	K	0.99973	0	0.00027	0
219	G	0.99998	0	0.00002	0
220	Q	1.00000	0	0.00000	0
221	A	1.00000	0	0.00000	0
222	R	1.00000	0	0.00000	0
223	S	1.00000	0	0.00000	0
224	I	1.00000	0	0.00000	0
225	H	1.00000	0	0.00000	0
226	D	1.00000	0	0.00000	0
227	A	1.00000	0	0.00000	0
228	N	1.00000	0	0.00000	0
229	Q	1.00000	0	0.00000	0
230	K	1.00000	0	0.00000	0
231	F	1.00000	0	0.00000	0
232	R	1.00000	0	0.00000	0
233	I	1.00000	0	0.00000	0
234	G	1.00000	0	0.00000	0
235	L	1.00000	0	0.00000	0
236	E	1.00000	0	0.00000	0
237	E	1.00000	0	0.00000	0
238	K	1.00000	0	0.00000	0
239	N	1.00000	0	0.00000	0
240	G	1.00000	0	0.00000	0
241	I	1.00000	0	0.00000	0
242	S	1.00000	0	0.00000	0
243	R	1.00000	0	0.00000	0
244	S	1.00000	0	0.00000	0
245	K	1.00000	0	0.00000	0
246	E	1.00000	0	0.00000	0
247	R	0.99403	0	0.00597	0
248	K	0.99343	0	0.00657	0
249	A	0.60014	0	0.39986	0
250	T	0.56402	0	0.43598	0
251	K	0.51805	0	0.48195	0
252	T	0.41036	0	0.58964	0
253	L	0.00648	0	0.99352	0
254	G	0.00086	0	0.99914	0
255	T	0.00035	0	0.99965	0
256	V	0.00019	0	0.99981	0
257	M	0.00002	0	0.99998	0
258	G	0.00000	0	1.00000	0
259	V	0.00000	0	1.00000	0
260	F	0.00000	0	1.00000	0
261	F	0.00000	0	1.00000	0
262	T	0.00000	0	1.00000	0
263	C	0.00000	0	1.00000	0
264	W	0.00000	0	1.00000	0
265	C	0.00000	0	1.00000	0
266	P	0.00000	0	1.00000	0
267	F	0.00000	0	1.00000	0
268	F	0.00000	0	1.00000	0
269	V	0.00000	0.00046	0.99954	0
270	C	0.00000	0.00537	0.99463	0
271	T	0.00000	0.01786	0.98214	0
272	V	0.00000	0.04291	0.95709	0
273	M	0.00000	0.12507	0.87493	0
274	D	0.00000	0.74885	0.25115	0
275	P	0.00000	0.75134	0.24866	0
276	F	0.00000	0.76017	0.23983	0
277	L	0.00000	0.80488	0.19512	0
278	D	0.00000	0.99862	0.00138	0
279	Y	0.00000	0.99882	0.00118	0
280	T	0.00000	0.99925	0.00075	0
281	I	0.00000	0.99952	0.00048	0
282	P	0.00000	0.99992	0.00008	0
283	P	0.00000	0.99996	0.00004	0
284	I	0.00000	0.99989	0.00011	0
285	L	0.00000	0.99979	0.00021	0
286	N	0.00000	0.99974	0.00026	0
287	D	0.00000	0.97556	0.02444	0
288	A	0.00000	0.11	0.89000	0
289	L	0.00000	0.03216	0.96784	0
290	I	0.00000	0.00887	0.99113	0
291	W	0.00000	0.00077	0.99923	0
292	F	0.00000	0	1.00000	0
293	G	0.00000	0	1.00000	0
294	Y	0.00000	0	1.00000	0
295	L	0.00000	0	1.00000	0
296	N	0.00000	0	1.00000	0
297	S	0.00000	0	1.00000	0
298	T	0.00000	0	1.00000	0
299	L	0.00000	0	1.00000	0
300	N	0.00000	0	1.00000	0
301	P	0.00000	0	1.00000	0
302	M	0.00000	0	1.00000	0
303	V	0.00000	0	1.00000	0
304	Y	0.00000	0	1.00000	0
305	A	0.00000	0	1.00000	0
306	F	0.00001	0	0.99999	0
307	F	0.00047	0	0.99953	0
308	Y	0.01454	0	0.98546	0
309	P	0.10331	0	0.89669	0
310	W	0.18641	0	0.81359	0
311	F	0.40460	0	0.59540	0
312	R	1.00000	0	0.00000	0
313	R	1.00000	0	0.00000	0
314	A	1.00000	0	0.00000	0
315	L	1.00000	0	0.00000	0
316	K	1.00000	0	0.00000	0
317	M	1.00000	0	0.00000	0
318	I	1.00000	0	0.00000	0
319	L	1.00000	0	0.00000	0
320	F	1.00000	0	0.00000	0
321	G	1.00000	0	0.00000	0
322	K	1.00000	0	0.00000	0
323	I	1.00000	0	0.00000	0
324	F	1.00000	0	0.00000	0
325	Q	1.00000	0	0.00000	0
326	K	1.00000	0	0.00000	0
327	D	1.00000	0	0.00000	0
328	S	1.00000	0	0.00000	0
329	S	1.00000	0	0.00000	0
330	R	1.00000	0	0.00000	0
331	C	1.00000	0	0.00000	0
332	K	1.00000	0	0.00000	0
333	L	1.00000	0	0.00000	0
334	F	1.00000	0	0.00000	0
335	L	1.00000	0	0.00000	0
336	E	1.00000	0	0.00000	0
337	L	1.00000	0	0.00000	0
338	N	1.00000	0	0.00000	0
339	P	1.00000	0	0.00000	0
