# UNNAMED
#pos	aa	i	o	M	S
1	M	0.00000	1	0.00000	0
2	L	0.00000	1	0.00000	0
3	D	0.00000	1	0.00000	0
4	A	0.00000	1	0.00000	0
5	N	0.00000	1	0.00000	0
6	G	0.00000	1	0.00000	0
7	T	0.00000	1	0.00000	0
8	G	0.00000	1	0.00000	0
9	S	0.00000	1	0.00000	0
10	L	0.00000	1	0.00000	0
11	P	0.00000	0.99997	0.00003	0
12	L	0.00000	0.9997	0.00030	0
13	A	0.00000	0.99823	0.00177	0
14	A	0.00000	0.9965	0.00350	0
15	K	0.00000	0.99417	0.00583	0
16	V	0.00000	0.6656	0.33440	0
17	P	0.00000	0.5381	0.46190	0
18	L	0.00000	0.19696	0.80304	0
19	A	0.00000	0.08992	0.91008	0
20	F	0.00000	0.02608	0.97392	0
21	L	0.00000	0.01643	0.98357	0
22	M	0.00000	0.01331	0.98669	0
23	S	0.00000	0.00554	0.99446	0
24	L	0.00000	0.00051	0.99949	0
25	L	0.00000	1e-05	0.99999	0
26	A	0.00000	0	1.00000	0
27	F	0.00000	0	1.00000	0
28	A	0.00000	0	1.00000	0
29	I	0.00000	0	1.00000	0
30	I	0.00000	0	1.00000	0
31	L	0.00000	0	1.00000	0
32	G	0.00000	0	1.00000	0
33	N	0.00000	0	1.00000	0
34	A	0.00000	0	1.00000	0
35	V	0.00000	0	1.00000	0
36	V	0.00000	0	1.00000	0
37	I	0.00000	0	1.00000	0
38	L	0.00015	0	0.99985	0
39	A	0.00607	0	0.99393	0
40	F	0.02569	0	0.97431	0
41	V	0.17025	0	0.82975	0
42	V	0.52270	0	0.47730	0
43	D	0.99639	0	0.00361	0
44	K	0.99993	0	0.00007	0
45	D	1.00000	0	0.00000	0
46	L	1.00000	0	0.00000	0
47	R	1.00000	0	0.00000	0
48	H	0.99924	0	0.00076	0
49	R	0.99905	0	0.00095	0
50	S	0.97699	0	0.02301	0
51	N	0.80831	0	0.19169	0
52	Y	0.24876	0	0.75124	0
53	F	0.00207	0	0.99793	0
54	F	0.00014	0	0.99986	0
55	L	0.00000	0	1.00000	0
56	N	0.00000	0	1.00000	0
57	L	0.00000	0	1.00000	0
58	A	0.00000	0	1.00000	0
59	I	0.00000	0	1.00000	0
60	S	0.00000	0	1.00000	0
61	D	0.00000	0	1.00000	0
62	F	0.00000	0	1.00000	0
63	F	0.00000	0	1.00000	0
64	I	0.00000	0	1.00000	0
65	V	0.00000	0	1.00000	0
66	S	0.00000	4e-05	0.99996	0
67	D	0.00000	0.00082	0.99918	0
68	S	0.00000	0.00221	0.99779	0
69	W	0.00000	0.00673	0.99327	0
70	K	0.00000	0.06775	0.93225	0
71	N	0.00000	0.13768	0.86232	0
72	K	0.00000	0.21739	0.78261	0
73	T	0.00000	0.45884	0.54116	0
74	S	0.00000	0.99301	0.00699	0
75	T	0.00000	0.99991	0.00009	0
76	K	0.00000	0.99999	0.00001	0
77	E	0.00000	1	0.00000	0
78	C	0.00000	1	0.00000	0
79	E	0.00000	1	0.00000	0
80	P	0.00000	0.99999	0.00001	0
81	G	0.00000	0.99999	0.00001	0
82	F	0.00000	0.99999	0.00001	0
83	V	0.00000	0.99999	0.00001	0
84	T	0.00000	0.99999	0.00001	0
85	E	0.00000	0.99999	0.00001	0
86	W	0.00000	0.7312	0.26880	0
87	Y	0.00000	0.06649	0.93351	0
88	I	0.00000	0.00114	0.99886	0
89	L	0.00000	8e-05	0.99992	0
90	A	0.00000	0	1.00000	0
91	I	0.00000	0	1.00000	0
92	T	0.00000	0	1.00000	0
93	S	0.00000	0	1.00000	0
94	L	0.00000	0	1.00000	0
95	C	0.00000	0	1.00000	0
96	E	0.00000	0	1.00000	0
97	F	0.00000	0	1.00000	0
98	L	0.00000	0	1.00000	0
99	V	0.00000	0	1.00000	0
100	P	0.00000	0	1.00000	0
101	I	0.00000	0	1.00000	0
102	I	0.00000	0	1.00000	0
103	S	0.00000	0	1.00000	0
104	V	0.00000	0	1.00000	0
105	A	0.00000	0	1.00000	0
106	Y	0.00376	0	0.99624	0
107	F	0.10368	0	0.89632	0
108	N	0.83734	0	0.16266	0
109	V	0.94624	0	0.05376	0
110	R	0.97309	0	0.02691	0
111	I	0.99984	0	0.00016	0
112	Y	0.99997	0	0.00003	0
113	W	0.99999	0	0.00001	0
114	S	1.00000	0	0.00000	0
115	L	1.00000	0	0.00000	0
116	W	1.00000	0	0.00000	0
117	K	1.00000	0	0.00000	0
118	R	1.00000	0	0.00000	0
119	G	0.99999	0	0.00001	0
120	S	0.99982	0	0.00018	0
121	L	0.99486	0	0.00514	0
122	S	0.99409	0	0.00591	0
123	R	0.88295	0	0.11705	0
124	C	0.01270	0	0.98730	0
125	L	0.00777	0	0.99223	0
126	S	0.00733	0	0.99267	0
127	R	0.00539	0	0.99461	0
128	A	0.00014	0	0.99986	0
129	E	0.00010	0	0.99990	0
130	F	0.00000	0	1.00000	0
131	I	0.00000	0	1.00000	0
132	S	0.00000	0	1.00000	0
133	T	0.00000	0	1.00000	0
134	S	0.00000	0	1.00000	0
135	S	0.00000	0	1.00000	0
136	S	0.00000	0	1.00000	0
137	D	0.00000	0	1.00000	0
138	S	0.00000	0	1.00000	0
139	G	0.00000	1e-05	0.99999	0
140	H	0.00000	4e-05	0.99996	0
141	L	0.00000	0.00019	0.99981	0
142	P	0.00000	0.00674	0.99326	0
143	R	0.00000	0.11303	0.88697	0
144	A	0.00000	0.17367	0.82633	0
145	R	0.00000	0.96662	0.03338	0
146	M	0.00000	0.96982	0.03018	0
147	A	0.00000	0.9789	0.02110	0
148	S	0.00000	0.99959	0.00041	0
149	R	0.00000	0.99997	0.00003	0
150	T	0.00000	1	0.00000	0
151	S	0.00000	1	0.00000	0
152	L	0.00000	1	0.00000	0
153	P	0.00000	1	0.00000	0
154	T	0.00000	1	0.00000	0
155	S	0.00000	1	0.00000	0
156	K	0.00000	1	0.00000	0
157	E	0.00000	1	0.00000	0
158	V	0.00000	1	0.00000	0
159	A	0.00000	1	0.00000	0
160	T	0.00000	1	0.00000	0
161	S	0.00000	1	0.00000	0
162	L	0.00000	1	0.00000	0
163	H	0.00000	1	0.00000	0
164	S	0.00000	0.99999	0.00001	0
165	E	0.00000	0.99991	0.00009	0
166	S	0.00000	0.99984	0.00016	0
167	A	0.00000	0.99975	0.00025	0
168	Q	0.00000	0.99975	0.00025	0
169	R	0.00000	0.99975	0.00025	0
170	K	0.00000	0.99883	0.00117	0
171	S	0.00000	0.89875	0.10125	0
172	S	0.00000	0.89652	0.10348	0
173	V	0.00000	0.00441	0.99559	0
174	L	0.00000	0.00281	0.99719	0
175	M	0.00000	0.00082	0.99918	0
176	S	0.00000	0.00072	0.99928	0
177	I	0.00000	0.00025	0.99975	0
178	R	0.00000	0.00021	0.99979	0
179	T	0.00000	2e-05	0.99998	0
180	H	0.00000	1e-05	0.99999	0
181	M	0.00000	1e-05	0.99999	0
182	N	0.00000	1e-05	0.99999	0
183	S	0.00000	1e-05	0.99999	0
184	S	0.00000	0	1.00000	0
185	I	0.00000	0	1.00000	0
186	A	0.00000	0	1.00000	0
187	A	0.00001	0	0.99999	0
188	F	0.00001	0	0.99999	0
189	K	0.00011	0	0.99989	0
190	V	0.00013	0	0.99987	0
191	G	0.00036	0	0.99964	0
192	S	0.00262	0	0.99738	0
193	F	0.00852	0	0.99148	0
194	S	0.84716	0	0.15284	0
195	R	0.96460	0	0.03540	0
196	S	0.98313	0	0.01687	0
197	E	0.99659	0	0.00341	0
198	S	0.99772	0	0.00228	0
199	L	0.99792	0	0.00208	0
200	A	0.99966	0	0.00034	0
201	L	0.99968	0	0.00032	0
202	H	0.99991	0	0.00009	0
203	Q	0.99999	0	0.00001	0
204	R	1.00000	0	0.00000	0
205	E	1.00000	0	0.00000	0
206	H	1.00000	0	0.00000	0
207	M	1.00000	0	0.00000	0
208	E	1.00000	0	0.00000	0
209	L	1.00000	0	0.00000	0
210	L	1.00000	0	0.00000	0
211	R	1.00000	0	0.00000	0
212	G	0.99989	0	0.00011	0
213	R	0.99092	0	0.00908	0
214	K	0.99068	0	0.00932	0
215	L	0.94658	0	0.05342	0
216	A	0.94450	0	0.05550	0
217	R	0.94368	0	0.05632	0
218	S	0.93899	0	0.06101	0
219	L	0.22919	0	0.77081	0
220	A	0.04203	0	0.95797	0
221	I	0.02876	0	0.97124	0
222	L	0.00047	0	0.99953	0
223	L	0.00005	0	0.99995	0
224	A	0.00000	0	1.00000	0
225	A	0.00000	0	1.00000	0
226	F	0.00000	0	1.00000	0
227	G	0.00000	0	1.00000	0
228	M	0.00000	0	1.00000	0
229	C	0.00000	0	1.00000	0
230	W	0.00000	0	1.00000	0
231	A	0.00000	0	1.00000	0
232	P	0.00000	0	1.00000	0
233	Y	0.00000	0	1.00000	0
234	C	0.00000	0	1.00000	0
235	L	0.00000	1e-05	0.99999	0
236	F	0.00000	7e-05	0.99993	0
237	T	0.00000	0.0004	0.99960	0
238	I	0.00000	0.00091	0.99909	0
239	V	0.00000	0.00164	0.99836	0
240	L	0.00000	0.03667	0.96333	0
241	S	0.00000	0.34807	0.65193	0
242	T	0.00000	0.56765	0.43235	0
243	Y	0.00000	0.72791	0.27209	0
244	P	0.00000	0.93339	0.06661	0
245	R	0.00000	0.99703	0.00297	0
246	G	0.00000	0.99936	0.00064	0
247	K	0.00000	1	0.00000	0
248	R	0.00000	1	0.00000	0
249	P	0.00000	1	0.00000	0
250	K	0.00000	0.99994	0.00006	0
251	S	0.00000	0.99931	0.00069	0
252	V	0.00000	0.99056	0.00944	0
253	W	0.00000	0.98797	0.01203	0
254	Y	0.00000	0.9868	0.01320	0
255	N	0.00000	0.79968	0.20032	0
256	I	0.00000	0.387	0.61300	0
257	A	0.00000	0.34381	0.65619	0
258	F	0.00000	0.00182	0.99818	0
259	W	0.00000	0	1.00000	0
260	L	0.00000	0	1.00000	0
261	Q	0.00000	0	1.00000	0
262	W	0.00000	0	1.00000	0
263	F	0.00000	0	1.00000	0
264	N	0.00000	0	1.00000	0
265	S	0.00000	0	1.00000	0
266	F	0.00000	0	1.00000	0
267	V	0.00000	0	1.00000	0
268	N	0.00000	0	1.00000	0
269	P	0.00000	0	1.00000	0
270	F	0.00000	0	1.00000	0
271	L	0.00000	0	1.00000	0
272	Y	0.00001	0	0.99999	0
273	P	0.00008	0	0.99992	0
274	L	0.00150	0	0.99850	0
275	C	0.02579	0	0.97421	0
276	H	0.17449	0	0.82551	0
277	K	1.00000	0	0.00000	0
278	R	1.00000	0	0.00000	0
279	F	1.00000	0	0.00000	0
280	Q	1.00000	0	0.00000	0
281	K	1.00000	0	0.00000	0
282	A	1.00000	0	0.00000	0
283	F	1.00000	0	0.00000	0
284	W	1.00000	0	0.00000	0
285	K	1.00000	0	0.00000	0
286	M	1.00000	0	0.00000	0
287	F	1.00000	0	0.00000	0
288	C	1.00000	0	0.00000	0
289	V	1.00000	0	0.00000	0
290	K	1.00000	0	0.00000	0
291	K	1.00000	0	0.00000	0
292	Q	1.00000	0	0.00000	0
293	P	1.00000	0	0.00000	0
294	A	1.00000	0	0.00000	0
295	P	1.00000	0	0.00000	0
296	S	1.00000	0	0.00000	0
297	Q	1.00000	0	0.00000	0
298	N	1.00000	0	0.00000	0
299	Q	1.00000	0	0.00000	0
300	S	1.00000	0	0.00000	0
301	I	1.00000	0	0.00000	0
302	S	1.00000	0	0.00000	0
303	S	1.00000	0	0.00000	0
