# UNNAMED
#pos	aa	i	o	M	S
1	M	0.00000	0.34259	0.00000	0.65741
2	M	0.00000	0.34259	0.00000	0.65741
3	F	0.00000	0.34259	0.00000	0.65741
4	F	0.00000	0.34259	0.00000	0.65741
5	R	0.00000	0.34259	0.00000	0.65741
6	G	0.00000	0.34259	0.00000	0.65741
7	G	0.00000	0.34259	0.00000	0.65741
8	L	0.00000	0.34259	0.00000	0.65741
9	L	0.00000	0.34259	0.00000	0.65741
10	E	0.00000	0.34259	0.00000	0.65741
11	P	0.00000	0.34259	0.00000	0.65741
12	V	0.00000	0.34259	0.00000	0.65741
13	R	0.00000	0.34259	0.00000	0.65741
14	S	0.00000	0.34259	0.00000	0.65741
15	Q	0.00000	1	0.00000	0
16	M	0.00000	1	0.00000	0
17	P	0.00000	1	0.00000	0
18	P	0.00000	1	0.00000	0
19	Y	0.00000	1	0.00000	0
20	E	0.00000	1	0.00000	0
21	E	0.00000	1	0.00000	0
22	D	0.00000	1	0.00000	0
23	W	0.00000	1	0.00000	0
24	K	0.00000	1	0.00000	0
25	C	0.00000	1	0.00000	0
26	S	0.00000	1	0.00000	0
27	S	0.00000	1	0.00000	0
28	D	0.00000	1	0.00000	0
29	P	0.00000	1	0.00000	0
30	L	0.00000	1	0.00000	0
31	G	0.00000	1	0.00000	0
32	V	0.00000	1	0.00000	0
33	D	0.00000	1	0.00000	0
34	G	0.00000	1	0.00000	0
35	E	0.00000	1	0.00000	0
36	L	0.00000	1	0.00000	0
37	Q	0.00000	1	0.00000	0
38	W	0.00000	1	0.00000	0
39	H	0.00000	1	0.00000	0
40	L	0.00000	1	0.00000	0
41	V	0.00000	1	0.00000	0
42	D	0.00000	1	0.00000	0
43	K	0.00000	1	0.00000	0
44	H	0.00000	1	0.00000	0
45	S	0.00000	1	0.00000	0
46	H	0.00000	1	0.00000	0
47	D	0.00000	1	0.00000	0
48	S	0.00000	0.82103	0.17897	0
49	A	0.00000	0.31879	0.68121	0
50	S	0.00000	0.14673	0.85327	0
51	S	0.00000	0.03202	0.96798	0
52	I	0.00000	0.00013	0.99987	0
53	I	0.00000	0	1.00000	0
54	T	0.00000	0	1.00000	0
55	I	0.00000	0	1.00000	0
56	I	0.00000	0	1.00000	0
57	G	0.00000	0	1.00000	0
58	N	0.00000	0	1.00000	0
59	L	0.00000	0	1.00000	0
60	L	0.00000	0	1.00000	0
61	V	0.00000	0	1.00000	0
62	I	0.00000	0	1.00000	0
63	I	0.00000	0	1.00000	0
64	T	0.00000	0	1.00000	0
65	V	0.00000	0	1.00000	0
66	V	0.00055	0	0.99945	0
67	H	0.02847	0	0.97153	0
68	F	0.09708	0	0.90292	0
69	R	0.86171	0	0.13829	0
70	Q	0.98342	0	0.01658	0
71	L	0.98882	0	0.01118	0
72	H	0.99989	0	0.00011	0
73	T	1.00000	0	0.00000	0
74	P	1.00000	0	0.00000	0
75	T	0.97860	0	0.02140	0
76	N	0.37317	0	0.62683	0
77	Y	0.17698	0	0.82302	0
78	L	0.00430	0	0.99570	0
79	I	0.00012	0	0.99988	0
80	L	0.00000	0	1.00000	0
81	S	0.00000	0	1.00000	0
82	L	0.00000	0	1.00000	0
83	A	0.00000	0	1.00000	0
84	V	0.00000	0	1.00000	0
85	A	0.00000	0	1.00000	0
86	D	0.00000	0	1.00000	0
87	L	0.00000	0	1.00000	0
88	L	0.00000	0	1.00000	0
89	V	0.00000	0	1.00000	0
90	G	0.00000	0	1.00000	0
91	G	0.00000	0	1.00000	0
92	V	0.00000	0	1.00000	0
93	V	0.00000	1e-05	0.99999	0
94	M	0.00000	0.00106	0.99894	0
95	P	0.00000	0.04015	0.95985	0
96	P	0.00000	0.16302	0.83698	0
97	S	0.00000	0.38072	0.61928	0
98	M	0.00000	0.43067	0.56933	0
99	L	0.00000	0.63511	0.36489	0
100	R	0.00000	0.99995	0.00005	0
101	S	0.00000	1	0.00000	0
102	I	0.00000	1	0.00000	0
103	E	0.00000	1	0.00000	0
104	T	0.00000	1	0.00000	0
105	C	0.00000	1	0.00000	0
106	W	0.00000	1	0.00000	0
107	Y	0.00000	1	0.00000	0
108	L	0.00000	1	0.00000	0
109	G	0.00000	1	0.00000	0
110	D	0.00000	1	0.00000	0
111	L	0.00000	1	0.00000	0
112	F	0.00000	0.99995	0.00005	0
113	C	0.00000	0.99994	0.00006	0
114	K	0.00000	0.99991	0.00009	0
115	I	0.00000	0.9979	0.00210	0
116	H	0.00000	0.83165	0.16835	0
117	S	0.00000	0.54666	0.45334	0
118	S	0.00000	0.31043	0.68957	0
119	L	0.00000	0.00288	0.99712	0
120	D	0.00000	0.00072	0.99928	0
121	V	0.00000	1e-05	0.99999	0
122	T	0.00000	0	1.00000	0
123	L	0.00000	0	1.00000	0
124	C	0.00000	0	1.00000	0
125	T	0.00000	0	1.00000	0
126	A	0.00000	0	1.00000	0
127	S	0.00000	0	1.00000	0
128	I	0.00000	0	1.00000	0
129	L	0.00000	0	1.00000	0
130	N	0.00000	0	1.00000	0
131	L	0.00000	0	1.00000	0
132	C	0.00000	0	1.00000	0
133	I	0.00000	0	1.00000	0
134	I	0.00000	0	1.00000	0
135	S	0.00000	0	1.00000	0
136	L	0.00000	0	1.00000	0
137	D	0.00004	0	0.99996	0
138	R	0.06749	0	0.93251	0
139	Y	0.44201	0	0.55799	0
140	Y	0.79496	0	0.20504	0
141	A	0.96747	0	0.03253	0
142	I	0.99999	0	0.00001	0
143	C	1.00000	0	0.00000	0
144	H	1.00000	0	0.00000	0
145	P	1.00000	0	0.00000	0
146	F	1.00000	0	0.00000	0
147	Q	1.00000	0	0.00000	0
148	Y	1.00000	0	0.00000	0
149	H	1.00000	0	0.00000	0
150	S	1.00000	0	0.00000	0
151	K	1.00000	0	0.00000	0
152	M	0.99984	0	0.00016	0
153	T	0.99926	0	0.00074	0
154	S	0.98755	0	0.01245	0
155	L	0.73444	0	0.26556	0
156	A	0.53210	0	0.46790	0
157	T	0.36452	0	0.63548	0
158	L	0.02819	0	0.97181	0
159	V	0.00250	0	0.99750	0
160	M	0.00126	0	0.99874	0
161	I	0.00003	0	0.99997	0
162	I	0.00000	0	1.00000	0
163	I	0.00000	0	1.00000	0
164	C	0.00000	0	1.00000	0
165	W	0.00000	0	1.00000	0
166	T	0.00000	0	1.00000	0
167	V	0.00000	0	1.00000	0
168	S	0.00000	0	1.00000	0
169	A	0.00000	0	1.00000	0
170	V	0.00000	0	1.00000	0
171	L	0.00000	0	1.00000	0
172	G	0.00000	1e-05	0.99999	0
173	F	0.00000	3e-05	0.99997	0
174	G	0.00000	0.00049	0.99951	0
175	M	0.00000	0.00089	0.99911	0
176	I	0.00000	0.00717	0.99283	0
177	F	0.00000	0.03128	0.96872	0
178	M	0.00000	0.21899	0.78101	0
179	E	0.00000	0.92662	0.07338	0
180	L	0.00000	0.95703	0.04297	0
181	N	0.00000	0.99543	0.00457	0
182	I	0.00000	0.99729	0.00271	0
183	L	0.00000	0.9989	0.00110	0
184	G	0.00000	0.99994	0.00006	0
185	V	0.00000	0.99998	0.00002	0
186	E	0.00000	1	0.00000	0
187	D	0.00000	1	0.00000	0
188	F	0.00000	1	0.00000	0
189	Y	0.00000	1	0.00000	0
190	Y	0.00000	1	0.00000	0
191	E	0.00000	1	0.00000	0
192	N	0.00000	1	0.00000	0
193	I	0.00000	1	0.00000	0
194	K	0.00000	1	0.00000	0
195	C	0.00000	1	0.00000	0
196	D	0.00000	1	0.00000	0
197	G	0.00000	1	0.00000	0
198	G	0.00000	1	0.00000	0
199	C	0.00000	1	0.00000	0
200	T	0.00000	0.99641	0.00359	0
201	L	0.00000	0.99631	0.00369	0
202	F	0.00000	0.9963	0.00370	0
203	Q	0.00000	0.99629	0.00371	0
204	S	0.00000	0.99623	0.00377	0
205	K	0.00000	0.99577	0.00423	0
206	T	0.00000	0.90433	0.09567	0
207	I	0.00000	0.00693	0.99307	0
208	A	0.00000	0.00252	0.99748	0
209	I	0.00000	0.00085	0.99915	0
210	V	0.00000	0	1.00000	0
211	Y	0.00000	0	1.00000	0
212	S	0.00000	0	1.00000	0
213	L	0.00000	0	1.00000	0
214	I	0.00000	0	1.00000	0
215	C	0.00000	0	1.00000	0
216	F	0.00000	0	1.00000	0
217	Y	0.00000	0	1.00000	0
218	I	0.00000	0	1.00000	0
219	P	0.00000	0	1.00000	0
220	A	0.00000	0	1.00000	0
221	L	0.00000	0	1.00000	0
222	V	0.00000	0	1.00000	0
223	I	0.00000	0	1.00000	0
224	L	0.00000	0	1.00000	0
225	C	0.00011	0	0.99989	0
226	V	0.00039	0	0.99961	0
227	Y	0.00107	0	0.99893	0
228	L	0.00939	0	0.99061	0
229	K	0.15290	0	0.84710	0
230	I	0.17067	0	0.82933	0
231	L	0.34598	0	0.65402	0
232	H	0.96596	0	0.03404	0
233	E	0.99953	0	0.00047	0
234	A	0.99998	0	0.00002	0
235	Q	1.00000	0	0.00000	0
236	R	1.00000	0	0.00000	0
237	Q	1.00000	0	0.00000	0
238	V	1.00000	0	0.00000	0
239	Q	1.00000	0	0.00000	0
240	A	1.00000	0	0.00000	0
241	I	1.00000	0	0.00000	0
242	Q	1.00000	0	0.00000	0
243	S	1.00000	0	0.00000	0
244	V	1.00000	0	0.00000	0
245	N	1.00000	0	0.00000	0
246	S	1.00000	0	0.00000	0
247	E	1.00000	0	0.00000	0
248	L	1.00000	0	0.00000	0
249	K	1.00000	0	0.00000	0
250	K	1.00000	0	0.00000	0
251	E	1.00000	0	0.00000	0
252	G	0.99980	0	0.00020	0
253	K	0.99979	0	0.00021	0
254	A	0.99907	0	0.00093	0
255	N	0.99901	0	0.00099	0
256	K	0.99275	0	0.00725	0
257	T	0.97909	0	0.02091	0
258	L	0.01818	0	0.98182	0
259	A	0.00104	0	0.99896	0
260	I	0.00036	0	0.99964	0
261	I	0.00034	0	0.99966	0
262	I	0.00004	0	0.99996	0
263	G	0.00004	0	0.99996	0
264	V	0.00001	0	0.99999	0
265	F	0.00000	0	1.00000	0
266	L	0.00000	0	1.00000	0
267	T	0.00000	0	1.00000	0
268	L	0.00000	0	1.00000	0
269	W	0.00000	0	1.00000	0
270	V	0.00000	0	1.00000	0
271	P	0.00000	0	1.00000	0
272	F	0.00000	0	1.00000	0
273	F	0.00000	0	1.00000	0
274	L	0.00000	3e-05	0.99997	0
275	C	0.00000	0.00037	0.99963	0
276	N	0.00000	0.00056	0.99944	0
277	L	0.00000	0.00134	0.99866	0
278	I	0.00000	0.03441	0.96559	0
279	D	0.00000	0.51192	0.48808	0
280	P	0.00000	0.51458	0.48542	0
281	F	0.00000	0.5266	0.47340	0
282	I	0.00000	0.58373	0.41627	0
283	G	0.00000	0.75161	0.24839	0
284	Y	0.00000	0.79319	0.20681	0
285	S	0.00000	0.8866	0.11340	0
286	V	0.00000	0.93621	0.06379	0
287	P	0.00000	0.98913	0.01087	0
288	P	0.00000	0.99649	0.00351	0
289	L	0.00000	0.99465	0.00535	0
290	L	0.00000	0.99374	0.00626	0
291	F	0.00000	0.99386	0.00614	0
292	D	0.00000	0.95906	0.04094	0
293	L	0.00000	0.03516	0.96484	0
294	F	0.00000	0.01443	0.98557	0
295	Y	0.00000	0.00776	0.99224	0
296	W	0.00000	0.00057	0.99943	0
297	I	0.00000	0	1.00000	0
298	G	0.00000	0	1.00000	0
299	Y	0.00000	0	1.00000	0
300	Y	0.00000	0	1.00000	0
301	N	0.00000	0	1.00000	0
302	S	0.00000	0	1.00000	0
303	T	0.00000	0	1.00000	0
304	C	0.00000	0	1.00000	0
305	N	0.00000	0	1.00000	0
306	P	0.00000	0	1.00000	0
307	I	0.00000	0	1.00000	0
308	V	0.00000	0	1.00000	0
309	Y	0.00001	0	0.99999	0
310	A	0.00009	0	0.99991	0
311	F	0.00016	0	0.99984	0
312	F	0.00555	0	0.99445	0
313	Y	0.05085	0	0.94915	0
314	S	0.32770	0	0.67230	0
315	W	0.46765	0	0.53235	0
316	F	0.82801	0	0.17199	0
317	R	1.00000	0	0.00000	0
318	H	1.00000	0	0.00000	0
319	A	1.00000	0	0.00000	0
320	F	1.00000	0	0.00000	0
321	R	1.00000	0	0.00000	0
322	V	1.00000	0	0.00000	0
323	I	1.00000	0	0.00000	0
324	L	1.00000	0	0.00000	0
325	S	1.00000	0	0.00000	0
326	K	1.00000	0	0.00000	0
327	A	1.00000	0	0.00000	0
328	I	1.00000	0	0.00000	0
329	F	1.00000	0	0.00000	0
330	Q	1.00000	0	0.00000	0
331	T	1.00000	0	0.00000	0
332	N	1.00000	0	0.00000	0
333	S	1.00000	0	0.00000	0
334	S	1.00000	0	0.00000	0
335	R	1.00000	0	0.00000	0
336	T	1.00000	0	0.00000	0
337	V	1.00000	0	0.00000	0
338	L	1.00000	0	0.00000	0
339	L	1.00000	0	0.00000	0
