# UNNAMED
#pos	aa	i	o	M	S
1	M	0.00000	0.44592	0.00000	0.55408
2	S	0.00000	0.44592	0.00000	0.55408
3	T	0.00000	0.44592	0.00000	0.55407
4	L	0.00000	0.44592	0.00000	0.55408
5	S	0.00000	0.44592	0.00000	0.55408
6	A	0.00000	0.44592	0.00000	0.55408
7	T	0.00000	0.44592	0.00000	0.55408
8	G	0.00000	0.44592	0.00000	0.55407
9	I	0.00000	0.44592	0.00000	0.55408
10	L	0.00000	0.44592	0.00000	0.55408
11	L	0.00000	0.44592	0.00000	0.55407
12	S	0.00000	0.44592	0.00000	0.55407
13	L	0.00000	0.44593	0.00000	0.55407
14	T	0.00000	0.44605	0.00000	0.55395
15	T	0.00000	0.44645	0.00000	0.55355
16	V	0.00000	0.45157	0.00000	0.54842
17	S	0.00000	0.45179	0.00000	0.54821
18	V	0.00000	0.45215	0.00000	0.54784
19	T	0.00000	0.45235	0.00000	0.54764
20	L	0.00000	0.45246	0.00000	0.54754
21	D	0.00000	0.9278	0.00000	0.07219
22	F	0.00000	0.92815	0.00000	0.07186
23	S	0.00000	0.92823	0.00000	0.07176
24	L	0.00000	0.92831	0.00000	0.0717
25	H	0.00000	0.92833	0.00000	0.07167
26	G	0.00000	0.92836	0.00000	0.07164
27	G	0.00000	0.99999	0.00000	0
28	L	0.00000	1	0.00000	0
29	M	0.00000	1	0.00000	0
30	A	0.00000	1	0.00000	0
31	W	0.00000	1	0.00000	0
32	S	0.00000	1	0.00000	0
33	L	0.00000	1	0.00000	0
34	S	0.00000	1	0.00000	0
35	S	0.00000	1	0.00000	0
36	N	0.00000	1	0.00000	0
37	V	0.00000	1	0.00000	0
38	T	0.00000	1	0.00000	0
39	L	0.00000	1	0.00000	0
40	N	0.00000	1	0.00000	0
41	Q	0.00000	1	0.00000	0
42	S	0.00000	1	0.00000	0
43	L	0.00000	1	0.00000	0
44	P	0.00000	1	0.00000	0
45	T	0.00000	1	0.00000	0
46	S	0.00000	1	0.00000	0
47	D	0.00000	1	0.00000	0
48	P	0.00000	1	0.00000	0
49	L	0.00000	1	0.00000	0
50	N	0.00000	1	0.00000	0
51	A	0.00000	1	0.00000	0
52	S	0.00000	1	0.00000	0
53	E	0.00000	1	0.00000	0
54	K	0.00000	1	0.00000	0
55	G	0.00000	1	0.00000	0
56	E	0.00000	1	0.00000	0
57	V	0.00000	1	0.00000	0
58	S	0.00000	1	0.00000	0
59	R	0.00000	1	0.00000	0
60	M	0.00000	1	0.00000	0
61	S	0.00000	1	0.00000	0
62	V	0.00000	1	0.00000	0
63	R	0.00000	1	0.00000	0
64	E	0.00000	0.99999	0.00001	0
65	K	0.00000	0.99961	0.00039	0
66	N	0.00000	0.98423	0.01577	0
67	W	0.00000	0.67917	0.32083	0
68	P	0.00000	0.54167	0.45833	0
69	A	0.00000	0.27979	0.72021	0
70	L	0.00000	0.10336	0.89664	0
71	L	0.00000	0.03633	0.96367	0
72	I	0.00000	0.00117	0.99883	0
73	L	0.00000	9e-05	0.99991	0
74	V	0.00000	0	1.00000	0
75	V	0.00000	0	1.00000	0
76	I	0.00000	0	1.00000	0
77	L	0.00000	0	1.00000	0
78	L	0.00000	0	1.00000	0
79	T	0.00000	0	1.00000	0
80	I	0.00000	0	1.00000	0
81	G	0.00000	0	1.00000	0
82	G	0.00000	0	1.00000	0
83	N	0.00000	0	1.00000	0
84	I	0.00000	0	1.00000	0
85	L	0.00000	0	1.00000	0
86	V	0.00000	0	1.00000	0
87	I	0.00002	0	0.99998	0
88	M	0.00469	0	0.99531	0
89	A	0.06473	0	0.93527	0
90	V	0.18603	0	0.81397	0
91	S	0.75179	0	0.24821	0
92	L	0.84765	0	0.15235	0
93	E	0.99815	0	0.00185	0
94	K	0.99997	0	0.00003	0
95	K	1.00000	0	0.00000	0
96	L	0.99998	0	0.00002	0
97	Q	0.99992	0	0.00008	0
98	N	0.99850	0	0.00150	0
99	A	0.99501	0	0.00499	0
100	T	0.96307	0	0.03693	0
101	N	0.16492	0	0.83508	0
102	F	0.02291	0	0.97709	0
103	F	0.00023	0	0.99977	0
104	L	0.00001	0	0.99999	0
105	M	0.00000	0	1.00000	0
106	S	0.00000	0	1.00000	0
107	L	0.00000	0	1.00000	0
108	A	0.00000	0	1.00000	0
109	V	0.00000	0	1.00000	0
110	A	0.00000	0	1.00000	0
111	D	0.00000	0	1.00000	0
112	M	0.00000	0	1.00000	0
113	L	0.00000	0	1.00000	0
114	V	0.00000	0	1.00000	0
115	G	0.00000	0	1.00000	0
116	I	0.00000	0	1.00000	0
117	L	0.00000	0	1.00000	0
118	V	0.00000	2e-05	0.99998	0
119	M	0.00000	0.00076	0.99924	0
120	P	0.00000	0.02214	0.97786	0
121	V	0.00000	0.08399	0.91601	0
122	S	0.00000	0.30059	0.69941	0
123	L	0.00000	0.38981	0.61019	0
124	I	0.00000	0.59109	0.40891	0
125	T	0.00000	0.99827	0.00173	0
126	V	0.00000	0.99839	0.00161	0
127	L	0.00000	0.99855	0.00145	0
128	Y	0.00000	0.9997	0.00030	0
129	D	0.00000	0.99999	0.00001	0
130	Y	0.00000	1	0.00000	0
131	A	0.00000	1	0.00000	0
132	W	0.00000	1	0.00000	0
133	P	0.00000	1	0.00000	0
134	L	0.00000	1	0.00000	0
135	P	0.00000	1	0.00000	0
136	K	0.00000	1	0.00000	0
137	Q	0.00000	1	0.00000	0
138	L	0.00000	1	0.00000	0
139	C	0.00000	0.99999	0.00001	0
140	P	0.00000	0.99996	0.00004	0
141	I	0.00000	0.99899	0.00101	0
142	W	0.00000	0.90914	0.09086	0
143	I	0.00000	0.41542	0.58458	0
144	S	0.00000	0.32812	0.67188	0
145	L	0.00000	0.01512	0.98488	0
146	D	0.00000	0.00503	0.99497	0
147	V	0.00000	0.00015	0.99985	0
148	L	0.00000	0	1.00000	0
149	F	0.00000	0	1.00000	0
150	S	0.00000	0	1.00000	0
151	T	0.00000	0	1.00000	0
152	A	0.00000	0	1.00000	0
153	S	0.00000	0	1.00000	0
154	I	0.00000	0	1.00000	0
155	M	0.00000	0	1.00000	0
156	H	0.00000	0	1.00000	0
157	L	0.00000	0	1.00000	0
158	C	0.00000	0	1.00000	0
159	A	0.00000	0	1.00000	0
160	I	0.00000	0	1.00000	0
161	S	0.00000	0	1.00000	0
162	L	0.00000	0	1.00000	0
163	D	0.00001	0	0.99999	0
164	R	0.02103	0	0.97897	0
165	Y	0.23143	0	0.76857	0
166	V	0.76464	0	0.23536	0
167	A	0.85022	0	0.14978	0
168	I	0.99999	0	0.00001	0
169	R	1.00000	0	0.00000	0
170	N	1.00000	0	0.00000	0
171	P	1.00000	0	0.00000	0
172	I	1.00000	0	0.00000	0
173	E	1.00000	0	0.00000	0
174	H	1.00000	0	0.00000	0
175	S	1.00000	0	0.00000	0
176	R	1.00000	0	0.00000	0
177	F	1.00000	0	0.00000	0
178	N	1.00000	0	0.00000	0
179	S	1.00000	0	0.00000	0
180	R	1.00000	0	0.00000	0
181	T	0.99990	0	0.00010	0
182	K	0.99789	0	0.00211	0
183	A	0.54865	0	0.45135	0
184	I	0.13009	0	0.86991	0
185	M	0.08509	0	0.91491	0
186	K	0.07352	0	0.92648	0
187	I	0.00020	0	0.99980	0
188	A	0.00000	0	1.00000	0
189	A	0.00000	0	1.00000	0
190	V	0.00000	0	1.00000	0
191	W	0.00000	0	1.00000	0
192	T	0.00000	0	1.00000	0
193	I	0.00000	0	1.00000	0
194	S	0.00000	0	1.00000	0
195	I	0.00000	0	1.00000	0
196	G	0.00000	0	1.00000	0
197	I	0.00000	0	1.00000	0
198	S	0.00000	0	1.00000	0
199	M	0.00000	0	1.00000	0
200	P	0.00000	0	1.00000	0
201	I	0.00000	1e-05	0.99999	0
202	P	0.00000	0.0025	0.99750	0
203	V	0.00000	0.01178	0.98822	0
204	M	0.00000	0.10416	0.89584	0
205	G	0.00000	0.48688	0.51312	0
206	L	0.00000	0.63793	0.36207	0
207	Q	0.00000	0.9484	0.05160	0
208	D	0.00000	0.99993	0.00007	0
209	D	0.00000	1	0.00000	0
210	S	0.00000	1	0.00000	0
211	R	0.00000	1	0.00000	0
212	V	0.00000	1	0.00000	0
213	F	0.00000	1	0.00000	0
214	I	0.00000	1	0.00000	0
215	N	0.00000	1	0.00000	0
216	G	0.00000	1	0.00000	0
217	T	0.00000	1	0.00000	0
218	C	0.00000	1	0.00000	0
219	V	0.00000	1	0.00000	0
220	L	0.00000	1	0.00000	0
221	N	0.00000	1	0.00000	0
222	D	0.00000	1	0.00000	0
223	E	0.00000	0.99987	0.00013	0
224	N	0.00000	0.79959	0.20041	0
225	F	0.00000	0.03466	0.96534	0
226	V	0.00000	0.02694	0.97306	0
227	L	0.00000	0.00183	0.99817	0
228	I	0.00000	0.00059	0.99941	0
229	G	0.00000	0.00049	0.99951	0
230	S	0.00000	0.00029	0.99971	0
231	F	0.00000	0.00017	0.99983	0
232	M	0.00000	0	1.00000	0
233	A	0.00000	0	1.00000	0
234	F	0.00000	0	1.00000	0
235	F	0.00000	0	1.00000	0
236	I	0.00000	0	1.00000	0
237	P	0.00000	0	1.00000	0
238	L	0.00000	0	1.00000	0
239	I	0.00000	0	1.00000	0
240	I	0.00000	0	1.00000	0
241	M	0.00000	0	1.00000	0
242	V	0.00000	0	1.00000	0
243	I	0.00000	0	1.00000	0
244	T	0.00000	0	1.00000	0
245	Y	0.00001	0	0.99999	0
246	C	0.00068	0	0.99932	0
247	L	0.01666	0	0.98334	0
248	T	0.17478	0	0.82522	0
249	I	0.24546	0	0.75454	0
250	Q	0.97712	0	0.02288	0
251	V	0.97952	0	0.02048	0
252	L	0.98640	0	0.01360	0
253	Q	0.99972	0	0.00028	0
254	R	0.99999	0	0.00001	0
255	Q	1.00000	0	0.00000	0
256	A	1.00000	0	0.00000	0
257	T	1.00000	0	0.00000	0
258	V	1.00000	0	0.00000	0
259	F	1.00000	0	0.00000	0
260	M	1.00000	0	0.00000	0
261	C	1.00000	0	0.00000	0
262	G	1.00000	0	0.00000	0
263	E	1.00000	0	0.00000	0
264	V	1.00000	0	0.00000	0
265	P	1.00000	0	0.00000	0
266	R	1.00000	0	0.00000	0
267	Q	1.00000	0	0.00000	0
268	R	1.00000	0	0.00000	0
269	R	1.00000	0	0.00000	0
270	S	1.00000	0	0.00000	0
271	S	1.00000	0	0.00000	0
272	V	1.00000	0	0.00000	0
273	N	1.00000	0	0.00000	0
274	C	1.00000	0	0.00000	0
275	L	1.00000	0	0.00000	0
276	K	1.00000	0	0.00000	0
277	K	1.00000	0	0.00000	0
278	E	1.00000	0	0.00000	0
279	N	1.00000	0	0.00000	0
280	N	1.00000	0	0.00000	0
281	T	1.00000	0	0.00000	0
282	E	1.00000	0	0.00000	0
283	N	1.00000	0	0.00000	0
284	I	1.00000	0	0.00000	0
285	S	1.00000	0	0.00000	0
286	M	1.00000	0	0.00000	0
287	L	1.00000	0	0.00000	0
288	H	1.00000	0	0.00000	0
289	N	1.00000	0	0.00000	0
290	H	1.00000	0	0.00000	0
291	E	1.00000	0	0.00000	0
292	G	1.00000	0	0.00000	0
293	A	1.00000	0	0.00000	0
294	S	1.00000	0	0.00000	0
295	H	1.00000	0	0.00000	0
296	L	1.00000	0	0.00000	0
297	N	1.00000	0	0.00000	0
298	S	1.00000	0	0.00000	0
299	P	1.00000	0	0.00000	0
300	V	1.00000	0	0.00000	0
301	N	1.00000	0	0.00000	0
302	K	1.00000	0	0.00000	0
303	E	1.00000	0	0.00000	0
304	A	1.00000	0	0.00000	0
305	V	1.00000	0	0.00000	0
306	L	1.00000	0	0.00000	0
307	F	1.00000	0	0.00000	0
308	R	1.00000	0	0.00000	0
309	K	1.00000	0	0.00000	0
310	G	1.00000	0	0.00000	0
311	T	1.00000	0	0.00000	0
312	M	1.00000	0	0.00000	0
313	Q	1.00000	0	0.00000	0
314	S	1.00000	0	0.00000	0
315	I	1.00000	0	0.00000	0
316	N	1.00000	0	0.00000	0
317	N	1.00000	0	0.00000	0
318	E	1.00000	0	0.00000	0
319	R	0.99573	0	0.00427	0
320	R	0.99531	0	0.00469	0
321	A	0.42373	0	0.57627	0
322	S	0.42081	0	0.57919	0
323	K	0.05419	0	0.94581	0
324	V	0.00577	0	0.99423	0
325	L	0.00067	0	0.99933	0
326	G	0.00057	0	0.99943	0
327	I	0.00001	0	0.99999	0
328	V	0.00000	0	1.00000	0
329	F	0.00000	0	1.00000	0
330	F	0.00000	0	1.00000	0
331	L	0.00000	0	1.00000	0
332	F	0.00000	0	1.00000	0
333	L	0.00000	0	1.00000	0
334	I	0.00000	0	1.00000	0
335	M	0.00000	0	1.00000	0
336	W	0.00000	0	1.00000	0
337	C	0.00000	0	1.00000	0
338	P	0.00000	0	1.00000	0
339	F	0.00000	0	1.00000	0
340	F	0.00000	1e-05	0.99999	0
341	I	0.00000	0.00013	0.99987	0
342	T	0.00000	0.00201	0.99799	0
343	N	0.00000	0.02623	0.97377	0
344	V	0.00000	0.03732	0.96268	0
345	M	0.00000	0.07053	0.92947	0
346	S	0.00000	0.25456	0.74544	0
347	V	0.00000	0.34081	0.65919	0
348	L	0.00000	0.51543	0.48457	0
349	C	0.00000	0.96487	0.03513	0
350	K	0.00000	0.99985	0.00015	0
351	E	0.00000	0.99999	0.00001	0
352	A	0.00000	1	0.00000	0
353	C	0.00000	1	0.00000	0
354	D	0.00000	1	0.00000	0
355	K	0.00000	1	0.00000	0
356	D	0.00000	1	0.00000	0
357	L	0.00000	0.99992	0.00008	0
358	L	0.00000	0.99982	0.00018	0
359	S	0.00000	0.9998	0.00020	0
360	E	0.00000	0.99909	0.00091	0
361	L	0.00000	0.99536	0.00464	0
362	L	0.00000	0.99326	0.00674	0
363	D	0.00000	0.9516	0.04840	0
364	V	0.00000	0.00693	0.99307	0
365	F	0.00000	0.00026	0.99974	0
366	V	0.00000	0	1.00000	0
367	W	0.00000	0	1.00000	0
368	V	0.00000	0	1.00000	0
369	G	0.00000	0	1.00000	0
370	Y	0.00000	0	1.00000	0
371	V	0.00000	0	1.00000	0
372	C	0.00000	0	1.00000	0
373	S	0.00000	0	1.00000	0
374	G	0.00000	0	1.00000	0
375	I	0.00000	0	1.00000	0
376	N	0.00000	0	1.00000	0
377	P	0.00000	0	1.00000	0
378	L	0.00000	0	1.00000	0
379	V	0.00000	0	1.00000	0
380	Y	0.00000	0	1.00000	0
381	T	0.00001	0	0.99999	0
382	L	0.00010	0	0.99990	0
383	F	0.01900	0	0.98100	0
384	N	0.47911	0	0.52089	0
385	K	1.00000	0	0.00000	0
386	T	1.00000	0	0.00000	0
387	Y	1.00000	0	0.00000	0
388	R	1.00000	0	0.00000	0
389	R	1.00000	0	0.00000	0
390	A	1.00000	0	0.00000	0
391	F	1.00000	0	0.00000	0
392	S	1.00000	0	0.00000	0
393	N	1.00000	0	0.00000	0
394	Y	1.00000	0	0.00000	0
395	I	1.00000	0	0.00000	0
396	R	1.00000	0	0.00000	0
397	C	1.00000	0	0.00000	0
398	L	1.00000	0	0.00000	0
399	Y	1.00000	0	0.00000	0
400	K	1.00000	0	0.00000	0
401	T	1.00000	0	0.00000	0
402	S	1.00000	0	0.00000	0
403	K	1.00000	0	0.00000	0
404	K	1.00000	0	0.00000	0
405	S	1.00000	0	0.00000	0
406	A	1.00000	0	0.00000	0
407	L	1.00000	0	0.00000	0
408	R	1.00000	0	0.00000	0
409	Q	1.00000	0	0.00000	0
410	N	1.00000	0	0.00000	0
411	Q	1.00000	0	0.00000	0
412	C	1.00000	0	0.00000	0
413	L	1.00000	0	0.00000	0
414	N	1.00000	0	0.00000	0
415	V	1.00000	0	0.00000	0
416	T	1.00000	0	0.00000	0
417	S	1.00000	0	0.00000	0
418	T	1.00000	0	0.00000	0
419	A	1.00000	0	0.00000	0
420	L	1.00000	0	0.00000	0
421	Y	1.00000	0	0.00000	0
422	G	1.00000	0	0.00000	0
423	K	1.00000	0	0.00000	0
424	D	1.00000	0	0.00000	0
425	L	1.00000	0	0.00000	0
426	T	1.00000	0	0.00000	0
427	L	1.00000	0	0.00000	0
428	T	1.00000	0	0.00000	0
429	S	1.00000	0	0.00000	0
430	Y	1.00000	0	0.00000	0
431	R	1.00000	0	0.00000	0
432	N	1.00000	0	0.00000	0
433	G	1.00000	0	0.00000	0
434	N	1.00000	0	0.00000	0
435	E	1.00000	0	0.00000	0
436	L	1.00000	0	0.00000	0
437	N	1.00000	0	0.00000	0
438	S	1.00000	0	0.00000	0
439	M	1.00000	0	0.00000	0
440	E	1.00000	0	0.00000	0
441	L	1.00000	0	0.00000	0
442	D	1.00000	0	0.00000	0
443	E	1.00000	0	0.00000	0
444	A	1.00000	0	0.00000	0
445	E	1.00000	0	0.00000	0
446	E	1.00000	0	0.00000	0
447	G	1.00000	0	0.00000	0
448	L	1.00000	0	0.00000	0
449	E	1.00000	0	0.00000	0
450	M	1.00000	0	0.00000	0
451	Q	1.00000	0	0.00000	0
452	P	1.00000	0	0.00000	0
453	G	1.00000	0	0.00000	0
454	T	1.00000	0	0.00000	0
455	S	1.00000	0	0.00000	0
456	E	1.00000	0	0.00000	0
457	L	1.00000	0	0.00000	0
458	S	1.00000	0	0.00000	0
459	I	1.00000	0	0.00000	0
460	N	1.00000	0	0.00000	0
461	S	1.00000	0	0.00000	0
462	C	1.00000	0	0.00000	0
463	N	1.00000	0	0.00000	0
464	V	1.00000	0	0.00000	0
465	V	1.00000	0	0.00000	0
466	S	1.00000	0	0.00000	0
467	E	1.00000	0	0.00000	0
468	R	1.00000	0	0.00000	0
469	V	1.00000	0	0.00000	0
470	S	1.00000	0	0.00000	0
471	C	1.00000	0	0.00000	0
472	V	1.00000	0	0.00000	0
