# UNNAMED
#pos	aa	i	o	M	S
1	M	0.00000	0.96253	0.00000	0.03747
2	F	0.00000	0.96253	0.00000	0.03747
3	Y	0.00000	0.96253	0.00000	0.03747
4	F	0.00000	0.96253	0.00000	0.03747
5	Q	0.00000	0.96253	0.00000	0.03747
6	Q	0.00000	0.96253	0.00000	0.03747
7	R	0.00000	0.96253	0.00000	0.03747
8	P	0.00000	0.96253	0.00000	0.03747
9	S	0.00000	0.96253	0.00000	0.03747
10	C	0.00000	0.96253	0.00000	0.03748
11	T	0.00000	0.96252	0.00001	0.03747
12	S	0.00000	0.96252	0.00001	0.03748
13	A	0.00000	0.96229	0.00025	0.03746
14	L	0.00000	0.96285	0.00061	0.03654
15	Y	0.00000	0.96277	0.00073	0.03651
16	R	0.00000	0.96273	0.00077	0.03651
17	W	0.00000	0.96223	0.00126	0.0365
18	I	0.00000	0.96216	0.00133	0.0365
19	G	0.00000	0.96215	0.00135	0.0365
20	V	0.00000	0.96215	0.00136	0.03649
21	S	0.00000	0.96215	0.00136	0.0365
22	V	0.00000	0.96215	0.00136	0.0365
23	P	0.00000	0.96215	0.00136	0.03649
24	I	0.00000	0.96215	0.00136	0.03649
25	P	0.00000	0.96215	0.00136	0.03649
26	V	0.00000	0.96215	0.00136	0.03649
27	I	0.00000	0.96215	0.00136	0.03649
28	G	0.00000	0.96215	0.00136	0.03649
29	L	0.00000	0.99841	0.00136	0.00024
30	R	0.00001	0.99864	0.00135	0
31	D	0.00007	0.99864	0.00129	0
32	E	0.00010	0.99828	0.00162	0
33	E	0.00012	0.98385	0.01603	0
34	K	0.00014	0.94596	0.05390	0
35	V	0.00014	0.78776	0.21209	0
36	F	0.00015	0.6653	0.33456	0
37	V	0.00017	0.60233	0.39750	0
38	N	0.00091	0.59963	0.39947	0
39	N	0.00136	0.54254	0.45610	0
40	T	0.00136	0.01225	0.98639	0
41	T	0.00134	0.00054	0.99811	0
42	C	0.00131	0.00054	0.99815	0
43	V	0.00131	0.00054	0.99815	0
44	L	0.00131	0.00054	0.99815	0
45	N	0.00131	0.00054	0.99815	0
46	D	0.00131	0.00054	0.99815	0
47	P	0.00131	0.00049	0.99821	0
48	N	0.00019	0.00034	0.99947	0
49	F	0.00001	0	0.99998	0
50	V	0.00001	0	0.99999	0
51	L	0.00000	0	1.00000	0
52	I	0.00001	0	0.99999	0
53	G	0.00092	0	0.99908	0
54	S	0.00716	0	0.99284	0
55	F	0.00865	0	0.99135	0
56	V	0.01851	0	0.98149	0
57	A	0.03991	0	0.96009	0
58	F	0.04864	0	0.95136	0
59	F	0.11951	0	0.88049	0
60	I	0.53147	0	0.46853	0
61	P	0.99484	0	0.00516	0
62	L	0.99185	0	0.00815	0
63	T	0.98400	1e-05	0.01599	0
64	I	0.82043	1e-05	0.17955	0
65	M	0.42829	3e-05	0.57168	0
66	V	0.20762	0.00037	0.79200	0
67	I	0.01469	0.00038	0.98492	0
68	T	0.01281	0.00066	0.98653	0
69	Y	0.00309	0.00105	0.99587	0
70	C	0.00083	0.00118	0.99799	0
71	L	0.00058	0.00118	0.99825	0
72	T	0.00046	0.00118	0.99836	0
73	I	0.00001	0.00118	0.99881	0
74	Y	0.00000	0.00118	0.99882	0
75	V	0.00000	0.00118	0.99882	0
76	L	0.00000	0.00123	0.99877	0
77	R	0.00000	0.00134	0.99866	0
78	R	0.00000	0.00136	0.99864	0
79	Q	0.00000	0.00136	0.99864	0
80	A	0.00000	0.00136	0.99864	0
81	L	0.00000	0.00137	0.99863	0
82	M	0.00000	0.00162	0.99838	0
83	L	0.00000	0.01354	0.98646	0
84	L	0.00000	0.23947	0.76053	0
85	H	0.00000	0.79573	0.20427	0
86	G	0.00000	0.84647	0.15353	0
87	H	0.00000	0.99182	0.00818	0
88	T	0.00000	0.99451	0.00549	0
89	E	0.00000	0.99812	0.00188	0
90	E	0.00000	0.99873	0.00127	0
91	P	0.00000	0.999	0.00100	0
92	P	0.00000	0.99917	0.00083	0
93	G	0.00000	1	0.00000	0
94	L	0.00000	1	0.00000	0
95	S	0.00000	0.99999	0.00001	0
96	L	0.00000	0.99992	0.00008	0
97	D	0.00000	0.99991	0.00009	0
98	F	0.00000	0.99991	0.00009	0
99	L	0.00000	0.99911	0.00089	0
100	K	0.00000	0.75123	0.24877	0
101	C	0.00000	0.52051	0.47949	0
102	C	0.00000	0.24951	0.75049	0
103	R	0.00000	0	1.00000	0
104	R	0.00000	0	1.00000	0
105	N	0.00000	0	1.00000	0
106	T	0.00000	0	1.00000	0
107	A	0.00000	0	1.00000	0
108	E	0.00000	0	1.00000	0
109	E	0.00000	0	1.00000	0
110	E	0.00000	0	1.00000	0
111	N	0.00000	0	1.00000	0
112	S	0.00000	0	1.00000	0
113	A	0.00000	0	1.00000	0
114	N	0.00000	0	1.00000	0
115	P	0.00000	0	1.00000	0
116	N	0.00000	0	1.00000	0
117	Q	0.00000	0	1.00000	0
118	D	0.00000	0	1.00000	0
119	Q	0.00000	0	1.00000	0
120	N	0.00000	0	1.00000	0
121	A	0.04325	0	0.95675	0
122	R	0.49395	0	0.50605	0
123	R	0.99650	0	0.00350	0
124	R	0.99756	0	0.00244	0
125	K	0.99831	0	0.00169	0
126	K	0.99984	0	0.00016	0
127	K	1.00000	0	0.00000	0
128	E	1.00000	0	0.00000	0
129	R	1.00000	0	0.00000	0
130	R	1.00000	0	0.00000	0
131	P	1.00000	0	0.00000	0
132	R	1.00000	0	0.00000	0
133	G	1.00000	0	0.00000	0
134	T	1.00000	0	0.00000	0
135	M	1.00000	0	0.00000	0
136	Q	1.00000	0	0.00000	0
137	A	1.00000	0	0.00000	0
138	I	1.00000	0	0.00000	0
139	N	0.99999	0	0.00000	0
140	N	0.99999	0	0.00001	0
141	E	0.99999	0	0.00001	0
142	R	0.99956	0	0.00044	0
143	K	0.98815	0	0.01185	0
144	A	0.55184	0	0.44816	0
145	S	0.51103	0	0.48897	0
146	K	0.47779	0	0.52221	0
147	V	0.00233	0	0.99767	0
148	L	0.00001	0	0.99999	0
149	G	0.00000	0	1.00000	0
150	I	0.00000	0	1.00000	0
151	V	0.00000	0	1.00000	0
152	F	0.00000	0	1.00000	0
153	F	0.00000	0	1.00000	0
154	V	0.00000	0	1.00000	0
155	F	0.00000	0	1.00000	0
156	L	0.00000	0	1.00000	0
157	I	0.00000	0	1.00000	0
158	M	0.00000	0	1.00000	0
159	W	0.00000	0	1.00000	0
160	C	0.00000	1e-05	0.99999	0
161	P	0.00000	1e-05	0.99999	0
162	F	0.00000	1e-05	0.99999	0
163	F	0.00000	0.00048	0.99952	0
164	I	0.00000	0.01021	0.98979	0
165	T	0.00000	0.08517	0.91483	0
166	N	0.00000	0.42034	0.57966	0
167	I	0.00000	0.47614	0.52386	0
168	L	0.00000	0.61294	0.38706	0
169	S	0.00000	0.92053	0.07947	0
170	V	0.00000	0.96973	0.03027	0
171	L	0.00000	0.99156	0.00844	0
172	C	0.00000	0.99993	0.00007	0
173	E	0.00000	1	0.00000	0
174	K	0.00000	1	0.00000	0
175	S	0.00000	1	0.00000	0
176	C	0.00000	1	0.00000	0
177	N	0.00000	1	0.00000	0
178	Q	0.00000	1	0.00000	0
179	K	0.00000	1	0.00000	0
180	L	0.00000	0.99995	0.00005	0
181	M	0.00000	0.99742	0.00258	0
182	E	0.00000	0.99727	0.00273	0
183	K	0.00000	0.99501	0.00499	0
184	L	0.00000	0.40526	0.59474	0
185	L	0.00000	0.33159	0.66841	0
186	N	0.00000	0.32966	0.67034	0
187	V	0.00000	0.01771	0.98229	0
188	F	0.00000	0.00166	0.99834	0
189	V	0.00000	0.00016	0.99984	0
190	W	0.00000	1e-05	0.99999	0
191	I	0.00000	0	1.00000	0
192	G	0.00000	0	1.00000	0
193	Y	0.00000	0	1.00000	0
194	V	0.00000	0	1.00000	0
195	C	0.00000	0	1.00000	0
196	S	0.00000	0	1.00000	0
197	G	0.00000	0	1.00000	0
198	I	0.00000	0	1.00000	0
199	N	0.00000	0	1.00000	0
200	P	0.00000	0	1.00000	0
201	L	0.00000	0	1.00000	0
202	V	0.00000	0	1.00000	0
203	Y	0.00000	0	1.00000	0
204	T	0.00001	0	0.99999	0
205	L	0.00006	0	0.99994	0
206	F	0.01785	0	0.98215	0
207	N	0.52503	0	0.47497	0
208	K	0.64851	0	0.35149	0
209	I	0.65041	0	0.34959	0
210	Y	0.68346	0	0.31654	0
211	R	0.98086	0	0.01914	0
212	R	0.99888	0	0.00112	0
213	A	0.99983	0	0.00017	0
214	F	0.99987	0	0.00013	0
215	S	1.00000	0	0.00000	0
216	N	1.00000	0	0.00000	0
217	Y	1.00000	0	0.00000	0
218	L	1.00000	0	0.00000	0
219	R	1.00000	0	0.00000	0
220	C	1.00000	0	0.00000	0
221	N	1.00000	0	0.00000	0
222	Y	1.00000	0	0.00000	0
223	K	1.00000	0	0.00000	0
224	V	1.00000	0	0.00000	0
225	E	1.00000	0	0.00000	0
226	K	0.99998	0	0.00002	0
227	K	0.99394	0	0.00606	0
228	P	0.99393	0	0.00607	0
229	P	0.99167	0	0.00833	0
230	V	0.85613	0	0.14387	0
231	R	0.78760	0	0.21240	0
232	Q	0.74452	0	0.25548	0
233	I	0.50692	0	0.49308	0
234	P	0.46866	0	0.53134	0
235	R	0.05371	0	0.94629	0
236	V	0.04245	0	0.95755	0
237	A	0.00087	0	0.99913	0
238	A	0.00037	0	0.99963	0
239	T	0.00006	0	0.99994	0
240	A	0.00000	0	1.00000	0
241	L	0.00000	0	1.00000	0
242	S	0.00000	0	1.00000	0
243	G	0.00000	0	1.00000	0
244	R	0.00000	0	1.00000	0
245	E	0.00000	1e-05	0.99999	0
246	L	0.00000	1e-05	0.99999	0
247	N	0.00000	0.00043	0.99957	0
248	V	0.00000	0.00089	0.99911	0
249	N	0.00000	0.04169	0.95831	0
250	I	0.00000	0.0442	0.95580	0
251	Y	0.00000	0.08032	0.91968	0
252	R	0.00000	0.27315	0.72685	0
253	H	0.00000	0.32386	0.67614	0
254	T	0.00000	0.44068	0.55932	0
255	N	0.00000	0.77483	0.22517	0
256	E	0.00000	0.99054	0.00946	0
257	P	0.00000	0.99839	0.00161	0
258	V	0.00000	0.99868	0.00132	0
259	I	0.00000	0.99884	0.00116	0
260	E	0.00000	0.99992	0.00007	0
261	K	0.00000	0.99997	0.00003	0
262	A	0.00000	0.99974	0.00026	0
263	S	0.00000	0.99972	0.00028	0
264	D	0.00000	0.99969	0.00031	0
265	N	0.00000	0.99877	0.00123	0
266	E	0.00000	0.98369	0.01631	0
267	P	0.00000	0.89379	0.10621	0
268	G	0.00000	0.66882	0.33118	0
269	I	0.00000	0.0254	0.97460	0
270	E	0.00000	1e-05	0.99999	0
271	M	0.00000	0	1.00000	0
272	Q	0.00000	0	1.00000	0
273	V	0.00000	0	1.00000	0
274	E	0.00000	0	1.00000	0
275	N	0.00000	0	1.00000	0
276	L	0.00000	0	1.00000	0
277	E	0.00000	0	1.00000	0
278	L	0.00000	0	1.00000	0
279	P	0.00000	0	1.00000	0
280	V	0.00000	0	1.00000	0
281	N	0.00000	0	1.00000	0
282	P	0.00000	0	1.00000	0
283	S	0.00008	0	0.99992	0
284	S	0.00011	0	0.99989	0
285	V	0.00019	0	0.99981	0
286	V	0.00093	0	0.99907	0
287	S	0.04897	0	0.95103	0
288	E	0.99998	0	0.00002	0
289	R	1.00000	0	0.00000	0
290	I	1.00000	0	0.00000	0
291	S	1.00000	0	0.00000	0
292	S	1.00000	0	0.00000	0
293	V	1.00000	0	0.00000	0
