# UNNAMED
#pos	aa	i	o	M	S
1	M	0.00000	0.99979	0.00000	0.00021
2	A	0.00000	0.99979	0.00000	0.00021
3	D	0.00000	0.99979	0.00000	0.00021
4	F	0.00000	0.99979	0.00000	0.00022
5	S	0.00000	0.99979	0.00000	0.00021
6	P	0.00000	0.99979	0.00000	0.00022
7	S	0.00000	0.99979	0.00000	0.00022
8	G	0.00000	0.99979	0.00000	0.00022
9	S	0.00000	0.99979	0.00000	0.00022
10	L	0.00000	0.99979	0.00000	0.00021
11	G	0.00000	0.99979	0.00000	0.00021
12	S	0.00000	0.99979	0.00000	0.00022
13	Y	0.00000	0.99979	0.00000	0.00021
14	N	0.00000	0.99979	0.00000	0.00022
15	G	0.00000	0.99979	0.00000	0.00022
16	S	0.00000	0.99979	0.00000	0.00021
17	S	0.00000	0.99982	0.00000	0.00019
18	P	0.00000	0.99982	0.00000	0.00018
19	A	0.00000	0.99982	0.00000	0.00018
20	T	0.00000	0.99982	0.00000	0.00018
21	S	0.00000	0.99982	0.00000	0.00018
22	A	0.00000	0.99988	0.00000	0.00012
23	W	0.00000	1	0.00000	0
24	N	0.00000	1	0.00000	0
25	I	0.00000	0.99999	0.00001	0
26	T	0.00000	0.99998	0.00002	0
27	S	0.00000	0.99884	0.00116	0
28	S	0.00000	0.99364	0.00636	0
29	G	0.00000	0.9711	0.02890	0
30	P	0.00000	0.90784	0.09216	0
31	W	0.00000	0.32653	0.67347	0
32	L	0.00000	0.22248	0.77752	0
33	L	0.00000	0.165	0.83500	0
34	A	0.00000	0.13063	0.86937	0
35	F	0.00000	0.09785	0.90215	0
36	M	0.00000	0.08304	0.91696	0
37	L	0.00000	0.01697	0.98303	0
38	A	0.00000	0.00428	0.99572	0
39	V	0.00000	0.00046	0.99954	0
40	I	0.00000	1e-05	0.99999	0
41	I	0.00000	0	1.00000	0
42	L	0.00000	0	1.00000	0
43	V	0.00000	0	1.00000	0
44	T	0.00000	0	1.00000	0
45	V	0.00000	0	1.00000	0
46	C	0.00000	0	1.00000	0
47	G	0.00000	0	1.00000	0
48	N	0.00000	0	1.00000	0
49	M	0.00000	0	1.00000	0
50	L	0.00000	0	1.00000	0
51	L	0.00000	0	1.00000	0
52	I	0.00001	0	0.99999	0
53	A	0.00111	0	0.99889	0
54	L	0.01537	0	0.98463	0
55	V	0.05036	0	0.94964	0
56	F	0.15248	0	0.84752	0
57	A	0.64234	0	0.35766	0
58	H	0.90009	0	0.09991	0
59	R	0.99815	0	0.00185	0
60	S	0.99986	0	0.00014	0
61	L	0.99995	0	0.00005	0
62	R	1.00000	0	0.00000	0
63	C	0.99925	0	0.00075	0
64	T	0.99678	0	0.00322	0
65	S	0.91730	0	0.08270	0
66	N	0.32451	0	0.67549	0
67	C	0.16358	0	0.83642	0
68	F	0.02147	0	0.97853	0
69	L	0.00210	0	0.99790	0
70	V	0.00007	0	0.99993	0
71	S	0.00000	0	1.00000	0
72	L	0.00000	0	1.00000	0
73	F	0.00000	0	1.00000	0
74	L	0.00000	0	1.00000	0
75	S	0.00000	0	1.00000	0
76	D	0.00000	0	1.00000	0
77	L	0.00000	0	1.00000	0
78	M	0.00000	0	1.00000	0
79	V	0.00000	0	1.00000	0
80	A	0.00000	0	1.00000	0
81	L	0.00000	0	1.00000	0
82	V	0.00000	0	1.00000	0
83	V	0.00000	0	1.00000	0
84	M	0.00000	6e-05	0.99994	0
85	P	0.00000	0.00131	0.99869	0
86	P	0.00000	0.01427	0.98573	0
87	A	0.00000	0.08011	0.91989	0
88	M	0.00000	0.16407	0.83593	0
89	L	0.00000	0.47764	0.52236	0
90	N	0.00000	0.99997	0.00003	0
91	V	0.00000	1	0.00000	0
92	L	0.00000	1	0.00000	0
93	C	0.00000	1	0.00000	0
94	G	0.00000	1	0.00000	0
95	A	0.00000	1	0.00000	0
96	W	0.00000	1	0.00000	0
97	V	0.00000	1	0.00000	0
98	L	0.00000	1	0.00000	0
99	W	0.00000	1	0.00000	0
100	P	0.00000	1	0.00000	0
101	A	0.00000	0.99997	0.00003	0
102	F	0.00000	0.99995	0.00005	0
103	C	0.00000	0.99994	0.00006	0
104	P	0.00000	0.99992	0.00008	0
105	I	0.00000	0.99867	0.00133	0
106	W	0.00000	0.87765	0.12235	0
107	L	0.00000	0.17351	0.82649	0
108	C	0.00000	0.05309	0.94691	0
109	F	0.00000	0.00055	0.99945	0
110	D	0.00000	0.00016	0.99984	0
111	V	0.00000	1e-05	0.99999	0
112	M	0.00000	0	1.00000	0
113	C	0.00000	0	1.00000	0
114	C	0.00000	0	1.00000	0
115	S	0.00000	0	1.00000	0
116	A	0.00000	0	1.00000	0
117	S	0.00000	0	1.00000	0
118	I	0.00000	0	1.00000	0
119	L	0.00000	0	1.00000	0
120	N	0.00000	0	1.00000	0
121	L	0.00000	0	1.00000	0
122	C	0.00000	0	1.00000	0
123	V	0.00000	0	1.00000	0
124	I	0.00000	0	1.00000	0
125	S	0.00000	0	1.00000	0
126	L	0.00000	0	1.00000	0
127	D	0.00002	0	0.99998	0
128	R	0.02757	0	0.97243	0
129	Y	0.34199	0	0.65801	0
130	L	0.71687	0	0.28313	0
131	F	0.80745	0	0.19255	0
132	I	0.99993	0	0.00007	0
133	I	1.00000	0	0.00000	0
134	S	1.00000	0	0.00000	0
135	P	1.00000	0	0.00000	0
136	L	1.00000	0	0.00000	0
137	R	1.00000	0	0.00000	0
138	Y	1.00000	0	0.00000	0
139	K	1.00000	0	0.00000	0
140	Q	1.00000	0	0.00000	0
141	R	1.00000	0	0.00000	0
142	M	0.99610	0	0.00390	0
143	T	0.98786	0	0.01214	0
144	F	0.93675	0	0.06325	0
145	P	0.92878	0	0.07122	0
146	R	0.79963	0	0.20037	0
147	A	0.06654	0	0.93346	0
148	L	0.00347	0	0.99653	0
149	L	0.00032	0	0.99968	0
150	L	0.00002	0	0.99998	0
151	V	0.00000	0	1.00000	0
152	G	0.00000	0	1.00000	0
153	A	0.00000	0	1.00000	0
154	A	0.00000	0	1.00000	0
155	W	0.00000	0	1.00000	0
156	G	0.00000	0	1.00000	0
157	L	0.00000	0	1.00000	0
158	A	0.00000	0	1.00000	0
159	A	0.00000	0	1.00000	0
160	L	0.00000	0	1.00000	0
161	A	0.00000	0	1.00000	0
162	S	0.00000	0.00032	0.99968	0
163	F	0.00000	0.00096	0.99904	0
164	L	0.00000	0.00738	0.99262	0
165	P	0.00000	0.04917	0.95083	0
166	I	0.00000	0.09045	0.90955	0
167	E	0.00000	0.6217	0.37830	0
168	M	0.00000	0.67796	0.32204	0
169	K	0.00000	0.99556	0.00444	0
170	W	0.00000	0.99773	0.00227	0
171	H	0.00000	0.99974	0.00026	0
172	S	0.00000	0.99997	0.00003	0
173	L	0.00000	0.99999	0.00001	0
174	G	0.00000	1	0.00000	0
175	H	0.00000	1	0.00000	0
176	W	0.00000	1	0.00000	0
177	S	0.00000	1	0.00000	0
178	R	0.00000	1	0.00000	0
179	Q	0.00000	1	0.00000	0
180	S	0.00000	1	0.00000	0
181	A	0.00000	1	0.00000	0
182	V	0.00000	1	0.00000	0
183	P	0.00000	1	0.00000	0
184	G	0.00000	1	0.00000	0
185	V	0.00000	1	0.00000	0
186	K	0.00000	1	0.00000	0
187	C	0.00000	1	0.00000	0
188	R	0.00000	0.99999	0.00001	0
189	L	0.00000	0.97188	0.02812	0
190	R	0.00000	0.97171	0.02829	0
191	A	0.00000	0.95383	0.04617	0
192	T	0.00000	0.95051	0.04949	0
193	L	0.00000	0.88412	0.11588	0
194	P	0.00000	0.86507	0.13493	0
195	F	0.00000	0.03345	0.96655	0
196	A	0.00000	0.00338	0.99662	0
197	L	0.00000	0.00184	0.99816	0
198	V	0.00000	0.0001	0.99990	0
199	A	0.00000	1e-05	0.99999	0
200	S	0.00000	0	1.00000	0
201	V	0.00000	0	1.00000	0
202	L	0.00000	0	1.00000	0
203	T	0.00000	0	1.00000	0
204	F	0.00000	0	1.00000	0
205	F	0.00000	0	1.00000	0
206	L	0.00000	0	1.00000	0
207	P	0.00000	0	1.00000	0
208	S	0.00000	0	1.00000	0
209	I	0.00000	0	1.00000	0
210	A	0.00000	0	1.00000	0
211	I	0.00000	0	1.00000	0
212	C	0.00000	0	1.00000	0
213	F	0.00036	0	0.99964	0
214	T	0.01068	0	0.98932	0
215	Y	0.01328	0	0.98672	0
216	C	0.02740	0	0.97260	0
217	R	0.08410	0	0.91590	0
218	I	0.09043	0	0.90957	0
219	L	0.14509	0	0.85491	0
220	L	0.57555	0	0.42445	0
221	A	0.84067	0	0.15933	0
222	A	0.99909	0	0.00091	0
223	R	0.99998	0	0.00002	0
224	R	1.00000	0	0.00000	0
225	Q	1.00000	0	0.00000	0
226	A	1.00000	0	0.00000	0
227	K	1.00000	0	0.00000	0
228	R	1.00000	0	0.00000	0
229	V	1.00000	0	0.00000	0
230	A	1.00000	0	0.00000	0
231	A	1.00000	0	0.00000	0
232	L	1.00000	0	0.00000	0
233	S	1.00000	0	0.00000	0
234	H	1.00000	0	0.00000	0
235	P	1.00000	0	0.00000	0
236	P	1.00000	0	0.00000	0
237	Y	1.00000	0	0.00000	0
238	P	1.00000	0	0.00000	0
239	H	1.00000	0	0.00000	0
240	H	1.00000	0	0.00000	0
241	S	1.00000	0	0.00000	0
242	L	1.00000	0	0.00000	0
243	G	1.00000	0	0.00000	0
244	E	1.00000	0	0.00000	0
245	P	1.00000	0	0.00000	0
246	S	1.00000	0	0.00000	0
247	R	1.00000	0	0.00000	0
248	P	1.00000	0	0.00000	0
249	P	1.00000	0	0.00000	0
250	S	1.00000	0	0.00000	0
251	S	1.00000	0	0.00000	0
252	G	1.00000	0	0.00000	0
253	A	1.00000	0	0.00000	0
254	A	1.00000	0	0.00000	0
255	G	1.00000	0	0.00000	0
256	G	1.00000	0	0.00000	0
257	P	1.00000	0	0.00000	0
258	P	1.00000	0	0.00000	0
259	Q	1.00000	0	0.00000	0
260	Q	1.00000	0	0.00000	0
261	D	1.00000	0	0.00000	0
262	R	1.00000	0	0.00000	0
263	D	1.00000	0	0.00000	0
264	D	1.00000	0	0.00000	0
265	C	1.00000	0	0.00000	0
266	S	1.00000	0	0.00000	0
267	H	1.00000	0	0.00000	0
268	Q	1.00000	0	0.00000	0
269	E	1.00000	0	0.00000	0
270	P	1.00000	0	0.00000	0
271	H	1.00000	0	0.00000	0
272	V	1.00000	0	0.00000	0
273	S	1.00000	0	0.00000	0
274	Q	1.00000	0	0.00000	0
275	N	1.00000	0	0.00000	0
276	V	1.00000	0	0.00000	0
277	P	1.00000	0	0.00000	0
278	P	1.00000	0	0.00000	0
279	S	1.00000	0	0.00000	0
280	V	1.00000	0	0.00000	0
281	N	1.00000	0	0.00000	0
282	S	1.00000	0	0.00000	0
283	E	1.00000	0	0.00000	0
284	R	1.00000	0	0.00000	0
285	R	1.00000	0	0.00000	0
286	L	1.00000	0	0.00000	0
287	A	1.00000	0	0.00000	0
288	H	1.00000	0	0.00000	0
289	R	1.00000	0	0.00000	0
290	H	1.00000	0	0.00000	0
291	G	0.99987	0	0.00013	0
292	R	0.99558	0	0.00442	0
293	R	0.80564	0	0.19436	0
294	A	0.80248	0	0.19752	0
295	L	0.58947	0	0.41053	0
296	K	0.58866	0	0.41134	0
297	A	0.14347	0	0.85653	0
298	S	0.11007	0	0.88993	0
299	L	0.10811	0	0.89189	0
300	T	0.10767	0	0.89233	0
301	L	0.00018	0	0.99982	0
302	G	0.00016	0	0.99984	0
303	V	0.00001	0	0.99999	0
304	L	0.00001	0	0.99999	0
305	L	0.00000	0	1.00000	0
306	G	0.00000	0	1.00000	0
307	L	0.00000	0	1.00000	0
308	F	0.00000	0	1.00000	0
309	F	0.00000	0	1.00000	0
310	S	0.00000	0	1.00000	0
311	T	0.00000	0	1.00000	0
312	W	0.00000	0	1.00000	0
313	L	0.00000	4e-05	0.99996	0
314	P	0.00000	0.00063	0.99937	0
315	F	0.00000	0.00107	0.99893	0
316	F	0.00000	0.00632	0.99368	0
317	I	0.00000	0.04361	0.95639	0
318	T	0.00000	0.20919	0.79081	0
319	N	0.00000	0.31204	0.68796	0
320	M	0.00000	0.34119	0.65881	0
321	A	0.00000	0.48667	0.51333	0
322	Q	0.00000	0.75832	0.24168	0
323	A	0.00000	0.79687	0.20313	0
324	V	0.00000	0.87194	0.12806	0
325	C	0.00000	0.99417	0.00583	0
326	E	0.00000	0.99977	0.00023	0
327	C	0.00000	0.99975	0.00025	0
328	V	0.00000	0.9981	0.00190	0
329	P	0.00000	0.99671	0.00329	0
330	L	0.00000	0.98346	0.01654	0
331	A	0.00000	0.97905	0.02095	0
332	L	0.00000	0.97394	0.02606	0
333	F	0.00000	0.97233	0.02767	0
334	D	0.00000	0.92223	0.07777	0
335	A	0.00000	0.01569	0.98431	0
336	I	0.00000	0.00062	0.99938	0
337	T	0.00000	0	1.00000	0
338	W	0.00000	0	1.00000	0
339	L	0.00000	0	1.00000	0
340	G	0.00000	0	1.00000	0
341	Y	0.00001	0	0.99999	0
342	C	0.00007	0	0.99993	0
343	N	0.00011	0	0.99989	0
344	S	0.00011	0	0.99989	0
345	T	0.00011	0	0.99989	0
346	M	0.00011	0	0.99989	0
347	N	0.00011	0	0.99989	0
348	P	0.00011	0	0.99989	0
349	I	0.00011	0	0.99989	0
350	I	0.00016	0	0.99984	0
351	Y	0.00056	0	0.99944	0
352	P	0.00128	0	0.99872	0
353	L	0.00164	0	0.99836	0
354	F	0.01300	0	0.98700	0
355	M	0.45748	0	0.54252	0
356	R	1.00000	0	0.00000	0
357	D	1.00000	0	0.00000	0
358	F	1.00000	0	0.00000	0
359	K	1.00000	0	0.00000	0
360	R	1.00000	0	0.00000	0
361	A	1.00000	0	0.00000	0
362	L	1.00000	0	0.00000	0
363	G	1.00000	0	0.00000	0
364	K	1.00000	0	0.00000	0
365	L	1.00000	0	0.00000	0
366	L	1.00000	0	0.00000	0
367	P	1.00000	0	0.00000	0
368	C	1.00000	0	0.00000	0
369	C	1.00000	0	0.00000	0
370	S	1.00000	0	0.00000	0
371	S	1.00000	0	0.00000	0
372	W	1.00000	0	0.00000	0
373	S	1.00000	0	0.00000	0
374	T	1.00000	0	0.00000	0
375	R	1.00000	0	0.00000	0
376	R	1.00000	0	0.00000	0
377	P	1.00000	0	0.00000	0
378	S	1.00000	0	0.00000	0
379	P	1.00000	0	0.00000	0
380	V	1.00000	0	0.00000	0
381	L	1.00000	0	0.00000	0
382	S	1.00000	0	0.00000	0
383	L	1.00000	0	0.00000	0
384	S	1.00000	0	0.00000	0
385	L	1.00000	0	0.00000	0
386	R	1.00000	0	0.00000	0
387	N	1.00000	0	0.00000	0
388	S	1.00000	0	0.00000	0
389	G	1.00000	0	0.00000	0
390	D	1.00000	0	0.00000	0
391	P	1.00000	0	0.00000	0
392	N	1.00000	0	0.00000	0
393	L	1.00000	0	0.00000	0
394	A	1.00000	0	0.00000	0
395	G	1.00000	0	0.00000	0
396	S	1.00000	0	0.00000	0
397	P	1.00000	0	0.00000	0
398	P	1.00000	0	0.00000	0
399	S	1.00000	0	0.00000	0
400	P	1.00000	0	0.00000	0
401	L	1.00000	0	0.00000	0
402	A	1.00000	0	0.00000	0
403	S	1.00000	0	0.00000	0
404	D	1.00000	0	0.00000	0
405	L	1.00000	0	0.00000	0
406	T	1.00000	0	0.00000	0
407	H	1.00000	0	0.00000	0
408	Q	1.00000	0	0.00000	0
409	P	1.00000	0	0.00000	0
410	A	1.00000	0	0.00000	0
411	T	1.00000	0	0.00000	0
412	A	1.00000	0	0.00000	0
413	T	1.00000	0	0.00000	0
414	D	1.00000	0	0.00000	0
415	A	1.00000	0	0.00000	0
416	V	1.00000	0	0.00000	0
417	N	1.00000	0	0.00000	0
418	L	1.00000	0	0.00000	0
419	L	1.00000	0	0.00000	0
420	D	1.00000	0	0.00000	0
421	A	1.00000	0	0.00000	0
422	E	1.00000	0	0.00000	0
423	H	1.00000	0	0.00000	0
424	A	1.00000	0	0.00000	0
425	G	1.00000	0	0.00000	0
426	I	1.00000	0	0.00000	0
427	E	1.00000	0	0.00000	0
428	L	1.00000	0	0.00000	0
429	P	1.00000	0	0.00000	0
430	L	1.00000	0	0.00000	0
431	L	1.00000	0	0.00000	0
432	L	1.00000	0	0.00000	0
433	P	1.00000	0	0.00000	0
434	N	1.00000	0	0.00000	0
435	Q	1.00000	0	0.00000	0
436	V	1.00000	0	0.00000	0
437	D	1.00000	0	0.00000	0
438	T	1.00000	0	0.00000	0
439	L	1.00000	0	0.00000	0
440	D	1.00000	0	0.00000	0
