# UNNAMED
#pos	aa	i	o	M	S
1	M	0.00000	1	0.00000	0
2	E	0.00000	1	0.00000	0
3	L	0.00000	1	0.00000	0
4	H	0.00000	1	0.00000	0
5	E	0.00000	1	0.00000	0
6	D	0.00000	1	0.00000	0
7	S	0.00000	1	0.00000	0
8	H	0.00000	1	0.00000	0
9	R	0.00000	1	0.00000	0
10	E	0.00000	1	0.00000	0
11	V	0.00000	1	0.00000	0
12	G	0.00000	1	0.00000	0
13	I	0.00000	1	0.00000	0
14	N	0.00000	1	0.00000	0
15	N	0.00000	1	0.00000	0
16	S	0.00000	1	0.00000	0
17	Y	0.00000	1	0.00000	0
18	E	0.00000	1	0.00000	0
19	L	0.00000	1	0.00000	0
20	T	0.00000	1	0.00000	0
21	A	0.00000	1	0.00000	0
22	V	0.00000	1	0.00000	0
23	Q	0.00000	1	0.00000	0
24	F	0.00000	1	0.00000	0
25	C	0.00000	1	0.00000	0
26	F	0.00000	1	0.00000	0
27	E	0.00000	1	0.00000	0
28	N	0.00000	1	0.00000	0
29	V	0.00000	1	0.00000	0
30	N	0.00000	1	0.00000	0
31	K	0.00000	1	0.00000	0
32	S	0.00000	1	0.00000	0
33	C	0.00000	1	0.00000	0
34	I	0.00000	1	0.00000	0
35	K	0.00000	1	0.00000	0
36	T	0.00000	1	0.00000	0
37	T	0.00000	1	0.00000	0
38	Y	0.00000	1	0.00000	0
39	S	0.00000	1	0.00000	0
40	P	0.00000	1	0.00000	0
41	F	0.00000	0.99998	0.00002	0
42	P	0.00000	0.99997	0.00003	0
43	R	0.00000	0.99834	0.00166	0
44	M	0.00000	0.89265	0.10735	0
45	I	0.00000	0.3042	0.69580	0
46	L	0.00000	0.10349	0.89651	0
47	Y	0.00000	0.04049	0.95951	0
48	V	0.00000	0.00719	0.99281	0
49	V	0.00000	0.00257	0.99743	0
50	F	0.00000	0.00037	0.99963	0
51	G	0.00000	0.00014	0.99986	0
52	F	0.00000	1e-05	0.99999	0
53	G	0.00000	0	1.00000	0
54	T	0.00000	0	1.00000	0
55	L	0.00000	0	1.00000	0
56	L	0.00000	0	1.00000	0
57	A	0.00000	0	1.00000	0
58	V	0.00000	0	1.00000	0
59	F	0.00000	0	1.00000	0
60	G	0.00000	0	1.00000	0
61	N	0.00000	0	1.00000	0
62	L	0.00000	0	1.00000	0
63	L	0.00000	0	1.00000	0
64	V	0.00000	0	1.00000	0
65	I	0.00003	0	0.99997	0
66	T	0.00412	0	0.99588	0
67	A	0.01387	0	0.98613	0
68	I	0.03529	0	0.96471	0
69	L	0.22726	0	0.77274	0
70	H	0.59713	0	0.40287	0
71	F	0.67055	0	0.32945	0
72	R	0.99580	0	0.00420	0
73	Q	0.99998	0	0.00002	0
74	L	0.99999	0	0.00001	0
75	H	1.00000	0	0.00000	0
76	T	1.00000	0	0.00000	0
77	P	1.00000	0	0.00000	0
78	T	0.73410	0	0.26590	0
79	N	0.18899	0	0.81101	0
80	F	0.03714	0	0.96286	0
81	L	0.00072	0	0.99928	0
82	I	0.00002	0	0.99998	0
83	A	0.00000	0	1.00000	0
84	S	0.00000	0	1.00000	0
85	L	0.00000	0	1.00000	0
86	A	0.00000	0	1.00000	0
87	C	0.00000	0	1.00000	0
88	A	0.00000	0	1.00000	0
89	D	0.00000	0	1.00000	0
90	F	0.00000	0	1.00000	0
91	L	0.00000	0	1.00000	0
92	V	0.00000	0	1.00000	0
93	G	0.00000	0	1.00000	0
94	L	0.00000	0	1.00000	0
95	T	0.00000	0	1.00000	0
96	V	0.00000	1e-05	0.99999	0
97	M	0.00000	0.00065	0.99935	0
98	P	0.00000	0.01188	0.98812	0
99	F	0.00000	0.03585	0.96415	0
100	S	0.00000	0.2638	0.73620	0
101	M	0.00000	0.34318	0.65682	0
102	V	0.00000	0.61378	0.38622	0
103	R	0.00000	0.99992	0.00008	0
104	S	0.00000	0.99997	0.00003	0
105	V	0.00000	0.99997	0.00003	0
106	E	0.00000	1	0.00000	0
107	S	0.00000	1	0.00000	0
108	C	0.00000	1	0.00000	0
109	W	0.00000	1	0.00000	0
110	Y	0.00000	1	0.00000	0
111	F	0.00000	1	0.00000	0
112	G	0.00000	1	0.00000	0
113	E	0.00000	1	0.00000	0
114	S	0.00000	1	0.00000	0
115	F	0.00000	0.99971	0.00029	0
116	C	0.00000	0.99966	0.00034	0
117	K	0.00000	0.9996	0.00040	0
118	F	0.00000	0.99045	0.00955	0
119	H	0.00000	0.5404	0.45960	0
120	T	0.00000	0.31038	0.68962	0
121	C	0.00000	0.24884	0.75116	0
122	F	0.00000	0.00124	0.99876	0
123	D	0.00000	0.00083	0.99917	0
124	G	0.00000	3e-05	0.99997	0
125	S	0.00000	0	1.00000	0
126	F	0.00000	0	1.00000	0
127	C	0.00000	0	1.00000	0
128	Y	0.00000	0	1.00000	0
129	S	0.00000	0	1.00000	0
130	S	0.00000	0	1.00000	0
131	V	0.00000	0	1.00000	0
132	F	0.00000	0	1.00000	0
133	H	0.00000	0	1.00000	0
134	L	0.00000	0	1.00000	0
135	C	0.00000	0	1.00000	0
136	F	0.00000	0	1.00000	0
137	I	0.00000	0	1.00000	0
138	S	0.00001	0	0.99999	0
139	I	0.00004	0	0.99996	0
140	D	0.00040	0	0.99960	0
141	R	0.30319	0	0.69681	0
142	Y	0.91432	0	0.08568	0
143	I	0.98070	0	0.01930	0
144	A	0.99666	0	0.00334	0
145	V	0.99999	0	0.00001	0
146	T	1.00000	0	0.00000	0
147	D	1.00000	0	0.00000	0
148	P	1.00000	0	0.00000	0
149	L	1.00000	0	0.00000	0
150	I	1.00000	0	0.00000	0
151	Y	1.00000	0	0.00000	0
152	P	1.00000	0	0.00000	0
153	T	0.99998	0	0.00002	0
154	K	0.99988	0	0.00012	0
155	V	0.94105	0	0.05895	0
156	T	0.90745	0	0.09255	0
157	V	0.80381	0	0.19619	0
158	P	0.76548	0	0.23452	0
159	I	0.16374	0	0.83626	0
160	S	0.13323	0	0.86677	0
161	G	0.04690	0	0.95310	0
162	M	0.00894	0	0.99106	0
163	C	0.00002	0	0.99998	0
164	I	0.00000	0	1.00000	0
165	A	0.00000	0	1.00000	0
166	L	0.00000	0	1.00000	0
167	S	0.00000	0	1.00000	0
168	W	0.00000	0	1.00000	0
169	G	0.00000	0	1.00000	0
170	C	0.00000	0	1.00000	0
171	S	0.00000	0	1.00000	0
172	I	0.00000	0	1.00000	0
173	T	0.00000	0	1.00000	0
174	Y	0.00000	0	1.00000	0
175	I	0.00000	6e-05	0.99994	0
176	F	0.00000	0.00536	0.99464	0
177	S	0.00000	0.05452	0.94548	0
178	L	0.00000	0.0818	0.91820	0
179	I	0.00000	0.24687	0.75313	0
180	Y	0.00000	0.49981	0.50019	0
181	T	0.00000	0.81119	0.18881	0
182	G	0.00000	0.92187	0.07813	0
183	A	0.00000	0.95355	0.04645	0
184	N	0.00000	0.99731	0.00269	0
185	D	0.00000	1	0.00000	0
186	D	0.00000	1	0.00000	0
187	G	0.00000	1	0.00000	0
188	L	0.00000	1	0.00000	0
189	E	0.00000	1	0.00000	0
190	D	0.00000	1	0.00000	0
191	L	0.00000	1	0.00000	0
192	V	0.00000	1	0.00000	0
193	I	0.00000	1	0.00000	0
194	A	0.00000	1	0.00000	0
195	L	0.00000	1	0.00000	0
196	S	0.00000	1	0.00000	0
197	C	0.00000	1	0.00000	0
198	V	0.00000	1	0.00000	0
199	G	0.00000	1	0.00000	0
200	G	0.00000	1	0.00000	0
201	C	0.00000	0.99999	0.00001	0
202	Q	0.00000	0.99986	0.00014	0
203	A	0.00000	0.49671	0.50329	0
204	A	0.00000	0.49638	0.50362	0
205	M	0.00000	0.49623	0.50377	0
206	N	0.00000	0.49623	0.50377	0
207	Q	0.00000	0.49597	0.50403	0
208	D	0.00000	0.47853	0.52147	0
209	W	0.00000	0.22408	0.77592	0
210	V	0.00000	0.0751	0.92490	0
211	L	0.00000	0.01927	0.98073	0
212	V	0.00000	0.0029	0.99710	0
213	G	0.00000	0.00181	0.99819	0
214	F	0.00000	0.0008	0.99920	0
215	L	0.00000	0	1.00000	0
216	L	0.00000	0	1.00000	0
217	F	0.00000	0	1.00000	0
218	L	0.00000	0	1.00000	0
219	I	0.00000	0	1.00000	0
220	P	0.00000	0	1.00000	0
221	T	0.00000	0	1.00000	0
222	I	0.00000	0	1.00000	0
223	A	0.00000	0	1.00000	0
224	M	0.00000	0	1.00000	0
225	L	0.00000	0	1.00000	0
226	I	0.00085	0	0.99915	0
227	I	0.01555	0	0.98445	0
228	Y	0.08439	0	0.91561	0
229	G	0.38964	0	0.61036	0
230	K	0.49417	0	0.50583	0
231	I	0.49616	0	0.50384	0
232	F	0.50195	0	0.49805	0
233	L	0.55104	0	0.44896	0
234	V	0.59724	0	0.40276	0
235	A	0.97402	0	0.02598	0
236	K	0.99931	0	0.00069	0
237	Q	0.99998	0	0.00002	0
238	Q	1.00000	0	0.00000	0
239	A	1.00000	0	0.00000	0
240	R	1.00000	0	0.00000	0
241	K	1.00000	0	0.00000	0
242	I	1.00000	0	0.00000	0
243	E	1.00000	0	0.00000	0
244	S	1.00000	0	0.00000	0
245	S	1.00000	0	0.00000	0
246	S	1.00000	0	0.00000	0
247	N	1.00000	0	0.00000	0
248	Q	1.00000	0	0.00000	0
249	T	1.00000	0	0.00000	0
250	Q	1.00000	0	0.00000	0
251	A	1.00000	0	0.00000	0
252	S	1.00000	0	0.00000	0
253	A	1.00000	0	0.00000	0
254	E	1.00000	0	0.00000	0
255	S	1.00000	0	0.00000	0
256	Y	1.00000	0	0.00000	0
257	K	1.00000	0	0.00000	0
258	D	1.00000	0	0.00000	0
259	R	1.00000	0	0.00000	0
260	V	1.00000	0	0.00000	0
261	A	1.00000	0	0.00000	0
262	K	1.00000	0	0.00000	0
263	R	1.00000	0	0.00000	0
264	E	1.00000	0	0.00000	0
265	R	0.90867	0	0.09133	0
266	K	0.90462	0	0.09538	0
267	A	0.03475	0	0.96525	0
268	A	0.03392	0	0.96608	0
269	K	0.03182	0	0.96818	0
270	T	0.01997	0	0.98003	0
271	L	0.00934	0	0.99066	0
272	G	0.00277	0	0.99723	0
273	I	0.00174	0	0.99826	0
274	A	0.00172	0	0.99828	0
275	M	0.00044	0	0.99956	0
276	A	0.00001	0	0.99999	0
277	V	0.00000	0	1.00000	0
278	F	0.00000	0	1.00000	0
279	L	0.00000	0	1.00000	0
280	V	0.00000	0	1.00000	0
281	C	0.00000	0	1.00000	0
282	W	0.00000	0	1.00000	0
283	L	0.00000	0	1.00000	0
284	P	0.00000	0	1.00000	0
285	Y	0.00000	2e-05	0.99998	0
286	F	0.00000	0.00023	0.99977	0
287	I	0.00000	0.05917	0.94083	0
288	D	0.00000	0.91179	0.08821	0
289	T	0.00000	0.91647	0.08353	0
290	L	0.00000	0.92551	0.07449	0
291	V	0.00000	0.94013	0.05987	0
292	D	0.00000	0.97865	0.02135	0
293	A	0.00000	0.97876	0.02124	0
294	Y	0.00000	0.9797	0.02030	0
295	M	0.00000	0.98077	0.01923	0
296	N	0.00000	0.98575	0.01425	0
297	F	0.00000	0.98629	0.01371	0
298	I	0.00000	0.99173	0.00827	0
299	T	0.00000	0.99917	0.00083	0
300	P	0.00000	0.99982	0.00018	0
301	A	0.00000	0.99982	0.00018	0
302	Y	0.00000	0.9998	0.00020	0
303	V	0.00000	0.99941	0.00059	0
304	Y	0.00000	0.99909	0.00091	0
305	E	0.00000	0.90226	0.09774	0
306	I	0.00000	0.46489	0.53511	0
307	L	0.00000	0.10679	0.89321	0
308	L	0.00000	0.01595	0.98405	0
309	W	0.00000	0.00122	0.99878	0
310	F	0.00000	1e-05	0.99999	0
311	V	0.00000	0	1.00000	0
312	Y	0.00000	0	1.00000	0
313	Y	0.00000	0	1.00000	0
314	N	0.00001	0	0.99999	0
315	S	0.00001	0	0.99999	0
316	A	0.00001	0	0.99999	0
317	M	0.00001	0	0.99999	0
318	N	0.00001	0	0.99999	0
319	P	0.00001	0	0.99999	0
320	L	0.00001	0	0.99999	0
321	I	0.00001	0	0.99999	0
322	Y	0.00002	0	0.99998	0
323	A	0.00003	0	0.99997	0
324	F	0.00006	0	0.99994	0
325	F	0.00096	0	0.99904	0
326	Y	0.01759	0	0.98241	0
327	P	0.11526	0	0.88474	0
328	W	0.17494	0	0.82506	0
329	F	0.61999	0	0.38001	0
330	R	1.00000	0	0.00000	0
331	K	1.00000	0	0.00000	0
332	A	1.00000	0	0.00000	0
333	I	1.00000	0	0.00000	0
334	K	1.00000	0	0.00000	0
335	L	1.00000	0	0.00000	0
336	I	1.00000	0	0.00000	0
337	V	1.00000	0	0.00000	0
338	S	1.00000	0	0.00000	0
339	G	1.00000	0	0.00000	0
340	R	1.00000	0	0.00000	0
341	I	1.00000	0	0.00000	0
342	L	1.00000	0	0.00000	0
343	R	1.00000	0	0.00000	0
344	N	1.00000	0	0.00000	0
345	D	1.00000	0	0.00000	0
346	S	1.00000	0	0.00000	0
347	S	1.00000	0	0.00000	0
348	S	1.00000	0	0.00000	0
349	M	1.00000	0	0.00000	0
350	N	1.00000	0	0.00000	0
351	L	1.00000	0	0.00000	0
352	F	1.00000	0	0.00000	0
353	S	1.00000	0	0.00000	0
354	E	1.00000	0	0.00000	0
355	D	1.00000	0	0.00000	0
356	V	1.00000	0	0.00000	0
357	E	1.00000	0	0.00000	0
358	I	1.00000	0	0.00000	0
359	H	1.00000	0	0.00000	0
360	N	1.00000	0	0.00000	0
