# UNNAMED
#pos	aa	i	o	M	S
1	M	0.00000	0.99946	0.00000	0.00054
2	S	0.00000	0.99946	0.00000	0.00054
3	P	0.00000	0.99946	0.00000	0.00054
4	P	0.00000	0.99946	0.00000	0.00054
5	N	0.00000	0.99946	0.00000	0.00053
6	Q	0.00000	0.99946	0.00000	0.00054
7	S	0.00000	0.99946	0.00000	0.00053
8	A	0.00000	0.99946	0.00000	0.00053
9	E	0.00000	0.99946	0.00000	0.00053
10	G	0.00000	0.99946	0.00000	0.00053
11	L	0.00000	0.99946	0.00000	0.00053
12	L	0.00000	0.99946	0.00000	0.00053
13	Q	0.00000	0.99946	0.00000	0.00053
14	G	0.00000	0.99946	0.00000	0.00054
15	A	0.00000	0.99946	0.00000	0.00053
16	P	0.00000	0.99947	0.00000	0.00053
17	N	0.00000	0.99947	0.00000	0.00053
18	R	0.00000	0.99947	0.00000	0.00053
19	S	0.00000	0.99947	0.00000	0.00053
20	L	0.00000	0.99999	0.00000	1e-05
21	N	0.00000	0.99999	0.00000	1e-05
22	A	0.00000	0.99999	0.00000	1e-05
23	T	0.00000	0.99999	0.00000	1e-05
24	E	0.00000	1	0.00000	0
25	T	0.00000	1	0.00000	0
26	P	0.00000	1	0.00000	0
27	G	0.00000	1	0.00000	0
28	A	0.00000	1	0.00000	0
29	W	0.00000	1	0.00000	0
30	D	0.00000	1	0.00000	0
31	P	0.00000	1	0.00000	0
32	G	0.00000	0.99998	0.00002	0
33	T	0.00000	0.99995	0.00005	0
34	L	0.00000	0.99952	0.00048	0
35	Q	0.00000	0.99845	0.00155	0
36	A	0.00000	0.98987	0.01013	0
37	L	0.00000	0.98127	0.01873	0
38	K	0.00000	0.97394	0.02606	0
39	I	0.00000	0.38006	0.61994	0
40	A	0.00000	0.23579	0.76421	0
41	L	0.00000	0.12623	0.87377	0
42	A	0.00000	0.09318	0.90682	0
43	V	0.00000	0.03304	0.96696	0
44	V	0.00000	0.01207	0.98793	0
45	L	0.00000	0.00325	0.99675	0
46	S	0.00000	0.00152	0.99848	0
47	I	0.00000	6e-05	0.99994	0
48	V	0.00000	0	1.00000	0
49	T	0.00000	0	1.00000	0
50	L	0.00000	0	1.00000	0
51	A	0.00000	0	1.00000	0
52	T	0.00000	0	1.00000	0
53	V	0.00000	0	1.00000	0
54	L	0.00000	0	1.00000	0
55	S	0.00000	0	1.00000	0
56	N	0.00000	0	1.00000	0
57	A	0.00000	0	1.00000	0
58	F	0.00000	0	1.00000	0
59	V	0.00005	0	0.99995	0
60	L	0.00074	0	0.99926	0
61	T	0.02270	0	0.97730	0
62	T	0.06482	0	0.93518	0
63	I	0.07940	0	0.92060	0
64	F	0.15713	0	0.84287	0
65	L	0.44910	0	0.55090	0
66	T	0.92449	0	0.07551	0
67	R	0.99825	0	0.00175	0
68	K	0.99999	0	0.00001	0
69	L	1.00000	0	0.00000	0
70	H	1.00000	0	0.00000	0
71	S	1.00000	0	0.00000	0
72	P	1.00000	0	0.00000	0
73	A	0.78805	0	0.21195	0
74	N	0.22606	0	0.77394	0
75	C	0.09824	0	0.90176	0
76	L	0.00158	0	0.99842	0
77	I	0.00013	0	0.99987	0
78	G	0.00002	0	0.99998	0
79	S	0.00000	0	1.00000	0
80	L	0.00000	0	1.00000	0
81	A	0.00000	0	1.00000	0
82	M	0.00000	0	1.00000	0
83	T	0.00000	0	1.00000	0
84	D	0.00000	0	1.00000	0
85	L	0.00000	0	1.00000	0
86	L	0.00000	0	1.00000	0
87	V	0.00000	0	1.00000	0
88	S	0.00000	0	1.00000	0
89	I	0.00000	0	1.00000	0
90	L	0.00000	0	1.00000	0
91	V	0.00000	0	1.00000	0
92	M	0.00000	0.00015	0.99985	0
93	P	0.00000	0.00307	0.99693	0
94	I	0.00000	0.07047	0.92953	0
95	S	0.00000	0.35386	0.64614	0
96	I	0.00000	0.46574	0.53426	0
97	A	0.00000	0.78174	0.21826	0
98	Y	0.00000	0.99993	0.00007	0
99	T	0.00000	0.99998	0.00002	0
100	T	0.00000	0.99999	0.00001	0
101	T	0.00000	1	0.00000	0
102	H	0.00000	1	0.00000	0
103	T	0.00000	1	0.00000	0
104	W	0.00000	1	0.00000	0
105	S	0.00000	1	0.00000	0
106	F	0.00000	1	0.00000	0
107	G	0.00000	1	0.00000	0
108	Q	0.00000	0.99994	0.00006	0
109	L	0.00000	0.99844	0.00156	0
110	L	0.00000	0.99805	0.00195	0
111	C	0.00000	0.99778	0.00222	0
112	D	0.00000	0.99658	0.00342	0
113	I	0.00000	0.99466	0.00534	0
114	W	0.00000	0.84004	0.15996	0
115	L	0.00000	0.08315	0.91685	0
116	S	0.00000	0.01317	0.98683	0
117	S	0.00000	0.00207	0.99793	0
118	D	0.00000	0.0007	0.99930	0
119	V	0.00000	2e-05	0.99998	0
120	T	0.00000	0	1.00000	0
121	C	0.00000	0	1.00000	0
122	C	0.00000	0	1.00000	0
123	T	0.00000	0	1.00000	0
124	A	0.00000	0	1.00000	0
125	S	0.00000	0	1.00000	0
126	I	0.00000	0	1.00000	0
127	L	0.00000	0	1.00000	0
128	H	0.00000	0	1.00000	0
129	L	0.00000	0	1.00000	0
130	C	0.00003	0	0.99997	0
131	V	0.00004	0	0.99996	0
132	I	0.00006	0	0.99994	0
133	A	0.00012	0	0.99988	0
134	L	0.00012	0	0.99988	0
135	D	0.00019	0	0.99981	0
136	R	0.15183	0	0.84817	0
137	Y	0.57452	0	0.42548	0
138	W	0.60523	0	0.39477	0
139	A	0.92313	0	0.07687	0
140	I	1.00000	0	0.00000	0
141	T	1.00000	0	0.00000	0
142	D	1.00000	0	0.00000	0
143	A	1.00000	0	0.00000	0
144	L	1.00000	0	0.00000	0
145	E	1.00000	0	0.00000	0
146	Y	1.00000	0	0.00000	0
147	S	1.00000	0	0.00000	0
148	K	1.00000	0	0.00000	0
149	R	1.00000	0	0.00000	0
150	R	1.00000	0	0.00000	0
151	T	0.99871	0	0.00129	0
152	V	0.98348	0	0.01652	0
153	R	0.97109	0	0.02891	0
154	H	0.59337	0	0.40663	0
155	A	0.09224	0	0.90776	0
156	A	0.01165	0	0.98835	0
157	A	0.00233	0	0.99767	0
158	M	0.00024	0	0.99976	0
159	I	0.00000	0	1.00000	0
160	A	0.00000	0	1.00000	0
161	M	0.00000	0	1.00000	0
162	V	0.00000	0	1.00000	0
163	W	0.00000	0	1.00000	0
164	A	0.00000	0	1.00000	0
165	I	0.00000	0	1.00000	0
166	S	0.00000	0	1.00000	0
167	V	0.00000	0	1.00000	0
168	C	0.00000	0	1.00000	0
169	I	0.00000	0	1.00000	0
170	S	0.00000	1e-05	0.99999	0
171	I	0.00000	5e-05	0.99995	0
172	P	0.00000	0.00113	0.99887	0
173	P	0.00000	0.00207	0.99793	0
174	L	0.00000	0.00776	0.99224	0
175	F	0.00000	0.06536	0.93464	0
176	W	0.00000	0.53858	0.46142	0
177	R	0.00000	0.97317	0.02683	0
178	Q	0.00000	0.99529	0.00471	0
179	A	0.00000	0.99798	0.00202	0
180	K	0.00000	0.99999	0.00001	0
181	T	0.00000	1	0.00000	0
182	H	0.00000	1	0.00000	0
183	E	0.00000	1	0.00000	0
184	E	0.00000	1	0.00000	0
185	M	0.00000	1	0.00000	0
186	S	0.00000	1	0.00000	0
187	D	0.00000	1	0.00000	0
188	C	0.00000	1	0.00000	0
189	L	0.00000	1	0.00000	0
190	V	0.00000	0.99999	0.00001	0
191	N	0.00000	0.99994	0.00006	0
192	T	0.00000	0.99939	0.00061	0
193	S	0.00000	0.99652	0.00348	0
194	Q	0.00000	0.99442	0.00558	0
195	I	0.00000	0.8283	0.17170	0
196	S	0.00000	0.49922	0.50078	0
197	Y	0.00000	0.36452	0.63548	0
198	T	0.00000	0.17138	0.82862	0
199	I	0.00000	0.0089	0.99110	0
200	Y	0.00000	0.0071	0.99290	0
201	S	0.00000	0.00668	0.99332	0
202	T	0.00000	0.0041	0.99590	0
203	C	0.00000	0.00392	0.99608	0
204	G	0.00000	0.00017	0.99983	0
205	A	0.00000	1e-05	0.99999	0
206	F	0.00000	0	1.00000	0
207	Y	0.00000	0	1.00000	0
208	I	0.00000	0	1.00000	0
209	P	0.00000	0	1.00000	0
210	S	0.00000	0	1.00000	0
211	V	0.00000	0	1.00000	0
212	L	0.00000	0	1.00000	0
213	L	0.00000	0	1.00000	0
214	I	0.00000	0	1.00000	0
215	I	0.00000	0	1.00000	0
216	L	0.00014	0	0.99985	0
217	Y	0.00345	0	0.99655	0
218	G	0.09650	0	0.90350	0
219	R	0.23446	0	0.76554	0
220	I	0.24583	0	0.75417	0
221	Y	0.31007	0	0.68993	0
222	M	0.75497	0	0.24503	0
223	A	0.84721	0	0.15279	0
224	A	0.99702	0	0.00298	0
225	R	0.99927	0	0.00072	0
226	N	0.99973	0	0.00026	0
227	R	0.99978	0	0.00022	0
228	I	0.99979	0	0.00021	0
229	L	0.99983	0	0.00016	0
230	N	1.00000	0	0.00000	0
231	P	1.00000	0	0.00000	0
232	P	1.00000	0	0.00000	0
233	S	1.00000	0	0.00000	0
234	L	1.00000	0	0.00000	0
235	Y	1.00000	0	0.00000	0
236	G	1.00000	0	0.00000	0
237	K	1.00000	0	0.00000	0
238	R	1.00000	0	0.00000	0
239	F	1.00000	0	0.00000	0
240	T	1.00000	0	0.00000	0
241	T	1.00000	0	0.00000	0
242	A	1.00000	0	0.00000	0
243	H	1.00000	0	0.00000	0
244	L	1.00000	0	0.00000	0
245	I	1.00000	0	0.00000	0
246	T	1.00000	0	0.00000	0
247	G	1.00000	0	0.00000	0
248	S	1.00000	0	0.00000	0
249	A	1.00000	0	0.00000	0
250	G	1.00000	0	0.00000	0
251	S	1.00000	0	0.00000	0
252	S	1.00000	0	0.00000	0
253	L	1.00000	0	0.00000	0
254	C	1.00000	0	0.00000	0
255	S	1.00000	0	0.00000	0
256	L	1.00000	0	0.00000	0
257	N	1.00000	0	0.00000	0
258	P	1.00000	0	0.00000	0
259	S	1.00000	0	0.00000	0
260	L	1.00000	0	0.00000	0
261	H	1.00000	0	0.00000	0
262	E	1.00000	0	0.00000	0
263	G	1.00000	0	0.00000	0
264	H	1.00000	0	0.00000	0
265	S	1.00000	0	0.00000	0
266	H	1.00000	0	0.00000	0
267	S	1.00000	0	0.00000	0
268	A	1.00000	0	0.00000	0
269	G	1.00000	0	0.00000	0
270	S	1.00000	0	0.00000	0
271	P	1.00000	0	0.00000	0
272	L	1.00000	0	0.00000	0
273	F	1.00000	0	0.00000	0
274	F	1.00000	0	0.00000	0
275	N	1.00000	0	0.00000	0
276	H	1.00000	0	0.00000	0
277	V	1.00000	0	0.00000	0
278	K	1.00000	0	0.00000	0
279	I	1.00000	0	0.00000	0
280	K	1.00000	0	0.00000	0
281	L	1.00000	0	0.00000	0
282	A	1.00000	0	0.00000	0
283	D	1.00000	0	0.00000	0
284	S	1.00000	0	0.00000	0
285	V	1.00000	0	0.00000	0
286	L	1.00000	0	0.00000	0
287	E	1.00000	0	0.00000	0
288	R	1.00000	0	0.00000	0
289	K	1.00000	0	0.00000	0
290	R	1.00000	0	0.00000	0
291	I	1.00000	0	0.00000	0
292	S	1.00000	0	0.00000	0
293	A	1.00000	0	0.00000	0
294	A	1.00000	0	0.00000	0
295	R	1.00000	0	0.00000	0
296	E	1.00000	0	0.00000	0
297	R	0.99701	0	0.00299	0
298	K	0.99666	0	0.00334	0
299	A	0.73201	0	0.26799	0
300	T	0.73072	0	0.26928	0
301	K	0.72797	0	0.27203	0
302	T	0.72523	0	0.27477	0
303	L	0.00754	0	0.99246	0
304	G	0.00138	0	0.99862	0
305	I	0.00007	0	0.99993	0
306	I	0.00004	0	0.99996	0
307	L	0.00000	0	1.00000	0
308	G	0.00000	0	1.00000	0
309	A	0.00000	0	1.00000	0
310	F	0.00000	0	1.00000	0
311	I	0.00000	0	1.00000	0
312	V	0.00000	0	1.00000	0
313	C	0.00000	0	1.00000	0
314	W	0.00000	0	1.00000	0
315	L	0.00000	0	1.00000	0
316	P	0.00000	0	1.00000	0
317	F	0.00000	0	1.00000	0
318	F	0.00000	0	1.00000	0
319	V	0.00000	4e-05	0.99996	0
320	A	0.00000	0.00043	0.99957	0
321	S	0.00000	0.00267	0.99733	0
322	L	0.00000	0.00631	0.99369	0
323	V	0.00000	0.02462	0.97538	0
324	L	0.00000	0.07645	0.92355	0
325	P	0.00000	0.4255	0.57450	0
326	I	0.00000	0.51394	0.48606	0
327	C	0.00000	0.95758	0.04242	0
328	R	0.00000	0.99819	0.00181	0
329	D	0.00000	1	0.00000	0
330	S	0.00000	1	0.00000	0
331	C	0.00000	1	0.00000	0
332	W	0.00000	0.99998	0.00002	0
333	I	0.00000	0.99995	0.00005	0
334	P	0.00000	0.99992	0.00008	0
335	P	0.00000	0.99962	0.00038	0
336	A	0.00000	0.99457	0.00543	0
337	L	0.00000	0.98926	0.01074	0
338	F	0.00000	0.98763	0.01237	0
339	D	0.00000	0.93759	0.06241	0
340	F	0.00000	0.00868	0.99132	0
341	F	0.00000	0.00036	0.99964	0
342	T	0.00000	1e-05	0.99999	0
343	W	0.00000	0	1.00000	0
344	L	0.00000	0	1.00000	0
345	G	0.00000	0	1.00000	0
346	Y	0.00000	0	1.00000	0
347	L	0.00000	0	1.00000	0
348	N	0.00000	0	1.00000	0
349	S	0.00000	0	1.00000	0
350	L	0.00000	0	1.00000	0
351	I	0.00000	0	1.00000	0
352	N	0.00000	0	1.00000	0
353	P	0.00000	0	1.00000	0
354	I	0.00000	0	1.00000	0
355	I	0.00000	0	1.00000	0
356	Y	0.00001	0	0.99999	0
357	T	0.00003	0	0.99997	0
358	V	0.00021	0	0.99979	0
359	F	0.01576	0	0.98424	0
360	N	0.39195	0	0.60805	0
361	E	1.00000	0	0.00000	0
362	E	1.00000	0	0.00000	0
363	F	1.00000	0	0.00000	0
364	R	1.00000	0	0.00000	0
365	Q	1.00000	0	0.00000	0
366	A	1.00000	0	0.00000	0
367	F	1.00000	0	0.00000	0
368	Q	1.00000	0	0.00000	0
369	K	1.00000	0	0.00000	0
370	V	1.00000	0	0.00000	0
371	V	1.00000	0	0.00000	0
372	R	1.00000	0	0.00000	0
373	F	1.00000	0	0.00000	0
374	R	1.00000	0	0.00000	0
375	K	1.00000	0	0.00000	0
376	T	1.00000	0	0.00000	0
377	S	1.00000	0	0.00000	0
