# UNNAMED
#pos	aa	i	o	M	S
1	M	0.00000	0.97151	0.00000	0.02849
2	E	0.00000	0.97151	0.00000	0.02849
3	K	0.00000	0.97151	0.00000	0.02849
4	L	0.00000	0.97151	0.00000	0.0285
5	V	0.00000	0.97151	0.00000	0.02849
6	N	0.00000	0.97151	0.00000	0.02849
7	Y	0.00000	0.97151	0.00000	0.02849
8	L	0.00000	0.97151	0.00000	0.02849
9	V	0.00000	0.97151	0.00000	0.02849
10	G	0.00000	0.97151	0.00000	0.0285
11	L	0.00000	0.97151	0.00000	0.02849
12	L	0.00000	0.97151	0.00000	0.02849
13	K	0.00000	0.97151	0.00000	0.02849
14	V	0.00000	0.97151	0.00000	0.02849
15	M	0.00000	0.97151	0.00000	0.02849
16	S	0.00000	0.97151	0.00000	0.0285
17	I	0.00000	0.98988	0.00000	0.01012
18	N	0.00000	0.98988	0.00000	0.01013
19	L	0.00000	0.98988	0.00000	0.01012
20	S	0.00000	0.98988	0.00000	0.01012
21	Q	0.00000	0.99997	0.00000	2e-05
22	P	0.00000	0.99998	0.00000	2e-05
23	A	0.00000	0.99998	0.00000	2e-05
24	A	0.00000	0.99998	0.00000	2e-05
25	V	0.00000	0.99998	0.00000	2e-05
26	Q	0.00000	0.99998	0.00000	2e-05
27	L	0.00000	0.99998	0.00000	2e-05
28	C	0.00000	1	0.00000	0
29	Y	0.00000	1	0.00000	0
30	E	0.00000	1	0.00000	0
31	N	0.00000	1	0.00000	0
32	V	0.00000	1	0.00000	0
33	N	0.00000	1	0.00000	0
34	G	0.00000	1	0.00000	0
35	S	0.00000	1	0.00000	0
36	C	0.00000	1	0.00000	0
37	I	0.00000	1	0.00000	0
38	K	0.00000	1	0.00000	0
39	T	0.00000	1	0.00000	0
40	P	0.00000	1	0.00000	0
41	Y	0.00000	1	0.00000	0
42	S	0.00000	1	0.00000	0
43	P	0.00000	1	0.00000	0
44	G	0.00000	0.99999	0.00001	0
45	P	0.00000	0.99995	0.00005	0
46	R	0.00000	0.99196	0.00804	0
47	A	0.00000	0.61756	0.38244	0
48	I	0.00000	0.10277	0.89723	0
49	L	0.00000	0.03602	0.96398	0
50	Y	0.00000	0.01538	0.98462	0
51	A	0.00000	0.00465	0.99535	0
52	V	0.00000	0.00123	0.99877	0
53	L	0.00000	0.00048	0.99952	0
54	G	0.00000	0.00017	0.99983	0
55	F	0.00000	1e-05	0.99999	0
56	G	0.00000	0	1.00000	0
57	A	0.00000	0	1.00000	0
58	V	0.00000	0	1.00000	0
59	L	0.00000	0	1.00000	0
60	A	0.00000	0	1.00000	0
61	V	0.00000	0	1.00000	0
62	F	0.00000	0	1.00000	0
63	G	0.00000	0	1.00000	0
64	N	0.00000	0	1.00000	0
65	L	0.00000	0	1.00000	0
66	L	0.00000	0	1.00000	0
67	V	0.00001	0	0.99999	0
68	I	0.00007	0	0.99993	0
69	T	0.00742	0	0.99258	0
70	A	0.02231	0	0.97769	0
71	I	0.05081	0	0.94919	0
72	L	0.27638	0	0.72362	0
73	H	0.66274	0	0.33726	0
74	F	0.73094	0	0.26906	0
75	K	0.99779	0	0.00221	0
76	Q	0.99999	0	0.00001	0
77	L	1.00000	0	0.00000	0
78	H	1.00000	0	0.00000	0
79	T	1.00000	0	0.00000	0
80	P	1.00000	0	0.00000	0
81	T	0.63046	0	0.36954	0
82	N	0.10591	0	0.89409	0
83	F	0.01335	0	0.98665	0
84	L	0.00017	0	0.99983	0
85	I	0.00000	0	1.00000	0
86	A	0.00000	0	1.00000	0
87	S	0.00000	0	1.00000	0
88	L	0.00000	0	1.00000	0
89	A	0.00000	0	1.00000	0
90	C	0.00000	0	1.00000	0
91	A	0.00000	0	1.00000	0
92	D	0.00000	0	1.00000	0
93	F	0.00000	0	1.00000	0
94	L	0.00000	0	1.00000	0
95	V	0.00000	0	1.00000	0
96	G	0.00000	0	1.00000	0
97	V	0.00000	0	1.00000	0
98	T	0.00000	0	1.00000	0
99	V	0.00000	5e-05	0.99995	0
100	M	0.00000	0.00308	0.99692	0
101	P	0.00000	0.05577	0.94423	0
102	F	0.00000	0.16682	0.83318	0
103	S	0.00000	0.68634	0.31366	0
104	T	0.00000	0.86513	0.13487	0
105	V	0.00000	0.92117	0.07883	0
106	R	0.00000	0.99998	0.00002	0
107	S	0.00000	0.99999	0.00001	0
108	V	0.00000	0.99999	0.00001	0
109	E	0.00000	1	0.00000	0
110	S	0.00000	1	0.00000	0
111	C	0.00000	1	0.00000	0
112	W	0.00000	1	0.00000	0
113	Y	0.00000	1	0.00000	0
114	F	0.00000	1	0.00000	0
115	G	0.00000	1	0.00000	0
116	E	0.00000	1	0.00000	0
117	S	0.00000	1	0.00000	0
118	Y	0.00000	0.99987	0.00013	0
119	C	0.00000	0.99979	0.00021	0
120	K	0.00000	0.99969	0.00031	0
121	F	0.00000	0.98566	0.01434	0
122	H	0.00000	0.30351	0.69649	0
123	T	0.00000	0.17877	0.82123	0
124	C	0.00000	0.14465	0.85535	0
125	F	0.00000	0.00058	0.99942	0
126	D	0.00000	0.00031	0.99969	0
127	T	0.00000	5e-05	0.99995	0
128	S	0.00000	0	1.00000	0
129	F	0.00000	0	1.00000	0
130	C	0.00000	0	1.00000	0
131	F	0.00000	0	1.00000	0
132	A	0.00000	0	1.00000	0
133	S	0.00000	0	1.00000	0
134	L	0.00000	0	1.00000	0
135	F	0.00000	0	1.00000	0
136	H	0.00000	0	1.00000	0
137	L	0.00000	0	1.00000	0
138	C	0.00000	0	1.00000	0
139	F	0.00000	0	1.00000	0
140	I	0.00000	0	1.00000	0
141	S	0.00001	0	0.99999	0
142	I	0.00003	0	0.99997	0
143	D	0.00036	0	0.99964	0
144	R	0.31259	0	0.68741	0
145	Y	0.92114	0	0.07886	0
146	I	0.98179	0	0.01821	0
147	A	0.99670	0	0.00330	0
148	V	1.00000	0	0.00000	0
149	T	1.00000	0	0.00000	0
150	D	1.00000	0	0.00000	0
151	P	1.00000	0	0.00000	0
152	L	1.00000	0	0.00000	0
153	V	1.00000	0	0.00000	0
154	Y	1.00000	0	0.00000	0
155	L	0.99999	0	0.00001	0
156	T	0.99996	0	0.00004	0
157	K	0.99989	0	0.00011	0
158	F	0.97679	0	0.02321	0
159	T	0.96498	0	0.03502	0
160	V	0.92805	0	0.07195	0
161	P	0.89947	0	0.10053	0
162	V	0.39326	0	0.60674	0
163	S	0.34698	0	0.65302	0
164	G	0.11225	0	0.88775	0
165	I	0.00237	0	0.99763	0
166	C	0.00001	0	0.99999	0
167	I	0.00000	0	1.00000	0
168	A	0.00000	0	1.00000	0
169	L	0.00000	0	1.00000	0
170	S	0.00000	0	1.00000	0
171	W	0.00000	0	1.00000	0
172	F	0.00000	0	1.00000	0
173	F	0.00000	0	1.00000	0
174	S	0.00000	0	1.00000	0
175	V	0.00000	0	1.00000	0
176	T	0.00000	1e-05	0.99999	0
177	Y	0.00000	0.00014	0.99986	0
178	S	0.00000	0.00159	0.99841	0
179	F	0.00000	0.00351	0.99649	0
180	S	0.00000	0.02135	0.97865	0
181	I	0.00000	0.03241	0.96759	0
182	F	0.00000	0.10388	0.89612	0
183	Y	0.00000	0.28803	0.71197	0
184	T	0.00000	0.63352	0.36648	0
185	G	0.00000	0.81202	0.18798	0
186	A	0.00000	0.88004	0.11996	0
187	N	0.00000	0.99403	0.00597	0
188	V	0.00000	0.99905	0.00095	0
189	E	0.00000	0.99999	0.00001	0
190	G	0.00000	1	0.00000	0
191	I	0.00000	1	0.00000	0
192	E	0.00000	1	0.00000	0
193	D	0.00000	1	0.00000	0
194	L	0.00000	1	0.00000	0
195	V	0.00000	1	0.00000	0
196	I	0.00000	1	0.00000	0
197	A	0.00000	1	0.00000	0
198	L	0.00000	1	0.00000	0
199	T	0.00000	1	0.00000	0
200	C	0.00000	1	0.00000	0
201	V	0.00000	1	0.00000	0
202	G	0.00000	1	0.00000	0
203	G	0.00000	1	0.00000	0
204	C	0.00000	0.99999	0.00001	0
205	Q	0.00000	0.99993	0.00007	0
206	A	0.00000	0.77712	0.22288	0
207	P	0.00000	0.77637	0.22363	0
208	L	0.00000	0.77364	0.22636	0
209	N	0.00000	0.77355	0.22645	0
210	Q	0.00000	0.77255	0.22745	0
211	K	0.00000	0.66077	0.33923	0
212	W	0.00000	0.31248	0.68752	0
213	V	0.00000	0.1068	0.89320	0
214	L	0.00000	0.02911	0.97089	0
215	L	0.00000	0.00617	0.99383	0
216	C	0.00000	0.00428	0.99572	0
217	F	0.00000	0.0019	0.99810	0
218	L	0.00000	0	1.00000	0
219	L	0.00000	0	1.00000	0
220	F	0.00000	0	1.00000	0
221	F	0.00000	0	1.00000	0
222	I	0.00000	0	1.00000	0
223	P	0.00000	0	1.00000	0
224	T	0.00000	0	1.00000	0
225	V	0.00000	0	1.00000	0
226	A	0.00000	0	1.00000	0
227	M	0.00000	0	1.00000	0
228	V	0.00000	0	1.00000	0
229	V	0.00044	0	0.99956	0
230	I	0.00660	0	0.99340	0
231	Y	0.03732	0	0.96268	0
232	G	0.17508	0	0.82492	0
233	K	0.22597	0	0.77403	0
234	I	0.22731	0	0.77269	0
235	F	0.23550	0	0.76450	0
236	L	0.31726	0	0.68274	0
237	V	0.39081	0	0.60919	0
238	A	0.96100	0	0.03900	0
239	K	0.99881	0	0.00119	0
240	Q	0.99996	0	0.00004	0
241	Q	1.00000	0	0.00000	0
242	A	1.00000	0	0.00000	0
243	R	1.00000	0	0.00000	0
244	K	1.00000	0	0.00000	0
245	I	1.00000	0	0.00000	0
246	E	1.00000	0	0.00000	0
247	S	1.00000	0	0.00000	0
248	S	1.00000	0	0.00000	0
249	S	1.00000	0	0.00000	0
250	S	1.00000	0	0.00000	0
251	Q	1.00000	0	0.00000	0
252	T	1.00000	0	0.00000	0
253	Q	1.00000	0	0.00000	0
254	A	1.00000	0	0.00000	0
255	S	1.00000	0	0.00000	0
256	A	1.00000	0	0.00000	0
257	E	1.00000	0	0.00000	0
258	S	1.00000	0	0.00000	0
259	Y	1.00000	0	0.00000	0
260	K	1.00000	0	0.00000	0
261	D	1.00000	0	0.00000	0
262	R	1.00000	0	0.00000	0
263	V	1.00000	0	0.00000	0
264	A	1.00000	0	0.00000	0
265	K	1.00000	0	0.00000	0
266	R	1.00000	0	0.00000	0
267	E	1.00000	0	0.00000	0
268	R	0.92409	0	0.07591	0
269	K	0.92063	0	0.07937	0
270	A	0.10017	0	0.89983	0
271	A	0.09906	0	0.90094	0
272	K	0.09361	0	0.90639	0
273	T	0.05682	0	0.94318	0
274	L	0.02594	0	0.97406	0
275	G	0.01571	0	0.98429	0
276	I	0.01081	0	0.98919	0
277	A	0.01070	0	0.98930	0
278	M	0.00463	0	0.99537	0
279	A	0.00007	0	0.99993	0
280	A	0.00000	0	1.00000	0
281	F	0.00000	0	1.00000	0
282	L	0.00000	0	1.00000	0
283	V	0.00000	0	1.00000	0
284	S	0.00000	0	1.00000	0
285	W	0.00000	0	1.00000	0
286	L	0.00000	0	1.00000	0
287	P	0.00000	3e-05	0.99997	0
288	Y	0.00000	0.00017	0.99983	0
289	I	0.00000	0.00162	0.99838	0
290	I	0.00000	0.04942	0.95058	0
291	D	0.00000	0.74116	0.25884	0
292	A	0.00000	0.74496	0.25504	0
293	V	0.00000	0.77735	0.22265	0
294	I	0.00000	0.80772	0.19228	0
295	D	0.00000	0.94191	0.05809	0
296	A	0.00000	0.94228	0.05772	0
297	Y	0.00000	0.94545	0.05455	0
298	M	0.00000	0.94767	0.05233	0
299	N	0.00000	0.9603	0.03970	0
300	F	0.00000	0.96163	0.03837	0
301	I	0.00000	0.97575	0.02425	0
302	T	0.00000	0.99719	0.00281	0
303	P	0.00000	0.99931	0.00069	0
304	A	0.00000	0.99938	0.00062	0
305	Y	0.00000	0.99939	0.00061	0
306	V	0.00000	0.99835	0.00165	0
307	Y	0.00000	0.99727	0.00273	0
308	E	0.00000	0.68159	0.31841	0
309	I	0.00000	0.35156	0.64844	0
310	L	0.00000	0.08334	0.91666	0
311	V	0.00000	0.01507	0.98493	0
312	W	0.00000	0.00119	0.99881	0
313	C	0.00000	4e-05	0.99996	0
314	V	0.00000	0	1.00000	0
315	Y	0.00000	0	1.00000	0
316	Y	0.00000	0	1.00000	0
317	N	0.00001	0	0.99999	0
318	S	0.00001	0	0.99999	0
319	A	0.00001	0	0.99999	0
320	M	0.00001	0	0.99999	0
321	N	0.00001	0	0.99999	0
322	P	0.00001	0	0.99999	0
323	L	0.00001	0	0.99999	0
324	I	0.00001	0	0.99999	0
325	Y	0.00003	0	0.99997	0
326	A	0.00006	0	0.99994	0
327	F	0.00015	0	0.99985	0
328	F	0.00271	0	0.99729	0
329	Y	0.05419	0	0.94581	0
330	P	0.18542	0	0.81458	0
331	W	0.25009	0	0.74991	0
332	F	0.66968	0	0.33032	0
333	R	1.00000	0	0.00000	0
334	K	1.00000	0	0.00000	0
335	A	1.00000	0	0.00000	0
336	I	1.00000	0	0.00000	0
337	K	1.00000	0	0.00000	0
338	L	1.00000	0	0.00000	0
339	I	1.00000	0	0.00000	0
340	V	1.00000	0	0.00000	0
341	S	1.00000	0	0.00000	0
342	G	1.00000	0	0.00000	0
343	K	1.00000	0	0.00000	0
344	V	1.00000	0	0.00000	0
345	L	1.00000	0	0.00000	0
346	R	1.00000	0	0.00000	0
347	N	1.00000	0	0.00000	0
348	D	1.00000	0	0.00000	0
349	S	1.00000	0	0.00000	0
350	S	1.00000	0	0.00000	0
351	T	1.00000	0	0.00000	0
352	M	1.00000	0	0.00000	0
353	N	1.00000	0	0.00000	0
354	L	1.00000	0	0.00000	0
355	F	1.00000	0	0.00000	0
356	S	1.00000	0	0.00000	0
357	E	1.00000	0	0.00000	0
358	E	1.00000	0	0.00000	0
359	A	1.00000	0	0.00000	0
360	D	1.00000	0	0.00000	0
361	I	1.00000	0	0.00000	0
362	D	1.00000	0	0.00000	0
