# UNNAMED
#pos	aa	i	o	M	S
1	M	0.00000	1	0.00000	0
2	G	0.00000	1	0.00000	0
3	N	0.00000	1	0.00000	0
4	R	0.00000	1	0.00000	0
5	S	0.00000	1	0.00000	0
6	A	0.00000	1	0.00000	0
7	A	0.00000	1	0.00000	0
8	D	0.00000	1	0.00000	0
9	A	0.00000	1	0.00000	0
10	D	0.00000	1	0.00000	0
11	R	0.00000	1	0.00000	0
12	L	0.00000	1	0.00000	0
13	L	0.00000	1	0.00000	0
14	E	0.00000	1	0.00000	0
15	G	0.00000	1	0.00000	0
16	R	0.00000	1	0.00000	0
17	G	0.00000	1	0.00000	0
18	P	0.00000	1	0.00000	0
19	G	0.00000	1	0.00000	0
20	T	0.00000	0.99999	0.00001	0
21	G	0.00000	0.99999	0.00001	0
22	G	0.00000	0.99993	0.00007	0
23	G	0.00000	0.9989	0.00110	0
24	A	0.00000	0.9951	0.00490	0
25	G	0.00000	0.98941	0.01059	0
26	T	0.00000	0.97036	0.02964	0
27	P	0.00000	0.94401	0.05599	0
28	A	0.00000	0.81101	0.18899	0
29	A	0.00000	0.64734	0.35266	0
30	A	0.00000	0.45999	0.54001	0
31	A	0.00000	0.29967	0.70033	0
32	A	0.00000	0.14563	0.85437	0
33	A	0.00000	0.07663	0.92337	0
34	A	0.00000	0.04902	0.95098	0
35	L	0.00000	0.02323	0.97677	0
36	A	0.00000	0.01417	0.98583	0
37	G	0.00000	0.01054	0.98946	0
38	G	0.00000	0.00261	0.99739	0
39	V	0.00000	0.00017	0.99983	0
40	L	0.00000	1e-05	0.99999	0
41	L	0.00000	0	1.00000	0
42	I	0.00000	0	1.00000	0
43	G	0.00000	0	1.00000	0
44	A	0.00000	0	1.00000	0
45	V	0.00000	0	1.00000	0
46	L	0.00000	0	1.00000	0
47	A	0.00000	0	1.00000	0
48	G	0.00000	0	1.00000	0
49	N	0.00000	0	1.00000	0
50	A	0.00000	0	1.00000	0
51	L	0.00002	0	0.99998	0
52	V	0.00015	0	0.99985	0
53	C	0.00149	0	0.99851	0
54	V	0.02092	0	0.97908	0
55	S	0.40268	0	0.59732	0
56	V	0.49439	0	0.50561	0
57	A	0.71826	0	0.28174	0
58	A	0.88785	0	0.11215	0
59	E	0.99840	0	0.00160	0
60	R	0.99990	0	0.00010	0
61	A	0.99997	0	0.00003	0
62	L	0.99999	0	0.00001	0
63	Q	1.00000	0	0.00000	0
64	T	1.00000	0	0.00000	0
65	P	1.00000	0	0.00000	0
66	T	0.87964	0	0.12036	0
67	N	0.17375	0	0.82625	0
68	Y	0.05317	0	0.94683	0
69	F	0.00044	0	0.99956	0
70	I	0.00000	0	1.00000	0
71	V	0.00000	0	1.00000	0
72	S	0.00000	0	1.00000	0
73	L	0.00000	0	1.00000	0
74	A	0.00000	0	1.00000	0
75	A	0.00000	0	1.00000	0
76	A	0.00000	0	1.00000	0
77	D	0.00000	0	1.00000	0
78	L	0.00000	0	1.00000	0
79	L	0.00000	0	1.00000	0
80	L	0.00000	0	1.00000	0
81	A	0.00000	0	1.00000	0
82	L	0.00000	0	1.00000	0
83	L	0.00000	0	1.00000	0
84	V	0.00000	0	1.00000	0
85	L	0.00000	1e-05	0.99999	0
86	P	0.00000	0.00041	0.99959	0
87	L	0.00000	0.00453	0.99547	0
88	F	0.00000	0.03821	0.96179	0
89	V	0.00000	0.28236	0.71764	0
90	Y	0.00000	0.78406	0.21594	0
91	S	0.00000	0.99997	0.00003	0
92	E	0.00000	1	0.00000	0
93	V	0.00000	1	0.00000	0
94	Q	0.00000	1	0.00000	0
95	G	0.00000	1	0.00000	0
96	G	0.00000	1	0.00000	0
97	V	0.00000	1	0.00000	0
98	W	0.00000	1	0.00000	0
99	L	0.00000	1	0.00000	0
100	F	0.00000	1	0.00000	0
101	S	0.00000	1	0.00000	0
102	P	0.00000	1	0.00000	0
103	G	0.00000	0.99999	0.00001	0
104	L	0.00000	0.99996	0.00004	0
105	C	0.00000	0.99993	0.00007	0
106	D	0.00000	0.99965	0.00035	0
107	A	0.00000	0.99818	0.00182	0
108	L	0.00000	0.55205	0.44795	0
109	M	0.00000	0.08675	0.91325	0
110	A	0.00000	0.02324	0.97676	0
111	M	0.00000	0.00019	0.99981	0
112	D	0.00000	5e-05	0.99995	0
113	V	0.00000	0	1.00000	0
114	M	0.00000	0	1.00000	0
115	L	0.00000	0	1.00000	0
116	C	0.00000	0	1.00000	0
117	T	0.00000	0	1.00000	0
118	A	0.00000	0	1.00000	0
119	S	0.00000	0	1.00000	0
120	I	0.00000	0	1.00000	0
121	F	0.00000	0	1.00000	0
122	N	0.00000	0	1.00000	0
123	L	0.00000	0	1.00000	0
124	C	0.00000	0	1.00000	0
125	A	0.00000	0	1.00000	0
126	I	0.00000	0	1.00000	0
127	S	0.00000	0	1.00000	0
128	V	0.00000	0	1.00000	0
129	D	0.00000	0	1.00000	0
130	R	0.00369	0	0.99631	0
131	F	0.09003	0	0.90997	0
132	V	0.86794	0	0.13206	0
133	A	0.97188	0	0.02812	0
134	V	0.99999	0	0.00001	0
135	A	1.00000	0	0.00000	0
136	V	1.00000	0	0.00000	0
137	P	1.00000	0	0.00000	0
138	L	1.00000	0	0.00000	0
139	S	1.00000	0	0.00000	0
140	Y	1.00000	0	0.00000	0
141	N	1.00000	0	0.00000	0
142	R	1.00000	0	0.00000	0
143	Q	1.00000	0	0.00000	0
144	S	0.99953	0	0.00047	0
145	G	0.99658	0	0.00342	0
146	G	0.99582	0	0.00418	0
147	G	0.99280	0	0.00720	0
148	R	0.99077	0	0.00923	0
149	Q	0.96958	0	0.03042	0
150	P	0.89502	0	0.10498	0
151	L	0.02870	0	0.97130	0
152	F	0.00047	0	0.99953	0
153	I	0.00000	0	1.00000	0
154	G	0.00000	0	1.00000	0
155	A	0.00000	0	1.00000	0
156	T	0.00000	0	1.00000	0
157	W	0.00000	0	1.00000	0
158	L	0.00000	0	1.00000	0
159	L	0.00000	0	1.00000	0
160	S	0.00000	0	1.00000	0
161	A	0.00000	0	1.00000	0
162	A	0.00000	0	1.00000	0
163	V	0.00000	0	1.00000	0
164	A	0.00000	2e-05	0.99998	0
165	A	0.00000	0.00033	0.99967	0
166	P	0.00000	0.00264	0.99736	0
167	V	0.00000	0.00324	0.99676	0
168	L	0.00000	0.00462	0.99538	0
169	C	0.00000	0.04364	0.95636	0
170	G	0.00000	0.07832	0.92168	0
171	L	0.00000	0.12262	0.87738	0
172	N	0.00000	0.91431	0.08569	0
173	D	0.00000	0.99965	0.00035	0
174	A	0.00000	0.99971	0.00029	0
175	R	0.00000	1	0.00000	0
176	G	0.00000	1	0.00000	0
177	R	0.00000	1	0.00000	0
178	D	0.00000	1	0.00000	0
179	P	0.00000	1	0.00000	0
180	A	0.00000	1	0.00000	0
181	V	0.00000	1	0.00000	0
182	C	0.00000	1	0.00000	0
183	R	0.00000	1	0.00000	0
184	L	0.00000	1	0.00000	0
185	E	0.00000	1	0.00000	0
186	N	0.00000	1	0.00000	0
187	R	0.00000	0.99999	0.00001	0
188	D	0.00000	0.99817	0.00183	0
189	Y	0.00000	0.15737	0.84263	0
190	V	0.00000	0.04499	0.95501	0
191	V	0.00000	0.0027	0.99730	0
192	Y	0.00000	0.00017	0.99983	0
193	S	0.00000	0.00013	0.99987	0
194	S	0.00000	0.0001	0.99990	0
195	V	0.00000	9e-05	0.99991	0
196	C	0.00000	1e-05	0.99999	0
197	S	0.00000	0	1.00000	0
198	F	0.00000	0	1.00000	0
199	F	0.00000	0	1.00000	0
200	L	0.00000	0	1.00000	0
201	P	0.00000	0	1.00000	0
202	C	0.00000	0	1.00000	0
203	P	0.00000	0	1.00000	0
204	L	0.00000	0	1.00000	0
205	M	0.00000	0	1.00000	0
206	L	0.00000	0	1.00000	0
207	L	0.00000	0	1.00000	0
208	L	0.00000	0	1.00000	0
209	Y	0.00000	0	1.00000	0
210	W	0.00025	0	0.99975	0
211	A	0.03342	0	0.96658	0
212	T	0.14716	0	0.85284	0
213	F	0.22045	0	0.77955	0
214	R	0.98445	0	0.01555	0
215	G	0.99215	0	0.00785	0
216	L	0.99462	0	0.00538	0
217	R	0.99970	0	0.00030	0
218	R	0.99998	0	0.00002	0
219	W	0.99999	0	0.00001	0
220	E	1.00000	0	0.00000	0
221	A	1.00000	0	0.00000	0
222	A	1.00000	0	0.00000	0
223	R	1.00000	0	0.00000	0
224	R	1.00000	0	0.00000	0
225	A	1.00000	0	0.00000	0
226	K	1.00000	0	0.00000	0
227	L	1.00000	0	0.00000	0
228	H	1.00000	0	0.00000	0
229	G	1.00000	0	0.00000	0
230	R	1.00000	0	0.00000	0
231	P	1.00000	0	0.00000	0
232	P	1.00000	0	0.00000	0
233	R	1.00000	0	0.00000	0
234	R	1.00000	0	0.00000	0
235	P	1.00000	0	0.00000	0
236	S	1.00000	0	0.00000	0
237	G	1.00000	0	0.00000	0
238	P	1.00000	0	0.00000	0
239	G	1.00000	0	0.00000	0
240	P	1.00000	0	0.00000	0
241	P	1.00000	0	0.00000	0
242	P	1.00000	0	0.00000	0
243	P	1.00000	0	0.00000	0
244	E	1.00000	0	0.00000	0
245	A	1.00000	0	0.00000	0
246	T	1.00000	0	0.00000	0
247	E	1.00000	0	0.00000	0
248	T	1.00000	0	0.00000	0
249	P	1.00000	0	0.00000	0
250	E	1.00000	0	0.00000	0
251	A	1.00000	0	0.00000	0
252	I	1.00000	0	0.00000	0
253	P	1.00000	0	0.00000	0
254	P	1.00000	0	0.00000	0
255	P	1.00000	0	0.00000	0
256	E	1.00000	0	0.00000	0
257	A	1.00000	0	0.00000	0
258	V	1.00000	0	0.00000	0
259	A	1.00000	0	0.00000	0
260	P	1.00000	0	0.00000	0
261	P	1.00000	0	0.00000	0
262	D	1.00000	0	0.00000	0
263	A	1.00000	0	0.00000	0
264	I	1.00000	0	0.00000	0
265	P	1.00000	0	0.00000	0
266	A	1.00000	0	0.00000	0
267	E	1.00000	0	0.00000	0
268	P	1.00000	0	0.00000	0
269	P	1.00000	0	0.00000	0
270	L	1.00000	0	0.00000	0
271	Q	1.00000	0	0.00000	0
272	G	1.00000	0	0.00000	0
273	S	1.00000	0	0.00000	0
274	K	1.00000	0	0.00000	0
275	R	1.00000	0	0.00000	0
276	R	1.00000	0	0.00000	0
277	R	1.00000	0	0.00000	0
278	A	1.00000	0	0.00000	0
279	K	1.00000	0	0.00000	0
280	I	1.00000	0	0.00000	0
281	T	1.00000	0	0.00000	0
282	G	1.00000	0	0.00000	0
283	R	1.00000	0	0.00000	0
284	E	1.00000	0	0.00000	0
285	R	0.78635	0	0.21365	0
286	K	0.77074	0	0.22926	0
287	A	0.03855	0	0.96145	0
288	M	0.01788	0	0.98212	0
289	R	0.01315	0	0.98685	0
290	V	0.00351	0	0.99649	0
291	L	0.00010	0	0.99990	0
292	P	0.00009	0	0.99991	0
293	V	0.00001	0	0.99999	0
294	V	0.00001	0	0.99999	0
295	V	0.00000	0	1.00000	0
296	G	0.00000	0	1.00000	0
297	A	0.00000	0	1.00000	0
298	F	0.00000	0	1.00000	0
299	L	0.00000	0	1.00000	0
300	V	0.00000	0	1.00000	0
301	C	0.00000	0	1.00000	0
302	W	0.00000	0	1.00000	0
303	T	0.00000	0	1.00000	0
304	P	0.00000	0	1.00000	0
305	F	0.00000	0	1.00000	0
306	F	0.00000	4e-05	0.99996	0
307	V	0.00000	0.00486	0.99514	0
308	V	0.00000	0.03351	0.96649	0
309	H	0.00000	0.16941	0.83059	0
310	I	0.00000	0.30383	0.69617	0
311	T	0.00000	0.76164	0.23836	0
312	R	0.00000	0.96706	0.03294	0
313	A	0.00000	0.97671	0.02329	0
314	L	0.00000	0.99562	0.00438	0
315	C	0.00000	0.99963	0.00037	0
316	P	0.00000	0.99991	0.00009	0
317	A	0.00000	0.99996	0.00004	0
318	C	0.00000	0.99996	0.00004	0
319	A	0.00000	0.99996	0.00004	0
320	V	0.00000	0.99994	0.00006	0
321	P	0.00000	0.99991	0.00009	0
322	P	0.00000	0.99982	0.00018	0
323	Q	0.00000	0.99876	0.00124	0
324	L	0.00000	0.98487	0.01513	0
325	V	0.00000	0.98026	0.01974	0
326	S	0.00000	0.84476	0.15524	0
327	A	0.00000	0.01946	0.98054	0
328	V	0.00000	0.00132	0.99868	0
329	T	0.00000	0.00023	0.99977	0
330	W	0.00000	0	1.00000	0
331	L	0.00000	0	1.00000	0
332	G	0.00000	0	1.00000	0
333	Y	0.00001	0	0.99999	0
334	V	0.00002	0	0.99998	0
335	N	0.00003	0	0.99997	0
336	S	0.00003	0	0.99997	0
337	A	0.00003	0	0.99997	0
338	L	0.00003	0	0.99997	0
339	N	0.00003	0	0.99997	0
340	P	0.00003	0	0.99997	0
341	L	0.00003	0	0.99997	0
342	I	0.00003	0	0.99997	0
343	Y	0.00004	0	0.99996	0
344	T	0.00004	0	0.99996	0
345	V	0.00018	0	0.99982	0
346	F	0.00666	0	0.99334	0
347	N	0.29012	0	0.70988	0
348	A	0.89157	0	0.10843	0
349	E	1.00000	0	0.00000	0
350	F	1.00000	0	0.00000	0
351	R	1.00000	0	0.00000	0
352	T	1.00000	0	0.00000	0
353	V	1.00000	0	0.00000	0
354	F	1.00000	0	0.00000	0
355	R	1.00000	0	0.00000	0
356	K	1.00000	0	0.00000	0
357	A	1.00000	0	0.00000	0
358	L	1.00000	0	0.00000	0
359	R	1.00000	0	0.00000	0
360	L	1.00000	0	0.00000	0
361	C	1.00000	0	0.00000	0
362	C	1.00000	0	0.00000	0
