# UNNAMED
#pos	aa	i	o	M	S
1	M	0.00000	0.99976	0.00000	0.00024
2	M	0.00000	0.99976	0.00000	0.00024
3	S	0.00000	0.99976	0.00000	0.00024
4	L	0.00000	0.99976	0.00000	0.00025
5	C	0.00000	0.99976	0.00000	0.00024
6	H	0.00000	0.99976	0.00000	0.00024
7	N	0.00000	0.99976	0.00000	0.00024
8	K	0.00000	0.99976	0.00000	0.00024
9	I	0.00000	0.99976	0.00000	0.00025
10	N	0.00000	0.99976	0.00000	0.00025
11	I	0.00000	0.99976	0.00000	0.00025
12	S	0.00000	0.99976	0.00000	0.00024
13	C	0.00000	0.99976	0.00000	0.00024
14	V	0.00000	0.99977	0.00000	0.00024
15	K	0.00000	0.99976	0.00000	0.00024
16	S	0.00000	0.99976	0.00000	0.00024
17	S	0.00000	0.99986	0.00000	0.00014
18	W	0.00000	0.99986	0.00000	0.00014
19	S	0.00000	0.99986	0.00000	0.00014
20	N	0.00000	1	0.00000	0
21	D	0.00000	1	0.00000	0
22	I	0.00000	0.99915	0.00085	0
23	R	0.00000	0.99005	0.00995	0
24	A	0.00000	0.80551	0.19448	0
25	S	0.00000	0.67893	0.32107	0
26	L	0.00000	0.41557	0.58443	0
27	Y	0.00000	0.25381	0.74619	0
28	S	0.00000	0.23096	0.76904	0
29	L	0.00000	0.13559	0.86441	0
30	M	0.00000	0.0776	0.92240	0
31	V	0.00000	0.01882	0.98118	0
32	L	0.00000	0.00404	0.99596	0
33	I	0.00000	8e-05	0.99992	0
34	I	0.00000	0	1.00000	0
35	L	0.00000	0	1.00000	0
36	T	0.00000	0	1.00000	0
37	T	0.00000	0	1.00000	0
38	V	0.00000	0	1.00000	0
39	V	0.00000	0	1.00000	0
40	G	0.00000	0	1.00000	0
41	N	0.00000	0	1.00000	0
42	L	0.00000	0	1.00000	0
43	L	0.00000	0	1.00000	0
44	V	0.00000	0	1.00000	0
45	I	0.00002	0	0.99998	0
46	I	0.00177	0	0.99823	0
47	S	0.16071	0	0.83929	0
48	I	0.20781	0	0.79219	0
49	S	0.73008	0	0.26992	0
50	H	0.81884	0	0.18116	0
51	F	0.85524	0	0.14476	0
52	K	0.98989	0	0.01011	0
53	Q	0.99953	0	0.00047	0
54	L	0.99944	0	0.00056	0
55	H	0.99880	0	0.00120	0
56	T	0.99342	0	0.00658	0
57	L	0.83414	0	0.16586	0
58	N	0.67483	0	0.32517	0
59	N	0.30064	0	0.69936	0
60	W	0.22428	0	0.77572	0
61	L	0.00355	0	0.99645	0
62	I	0.00006	0	0.99994	0
63	Q	0.00002	0	0.99998	0
64	S	0.00000	0	1.00000	0
65	M	0.00000	0	1.00000	0
66	A	0.00000	0	1.00000	0
67	T	0.00000	0	1.00000	0
68	V	0.00000	0	1.00000	0
69	D	0.00000	0	1.00000	0
70	F	0.00000	0	1.00000	0
71	L	0.00000	0	1.00000	0
72	L	0.00000	0	1.00000	0
73	G	0.00000	0	1.00000	0
74	C	0.00000	0	1.00000	0
75	L	0.00000	0	1.00000	0
76	V	0.00000	1e-05	0.99999	0
77	M	0.00000	5e-05	0.99995	0
78	P	0.00000	0.00086	0.99914	0
79	Y	0.00000	0.00203	0.99797	0
80	S	0.00000	0.22044	0.77956	0
81	M	0.00000	0.29846	0.70154	0
82	V	0.00000	0.57469	0.42531	0
83	R	0.00000	0.99988	0.00012	0
84	S	0.00000	0.99994	0.00006	0
85	I	0.00000	0.99994	0.00006	0
86	E	0.00000	1	0.00000	0
87	H	0.00000	1	0.00000	0
88	H	0.00000	1	0.00000	0
89	W	0.00000	1	0.00000	0
90	S	0.00000	1	0.00000	0
91	F	0.00000	1	0.00000	0
92	G	0.00000	1	0.00000	0
93	E	0.00000	1	0.00000	0
94	V	0.00000	0.99997	0.00003	0
95	F	0.00000	0.99977	0.00023	0
96	C	0.00000	0.99974	0.00026	0
97	K	0.00000	0.99959	0.00041	0
98	I	0.00000	0.99544	0.00456	0
99	H	0.00000	0.69596	0.30404	0
100	T	0.00000	0.37757	0.62243	0
101	S	0.00000	0.15689	0.84311	0
102	T	0.00000	0.00986	0.99014	0
103	D	0.00000	0.00063	0.99937	0
104	I	0.00000	1e-05	0.99999	0
105	M	0.00000	0	1.00000	0
106	L	0.00000	0	1.00000	0
107	S	0.00000	0	1.00000	0
108	S	0.00000	0	1.00000	0
109	A	0.00000	0	1.00000	0
110	S	0.00000	0	1.00000	0
111	I	0.00000	0	1.00000	0
112	F	0.00000	0	1.00000	0
113	H	0.00000	0	1.00000	0
114	L	0.00000	0	1.00000	0
115	S	0.00001	0	0.99999	0
116	F	0.00001	0	0.99999	0
117	I	0.00003	0	0.99997	0
118	S	0.00010	0	0.99990	0
119	I	0.00017	0	0.99983	0
120	D	0.00096	0	0.99904	0
121	R	0.21889	0	0.78111	0
122	Y	0.95055	0	0.04945	0
123	Y	0.98923	0	0.01077	0
124	A	0.99902	0	0.00098	0
125	V	1.00000	0	0.00000	0
126	C	1.00000	0	0.00000	0
127	D	1.00000	0	0.00000	0
128	P	1.00000	0	0.00000	0
129	L	1.00000	0	0.00000	0
130	R	1.00000	0	0.00000	0
131	Y	1.00000	0	0.00000	0
132	K	1.00000	0	0.00000	0
133	T	0.99999	0	0.00001	0
134	K	0.99958	0	0.00042	0
135	I	0.74486	0	0.25514	0
136	N	0.68286	0	0.31714	0
137	I	0.18014	0	0.81986	0
138	L	0.05697	0	0.94303	0
139	V	0.01058	0	0.98942	0
140	I	0.00258	0	0.99742	0
141	S	0.00150	0	0.99850	0
142	L	0.00010	0	0.99990	0
143	M	0.00004	0	0.99996	0
144	I	0.00000	0	1.00000	0
145	F	0.00000	0	1.00000	0
146	I	0.00000	0	1.00000	0
147	S	0.00000	0	1.00000	0
148	W	0.00000	0	1.00000	0
149	S	0.00000	0	1.00000	0
150	I	0.00000	0	1.00000	0
151	P	0.00000	0	1.00000	0
152	A	0.00000	0	1.00000	0
153	L	0.00000	0	1.00000	0
154	F	0.00000	2e-05	0.99998	0
155	A	0.00000	0.00184	0.99816	0
156	F	0.00000	0.01707	0.98293	0
157	G	0.00000	0.21513	0.78487	0
158	M	0.00000	0.2503	0.74970	0
159	I	0.00000	0.38164	0.61836	0
160	F	0.00000	0.57816	0.42184	0
161	L	0.00000	0.78577	0.21423	0
162	E	0.00000	0.99519	0.00481	0
163	L	0.00000	0.99814	0.00186	0
164	N	0.00000	0.99985	0.00015	0
165	F	0.00000	0.99992	0.00008	0
166	K	0.00000	1	0.00000	0
167	G	0.00000	1	0.00000	0
168	A	0.00000	1	0.00000	0
169	E	0.00000	1	0.00000	0
170	E	0.00000	1	0.00000	0
171	M	0.00000	1	0.00000	0
172	Y	0.00000	1	0.00000	0
173	Y	0.00000	1	0.00000	0
174	K	0.00000	1	0.00000	0
175	H	0.00000	1	0.00000	0
176	S	0.00000	1	0.00000	0
177	H	0.00000	1	0.00000	0
178	C	0.00000	1	0.00000	0
179	I	0.00000	1	0.00000	0
180	G	0.00000	1	0.00000	0
181	S	0.00000	1	0.00000	0
182	C	0.00000	1	0.00000	0
183	S	0.00000	0.99706	0.00294	0
184	V	0.00000	0.99697	0.00303	0
185	F	0.00000	0.99654	0.00346	0
186	F	0.00000	0.99636	0.00364	0
187	S	0.00000	0.99636	0.00364	0
188	K	0.00000	0.99635	0.00365	0
189	T	0.00000	0.99434	0.00566	0
190	S	0.00000	0.99045	0.00955	0
191	G	0.00000	0.83563	0.16437	0
192	V	0.00000	0.50811	0.49189	0
193	L	0.00000	0.00601	0.99399	0
194	A	0.00000	0.00325	0.99675	0
195	F	0.00000	3e-05	0.99997	0
196	M	0.00000	1e-05	0.99999	0
197	T	0.00000	0	1.00000	0
198	S	0.00000	0	1.00000	0
199	F	0.00000	0	1.00000	0
200	Y	0.00000	0	1.00000	0
201	I	0.00000	0	1.00000	0
202	P	0.00000	0	1.00000	0
203	G	0.00000	0	1.00000	0
204	S	0.00000	0	1.00000	0
205	I	0.00000	0	1.00000	0
206	M	0.00000	0	1.00000	0
207	L	0.00000	0	1.00000	0
208	C	0.00001	0	0.99999	0
209	I	0.00007	0	0.99993	0
210	Y	0.00055	0	0.99945	0
211	C	0.00167	0	0.99833	0
212	R	0.00385	0	0.99615	0
213	I	0.00399	0	0.99601	0
214	Y	0.00661	0	0.99339	0
215	F	0.04216	0	0.95784	0
216	I	0.15239	0	0.84761	0
217	A	0.99004	0	0.00996	0
218	K	0.99976	0	0.00024	0
219	G	0.99999	0	0.00001	0
220	Q	1.00000	0	0.00000	0
221	A	1.00000	0	0.00000	0
222	R	1.00000	0	0.00000	0
223	S	1.00000	0	0.00000	0
224	I	1.00000	0	0.00000	0
225	H	1.00000	0	0.00000	0
226	D	1.00000	0	0.00000	0
227	A	1.00000	0	0.00000	0
228	K	1.00000	0	0.00000	0
229	Q	1.00000	0	0.00000	0
230	K	1.00000	0	0.00000	0
231	V	1.00000	0	0.00000	0
232	Q	1.00000	0	0.00000	0
233	I	1.00000	0	0.00000	0
234	G	1.00000	0	0.00000	0
235	L	1.00000	0	0.00000	0
236	E	1.00000	0	0.00000	0
237	E	1.00000	0	0.00000	0
238	R	1.00000	0	0.00000	0
239	N	1.00000	0	0.00000	0
240	G	1.00000	0	0.00000	0
241	I	1.00000	0	0.00000	0
242	S	1.00000	0	0.00000	0
243	R	1.00000	0	0.00000	0
244	S	1.00000	0	0.00000	0
245	R	1.00000	0	0.00000	0
246	G	0.99989	0	0.00011	0
247	R	0.99194	0	0.00806	0
248	K	0.99108	0	0.00892	0
249	A	0.39696	0	0.60304	0
250	A	0.39454	0	0.60546	0
251	K	0.35756	0	0.64244	0
252	T	0.27521	0	0.72479	0
253	L	0.00341	0	0.99659	0
254	G	0.00030	0	0.99970	0
255	I	0.00004	0	0.99996	0
256	V	0.00004	0	0.99996	0
257	M	0.00000	0	1.00000	0
258	G	0.00000	0	1.00000	0
259	V	0.00000	0	1.00000	0
260	F	0.00000	0	1.00000	0
261	L	0.00000	0	1.00000	0
262	T	0.00000	0	1.00000	0
263	C	0.00000	0	1.00000	0
264	W	0.00000	0	1.00000	0
265	C	0.00000	0	1.00000	0
266	P	0.00000	0	1.00000	0
267	F	0.00000	0	1.00000	0
268	F	0.00000	0	1.00000	0
269	V	0.00000	7e-05	0.99993	0
270	C	0.00000	0.0008	0.99920	0
271	M	0.00000	0.00262	0.99738	0
272	V	0.00000	0.03945	0.96055	0
273	M	0.00000	0.14983	0.85017	0
274	D	0.00000	0.86831	0.13169	0
275	P	0.00000	0.87079	0.12921	0
276	F	0.00000	0.87892	0.12108	0
277	L	0.00000	0.90188	0.09812	0
278	D	0.00000	0.99934	0.00066	0
279	Y	0.00000	0.99943	0.00057	0
280	T	0.00000	0.99965	0.00035	0
281	I	0.00000	0.99978	0.00022	0
282	P	0.00000	0.99997	0.00003	0
283	P	0.00000	0.99999	0.00001	0
284	T	0.00000	0.99998	0.00002	0
285	L	0.00000	0.99987	0.00013	0
286	N	0.00000	0.99982	0.00018	0
287	D	0.00000	0.97557	0.02443	0
288	A	0.00000	0.10959	0.89041	0
289	L	0.00000	0.03195	0.96805	0
290	I	0.00000	0.00879	0.99121	0
291	W	0.00000	0.00076	0.99924	0
292	F	0.00000	0	1.00000	0
293	G	0.00000	0	1.00000	0
294	Y	0.00000	0	1.00000	0
295	L	0.00000	0	1.00000	0
296	N	0.00000	0	1.00000	0
297	S	0.00000	0	1.00000	0
298	T	0.00000	0	1.00000	0
299	F	0.00000	0	1.00000	0
300	N	0.00000	0	1.00000	0
301	P	0.00000	0	1.00000	0
302	M	0.00000	0	1.00000	0
303	I	0.00000	0	1.00000	0
304	Y	0.00000	0	1.00000	0
305	A	0.00000	0	1.00000	0
306	F	0.00001	0	0.99999	0
307	F	0.00044	0	0.99956	0
308	Y	0.01394	0	0.98606	0
309	P	0.10279	0	0.89721	0
310	W	0.18597	0	0.81403	0
311	F	0.40434	0	0.59566	0
312	R	1.00000	0	0.00000	0
313	K	1.00000	0	0.00000	0
314	A	1.00000	0	0.00000	0
315	L	1.00000	0	0.00000	0
316	K	1.00000	0	0.00000	0
317	I	1.00000	0	0.00000	0
318	I	1.00000	0	0.00000	0
319	L	1.00000	0	0.00000	0
320	V	1.00000	0	0.00000	0
321	G	1.00000	0	0.00000	0
322	K	1.00000	0	0.00000	0
323	I	1.00000	0	0.00000	0
324	F	1.00000	0	0.00000	0
325	Q	1.00000	0	0.00000	0
326	K	1.00000	0	0.00000	0
327	D	1.00000	0	0.00000	0
328	S	1.00000	0	0.00000	0
329	S	1.00000	0	0.00000	0
330	R	1.00000	0	0.00000	0
331	S	1.00000	0	0.00000	0
332	K	1.00000	0	0.00000	0
333	L	1.00000	0	0.00000	0
334	F	1.00000	0	0.00000	0
335	S	1.00000	0	0.00000	0
336	E	1.00000	0	0.00000	0
