# UNNAMED
#pos	aa	i	o	M	S
1	M	0.00000	0.99152	0.00000	0.00848
2	T	0.00000	0.99152	0.00000	0.00848
3	A	0.00000	0.99152	0.00000	0.00848
4	V	0.00000	0.99152	0.00000	0.00848
5	L	0.00000	0.99152	0.00000	0.00847
6	I	0.00000	0.99152	0.00000	0.00848
7	Q	0.00000	0.99152	0.00000	0.00848
8	G	0.00000	0.99152	0.00000	0.00848
9	A	0.00000	0.99152	0.00000	0.00848
10	E	0.00000	0.99152	0.00000	0.00848
11	E	0.00000	0.99152	0.00000	0.00848
12	H	0.00000	0.99152	0.00000	0.00848
13	S	0.00000	0.99152	0.00000	0.00848
14	T	0.00000	0.99152	0.00000	0.00848
15	A	0.00000	0.99157	0.00000	0.00842
16	F	0.00000	0.99158	0.00000	0.00842
17	C	0.00000	0.99158	0.00000	0.00842
18	Y	0.00000	0.99996	0.00000	4e-05
19	Q	0.00000	0.99996	0.00000	4e-05
20	V	0.00000	0.99999	0.00000	0
21	N	0.00000	1	0.00000	0
22	G	0.00000	1	0.00000	0
23	S	0.00000	1	0.00000	0
24	C	0.00000	1	0.00000	0
25	P	0.00000	1	0.00000	0
26	R	0.00000	1	0.00000	0
27	T	0.00000	1	0.00000	0
28	I	0.00000	1	0.00000	0
29	H	0.00000	1	0.00000	0
30	P	0.00000	1	0.00000	0
31	L	0.00000	1	0.00000	0
32	D	0.00000	1	0.00000	0
33	I	0.00000	0.99846	0.00154	0
34	R	0.00000	0.98171	0.01829	0
35	L	0.00000	0.41216	0.58784	0
36	A	0.00000	0.04879	0.95121	0
37	I	0.00000	0.00598	0.99402	0
38	Y	0.00000	0.00099	0.99901	0
39	L	0.00000	0.00051	0.99949	0
40	A	0.00000	0.00041	0.99959	0
41	C	0.00000	0.00038	0.99962	0
42	A	0.00000	0.00029	0.99971	0
43	S	0.00000	0.00022	0.99978	0
44	G	0.00000	0.0001	0.99990	0
45	M	0.00000	4e-05	0.99996	0
46	L	0.00000	0	1.00000	0
47	I	0.00000	0	1.00000	0
48	T	0.00000	0	1.00000	0
49	V	0.00000	0	1.00000	0
50	L	0.00000	0	1.00000	0
51	G	0.00000	0	1.00000	0
52	N	0.00000	0	1.00000	0
53	L	0.00000	0	1.00000	0
54	F	0.00000	0	1.00000	0
55	V	0.00000	0	1.00000	0
56	V	0.00004	0	0.99996	0
57	F	0.00174	0	0.99826	0
58	A	0.11681	0	0.88319	0
59	V	0.35708	0	0.64292	0
60	S	0.81948	0	0.18052	0
61	Y	0.86841	0	0.13159	0
62	F	0.92186	0	0.07814	0
63	K	0.99865	0	0.00135	0
64	V	0.99935	0	0.00065	0
65	L	0.99964	0	0.00036	0
66	H	1.00000	0	0.00000	0
67	S	1.00000	0	0.00000	0
68	P	1.00000	0	0.00000	0
69	T	0.93047	0	0.06953	0
70	N	0.12436	0	0.87564	0
71	F	0.01397	0	0.98603	0
72	L	0.00019	0	0.99981	0
73	L	0.00002	0	0.99998	0
74	L	0.00000	0	1.00000	0
75	S	0.00000	0	1.00000	0
76	L	0.00000	0	1.00000	0
77	A	0.00000	0	1.00000	0
78	L	0.00000	0	1.00000	0
79	A	0.00000	0	1.00000	0
80	D	0.00000	0	1.00000	0
81	M	0.00000	0	1.00000	0
82	F	0.00000	0	1.00000	0
83	L	0.00000	0	1.00000	0
84	G	0.00000	0	1.00000	0
85	L	0.00000	0	1.00000	0
86	L	0.00000	0	1.00000	0
87	V	0.00000	1e-05	0.99999	0
88	L	0.00000	0.00056	0.99944	0
89	P	0.00000	0.02068	0.97932	0
90	L	0.00000	0.07651	0.92349	0
91	S	0.00000	0.55196	0.44804	0
92	T	0.00000	0.74001	0.25999	0
93	V	0.00000	0.80096	0.19904	0
94	R	0.00000	0.99994	0.00006	0
95	S	0.00000	0.99997	0.00003	0
96	V	0.00000	0.99997	0.00003	0
97	E	0.00000	1	0.00000	0
98	S	0.00000	1	0.00000	0
99	C	0.00000	1	0.00000	0
100	W	0.00000	1	0.00000	0
101	Y	0.00000	1	0.00000	0
102	F	0.00000	1	0.00000	0
103	G	0.00000	1	0.00000	0
104	D	0.00000	1	0.00000	0
105	F	0.00000	0.99997	0.00003	0
106	L	0.00000	0.99973	0.00027	0
107	C	0.00000	0.99966	0.00034	0
108	R	0.00000	0.99387	0.00613	0
109	L	0.00000	0.98629	0.01371	0
110	H	0.00000	0.3155	0.68450	0
111	T	0.00000	0.18163	0.81837	0
112	Y	0.00000	0.04714	0.95286	0
113	L	0.00000	0.00014	0.99986	0
114	D	0.00000	3e-05	0.99997	0
115	T	0.00000	0	1.00000	0
116	L	0.00000	0	1.00000	0
117	F	0.00000	0	1.00000	0
118	C	0.00000	0	1.00000	0
119	L	0.00000	0	1.00000	0
120	T	0.00000	0	1.00000	0
121	S	0.00000	0	1.00000	0
122	I	0.00000	0	1.00000	0
123	F	0.00000	0	1.00000	0
124	H	0.00000	0	1.00000	0
125	L	0.00000	0	1.00000	0
126	C	0.00000	0	1.00000	0
127	F	0.00000	0	1.00000	0
128	I	0.00000	0	1.00000	0
129	S	0.00000	0	1.00000	0
130	I	0.00001	0	0.99999	0
131	D	0.00012	0	0.99988	0
132	R	0.16608	0	0.83392	0
133	H	0.95170	0	0.04830	0
134	C	0.99640	0	0.00360	0
135	A	0.99962	0	0.00038	0
136	I	1.00000	0	0.00000	0
137	C	1.00000	0	0.00000	0
138	E	1.00000	0	0.00000	0
139	P	1.00000	0	0.00000	0
140	L	1.00000	0	0.00000	0
141	I	1.00000	0	0.00000	0
142	Y	1.00000	0	0.00000	0
143	P	1.00000	0	0.00000	0
144	S	1.00000	0	0.00000	0
145	K	1.00000	0	0.00000	0
146	F	0.99999	0	0.00001	0
147	T	0.99998	0	0.00002	0
148	V	0.99983	0	0.00017	0
149	R	0.99444	0	0.00556	0
150	V	0.11368	0	0.88632	0
151	A	0.04522	0	0.95478	0
152	F	0.00146	0	0.99854	0
153	R	0.00070	0	0.99930	0
154	Y	0.00001	0	0.99999	0
155	I	0.00000	0	1.00000	0
156	L	0.00000	0	1.00000	0
157	A	0.00000	0	1.00000	0
158	G	0.00000	0	1.00000	0
159	W	0.00000	0	1.00000	0
160	G	0.00000	0	1.00000	0
161	I	0.00000	0	1.00000	0
162	P	0.00000	0	1.00000	0
163	A	0.00000	0	1.00000	0
164	V	0.00000	0	1.00000	0
165	Y	0.00000	0	1.00000	0
166	T	0.00000	0	1.00000	0
167	A	0.00000	0	1.00000	0
168	F	0.00000	1e-05	0.99999	0
169	F	0.00000	0.00147	0.99853	0
170	L	0.00000	0.09629	0.90371	0
171	Y	0.00000	0.43511	0.56489	0
172	T	0.00000	0.8895	0.11050	0
173	D	0.00000	0.99949	0.00051	0
174	V	0.00000	0.99961	0.00039	0
175	V	0.00000	0.99977	0.00023	0
176	E	0.00000	1	0.00000	0
177	N	0.00000	1	0.00000	0
178	A	0.00000	1	0.00000	0
179	L	0.00000	1	0.00000	0
180	S	0.00000	1	0.00000	0
181	Q	0.00000	1	0.00000	0
182	W	0.00000	1	0.00000	0
183	L	0.00000	1	0.00000	0
184	E	0.00000	1	0.00000	0
185	E	0.00000	1	0.00000	0
186	M	0.00000	1	0.00000	0
187	P	0.00000	1	0.00000	0
188	C	0.00000	1	0.00000	0
189	V	0.00000	1	0.00000	0
190	G	0.00000	1	0.00000	0
191	S	0.00000	1	0.00000	0
192	C	0.00000	0.99999	0.00001	0
193	Q	0.00000	0.98911	0.01089	0
194	L	0.00000	0.98887	0.01113	0
195	L	0.00000	0.98844	0.01156	0
196	F	0.00000	0.98722	0.01278	0
197	N	0.00000	0.98719	0.01281	0
198	K	0.00000	0.98712	0.01288	0
199	F	0.00000	0.44199	0.55801	0
200	W	0.00000	0.43459	0.56541	0
201	G	0.00000	0.12028	0.87972	0
202	W	0.00000	0.01161	0.98839	0
203	L	0.00000	0.0034	0.99660	0
204	N	0.00000	0.00271	0.99729	0
205	F	0.00000	0.00152	0.99848	0
206	P	0.00000	3e-05	0.99997	0
207	M	0.00000	0	1.00000	0
208	F	0.00000	0	1.00000	0
209	F	0.00000	0	1.00000	0
210	F	0.00000	0	1.00000	0
211	P	0.00000	0	1.00000	0
212	C	0.00000	0	1.00000	0
213	L	0.00000	0	1.00000	0
214	I	0.00000	0	1.00000	0
215	M	0.00000	0	1.00000	0
216	I	0.00001	0	0.99999	0
217	S	0.00147	0	0.99853	0
218	L	0.00181	0	0.99819	0
219	Y	0.00281	0	0.99719	0
220	V	0.00585	0	0.99415	0
221	K	0.01952	0	0.98048	0
222	I	0.02054	0	0.97946	0
223	F	0.04503	0	0.95497	0
224	V	0.28391	0	0.71609	0
225	V	0.46695	0	0.53305	0
226	A	0.96505	0	0.03495	0
227	T	0.99465	0	0.00535	0
228	R	0.99969	0	0.00031	0
229	Q	0.99999	0	0.00001	0
230	A	1.00000	0	0.00000	0
231	Q	1.00000	0	0.00000	0
232	Q	1.00000	0	0.00000	0
233	I	1.00000	0	0.00000	0
234	N	1.00000	0	0.00000	0
235	T	1.00000	0	0.00000	0
236	L	1.00000	0	0.00000	0
237	S	1.00000	0	0.00000	0
238	K	1.00000	0	0.00000	0
239	N	1.00000	0	0.00000	0
240	L	1.00000	0	0.00000	0
241	A	1.00000	0	0.00000	0
242	G	1.00000	0	0.00000	0
243	A	1.00000	0	0.00000	0
244	T	1.00000	0	0.00000	0
245	K	1.00000	0	0.00000	0
246	R	1.00000	0	0.00000	0
247	E	1.00000	0	0.00000	0
248	R	0.93239	0	0.06761	0
249	K	0.92912	0	0.07088	0
250	A	0.12867	0	0.87133	0
251	A	0.12760	0	0.87240	0
252	K	0.12241	0	0.87759	0
253	T	0.09814	0	0.90186	0
254	L	0.02367	0	0.97633	0
255	G	0.02358	0	0.97642	0
256	I	0.00027	0	0.99973	0
257	A	0.00026	0	0.99974	0
258	V	0.00025	0	0.99975	0
259	G	0.00002	0	0.99998	0
260	I	0.00000	0	1.00000	0
261	Y	0.00000	0	1.00000	0
262	L	0.00000	0	1.00000	0
263	L	0.00000	0	1.00000	0
264	C	0.00000	0	1.00000	0
265	W	0.00000	0	1.00000	0
266	L	0.00000	0	1.00000	0
267	P	0.00000	1e-05	0.99999	0
268	F	0.00000	4e-05	0.99996	0
269	T	0.00000	0.00136	0.99864	0
270	I	0.00000	0.04885	0.95115	0
271	D	0.00000	0.74599	0.25401	0
272	T	0.00000	0.74983	0.25017	0
273	L	0.00000	0.75716	0.24284	0
274	V	0.00000	0.79538	0.20462	0
275	D	0.00000	0.92081	0.07919	0
276	S	0.00000	0.92083	0.07917	0
277	L	0.00000	0.91976	0.08024	0
278	L	0.00000	0.92233	0.07767	0
279	N	0.00000	0.93463	0.06537	0
280	F	0.00000	0.9359	0.06410	0
281	I	0.00000	0.94911	0.05089	0
282	T	0.00000	0.98527	0.01473	0
283	P	0.00000	0.9943	0.00570	0
284	P	0.00000	0.99238	0.00762	0
285	L	0.00000	0.95204	0.04796	0
286	I	0.00000	0.94138	0.05862	0
287	F	0.00000	0.93826	0.06174	0
288	D	0.00000	0.86275	0.13725	0
289	I	0.00000	0.05537	0.94463	0
290	F	0.00000	0.00248	0.99752	0
291	I	0.00000	1e-05	0.99999	0
292	W	0.00000	0	1.00000	0
293	F	0.00000	0	1.00000	0
294	A	0.00000	0	1.00000	0
295	Y	0.00001	0	0.99999	0
296	F	0.00004	0	0.99996	0
297	N	0.00154	0	0.99846	0
298	S	0.00159	0	0.99841	0
299	A	0.00163	0	0.99837	0
300	C	0.00175	0	0.99825	0
301	N	0.00177	0	0.99823	0
302	P	0.00177	0	0.99823	0
303	I	0.00178	0	0.99822	0
304	I	0.00183	0	0.99817	0
305	Y	0.00259	0	0.99741	0
306	V	0.00551	0	0.99449	0
307	F	0.01539	0	0.98461	0
308	S	0.13739	0	0.86261	0
309	Y	0.25072	0	0.74928	0
310	R	1.00000	0	0.00000	0
311	W	1.00000	0	0.00000	0
312	F	1.00000	0	0.00000	0
313	R	1.00000	0	0.00000	0
314	K	1.00000	0	0.00000	0
315	A	1.00000	0	0.00000	0
316	L	1.00000	0	0.00000	0
317	K	1.00000	0	0.00000	0
318	L	1.00000	0	0.00000	0
319	C	1.00000	0	0.00000	0
320	L	1.00000	0	0.00000	0
321	S	1.00000	0	0.00000	0
322	G	1.00000	0	0.00000	0
323	E	1.00000	0	0.00000	0
324	I	1.00000	0	0.00000	0
325	F	1.00000	0	0.00000	0
326	S	1.00000	0	0.00000	0
327	S	1.00000	0	0.00000	0
328	R	1.00000	0	0.00000	0
329	T	1.00000	0	0.00000	0
330	R	1.00000	0	0.00000	0
331	T	1.00000	0	0.00000	0
332	I	1.00000	0	0.00000	0
333	D	1.00000	0	0.00000	0
334	L	1.00000	0	0.00000	0
335	Y	1.00000	0	0.00000	0
336	Q	1.00000	0	0.00000	0
337	E	1.00000	0	0.00000	0
