# UNNAMED
#pos	aa	i	o	M	S
1	M	0.00000	1	0.00000	0
2	T	0.00000	1	0.00000	0
3	D	0.00000	1	0.00000	0
4	S	0.00000	1	0.00000	0
5	N	0.00000	1	0.00000	0
6	L	0.00000	1	0.00000	0
7	R	0.00000	1	0.00000	0
8	N	0.00000	1	0.00000	0
9	E	0.00000	1	0.00000	0
10	S	0.00000	1	0.00000	0
11	N	0.00000	1	0.00000	0
12	H	0.00000	1	0.00000	0
13	G	0.00000	1	0.00000	0
14	L	0.00000	1	0.00000	0
15	F	0.00000	1	0.00000	0
16	F	0.00000	1	0.00000	0
17	T	0.00000	1	0.00000	0
18	S	0.00000	1	0.00000	0
19	F	0.00000	1	0.00000	0
20	N	0.00000	1	0.00000	0
21	G	0.00000	1	0.00000	0
22	S	0.00000	1	0.00000	0
23	V	0.00000	1	0.00000	0
24	S	0.00000	1	0.00000	0
25	D	0.00000	1	0.00000	0
26	Q	0.00000	1	0.00000	0
27	M	0.00000	1	0.00000	0
28	L	0.00000	1	0.00000	0
29	P	0.00000	1	0.00000	0
30	N	0.00000	1	0.00000	0
31	D	0.00000	1	0.00000	0
32	S	0.00000	1	0.00000	0
33	I	0.00000	1	0.00000	0
34	T	0.00000	1	0.00000	0
35	T	0.00000	1	0.00000	0
36	C	0.00000	1	0.00000	0
37	R	0.00000	1	0.00000	0
38	N	0.00000	1	0.00000	0
39	F	0.00000	1	0.00000	0
40	T	0.00000	1	0.00000	0
41	M	0.00000	1	0.00000	0
42	D	0.00000	1	0.00000	0
43	S	0.00000	0.99064	0.00936	0
44	Q	0.00000	0.93157	0.06843	0
45	V	0.00000	0.73481	0.26519	0
46	V	0.00000	0.53138	0.46862	0
47	G	0.00000	0.37003	0.62997	0
48	V	0.00000	0.12896	0.87104	0
49	G	0.00000	0.09236	0.90764	0
50	I	0.00000	0.01985	0.98015	0
51	F	0.00000	0.00584	0.99416	0
52	L	0.00000	0.00139	0.99861	0
53	S	0.00000	0.00067	0.99933	0
54	V	0.00000	2e-05	0.99998	0
55	F	0.00000	0	1.00000	0
56	I	0.00000	0	1.00000	0
57	L	0.00000	0	1.00000	0
58	V	0.00000	0	1.00000	0
59	A	0.00000	0	1.00000	0
60	I	0.00000	0	1.00000	0
61	V	0.00000	0	1.00000	0
62	G	0.00000	0	1.00000	0
63	N	0.00000	0	1.00000	0
64	I	0.00000	0	1.00000	0
65	L	0.00000	0	1.00000	0
66	V	0.00001	0	0.99999	0
67	I	0.00008	0	0.99992	0
68	L	0.00733	0	0.99267	0
69	S	0.23636	0	0.76364	0
70	V	0.27745	0	0.72255	0
71	V	0.42053	0	0.57947	0
72	C	0.73378	0	0.26622	0
73	N	0.98811	0	0.01189	0
74	K	0.99959	0	0.00041	0
75	Q	0.99999	0	0.00001	0
76	L	0.99997	0	0.00003	0
77	Q	0.99989	0	0.00011	0
78	T	0.99864	0	0.00136	0
79	V	0.97644	0	0.02356	0
80	T	0.91574	0	0.08426	0
81	N	0.66753	0	0.33247	0
82	F	0.05427	0	0.94573	0
83	F	0.00031	0	0.99969	0
84	I	0.00001	0	0.99999	0
85	V	0.00000	0	1.00000	0
86	N	0.00000	0	1.00000	0
87	L	0.00000	0	1.00000	0
88	A	0.00000	0	1.00000	0
89	I	0.00000	0	1.00000	0
90	A	0.00000	0	1.00000	0
91	D	0.00000	0	1.00000	0
92	L	0.00000	0	1.00000	0
93	L	0.00000	0	1.00000	0
94	L	0.00000	0	1.00000	0
95	G	0.00000	0	1.00000	0
96	I	0.00000	0	1.00000	0
97	I	0.00000	0	1.00000	0
98	V	0.00000	5e-05	0.99995	0
99	L	0.00000	0.00124	0.99876	0
100	P	0.00000	0.02812	0.97188	0
101	F	0.00000	0.11833	0.88167	0
102	S	0.00000	0.68707	0.31293	0
103	A	0.00000	0.81293	0.18707	0
104	S	0.00000	0.9582	0.04180	0
105	L	0.00000	0.99974	0.00026	0
106	E	0.00000	0.99983	0.00017	0
107	V	0.00000	0.99983	0.00017	0
108	L	0.00000	0.99986	0.00014	0
109	G	0.00000	0.99991	0.00009	0
110	C	0.00000	1	0.00000	0
111	W	0.00000	1	0.00000	0
112	V	0.00000	1	0.00000	0
113	F	0.00000	0.99999	0.00001	0
114	G	0.00000	0.99999	0.00001	0
115	R	0.00000	0.99999	0.00001	0
116	V	0.00000	0.99999	0.00001	0
117	F	0.00000	0.99999	0.00001	0
118	C	0.00000	0.99999	0.00001	0
119	N	0.00000	0.99999	0.00001	0
120	I	0.00000	0.99933	0.00067	0
121	W	0.00000	0.92432	0.07568	0
122	A	0.00000	0.38843	0.61157	0
123	A	0.00000	0.0157	0.98430	0
124	V	0.00000	0.00022	0.99978	0
125	D	0.00000	7e-05	0.99993	0
126	V	0.00000	0	1.00000	0
127	L	0.00000	0	1.00000	0
128	C	0.00000	0	1.00000	0
129	C	0.00000	0	1.00000	0
130	T	0.00000	0	1.00000	0
131	A	0.00000	0	1.00000	0
132	S	0.00000	0	1.00000	0
133	I	0.00000	0	1.00000	0
134	L	0.00000	0	1.00000	0
135	S	0.00000	0	1.00000	0
136	L	0.00000	0	1.00000	0
137	C	0.00000	0	1.00000	0
138	M	0.00000	0	1.00000	0
139	I	0.00000	0	1.00000	0
140	S	0.00000	0	1.00000	0
141	I	0.00000	0	1.00000	0
142	D	0.00000	0	1.00000	0
143	R	0.00483	0	0.99517	0
144	Y	0.08121	0	0.91879	0
145	I	0.25337	0	0.74663	0
146	G	0.90431	0	0.09569	0
147	V	0.99999	0	0.00001	0
148	K	1.00000	0	0.00000	0
149	Y	1.00000	0	0.00000	0
150	C	1.00000	0	0.00000	0
151	L	1.00000	0	0.00000	0
152	K	1.00000	0	0.00000	0
153	Y	1.00000	0	0.00000	0
154	P	1.00000	0	0.00000	0
155	S	1.00000	0	0.00000	0
156	I	1.00000	0	0.00000	0
157	M	1.00000	0	0.00000	0
158	T	1.00000	0	0.00000	0
159	E	1.00000	0	0.00000	0
160	R	0.99994	0	0.00006	0
161	K	0.99372	0	0.00628	0
162	A	0.32126	0	0.67874	0
163	V	0.02624	0	0.97376	0
164	A	0.00747	0	0.99253	0
165	I	0.00002	0	0.99998	0
166	L	0.00000	0	1.00000	0
167	V	0.00000	0	1.00000	0
168	L	0.00000	0	1.00000	0
169	V	0.00000	0	1.00000	0
170	W	0.00000	0	1.00000	0
171	V	0.00000	0	1.00000	0
172	S	0.00000	0	1.00000	0
173	S	0.00000	0	1.00000	0
174	V	0.00000	0	1.00000	0
175	V	0.00000	0	1.00000	0
176	I	0.00000	0	1.00000	0
177	S	0.00000	0	1.00000	0
178	V	0.00000	0	1.00000	0
179	G	0.00000	0	1.00000	0
180	P	0.00000	3e-05	0.99997	0
181	L	0.00000	0.00062	0.99938	0
182	L	0.00000	0.03045	0.96955	0
183	G	0.00000	0.52063	0.47937	0
184	W	0.00000	0.71513	0.28487	0
185	K	0.00000	0.99719	0.00281	0
186	E	0.00000	0.99998	0.00002	0
187	P	0.00000	1	0.00000	0
188	P	0.00000	1	0.00000	0
189	P	0.00000	1	0.00000	0
190	V	0.00000	1	0.00000	0
191	D	0.00000	1	0.00000	0
192	E	0.00000	1	0.00000	0
193	S	0.00000	1	0.00000	0
194	I	0.00000	1	0.00000	0
195	C	0.00000	1	0.00000	0
196	R	0.00000	1	0.00000	0
197	I	0.00000	1	0.00000	0
198	T	0.00000	1	0.00000	0
199	E	0.00000	1	0.00000	0
200	E	0.00000	0.99999	0.00001	0
201	P	0.00000	0.99883	0.00117	0
202	G	0.00000	0.86038	0.13962	0
203	Y	0.00000	0.17166	0.82834	0
204	A	0.00000	0.14809	0.85191	0
205	L	0.00000	0.11859	0.88141	0
206	F	0.00000	0.00555	0.99445	0
207	S	0.00000	0.00489	0.99511	0
208	S	0.00000	0.00047	0.99953	0
209	L	0.00000	0.00023	0.99977	0
210	F	0.00000	0	1.00000	0
211	S	0.00000	0	1.00000	0
212	F	0.00000	0	1.00000	0
213	Y	0.00000	0	1.00000	0
214	L	0.00000	0	1.00000	0
215	P	0.00000	0	1.00000	0
216	L	0.00000	0	1.00000	0
217	M	0.00000	0	1.00000	0
218	V	0.00000	0	1.00000	0
219	I	0.00000	0	1.00000	0
220	L	0.00000	0	1.00000	0
221	I	0.00000	0	1.00000	0
222	M	0.00000	0	1.00000	0
223	Y	0.00002	0	0.99998	0
224	F	0.00108	0	0.99892	0
225	R	0.03786	0	0.96214	0
226	V	0.04342	0	0.95658	0
227	Y	0.07474	0	0.92526	0
228	V	0.32502	0	0.67498	0
229	V	0.49211	0	0.50789	0
230	A	0.99582	0	0.00418	0
231	R	0.99985	0	0.00015	0
232	R	1.00000	0	0.00000	0
233	T	1.00000	0	0.00000	0
234	T	1.00000	0	0.00000	0
235	R	1.00000	0	0.00000	0
236	S	1.00000	0	0.00000	0
237	L	1.00000	0	0.00000	0
238	E	1.00000	0	0.00000	0
239	A	1.00000	0	0.00000	0
240	G	1.00000	0	0.00000	0
241	V	1.00000	0	0.00000	0
242	K	1.00000	0	0.00000	0
243	R	1.00000	0	0.00000	0
244	E	1.00000	0	0.00000	0
245	R	1.00000	0	0.00000	0
246	N	1.00000	0	0.00000	0
247	K	1.00000	0	0.00000	0
248	S	1.00000	0	0.00000	0
249	M	1.00000	0	0.00000	0
250	E	1.00000	0	0.00000	0
251	V	1.00000	0	0.00000	0
252	V	1.00000	0	0.00000	0
253	L	1.00000	0	0.00000	0
254	R	1.00000	0	0.00000	0
255	I	1.00000	0	0.00000	0
256	H	1.00000	0	0.00000	0
257	C	1.00000	0	0.00000	0
258	R	1.00000	0	0.00000	0
259	S	1.00000	0	0.00000	0
260	V	1.00000	0	0.00000	0
261	L	1.00000	0	0.00000	0
262	E	1.00000	0	0.00000	0
263	D	1.00000	0	0.00000	0
264	A	1.00000	0	0.00000	0
265	R	1.00000	0	0.00000	0
266	P	1.00000	0	0.00000	0
267	A	1.00000	0	0.00000	0
268	S	1.00000	0	0.00000	0
269	S	1.00000	0	0.00000	0
270	K	1.00000	0	0.00000	0
271	S	1.00000	0	0.00000	0
272	S	1.00000	0	0.00000	0
273	K	1.00000	0	0.00000	0
274	N	1.00000	0	0.00000	0
275	H	1.00000	0	0.00000	0
276	P	1.00000	0	0.00000	0
277	F	1.00000	0	0.00000	0
278	R	1.00000	0	0.00000	0
279	S	1.00000	0	0.00000	0
280	S	1.00000	0	0.00000	0
281	L	1.00000	0	0.00000	0
282	S	1.00000	0	0.00000	0
283	V	1.00000	0	0.00000	0
284	R	1.00000	0	0.00000	0
285	L	1.00000	0	0.00000	0
286	M	1.00000	0	0.00000	0
287	K	1.00000	0	0.00000	0
288	F	1.00000	0	0.00000	0
289	S	1.00000	0	0.00000	0
290	R	1.00000	0	0.00000	0
291	E	1.00000	0	0.00000	0
292	K	0.99855	0	0.00145	0
293	K	0.99847	0	0.00153	0
294	A	0.98702	0	0.01298	0
295	A	0.98542	0	0.01458	0
296	K	0.94513	0	0.05487	0
297	T	0.81401	0	0.18599	0
298	L	0.03889	0	0.96111	0
299	A	0.00310	0	0.99690	0
300	I	0.00066	0	0.99934	0
301	V	0.00049	0	0.99951	0
302	V	0.00046	0	0.99954	0
303	G	0.00003	0	0.99997	0
304	M	0.00000	0	1.00000	0
305	F	0.00000	0	1.00000	0
306	I	0.00000	0	1.00000	0
307	L	0.00000	0	1.00000	0
308	C	0.00000	0	1.00000	0
309	W	0.00000	0	1.00000	0
310	L	0.00000	0	1.00000	0
311	P	0.00000	0	1.00000	0
312	F	0.00000	0	1.00000	0
313	F	0.00000	0	1.00000	0
314	F	0.00000	0	1.00000	0
315	F	0.00000	3e-05	0.99997	0
316	L	0.00000	0.00025	0.99975	0
317	P	0.00000	0.00435	0.99565	0
318	M	0.00000	0.00676	0.99324	0
319	G	0.00000	0.03388	0.96612	0
320	S	0.00000	0.04707	0.95293	0
321	F	0.00000	0.05474	0.94526	0
322	F	0.00000	0.09112	0.90888	0
323	P	0.00000	0.39914	0.60086	0
324	A	0.00000	0.44035	0.55965	0
325	L	0.00000	0.57201	0.42799	0
326	K	0.00000	0.99745	0.00255	0
327	P	0.00000	0.99965	0.00035	0
328	S	0.00000	0.9999	0.00010	0
329	E	0.00000	0.99919	0.00081	0
330	T	0.00000	0.98731	0.01269	0
331	V	0.00000	0.96138	0.03862	0
332	F	0.00000	0.9543	0.04570	0
333	K	0.00000	0.78363	0.21637	0
334	V	0.00000	0.00695	0.99305	0
335	I	0.00000	0.00032	0.99968	0
336	F	0.00000	0	1.00000	0
337	W	0.00000	0	1.00000	0
338	L	0.00000	0	1.00000	0
339	G	0.00000	0	1.00000	0
340	Y	0.00000	0	1.00000	0
341	F	0.00000	0	1.00000	0
342	N	0.00000	0	1.00000	0
343	S	0.00000	0	1.00000	0
344	C	0.00000	0	1.00000	0
345	I	0.00000	0	1.00000	0
346	N	0.00000	0	1.00000	0
347	P	0.00000	0	1.00000	0
348	I	0.00000	0	1.00000	0
349	I	0.00000	0	1.00000	0
350	Y	0.00002	0	0.99998	0
351	P	0.00015	0	0.99985	0
352	C	0.00277	0	0.99723	0
353	S	0.16086	0	0.83914	0
354	S	0.35971	0	0.64029	0
355	K	1.00000	0	0.00000	0
356	E	1.00000	0	0.00000	0
357	F	1.00000	0	0.00000	0
358	Q	1.00000	0	0.00000	0
359	R	1.00000	0	0.00000	0
360	A	1.00000	0	0.00000	0
361	F	1.00000	0	0.00000	0
362	T	1.00000	0	0.00000	0
363	R	1.00000	0	0.00000	0
364	L	1.00000	0	0.00000	0
365	L	1.00000	0	0.00000	0
366	K	1.00000	0	0.00000	0
367	C	1.00000	0	0.00000	0
368	Q	1.00000	0	0.00000	0
369	C	1.00000	0	0.00000	0
370	Y	1.00000	0	0.00000	0
371	Q	1.00000	0	0.00000	0
372	K	1.00000	0	0.00000	0
373	R	1.00000	0	0.00000	0
374	R	1.00000	0	0.00000	0
375	V	1.00000	0	0.00000	0
376	L	1.00000	0	0.00000	0
377	R	1.00000	0	0.00000	0
378	R	1.00000	0	0.00000	0
379	F	1.00000	0	0.00000	0
380	Y	1.00000	0	0.00000	0
381	D	1.00000	0	0.00000	0
382	Q	1.00000	0	0.00000	0
383	R	1.00000	0	0.00000	0
384	W	1.00000	0	0.00000	0
385	R	1.00000	0	0.00000	0
386	T	1.00000	0	0.00000	0
387	A	1.00000	0	0.00000	0
388	V	1.00000	0	0.00000	0
389	K	1.00000	0	0.00000	0
390	G	1.00000	0	0.00000	0
391	M	1.00000	0	0.00000	0
392	T	1.00000	0	0.00000	0
393	R	1.00000	0	0.00000	0
394	D	1.00000	0	0.00000	0
395	Q	1.00000	0	0.00000	0
396	R	1.00000	0	0.00000	0
397	G	1.00000	0	0.00000	0
398	D	1.00000	0	0.00000	0
399	Y	1.00000	0	0.00000	0
400	K	1.00000	0	0.00000	0
401	P	1.00000	0	0.00000	0
402	G	1.00000	0	0.00000	0
403	Y	1.00000	0	0.00000	0
404	A	1.00000	0	0.00000	0
405	V	1.00000	0	0.00000	0
406	H	1.00000	0	0.00000	0
407	E	1.00000	0	0.00000	0
408	S	1.00000	0	0.00000	0
409	C	1.00000	0	0.00000	0
410	G	1.00000	0	0.00000	0
411	S	1.00000	0	0.00000	0
412	S	1.00000	0	0.00000	0
413	L	1.00000	0	0.00000	0
414	L	1.00000	0	0.00000	0
415	H	1.00000	0	0.00000	0
416	T	1.00000	0	0.00000	0
417	R	1.00000	0	0.00000	0
418	K	1.00000	0	0.00000	0
419	G	1.00000	0	0.00000	0
420	H	1.00000	0	0.00000	0
421	A	1.00000	0	0.00000	0
422	L	1.00000	0	0.00000	0
423	G	1.00000	0	0.00000	0
424	F	1.00000	0	0.00000	0
425	K	1.00000	0	0.00000	0
426	R	1.00000	0	0.00000	0
427	W	1.00000	0	0.00000	0
428	S	1.00000	0	0.00000	0
429	L	1.00000	0	0.00000	0
430	F	1.00000	0	0.00000	0
431	P	1.00000	0	0.00000	0
432	P	1.00000	0	0.00000	0
433	L	1.00000	0	0.00000	0
434	R	1.00000	0	0.00000	0
435	K	1.00000	0	0.00000	0
436	S	1.00000	0	0.00000	0
437	S	1.00000	0	0.00000	0
438	F	1.00000	0	0.00000	0
439	Q	1.00000	0	0.00000	0
440	L	1.00000	0	0.00000	0
441	K	1.00000	0	0.00000	0
442	E	1.00000	0	0.00000	0
443	K	1.00000	0	0.00000	0
444	V	1.00000	0	0.00000	0
445	N	1.00000	0	0.00000	0
446	N	1.00000	0	0.00000	0
447	L	1.00000	0	0.00000	0
448	S	1.00000	0	0.00000	0
449	N	1.00000	0	0.00000	0
450	K	1.00000	0	0.00000	0
451	I	1.00000	0	0.00000	0
452	K	1.00000	0	0.00000	0
453	G	1.00000	0	0.00000	0
454	G	1.00000	0	0.00000	0
455	T	1.00000	0	0.00000	0
456	G	1.00000	0	0.00000	0
457	K	1.00000	0	0.00000	0
458	C	1.00000	0	0.00000	0
459	N	1.00000	0	0.00000	0
460	T	1.00000	0	0.00000	0
461	P	1.00000	0	0.00000	0
462	A	1.00000	0	0.00000	0
463	V	1.00000	0	0.00000	0
464	G	1.00000	0	0.00000	0
465	R	1.00000	0	0.00000	0
466	I	1.00000	0	0.00000	0
467	E	1.00000	0	0.00000	0
468	T	1.00000	0	0.00000	0
469	V	1.00000	0	0.00000	0
470	D	1.00000	0	0.00000	0
471	T	1.00000	0	0.00000	0
472	V	1.00000	0	0.00000	0
473	S	1.00000	0	0.00000	0
474	M	1.00000	0	0.00000	0
475	G	1.00000	0	0.00000	0
476	I	1.00000	0	0.00000	0
477	Y	1.00000	0	0.00000	0
478	N	1.00000	0	0.00000	0
479	S	1.00000	0	0.00000	0
480	C	1.00000	0	0.00000	0
481	E	1.00000	0	0.00000	0
482	Q	1.00000	0	0.00000	0
483	S	1.00000	0	0.00000	0
484	S	1.00000	0	0.00000	0
485	Y	1.00000	0	0.00000	0
486	Q	1.00000	0	0.00000	0
487	F	1.00000	0	0.00000	0
488	Y	1.00000	0	0.00000	0
489	D	1.00000	0	0.00000	0
490	L	1.00000	0	0.00000	0
491	A	1.00000	0	0.00000	0
492	E	1.00000	0	0.00000	0
493	C	1.00000	0	0.00000	0
494	Y	1.00000	0	0.00000	0
495	G	1.00000	0	0.00000	0
496	L	1.00000	0	0.00000	0
497	K	1.00000	0	0.00000	0
498	E	1.00000	0	0.00000	0
499	T	1.00000	0	0.00000	0
500	D	1.00000	0	0.00000	0
501	I	1.00000	0	0.00000	0
