# UNNAMED
#pos	aa	i	o	M	S
1	M	0.00000	1	0.00000	0
2	E	0.00000	1	0.00000	0
3	G	0.00000	1	0.00000	0
4	T	0.00000	1	0.00000	0
5	N	0.00000	1	0.00000	0
6	N	0.00000	1	0.00000	0
7	T	0.00000	1	0.00000	0
8	T	0.00000	1	0.00000	0
9	T	0.00000	1	0.00000	0
10	W	0.00000	1	0.00000	0
11	P	0.00000	1	0.00000	0
12	N	0.00000	1	0.00000	0
13	F	0.00000	1	0.00000	0
14	D	0.00000	1	0.00000	0
15	N	0.00000	1	0.00000	0
16	S	0.00000	1	0.00000	0
17	T	0.00000	1	0.00000	0
18	S	0.00000	1	0.00000	0
19	K	0.00000	1	0.00000	0
20	P	0.00000	1	0.00000	0
21	P	0.00000	1	0.00000	0
22	K	0.00000	1	0.00000	0
23	Q	0.00000	1	0.00000	0
24	E	0.00000	1	0.00000	0
25	E	0.00000	1	0.00000	0
26	E	0.00000	1	0.00000	0
27	D	0.00000	1	0.00000	0
28	M	0.00000	0.99999	0.00001	0
29	K	0.00000	0.9999	0.00010	0
30	L	0.00000	0.98974	0.01026	0
31	S	0.00000	0.97591	0.02409	0
32	Y	0.00000	0.82037	0.17963	0
33	Q	0.00000	0.78842	0.21158	0
34	V	0.00000	0.32279	0.67721	0
35	V	0.00000	0.15665	0.84335	0
36	T	0.00000	0.10334	0.89666	0
37	S	0.00000	0.08097	0.91903	0
38	F	0.00000	0.01753	0.98247	0
39	L	0.00000	0.00841	0.99159	0
40	L	0.00000	0.00129	0.99871	0
41	G	0.00000	7e-05	0.99993	0
42	A	0.00000	0	1.00000	0
43	L	0.00000	0	1.00000	0
44	I	0.00000	0	1.00000	0
45	L	0.00000	0	1.00000	0
46	C	0.00000	0	1.00000	0
47	A	0.00000	0	1.00000	0
48	I	0.00000	0	1.00000	0
49	F	0.00000	0	1.00000	0
50	G	0.00000	0	1.00000	0
51	N	0.00000	0	1.00000	0
52	A	0.00000	0	1.00000	0
53	C	0.00000	0	1.00000	0
54	V	0.00001	0	0.99999	0
55	V	0.00007	0	0.99993	0
56	A	0.00145	0	0.99855	0
57	A	0.01564	0	0.98436	0
58	I	0.04422	0	0.95578	0
59	V	0.24125	0	0.75875	0
60	L	0.56253	0	0.43747	0
61	E	0.99187	0	0.00813	0
62	R	0.99988	0	0.00012	0
63	S	0.99999	0	0.00001	0
64	L	0.99999	0	0.00001	0
65	Q	0.99994	0	0.00006	0
66	N	0.99421	0	0.00579	0
67	V	0.96838	0	0.03162	0
68	A	0.79653	0	0.20347	0
69	N	0.24720	0	0.75280	0
70	Y	0.09953	0	0.90047	0
71	L	0.00166	0	0.99834	0
72	I	0.00004	0	0.99996	0
73	G	0.00001	0	0.99999	0
74	S	0.00000	0	1.00000	0
75	L	0.00000	0	1.00000	0
76	A	0.00000	0	1.00000	0
77	V	0.00000	0	1.00000	0
78	T	0.00000	0	1.00000	0
79	D	0.00000	0	1.00000	0
80	L	0.00000	0	1.00000	0
81	M	0.00000	0	1.00000	0
82	V	0.00000	0	1.00000	0
83	S	0.00000	0	1.00000	0
84	V	0.00000	0	1.00000	0
85	L	0.00000	0	1.00000	0
86	V	0.00000	1e-05	0.99999	0
87	L	0.00000	0.0001	0.99990	0
88	P	0.00000	0.00076	0.99924	0
89	M	0.00000	0.01386	0.98614	0
90	A	0.00000	0.09052	0.90948	0
91	A	0.00000	0.26842	0.73158	0
92	L	0.00000	0.43043	0.56957	0
93	Y	0.00000	0.99965	0.00035	0
94	Q	0.00000	0.99979	0.00021	0
95	V	0.00000	0.99981	0.00019	0
96	L	0.00000	0.99987	0.00013	0
97	N	0.00000	0.99999	0.00001	0
98	S	0.00000	1	0.00000	0
99	W	0.00000	1	0.00000	0
100	T	0.00000	1	0.00000	0
101	L	0.00000	1	0.00000	0
102	G	0.00000	1	0.00000	0
103	Q	0.00000	1	0.00000	0
104	V	0.00000	1	0.00000	0
105	P	0.00000	1	0.00000	0
106	C	0.00000	0.9997	0.00030	0
107	D	0.00000	0.99828	0.00172	0
108	I	0.00000	0.99007	0.00993	0
109	F	0.00000	0.32995	0.67005	0
110	I	0.00000	0.04027	0.95973	0
111	S	0.00000	0.00344	0.99656	0
112	L	0.00000	4e-05	0.99996	0
113	D	0.00000	1e-05	0.99999	0
114	V	0.00000	0	1.00000	0
115	L	0.00000	0	1.00000	0
116	C	0.00000	0	1.00000	0
117	C	0.00000	0	1.00000	0
118	T	0.00000	0	1.00000	0
119	S	0.00000	0	1.00000	0
120	S	0.00000	0	1.00000	0
121	I	0.00000	0	1.00000	0
122	L	0.00000	0	1.00000	0
123	H	0.00000	0	1.00000	0
124	L	0.00000	0	1.00000	0
125	C	0.00000	0	1.00000	0
126	A	0.00000	0	1.00000	0
127	I	0.00000	0	1.00000	0
128	A	0.00000	0	1.00000	0
129	L	0.00001	0	0.99999	0
130	D	0.00008	0	0.99992	0
131	R	0.14036	0	0.85964	0
132	Y	0.89386	0	0.10614	0
133	W	0.95245	0	0.04755	0
134	A	0.97822	0	0.02178	0
135	I	1.00000	0	0.00000	0
136	T	1.00000	0	0.00000	0
137	E	1.00000	0	0.00000	0
138	P	1.00000	0	0.00000	0
139	I	1.00000	0	0.00000	0
140	D	1.00000	0	0.00000	0
141	Y	1.00000	0	0.00000	0
142	M	1.00000	0	0.00000	0
143	K	1.00000	0	0.00000	0
144	K	1.00000	0	0.00000	0
145	R	1.00000	0	0.00000	0
146	T	1.00000	0	0.00000	0
147	P	1.00000	0	0.00000	0
148	R	0.99963	0	0.00037	0
149	R	0.97890	0	0.02110	0
150	A	0.12224	0	0.87776	0
151	A	0.02880	0	0.97120	0
152	V	0.00073	0	0.99927	0
153	L	0.00001	0	0.99999	0
154	I	0.00000	0	1.00000	0
155	S	0.00000	0	1.00000	0
156	V	0.00000	0	1.00000	0
157	T	0.00000	0	1.00000	0
158	W	0.00000	0	1.00000	0
159	L	0.00000	0	1.00000	0
160	V	0.00000	0	1.00000	0
161	G	0.00000	0	1.00000	0
162	F	0.00000	0	1.00000	0
163	S	0.00000	0	1.00000	0
164	I	0.00000	0	1.00000	0
165	S	0.00000	0	1.00000	0
166	V	0.00000	0	1.00000	0
167	P	0.00000	0	1.00000	0
168	P	0.00000	1e-05	0.99999	0
169	M	0.00000	7e-05	0.99993	0
170	L	0.00000	0.00286	0.99714	0
171	V	0.00000	0.04485	0.95515	0
172	M	0.00000	0.16976	0.83024	0
173	R	0.00000	0.96916	0.03084	0
174	S	0.00000	0.99801	0.00199	0
175	Q	0.00000	0.99994	0.00006	0
176	P	0.00000	1	0.00000	0
177	G	0.00000	1	0.00000	0
178	S	0.00000	1	0.00000	0
179	M	0.00000	1	0.00000	0
180	A	0.00000	1	0.00000	0
181	E	0.00000	1	0.00000	0
182	D	0.00000	1	0.00000	0
183	R	0.00000	1	0.00000	0
184	A	0.00000	1	0.00000	0
185	N	0.00000	1	0.00000	0
186	P	0.00000	1	0.00000	0
187	K	0.00000	1	0.00000	0
188	Q	0.00000	1	0.00000	0
189	C	0.00000	1	0.00000	0
190	K	0.00000	1	0.00000	0
191	I	0.00000	1	0.00000	0
192	R	0.00000	1	0.00000	0
193	Q	0.00000	1	0.00000	0
194	D	0.00000	0.99999	0.00001	0
195	P	0.00000	0.97994	0.02006	0
196	W	0.00000	0.52892	0.47108	0
197	Y	0.00000	0.45885	0.54115	0
198	T	0.00000	0.4422	0.55780	0
199	I	0.00000	0.00339	0.99661	0
200	Y	0.00000	0.001	0.99900	0
201	S	0.00000	0.00079	0.99921	0
202	T	0.00000	0.00013	0.99987	0
203	F	0.00000	9e-05	0.99991	0
204	G	0.00000	0	1.00000	0
205	A	0.00000	0	1.00000	0
206	F	0.00000	0	1.00000	0
207	Y	0.00000	0	1.00000	0
208	I	0.00000	0	1.00000	0
209	P	0.00000	0	1.00000	0
210	L	0.00000	0	1.00000	0
211	T	0.00000	0	1.00000	0
212	L	0.00000	0	1.00000	0
213	M	0.00000	0	1.00000	0
214	L	0.00000	0	1.00000	0
215	V	0.00000	0	1.00000	0
216	L	0.00001	0	0.99999	0
217	Y	0.00077	0	0.99923	0
218	G	0.03817	0	0.96183	0
219	R	0.12525	0	0.87475	0
220	I	0.13501	0	0.86499	0
221	F	0.20047	0	0.79953	0
222	K	0.97175	0	0.02825	0
223	A	0.98063	0	0.01937	0
224	A	0.99965	0	0.00035	0
225	R	0.99987	0	0.00013	0
226	F	0.99987	0	0.00013	0
227	R	0.99999	0	0.00001	0
228	I	0.99999	0	0.00001	0
229	R	1.00000	0	0.00000	0
230	R	1.00000	0	0.00000	0
231	T	1.00000	0	0.00000	0
232	V	1.00000	0	0.00000	0
233	R	1.00000	0	0.00000	0
234	K	1.00000	0	0.00000	0
235	T	1.00000	0	0.00000	0
236	E	1.00000	0	0.00000	0
237	K	1.00000	0	0.00000	0
238	K	1.00000	0	0.00000	0
239	K	1.00000	0	0.00000	0
240	V	1.00000	0	0.00000	0
241	A	1.00000	0	0.00000	0
242	D	1.00000	0	0.00000	0
243	S	1.00000	0	0.00000	0
244	C	1.00000	0	0.00000	0
245	L	1.00000	0	0.00000	0
246	A	1.00000	0	0.00000	0
247	I	1.00000	0	0.00000	0
248	S	1.00000	0	0.00000	0
249	P	1.00000	0	0.00000	0
250	S	1.00000	0	0.00000	0
251	L	1.00000	0	0.00000	0
252	F	1.00000	0	0.00000	0
253	H	1.00000	0	0.00000	0
254	K	1.00000	0	0.00000	0
255	T	1.00000	0	0.00000	0
256	P	1.00000	0	0.00000	0
257	H	1.00000	0	0.00000	0
258	G	1.00000	0	0.00000	0
259	D	1.00000	0	0.00000	0
260	A	1.00000	0	0.00000	0
261	Q	1.00000	0	0.00000	0
262	G	1.00000	0	0.00000	0
263	K	1.00000	0	0.00000	0
264	S	1.00000	0	0.00000	0
265	W	1.00000	0	0.00000	0
266	K	1.00000	0	0.00000	0
267	R	1.00000	0	0.00000	0
268	S	1.00000	0	0.00000	0
269	V	1.00000	0	0.00000	0
270	E	1.00000	0	0.00000	0
271	P	1.00000	0	0.00000	0
272	R	1.00000	0	0.00000	0
273	P	1.00000	0	0.00000	0
274	L	1.00000	0	0.00000	0
275	A	1.00000	0	0.00000	0
276	L	1.00000	0	0.00000	0
277	P	1.00000	0	0.00000	0
278	S	1.00000	0	0.00000	0
279	V	1.00000	0	0.00000	0
280	N	1.00000	0	0.00000	0
281	G	1.00000	0	0.00000	0
282	A	1.00000	0	0.00000	0
283	V	1.00000	0	0.00000	0
284	K	1.00000	0	0.00000	0
285	H	1.00000	0	0.00000	0
286	A	1.00000	0	0.00000	0
287	E	1.00000	0	0.00000	0
288	D	1.00000	0	0.00000	0
289	G	1.00000	0	0.00000	0
290	E	1.00000	0	0.00000	0
291	S	1.00000	0	0.00000	0
292	L	1.00000	0	0.00000	0
293	E	1.00000	0	0.00000	0
294	I	1.00000	0	0.00000	0
295	I	1.00000	0	0.00000	0
296	E	1.00000	0	0.00000	0
297	V	1.00000	0	0.00000	0
298	H	1.00000	0	0.00000	0
299	S	1.00000	0	0.00000	0
300	N	1.00000	0	0.00000	0
301	S	1.00000	0	0.00000	0
302	R	1.00000	0	0.00000	0
303	G	1.00000	0	0.00000	0
304	N	1.00000	0	0.00000	0
305	L	1.00000	0	0.00000	0
306	P	1.00000	0	0.00000	0
307	L	1.00000	0	0.00000	0
308	P	1.00000	0	0.00000	0
309	N	1.00000	0	0.00000	0
310	T	1.00000	0	0.00000	0
311	P	1.00000	0	0.00000	0
312	S	1.00000	0	0.00000	0
313	T	1.00000	0	0.00000	0
314	V	1.00000	0	0.00000	0
315	P	1.00000	0	0.00000	0
316	L	1.00000	0	0.00000	0
317	F	1.00000	0	0.00000	0
318	E	1.00000	0	0.00000	0
319	S	1.00000	0	0.00000	0
320	R	1.00000	0	0.00000	0
321	H	1.00000	0	0.00000	0
322	D	1.00000	0	0.00000	0
323	K	1.00000	0	0.00000	0
324	A	1.00000	0	0.00000	0
325	T	1.00000	0	0.00000	0
326	E	1.00000	0	0.00000	0
327	A	1.00000	0	0.00000	0
328	K	1.00000	0	0.00000	0
329	R	1.00000	0	0.00000	0
330	K	1.00000	0	0.00000	0
331	I	1.00000	0	0.00000	0
332	A	1.00000	0	0.00000	0
333	L	1.00000	0	0.00000	0
334	A	1.00000	0	0.00000	0
335	R	1.00000	0	0.00000	0
336	E	1.00000	0	0.00000	0
337	R	0.99708	0	0.00292	0
338	K	0.99673	0	0.00327	0
339	T	0.72424	0	0.27576	0
340	V	0.72143	0	0.27857	0
341	K	0.72016	0	0.27984	0
342	T	0.60545	0	0.39455	0
343	L	0.01112	0	0.98888	0
344	G	0.00078	0	0.99922	0
345	I	0.00002	0	0.99998	0
346	I	0.00000	0	1.00000	0
347	M	0.00000	0	1.00000	0
348	G	0.00000	0	1.00000	0
349	T	0.00000	0	1.00000	0
350	F	0.00000	0	1.00000	0
351	I	0.00000	0	1.00000	0
352	L	0.00000	0	1.00000	0
353	C	0.00000	0	1.00000	0
354	W	0.00000	0	1.00000	0
355	L	0.00000	0	1.00000	0
356	P	0.00000	0	1.00000	0
357	F	0.00000	0	1.00000	0
358	F	0.00000	0	1.00000	0
359	I	0.00000	0	1.00000	0
360	V	0.00000	6e-05	0.99994	0
361	A	0.00000	0.00041	0.99959	0
362	L	0.00000	0.00331	0.99669	0
363	V	0.00000	0.01809	0.98191	0
364	M	0.00000	0.05913	0.94087	0
365	P	0.00000	0.388	0.61200	0
366	F	0.00000	0.52632	0.47368	0
367	C	0.00000	0.95649	0.04351	0
368	Q	0.00000	0.99474	0.00526	0
369	E	0.00000	0.99989	0.00011	0
370	S	0.00000	0.99995	0.00005	0
371	C	0.00000	0.99998	0.00002	0
372	Y	0.00000	0.99998	0.00002	0
373	M	0.00000	0.99999	0.00001	0
374	P	0.00000	0.99998	0.00002	0
375	R	0.00000	0.99984	0.00016	0
376	W	0.00000	0.99789	0.00211	0
377	L	0.00000	0.99673	0.00327	0
378	E	0.00000	0.99652	0.00348	0
379	D	0.00000	0.94039	0.05961	0
380	V	0.00000	0.00717	0.99283	0
381	I	0.00000	0.00029	0.99971	0
382	N	0.00000	0	1.00000	0
383	W	0.00000	0	1.00000	0
384	L	0.00000	0	1.00000	0
385	G	0.00000	0	1.00000	0
386	Y	0.00000	0	1.00000	0
387	S	0.00000	0	1.00000	0
388	N	0.00000	0	1.00000	0
389	S	0.00000	0	1.00000	0
390	L	0.00000	0	1.00000	0
391	L	0.00000	0	1.00000	0
392	N	0.00000	0	1.00000	0
393	P	0.00000	0	1.00000	0
394	I	0.00000	0	1.00000	0
395	I	0.00000	0	1.00000	0
396	Y	0.00000	0	1.00000	0
397	A	0.00001	0	0.99999	0
398	Y	0.00013	0	0.99987	0
399	F	0.04832	0	0.95168	0
400	N	0.43742	0	0.56258	0
401	K	1.00000	0	0.00000	0
402	D	1.00000	0	0.00000	0
403	F	1.00000	0	0.00000	0
404	Q	1.00000	0	0.00000	0
405	S	1.00000	0	0.00000	0
406	A	1.00000	0	0.00000	0
407	F	1.00000	0	0.00000	0
408	K	1.00000	0	0.00000	0
409	K	1.00000	0	0.00000	0
410	I	1.00000	0	0.00000	0
411	I	1.00000	0	0.00000	0
412	K	1.00000	0	0.00000	0
413	C	1.00000	0	0.00000	0
414	H	1.00000	0	0.00000	0
415	F	1.00000	0	0.00000	0
416	C	1.00000	0	0.00000	0
417	K	1.00000	0	0.00000	0
418	P	1.00000	0	0.00000	0
