# UNNAMED
#pos	aa	i	o	M	S
1	M	0.00000	0.99832	0.00000	0.00168
2	Q	0.00000	0.99832	0.00000	0.00168
3	R	0.00000	0.99832	0.00000	0.00168
4	T	0.00000	0.99832	0.00000	0.00168
5	D	0.00000	0.99832	0.00000	0.00168
6	Q	0.00000	0.99832	0.00000	0.00168
7	T	0.00000	0.99832	0.00000	0.00168
8	K	0.00000	0.99832	0.00000	0.00168
9	A	0.00000	0.99832	0.00000	0.00167
10	K	0.00000	0.99832	0.00000	0.00167
11	T	0.00000	0.99832	0.00000	0.00168
12	F	0.00000	0.99832	0.00000	0.00167
13	S	0.00000	0.99832	0.00000	0.00168
14	N	0.00000	0.99832	0.00000	0.00168
15	S	0.00000	0.99832	0.00000	0.00168
16	I	0.00000	0.99832	0.00000	0.00167
17	S	0.00000	0.99832	0.00000	0.00167
18	F	0.00000	0.99832	0.00000	0.00167
19	S	0.00000	0.99832	0.00000	0.00167
20	F	0.00000	0.99832	0.00000	0.00168
21	L	0.00000	0.99832	0.00000	0.00168
22	P	0.00000	0.99832	0.00000	0.00167
23	R	0.00000	0.99832	0.00000	0.00167
24	L	0.00000	0.99832	0.00000	0.00167
25	C	0.00000	0.99832	0.00000	0.00167
26	Q	0.00000	0.99832	0.00000	0.00168
27	R	0.00000	0.9998	0.00000	0.0002
28	V	0.00000	0.9998	0.00000	0.0002
29	T	0.00000	0.9998	0.00000	0.0002
30	M	0.00000	0.9998	0.00000	0.0002
31	T	0.00000	0.9998	0.00000	0.0002
32	L	0.00000	1	0.00000	0
33	H	0.00000	1	0.00000	0
34	N	0.00000	1	0.00000	0
35	N	0.00000	1	0.00000	0
36	N	0.00000	1	0.00000	0
37	T	0.00000	1	0.00000	0
38	T	0.00000	1	0.00000	0
39	S	0.00000	1	0.00000	0
40	P	0.00000	1	0.00000	0
41	L	0.00000	1	0.00000	0
42	F	0.00000	1	0.00000	0
43	P	0.00000	1	0.00000	0
44	N	0.00000	1	0.00000	0
45	I	0.00000	1	0.00000	0
46	S	0.00000	1	0.00000	0
47	S	0.00000	1	0.00000	0
48	S	0.00000	1	0.00000	0
49	W	0.00000	1	0.00000	0
50	I	0.00000	1	0.00000	0
51	Q	0.00000	1	0.00000	0
52	G	0.00000	1	0.00000	0
53	P	0.00000	1	0.00000	0
54	S	0.00000	1	0.00000	0
55	D	0.00000	1	0.00000	0
56	S	0.00000	1	0.00000	0
57	G	0.00000	1	0.00000	0
58	L	0.00000	1	0.00000	0
59	P	0.00000	1	0.00000	0
60	P	0.00000	1	0.00000	0
61	G	0.00000	1	0.00000	0
62	T	0.00000	1	0.00000	0
63	V	0.00000	1	0.00000	0
64	T	0.00000	1	0.00000	0
65	H	0.00000	1	0.00000	0
66	F	0.00000	1	0.00000	0
67	G	0.00000	1	0.00000	0
68	S	0.00000	1	0.00000	0
69	Y	0.00000	1	0.00000	0
70	N	0.00000	1	0.00000	0
71	I	0.00000	1	0.00000	0
72	S	0.00000	1	0.00000	0
73	P	0.00000	1	0.00000	0
74	A	0.00000	1	0.00000	0
75	A	0.00000	1	0.00000	0
76	G	0.00000	1	0.00000	0
77	N	0.00000	1	0.00000	0
78	F	0.00000	1	0.00000	0
79	S	0.00000	1	0.00000	0
80	S	0.00000	1	0.00000	0
81	N	0.00000	1	0.00000	0
82	G	0.00000	1	0.00000	0
83	T	0.00000	1	0.00000	0
84	T	0.00000	1	0.00000	0
85	S	0.00000	1	0.00000	0
86	D	0.00000	1	0.00000	0
87	P	0.00000	1	0.00000	0
88	L	0.00000	1	0.00000	0
89	G	0.00000	0.99999	0.00001	0
90	G	0.00000	0.99846	0.00154	0
91	H	0.00000	0.98514	0.01486	0
92	T	0.00000	0.94359	0.05641	0
93	V	0.00000	0.8719	0.12810	0
94	W	0.00000	0.79488	0.20512	0
95	Q	0.00000	0.74141	0.25859	0
96	V	0.00000	0.40432	0.59568	0
97	V	0.00000	0.1227	0.87730	0
98	F	0.00000	0.04242	0.95758	0
99	I	0.00000	0.00445	0.99555	0
100	A	0.00000	0.00246	0.99754	0
101	F	0.00000	0.00021	0.99979	0
102	L	0.00000	3e-05	0.99997	0
103	T	0.00000	0	1.00000	0
104	G	0.00000	0	1.00000	0
105	I	0.00000	0	1.00000	0
106	L	0.00000	0	1.00000	0
107	A	0.00000	0	1.00000	0
108	L	0.00000	0	1.00000	0
109	V	0.00000	0	1.00000	0
110	T	0.00000	0	1.00000	0
111	I	0.00000	0	1.00000	0
112	I	0.00000	0	1.00000	0
113	G	0.00000	0	1.00000	0
114	N	0.00000	0	1.00000	0
115	I	0.00000	0	1.00000	0
116	L	0.00001	0	0.99999	0
117	V	0.00005	0	0.99995	0
118	I	0.00021	0	0.99979	0
119	V	0.00928	0	0.99072	0
120	A	0.16794	0	0.83206	0
121	F	0.30638	0	0.69362	0
122	K	0.98061	0	0.01939	0
123	V	0.99099	0	0.00901	0
124	N	0.99975	0	0.00025	0
125	K	1.00000	0	0.00000	0
126	Q	1.00000	0	0.00000	0
127	L	0.99998	0	0.00002	0
128	K	0.99993	0	0.00007	0
129	T	0.98844	0	0.01156	0
130	V	0.82566	0	0.17434	0
131	N	0.56075	0	0.43925	0
132	N	0.16150	0	0.83850	0
133	Y	0.06818	0	0.93182	0
134	F	0.00123	0	0.99877	0
135	L	0.00010	0	0.99990	0
136	L	0.00000	0	1.00000	0
137	S	0.00000	0	1.00000	0
138	L	0.00000	0	1.00000	0
139	A	0.00000	0	1.00000	0
140	C	0.00000	0	1.00000	0
141	A	0.00000	0	1.00000	0
142	D	0.00000	0	1.00000	0
143	L	0.00000	0	1.00000	0
144	I	0.00000	0	1.00000	0
145	I	0.00000	0	1.00000	0
146	G	0.00000	0	1.00000	0
147	V	0.00000	0	1.00000	0
148	I	0.00000	0.00051	0.99949	0
149	S	0.00000	0.02944	0.97056	0
150	M	0.00000	0.04692	0.95308	0
151	N	0.00000	0.19724	0.80276	0
152	L	0.00000	0.20891	0.79109	0
153	F	0.00000	0.24555	0.75445	0
154	T	0.00000	0.34107	0.65893	0
155	T	0.00000	0.51704	0.48296	0
156	Y	0.00000	0.55561	0.44439	0
157	I	0.00000	0.57624	0.42376	0
158	I	0.00000	0.64158	0.35842	0
159	M	0.00000	0.72966	0.27034	0
160	N	0.00000	0.98721	0.01279	0
161	R	0.00000	0.9992	0.00080	0
162	W	0.00000	0.99979	0.00021	0
163	A	0.00000	0.99998	0.00002	0
164	L	0.00000	1	0.00000	0
165	G	0.00000	1	0.00000	0
166	N	0.00000	1	0.00000	0
167	L	0.00000	1	0.00000	0
168	A	0.00000	0.99999	0.00001	0
169	C	0.00000	0.99999	0.00001	0
170	D	0.00000	0.99997	0.00003	0
171	L	0.00000	0.99956	0.00044	0
172	W	0.00000	0.9522	0.04780	0
173	L	0.00000	0.47411	0.52589	0
174	A	0.00000	0.11042	0.88958	0
175	I	0.00000	0.0034	0.99660	0
176	D	0.00000	0.00013	0.99987	0
177	Y	0.00000	1e-05	0.99999	0
178	V	0.00000	0	1.00000	0
179	A	0.00000	0	1.00000	0
180	S	0.00000	0	1.00000	0
181	N	0.00000	0	1.00000	0
182	A	0.00000	0	1.00000	0
183	S	0.00000	0	1.00000	0
184	V	0.00000	0	1.00000	0
185	M	0.00000	0	1.00000	0
186	N	0.00000	0	1.00000	0
187	L	0.00000	0	1.00000	0
188	L	0.00000	0	1.00000	0
189	V	0.00000	0	1.00000	0
190	I	0.00000	0	1.00000	0
191	S	0.00000	0	1.00000	0
192	F	0.00000	0	1.00000	0
193	D	0.00006	0	0.99994	0
194	R	0.04961	0	0.95039	0
195	Y	0.25448	0	0.74552	0
196	F	0.62364	0	0.37636	0
197	S	0.91611	0	0.08389	0
198	I	0.99997	0	0.00003	0
199	T	1.00000	0	0.00000	0
200	R	1.00000	0	0.00000	0
201	P	1.00000	0	0.00000	0
202	L	1.00000	0	0.00000	0
203	T	1.00000	0	0.00000	0
204	Y	1.00000	0	0.00000	0
205	R	1.00000	0	0.00000	0
206	A	1.00000	0	0.00000	0
207	K	1.00000	0	0.00000	0
208	R	1.00000	0	0.00000	0
209	T	0.99999	0	0.00001	0
210	T	0.99996	0	0.00004	0
211	K	0.99976	0	0.00024	0
212	R	0.97979	0	0.02021	0
213	A	0.20225	0	0.79775	0
214	G	0.09569	0	0.90431	0
215	V	0.00705	0	0.99295	0
216	M	0.00224	0	0.99776	0
217	I	0.00008	0	0.99992	0
218	G	0.00003	0	0.99997	0
219	L	0.00000	0	1.00000	0
220	A	0.00000	0	1.00000	0
221	W	0.00000	0	1.00000	0
222	I	0.00000	0	1.00000	0
223	I	0.00000	0	1.00000	0
224	S	0.00000	0	1.00000	0
225	F	0.00000	0	1.00000	0
226	V	0.00000	0	1.00000	0
227	L	0.00000	0	1.00000	0
228	W	0.00000	0	1.00000	0
229	A	0.00000	0	1.00000	0
230	P	0.00000	1e-05	0.99999	0
231	A	0.00000	1e-05	0.99999	0
232	I	0.00000	0.0004	0.99960	0
233	L	0.00000	0.01068	0.98932	0
234	F	0.00000	0.12312	0.87688	0
235	W	0.00000	0.47816	0.52184	0
236	Q	0.00000	0.96031	0.03969	0
237	Y	0.00000	0.98051	0.01949	0
238	F	0.00000	0.98815	0.01185	0
239	V	0.00000	0.99628	0.00372	0
240	G	0.00000	0.99983	0.00017	0
241	K	0.00000	1	0.00000	0
242	R	0.00000	1	0.00000	0
243	T	0.00000	1	0.00000	0
244	V	0.00000	1	0.00000	0
245	P	0.00000	1	0.00000	0
246	A	0.00000	1	0.00000	0
247	G	0.00000	1	0.00000	0
248	E	0.00000	1	0.00000	0
249	C	0.00000	1	0.00000	0
250	F	0.00000	0.99992	0.00008	0
251	I	0.00000	0.99761	0.00239	0
252	Q	0.00000	0.9971	0.00290	0
253	F	0.00000	0.99653	0.00347	0
254	L	0.00000	0.99644	0.00356	0
255	S	0.00000	0.99622	0.00378	0
256	E	0.00000	0.99593	0.00407	0
257	P	0.00000	0.57899	0.42101	0
258	T	0.00000	0.42975	0.57025	0
259	I	0.00000	0.15513	0.84487	0
260	T	0.00000	0.12304	0.87696	0
261	F	0.00000	0.01526	0.98474	0
262	G	0.00000	0.00464	0.99536	0
263	T	0.00000	0.00209	0.99791	0
264	A	0.00000	6e-05	0.99994	0
265	I	0.00000	0	1.00000	0
266	A	0.00000	0	1.00000	0
267	A	0.00000	0	1.00000	0
268	F	0.00000	0	1.00000	0
269	Y	0.00000	0	1.00000	0
270	M	0.00000	0	1.00000	0
271	P	0.00000	0	1.00000	0
272	V	0.00000	0	1.00000	0
273	T	0.00000	0	1.00000	0
274	I	0.00001	0	0.99999	0
275	M	0.00001	0	0.99999	0
276	T	0.00002	0	0.99998	0
277	V	0.00006	0	0.99994	0
278	L	0.00013	0	0.99987	0
279	Y	0.00062	0	0.99938	0
280	W	0.00607	0	0.99393	0
281	R	0.16661	0	0.83339	0
282	I	0.19022	0	0.80978	0
283	Y	0.30609	0	0.69391	0
284	K	0.99384	0	0.00616	0
285	E	0.99976	0	0.00024	0
286	T	1.00000	0	0.00000	0
287	E	1.00000	0	0.00000	0
288	K	1.00000	0	0.00000	0
289	R	1.00000	0	0.00000	0
290	T	1.00000	0	0.00000	0
291	K	1.00000	0	0.00000	0
292	E	1.00000	0	0.00000	0
293	L	1.00000	0	0.00000	0
294	A	1.00000	0	0.00000	0
295	G	1.00000	0	0.00000	0
296	L	1.00000	0	0.00000	0
297	Q	1.00000	0	0.00000	0
298	A	1.00000	0	0.00000	0
299	S	1.00000	0	0.00000	0
300	G	1.00000	0	0.00000	0
301	T	1.00000	0	0.00000	0
302	E	1.00000	0	0.00000	0
303	A	1.00000	0	0.00000	0
304	E	1.00000	0	0.00000	0
305	A	1.00000	0	0.00000	0
306	E	1.00000	0	0.00000	0
307	N	1.00000	0	0.00000	0
308	F	1.00000	0	0.00000	0
309	V	1.00000	0	0.00000	0
310	H	1.00000	0	0.00000	0
311	P	1.00000	0	0.00000	0
312	T	1.00000	0	0.00000	0
313	G	1.00000	0	0.00000	0
314	S	1.00000	0	0.00000	0
315	S	1.00000	0	0.00000	0
316	R	1.00000	0	0.00000	0
317	S	1.00000	0	0.00000	0
318	C	1.00000	0	0.00000	0
319	S	1.00000	0	0.00000	0
320	S	1.00000	0	0.00000	0
321	Y	1.00000	0	0.00000	0
322	E	1.00000	0	0.00000	0
323	L	1.00000	0	0.00000	0
324	Q	1.00000	0	0.00000	0
325	Q	1.00000	0	0.00000	0
326	Q	1.00000	0	0.00000	0
327	S	1.00000	0	0.00000	0
328	L	1.00000	0	0.00000	0
329	K	1.00000	0	0.00000	0
330	R	1.00000	0	0.00000	0
331	S	1.00000	0	0.00000	0
332	A	1.00000	0	0.00000	0
333	R	1.00000	0	0.00000	0
334	R	1.00000	0	0.00000	0
335	K	1.00000	0	0.00000	0
336	Y	1.00000	0	0.00000	0
337	G	1.00000	0	0.00000	0
338	R	1.00000	0	0.00000	0
339	C	1.00000	0	0.00000	0
340	H	1.00000	0	0.00000	0
341	F	1.00000	0	0.00000	0
342	W	1.00000	0	0.00000	0
343	F	1.00000	0	0.00000	0
344	T	1.00000	0	0.00000	0
345	T	1.00000	0	0.00000	0
346	K	1.00000	0	0.00000	0
347	S	1.00000	0	0.00000	0
348	W	1.00000	0	0.00000	0
349	K	1.00000	0	0.00000	0
350	A	1.00000	0	0.00000	0
351	S	1.00000	0	0.00000	0
352	A	1.00000	0	0.00000	0
353	E	1.00000	0	0.00000	0
354	Q	1.00000	0	0.00000	0
355	M	1.00000	0	0.00000	0
356	D	1.00000	0	0.00000	0
357	Q	1.00000	0	0.00000	0
358	D	1.00000	0	0.00000	0
359	H	1.00000	0	0.00000	0
360	S	1.00000	0	0.00000	0
361	S	1.00000	0	0.00000	0
362	S	1.00000	0	0.00000	0
363	D	1.00000	0	0.00000	0
364	S	1.00000	0	0.00000	0
365	W	1.00000	0	0.00000	0
366	N	1.00000	0	0.00000	0
367	N	1.00000	0	0.00000	0
368	N	1.00000	0	0.00000	0
369	D	1.00000	0	0.00000	0
370	A	1.00000	0	0.00000	0
371	A	1.00000	0	0.00000	0
372	A	1.00000	0	0.00000	0
373	S	1.00000	0	0.00000	0
374	L	1.00000	0	0.00000	0
375	E	1.00000	0	0.00000	0
376	N	1.00000	0	0.00000	0
377	S	1.00000	0	0.00000	0
378	A	1.00000	0	0.00000	0
379	S	1.00000	0	0.00000	0
380	S	1.00000	0	0.00000	0
381	D	1.00000	0	0.00000	0
382	E	1.00000	0	0.00000	0
383	E	1.00000	0	0.00000	0
384	D	1.00000	0	0.00000	0
385	I	1.00000	0	0.00000	0
386	G	1.00000	0	0.00000	0
387	S	1.00000	0	0.00000	0
388	E	1.00000	0	0.00000	0
389	T	1.00000	0	0.00000	0
390	R	1.00000	0	0.00000	0
391	A	1.00000	0	0.00000	0
392	I	1.00000	0	0.00000	0
393	Y	1.00000	0	0.00000	0
394	S	1.00000	0	0.00000	0
395	I	1.00000	0	0.00000	0
396	V	1.00000	0	0.00000	0
397	L	1.00000	0	0.00000	0
398	K	1.00000	0	0.00000	0
399	L	1.00000	0	0.00000	0
400	P	1.00000	0	0.00000	0
401	G	1.00000	0	0.00000	0
402	H	1.00000	0	0.00000	0
403	S	1.00000	0	0.00000	0
404	T	1.00000	0	0.00000	0
405	I	1.00000	0	0.00000	0
406	L	1.00000	0	0.00000	0
407	N	1.00000	0	0.00000	0
408	S	1.00000	0	0.00000	0
409	T	1.00000	0	0.00000	0
410	R	1.00000	0	0.00000	0
411	L	1.00000	0	0.00000	0
412	P	1.00000	0	0.00000	0
413	S	1.00000	0	0.00000	0
414	S	1.00000	0	0.00000	0
415	D	1.00000	0	0.00000	0
416	N	1.00000	0	0.00000	0
417	L	1.00000	0	0.00000	0
418	Q	1.00000	0	0.00000	0
419	V	1.00000	0	0.00000	0
420	P	1.00000	0	0.00000	0
421	D	1.00000	0	0.00000	0
422	E	1.00000	0	0.00000	0
423	E	1.00000	0	0.00000	0
424	L	1.00000	0	0.00000	0
425	R	1.00000	0	0.00000	0
426	T	1.00000	0	0.00000	0
427	V	1.00000	0	0.00000	0
428	N	1.00000	0	0.00000	0
429	L	1.00000	0	0.00000	0
430	E	1.00000	0	0.00000	0
431	R	1.00000	0	0.00000	0
432	K	1.00000	0	0.00000	0
433	A	1.00000	0	0.00000	0
434	S	1.00000	0	0.00000	0
435	K	1.00000	0	0.00000	0
436	L	1.00000	0	0.00000	0
437	Q	1.00000	0	0.00000	0
438	A	1.00000	0	0.00000	0
439	Q	1.00000	0	0.00000	0
440	K	1.00000	0	0.00000	0
441	S	1.00000	0	0.00000	0
442	V	1.00000	0	0.00000	0
443	D	1.00000	0	0.00000	0
444	E	1.00000	0	0.00000	0
445	G	1.00000	0	0.00000	0
446	G	1.00000	0	0.00000	0
447	S	1.00000	0	0.00000	0
448	S	1.00000	0	0.00000	0
449	Q	1.00000	0	0.00000	0
450	N	1.00000	0	0.00000	0
451	R	1.00000	0	0.00000	0
452	F	1.00000	0	0.00000	0
453	S	1.00000	0	0.00000	0
454	K	1.00000	0	0.00000	0
455	L	1.00000	0	0.00000	0
456	P	1.00000	0	0.00000	0
457	I	1.00000	0	0.00000	0
458	Q	1.00000	0	0.00000	0
459	L	1.00000	0	0.00000	0
460	E	1.00000	0	0.00000	0
461	S	1.00000	0	0.00000	0
462	A	1.00000	0	0.00000	0
463	V	1.00000	0	0.00000	0
464	D	1.00000	0	0.00000	0
465	S	1.00000	0	0.00000	0
466	T	1.00000	0	0.00000	0
467	K	1.00000	0	0.00000	0
468	T	1.00000	0	0.00000	0
469	S	1.00000	0	0.00000	0
470	D	1.00000	0	0.00000	0
471	V	1.00000	0	0.00000	0
472	N	1.00000	0	0.00000	0
473	S	1.00000	0	0.00000	0
474	S	1.00000	0	0.00000	0
475	V	1.00000	0	0.00000	0
476	G	1.00000	0	0.00000	0
477	K	1.00000	0	0.00000	0
478	T	1.00000	0	0.00000	0
479	T	1.00000	0	0.00000	0
480	A	1.00000	0	0.00000	0
481	T	1.00000	0	0.00000	0
482	L	1.00000	0	0.00000	0
483	P	1.00000	0	0.00000	0
484	L	1.00000	0	0.00000	0
485	S	1.00000	0	0.00000	0
486	F	1.00000	0	0.00000	0
487	K	1.00000	0	0.00000	0
488	E	1.00000	0	0.00000	0
489	A	1.00000	0	0.00000	0
490	T	1.00000	0	0.00000	0
491	L	1.00000	0	0.00000	0
492	A	1.00000	0	0.00000	0
493	K	1.00000	0	0.00000	0
494	R	1.00000	0	0.00000	0
495	F	1.00000	0	0.00000	0
496	A	1.00000	0	0.00000	0
497	L	1.00000	0	0.00000	0
498	K	1.00000	0	0.00000	0
499	T	1.00000	0	0.00000	0
500	R	1.00000	0	0.00000	0
501	S	1.00000	0	0.00000	0
502	Q	1.00000	0	0.00000	0
503	I	1.00000	0	0.00000	0
504	T	1.00000	0	0.00000	0
505	K	1.00000	0	0.00000	0
506	R	1.00000	0	0.00000	0
507	K	1.00000	0	0.00000	0
508	R	1.00000	0	0.00000	0
509	M	1.00000	0	0.00000	0
510	S	1.00000	0	0.00000	0
511	L	1.00000	0	0.00000	0
512	I	1.00000	0	0.00000	0
513	K	1.00000	0	0.00000	0
514	E	1.00000	0	0.00000	0
515	K	0.96988	0	0.03012	0
516	K	0.96835	0	0.03165	0
517	A	0.19712	0	0.80288	0
518	A	0.14279	0	0.85721	0
519	Q	0.13847	0	0.86153	0
520	T	0.12095	0	0.87905	0
521	L	0.10371	0	0.89629	0
522	S	0.02539	0	0.97461	0
523	A	0.00227	0	0.99773	0
524	I	0.00019	0	0.99981	0
525	L	0.00008	0	0.99992	0
526	L	0.00000	0	1.00000	0
527	A	0.00000	0	1.00000	0
528	F	0.00000	0	1.00000	0
529	I	0.00000	0	1.00000	0
530	I	0.00000	0	1.00000	0
531	T	0.00000	0	1.00000	0
532	W	0.00000	0	1.00000	0
533	T	0.00000	0	1.00000	0
534	P	0.00000	0	1.00000	0
535	Y	0.00000	2e-05	0.99998	0
536	N	0.00000	0.00017	0.99983	0
537	I	0.00000	0.00026	0.99974	0
538	M	0.00000	0.00142	0.99858	0
539	V	0.00000	0.01762	0.98238	0
540	L	0.00000	0.15563	0.84437	0
541	V	0.00000	0.36121	0.63879	0
542	N	0.00000	0.80371	0.19629	0
543	T	0.00000	0.85979	0.14021	0
544	F	0.00000	0.87836	0.12164	0
545	C	0.00000	0.98797	0.01203	0
546	K	0.00000	0.99985	0.00015	0
547	D	0.00000	1	0.00000	0
548	C	0.00000	1	0.00000	0
549	I	0.00000	1	0.00000	0
550	P	0.00000	0.99991	0.00009	0
551	K	0.00000	0.99877	0.00123	0
552	T	0.00000	0.97738	0.02262	0
553	Y	0.00000	0.97283	0.02717	0
554	W	0.00000	0.96303	0.03697	0
555	N	0.00000	0.64873	0.35127	0
556	L	0.00000	0.027	0.97300	0
557	G	0.00000	0.01721	0.98279	0
558	Y	0.00000	0.00047	0.99953	0
559	W	0.00000	0	1.00000	0
560	L	0.00000	0	1.00000	0
561	C	0.00000	0	1.00000	0
562	Y	0.00000	0	1.00000	0
563	I	0.00000	0	1.00000	0
564	N	0.00000	0	1.00000	0
565	S	0.00000	0	1.00000	0
566	T	0.00000	0	1.00000	0
567	V	0.00000	0	1.00000	0
568	N	0.00000	0	1.00000	0
569	P	0.00000	0	1.00000	0
570	V	0.00000	0	1.00000	0
571	C	0.00000	0	1.00000	0
572	Y	0.00006	0	0.99994	0
573	A	0.00038	0	0.99962	0
574	L	0.00179	0	0.99821	0
575	C	0.10860	0	0.89140	0
576	N	0.32208	0	0.67792	0
577	K	1.00000	0	0.00000	0
578	T	1.00000	0	0.00000	0
579	F	1.00000	0	0.00000	0
580	R	1.00000	0	0.00000	0
581	T	1.00000	0	0.00000	0
582	T	1.00000	0	0.00000	0
583	F	1.00000	0	0.00000	0
584	K	1.00000	0	0.00000	0
585	M	1.00000	0	0.00000	0
586	L	1.00000	0	0.00000	0
587	L	1.00000	0	0.00000	0
588	L	1.00000	0	0.00000	0
589	C	1.00000	0	0.00000	0
590	Q	1.00000	0	0.00000	0
591	C	1.00000	0	0.00000	0
592	D	1.00000	0	0.00000	0
593	K	1.00000	0	0.00000	0
594	R	1.00000	0	0.00000	0
595	K	1.00000	0	0.00000	0
596	R	1.00000	0	0.00000	0
597	R	1.00000	0	0.00000	0
598	K	1.00000	0	0.00000	0
599	Q	1.00000	0	0.00000	0
600	Q	1.00000	0	0.00000	0
601	Y	1.00000	0	0.00000	0
602	Q	1.00000	0	0.00000	0
603	Q	1.00000	0	0.00000	0
604	R	1.00000	0	0.00000	0
605	Q	1.00000	0	0.00000	0
606	S	1.00000	0	0.00000	0
607	V	1.00000	0	0.00000	0
608	I	1.00000	0	0.00000	0
609	F	1.00000	0	0.00000	0
610	H	1.00000	0	0.00000	0
611	K	1.00000	0	0.00000	0
612	R	1.00000	0	0.00000	0
613	V	1.00000	0	0.00000	0
614	P	1.00000	0	0.00000	0
615	E	1.00000	0	0.00000	0
616	Q	1.00000	0	0.00000	0
617	A	1.00000	0	0.00000	0
618	L	1.00000	0	0.00000	0
