# UNNAMED
#pos	aa	i	o	M	S
1	M	0.00000	1	0.00000	0
2	S	0.00000	1	0.00000	0
3	V	0.00000	1	0.00000	0
4	V	0.00000	1	0.00000	0
5	L	0.00000	1	0.00000	0
6	N	0.00000	1	0.00000	0
7	Q	0.00000	1	0.00000	0
8	D	0.00000	1	0.00000	0
9	A	0.00000	1	0.00000	0
10	E	0.00000	1	0.00000	0
11	E	0.00000	1	0.00000	0
12	R	0.00000	1	0.00000	0
13	P	0.00000	1	0.00000	0
14	E	0.00000	1	0.00000	0
15	T	0.00000	1	0.00000	0
16	F	0.00000	1	0.00000	0
17	C	0.00000	1	0.00000	0
18	Y	0.00000	1	0.00000	0
19	Q	0.00000	1	0.00000	0
20	V	0.00000	1	0.00000	0
21	N	0.00000	1	0.00000	0
22	G	0.00000	1	0.00000	0
23	S	0.00000	1	0.00000	0
24	C	0.00000	1	0.00000	0
25	P	0.00000	1	0.00000	0
26	R	0.00000	1	0.00000	0
27	T	0.00000	0.99994	0.00006	0
28	V	0.00000	0.9999	0.00010	0
29	H	0.00000	0.99983	0.00017	0
30	P	0.00000	0.99936	0.00064	0
31	L	0.00000	0.99743	0.00257	0
32	G	0.00000	0.99566	0.00434	0
33	I	0.00000	0.98378	0.01622	0
34	Q	0.00000	0.85482	0.14518	0
35	L	0.00000	0.22657	0.77343	0
36	A	0.00000	0.02864	0.97136	0
37	I	0.00000	0.00532	0.99468	0
38	Y	0.00000	0.0026	0.99740	0
39	L	0.00000	0.00206	0.99794	0
40	S	0.00000	0.00196	0.99804	0
41	C	0.00000	0.0017	0.99830	0
42	A	0.00000	0.0009	0.99910	0
43	A	0.00000	0.00031	0.99969	0
44	G	0.00000	8e-05	0.99992	0
45	V	0.00000	1e-05	0.99999	0
46	L	0.00000	0	1.00000	0
47	I	0.00000	0	1.00000	0
48	T	0.00000	0	1.00000	0
49	V	0.00000	0	1.00000	0
50	L	0.00000	0	1.00000	0
51	G	0.00000	0	1.00000	0
52	N	0.00000	0	1.00000	0
53	L	0.00000	0	1.00000	0
54	F	0.00000	0	1.00000	0
55	V	0.00000	0	1.00000	0
56	V	0.00006	0	0.99994	0
57	F	0.00211	0	0.99789	0
58	A	0.12890	0	0.87110	0
59	V	0.37709	0	0.62291	0
60	S	0.83234	0	0.16766	0
61	Y	0.87881	0	0.12119	0
62	F	0.92832	0	0.07168	0
63	K	0.99898	0	0.00102	0
64	A	0.99964	0	0.00036	0
65	L	0.99979	0	0.00021	0
66	H	1.00000	0	0.00000	0
67	T	1.00000	0	0.00000	0
68	P	1.00000	0	0.00000	0
69	T	0.93133	0	0.06867	0
70	N	0.12782	0	0.87218	0
71	F	0.01494	0	0.98506	0
72	L	0.00021	0	0.99979	0
73	L	0.00002	0	0.99998	0
74	L	0.00000	0	1.00000	0
75	S	0.00000	0	1.00000	0
76	L	0.00000	0	1.00000	0
77	A	0.00000	0	1.00000	0
78	L	0.00000	0	1.00000	0
79	A	0.00000	0	1.00000	0
80	D	0.00000	0	1.00000	0
81	M	0.00000	0	1.00000	0
82	F	0.00000	0	1.00000	0
83	L	0.00000	0	1.00000	0
84	G	0.00000	0	1.00000	0
85	L	0.00000	0	1.00000	0
86	L	0.00000	0	1.00000	0
87	V	0.00000	1e-05	0.99999	0
88	L	0.00000	0.00053	0.99947	0
89	P	0.00000	0.01944	0.98056	0
90	L	0.00000	0.07181	0.92819	0
91	S	0.00000	0.51718	0.48282	0
92	T	0.00000	0.69309	0.30691	0
93	I	0.00000	0.75004	0.24996	0
94	R	0.00000	0.99993	0.00007	0
95	S	0.00000	0.99996	0.00004	0
96	V	0.00000	0.99997	0.00003	0
97	E	0.00000	1	0.00000	0
98	S	0.00000	1	0.00000	0
99	C	0.00000	1	0.00000	0
100	W	0.00000	1	0.00000	0
101	F	0.00000	1	0.00000	0
102	F	0.00000	1	0.00000	0
103	G	0.00000	1	0.00000	0
104	D	0.00000	1	0.00000	0
105	S	0.00000	1	0.00000	0
106	L	0.00000	0.99977	0.00023	0
107	C	0.00000	0.9997	0.00030	0
108	R	0.00000	0.99397	0.00603	0
109	L	0.00000	0.98643	0.01357	0
110	H	0.00000	0.31665	0.68335	0
111	T	0.00000	0.18255	0.81745	0
112	Y	0.00000	0.04746	0.95254	0
113	L	0.00000	0.00014	0.99986	0
114	D	0.00000	3e-05	0.99997	0
115	T	0.00000	0	1.00000	0
116	L	0.00000	0	1.00000	0
117	F	0.00000	0	1.00000	0
118	C	0.00000	0	1.00000	0
119	L	0.00000	0	1.00000	0
120	T	0.00000	0	1.00000	0
121	S	0.00000	0	1.00000	0
122	I	0.00000	0	1.00000	0
123	L	0.00000	0	1.00000	0
124	H	0.00000	0	1.00000	0
125	L	0.00000	0	1.00000	0
126	C	0.00000	0	1.00000	0
127	F	0.00000	0	1.00000	0
128	I	0.00000	0	1.00000	0
129	S	0.00000	0	1.00000	0
130	I	0.00001	0	0.99999	0
131	D	0.00012	0	0.99988	0
132	R	0.16589	0	0.83411	0
133	H	0.95160	0	0.04840	0
134	C	0.99638	0	0.00362	0
135	A	0.99962	0	0.00038	0
136	I	1.00000	0	0.00000	0
137	C	1.00000	0	0.00000	0
138	E	1.00000	0	0.00000	0
139	P	1.00000	0	0.00000	0
140	L	1.00000	0	0.00000	0
141	L	1.00000	0	0.00000	0
142	Y	1.00000	0	0.00000	0
143	P	1.00000	0	0.00000	0
144	S	1.00000	0	0.00000	0
145	K	1.00000	0	0.00000	0
146	F	0.99999	0	0.00001	0
147	T	0.99997	0	0.00003	0
148	V	0.99981	0	0.00019	0
149	R	0.99432	0	0.00568	0
150	V	0.11370	0	0.88630	0
151	A	0.04541	0	0.95459	0
152	L	0.00179	0	0.99821	0
153	R	0.00086	0	0.99914	0
154	Y	0.00001	0	0.99999	0
155	I	0.00000	0	1.00000	0
156	L	0.00000	0	1.00000	0
157	A	0.00000	0	1.00000	0
158	G	0.00000	0	1.00000	0
159	W	0.00000	0	1.00000	0
160	G	0.00000	0	1.00000	0
161	V	0.00000	0	1.00000	0
162	P	0.00000	0	1.00000	0
163	A	0.00000	0	1.00000	0
164	A	0.00000	0	1.00000	0
165	Y	0.00000	0	1.00000	0
166	T	0.00000	0	1.00000	0
167	A	0.00000	0	1.00000	0
168	F	0.00000	2e-05	0.99998	0
169	L	0.00000	0.0028	0.99720	0
170	L	0.00000	0.09776	0.90224	0
171	Y	0.00000	0.43644	0.56356	0
172	T	0.00000	0.88972	0.11028	0
173	D	0.00000	0.99942	0.00058	0
174	V	0.00000	0.99955	0.00045	0
175	A	0.00000	0.99973	0.00027	0
176	E	0.00000	1	0.00000	0
177	R	0.00000	1	0.00000	0
178	G	0.00000	1	0.00000	0
179	L	0.00000	1	0.00000	0
180	H	0.00000	1	0.00000	0
181	L	0.00000	1	0.00000	0
182	W	0.00000	1	0.00000	0
183	L	0.00000	1	0.00000	0
184	E	0.00000	1	0.00000	0
185	E	0.00000	1	0.00000	0
186	M	0.00000	1	0.00000	0
187	P	0.00000	1	0.00000	0
188	C	0.00000	1	0.00000	0
189	V	0.00000	1	0.00000	0
190	G	0.00000	1	0.00000	0
191	S	0.00000	1	0.00000	0
192	C	0.00000	0.99999	0.00001	0
193	Q	0.00000	0.98811	0.01189	0
194	L	0.00000	0.98786	0.01214	0
195	L	0.00000	0.98738	0.01262	0
196	F	0.00000	0.98605	0.01395	0
197	N	0.00000	0.98602	0.01398	0
198	K	0.00000	0.98594	0.01406	0
199	F	0.00000	0.39136	0.60864	0
200	W	0.00000	0.38329	0.61671	0
201	G	0.00000	0.04052	0.95948	0
202	W	0.00000	0.00654	0.99346	0
203	L	0.00000	0.00189	0.99811	0
204	N	0.00000	0.0015	0.99850	0
205	F	0.00000	0.00084	0.99916	0
206	P	0.00000	2e-05	0.99998	0
207	V	0.00000	0	1.00000	0
208	F	0.00000	0	1.00000	0
209	F	0.00000	0	1.00000	0
210	F	0.00000	0	1.00000	0
211	P	0.00000	0	1.00000	0
212	C	0.00000	0	1.00000	0
213	L	0.00000	0	1.00000	0
214	I	0.00000	0	1.00000	0
215	M	0.00000	0	1.00000	0
216	I	0.00002	0	0.99998	0
217	S	0.00160	0	0.99840	0
218	L	0.00198	0	0.99802	0
219	Y	0.00307	0	0.99693	0
220	V	0.00638	0	0.99362	0
221	K	0.02131	0	0.97869	0
222	I	0.02242	0	0.97758	0
223	F	0.04908	0	0.95092	0
224	V	0.30592	0	0.69408	0
225	V	0.49496	0	0.50504	0
226	A	0.97087	0	0.02913	0
227	T	0.99619	0	0.00381	0
228	K	0.99986	0	0.00014	0
229	Q	1.00000	0	0.00000	0
230	A	1.00000	0	0.00000	0
231	K	1.00000	0	0.00000	0
232	Q	1.00000	0	0.00000	0
233	I	1.00000	0	0.00000	0
234	N	1.00000	0	0.00000	0
235	N	1.00000	0	0.00000	0
236	L	1.00000	0	0.00000	0
237	S	1.00000	0	0.00000	0
238	K	1.00000	0	0.00000	0
239	S	1.00000	0	0.00000	0
240	L	1.00000	0	0.00000	0
241	A	1.00000	0	0.00000	0
242	G	1.00000	0	0.00000	0
243	P	1.00000	0	0.00000	0
244	A	1.00000	0	0.00000	0
245	K	1.00000	0	0.00000	0
246	R	1.00000	0	0.00000	0
247	E	1.00000	0	0.00000	0
248	R	0.93455	0	0.06545	0
249	K	0.93137	0	0.06863	0
250	A	0.12695	0	0.87305	0
251	A	0.12578	0	0.87422	0
252	K	0.11951	0	0.88049	0
253	T	0.09112	0	0.90888	0
254	L	0.01558	0	0.98442	0
255	G	0.01401	0	0.98599	0
256	I	0.00016	0	0.99984	0
257	A	0.00015	0	0.99985	0
258	V	0.00015	0	0.99985	0
259	G	0.00001	0	0.99999	0
260	V	0.00000	0	1.00000	0
261	Y	0.00000	0	1.00000	0
262	L	0.00000	0	1.00000	0
263	L	0.00000	0	1.00000	0
264	C	0.00000	0	1.00000	0
265	W	0.00000	0	1.00000	0
266	L	0.00000	0	1.00000	0
267	P	0.00000	1e-05	0.99999	0
268	F	0.00000	4e-05	0.99996	0
269	T	0.00000	0.00131	0.99869	0
270	I	0.00000	0.04689	0.95311	0
271	D	0.00000	0.71663	0.28337	0
272	T	0.00000	0.72032	0.27968	0
273	M	0.00000	0.72743	0.27257	0
274	V	0.00000	0.77636	0.22364	0
275	D	0.00000	0.93698	0.06302	0
276	S	0.00000	0.93749	0.06251	0
277	L	0.00000	0.93831	0.06169	0
278	L	0.00000	0.9426	0.05740	0
279	N	0.00000	0.9525	0.04750	0
280	F	0.00000	0.95356	0.04644	0
281	I	0.00000	0.96388	0.03612	0
282	T	0.00000	0.99147	0.00853	0
283	P	0.00000	0.9985	0.00150	0
284	P	0.00000	0.99874	0.00126	0
285	L	0.00000	0.97181	0.02819	0
286	V	0.00000	0.96408	0.03592	0
287	F	0.00000	0.96201	0.03799	0
288	D	0.00000	0.91117	0.08883	0
289	M	0.00000	0.02357	0.97643	0
290	F	0.00000	0.00105	0.99895	0
291	I	0.00000	1e-05	0.99999	0
292	W	0.00000	0	1.00000	0
293	L	0.00000	0	1.00000	0
294	A	0.00000	0	1.00000	0
295	Y	0.00000	0	1.00000	0
296	F	0.00000	0	1.00000	0
297	N	0.00010	0	0.99990	0
298	S	0.00010	0	0.99990	0
299	A	0.00011	0	0.99989	0
300	C	0.00012	0	0.99988	0
301	N	0.00012	0	0.99988	0
302	P	0.00012	0	0.99988	0
303	I	0.00012	0	0.99988	0
304	I	0.00013	0	0.99987	0
305	Y	0.00019	0	0.99981	0
306	V	0.00064	0	0.99936	0
307	F	0.00249	0	0.99751	0
308	S	0.11388	0	0.88612	0
309	Y	0.23036	0	0.76964	0
310	R	1.00000	0	0.00000	0
311	W	1.00000	0	0.00000	0
312	F	1.00000	0	0.00000	0
313	R	1.00000	0	0.00000	0
314	K	1.00000	0	0.00000	0
315	A	1.00000	0	0.00000	0
316	L	1.00000	0	0.00000	0
317	K	1.00000	0	0.00000	0
318	L	1.00000	0	0.00000	0
319	L	1.00000	0	0.00000	0
320	L	1.00000	0	0.00000	0
321	S	1.00000	0	0.00000	0
322	R	1.00000	0	0.00000	0
323	E	1.00000	0	0.00000	0
324	I	1.00000	0	0.00000	0
325	F	1.00000	0	0.00000	0
326	S	1.00000	0	0.00000	0
327	P	1.00000	0	0.00000	0
328	R	1.00000	0	0.00000	0
329	T	1.00000	0	0.00000	0
330	P	1.00000	0	0.00000	0
331	T	1.00000	0	0.00000	0
332	I	1.00000	0	0.00000	0
333	D	1.00000	0	0.00000	0
334	L	1.00000	0	0.00000	0
335	Y	1.00000	0	0.00000	0
336	Q	1.00000	0	0.00000	0
337	D	1.00000	0	0.00000	0
