# UNNAMED
#pos	aa	i	o	M	S
1	M	0.00000	0.99996	0.00000	4e-05
2	I	0.00000	0.99996	0.00000	4e-05
3	N	0.00000	0.99996	0.00000	4e-05
4	N	0.00000	0.99996	0.00000	4e-05
5	F	0.00000	0.99996	0.00000	4e-05
6	S	0.00000	0.99996	0.00000	4e-05
7	Q	0.00000	0.99996	0.00000	4e-05
8	T	0.00000	0.99996	0.00000	4e-05
9	E	0.00000	0.99996	0.00000	3e-05
10	A	0.00000	0.99996	0.00000	3e-05
11	V	0.00000	0.99996	0.00000	3e-05
12	E	0.00000	0.99996	0.00000	4e-05
13	L	0.00000	0.99996	0.00000	4e-05
14	C	0.00000	0.99997	0.00000	3e-05
15	Y	0.00000	0.99998	0.00000	3e-05
16	E	0.00000	0.99998	0.00000	2e-05
17	N	0.00000	1	0.00000	1e-05
18	V	0.00000	0.99999	0.00000	1e-05
19	N	0.00000	0.99999	0.00000	1e-05
20	G	0.00000	0.99999	0.00000	1e-05
21	S	0.00000	0.99999	0.00000	1e-05
22	C	0.00000	0.99999	0.00000	0
23	I	0.00000	1	0.00000	0
24	K	0.00000	1	0.00000	0
25	T	0.00000	1	0.00000	0
26	H	0.00000	1	0.00000	0
27	Y	0.00000	1	0.00000	0
28	S	0.00000	1	0.00000	0
29	P	0.00000	1	0.00000	0
30	G	0.00000	0.99999	0.00001	0
31	P	0.00000	0.99996	0.00004	0
32	R	0.00000	0.99189	0.00811	0
33	A	0.00000	0.61292	0.38708	0
34	I	0.00000	0.0969	0.90310	0
35	L	0.00000	0.03174	0.96826	0
36	Y	0.00000	0.01256	0.98744	0
37	A	0.00000	0.00335	0.99665	0
38	V	0.00000	0.00074	0.99926	0
39	L	0.00000	0.00025	0.99975	0
40	G	0.00000	9e-05	0.99991	0
41	F	0.00000	0	1.00000	0
42	G	0.00000	0	1.00000	0
43	A	0.00000	0	1.00000	0
44	V	0.00000	0	1.00000	0
45	L	0.00000	0	1.00000	0
46	A	0.00000	0	1.00000	0
47	V	0.00000	0	1.00000	0
48	F	0.00000	0	1.00000	0
49	G	0.00000	0	1.00000	0
50	N	0.00000	0	1.00000	0
51	L	0.00000	0	1.00000	0
52	L	0.00000	0	1.00000	0
53	V	0.00000	0	1.00000	0
54	I	0.00000	0	1.00000	0
55	I	0.00022	0	0.99978	0
56	A	0.01849	0	0.98151	0
57	I	0.05352	0	0.94648	0
58	L	0.33124	0	0.66876	0
59	H	0.80769	0	0.19231	0
60	F	0.89192	0	0.10808	0
61	K	0.99911	0	0.00089	0
62	Q	1.00000	0	0.00000	0
63	L	1.00000	0	0.00000	0
64	H	1.00000	0	0.00000	0
65	T	1.00000	0	0.00000	0
66	P	1.00000	0	0.00000	0
67	T	0.60166	0	0.39834	0
68	N	0.08946	0	0.91054	0
69	F	0.00998	0	0.99002	0
70	L	0.00011	0	0.99989	0
71	I	0.00000	0	1.00000	0
72	A	0.00000	0	1.00000	0
73	S	0.00000	0	1.00000	0
74	L	0.00000	0	1.00000	0
75	A	0.00000	0	1.00000	0
76	C	0.00000	0	1.00000	0
77	A	0.00000	0	1.00000	0
78	D	0.00000	0	1.00000	0
79	F	0.00000	0	1.00000	0
80	L	0.00000	0	1.00000	0
81	V	0.00000	0	1.00000	0
82	G	0.00000	0	1.00000	0
83	V	0.00000	0	1.00000	0
84	T	0.00000	0	1.00000	0
85	V	0.00000	6e-05	0.99994	0
86	M	0.00000	0.00326	0.99674	0
87	P	0.00000	0.05802	0.94198	0
88	F	0.00000	0.17126	0.82874	0
89	S	0.00000	0.69232	0.30768	0
90	T	0.00000	0.86908	0.13092	0
91	V	0.00000	0.9238	0.07620	0
92	R	0.00000	0.99998	0.00002	0
93	S	0.00000	0.99999	0.00001	0
94	V	0.00000	1	0.00000	0
95	E	0.00000	1	0.00000	0
96	S	0.00000	1	0.00000	0
97	C	0.00000	1	0.00000	0
98	W	0.00000	1	0.00000	0
99	Y	0.00000	1	0.00000	0
100	F	0.00000	1	0.00000	0
101	G	0.00000	1	0.00000	0
102	E	0.00000	1	0.00000	0
103	S	0.00000	1	0.00000	0
104	Y	0.00000	0.99991	0.00009	0
105	C	0.00000	0.99985	0.00015	0
106	K	0.00000	0.99977	0.00023	0
107	F	0.00000	0.98784	0.01216	0
108	H	0.00000	0.34424	0.65576	0
109	T	0.00000	0.2127	0.78730	0
110	C	0.00000	0.1731	0.82690	0
111	F	0.00000	0.00056	0.99944	0
112	D	0.00000	0.00027	0.99973	0
113	T	0.00000	4e-05	0.99996	0
114	S	0.00000	0	1.00000	0
115	F	0.00000	0	1.00000	0
116	C	0.00000	0	1.00000	0
117	F	0.00000	0	1.00000	0
118	A	0.00000	0	1.00000	0
119	S	0.00000	0	1.00000	0
120	L	0.00000	0	1.00000	0
121	F	0.00000	0	1.00000	0
122	H	0.00000	0	1.00000	0
123	L	0.00000	0	1.00000	0
124	C	0.00000	0	1.00000	0
125	C	0.00000	0	1.00000	0
126	I	0.00000	0	1.00000	0
127	S	0.00001	0	0.99999	0
128	I	0.00003	0	0.99997	0
129	D	0.00023	0	0.99977	0
130	R	0.09944	0	0.90056	0
131	Y	0.92404	0	0.07596	0
132	I	0.98432	0	0.01568	0
133	A	0.99726	0	0.00274	0
134	V	1.00000	0	0.00000	0
135	T	1.00000	0	0.00000	0
136	D	1.00000	0	0.00000	0
137	P	1.00000	0	0.00000	0
138	L	1.00000	0	0.00000	0
139	T	1.00000	0	0.00000	0
140	Y	1.00000	0	0.00000	0
141	P	1.00000	0	0.00000	0
142	T	0.99997	0	0.00003	0
143	K	0.99957	0	0.00043	0
144	F	0.81822	0	0.18178	0
145	T	0.77560	0	0.22440	0
146	V	0.62259	0	0.37741	0
147	S	0.52635	0	0.47365	0
148	V	0.25993	0	0.74007	0
149	S	0.23356	0	0.76644	0
150	G	0.07875	0	0.92125	0
151	I	0.00171	0	0.99829	0
152	C	0.00000	0	1.00000	0
153	I	0.00000	0	1.00000	0
154	V	0.00000	0	1.00000	0
155	L	0.00000	0	1.00000	0
156	S	0.00000	0	1.00000	0
157	W	0.00000	0	1.00000	0
158	F	0.00000	0	1.00000	0
159	F	0.00000	0	1.00000	0
160	S	0.00000	0	1.00000	0
161	V	0.00000	0	1.00000	0
162	T	0.00000	2e-05	0.99998	0
163	Y	0.00000	0.00087	0.99913	0
164	S	0.00000	0.01172	0.98828	0
165	F	0.00000	0.02557	0.97443	0
166	S	0.00000	0.13942	0.86058	0
167	I	0.00000	0.19237	0.80763	0
168	F	0.00000	0.34373	0.65627	0
169	Y	0.00000	0.52024	0.47976	0
170	T	0.00000	0.75717	0.24283	0
171	G	0.00000	0.87243	0.12757	0
172	A	0.00000	0.91784	0.08216	0
173	N	0.00000	0.99645	0.00355	0
174	E	0.00000	0.99999	0.00001	0
175	E	0.00000	1	0.00000	0
176	G	0.00000	1	0.00000	0
177	I	0.00000	1	0.00000	0
178	E	0.00000	1	0.00000	0
179	E	0.00000	1	0.00000	0
180	L	0.00000	1	0.00000	0
181	V	0.00000	1	0.00000	0
182	V	0.00000	1	0.00000	0
183	A	0.00000	1	0.00000	0
184	L	0.00000	1	0.00000	0
185	T	0.00000	1	0.00000	0
186	C	0.00000	1	0.00000	0
187	I	0.00000	1	0.00000	0
188	G	0.00000	1	0.00000	0
189	G	0.00000	1	0.00000	0
190	C	0.00000	0.99996	0.00004	0
191	Q	0.00000	0.9996	0.00040	0
192	A	0.00000	0.96538	0.03462	0
193	P	0.00000	0.96194	0.03806	0
194	L	0.00000	0.94945	0.05055	0
195	N	0.00000	0.94902	0.05098	0
196	Q	0.00000	0.94388	0.05612	0
197	N	0.00000	0.34996	0.65004	0
198	W	0.00000	0.1702	0.82980	0
199	V	0.00000	0.06491	0.93509	0
200	L	0.00000	0.02532	0.97468	0
201	L	0.00000	0.01351	0.98649	0
202	C	0.00000	0.01246	0.98754	0
203	F	0.00000	0.00486	0.99514	0
204	L	0.00000	1e-05	0.99999	0
205	L	0.00000	0	1.00000	0
206	F	0.00000	0	1.00000	0
207	F	0.00000	0	1.00000	0
208	V	0.00000	0	1.00000	0
209	P	0.00000	0	1.00000	0
210	T	0.00000	0	1.00000	0
211	V	0.00000	0	1.00000	0
212	A	0.00000	0	1.00000	0
213	M	0.00000	0	1.00000	0
214	V	0.00000	0	1.00000	0
215	F	0.00004	0	0.99996	0
216	I	0.00107	0	0.99893	0
217	Y	0.00665	0	0.99335	0
218	G	0.03795	0	0.96205	0
219	K	0.06337	0	0.93663	0
220	I	0.06536	0	0.93464	0
221	F	0.08489	0	0.91511	0
222	L	0.24134	0	0.75866	0
223	V	0.34610	0	0.65390	0
224	A	0.95835	0	0.04165	0
225	K	0.99073	0	0.00927	0
226	Y	0.99160	0	0.00840	0
227	Q	0.99964	0	0.00036	0
228	A	0.99985	0	0.00015	0
229	R	0.99999	0	0.00001	0
230	K	1.00000	0	0.00000	0
231	I	1.00000	0	0.00000	0
232	E	1.00000	0	0.00000	0
233	S	1.00000	0	0.00000	0
234	T	1.00000	0	0.00000	0
235	A	1.00000	0	0.00000	0
236	S	1.00000	0	0.00000	0
237	Q	1.00000	0	0.00000	0
238	G	1.00000	0	0.00000	0
239	Q	1.00000	0	0.00000	0
240	S	1.00000	0	0.00000	0
241	S	1.00000	0	0.00000	0
242	S	1.00000	0	0.00000	0
243	E	1.00000	0	0.00000	0
244	S	1.00000	0	0.00000	0
245	Y	1.00000	0	0.00000	0
246	K	1.00000	0	0.00000	0
247	E	1.00000	0	0.00000	0
248	R	1.00000	0	0.00000	0
249	V	1.00000	0	0.00000	0
250	A	1.00000	0	0.00000	0
251	K	1.00000	0	0.00000	0
252	R	1.00000	0	0.00000	0
253	E	1.00000	0	0.00000	0
254	R	0.92358	0	0.07642	0
255	K	0.92009	0	0.07991	0
256	A	0.08947	0	0.91053	0
257	A	0.08835	0	0.91165	0
258	K	0.08292	0	0.91708	0
259	T	0.04749	0	0.95251	0
260	L	0.02019	0	0.97981	0
261	G	0.01200	0	0.98800	0
262	I	0.00821	0	0.99179	0
263	A	0.00812	0	0.99188	0
264	M	0.00349	0	0.99651	0
265	A	0.00005	0	0.99995	0
266	A	0.00000	0	1.00000	0
267	F	0.00000	0	1.00000	0
268	L	0.00000	0	1.00000	0
269	V	0.00000	0	1.00000	0
270	S	0.00000	0	1.00000	0
271	W	0.00000	0	1.00000	0
272	L	0.00000	0	1.00000	0
273	P	0.00000	3e-05	0.99997	0
274	Y	0.00000	0.00017	0.99983	0
275	I	0.00000	0.00164	0.99836	0
276	I	0.00000	0.05001	0.94999	0
277	D	0.00000	0.75055	0.24945	0
278	A	0.00000	0.7544	0.24560	0
279	V	0.00000	0.7872	0.21280	0
280	I	0.00000	0.81797	0.18203	0
281	D	0.00000	0.95411	0.04589	0
282	A	0.00000	0.9545	0.04550	0
283	Y	0.00000	0.95773	0.04227	0
284	L	0.00000	0.95999	0.04001	0
285	N	0.00000	0.96969	0.03031	0
286	F	0.00000	0.97071	0.02929	0
287	I	0.00000	0.98156	0.01844	0
288	T	0.00000	0.99803	0.00197	0
289	P	0.00000	0.99966	0.00034	0
290	P	0.00000	0.99991	0.00009	0
291	Y	0.00000	0.99968	0.00032	0
292	V	0.00000	0.99838	0.00162	0
293	Y	0.00000	0.99708	0.00292	0
294	E	0.00000	0.6557	0.34430	0
295	I	0.00000	0.32106	0.67894	0
296	L	0.00000	0.06977	0.93023	0
297	V	0.00000	0.01144	0.98856	0
298	W	0.00000	0.00082	0.99918	0
299	C	0.00000	3e-05	0.99997	0
300	V	0.00000	0	1.00000	0
301	Y	0.00000	0	1.00000	0
302	Y	0.00000	0	1.00000	0
303	N	0.00000	0	1.00000	0
304	S	0.00000	0	1.00000	0
305	A	0.00000	0	1.00000	0
306	M	0.00000	0	1.00000	0
307	N	0.00000	0	1.00000	0
308	P	0.00000	0	1.00000	0
309	L	0.00000	0	1.00000	0
310	I	0.00000	0	1.00000	0
311	Y	0.00001	0	0.99999	0
312	A	0.00003	0	0.99997	0
313	F	0.00013	0	0.99987	0
314	F	0.00312	0	0.99688	0
315	Y	0.06383	0	0.93617	0
316	P	0.21869	0	0.78131	0
317	W	0.29498	0	0.70502	0
318	F	0.78982	0	0.21018	0
319	R	1.00000	0	0.00000	0
320	K	1.00000	0	0.00000	0
321	A	1.00000	0	0.00000	0
322	I	1.00000	0	0.00000	0
323	K	1.00000	0	0.00000	0
324	L	1.00000	0	0.00000	0
325	I	1.00000	0	0.00000	0
326	V	1.00000	0	0.00000	0
327	S	1.00000	0	0.00000	0
328	G	1.00000	0	0.00000	0
329	K	1.00000	0	0.00000	0
330	V	1.00000	0	0.00000	0
331	L	1.00000	0	0.00000	0
332	R	1.00000	0	0.00000	0
333	S	1.00000	0	0.00000	0
334	D	1.00000	0	0.00000	0
335	S	1.00000	0	0.00000	0
336	S	1.00000	0	0.00000	0
337	T	1.00000	0	0.00000	0
338	I	1.00000	0	0.00000	0
339	N	1.00000	0	0.00000	0
340	L	1.00000	0	0.00000	0
341	F	1.00000	0	0.00000	0
342	T	1.00000	0	0.00000	0
343	E	1.00000	0	0.00000	0
344	D	1.00000	0	0.00000	0
345	A	1.00000	0	0.00000	0
346	G	1.00000	0	0.00000	0
347	T	1.00000	0	0.00000	0
348	D	1.00000	0	0.00000	0
