# UNNAMED
#pos	aa	i	o	M	S
1	M	0.00000	0.99983	0.00000	0.00017
2	L	0.00000	0.99983	0.00000	0.00017
3	F	0.00000	0.99983	0.00000	0.00017
4	P	0.00000	0.99983	0.00000	0.00017
5	N	0.00000	0.99983	0.00000	0.00017
6	I	0.00000	0.99983	0.00000	0.00017
7	S	0.00000	0.99983	0.00000	0.00017
8	K	0.00000	0.99983	0.00000	0.00017
9	D	0.00000	0.99983	0.00000	0.00017
10	L	0.00000	0.99983	0.00000	0.00017
11	T	0.00000	0.99983	0.00000	0.00017
12	D	0.00000	0.99983	0.00000	0.00017
13	C	0.00000	0.99983	0.00000	0.00017
14	S	0.00000	1	0.00000	0
15	E	0.00000	1	0.00000	0
16	F	0.00000	1	0.00000	0
17	G	0.00000	1	0.00000	0
18	N	0.00000	1	0.00000	0
19	I	0.00000	1	0.00000	0
20	S	0.00000	1	0.00000	0
21	C	0.00000	1	0.00000	0
22	P	0.00000	1	0.00000	0
23	E	0.00000	1	0.00000	0
24	D	0.00000	1	0.00000	0
25	F	0.00000	1	0.00000	0
26	R	0.00000	1	0.00000	0
27	S	0.00000	1	0.00000	0
28	A	0.00000	0.99957	0.00043	0
29	G	0.00000	0.99885	0.00115	0
30	I	0.00000	0.9975	0.00250	0
31	R	0.00000	0.98299	0.01701	0
32	W	0.00000	0.4935	0.50650	0
33	V	0.00000	0.4415	0.55850	0
34	M	0.00000	0.39907	0.60093	0
35	Y	0.00000	0.16183	0.83817	0
36	L	0.00000	0.11631	0.88369	0
37	S	0.00000	0.09475	0.90525	0
38	I	0.00000	0.01692	0.98308	0
39	T	0.00000	0.00411	0.99589	0
40	A	0.00000	0.00113	0.99887	0
41	V	0.00000	8e-05	0.99992	0
42	F	0.00000	0	1.00000	0
43	I	0.00000	0	1.00000	0
44	L	0.00000	0	1.00000	0
45	T	0.00000	0	1.00000	0
46	I	0.00000	0	1.00000	0
47	F	0.00000	0	1.00000	0
48	G	0.00000	0	1.00000	0
49	N	0.00000	0	1.00000	0
50	L	0.00000	0	1.00000	0
51	A	0.00000	0	1.00000	0
52	I	0.00000	0	1.00000	0
53	I	0.00001	0	0.99999	0
54	I	0.00163	0	0.99837	0
55	S	0.14925	0	0.85075	0
56	I	0.19206	0	0.80794	0
57	S	0.72821	0	0.27179	0
58	Y	0.78336	0	0.21664	0
59	F	0.84890	0	0.15110	0
60	K	0.99411	0	0.00589	0
61	Q	0.99990	0	0.00010	0
62	L	0.99993	0	0.00007	0
63	H	1.00000	0	0.00000	0
64	S	1.00000	0	0.00000	0
65	P	1.00000	0	0.00000	0
66	T	0.92820	0	0.07180	0
67	N	0.16187	0	0.83813	0
68	F	0.03958	0	0.96042	0
69	L	0.00116	0	0.99884	0
70	I	0.00002	0	0.99998	0
71	L	0.00000	0	1.00000	0
72	S	0.00000	0	1.00000	0
73	M	0.00000	0	1.00000	0
74	S	0.00000	0	1.00000	0
75	V	0.00000	0	1.00000	0
76	T	0.00000	0	1.00000	0
77	D	0.00000	0	1.00000	0
78	F	0.00000	0	1.00000	0
79	L	0.00000	0	1.00000	0
80	M	0.00000	0	1.00000	0
81	G	0.00000	0	1.00000	0
82	F	0.00000	0	1.00000	0
83	A	0.00000	0	1.00000	0
84	F	0.00000	2e-05	0.99998	0
85	M	0.00000	0.00302	0.99698	0
86	P	0.00000	0.08296	0.91704	0
87	Y	0.00000	0.30992	0.69008	0
88	S	0.00000	0.42472	0.57528	0
89	M	0.00000	0.48356	0.51644	0
90	V	0.00000	0.69058	0.30942	0
91	R	0.00000	0.99993	0.00007	0
92	S	0.00000	0.99997	0.00003	0
93	V	0.00000	0.99997	0.00003	0
94	E	0.00000	1	0.00000	0
95	N	0.00000	1	0.00000	0
96	C	0.00000	1	0.00000	0
97	C	0.00000	1	0.00000	0
98	V	0.00000	1	0.00000	0
99	F	0.00000	1	0.00000	0
100	G	0.00000	1	0.00000	0
101	I	0.00000	1	0.00000	0
102	I	0.00000	1	0.00000	0
103	F	0.00000	1	0.00000	0
104	C	0.00000	1	0.00000	0
105	K	0.00000	0.99999	0.00001	0
106	I	0.00000	0.99792	0.00208	0
107	H	0.00000	0.73155	0.26845	0
108	Y	0.00000	0.48999	0.51001	0
109	S	0.00000	0.35547	0.64453	0
110	F	0.00000	0.02123	0.97877	0
111	D	0.00000	0.01225	0.98775	0
112	L	0.00000	0.00161	0.99839	0
113	M	0.00000	1e-05	0.99999	0
114	L	0.00000	0	1.00000	0
115	S	0.00000	0	1.00000	0
116	L	0.00000	0	1.00000	0
117	V	0.00000	0	1.00000	0
118	S	0.00000	0	1.00000	0
119	I	0.00000	0	1.00000	0
120	F	0.00000	0	1.00000	0
121	H	0.00000	0	1.00000	0
122	L	0.00000	0	1.00000	0
123	C	0.00000	0	1.00000	0
124	S	0.00000	0	1.00000	0
125	T	0.00000	0	1.00000	0
126	A	0.00000	0	1.00000	0
127	V	0.00000	0	1.00000	0
128	D	0.00000	0	1.00000	0
129	R	0.00090	0	0.99910	0
130	F	0.01712	0	0.98288	0
131	Y	0.13948	0	0.86052	0
132	A	0.74618	0	0.25382	0
133	I	0.99987	0	0.00013	0
134	C	1.00000	0	0.00000	0
135	H	1.00000	0	0.00000	0
136	L	1.00000	0	0.00000	0
137	L	1.00000	0	0.00000	0
138	H	1.00000	0	0.00000	0
139	Y	1.00000	0	0.00000	0
140	P	1.00000	0	0.00000	0
141	S	1.00000	0	0.00000	0
142	T	1.00000	0	0.00000	0
143	M	1.00000	0	0.00000	0
144	T	0.99999	0	0.00001	0
145	P	0.99929	0	0.00071	0
146	A	0.96368	0	0.03632	0
147	A	0.87567	0	0.12433	0
148	I	0.80902	0	0.19098	0
149	K	0.80563	0	0.19437	0
150	Q	0.77044	0	0.22956	0
151	I	0.06397	0	0.93603	0
152	V	0.00234	0	0.99766	0
153	A	0.00062	0	0.99938	0
154	V	0.00000	0	1.00000	0
155	C	0.00000	0	1.00000	0
156	W	0.00000	0	1.00000	0
157	S	0.00000	0	1.00000	0
158	V	0.00000	0	1.00000	0
159	P	0.00000	0	1.00000	0
160	A	0.00000	0	1.00000	0
161	A	0.00000	0	1.00000	0
162	F	0.00000	0	1.00000	0
163	A	0.00000	0	1.00000	0
164	F	0.00000	0	1.00000	0
165	G	0.00000	0.00051	0.99949	0
166	V	0.00000	0.00163	0.99837	0
167	V	0.00000	0.00898	0.99102	0
168	F	0.00000	0.04169	0.95831	0
169	S	0.00000	0.16068	0.83932	0
170	E	0.00000	0.23559	0.76441	0
171	A	0.00000	0.26041	0.73959	0
172	Y	0.00000	0.43634	0.56366	0
173	A	0.00000	0.67148	0.32852	0
174	S	0.00000	0.94076	0.05924	0
175	G	0.00000	0.9966	0.00340	0
176	I	0.00000	0.99908	0.00092	0
177	E	0.00000	1	0.00000	0
178	G	0.00000	1	0.00000	0
179	Y	0.00000	1	0.00000	0
180	A	0.00000	1	0.00000	0
181	M	0.00000	1	0.00000	0
182	L	0.00000	1	0.00000	0
183	I	0.00000	1	0.00000	0
184	K	0.00000	1	0.00000	0
185	C	0.00000	1	0.00000	0
186	S	0.00000	1	0.00000	0
187	G	0.00000	1	0.00000	0
188	L	0.00000	1	0.00000	0
189	C	0.00000	0.99998	0.00002	0
190	P	0.00000	0.97313	0.02687	0
191	I	0.00000	0.97293	0.02707	0
192	V	0.00000	0.97172	0.02828	0
193	F	0.00000	0.96474	0.03526	0
194	N	0.00000	0.96458	0.03542	0
195	K	0.00000	0.9635	0.03650	0
196	L	0.00000	0.89668	0.10332	0
197	W	0.00000	0.85245	0.14755	0
198	G	0.00000	0.7067	0.29330	0
199	A	0.00000	0.40583	0.59417	0
200	F	0.00000	0.00055	0.99945	0
201	L	0.00000	0.00019	0.99981	0
202	F	0.00000	0.00013	0.99987	0
203	T	0.00000	5e-05	0.99995	0
204	V	0.00000	0	1.00000	0
205	G	0.00000	0	1.00000	0
206	L	0.00000	0	1.00000	0
207	F	0.00000	0	1.00000	0
208	G	0.00000	0	1.00000	0
209	P	0.00000	0	1.00000	0
210	V	0.00000	0	1.00000	0
211	C	0.00000	0	1.00000	0
212	I	0.00000	0	1.00000	0
213	M	0.00001	0	0.99999	0
214	I	0.00005	0	0.99995	0
215	G	0.00306	0	0.99694	0
216	I	0.00417	0	0.99583	0
217	Y	0.00791	0	0.99209	0
218	V	0.01753	0	0.98247	0
219	K	0.04775	0	0.95225	0
220	I	0.04916	0	0.95084	0
221	F	0.08169	0	0.91831	0
222	T	0.59469	0	0.40531	0
223	V	0.65983	0	0.34017	0
224	S	0.98107	0	0.01893	0
225	L	0.98685	0	0.01315	0
226	R	0.99945	0	0.00055	0
227	H	0.99984	0	0.00016	0
228	T	0.99995	0	0.00005	0
229	L	0.99996	0	0.00004	0
230	E	1.00000	0	0.00000	0
231	L	1.00000	0	0.00000	0
232	S	1.00000	0	0.00000	0
233	Q	1.00000	0	0.00000	0
234	A	1.00000	0	0.00000	0
235	H	1.00000	0	0.00000	0
236	R	1.00000	0	0.00000	0
237	L	1.00000	0	0.00000	0
238	S	1.00000	0	0.00000	0
239	K	1.00000	0	0.00000	0
240	N	1.00000	0	0.00000	0
241	N	1.00000	0	0.00000	0
242	K	1.00000	0	0.00000	0
243	K	1.00000	0	0.00000	0
244	H	1.00000	0	0.00000	0
245	E	1.00000	0	0.00000	0
246	L	1.00000	0	0.00000	0
247	S	1.00000	0	0.00000	0
248	K	1.00000	0	0.00000	0
249	N	1.00000	0	0.00000	0
250	K	1.00000	0	0.00000	0
251	D	1.00000	0	0.00000	0
252	R	0.98921	0	0.01079	0
253	K	0.98801	0	0.01199	0
254	A	0.66501	0	0.33499	0
255	A	0.65256	0	0.34744	0
256	K	0.46744	0	0.53256	0
257	T	0.08901	0	0.91099	0
258	L	0.08345	0	0.91655	0
259	T	0.00048	0	0.99952	0
260	I	0.00009	0	0.99991	0
261	V	0.00008	0	0.99992	0
262	M	0.00007	0	0.99993	0
263	L	0.00000	0	1.00000	0
264	G	0.00000	0	1.00000	0
265	F	0.00000	0	1.00000	0
266	L	0.00000	0	1.00000	0
267	I	0.00000	0	1.00000	0
268	C	0.00000	0	1.00000	0
269	W	0.00000	0	1.00000	0
270	F	0.00000	0	1.00000	0
271	P	0.00000	0	1.00000	0
272	C	0.00000	0	1.00000	0
273	F	0.00000	0	1.00000	0
274	F	0.00000	0	1.00000	0
275	A	0.00000	3e-05	0.99997	0
276	I	0.00000	0.00021	0.99979	0
277	L	0.00000	0.00263	0.99737	0
278	I	0.00000	0.16419	0.83581	0
279	D	0.00000	0.94851	0.05149	0
280	P	0.00000	0.95092	0.04908	0
281	F	0.00000	0.95156	0.04844	0
282	L	0.00000	0.95537	0.04463	0
283	N	0.00000	0.97038	0.02962	0
284	F	0.00000	0.97205	0.02795	0
285	S	0.00000	0.98916	0.01084	0
286	N	0.00000	0.99915	0.00085	0
287	P	0.00000	0.99966	0.00034	0
288	L	0.00000	0.99901	0.00099	0
289	P	0.00000	0.99908	0.00092	0
290	L	0.00000	0.99789	0.00211	0
291	F	0.00000	0.99758	0.00242	0
292	D	0.00000	0.98307	0.01693	0
293	S	0.00000	0.48313	0.51687	0
294	L	0.00000	0.21803	0.78197	0
295	N	0.00000	0.16235	0.83765	0
296	W	0.00000	0.02244	0.97756	0
297	L	0.00000	0.00286	0.99714	0
298	G	0.00000	0.00161	0.99839	0
299	Y	0.00000	1e-05	0.99999	0
300	L	0.00000	0	1.00000	0
301	N	0.00000	0	1.00000	0
302	F	0.00000	0	1.00000	0
303	F	0.00000	0	1.00000	0
304	C	0.00001	0	0.99999	0
305	N	0.00001	0	0.99999	0
306	P	0.00001	0	0.99999	0
307	L	0.00001	0	0.99999	0
308	I	0.00001	0	0.99999	0
309	Y	0.00002	0	0.99998	0
310	G	0.00005	0	0.99995	0
311	F	0.00011	0	0.99989	0
312	F	0.00098	0	0.99902	0
313	Y	0.03499	0	0.96501	0
314	P	0.29069	0	0.70931	0
315	W	0.46931	0	0.53069	0
316	F	0.70018	0	0.29982	0
317	W	0.84130	0	0.15870	0
318	K	1.00000	0	0.00000	0
319	T	1.00000	0	0.00000	0
320	F	1.00000	0	0.00000	0
321	K	1.00000	0	0.00000	0
322	Y	1.00000	0	0.00000	0
323	I	1.00000	0	0.00000	0
324	L	1.00000	0	0.00000	0
325	E	1.00000	0	0.00000	0
326	G	1.00000	0	0.00000	0
327	K	1.00000	0	0.00000	0
328	I	1.00000	0	0.00000	0
329	L	1.00000	0	0.00000	0
330	N	1.00000	0	0.00000	0
331	S	1.00000	0	0.00000	0
332	Y	1.00000	0	0.00000	0
333	F	1.00000	0	0.00000	0
334	H	1.00000	0	0.00000	0
335	T	1.00000	0	0.00000	0
336	I	1.00000	0	0.00000	0
337	K	1.00000	0	0.00000	0
338	I	1.00000	0	0.00000	0
339	L	1.00000	0	0.00000	0
340	S	1.00000	0	0.00000	0
341	E	1.00000	0	0.00000	0
342	D	1.00000	0	0.00000	0
343	Q	1.00000	0	0.00000	0
344	S	1.00000	0	0.00000	0
345	Q	1.00000	0	0.00000	0
