# UNNAMED
#pos	aa	i	o	M	S
1	M	0.00000	0.99997	0.00000	3e-05
2	S	0.00000	0.99997	0.00000	3e-05
3	T	0.00000	0.99997	0.00000	3e-05
4	E	0.00000	0.99997	0.00000	3e-05
5	L	0.00000	0.99997	0.00000	2e-05
6	S	0.00000	0.99997	0.00000	2e-05
7	P	0.00000	0.99997	0.00000	2e-05
8	P	0.00000	0.99997	0.00000	2e-05
9	A	0.00000	0.99997	0.00000	2e-05
10	P	0.00000	0.99997	0.00000	2e-05
11	V	0.00000	0.99997	0.00000	3e-05
12	Q	0.00000	0.99997	0.00000	2e-05
13	L	0.00000	0.99997	0.00000	2e-05
14	C	0.00000	0.99998	0.00000	1e-05
15	Y	0.00000	0.99998	0.00000	1e-05
16	E	0.00000	0.99998	0.00000	1e-05
17	N	0.00000	0.99999	0.00000	0
18	L	0.00000	1	0.00000	0
19	N	0.00000	1	0.00000	0
20	G	0.00000	1	0.00000	0
21	S	0.00000	1	0.00000	0
22	C	0.00000	1	0.00000	0
23	V	0.00000	1	0.00000	0
24	K	0.00000	1	0.00000	0
25	T	0.00000	1	0.00000	0
26	S	0.00000	1	0.00000	0
27	Y	0.00000	1	0.00000	0
28	S	0.00000	1	0.00000	0
29	P	0.00000	0.99999	0.00001	0
30	G	0.00000	0.99998	0.00002	0
31	P	0.00000	0.99994	0.00006	0
32	R	0.00000	0.9922	0.00780	0
33	V	0.00000	0.7611	0.23890	0
34	M	0.00000	0.66104	0.33896	0
35	L	0.00000	0.12341	0.87659	0
36	Y	0.00000	0.01158	0.98842	0
37	L	0.00000	0.00206	0.99794	0
38	V	0.00000	0.00037	0.99963	0
39	F	0.00000	8e-05	0.99992	0
40	G	0.00000	3e-05	0.99997	0
41	S	0.00000	2e-05	0.99998	0
42	G	0.00000	0	1.00000	0
43	A	0.00000	0	1.00000	0
44	V	0.00000	0	1.00000	0
45	L	0.00000	0	1.00000	0
46	A	0.00000	0	1.00000	0
47	V	0.00000	0	1.00000	0
48	F	0.00000	0	1.00000	0
49	G	0.00000	0	1.00000	0
50	N	0.00000	0	1.00000	0
51	L	0.00000	0	1.00000	0
52	L	0.00000	0	1.00000	0
53	V	0.00003	0	0.99997	0
54	M	0.00037	0	0.99963	0
55	I	0.00468	0	0.99532	0
56	S	0.44877	0	0.55123	0
57	M	0.58025	0	0.41975	0
58	L	0.69426	0	0.30574	0
59	H	0.91289	0	0.08711	0
60	F	0.94995	0	0.05005	0
61	K	0.99893	0	0.00107	0
62	Q	1.00000	0	0.00000	0
63	L	1.00000	0	0.00000	0
64	H	1.00000	0	0.00000	0
65	S	1.00000	0	0.00000	0
66	P	1.00000	0	0.00000	0
67	A	0.32876	0	0.67124	0
68	N	0.03780	0	0.96220	0
69	F	0.00354	0	0.99646	0
70	L	0.00003	0	0.99997	0
71	I	0.00000	0	1.00000	0
72	A	0.00000	0	1.00000	0
73	S	0.00000	0	1.00000	0
74	L	0.00000	0	1.00000	0
75	A	0.00000	0	1.00000	0
76	C	0.00000	0	1.00000	0
77	A	0.00000	0	1.00000	0
78	D	0.00000	0	1.00000	0
79	F	0.00000	0	1.00000	0
80	L	0.00000	0	1.00000	0
81	V	0.00000	0	1.00000	0
82	G	0.00000	0	1.00000	0
83	V	0.00000	0	1.00000	0
84	T	0.00000	0	1.00000	0
85	V	0.00000	0.00012	0.99988	0
86	M	0.00000	0.00592	0.99408	0
87	P	0.00000	0.08782	0.91218	0
88	F	0.00000	0.22682	0.77318	0
89	S	0.00000	0.76034	0.23966	0
90	T	0.00000	0.91321	0.08679	0
91	V	0.00000	0.95326	0.04674	0
92	R	0.00000	0.99999	0.00001	0
93	S	0.00000	1	0.00000	0
94	V	0.00000	1	0.00000	0
95	E	0.00000	1	0.00000	0
96	S	0.00000	1	0.00000	0
97	C	0.00000	1	0.00000	0
98	W	0.00000	1	0.00000	0
99	Y	0.00000	1	0.00000	0
100	F	0.00000	1	0.00000	0
101	G	0.00000	1	0.00000	0
102	E	0.00000	1	0.00000	0
103	I	0.00000	0.96544	0.03456	0
104	Y	0.00000	0.73837	0.26163	0
105	C	0.00000	0.65196	0.34804	0
106	T	0.00000	0.55992	0.44008	0
107	F	0.00000	0.00493	0.99507	0
108	H	0.00000	0.00219	0.99781	0
109	S	0.00000	0.0011	0.99890	0
110	C	0.00000	0.00083	0.99917	0
111	F	0.00000	6e-05	0.99994	0
112	N	0.00000	6e-05	0.99994	0
113	G	0.00000	1e-05	0.99999	0
114	S	0.00000	0	1.00000	0
115	F	0.00000	0	1.00000	0
116	C	0.00000	0	1.00000	0
117	Y	0.00000	0	1.00000	0
118	A	0.00000	0	1.00000	0
119	S	0.00000	0	1.00000	0
120	I	0.00000	0	1.00000	0
121	F	0.00000	0	1.00000	0
122	H	0.00001	0	0.99999	0
123	L	0.00013	0	0.99987	0
124	C	0.01260	0	0.98740	0
125	F	0.01690	0	0.98310	0
126	I	0.02927	0	0.97073	0
127	S	0.03514	0	0.96486	0
128	V	0.03737	0	0.96263	0
129	D	0.04093	0	0.95907	0
130	K	0.90519	0	0.09481	0
131	F	0.99533	0	0.00467	0
132	I	0.99966	0	0.00034	0
133	A	0.99995	0	0.00005	0
134	V	1.00000	0	0.00000	0
135	T	1.00000	0	0.00000	0
136	D	1.00000	0	0.00000	0
137	P	1.00000	0	0.00000	0
138	L	1.00000	0	0.00000	0
139	I	0.99998	0	0.00002	0
140	Y	0.99997	0	0.00003	0
141	P	0.99997	0	0.00003	0
142	T	0.99964	0	0.00036	0
143	R	0.99869	0	0.00131	0
144	F	0.84386	0	0.15614	0
145	T	0.77545	0	0.22455	0
146	A	0.60811	0	0.39189	0
147	S	0.36326	0	0.63674	0
148	V	0.02773	0	0.97227	0
149	S	0.02002	0	0.97998	0
150	G	0.00432	0	0.99568	0
151	I	0.00004	0	0.99996	0
152	C	0.00000	0	1.00000	0
153	I	0.00000	0	1.00000	0
154	A	0.00000	0	1.00000	0
155	F	0.00000	0	1.00000	0
156	S	0.00000	0	1.00000	0
157	W	0.00000	0	1.00000	0
158	L	0.00000	0	1.00000	0
159	L	0.00000	0	1.00000	0
160	S	0.00000	0	1.00000	0
161	I	0.00000	1e-05	0.99999	0
162	L	0.00000	2e-05	0.99998	0
163	Y	0.00000	0.00085	0.99915	0
164	S	0.00000	0.01014	0.98986	0
165	F	0.00000	0.02277	0.97723	0
166	S	0.00000	0.13538	0.86462	0
167	L	0.00000	0.19681	0.80319	0
168	L	0.00000	0.4934	0.50660	0
169	C	0.00000	0.92033	0.07967	0
170	S	0.00000	0.97483	0.02517	0
171	G	0.00000	0.99044	0.00956	0
172	A	0.00000	0.99467	0.00533	0
173	N	0.00000	0.99977	0.00023	0
174	E	0.00000	0.99998	0.00002	0
175	T	0.00000	1	0.00000	0
176	G	0.00000	1	0.00000	0
177	L	0.00000	1	0.00000	0
178	E	0.00000	1	0.00000	0
179	E	0.00000	1	0.00000	0
180	L	0.00000	1	0.00000	0
181	V	0.00000	1	0.00000	0
182	S	0.00000	1	0.00000	0
183	G	0.00000	1	0.00000	0
184	L	0.00000	1	0.00000	0
185	S	0.00000	1	0.00000	0
186	C	0.00000	1	0.00000	0
187	V	0.00000	1	0.00000	0
188	G	0.00000	1	0.00000	0
189	G	0.00000	0.99999	0.00001	0
190	C	0.00000	0.99932	0.00068	0
191	Q	0.00000	0.98853	0.01147	0
192	I	0.00000	0.83357	0.16643	0
193	A	0.00000	0.82369	0.17631	0
194	V	0.00000	0.81993	0.18007	0
195	N	0.00000	0.81958	0.18042	0
196	S	0.00000	0.81095	0.18905	0
197	N	0.00000	0.60322	0.39678	0
198	W	0.00000	0.48288	0.51712	0
199	V	0.00000	0.02998	0.97002	0
200	F	0.00000	0.00835	0.99165	0
201	V	0.00000	0.00246	0.99754	0
202	N	0.00000	0.00163	0.99837	0
203	F	0.00000	0.00072	0.99928	0
204	V	0.00000	0	1.00000	0
205	L	0.00000	0	1.00000	0
206	F	0.00000	0	1.00000	0
207	F	0.00000	0	1.00000	0
208	I	0.00000	0	1.00000	0
209	P	0.00000	0	1.00000	0
210	T	0.00000	0	1.00000	0
211	L	0.00000	0	1.00000	0
212	V	0.00000	0	1.00000	0
213	M	0.00000	0	1.00000	0
214	I	0.00000	0	1.00000	0
215	I	0.00043	0	0.99957	0
216	V	0.00733	0	0.99267	0
217	Y	0.03768	0	0.96232	0
218	S	0.16772	0	0.83228	0
219	K	0.18912	0	0.81088	0
220	I	0.19011	0	0.80989	0
221	F	0.19729	0	0.80271	0
222	L	0.27161	0	0.72839	0
223	V	0.33787	0	0.66213	0
224	A	0.96117	0	0.03883	0
225	K	0.99916	0	0.00084	0
226	Q	0.99998	0	0.00002	0
227	Q	1.00000	0	0.00000	0
228	A	1.00000	0	0.00000	0
229	R	1.00000	0	0.00000	0
230	K	1.00000	0	0.00000	0
231	I	1.00000	0	0.00000	0
232	E	1.00000	0	0.00000	0
233	S	1.00000	0	0.00000	0
234	L	1.00000	0	0.00000	0
235	S	1.00000	0	0.00000	0
236	N	1.00000	0	0.00000	0
237	K	1.00000	0	0.00000	0
238	T	1.00000	0	0.00000	0
239	E	1.00000	0	0.00000	0
240	T	1.00000	0	0.00000	0
241	S	1.00000	0	0.00000	0
242	S	1.00000	0	0.00000	0
243	D	1.00000	0	0.00000	0
244	S	1.00000	0	0.00000	0
245	Y	1.00000	0	0.00000	0
246	K	1.00000	0	0.00000	0
247	D	1.00000	0	0.00000	0
248	R	1.00000	0	0.00000	0
249	V	1.00000	0	0.00000	0
250	A	1.00000	0	0.00000	0
251	K	1.00000	0	0.00000	0
252	R	1.00000	0	0.00000	0
253	E	1.00000	0	0.00000	0
254	R	0.93524	0	0.06476	0
255	K	0.93224	0	0.06776	0
256	A	0.18308	0	0.81692	0
257	A	0.18185	0	0.81815	0
258	K	0.17245	0	0.82755	0
259	T	0.09490	0	0.90510	0
260	L	0.08726	0	0.91274	0
261	G	0.05158	0	0.94842	0
262	I	0.03113	0	0.96887	0
263	A	0.03059	0	0.96941	0
264	V	0.02903	0	0.97097	0
265	I	0.00013	0	0.99987	0
266	A	0.00001	0	0.99999	0
267	F	0.00001	0	0.99999	0
268	L	0.00000	0	1.00000	0
269	I	0.00000	0	1.00000	0
270	S	0.00000	0	1.00000	0
271	W	0.00000	0	1.00000	0
272	L	0.00000	0	1.00000	0
273	P	0.00000	2e-05	0.99998	0
274	Y	0.00000	0.00011	0.99989	0
275	F	0.00000	0.00102	0.99898	0
276	I	0.00000	0.04158	0.95842	0
277	D	0.00000	0.62885	0.37115	0
278	I	0.00000	0.63207	0.36793	0
279	V	0.00000	0.67052	0.32948	0
280	I	0.00000	0.70518	0.29482	0
281	D	0.00000	0.81608	0.18392	0
282	A	0.00000	0.81635	0.18365	0
283	F	0.00000	0.81805	0.18195	0
284	L	0.00000	0.82479	0.17521	0
285	G	0.00000	0.84888	0.15112	0
286	F	0.00000	0.85417	0.14583	0
287	I	0.00000	0.90386	0.09614	0
288	T	0.00000	0.97255	0.02745	0
289	P	0.00000	0.99281	0.00719	0
290	T	0.00000	0.99611	0.00389	0
291	Y	0.00000	0.99799	0.00201	0
292	I	0.00000	0.99836	0.00164	0
293	Y	0.00000	0.99874	0.00126	0
294	E	0.00000	0.84924	0.15076	0
295	I	0.00000	0.20628	0.79372	0
296	L	0.00000	0.04759	0.95241	0
297	V	0.00000	0.00833	0.99167	0
298	W	0.00000	0.00062	0.99938	0
299	F	0.00000	0	1.00000	0
300	A	0.00000	0	1.00000	0
301	Y	0.00000	0	1.00000	0
302	Y	0.00000	0	1.00000	0
303	N	0.00000	0	1.00000	0
304	S	0.00000	0	1.00000	0
305	A	0.00000	0	1.00000	0
306	M	0.00000	0	1.00000	0
307	N	0.00000	0	1.00000	0
308	P	0.00000	0	1.00000	0
309	L	0.00000	0	1.00000	0
310	I	0.00000	0	1.00000	0
311	Y	0.00000	0	1.00000	0
312	A	0.00001	0	0.99999	0
313	F	0.00005	0	0.99995	0
314	F	0.00162	0	0.99838	0
315	Y	0.04443	0	0.95557	0
316	P	0.18013	0	0.81987	0
317	W	0.25350	0	0.74650	0
318	F	0.72834	0	0.27166	0
319	R	1.00000	0	0.00000	0
320	K	1.00000	0	0.00000	0
321	A	1.00000	0	0.00000	0
322	I	1.00000	0	0.00000	0
323	K	1.00000	0	0.00000	0
324	L	1.00000	0	0.00000	0
325	I	1.00000	0	0.00000	0
326	I	1.00000	0	0.00000	0
327	T	1.00000	0	0.00000	0
328	G	1.00000	0	0.00000	0
329	K	1.00000	0	0.00000	0
330	V	1.00000	0	0.00000	0
331	L	1.00000	0	0.00000	0
332	R	1.00000	0	0.00000	0
333	E	1.00000	0	0.00000	0
334	N	1.00000	0	0.00000	0
335	S	1.00000	0	0.00000	0
336	S	1.00000	0	0.00000	0
337	T	1.00000	0	0.00000	0
338	T	1.00000	0	0.00000	0
339	N	1.00000	0	0.00000	0
340	L	1.00000	0	0.00000	0
341	F	1.00000	0	0.00000	0
342	S	1.00000	0	0.00000	0
343	D	1.00000	0	0.00000	0
