# UNNAMED
#pos	aa	i	o	M	S
1	M	0.00000	0.99998	0.00000	2e-05
2	N	0.00000	0.99998	0.00000	2e-05
3	A	0.00000	0.99998	0.00000	2e-05
4	V	0.00000	0.99998	0.00000	2e-05
5	L	0.00000	0.99998	0.00000	2e-05
6	H	0.00000	0.99998	0.00000	2e-05
7	P	0.00000	0.99998	0.00000	2e-05
8	G	0.00000	0.99998	0.00000	2e-05
9	A	0.00000	0.99998	0.00000	2e-05
10	E	0.00000	0.99998	0.00000	2e-05
11	K	0.00000	0.99998	0.00000	2e-05
12	H	0.00000	0.99998	0.00000	2e-05
13	P	0.00000	0.99998	0.00000	2e-05
14	V	0.00000	0.99998	0.00000	2e-05
15	A	0.00000	0.99998	0.00000	2e-05
16	F	0.00000	0.99998	0.00000	2e-05
17	C	0.00000	0.99998	0.00000	2e-05
18	Y	0.00000	1	0.00000	0
19	Q	0.00000	1	0.00000	0
20	V	0.00000	1	0.00000	0
21	N	0.00000	1	0.00000	0
22	G	0.00000	1	0.00000	0
23	S	0.00000	1	0.00000	0
24	C	0.00000	1	0.00000	0
25	P	0.00000	1	0.00000	0
26	R	0.00000	1	0.00000	0
27	T	0.00000	0.99996	0.00004	0
28	V	0.00000	0.99994	0.00006	0
29	H	0.00000	0.99992	0.00008	0
30	P	0.00000	0.99983	0.00017	0
31	L	0.00000	0.99945	0.00055	0
32	G	0.00000	0.99911	0.00089	0
33	L	0.00000	0.99678	0.00322	0
34	Q	0.00000	0.89095	0.10905	0
35	L	0.00000	0.37563	0.62437	0
36	A	0.00000	0.04709	0.95291	0
37	I	0.00000	0.00842	0.99158	0
38	Y	0.00000	0.00392	0.99608	0
39	L	0.00000	0.00203	0.99797	0
40	A	0.00000	0.00167	0.99833	0
41	C	0.00000	0.00144	0.99856	0
42	A	0.00000	0.00076	0.99924	0
43	T	0.00000	0.00026	0.99974	0
44	G	0.00000	7e-05	0.99993	0
45	V	0.00000	0	1.00000	0
46	L	0.00000	0	1.00000	0
47	I	0.00000	0	1.00000	0
48	T	0.00000	0	1.00000	0
49	V	0.00000	0	1.00000	0
50	L	0.00000	0	1.00000	0
51	G	0.00000	0	1.00000	0
52	N	0.00000	0	1.00000	0
53	L	0.00000	0	1.00000	0
54	F	0.00000	0	1.00000	0
55	V	0.00000	0	1.00000	0
56	V	0.00005	0	0.99995	0
57	F	0.00189	0	0.99811	0
58	A	0.12130	0	0.87870	0
59	V	0.36404	0	0.63596	0
60	S	0.82313	0	0.17687	0
61	Y	0.87118	0	0.12882	0
62	F	0.92342	0	0.07658	0
63	K	0.99894	0	0.00106	0
64	A	0.99965	0	0.00035	0
65	L	0.99980	0	0.00020	0
66	H	1.00000	0	0.00000	0
67	T	1.00000	0	0.00000	0
68	P	1.00000	0	0.00000	0
69	T	0.93010	0	0.06990	0
70	N	0.12363	0	0.87637	0
71	F	0.01379	0	0.98621	0
72	L	0.00018	0	0.99982	0
73	L	0.00002	0	0.99998	0
74	L	0.00000	0	1.00000	0
75	S	0.00000	0	1.00000	0
76	L	0.00000	0	1.00000	0
77	A	0.00000	0	1.00000	0
78	L	0.00000	0	1.00000	0
79	A	0.00000	0	1.00000	0
80	D	0.00000	0	1.00000	0
81	M	0.00000	0	1.00000	0
82	F	0.00000	0	1.00000	0
83	L	0.00000	0	1.00000	0
84	G	0.00000	0	1.00000	0
85	L	0.00000	0	1.00000	0
86	L	0.00000	0	1.00000	0
87	V	0.00000	1e-05	0.99999	0
88	L	0.00000	0.00056	0.99944	0
89	P	0.00000	0.02071	0.97929	0
90	L	0.00000	0.07657	0.92343	0
91	S	0.00000	0.55213	0.44787	0
92	T	0.00000	0.74016	0.25984	0
93	V	0.00000	0.80109	0.19891	0
94	R	0.00000	0.99994	0.00006	0
95	S	0.00000	0.99997	0.00003	0
96	V	0.00000	0.99997	0.00003	0
97	E	0.00000	1	0.00000	0
98	S	0.00000	1	0.00000	0
99	C	0.00000	1	0.00000	0
100	W	0.00000	1	0.00000	0
101	F	0.00000	1	0.00000	0
102	F	0.00000	1	0.00000	0
103	G	0.00000	1	0.00000	0
104	D	0.00000	1	0.00000	0
105	F	0.00000	0.99997	0.00003	0
106	L	0.00000	0.99974	0.00026	0
107	C	0.00000	0.99967	0.00033	0
108	R	0.00000	0.99392	0.00608	0
109	L	0.00000	0.98639	0.01361	0
110	H	0.00000	0.31755	0.68245	0
111	T	0.00000	0.18354	0.81646	0
112	Y	0.00000	0.0481	0.95190	0
113	L	0.00000	0.00015	0.99985	0
114	D	0.00000	3e-05	0.99997	0
115	T	0.00000	0	1.00000	0
116	L	0.00000	0	1.00000	0
117	F	0.00000	0	1.00000	0
118	C	0.00000	0	1.00000	0
119	L	0.00000	0	1.00000	0
120	T	0.00000	0	1.00000	0
121	S	0.00000	0	1.00000	0
122	I	0.00000	0	1.00000	0
123	F	0.00000	0	1.00000	0
124	H	0.00000	0	1.00000	0
125	L	0.00000	0	1.00000	0
126	C	0.00000	0	1.00000	0
127	F	0.00000	0	1.00000	0
128	I	0.00000	0	1.00000	0
129	S	0.00000	0	1.00000	0
130	I	0.00001	0	0.99999	0
131	D	0.00012	0	0.99988	0
132	R	0.16100	0	0.83900	0
133	H	0.94724	0	0.05276	0
134	C	0.99529	0	0.00471	0
135	A	0.99934	0	0.00066	0
136	I	1.00000	0	0.00000	0
137	C	1.00000	0	0.00000	0
138	E	1.00000	0	0.00000	0
139	P	1.00000	0	0.00000	0
140	L	1.00000	0	0.00000	0
141	L	1.00000	0	0.00000	0
142	Y	1.00000	0	0.00000	0
143	P	1.00000	0	0.00000	0
144	S	1.00000	0	0.00000	0
145	K	1.00000	0	0.00000	0
146	F	0.99999	0	0.00001	0
147	T	0.99998	0	0.00002	0
148	V	0.99982	0	0.00018	0
149	R	0.99471	0	0.00529	0
150	V	0.16451	0	0.83549	0
151	A	0.09705	0	0.90295	0
152	L	0.04086	0	0.95914	0
153	R	0.03701	0	0.96299	0
154	Y	0.00163	0	0.99837	0
155	I	0.00001	0	0.99999	0
156	L	0.00000	0	1.00000	0
157	A	0.00000	0	1.00000	0
158	G	0.00000	0	1.00000	0
159	W	0.00000	0	1.00000	0
160	G	0.00000	0	1.00000	0
161	V	0.00000	0	1.00000	0
162	P	0.00000	0	1.00000	0
163	A	0.00000	0	1.00000	0
164	A	0.00000	0	1.00000	0
165	Y	0.00000	0	1.00000	0
166	T	0.00000	0	1.00000	0
167	A	0.00000	0	1.00000	0
168	F	0.00000	1e-05	0.99999	0
169	F	0.00000	0.00244	0.99756	0
170	L	0.00000	0.09102	0.90898	0
171	Y	0.00000	0.40695	0.59305	0
172	T	0.00000	0.82973	0.17027	0
173	G	0.00000	0.93203	0.06797	0
174	V	0.00000	0.94702	0.05298	0
175	V	0.00000	0.96821	0.03179	0
176	E	0.00000	0.99988	0.00012	0
177	R	0.00000	1	0.00000	0
178	G	0.00000	1	0.00000	0
179	L	0.00000	1	0.00000	0
180	S	0.00000	1	0.00000	0
181	Q	0.00000	1	0.00000	0
182	W	0.00000	1	0.00000	0
183	L	0.00000	1	0.00000	0
184	E	0.00000	1	0.00000	0
185	E	0.00000	1	0.00000	0
186	L	0.00000	1	0.00000	0
187	P	0.00000	1	0.00000	0
188	C	0.00000	1	0.00000	0
189	I	0.00000	1	0.00000	0
190	G	0.00000	1	0.00000	0
191	S	0.00000	1	0.00000	0
192	C	0.00000	0.99999	0.00001	0
193	Q	0.00000	0.98816	0.01184	0
194	L	0.00000	0.9879	0.01210	0
195	L	0.00000	0.98742	0.01258	0
196	F	0.00000	0.98608	0.01392	0
197	N	0.00000	0.98605	0.01395	0
198	K	0.00000	0.98597	0.01403	0
199	F	0.00000	0.39031	0.60969	0
200	W	0.00000	0.38224	0.61776	0
201	G	0.00000	0.0401	0.95990	0
202	W	0.00000	0.00618	0.99382	0
203	L	0.00000	0.00153	0.99847	0
204	N	0.00000	0.00114	0.99886	0
205	F	0.00000	0.00082	0.99918	0
206	P	0.00000	2e-05	0.99998	0
207	V	0.00000	0	1.00000	0
208	F	0.00000	0	1.00000	0
209	F	0.00000	0	1.00000	0
210	L	0.00000	0	1.00000	0
211	P	0.00000	0	1.00000	0
212	C	0.00000	0	1.00000	0
213	L	0.00000	0	1.00000	0
214	I	0.00000	0	1.00000	0
215	M	0.00000	0	1.00000	0
216	I	0.00002	0	0.99998	0
217	S	0.00160	0	0.99840	0
218	L	0.00197	0	0.99803	0
219	Y	0.00306	0	0.99694	0
220	V	0.00638	0	0.99362	0
221	K	0.02151	0	0.97849	0
222	I	0.02264	0	0.97736	0
223	F	0.04995	0	0.95005	0
224	L	0.31314	0	0.68686	0
225	V	0.50020	0	0.49980	0
226	A	0.97132	0	0.02868	0
227	T	0.99629	0	0.00371	0
228	R	0.99983	0	0.00017	0
229	Q	0.99999	0	0.00001	0
230	A	1.00000	0	0.00000	0
231	Q	1.00000	0	0.00000	0
232	Q	1.00000	0	0.00000	0
233	I	1.00000	0	0.00000	0
234	S	1.00000	0	0.00000	0
235	N	1.00000	0	0.00000	0
236	L	1.00000	0	0.00000	0
237	S	1.00000	0	0.00000	0
238	R	1.00000	0	0.00000	0
239	K	1.00000	0	0.00000	0
240	L	1.00000	0	0.00000	0
241	A	1.00000	0	0.00000	0
242	G	1.00000	0	0.00000	0
243	A	1.00000	0	0.00000	0
244	A	1.00000	0	0.00000	0
245	K	1.00000	0	0.00000	0
246	R	1.00000	0	0.00000	0
247	E	1.00000	0	0.00000	0
248	R	0.92969	0	0.07031	0
249	K	0.92630	0	0.07370	0
250	A	0.09481	0	0.90519	0
251	A	0.09364	0	0.90636	0
252	K	0.09211	0	0.90789	0
253	T	0.08130	0	0.91870	0
254	L	0.02970	0	0.97030	0
255	G	0.02781	0	0.97219	0
256	F	0.00063	0	0.99937	0
257	A	0.00061	0	0.99939	0
258	M	0.00059	0	0.99941	0
259	G	0.00005	0	0.99995	0
260	M	0.00001	0	0.99999	0
261	Y	0.00001	0	0.99999	0
262	L	0.00000	0	1.00000	0
263	L	0.00000	0	1.00000	0
264	C	0.00000	0	1.00000	0
265	W	0.00000	0	1.00000	0
266	L	0.00000	0	1.00000	0
267	P	0.00000	1e-05	0.99999	0
268	F	0.00000	5e-05	0.99995	0
269	T	0.00000	0.00141	0.99859	0
270	I	0.00000	0.05069	0.94931	0
271	D	0.00000	0.77421	0.22579	0
272	T	0.00000	0.77818	0.22182	0
273	L	0.00000	0.78572	0.21428	0
274	V	0.00000	0.82287	0.17713	0
275	D	0.00000	0.93275	0.06725	0
276	S	0.00000	0.93298	0.06702	0
277	L	0.00000	0.93313	0.06687	0
278	L	0.00000	0.93552	0.06448	0
279	N	0.00000	0.94499	0.05501	0
280	F	0.00000	0.94606	0.05394	0
281	I	0.00000	0.95723	0.04277	0
282	T	0.00000	0.98897	0.01103	0
283	P	0.00000	0.9974	0.00260	0
284	P	0.00000	0.99669	0.00331	0
285	L	0.00000	0.97002	0.02998	0
286	V	0.00000	0.9624	0.03760	0
287	F	0.00000	0.95928	0.04072	0
288	D	0.00000	0.88237	0.11763	0
289	I	0.00000	0.05655	0.94345	0
290	F	0.00000	0.00252	0.99748	0
291	L	0.00000	1e-05	0.99999	0
292	W	0.00000	0	1.00000	0
293	F	0.00000	0	1.00000	0
294	A	0.00000	0	1.00000	0
295	Y	0.00000	0	1.00000	0
296	F	0.00001	0	0.99999	0
297	N	0.00039	0	0.99961	0
298	S	0.00040	0	0.99960	0
299	A	0.00041	0	0.99959	0
300	C	0.00044	0	0.99956	0
301	N	0.00045	0	0.99955	0
302	P	0.00045	0	0.99955	0
303	I	0.00045	0	0.99955	0
304	I	0.00046	0	0.99954	0
305	Y	0.00057	0	0.99943	0
306	V	0.00111	0	0.99889	0
307	F	0.00314	0	0.99686	0
308	S	0.11957	0	0.88043	0
309	Y	0.23458	0	0.76542	0
310	R	1.00000	0	0.00000	0
311	W	1.00000	0	0.00000	0
312	F	1.00000	0	0.00000	0
313	R	1.00000	0	0.00000	0
314	K	1.00000	0	0.00000	0
315	A	1.00000	0	0.00000	0
316	L	1.00000	0	0.00000	0
317	K	1.00000	0	0.00000	0
318	L	1.00000	0	0.00000	0
319	I	1.00000	0	0.00000	0
320	L	1.00000	0	0.00000	0
321	S	1.00000	0	0.00000	0
322	R	1.00000	0	0.00000	0
323	E	1.00000	0	0.00000	0
324	I	1.00000	0	0.00000	0
325	F	1.00000	0	0.00000	0
326	S	1.00000	0	0.00000	0
327	L	1.00000	0	0.00000	0
328	R	1.00000	0	0.00000	0
329	T	1.00000	0	0.00000	0
330	P	1.00000	0	0.00000	0
331	T	1.00000	0	0.00000	0
332	I	1.00000	0	0.00000	0
333	D	1.00000	0	0.00000	0
334	L	1.00000	0	0.00000	0
335	Y	1.00000	0	0.00000	0
336	Q	1.00000	0	0.00000	0
337	E	1.00000	0	0.00000	0
