# UNNAMED
#pos	aa	i	o	M	S
1	M	0.00000	0.99912	0.00000	0.00088
2	A	0.00000	0.99912	0.00000	0.00088
3	F	0.00000	0.99912	0.00000	0.00088
4	L	0.00000	0.99912	0.00000	0.00088
5	N	0.00000	0.99912	0.00000	0.00088
6	S	0.00000	0.99912	0.00000	0.00088
7	S	0.00000	0.99912	0.00000	0.00088
8	E	0.00000	0.99912	0.00000	0.00088
9	D	0.00000	0.99912	0.00000	0.00088
10	V	0.00000	0.99912	0.00000	0.00088
11	I	0.00000	0.99912	0.00000	0.00088
12	D	0.00000	0.99912	0.00000	0.00088
13	C	0.00000	0.99912	0.00000	0.00088
14	S	0.00000	1	0.00000	0
15	E	0.00000	1	0.00000	0
16	F	0.00000	1	0.00000	0
17	G	0.00000	1	0.00000	0
18	N	0.00000	1	0.00000	0
19	G	0.00000	1	0.00000	0
20	S	0.00000	1	0.00000	0
21	C	0.00000	1	0.00000	0
22	P	0.00000	1	0.00000	0
23	E	0.00000	1	0.00000	0
24	H	0.00000	1	0.00000	0
25	L	0.00000	1	0.00000	0
26	R	0.00000	1	0.00000	0
27	P	0.00000	1	0.00000	0
28	A	0.00000	0.99999	0.00001	0
29	S	0.00000	0.99998	0.00002	0
30	I	0.00000	0.99994	0.00006	0
31	R	0.00000	0.99956	0.00044	0
32	G	0.00000	0.96004	0.03996	0
33	A	0.00000	0.79293	0.20707	0
34	M	0.00000	0.47395	0.52605	0
35	Y	0.00000	0.06177	0.93823	0
36	I	0.00000	0.02149	0.97851	0
37	T	0.00000	0.01333	0.98667	0
38	I	0.00000	0.00508	0.99492	0
39	S	0.00000	0.00376	0.99624	0
40	G	0.00000	0.00167	0.99833	0
41	I	0.00000	2e-05	0.99998	0
42	I	0.00000	0	1.00000	0
43	I	0.00000	0	1.00000	0
44	V	0.00000	0	1.00000	0
45	T	0.00000	0	1.00000	0
46	V	0.00000	0	1.00000	0
47	L	0.00000	0	1.00000	0
48	G	0.00000	0	1.00000	0
49	N	0.00000	0	1.00000	0
50	L	0.00000	0	1.00000	0
51	A	0.00000	0	1.00000	0
52	I	0.00000	0	1.00000	0
53	I	0.00000	0	1.00000	0
54	I	0.00066	0	0.99934	0
55	T	0.09282	0	0.90718	0
56	I	0.13487	0	0.86513	0
57	S	0.75246	0	0.24754	0
58	Y	0.81635	0	0.18365	0
59	F	0.88217	0	0.11783	0
60	R	0.99704	0	0.00296	0
61	Q	0.99996	0	0.00004	0
62	L	0.99998	0	0.00002	0
63	H	1.00000	0	0.00000	0
64	S	1.00000	0	0.00000	0
65	P	1.00000	0	0.00000	0
66	A	0.83462	0	0.16538	0
67	N	0.10525	0	0.89475	0
68	F	0.02076	0	0.97924	0
69	L	0.00031	0	0.99969	0
70	I	0.00001	0	0.99999	0
71	L	0.00000	0	1.00000	0
72	S	0.00000	0	1.00000	0
73	M	0.00000	0	1.00000	0
74	A	0.00000	0	1.00000	0
75	V	0.00000	0	1.00000	0
76	T	0.00000	0	1.00000	0
77	D	0.00000	0	1.00000	0
78	F	0.00000	0	1.00000	0
79	L	0.00000	0	1.00000	0
80	L	0.00000	0	1.00000	0
81	G	0.00000	0	1.00000	0
82	F	0.00000	0	1.00000	0
83	F	0.00000	0	1.00000	0
84	I	0.00000	3e-05	0.99997	0
85	M	0.00000	0.00284	0.99716	0
86	P	0.00000	0.14523	0.85477	0
87	Y	0.00000	0.52	0.48000	0
88	S	0.00000	0.70258	0.29742	0
89	M	0.00000	0.73781	0.26219	0
90	V	0.00000	0.84396	0.15604	0
91	R	0.00000	0.99997	0.00003	0
92	S	0.00000	0.99999	0.00001	0
93	V	0.00000	0.99999	0.00001	0
94	E	0.00000	1	0.00000	0
95	N	0.00000	1	0.00000	0
96	C	0.00000	1	0.00000	0
97	W	0.00000	1	0.00000	0
98	Y	0.00000	1	0.00000	0
99	F	0.00000	1	0.00000	0
100	G	0.00000	1	0.00000	0
101	M	0.00000	1	0.00000	0
102	T	0.00000	1	0.00000	0
103	F	0.00000	1	0.00000	0
104	C	0.00000	1	0.00000	0
105	K	0.00000	0.99998	0.00002	0
106	I	0.00000	0.99636	0.00364	0
107	H	0.00000	0.61533	0.38467	0
108	Y	0.00000	0.34159	0.65841	0
109	S	0.00000	0.22436	0.77564	0
110	F	0.00000	0.00277	0.99723	0
111	D	0.00000	0.00143	0.99857	0
112	L	0.00000	4e-05	0.99996	0
113	M	0.00000	0	1.00000	0
114	L	0.00000	0	1.00000	0
115	C	0.00000	0	1.00000	0
116	L	0.00000	0	1.00000	0
117	A	0.00000	0	1.00000	0
118	S	0.00000	0	1.00000	0
119	V	0.00000	0	1.00000	0
120	F	0.00000	0	1.00000	0
121	H	0.00000	0	1.00000	0
122	L	0.00000	0	1.00000	0
123	C	0.00000	0	1.00000	0
124	C	0.00000	0	1.00000	0
125	I	0.00000	0	1.00000	0
126	A	0.00000	0	1.00000	0
127	V	0.00000	0	1.00000	0
128	D	0.00000	0	1.00000	0
129	R	0.00264	0	0.99736	0
130	F	0.11295	0	0.88705	0
131	Y	0.62236	0	0.37764	0
132	A	0.88572	0	0.11428	0
133	I	0.99994	0	0.00006	0
134	C	1.00000	0	0.00000	0
135	Y	1.00000	0	0.00000	0
136	P	1.00000	0	0.00000	0
137	L	1.00000	0	0.00000	0
138	H	1.00000	0	0.00000	0
139	Y	1.00000	0	0.00000	0
140	S	1.00000	0	0.00000	0
141	Y	1.00000	0	0.00000	0
142	K	1.00000	0	0.00000	0
143	I	0.99995	0	0.00005	0
144	T	0.99991	0	0.00009	0
145	I	0.97473	0	0.02527	0
146	P	0.97016	0	0.02984	0
147	V	0.75867	0	0.24133	0
148	I	0.72946	0	0.27054	0
149	R	0.72559	0	0.27441	0
150	Q	0.70485	0	0.29515	0
151	L	0.13334	0	0.86666	0
152	I	0.00391	0	0.99609	0
153	V	0.00032	0	0.99968	0
154	F	0.00000	0	1.00000	0
155	C	0.00000	0	1.00000	0
156	W	0.00000	0	1.00000	0
157	S	0.00000	0	1.00000	0
158	V	0.00000	0	1.00000	0
159	P	0.00000	0	1.00000	0
160	A	0.00000	0	1.00000	0
161	S	0.00000	0	1.00000	0
162	F	0.00000	0	1.00000	0
163	A	0.00000	0	1.00000	0
164	F	0.00000	3e-05	0.99997	0
165	G	0.00000	0.00284	0.99716	0
166	V	0.00000	0.00462	0.99538	0
167	V	0.00000	0.01751	0.98249	0
168	F	0.00000	0.06908	0.93092	0
169	S	0.00000	0.23349	0.76651	0
170	E	0.00000	0.3019	0.69810	0
171	V	0.00000	0.32072	0.67928	0
172	Y	0.00000	0.46503	0.53497	0
173	A	0.00000	0.67287	0.32713	0
174	S	0.00000	0.93481	0.06519	0
175	G	0.00000	0.995	0.00500	0
176	I	0.00000	0.99794	0.00206	0
177	K	0.00000	1	0.00000	0
178	S	0.00000	1	0.00000	0
179	Y	0.00000	1	0.00000	0
180	E	0.00000	1	0.00000	0
181	I	0.00000	1	0.00000	0
182	L	0.00000	1	0.00000	0
183	V	0.00000	1	0.00000	0
184	A	0.00000	1	0.00000	0
185	C	0.00000	1	0.00000	0
186	S	0.00000	1	0.00000	0
187	S	0.00000	1	0.00000	0
188	S	0.00000	1	0.00000	0
189	C	0.00000	0.99998	0.00002	0
190	P	0.00000	0.96972	0.03028	0
191	I	0.00000	0.96951	0.03049	0
192	I	0.00000	0.96839	0.03161	0
193	F	0.00000	0.96441	0.03559	0
194	N	0.00000	0.96432	0.03568	0
195	K	0.00000	0.96412	0.03588	0
196	L	0.00000	0.95161	0.04839	0
197	W	0.00000	0.94291	0.05709	0
198	G	0.00000	0.93829	0.06171	0
199	T	0.00000	0.90807	0.09193	0
200	I	0.00000	0.00145	0.99855	0
201	L	0.00000	0.00019	0.99981	0
202	F	0.00000	1e-05	0.99999	0
203	L	0.00000	0	1.00000	0
204	F	0.00000	0	1.00000	0
205	G	0.00000	0	1.00000	0
206	L	0.00000	0	1.00000	0
207	F	0.00000	0	1.00000	0
208	I	0.00000	0	1.00000	0
209	P	0.00000	0	1.00000	0
210	G	0.00000	0	1.00000	0
211	S	0.00000	0	1.00000	0
212	V	0.00000	0	1.00000	0
213	M	0.00001	0	0.99999	0
214	I	0.00002	0	0.99998	0
215	G	0.00106	0	0.99894	0
216	I	0.00202	0	0.99798	0
217	Y	0.00945	0	0.99055	0
218	A	0.02823	0	0.97177	0
219	K	0.03754	0	0.96246	0
220	I	0.03779	0	0.96221	0
221	F	0.04337	0	0.95663	0
222	A	0.21582	0	0.78418	0
223	V	0.31519	0	0.68481	0
224	S	0.98601	0	0.01399	0
225	K	0.99965	0	0.00035	0
226	K	0.99999	0	0.00001	0
227	H	1.00000	0	0.00000	0
228	S	1.00000	0	0.00000	0
229	R	1.00000	0	0.00000	0
230	L	1.00000	0	0.00000	0
231	I	1.00000	0	0.00000	0
232	R	1.00000	0	0.00000	0
233	S	1.00000	0	0.00000	0
234	K	1.00000	0	0.00000	0
235	P	1.00000	0	0.00000	0
236	E	1.00000	0	0.00000	0
237	N	1.00000	0	0.00000	0
238	S	1.00000	0	0.00000	0
239	G	1.00000	0	0.00000	0
240	D	1.00000	0	0.00000	0
241	E	1.00000	0	0.00000	0
242	K	1.00000	0	0.00000	0
243	H	1.00000	0	0.00000	0
244	K	1.00000	0	0.00000	0
245	R	1.00000	0	0.00000	0
246	T	1.00000	0	0.00000	0
247	S	1.00000	0	0.00000	0
248	R	1.00000	0	0.00000	0
249	I	1.00000	0	0.00000	0
250	K	1.00000	0	0.00000	0
251	D	1.00000	0	0.00000	0
252	I	0.85235	0	0.14765	0
253	K	0.85163	0	0.14837	0
254	A	0.41027	0	0.58973	0
255	A	0.40708	0	0.59292	0
256	K	0.35945	0	0.64055	0
257	T	0.26131	0	0.73869	0
258	L	0.00189	0	0.99811	0
259	S	0.00014	0	0.99986	0
260	I	0.00000	0	1.00000	0
261	V	0.00000	0	1.00000	0
262	M	0.00000	0	1.00000	0
263	G	0.00000	0	1.00000	0
264	V	0.00000	0	1.00000	0
265	F	0.00000	0	1.00000	0
266	L	0.00000	0	1.00000	0
267	F	0.00000	0	1.00000	0
268	C	0.00000	0	1.00000	0
269	W	0.00000	0	1.00000	0
270	C	0.00000	0	1.00000	0
271	P	0.00000	0	1.00000	0
272	C	0.00000	0	1.00000	0
273	F	0.00000	0	1.00000	0
274	V	0.00000	1e-05	0.99999	0
275	T	0.00000	7e-05	0.99993	0
276	I	0.00000	0.0005	0.99950	0
277	L	0.00000	0.00465	0.99535	0
278	I	0.00000	0.19899	0.80101	0
279	D	0.00000	0.96109	0.03891	0
280	P	0.00000	0.96391	0.03609	0
281	F	0.00000	0.96504	0.03496	0
282	M	0.00000	0.97107	0.02893	0
283	D	0.00000	0.99912	0.00088	0
284	F	0.00000	0.99917	0.00083	0
285	S	0.00000	0.99965	0.00035	0
286	T	0.00000	0.99982	0.00018	0
287	P	0.00000	0.99956	0.00044	0
288	A	0.00000	0.99638	0.00362	0
289	V	0.00000	0.99315	0.00685	0
290	L	0.00000	0.99016	0.00984	0
291	F	0.00000	0.98934	0.01066	0
292	D	0.00000	0.94979	0.05021	0
293	A	0.00000	0.0611	0.93890	0
294	L	0.00000	0.01565	0.98435	0
295	N	0.00000	0.00787	0.99213	0
296	W	0.00000	0.00047	0.99953	0
297	F	0.00000	0	1.00000	0
298	G	0.00000	0	1.00000	0
299	Y	0.00000	0	1.00000	0
300	F	0.00000	0	1.00000	0
301	N	0.00000	0	1.00000	0
302	S	0.00001	0	0.99999	0
303	T	0.00001	0	0.99999	0
304	C	0.00001	0	0.99999	0
305	N	0.00001	0	0.99999	0
306	P	0.00001	0	0.99999	0
307	L	0.00001	0	0.99999	0
308	I	0.00001	0	0.99999	0
309	Y	0.00005	0	0.99995	0
310	G	0.00024	0	0.99976	0
311	F	0.00054	0	0.99946	0
312	F	0.00255	0	0.99745	0
313	Y	0.05186	0	0.94814	0
314	P	0.35790	0	0.64210	0
315	W	0.64203	0	0.35797	0
316	F	0.93501	0	0.06499	0
317	Q	0.99961	0	0.00039	0
318	K	1.00000	0	0.00000	0
319	A	1.00000	0	0.00000	0
320	L	1.00000	0	0.00000	0
321	R	1.00000	0	0.00000	0
322	Y	1.00000	0	0.00000	0
323	I	1.00000	0	0.00000	0
324	L	1.00000	0	0.00000	0
325	S	1.00000	0	0.00000	0
326	G	1.00000	0	0.00000	0
327	K	1.00000	0	0.00000	0
328	I	1.00000	0	0.00000	0
329	F	1.00000	0	0.00000	0
330	Q	1.00000	0	0.00000	0
331	P	1.00000	0	0.00000	0
332	H	1.00000	0	0.00000	0
333	F	1.00000	0	0.00000	0
334	H	1.00000	0	0.00000	0
335	T	1.00000	0	0.00000	0
336	A	1.00000	0	0.00000	0
337	N	1.00000	0	0.00000	0
338	L	1.00000	0	0.00000	0
339	F	1.00000	0	0.00000	0
340	P	1.00000	0	0.00000	0
341	E	1.00000	0	0.00000	0
342	N	1.00000	0	0.00000	0
343	Q	1.00000	0	0.00000	0
