# UNNAMED
#pos	aa	i	o	M	S
1	M	0.00000	0.99754	0.00000	0.00246
2	A	0.00000	0.99754	0.00000	0.00246
3	I	0.00000	0.99754	0.00000	0.00246
4	S	0.00000	0.99754	0.00000	0.00246
5	Y	0.00000	0.99754	0.00000	0.00247
6	R	0.00000	0.99754	0.00000	0.00247
7	L	0.00000	0.99754	0.00000	0.00246
8	C	0.00000	0.99754	0.00000	0.00246
9	E	0.00000	0.99754	0.00000	0.00246
10	Q	0.00000	0.99754	0.00000	0.00247
11	G	0.00000	0.99754	0.00000	0.00247
12	T	0.00000	0.99754	0.00000	0.00246
13	I	0.00000	0.99754	0.00000	0.00246
14	P	0.00000	0.99754	0.00000	0.00246
15	G	0.00000	0.99754	0.00000	0.00247
16	Y	0.00000	0.99929	0.00000	0.00071
17	L	0.00000	0.99929	0.00000	0.00071
18	L	0.00000	0.99946	0.00000	0.00055
19	Q	0.00000	0.99946	0.00000	0.00054
20	G	0.00000	0.99957	0.00000	0.00043
21	S	0.00000	0.99999	0.00000	1e-05
22	K	0.00000	0.99999	0.00000	1e-05
23	M	0.00000	0.99999	0.00000	1e-05
24	S	0.00000	0.99999	0.00000	0
25	D	0.00000	1	0.00000	0
26	R	0.00000	1	0.00000	0
27	L	0.00000	1	0.00000	0
28	L	0.00000	1	0.00000	0
29	A	0.00000	1	0.00000	0
30	S	0.00000	1	0.00000	0
31	N	0.00000	1	0.00000	0
32	G	0.00000	1	0.00000	0
33	S	0.00000	1	0.00000	0
34	G	0.00000	1	0.00000	0
35	L	0.00000	1	0.00000	0
36	P	0.00000	1	0.00000	0
37	T	0.00000	1	0.00000	0
38	E	0.00000	1	0.00000	0
39	A	0.00000	1	0.00000	0
40	T	0.00000	1	0.00000	0
41	P	0.00000	1	0.00000	0
42	G	0.00000	1	0.00000	0
43	E	0.00000	1	0.00000	0
44	K	0.00000	0.99999	0.00001	0
45	K	0.00000	0.99957	0.00043	0
46	L	0.00000	0.97582	0.02418	0
47	R	0.00000	0.96244	0.03756	0
48	W	0.00000	0.56896	0.43104	0
49	A	0.00000	0.38904	0.61096	0
50	A	0.00000	0.15463	0.84537	0
51	L	0.00000	0.05928	0.94072	0
52	L	0.00000	0.02234	0.97766	0
53	I	0.00000	0.00242	0.99758	0
54	F	0.00000	0.00047	0.99953	0
55	L	0.00000	4e-05	0.99996	0
56	V	0.00000	0	1.00000	0
57	I	0.00000	0	1.00000	0
58	I	0.00000	0	1.00000	0
59	P	0.00000	0	1.00000	0
60	T	0.00000	0	1.00000	0
61	I	0.00000	0	1.00000	0
62	G	0.00000	0	1.00000	0
63	G	0.00000	0	1.00000	0
64	N	0.00000	0	1.00000	0
65	I	0.00000	0	1.00000	0
66	L	0.00000	0	1.00000	0
67	V	0.00000	0	1.00000	0
68	I	0.00001	0	0.99999	0
69	L	0.00157	0	0.99843	0
70	A	0.07439	0	0.92561	0
71	V	0.20881	0	0.79119	0
72	S	0.77781	0	0.22219	0
73	L	0.86603	0	0.13397	0
74	E	0.99710	0	0.00290	0
75	K	0.99996	0	0.00004	0
76	K	1.00000	0	0.00000	0
77	L	1.00000	0	0.00000	0
78	Q	0.99998	0	0.00002	0
79	Y	0.99867	0	0.00133	0
80	A	0.99638	0	0.00362	0
81	T	0.97089	0	0.02911	0
82	N	0.22219	0	0.77781	0
83	Y	0.07483	0	0.92517	0
84	F	0.00076	0	0.99924	0
85	L	0.00003	0	0.99997	0
86	M	0.00000	0	1.00000	0
87	S	0.00000	0	1.00000	0
88	L	0.00000	0	1.00000	0
89	A	0.00000	0	1.00000	0
90	V	0.00000	0	1.00000	0
91	A	0.00000	0	1.00000	0
92	D	0.00000	0	1.00000	0
93	L	0.00000	0	1.00000	0
94	L	0.00000	0	1.00000	0
95	V	0.00000	0	1.00000	0
96	G	0.00000	0	1.00000	0
97	L	0.00000	0	1.00000	0
98	F	0.00000	0	1.00000	0
99	V	0.00000	0	1.00000	0
100	M	0.00000	0.00012	0.99988	0
101	P	0.00000	0.00332	0.99668	0
102	I	0.00000	0.01242	0.98758	0
103	A	0.00000	0.1138	0.88620	0
104	L	0.00000	0.24021	0.75979	0
105	L	0.00000	0.5283	0.47170	0
106	T	0.00000	0.99575	0.00425	0
107	I	0.00000	0.9959	0.00410	0
108	M	0.00000	0.99611	0.00389	0
109	F	0.00000	0.99711	0.00289	0
110	E	0.00000	0.99972	0.00028	0
111	P	0.00000	0.99984	0.00016	0
112	V	0.00000	0.99994	0.00006	0
113	W	0.00000	0.99999	0.00001	0
114	P	0.00000	1	0.00000	0
115	L	0.00000	1	0.00000	0
116	P	0.00000	1	0.00000	0
117	L	0.00000	0.99999	0.00001	0
118	V	0.00000	0.99999	0.00001	0
119	L	0.00000	0.99999	0.00001	0
120	C	0.00000	0.99999	0.00001	0
121	P	0.00000	0.99996	0.00004	0
122	A	0.00000	0.99927	0.00073	0
123	W	0.00000	0.8425	0.15750	0
124	L	0.00000	0.13517	0.86483	0
125	F	0.00000	0.01847	0.98153	0
126	L	0.00000	0.00061	0.99939	0
127	D	0.00000	0.00017	0.99983	0
128	V	0.00000	0	1.00000	0
129	L	0.00000	0	1.00000	0
130	F	0.00000	0	1.00000	0
131	S	0.00000	0	1.00000	0
132	T	0.00000	0	1.00000	0
133	A	0.00000	0	1.00000	0
134	S	0.00000	0	1.00000	0
135	I	0.00000	0	1.00000	0
136	M	0.00000	0	1.00000	0
137	H	0.00000	0	1.00000	0
138	L	0.00000	0	1.00000	0
139	C	0.00000	0	1.00000	0
140	A	0.00000	0	1.00000	0
141	I	0.00000	0	1.00000	0
142	S	0.00000	0	1.00000	0
143	V	0.00000	0	1.00000	0
144	D	0.00006	0	0.99994	0
145	R	0.12954	0	0.87046	0
146	Y	0.61047	0	0.38953	0
147	I	0.93054	0	0.06946	0
148	A	0.97470	0	0.02530	0
149	I	1.00000	0	0.00000	0
150	K	1.00000	0	0.00000	0
151	K	1.00000	0	0.00000	0
152	P	1.00000	0	0.00000	0
153	I	1.00000	0	0.00000	0
154	Q	1.00000	0	0.00000	0
155	A	1.00000	0	0.00000	0
156	S	1.00000	0	0.00000	0
157	Q	1.00000	0	0.00000	0
158	Y	1.00000	0	0.00000	0
159	N	0.99999	0	0.00001	0
160	S	0.99986	0	0.00014	0
161	R	0.99869	0	0.00131	0
162	A	0.93148	0	0.06852	0
163	T	0.61716	0	0.38284	0
164	A	0.05830	0	0.94170	0
165	L	0.00200	0	0.99800	0
166	I	0.00017	0	0.99983	0
167	K	0.00015	0	0.99985	0
168	I	0.00000	0	1.00000	0
169	T	0.00000	0	1.00000	0
170	V	0.00000	0	1.00000	0
171	V	0.00000	0	1.00000	0
172	W	0.00000	0	1.00000	0
173	L	0.00000	0	1.00000	0
174	I	0.00000	0	1.00000	0
175	S	0.00000	0	1.00000	0
176	I	0.00000	0	1.00000	0
177	G	0.00000	0	1.00000	0
178	I	0.00000	0	1.00000	0
179	A	0.00000	0	1.00000	0
180	I	0.00000	1e-05	0.99999	0
181	P	0.00000	0.00064	0.99936	0
182	I	0.00000	0.00359	0.99641	0
183	P	0.00000	0.14116	0.85884	0
184	I	0.00000	0.30551	0.69449	0
185	K	0.00000	0.98353	0.01647	0
186	G	0.00000	0.99229	0.00771	0
187	I	0.00000	0.99541	0.00459	0
188	E	0.00000	0.99984	0.00016	0
189	A	0.00000	0.99992	0.00008	0
190	G	0.00000	0.99999	0.00001	0
191	V	0.00000	0.99999	0.00001	0
192	G	0.00000	1	0.00000	0
193	D	0.00000	1	0.00000	0
194	P	0.00000	1	0.00000	0
195	N	0.00000	1	0.00000	0
196	N	0.00000	1	0.00000	0
197	I	0.00000	1	0.00000	0
198	T	0.00000	1	0.00000	0
199	C	0.00000	1	0.00000	0
200	V	0.00000	1	0.00000	0
201	I	0.00000	1	0.00000	0
202	T	0.00000	1	0.00000	0
203	K	0.00000	1	0.00000	0
204	D	0.00000	1	0.00000	0
205	R	0.00000	0.99784	0.00216	0
206	F	0.00000	0.99057	0.00943	0
207	S	0.00000	0.98395	0.01605	0
208	S	0.00000	0.45563	0.54437	0
209	F	0.00000	0.00369	0.99631	0
210	M	0.00000	0.00186	0.99814	0
211	L	0.00000	0.00077	0.99923	0
212	F	0.00000	1e-05	0.99999	0
213	G	0.00000	1e-05	0.99999	0
214	S	0.00000	1e-05	0.99999	0
215	L	0.00000	0	1.00000	0
216	A	0.00000	0	1.00000	0
217	S	0.00000	0	1.00000	0
218	F	0.00000	0	1.00000	0
219	F	0.00000	0	1.00000	0
220	T	0.00000	0	1.00000	0
221	P	0.00000	0	1.00000	0
222	L	0.00000	0	1.00000	0
223	A	0.00000	0	1.00000	0
224	I	0.00000	0	1.00000	0
225	M	0.00000	0	1.00000	0
226	I	0.00000	0	1.00000	0
227	V	0.00000	0	1.00000	0
228	T	0.00003	0	0.99997	0
229	Y	0.00007	0	0.99993	0
230	F	0.00093	0	0.99907	0
231	L	0.02932	0	0.97068	0
232	T	0.22960	0	0.77040	0
233	I	0.30725	0	0.69275	0
234	Q	0.99522	0	0.00478	0
235	A	0.99719	0	0.00281	0
236	L	0.99823	0	0.00177	0
237	R	0.99993	0	0.00007	0
238	K	1.00000	0	0.00000	0
239	K	1.00000	0	0.00000	0
240	A	1.00000	0	0.00000	0
241	Y	1.00000	0	0.00000	0
242	L	1.00000	0	0.00000	0
243	I	1.00000	0	0.00000	0
244	K	1.00000	0	0.00000	0
245	N	1.00000	0	0.00000	0
246	K	1.00000	0	0.00000	0
247	P	1.00000	0	0.00000	0
248	L	1.00000	0	0.00000	0
249	Q	1.00000	0	0.00000	0
250	R	1.00000	0	0.00000	0
251	F	1.00000	0	0.00000	0
252	T	1.00000	0	0.00000	0
253	W	1.00000	0	0.00000	0
254	S	1.00000	0	0.00000	0
255	T	1.00000	0	0.00000	0
256	V	1.00000	0	0.00000	0
257	S	1.00000	0	0.00000	0
258	T	1.00000	0	0.00000	0
259	V	1.00000	0	0.00000	0
260	F	1.00000	0	0.00000	0
261	Q	1.00000	0	0.00000	0
262	R	1.00000	0	0.00000	0
263	D	1.00000	0	0.00000	0
264	E	1.00000	0	0.00000	0
265	T	1.00000	0	0.00000	0
266	P	1.00000	0	0.00000	0
267	S	1.00000	0	0.00000	0
268	S	1.00000	0	0.00000	0
269	S	1.00000	0	0.00000	0
270	P	1.00000	0	0.00000	0
271	E	1.00000	0	0.00000	0
272	K	1.00000	0	0.00000	0
273	V	1.00000	0	0.00000	0
274	A	1.00000	0	0.00000	0
275	M	1.00000	0	0.00000	0
276	L	1.00000	0	0.00000	0
277	D	1.00000	0	0.00000	0
278	F	1.00000	0	0.00000	0
279	S	1.00000	0	0.00000	0
280	P	1.00000	0	0.00000	0
281	K	1.00000	0	0.00000	0
282	N	1.00000	0	0.00000	0
283	K	1.00000	0	0.00000	0
284	M	1.00000	0	0.00000	0
285	V	1.00000	0	0.00000	0
286	P	1.00000	0	0.00000	0
287	N	1.00000	0	0.00000	0
288	S	1.00000	0	0.00000	0
289	S	1.00000	0	0.00000	0
290	D	1.00000	0	0.00000	0
291	E	1.00000	0	0.00000	0
292	M	1.00000	0	0.00000	0
293	L	1.00000	0	0.00000	0
294	I	1.00000	0	0.00000	0
295	R	1.00000	0	0.00000	0
296	R	1.00000	0	0.00000	0
297	M	1.00000	0	0.00000	0
298	S	1.00000	0	0.00000	0
299	S	1.00000	0	0.00000	0
300	I	1.00000	0	0.00000	0
301	G	1.00000	0	0.00000	0
302	K	1.00000	0	0.00000	0
303	K	1.00000	0	0.00000	0
304	S	1.00000	0	0.00000	0
305	V	1.00000	0	0.00000	0
306	Q	1.00000	0	0.00000	0
307	T	1.00000	0	0.00000	0
308	I	1.00000	0	0.00000	0
309	T	1.00000	0	0.00000	0
310	N	1.00000	0	0.00000	0
311	E	1.00000	0	0.00000	0
312	Q	0.99809	0	0.00191	0
313	R	0.99753	0	0.00247	0
314	A	0.36096	0	0.63904	0
315	S	0.35812	0	0.64188	0
316	K	0.04061	0	0.95939	0
317	V	0.00362	0	0.99638	0
318	L	0.00029	0	0.99971	0
319	G	0.00024	0	0.99976	0
320	I	0.00000	0	1.00000	0
321	V	0.00000	0	1.00000	0
322	F	0.00000	0	1.00000	0
323	F	0.00000	0	1.00000	0
324	L	0.00000	0	1.00000	0
325	F	0.00000	0	1.00000	0
326	L	0.00000	0	1.00000	0
327	F	0.00000	0	1.00000	0
328	M	0.00000	0	1.00000	0
329	W	0.00000	0	1.00000	0
330	C	0.00000	0	1.00000	0
331	P	0.00000	0	1.00000	0
332	F	0.00000	0	1.00000	0
333	F	0.00000	1e-05	0.99999	0
334	I	0.00000	0.00033	0.99967	0
335	T	0.00000	0.00555	0.99445	0
336	N	0.00000	0.07419	0.92581	0
337	V	0.00000	0.10575	0.89425	0
338	T	0.00000	0.20019	0.79981	0
339	L	0.00000	0.24976	0.75024	0
340	A	0.00000	0.46334	0.53666	0
341	S	0.00000	0.87717	0.12283	0
342	C	0.00000	0.99121	0.00879	0
343	D	0.00000	0.99999	0.00001	0
344	S	0.00000	1	0.00000	0
345	C	0.00000	1	0.00000	0
346	S	0.00000	1	0.00000	0
347	Q	0.00000	1	0.00000	0
348	T	0.00000	1	0.00000	0
349	T	0.00000	0.99997	0.00003	0
350	L	0.00000	0.9997	0.00030	0
351	Q	0.00000	0.99867	0.00133	0
352	K	0.00000	0.99155	0.00845	0
353	L	0.00000	0.92693	0.07307	0
354	M	0.00000	0.89345	0.10655	0
355	E	0.00000	0.54306	0.45694	0
356	I	0.00000	0.00455	0.99545	0
357	F	0.00000	0.00017	0.99983	0
358	V	0.00000	0	1.00000	0
359	W	0.00000	0	1.00000	0
360	I	0.00000	0	1.00000	0
361	G	0.00000	0	1.00000	0
362	Y	0.00000	0	1.00000	0
363	V	0.00000	0	1.00000	0
364	S	0.00000	0	1.00000	0
365	S	0.00000	0	1.00000	0
366	G	0.00000	0	1.00000	0
367	V	0.00000	0	1.00000	0
368	N	0.00000	0	1.00000	0
369	P	0.00000	0	1.00000	0
370	L	0.00000	0	1.00000	0
371	V	0.00000	0	1.00000	0
372	Y	0.00006	0	0.99994	0
373	T	0.00048	0	0.99952	0
374	L	0.00200	0	0.99800	0
375	F	0.09771	0	0.90229	0
376	N	0.58949	0	0.41051	0
377	K	1.00000	0	0.00000	0
378	T	1.00000	0	0.00000	0
379	F	1.00000	0	0.00000	0
380	R	1.00000	0	0.00000	0
381	E	1.00000	0	0.00000	0
382	A	1.00000	0	0.00000	0
383	F	1.00000	0	0.00000	0
384	G	1.00000	0	0.00000	0
385	R	1.00000	0	0.00000	0
386	Y	1.00000	0	0.00000	0
387	I	1.00000	0	0.00000	0
388	T	1.00000	0	0.00000	0
389	C	1.00000	0	0.00000	0
390	N	1.00000	0	0.00000	0
391	Y	1.00000	0	0.00000	0
392	R	1.00000	0	0.00000	0
393	A	1.00000	0	0.00000	0
394	S	1.00000	0	0.00000	0
395	K	1.00000	0	0.00000	0
396	A	1.00000	0	0.00000	0
397	V	1.00000	0	0.00000	0
398	K	1.00000	0	0.00000	0
399	P	1.00000	0	0.00000	0
400	L	1.00000	0	0.00000	0
401	R	1.00000	0	0.00000	0
402	K	1.00000	0	0.00000	0
403	C	1.00000	0	0.00000	0
404	S	1.00000	0	0.00000	0
405	S	1.00000	0	0.00000	0
406	K	1.00000	0	0.00000	0
407	A	1.00000	0	0.00000	0
408	S	1.00000	0	0.00000	0
409	F	1.00000	0	0.00000	0
410	R	1.00000	0	0.00000	0
411	N	1.00000	0	0.00000	0
412	S	1.00000	0	0.00000	0
413	V	1.00000	0	0.00000	0
414	A	1.00000	0	0.00000	0
415	E	1.00000	0	0.00000	0
416	N	1.00000	0	0.00000	0
417	S	1.00000	0	0.00000	0
418	K	1.00000	0	0.00000	0
419	F	1.00000	0	0.00000	0
420	F	1.00000	0	0.00000	0
421	V	1.00000	0	0.00000	0
422	R	1.00000	0	0.00000	0
423	Q	1.00000	0	0.00000	0
424	G	1.00000	0	0.00000	0
425	V	1.00000	0	0.00000	0
426	R	1.00000	0	0.00000	0
427	N	1.00000	0	0.00000	0
428	G	1.00000	0	0.00000	0
429	I	1.00000	0	0.00000	0
430	N	1.00000	0	0.00000	0
431	P	1.00000	0	0.00000	0
432	V	1.00000	0	0.00000	0
433	M	1.00000	0	0.00000	0
434	Y	1.00000	0	0.00000	0
435	Q	1.00000	0	0.00000	0
436	S	1.00000	0	0.00000	0
437	P	1.00000	0	0.00000	0
438	M	1.00000	0	0.00000	0
439	R	1.00000	0	0.00000	0
440	L	1.00000	0	0.00000	0
441	C	1.00000	0	0.00000	0
442	S	1.00000	0	0.00000	0
443	S	1.00000	0	0.00000	0
444	P	1.00000	0	0.00000	0
445	I	1.00000	0	0.00000	0
446	Q	1.00000	0	0.00000	0
447	S	1.00000	0	0.00000	0
448	Q	1.00000	0	0.00000	0
449	S	1.00000	0	0.00000	0
450	T	1.00000	0	0.00000	0
451	I	1.00000	0	0.00000	0
452	L	1.00000	0	0.00000	0
453	L	1.00000	0	0.00000	0
454	D	1.00000	0	0.00000	0
455	T	1.00000	0	0.00000	0
456	L	1.00000	0	0.00000	0
457	L	1.00000	0	0.00000	0
458	L	1.00000	0	0.00000	0
459	T	1.00000	0	0.00000	0
460	E	1.00000	0	0.00000	0
461	N	1.00000	0	0.00000	0
462	E	1.00000	0	0.00000	0
463	A	1.00000	0	0.00000	0
464	D	1.00000	0	0.00000	0
465	K	1.00000	0	0.00000	0
466	T	1.00000	0	0.00000	0
467	D	1.00000	0	0.00000	0
468	E	1.00000	0	0.00000	0
469	Q	1.00000	0	0.00000	0
470	V	1.00000	0	0.00000	0
471	S	1.00000	0	0.00000	0
472	Y	1.00000	0	0.00000	0
473	V	1.00000	0	0.00000	0
