# UNNAMED
#pos	aa	i	o	M	S
1	M	0.00000	0.99998	0.00000	2e-05
2	S	0.00000	0.99998	0.00000	2e-05
3	P	0.00000	0.99998	0.00000	1e-05
4	L	0.00000	0.99998	0.00000	1e-05
5	N	0.00000	0.99998	0.00000	1e-05
6	Q	0.00000	0.99998	0.00000	2e-05
7	S	0.00000	0.99998	0.00000	2e-05
8	A	0.00000	0.99998	0.00000	2e-05
9	E	0.00000	0.99998	0.00000	2e-05
10	G	0.00000	0.99998	0.00000	2e-05
11	L	0.00000	0.99998	0.00000	2e-05
12	P	0.00000	0.99998	0.00000	1e-05
13	Q	0.00000	0.99998	0.00000	1e-05
14	E	0.00000	0.99999	0.00000	1e-05
15	A	0.00000	0.99999	0.00000	1e-05
16	S	0.00000	0.99999	0.00000	1e-05
17	N	0.00000	0.99999	0.00000	1e-05
18	R	0.00000	0.99999	0.00000	1e-05
19	S	0.00000	0.99999	0.00000	1e-05
20	L	0.00000	1	0.00000	0
21	N	0.00000	1	0.00000	0
22	A	0.00000	1	0.00000	0
23	T	0.00000	1	0.00000	0
24	E	0.00000	1	0.00000	0
25	T	0.00000	1	0.00000	0
26	S	0.00000	1	0.00000	0
27	E	0.00000	1	0.00000	0
28	A	0.00000	1	0.00000	0
29	W	0.00000	1	0.00000	0
30	D	0.00000	1	0.00000	0
31	P	0.00000	1	0.00000	0
32	R	0.00000	1	0.00000	0
33	T	0.00000	0.99995	0.00005	0
34	L	0.00000	0.99931	0.00069	0
35	Q	0.00000	0.99779	0.00221	0
36	A	0.00000	0.99203	0.00797	0
37	L	0.00000	0.98649	0.01351	0
38	K	0.00000	0.98199	0.01801	0
39	I	0.00000	0.63504	0.36496	0
40	S	0.00000	0.55466	0.44534	0
41	L	0.00000	0.31515	0.68485	0
42	A	0.00000	0.24536	0.75464	0
43	V	0.00000	0.12171	0.87829	0
44	V	0.00000	0.04398	0.95602	0
45	L	0.00000	0.01173	0.98827	0
46	S	0.00000	0.00548	0.99452	0
47	I	0.00000	0.00022	0.99978	0
48	I	0.00000	0	1.00000	0
49	T	0.00000	0	1.00000	0
50	L	0.00000	0	1.00000	0
51	A	0.00000	0	1.00000	0
52	T	0.00000	0	1.00000	0
53	V	0.00000	0	1.00000	0
54	L	0.00000	0	1.00000	0
55	S	0.00000	0	1.00000	0
56	N	0.00000	0	1.00000	0
57	A	0.00000	0	1.00000	0
58	F	0.00000	0	1.00000	0
59	V	0.00005	0	0.99995	0
60	L	0.00078	0	0.99922	0
61	T	0.02477	0	0.97523	0
62	T	0.07410	0	0.92590	0
63	I	0.09290	0	0.90710	0
64	L	0.20605	0	0.79395	0
65	L	0.44852	0	0.55148	0
66	T	0.91219	0	0.08781	0
67	R	0.99759	0	0.00241	0
68	K	0.99998	0	0.00002	0
69	L	0.99999	0	0.00001	0
70	H	1.00000	0	0.00000	0
71	T	1.00000	0	0.00000	0
72	P	1.00000	0	0.00000	0
73	A	0.77961	0	0.22039	0
74	N	0.20618	0	0.79382	0
75	Y	0.07636	0	0.92364	0
76	L	0.00115	0	0.99885	0
77	I	0.00001	0	0.99999	0
78	G	0.00000	0	1.00000	0
79	S	0.00000	0	1.00000	0
80	L	0.00000	0	1.00000	0
81	A	0.00000	0	1.00000	0
82	T	0.00000	0	1.00000	0
83	T	0.00000	0	1.00000	0
84	D	0.00000	0	1.00000	0
85	L	0.00000	0	1.00000	0
86	L	0.00000	0	1.00000	0
87	V	0.00000	0	1.00000	0
88	S	0.00000	0	1.00000	0
89	I	0.00000	0	1.00000	0
90	L	0.00000	0	1.00000	0
91	V	0.00000	0	1.00000	0
92	M	0.00000	0.00016	0.99984	0
93	P	0.00000	0.00318	0.99682	0
94	I	0.00000	0.07262	0.92738	0
95	S	0.00000	0.36209	0.63791	0
96	I	0.00000	0.4748	0.52520	0
97	A	0.00000	0.78771	0.21229	0
98	Y	0.00000	0.99986	0.00014	0
99	T	0.00000	0.99991	0.00009	0
100	I	0.00000	0.99992	0.00008	0
101	T	0.00000	0.99999	0.00001	0
102	H	0.00000	1	0.00000	0
103	T	0.00000	1	0.00000	0
104	W	0.00000	1	0.00000	0
105	N	0.00000	1	0.00000	0
106	F	0.00000	1	0.00000	0
107	G	0.00000	1	0.00000	0
108	Q	0.00000	0.99984	0.00016	0
109	I	0.00000	0.997	0.00300	0
110	L	0.00000	0.99642	0.00358	0
111	C	0.00000	0.99604	0.00396	0
112	D	0.00000	0.99438	0.00562	0
113	I	0.00000	0.99179	0.00821	0
114	W	0.00000	0.79112	0.20888	0
115	L	0.00000	0.07302	0.92698	0
116	S	0.00000	0.011	0.98900	0
117	S	0.00000	0.00169	0.99831	0
118	D	0.00000	0.00057	0.99943	0
119	I	0.00000	1e-05	0.99999	0
120	T	0.00000	0	1.00000	0
121	C	0.00000	0	1.00000	0
122	C	0.00000	0	1.00000	0
123	T	0.00000	0	1.00000	0
124	A	0.00000	0	1.00000	0
125	S	0.00000	0	1.00000	0
126	I	0.00000	0	1.00000	0
127	L	0.00000	0	1.00000	0
128	H	0.00000	0	1.00000	0
129	L	0.00001	0	0.99999	0
130	C	0.00023	0	0.99977	0
131	V	0.00031	0	0.99969	0
132	I	0.00038	0	0.99962	0
133	A	0.00058	0	0.99942	0
134	L	0.00059	0	0.99941	0
135	D	0.00070	0	0.99930	0
136	R	0.19335	0	0.80665	0
137	Y	0.63853	0	0.36147	0
138	W	0.66691	0	0.33309	0
139	A	0.93720	0	0.06280	0
140	I	1.00000	0	0.00000	0
141	T	1.00000	0	0.00000	0
142	D	1.00000	0	0.00000	0
143	A	1.00000	0	0.00000	0
144	L	1.00000	0	0.00000	0
145	E	1.00000	0	0.00000	0
146	Y	1.00000	0	0.00000	0
147	S	1.00000	0	0.00000	0
148	K	1.00000	0	0.00000	0
149	R	1.00000	0	0.00000	0
150	R	0.99997	0	0.00003	0
151	T	0.99191	0	0.00809	0
152	A	0.89908	0	0.10092	0
153	G	0.75556	0	0.24444	0
154	H	0.46263	0	0.53737	0
155	A	0.07771	0	0.92229	0
156	A	0.01642	0	0.98358	0
157	T	0.00662	0	0.99338	0
158	M	0.00174	0	0.99826	0
159	I	0.00003	0	0.99997	0
160	A	0.00000	0	1.00000	0
161	I	0.00000	0	1.00000	0
162	V	0.00000	0	1.00000	0
163	W	0.00000	0	1.00000	0
164	A	0.00000	0	1.00000	0
165	I	0.00000	0	1.00000	0
166	S	0.00000	0	1.00000	0
167	I	0.00000	0	1.00000	0
168	C	0.00000	0	1.00000	0
169	I	0.00000	0	1.00000	0
170	S	0.00000	3e-05	0.99997	0
171	I	0.00000	0.00031	0.99969	0
172	P	0.00000	0.00747	0.99253	0
173	P	0.00000	0.01321	0.98679	0
174	L	0.00000	0.03361	0.96639	0
175	F	0.00000	0.12652	0.87348	0
176	W	0.00000	0.60646	0.39354	0
177	R	0.00000	0.97454	0.02546	0
178	Q	0.00000	0.99315	0.00685	0
179	A	0.00000	0.99615	0.00385	0
180	K	0.00000	0.99997	0.00003	0
181	A	0.00000	0.99999	0.00001	0
182	Q	0.00000	1	0.00000	0
183	E	0.00000	1	0.00000	0
184	E	0.00000	1	0.00000	0
185	M	0.00000	1	0.00000	0
186	S	0.00000	1	0.00000	0
187	D	0.00000	1	0.00000	0
188	C	0.00000	1	0.00000	0
189	L	0.00000	0.99999	0.00001	0
190	V	0.00000	0.99999	0.00001	0
191	N	0.00000	0.99992	0.00008	0
192	T	0.00000	0.99916	0.00084	0
193	S	0.00000	0.99532	0.00468	0
194	Q	0.00000	0.99257	0.00743	0
195	I	0.00000	0.78137	0.21863	0
196	S	0.00000	0.395	0.60500	0
197	Y	0.00000	0.25708	0.74292	0
198	T	0.00000	0.09587	0.90413	0
199	I	0.00000	0.00107	0.99893	0
200	Y	0.00000	0.00051	0.99949	0
201	S	0.00000	0.00046	0.99954	0
202	T	0.00000	0.00026	0.99974	0
203	C	0.00000	0.00025	0.99975	0
204	G	0.00000	1e-05	0.99999	0
205	A	0.00000	1e-05	0.99999	0
206	F	0.00000	1e-05	0.99999	0
207	Y	0.00000	1e-05	0.99999	0
208	I	0.00000	1e-05	0.99999	0
209	P	0.00000	1e-05	0.99999	0
210	S	0.00000	1e-05	0.99999	0
211	V	0.00000	1e-05	0.99999	0
212	L	0.00000	1e-05	0.99999	0
213	L	0.00000	1e-05	0.99999	0
214	I	0.00000	1e-05	0.99999	0
215	I	0.00000	1e-05	0.99999	0
216	L	0.00019	1e-05	0.99980	0
217	Y	0.00454	1e-05	0.99546	0
218	G	0.12649	1e-05	0.87351	0
219	R	0.30695	1e-05	0.69304	0
220	I	0.32181	1e-05	0.67819	0
221	Y	0.40550	1e-05	0.59449	0
222	R	0.98357	1e-05	0.01642	0
223	A	0.98977	1e-05	0.01022	0
224	A	0.99981	1e-05	0.00018	0
225	R	0.99996	1e-05	0.00003	0
226	N	0.99999	1e-05	0.00000	0
227	R	0.99999	1e-05	0.00000	0
228	I	0.99999	1e-05	0.00000	0
229	L	0.99999	1e-05	0.00000	0
230	N	0.99999	1e-05	0.00000	0
231	P	0.99999	1e-05	0.00000	0
232	P	0.99999	1e-05	0.00000	0
233	S	0.99999	1e-05	0.00000	0
234	L	0.99999	1e-05	0.00000	0
235	Y	0.99999	1e-05	0.00000	0
236	G	0.99999	1e-05	0.00000	0
237	K	0.99999	1e-05	0.00000	0
238	R	0.99999	0	0.00000	0
239	F	0.99999	0	0.00001	0
240	T	0.99999	0	0.00001	0
241	T	0.99999	0	0.00001	0
242	A	0.99999	0	0.00001	0
243	H	0.99999	0	0.00001	0
244	L	0.99999	0	0.00001	0
245	I	0.99999	0	0.00001	0
246	T	0.99999	0	0.00001	0
247	G	0.99999	0	0.00001	0
248	S	0.99999	0	0.00001	0
249	A	0.99999	0	0.00001	0
250	G	0.99999	0	0.00001	0
251	S	0.99999	0	0.00001	0
252	S	0.99999	0	0.00001	0
253	L	0.99999	0	0.00001	0
254	C	0.99999	0	0.00001	0
255	S	0.99999	0	0.00001	0
256	L	0.99999	0	0.00001	0
257	N	0.99999	0	0.00001	0
258	S	0.99999	0	0.00001	0
259	S	0.99999	0	0.00001	0
260	L	0.99999	0	0.00001	0
261	H	1.00000	0	0.00000	0
262	E	1.00000	0	0.00000	0
263	G	1.00000	0	0.00000	0
264	H	1.00000	0	0.00000	0
265	S	1.00000	0	0.00000	0
266	H	1.00000	0	0.00000	0
267	S	1.00000	0	0.00000	0
268	A	1.00000	0	0.00000	0
269	G	1.00000	0	0.00000	0
270	S	1.00000	0	0.00000	0
271	P	1.00000	0	0.00000	0
272	L	1.00000	0	0.00000	0
273	F	1.00000	0	0.00000	0
274	F	1.00000	0	0.00000	0
275	N	1.00000	0	0.00000	0
276	H	1.00000	0	0.00000	0
277	V	1.00000	0	0.00000	0
278	K	1.00000	0	0.00000	0
279	I	1.00000	0	0.00000	0
280	K	1.00000	0	0.00000	0
281	L	1.00000	0	0.00000	0
282	A	1.00000	0	0.00000	0
283	D	1.00000	0	0.00000	0
284	S	1.00000	0	0.00000	0
285	A	1.00000	0	0.00000	0
286	L	1.00000	0	0.00000	0
287	E	1.00000	0	0.00000	0
288	R	1.00000	0	0.00000	0
289	K	1.00000	0	0.00000	0
290	R	1.00000	0	0.00000	0
291	I	1.00000	0	0.00000	0
292	S	1.00000	0	0.00000	0
293	A	1.00000	0	0.00000	0
294	A	1.00000	0	0.00000	0
295	R	1.00000	0	0.00000	0
296	E	1.00000	0	0.00000	0
297	R	0.99765	0	0.00235	0
298	K	0.99737	0	0.00263	0
299	A	0.77573	0	0.22427	0
300	T	0.77460	0	0.22540	0
301	K	0.77206	0	0.22794	0
302	T	0.76935	0	0.23065	0
303	L	0.00860	0	0.99140	0
304	G	0.00160	0	0.99840	0
305	I	0.00004	0	0.99996	0
306	I	0.00000	0	1.00000	0
307	L	0.00000	0	1.00000	0
308	G	0.00000	0	1.00000	0
309	A	0.00000	0	1.00000	0
310	F	0.00000	0	1.00000	0
311	I	0.00000	0	1.00000	0
312	I	0.00000	0	1.00000	0
313	C	0.00000	0	1.00000	0
314	W	0.00000	0	1.00000	0
315	L	0.00000	0	1.00000	0
316	P	0.00000	0	1.00000	0
317	F	0.00000	0	1.00000	0
318	F	0.00000	0	1.00000	0
319	V	0.00000	3e-05	0.99997	0
320	V	0.00000	0.00029	0.99971	0
321	S	0.00000	0.00184	0.99816	0
322	L	0.00000	0.00437	0.99563	0
323	V	0.00000	0.01709	0.98291	0
324	L	0.00000	0.05308	0.94692	0
325	P	0.00000	0.29533	0.70467	0
326	I	0.00000	0.40383	0.59617	0
327	C	0.00000	0.94799	0.05201	0
328	R	0.00000	0.99778	0.00222	0
329	D	0.00000	0.99999	0.00001	0
330	S	0.00000	0.99999	0.00001	0
331	C	0.00000	0.99999	0.00001	0
332	W	0.00000	0.99992	0.00008	0
333	I	0.00000	0.99981	0.00019	0
334	H	0.00000	0.99971	0.00029	0
335	P	0.00000	0.99938	0.00062	0
336	A	0.00000	0.99427	0.00573	0
337	L	0.00000	0.98897	0.01103	0
338	F	0.00000	0.98735	0.01265	0
339	D	0.00000	0.9374	0.06260	0
340	F	0.00000	0.00869	0.99131	0
341	F	0.00000	0.00036	0.99964	0
342	T	0.00000	1e-05	0.99999	0
343	W	0.00000	0	1.00000	0
344	L	0.00000	0	1.00000	0
345	G	0.00000	0	1.00000	0
346	Y	0.00000	0	1.00000	0
347	L	0.00000	0	1.00000	0
348	N	0.00000	0	1.00000	0
349	S	0.00000	0	1.00000	0
350	L	0.00000	0	1.00000	0
351	I	0.00000	0	1.00000	0
352	N	0.00000	0	1.00000	0
353	P	0.00000	0	1.00000	0
354	I	0.00000	0	1.00000	0
355	I	0.00002	0	0.99998	0
356	Y	0.00008	0	0.99992	0
357	T	0.00029	0	0.99971	0
358	V	0.00048	0	0.99952	0
359	F	0.01605	0	0.98395	0
360	N	0.39211	0	0.60789	0
361	E	1.00000	0	0.00000	0
362	E	1.00000	0	0.00000	0
363	F	1.00000	0	0.00000	0
364	R	1.00000	0	0.00000	0
365	Q	1.00000	0	0.00000	0
366	A	1.00000	0	0.00000	0
367	F	1.00000	0	0.00000	0
368	Q	1.00000	0	0.00000	0
369	K	1.00000	0	0.00000	0
370	I	1.00000	0	0.00000	0
371	I	1.00000	0	0.00000	0
372	P	1.00000	0	0.00000	0
373	F	1.00000	0	0.00000	0
374	R	1.00000	0	0.00000	0
375	K	1.00000	0	0.00000	0
376	A	1.00000	0	0.00000	0
377	S	1.00000	0	0.00000	0
