# UNNAMED
#pos	aa	i	o	M	S
1	M	0.00000	1	0.00000	0
2	I	0.00000	1	0.00000	0
3	A	0.00000	1	0.00000	0
4	T	0.00000	0.99614	0.00386	0
5	A	0.00000	0.98795	0.01205	0
6	V	0.00000	0.95612	0.04388	0
7	R	0.00000	0.94389	0.05611	0
8	W	0.00000	0.34871	0.65129	0
9	L	0.00000	0.1559	0.84410	0
10	I	0.00000	0.02432	0.97568	0
11	L	0.00000	0.00694	0.99306	0
12	V	0.00000	0.00035	0.99965	0
13	F	0.00000	2e-05	0.99998	0
14	F	0.00000	0	1.00000	0
15	I	0.00000	0	1.00000	0
16	I	0.00000	0	1.00000	0
17	L	0.00000	0	1.00000	0
18	T	0.00000	0	1.00000	0
19	I	0.00000	0	1.00000	0
20	G	0.00000	0	1.00000	0
21	G	0.00000	0	1.00000	0
22	N	0.00000	0	1.00000	0
23	V	0.00000	0	1.00000	0
24	L	0.00000	0	1.00000	0
25	V	0.00000	0	1.00000	0
26	C	0.00002	0	0.99998	0
27	L	0.00091	0	0.99909	0
28	A	0.05316	0	0.94684	0
29	V	0.19374	0	0.80626	0
30	G	0.74941	0	0.25059	0
31	M	0.92028	0	0.07972	0
32	S	0.99430	0	0.00570	0
33	R	0.99990	0	0.00010	0
34	R	1.00000	0	0.00000	0
35	L	0.99992	0	0.00008	0
36	W	0.99946	0	0.00054	0
37	R	0.99791	0	0.00209	0
38	I	0.29224	0	0.70776	0
39	A	0.22575	0	0.77425	0
40	N	0.04099	0	0.95901	0
41	C	0.01338	0	0.98662	0
42	F	0.00011	0	0.99989	0
43	V	0.00001	0	0.99999	0
44	V	0.00000	0	1.00000	0
45	S	0.00000	0	1.00000	0
46	L	0.00000	0	1.00000	0
47	A	0.00000	0	1.00000	0
48	V	0.00000	0	1.00000	0
49	T	0.00000	0	1.00000	0
50	D	0.00000	0	1.00000	0
51	L	0.00000	0	1.00000	0
52	L	0.00000	0	1.00000	0
53	L	0.00000	0	1.00000	0
54	G	0.00000	0	1.00000	0
55	L	0.00000	0	1.00000	0
56	L	0.00000	1e-05	0.99999	0
57	V	0.00000	0.00058	0.99942	0
58	L	0.00000	0.00967	0.99033	0
59	P	0.00000	0.0944	0.90560	0
60	L	0.00000	0.19406	0.80594	0
61	S	0.00000	0.69496	0.30504	0
62	A	0.00000	0.8385	0.16150	0
63	T	0.00000	0.94809	0.05191	0
64	V	0.00000	0.99986	0.00014	0
65	E	0.00000	0.99995	0.00005	0
66	L	0.00000	0.99995	0.00005	0
67	R	0.00000	0.99999	0.00001	0
68	S	0.00000	1	0.00000	0
69	G	0.00000	1	0.00000	0
70	E	0.00000	1	0.00000	0
71	W	0.00000	1	0.00000	0
72	P	0.00000	1	0.00000	0
73	F	0.00000	1	0.00000	0
74	G	0.00000	1	0.00000	0
75	E	0.00000	1	0.00000	0
76	A	0.00000	1	0.00000	0
77	L	0.00000	1	0.00000	0
78	C	0.00000	0.99999	0.00001	0
79	N	0.00000	0.99997	0.00003	0
80	I	0.00000	0.99713	0.00287	0
81	Y	0.00000	0.74186	0.25814	0
82	I	0.00000	0.18779	0.81221	0
83	S	0.00000	0.11541	0.88459	0
84	L	0.00000	0.00125	0.99875	0
85	D	0.00000	0.00033	0.99967	0
86	V	0.00000	1e-05	0.99999	0
87	M	0.00000	0	1.00000	0
88	L	0.00000	0	1.00000	0
89	C	0.00000	0	1.00000	0
90	T	0.00000	0	1.00000	0
91	A	0.00000	0	1.00000	0
92	S	0.00000	0	1.00000	0
93	I	0.00000	0	1.00000	0
94	L	0.00000	0	1.00000	0
95	T	0.00000	0	1.00000	0
96	L	0.00000	0	1.00000	0
97	L	0.00000	0	1.00000	0
98	V	0.00000	0	1.00000	0
99	I	0.00000	0	1.00000	0
100	S	0.00000	0	1.00000	0
101	V	0.00001	0	0.99999	0
102	D	0.00014	0	0.99986	0
103	R	0.06031	0	0.93969	0
104	Y	0.23013	0	0.76987	0
105	L	0.79870	0	0.20130	0
106	A	0.96177	0	0.03823	0
107	I	0.99998	0	0.00002	0
108	S	1.00000	0	0.00000	0
109	A	1.00000	0	0.00000	0
110	P	1.00000	0	0.00000	0
111	L	1.00000	0	0.00000	0
112	S	1.00000	0	0.00000	0
113	H	1.00000	0	0.00000	0
114	S	1.00000	0	0.00000	0
115	R	1.00000	0	0.00000	0
116	R	1.00000	0	0.00000	0
117	V	0.99934	0	0.00066	0
118	T	0.99861	0	0.00139	0
119	P	0.99547	0	0.00453	0
120	L	0.82878	0	0.17122	0
121	R	0.80012	0	0.19988	0
122	V	0.32813	0	0.67187	0
123	T	0.14420	0	0.85580	0
124	L	0.02328	0	0.97672	0
125	A	0.00491	0	0.99509	0
126	I	0.00001	0	0.99999	0
127	I	0.00000	0	1.00000	0
128	T	0.00000	0	1.00000	0
129	I	0.00000	0	1.00000	0
130	W	0.00000	0	1.00000	0
131	A	0.00000	0	1.00000	0
132	M	0.00000	0	1.00000	0
133	S	0.00000	0	1.00000	0
134	L	0.00000	0	1.00000	0
135	A	0.00000	0	1.00000	0
136	V	0.00000	0	1.00000	0
137	S	0.00000	5e-05	0.99995	0
138	V	0.00000	0.0001	0.99990	0
139	L	0.00000	0.00098	0.99902	0
140	P	0.00000	0.03023	0.96977	0
141	I	0.00000	0.04823	0.95177	0
142	H	0.00000	0.16907	0.83093	0
143	L	0.00000	0.25267	0.74733	0
144	G	0.00000	0.72407	0.27593	0
145	W	0.00000	0.83142	0.16858	0
146	N	0.00000	0.98872	0.01128	0
147	T	0.00000	0.99966	0.00034	0
148	A	0.00000	0.99985	0.00015	0
149	D	0.00000	1	0.00000	0
150	Y	0.00000	1	0.00000	0
151	R	0.00000	1	0.00000	0
152	V	0.00000	1	0.00000	0
153	Q	0.00000	1	0.00000	0
154	N	0.00000	1	0.00000	0
155	L	0.00000	1	0.00000	0
156	A	0.00000	1	0.00000	0
157	W	0.00000	1	0.00000	0
158	G	0.00000	1	0.00000	0
159	M	0.00000	1	0.00000	0
160	G	0.00000	1	0.00000	0
161	D	0.00000	1	0.00000	0
162	D	0.00000	1	0.00000	0
163	E	0.00000	1	0.00000	0
164	K	0.00000	1	0.00000	0
165	E	0.00000	1	0.00000	0
166	G	0.00000	1	0.00000	0
167	Y	0.00000	1	0.00000	0
168	Y	0.00000	1	0.00000	0
169	C	0.00000	1	0.00000	0
170	Q	0.00000	1	0.00000	0
171	F	0.00000	1	0.00000	0
172	G	0.00000	1	0.00000	0
173	W	0.00000	0.99999	0.00001	0
174	N	0.00000	0.99998	0.00002	0
175	N	0.00000	0.9999	0.00010	0
176	N	0.00000	0.9766	0.02340	0
177	Y	0.00000	0.7238	0.27620	0
178	V	0.00000	0.61166	0.38834	0
179	L	0.00000	0.01437	0.98563	0
180	L	0.00000	0.0001	0.99990	0
181	Y	0.00000	7e-05	0.99993	0
182	A	0.00000	0	1.00000	0
183	F	0.00000	0	1.00000	0
184	G	0.00000	0	1.00000	0
185	S	0.00000	0	1.00000	0
186	F	0.00000	0	1.00000	0
187	Y	0.00000	0	1.00000	0
188	L	0.00000	0	1.00000	0
189	P	0.00000	0	1.00000	0
190	L	0.00000	0	1.00000	0
191	M	0.00000	0	1.00000	0
192	V	0.00000	0	1.00000	0
193	M	0.00000	0	1.00000	0
194	C	0.00000	0	1.00000	0
195	G	0.00000	0	1.00000	0
196	M	0.00000	0	1.00000	0
197	Y	0.00000	0	1.00000	0
198	L	0.00000	0	1.00000	0
199	C	0.00010	0	0.99990	0
200	I	0.00172	0	0.99828	0
201	F	0.04885	0	0.95115	0
202	R	0.95805	0	0.04195	0
203	M	0.97283	0	0.02717	0
204	A	0.98826	0	0.01174	0
205	R	0.99972	0	0.00028	0
206	E	1.00000	0	0.00000	0
207	Q	1.00000	0	0.00000	0
208	A	1.00000	0	0.00000	0
209	R	1.00000	0	0.00000	0
210	R	1.00000	0	0.00000	0
211	I	1.00000	0	0.00000	0
212	R	1.00000	0	0.00000	0
213	A	1.00000	0	0.00000	0
214	T	1.00000	0	0.00000	0
215	L	1.00000	0	0.00000	0
216	P	1.00000	0	0.00000	0
217	S	1.00000	0	0.00000	0
218	F	1.00000	0	0.00000	0
219	A	1.00000	0	0.00000	0
220	R	1.00000	0	0.00000	0
221	T	1.00000	0	0.00000	0
222	A	1.00000	0	0.00000	0
223	T	1.00000	0	0.00000	0
224	A	1.00000	0	0.00000	0
225	V	1.00000	0	0.00000	0
226	I	1.00000	0	0.00000	0
227	A	1.00000	0	0.00000	0
228	R	1.00000	0	0.00000	0
229	E	1.00000	0	0.00000	0
230	H	0.99977	0	0.00023	0
231	K	0.99879	0	0.00121	0
232	A	0.89362	0	0.10638	0
233	T	0.77771	0	0.22229	0
234	V	0.36398	0	0.63602	0
235	T	0.36241	0	0.63759	0
236	L	0.00314	0	0.99686	0
237	A	0.00038	0	0.99962	0
238	A	0.00024	0	0.99976	0
239	V	0.00000	0	1.00000	0
240	L	0.00000	0	1.00000	0
241	G	0.00000	0	1.00000	0
242	A	0.00000	0	1.00000	0
243	F	0.00000	0	1.00000	0
244	V	0.00000	0	1.00000	0
245	I	0.00000	0	1.00000	0
246	C	0.00000	0	1.00000	0
247	W	0.00000	0	1.00000	0
248	F	0.00000	0	1.00000	0
249	P	0.00000	0	1.00000	0
250	Y	0.00000	0	1.00000	0
251	F	0.00000	0	1.00000	0
252	T	0.00000	0.00051	0.99949	0
253	Y	0.00000	0.00216	0.99784	0
254	F	0.00000	0.00829	0.99171	0
255	T	0.00000	0.16856	0.83144	0
256	W	0.00000	0.21954	0.78046	0
257	I	0.00000	0.30553	0.69447	0
258	G	0.00000	0.73503	0.26497	0
259	M	0.00000	0.77841	0.22159	0
260	K	0.00000	0.99769	0.00231	0
261	E	0.00000	0.99995	0.00005	0
262	K	0.00000	1	0.00000	0
263	T	0.00000	1	0.00000	0
264	N	0.00000	1	0.00000	0
265	P	0.00000	1	0.00000	0
266	P	0.00000	0.99999	0.00001	0
267	N	0.00000	0.99996	0.00004	0
268	T	0.00000	0.99969	0.00031	0
269	L	0.00000	0.9983	0.00170	0
270	H	0.00000	0.99768	0.00232	0
271	S	0.00000	0.83504	0.16496	0
272	V	0.00000	0.00629	0.99371	0
273	V	0.00000	0.00021	0.99979	0
274	L	0.00000	0	1.00000	0
275	W	0.00000	0	1.00000	0
276	L	0.00000	0	1.00000	0
277	G	0.00000	0	1.00000	0
278	Y	0.00000	0	1.00000	0
279	F	0.00000	0	1.00000	0
280	N	0.00000	0	1.00000	0
281	S	0.00000	0	1.00000	0
282	T	0.00000	0	1.00000	0
283	L	0.00000	0	1.00000	0
284	N	0.00000	0	1.00000	0
285	P	0.00000	0	1.00000	0
286	I	0.00000	0	1.00000	0
287	L	0.00000	0	1.00000	0
288	Y	0.00000	0	1.00000	0
289	P	0.00002	0	0.99998	0
290	A	0.00020	0	0.99980	0
291	F	0.01410	0	0.98590	0
292	N	0.47364	0	0.52636	0
293	R	1.00000	0	0.00000	0
294	D	1.00000	0	0.00000	0
295	F	1.00000	0	0.00000	0
296	H	1.00000	0	0.00000	0
297	R	1.00000	0	0.00000	0
298	A	1.00000	0	0.00000	0
299	Y	1.00000	0	0.00000	0
300	R	1.00000	0	0.00000	0
301	E	1.00000	0	0.00000	0
302	L	1.00000	0	0.00000	0
303	L	1.00000	0	0.00000	0
304	H	1.00000	0	0.00000	0
305	C	1.00000	0	0.00000	0
306	K	1.00000	0	0.00000	0
307	R	1.00000	0	0.00000	0
308	L	1.00000	0	0.00000	0
309	Y	1.00000	0	0.00000	0
310	R	1.00000	0	0.00000	0
311	R	1.00000	0	0.00000	0
312	K	1.00000	0	0.00000	0
313	L	1.00000	0	0.00000	0
314	H	1.00000	0	0.00000	0
315	L	1.00000	0	0.00000	0
316	N	1.00000	0	0.00000	0
317	G	1.00000	0	0.00000	0
318	V	1.00000	0	0.00000	0
319	S	1.00000	0	0.00000	0
320	V	1.00000	0	0.00000	0
321	N	1.00000	0	0.00000	0
322	K	1.00000	0	0.00000	0
323	R	1.00000	0	0.00000	0
324	L	1.00000	0	0.00000	0
325	T	1.00000	0	0.00000	0
326	F	1.00000	0	0.00000	0
327	T	1.00000	0	0.00000	0
328	N	1.00000	0	0.00000	0
329	G	1.00000	0	0.00000	0
330	K	1.00000	0	0.00000	0
331	R	1.00000	0	0.00000	0
332	L	1.00000	0	0.00000	0
333	S	1.00000	0	0.00000	0
334	Q	1.00000	0	0.00000	0
335	Q	1.00000	0	0.00000	0
336	C	1.00000	0	0.00000	0
337	E	1.00000	0	0.00000	0
338	G	1.00000	0	0.00000	0
339	Q	1.00000	0	0.00000	0
340	I	1.00000	0	0.00000	0
341	D	1.00000	0	0.00000	0
342	I	1.00000	0	0.00000	0
343	Q	1.00000	0	0.00000	0
344	E	1.00000	0	0.00000	0
345	K	1.00000	0	0.00000	0
346	D	1.00000	0	0.00000	0
347	T	1.00000	0	0.00000	0
348	E	1.00000	0	0.00000	0
349	E	1.00000	0	0.00000	0
350	K	1.00000	0	0.00000	0
351	T	1.00000	0	0.00000	0
352	L	1.00000	0	0.00000	0
353	T	1.00000	0	0.00000	0
354	L	1.00000	0	0.00000	0
355	Q	1.00000	0	0.00000	0
356	M	1.00000	0	0.00000	0
357	G	1.00000	0	0.00000	0
358	N	1.00000	0	0.00000	0
359	S	1.00000	0	0.00000	0
360	I	1.00000	0	0.00000	0
361	P	1.00000	0	0.00000	0
362	D	1.00000	0	0.00000	0
363	E	1.00000	0	0.00000	0
364	P	1.00000	0	0.00000	0
365	R	1.00000	0	0.00000	0
