# UNNAMED
#pos	aa	i	o	M	S
1	M	0.00000	0.99996	0.00000	4e-05
2	S	0.00000	0.99996	0.00000	4e-05
3	S	0.00000	0.99996	0.00000	4e-05
4	L	0.00000	0.99996	0.00000	4e-05
5	H	0.00000	0.99996	0.00000	4e-05
6	L	0.00000	0.99996	0.00000	4e-05
7	R	0.00000	0.99996	0.00000	4e-05
8	N	0.00000	0.99996	0.00000	4e-05
9	P	0.00000	0.99996	0.00000	4e-05
10	A	0.00000	0.99996	0.00000	4e-05
11	D	0.00000	0.99996	0.00000	4e-05
12	V	0.00000	0.99996	0.00000	4e-05
13	Q	0.00000	0.99996	0.00000	3e-05
14	F	0.00000	0.99996	0.00000	4e-05
15	C	0.00000	0.99996	0.00000	4e-05
16	F	0.00000	0.99996	0.00000	4e-05
17	P	0.00000	0.99996	0.00000	4e-05
18	L	0.00000	0.99996	0.00000	4e-05
19	V	0.00000	0.99996	0.00000	4e-05
20	N	0.00000	0.99996	0.00000	4e-05
21	T	0.00000	0.99996	0.00000	4e-05
22	S	0.00000	0.99996	0.00000	4e-05
23	C	0.00000	0.99996	0.00000	4e-05
24	P	0.00000	0.99996	0.00000	4e-05
25	T	0.00000	0.99996	0.00000	4e-05
26	K	0.00000	0.99997	0.00000	2e-05
27	E	0.00000	0.99998	0.00000	2e-05
28	R	0.00000	1	0.00000	0
29	P	0.00000	0.99997	0.00003	0
30	M	0.00000	0.99995	0.00005	0
31	P	0.00000	0.99983	0.00017	0
32	T	0.00000	0.99944	0.00056	0
33	I	0.00000	0.97273	0.02727	0
34	C	0.00000	0.96919	0.03081	0
35	A	0.00000	0.92371	0.07629	0
36	M	0.00000	0.89481	0.10519	0
37	Y	0.00000	0.69309	0.30691	0
38	M	0.00000	0.62399	0.37601	0
39	V	0.00000	0.44515	0.55485	0
40	M	0.00000	0.33817	0.66183	0
41	T	0.00000	0.0726	0.92740	0
42	V	0.00000	0.01212	0.98788	0
43	A	0.00000	0.00099	0.99901	0
44	I	0.00000	2e-05	0.99998	0
45	V	0.00000	0	1.00000	0
46	M	0.00000	0	1.00000	0
47	T	0.00000	0	1.00000	0
48	M	0.00000	0	1.00000	0
49	L	0.00000	0	1.00000	0
50	G	0.00000	0	1.00000	0
51	N	0.00000	0	1.00000	0
52	M	0.00000	0	1.00000	0
53	A	0.00000	0	1.00000	0
54	V	0.00000	0	1.00000	0
55	I	0.00000	0	1.00000	0
56	I	0.00002	0	0.99998	0
57	S	0.00541	0	0.99459	0
58	I	0.00848	0	0.99152	0
59	T	0.14295	0	0.85705	0
60	H	0.21818	0	0.78182	0
61	F	0.29373	0	0.70627	0
62	K	0.90208	0	0.09792	0
63	Q	0.98997	0	0.01003	0
64	L	0.99188	0	0.00812	0
65	H	0.99989	0	0.00011	0
66	S	1.00000	0	0.00000	0
67	P	1.00000	0	0.00000	0
68	T	0.99998	0	0.00002	0
69	N	0.99965	0	0.00035	0
70	S	0.99958	0	0.00042	0
71	L	0.99871	0	0.00129	0
72	P	0.99869	0	0.00131	0
73	L	0.01198	0	0.98802	0
74	S	0.00082	0	0.99918	0
75	M	0.00001	0	0.99999	0
76	A	0.00000	0	1.00000	0
77	T	0.00000	0	1.00000	0
78	T	0.00000	0	1.00000	0
79	D	0.00000	0	1.00000	0
80	L	0.00000	0	1.00000	0
81	L	0.00000	0	1.00000	0
82	V	0.00000	0	1.00000	0
83	S	0.00000	0	1.00000	0
84	C	0.00000	0	1.00000	0
85	V	0.00000	0	1.00000	0
86	V	0.00000	0	1.00000	0
87	M	0.00000	0	1.00000	0
88	P	0.00000	0	1.00000	0
89	F	0.00000	0	1.00000	0
90	S	0.00000	0.00027	0.99973	0
91	M	0.00000	0.00281	0.99719	0
92	I	0.00000	0.10533	0.89467	0
93	R	0.00000	0.99873	0.00127	0
94	S	0.00000	0.99904	0.00096	0
95	I	0.00000	0.99909	0.00091	0
96	D	0.00000	0.99996	0.00004	0
97	P	0.00000	0.99998	0.00002	0
98	C	0.00000	1	0.00000	0
99	R	0.00000	1	0.00000	0
100	Y	0.00000	1	0.00000	0
101	F	0.00000	1	0.00000	0
102	G	0.00000	1	0.00000	0
103	D	0.00000	1	0.00000	0
104	L	0.00000	0.9999	0.00010	0
105	F	0.00000	0.99848	0.00152	0
106	C	0.00000	0.99829	0.00171	0
107	K	0.00000	0.99801	0.00199	0
108	V	0.00000	0.99634	0.00366	0
109	H	0.00000	0.85727	0.14273	0
110	S	0.00000	0.69023	0.30977	0
111	C	0.00000	0.5062	0.49380	0
112	C	0.00000	0.07584	0.92416	0
113	D	0.00000	0.0184	0.98160	0
114	I	0.00000	0.00026	0.99974	0
115	M	0.00000	0	1.00000	0
116	L	0.00000	0	1.00000	0
117	C	0.00000	0	1.00000	0
118	T	0.00000	0	1.00000	0
119	T	0.00000	0	1.00000	0
120	S	0.00000	0	1.00000	0
121	I	0.00000	0	1.00000	0
122	F	0.00000	0	1.00000	0
123	H	0.00000	0	1.00000	0
124	L	0.00000	0	1.00000	0
125	C	0.00002	0	0.99998	0
126	F	0.00002	0	0.99998	0
127	I	0.00004	0	0.99996	0
128	S	0.00007	0	0.99993	0
129	I	0.00007	0	0.99993	0
130	D	0.00013	0	0.99987	0
131	R	0.06612	0	0.93388	0
132	Y	0.70507	0	0.29493	0
133	Y	0.83043	0	0.16957	0
134	A	0.95261	0	0.04739	0
135	V	0.99998	0	0.00002	0
136	C	1.00000	0	0.00000	0
137	D	1.00000	0	0.00000	0
138	P	1.00000	0	0.00000	0
139	L	1.00000	0	0.00000	0
140	H	1.00000	0	0.00000	0
141	Y	1.00000	0	0.00000	0
142	V	0.99999	0	0.00001	0
143	T	0.99980	0	0.00020	0
144	H	0.99885	0	0.00115	0
145	I	0.96096	0	0.03904	0
146	T	0.95278	0	0.04722	0
147	V	0.90078	0	0.09922	0
148	P	0.87292	0	0.12708	0
149	V	0.47696	0	0.52304	0
150	T	0.45030	0	0.54970	0
151	E	0.41122	0	0.58878	0
152	F	0.06750	0	0.93250	0
153	F	0.01778	0	0.98222	0
154	L	0.00270	0	0.99730	0
155	L	0.00020	0	0.99980	0
156	I	0.00000	0	1.00000	0
157	S	0.00000	0	1.00000	0
158	W	0.00000	0	1.00000	0
159	T	0.00000	0	1.00000	0
160	V	0.00000	0	1.00000	0
161	P	0.00000	0	1.00000	0
162	M	0.00000	0	1.00000	0
163	F	0.00000	0	1.00000	0
164	F	0.00000	1e-05	0.99999	0
165	A	0.00000	0.00041	0.99959	0
166	F	0.00000	0.00341	0.99659	0
167	G	0.00000	0.0446	0.95540	0
168	L	0.00000	0.05417	0.94583	0
169	V	0.00000	0.13521	0.86479	0
170	C	0.00000	0.51849	0.48151	0
171	S	0.00000	0.5575	0.44250	0
172	G	0.00000	0.59208	0.40792	0
173	L	0.00000	0.63433	0.36567	0
174	N	0.00000	0.79831	0.20169	0
175	V	0.00000	0.81036	0.18964	0
176	I	0.00000	0.89704	0.10296	0
177	G	0.00000	0.98742	0.01258	0
178	A	0.00000	0.99707	0.00293	0
179	E	0.00000	0.99999	0.00001	0
180	D	0.00000	1	0.00000	0
181	F	0.00000	1	0.00000	0
182	I	0.00000	1	0.00000	0
183	A	0.00000	1	0.00000	0
184	A	0.00000	1	0.00000	0
185	I	0.00000	1	0.00000	0
186	D	0.00000	1	0.00000	0
187	C	0.00000	1	0.00000	0
188	T	0.00000	1	0.00000	0
189	G	0.00000	1	0.00000	0
190	L	0.00000	1	0.00000	0
191	C	0.00000	0.99995	0.00005	0
192	V	0.00000	0.9293	0.07070	0
193	L	0.00000	0.92922	0.07078	0
194	I	0.00000	0.92878	0.07122	0
195	F	0.00000	0.92625	0.07375	0
196	N	0.00000	0.92615	0.07385	0
197	K	0.00000	0.92592	0.07408	0
198	L	0.00000	0.71204	0.28796	0
199	W	0.00000	0.09068	0.90932	0
200	G	0.00000	0.07872	0.92128	0
201	V	0.00000	0.03157	0.96843	0
202	L	0.00000	0.00176	0.99824	0
203	A	0.00000	0.00027	0.99973	0
204	S	0.00000	8e-05	0.99992	0
205	L	0.00000	4e-05	0.99996	0
206	I	0.00000	0	1.00000	0
207	A	0.00000	0	1.00000	0
208	F	0.00000	0	1.00000	0
209	F	0.00000	0	1.00000	0
210	I	0.00000	0	1.00000	0
211	P	0.00000	0	1.00000	0
212	G	0.00000	0	1.00000	0
213	T	0.00000	0	1.00000	0
214	V	0.00000	0	1.00000	0
215	M	0.00001	0	0.99999	0
216	V	0.00004	0	0.99996	0
217	G	0.00142	0	0.99858	0
218	I	0.00269	0	0.99731	0
219	Y	0.00917	0	0.99083	0
220	I	0.02430	0	0.97570	0
221	H	0.06019	0	0.93981	0
222	I	0.06861	0	0.93139	0
223	F	0.17435	0	0.82565	0
224	T	0.88139	0	0.11861	0
225	V	0.91708	0	0.08292	0
226	A	0.99757	0	0.00243	0
227	R	0.99993	0	0.00007	0
228	K	0.99999	0	0.00001	0
229	H	1.00000	0	0.00000	0
230	A	1.00000	0	0.00000	0
231	K	1.00000	0	0.00000	0
232	Q	1.00000	0	0.00000	0
233	I	1.00000	0	0.00000	0
234	G	1.00000	0	0.00000	0
235	T	1.00000	0	0.00000	0
236	G	1.00000	0	0.00000	0
237	P	1.00000	0	0.00000	0
238	R	1.00000	0	0.00000	0
239	T	1.00000	0	0.00000	0
240	K	1.00000	0	0.00000	0
241	Q	1.00000	0	0.00000	0
242	A	1.00000	0	0.00000	0
243	D	1.00000	0	0.00000	0
244	S	1.00000	0	0.00000	0
245	E	1.00000	0	0.00000	0
246	T	1.00000	0	0.00000	0
247	R	1.00000	0	0.00000	0
248	M	1.00000	0	0.00000	0
249	K	1.00000	0	0.00000	0
250	V	1.00000	0	0.00000	0
251	T	1.00000	0	0.00000	0
252	S	1.00000	0	0.00000	0
253	K	1.00000	0	0.00000	0
254	T	1.00000	0	0.00000	0
255	E	1.00000	0	0.00000	0
256	S	0.99285	0	0.00715	0
257	K	0.99218	0	0.00782	0
258	A	0.61192	0	0.38808	0
259	T	0.60934	0	0.39066	0
260	K	0.53340	0	0.46660	0
261	T	0.38260	0	0.61740	0
262	L	0.00246	0	0.99754	0
263	S	0.00022	0	0.99978	0
264	I	0.00009	0	0.99991	0
265	V	0.00001	0	0.99999	0
266	M	0.00000	0	1.00000	0
267	G	0.00000	0	1.00000	0
268	V	0.00000	0	1.00000	0
269	F	0.00000	0	1.00000	0
270	V	0.00000	0	1.00000	0
271	V	0.00000	0	1.00000	0
272	C	0.00000	0	1.00000	0
273	W	0.00000	0	1.00000	0
274	L	0.00000	0	1.00000	0
275	P	0.00000	0	1.00000	0
276	F	0.00000	0	1.00000	0
277	F	0.00000	0	1.00000	0
278	V	0.00000	0.00013	0.99987	0
279	L	0.00000	0.00146	0.99854	0
280	T	0.00000	0.01515	0.98485	0
281	I	0.00000	0.04319	0.95681	0
282	I	0.00000	0.18431	0.81569	0
283	D	0.00000	0.96224	0.03776	0
284	P	0.00000	0.96583	0.03417	0
285	F	0.00000	0.96726	0.03274	0
286	I	0.00000	0.97475	0.02525	0
287	D	0.00000	0.99949	0.00051	0
288	F	0.00000	0.99954	0.00046	0
289	R	0.00000	0.99997	0.00003	0
290	T	0.00000	0.99999	0.00001	0
291	P	0.00000	1	0.00000	0
292	E	0.00000	1	0.00000	0
293	D	0.00000	0.99996	0.00004	0
294	L	0.00000	0.9982	0.00180	0
295	Y	0.00000	0.99722	0.00278	0
296	N	0.00000	0.77978	0.22022	0
297	V	0.00000	0.01845	0.98155	0
298	F	0.00000	0.0035	0.99650	0
299	L	0.00000	0.00042	0.99958	0
300	W	0.00000	2e-05	0.99998	0
301	L	0.00000	0	1.00000	0
302	G	0.00000	0	1.00000	0
303	Y	0.00000	0	1.00000	0
304	L	0.00000	0	1.00000	0
305	N	0.00000	0	1.00000	0
306	S	0.00000	0	1.00000	0
307	T	0.00000	0	1.00000	0
308	F	0.00000	0	1.00000	0
309	N	0.00000	0	1.00000	0
310	P	0.00000	0	1.00000	0
311	I	0.00000	0	1.00000	0
312	I	0.00000	0	1.00000	0
313	Y	0.00000	0	1.00000	0
314	G	0.00001	0	0.99999	0
315	M	0.00020	0	0.99980	0
316	F	0.00453	0	0.99547	0
317	Y	0.07770	0	0.92230	0
318	P	0.47283	0	0.52717	0
319	W	0.80682	0	0.19318	0
320	F	0.96683	0	0.03317	0
321	R	1.00000	0	0.00000	0
322	K	1.00000	0	0.00000	0
323	A	1.00000	0	0.00000	0
324	L	1.00000	0	0.00000	0
325	R	1.00000	0	0.00000	0
326	M	1.00000	0	0.00000	0
327	I	1.00000	0	0.00000	0
328	V	1.00000	0	0.00000	0
329	T	1.00000	0	0.00000	0
330	G	1.00000	0	0.00000	0
331	R	1.00000	0	0.00000	0
332	I	1.00000	0	0.00000	0
333	F	1.00000	0	0.00000	0
334	S	1.00000	0	0.00000	0
335	P	1.00000	0	0.00000	0
336	D	1.00000	0	0.00000	0
337	S	1.00000	0	0.00000	0
338	S	1.00000	0	0.00000	0
339	T	1.00000	0	0.00000	0
340	L	1.00000	0	0.00000	0
341	S	1.00000	0	0.00000	0
342	L	1.00000	0	0.00000	0
343	F	1.00000	0	0.00000	0
344	P	1.00000	0	0.00000	0
345	A	1.00000	0	0.00000	0
346	H	1.00000	0	0.00000	0
347	S	1.00000	0	0.00000	0
