# UNNAMED
#pos	aa	i	o	M	S
1	M	0.00000	1	0.00000	0
2	D	0.00000	1	0.00000	0
3	I	0.00000	1	0.00000	0
4	E	0.00000	1	0.00000	0
5	N	0.00000	1	0.00000	0
6	L	0.00000	1	0.00000	0
7	T	0.00000	1	0.00000	0
8	D	0.00000	1	0.00000	0
9	Y	0.00000	1	0.00000	0
10	N	0.00000	1	0.00000	0
11	C	0.00000	1	0.00000	0
12	T	0.00000	1	0.00000	0
13	S	0.00000	1	0.00000	0
14	E	0.00000	1	0.00000	0
15	H	0.00000	1	0.00000	0
16	L	0.00000	1	0.00000	0
17	Q	0.00000	1	0.00000	0
18	K	0.00000	1	0.00000	0
19	G	0.00000	0.99935	0.00065	0
20	I	0.00000	0.9936	0.00640	0
21	T	0.00000	0.99242	0.00758	0
22	P	0.00000	0.98835	0.01165	0
23	K	0.00000	0.9784	0.02160	0
24	I	0.00000	0.45878	0.54122	0
25	L	0.00000	0.24939	0.75061	0
26	I	0.00000	0.12812	0.87188	0
27	S	0.00000	0.11917	0.88083	0
28	L	0.00000	0.05215	0.94785	0
29	T	0.00000	0.02872	0.97128	0
30	L	0.00000	0.00642	0.99358	0
31	S	0.00000	0.00231	0.99769	0
32	I	0.00000	9e-05	0.99991	0
33	L	0.00000	1e-05	0.99999	0
34	T	0.00000	0	1.00000	0
35	L	0.00000	0	1.00000	0
36	M	0.00000	0	1.00000	0
37	T	0.00000	0	1.00000	0
38	T	0.00000	0	1.00000	0
39	A	0.00000	0	1.00000	0
40	I	0.00000	0	1.00000	0
41	N	0.00000	0	1.00000	0
42	S	0.00000	0	1.00000	0
43	L	0.00000	0	1.00000	0
44	V	0.00000	0	1.00000	0
45	I	0.00001	0	0.99999	0
46	A	0.00011	0	0.99989	0
47	A	0.00156	0	0.99844	0
48	I	0.01085	0	0.98915	0
49	I	0.09112	0	0.90888	0
50	V	0.51811	0	0.48189	0
51	T	0.95239	0	0.04761	0
52	R	0.99921	0	0.00079	0
53	K	0.99999	0	0.00001	0
54	L	1.00000	0	0.00000	0
55	H	1.00000	0	0.00000	0
56	H	1.00000	0	0.00000	0
57	P	1.00000	0	0.00000	0
58	A	0.88231	0	0.11769	0
59	N	0.27284	0	0.72716	0
60	Y	0.11079	0	0.88921	0
61	L	0.00192	0	0.99808	0
62	I	0.00004	0	0.99996	0
63	C	0.00000	0	1.00000	0
64	S	0.00000	0	1.00000	0
65	L	0.00000	0	1.00000	0
66	A	0.00000	0	1.00000	0
67	V	0.00000	0	1.00000	0
68	T	0.00000	0	1.00000	0
69	D	0.00000	0	1.00000	0
70	F	0.00000	0	1.00000	0
71	L	0.00000	0	1.00000	0
72	V	0.00000	0	1.00000	0
73	A	0.00000	0	1.00000	0
74	V	0.00000	0	1.00000	0
75	L	0.00000	0	1.00000	0
76	V	0.00000	0	1.00000	0
77	M	0.00000	0.00015	0.99985	0
78	P	0.00000	0.0034	0.99660	0
79	F	0.00000	0.03682	0.96318	0
80	S	0.00000	0.21116	0.78884	0
81	I	0.00000	0.28138	0.71862	0
82	M	0.00000	0.48057	0.51943	0
83	Y	0.00000	0.99718	0.00282	0
84	I	0.00000	0.99731	0.00269	0
85	M	0.00000	0.99751	0.00249	0
86	K	0.00000	0.99981	0.00019	0
87	E	0.00000	1	0.00000	0
88	T	0.00000	1	0.00000	0
89	W	0.00000	1	0.00000	0
90	I	0.00000	1	0.00000	0
91	M	0.00000	1	0.00000	0
92	G	0.00000	1	0.00000	0
93	Q	0.00000	1	0.00000	0
94	A	0.00000	0.99995	0.00005	0
95	I	0.00000	0.99991	0.00009	0
96	C	0.00000	0.99988	0.00012	0
97	D	0.00000	0.99977	0.00023	0
98	I	0.00000	0.99757	0.00243	0
99	W	0.00000	0.81028	0.18972	0
100	L	0.00000	0.07858	0.92142	0
101	S	0.00000	0.011	0.98900	0
102	V	0.00000	0.00019	0.99981	0
103	D	0.00000	7e-05	0.99993	0
104	I	0.00000	0	1.00000	0
105	T	0.00000	0	1.00000	0
106	C	0.00000	0	1.00000	0
107	C	0.00000	0	1.00000	0
108	T	0.00000	0	1.00000	0
109	C	0.00000	0	1.00000	0
110	S	0.00000	0	1.00000	0
111	I	0.00000	0	1.00000	0
112	L	0.00000	0	1.00000	0
113	H	0.00000	0	1.00000	0
114	L	0.00000	0	1.00000	0
115	S	0.00000	0	1.00000	0
116	A	0.00000	0	1.00000	0
117	I	0.00000	0	1.00000	0
118	A	0.00000	0	1.00000	0
119	L	0.00000	0	1.00000	0
120	D	0.00009	0	0.99991	0
121	R	0.08964	0	0.91036	0
122	Y	0.63379	0	0.36621	0
123	R	0.67392	0	0.32608	0
124	A	0.87970	0	0.12030	0
125	I	1.00000	0	0.00000	0
126	T	1.00000	0	0.00000	0
127	D	1.00000	0	0.00000	0
128	A	1.00000	0	0.00000	0
129	V	1.00000	0	0.00000	0
130	E	1.00000	0	0.00000	0
131	Y	1.00000	0	0.00000	0
132	A	1.00000	0	0.00000	0
133	R	1.00000	0	0.00000	0
134	K	1.00000	0	0.00000	0
135	R	1.00000	0	0.00000	0
136	T	0.99991	0	0.00009	0
137	P	0.99955	0	0.00045	0
138	K	0.98434	0	0.01566	0
139	H	0.66709	0	0.33291	0
140	A	0.08678	0	0.91322	0
141	A	0.01020	0	0.98980	0
142	F	0.00043	0	0.99957	0
143	M	0.00005	0	0.99995	0
144	I	0.00000	0	1.00000	0
145	A	0.00000	0	1.00000	0
146	V	0.00000	0	1.00000	0
147	V	0.00000	0	1.00000	0
148	W	0.00000	0	1.00000	0
149	I	0.00000	0	1.00000	0
150	I	0.00000	0	1.00000	0
151	S	0.00000	0	1.00000	0
152	I	0.00000	0	1.00000	0
153	F	0.00000	0	1.00000	0
154	I	0.00000	0	1.00000	0
155	S	0.00000	0	1.00000	0
156	M	0.00000	0	1.00000	0
157	P	0.00000	0.00047	0.99953	0
158	P	0.00000	0.00276	0.99724	0
159	L	0.00000	0.00733	0.99267	0
160	F	0.00000	0.0732	0.92680	0
161	W	0.00000	0.67551	0.32449	0
162	R	0.00000	0.98171	0.01829	0
163	H	0.00000	0.9966	0.00340	0
164	Q	0.00000	0.99982	0.00018	0
165	A	0.00000	0.99993	0.00007	0
166	L	0.00000	0.99998	0.00002	0
167	N	0.00000	1	0.00000	0
168	K	0.00000	1	0.00000	0
169	E	0.00000	1	0.00000	0
170	D	0.00000	1	0.00000	0
171	E	0.00000	1	0.00000	0
172	C	0.00000	1	0.00000	0
173	I	0.00000	1	0.00000	0
174	I	0.00000	1	0.00000	0
175	K	0.00000	1	0.00000	0
176	H	0.00000	1	0.00000	0
177	D	0.00000	0.99998	0.00002	0
178	H	0.00000	0.99513	0.00487	0
179	I	0.00000	0.74098	0.25902	0
180	V	0.00000	0.12703	0.87297	0
181	F	0.00000	0.08131	0.91869	0
182	T	0.00000	0.07853	0.92147	0
183	I	0.00000	0.0005	0.99950	0
184	Y	0.00000	7e-05	0.99993	0
185	S	0.00000	4e-05	0.99996	0
186	T	0.00000	0	1.00000	0
187	F	0.00000	0	1.00000	0
188	G	0.00000	0	1.00000	0
189	A	0.00000	0	1.00000	0
190	F	0.00000	0	1.00000	0
191	Y	0.00000	0	1.00000	0
192	I	0.00000	0	1.00000	0
193	P	0.00000	0	1.00000	0
194	L	0.00000	0	1.00000	0
195	A	0.00000	0	1.00000	0
196	L	0.00000	0	1.00000	0
197	I	0.00000	0	1.00000	0
198	L	0.00000	0	1.00000	0
199	I	0.00000	0	1.00000	0
200	L	0.00002	0	0.99998	0
201	Y	0.00079	0	0.99921	0
202	Y	0.02377	0	0.97623	0
203	K	0.34373	0	0.65627	0
204	I	0.36533	0	0.63467	0
205	Y	0.46563	0	0.53437	0
206	K	0.99607	0	0.00393	0
207	A	0.99951	0	0.00049	0
208	A	0.99997	0	0.00003	0
209	K	1.00000	0	0.00000	0
210	T	1.00000	0	0.00000	0
211	L	1.00000	0	0.00000	0
212	Y	1.00000	0	0.00000	0
213	H	1.00000	0	0.00000	0
214	K	1.00000	0	0.00000	0
215	R	1.00000	0	0.00000	0
216	S	1.00000	0	0.00000	0
217	V	1.00000	0	0.00000	0
218	S	1.00000	0	0.00000	0
219	R	1.00000	0	0.00000	0
220	V	1.00000	0	0.00000	0
221	E	1.00000	0	0.00000	0
222	R	1.00000	0	0.00000	0
223	E	1.00000	0	0.00000	0
224	Q	1.00000	0	0.00000	0
225	N	1.00000	0	0.00000	0
226	G	1.00000	0	0.00000	0
227	Q	1.00000	0	0.00000	0
228	V	1.00000	0	0.00000	0
229	L	1.00000	0	0.00000	0
230	L	1.00000	0	0.00000	0
231	D	1.00000	0	0.00000	0
232	A	1.00000	0	0.00000	0
233	T	1.00000	0	0.00000	0
234	T	1.00000	0	0.00000	0
235	T	1.00000	0	0.00000	0
236	L	1.00000	0	0.00000	0
237	C	1.00000	0	0.00000	0
238	I	1.00000	0	0.00000	0
239	A	1.00000	0	0.00000	0
240	E	1.00000	0	0.00000	0
241	K	1.00000	0	0.00000	0
242	S	1.00000	0	0.00000	0
243	F	1.00000	0	0.00000	0
244	S	1.00000	0	0.00000	0
245	D	1.00000	0	0.00000	0
246	H	1.00000	0	0.00000	0
247	S	1.00000	0	0.00000	0
248	T	1.00000	0	0.00000	0
249	D	1.00000	0	0.00000	0
250	F	1.00000	0	0.00000	0
251	D	1.00000	0	0.00000	0
252	K	1.00000	0	0.00000	0
253	I	1.00000	0	0.00000	0
254	H	1.00000	0	0.00000	0
255	I	1.00000	0	0.00000	0
256	T	1.00000	0	0.00000	0
257	V	1.00000	0	0.00000	0
258	R	1.00000	0	0.00000	0
259	N	1.00000	0	0.00000	0
260	A	1.00000	0	0.00000	0
261	R	1.00000	0	0.00000	0
262	V	1.00000	0	0.00000	0
263	E	1.00000	0	0.00000	0
264	M	1.00000	0	0.00000	0
265	K	1.00000	0	0.00000	0
266	Q	1.00000	0	0.00000	0
267	E	1.00000	0	0.00000	0
268	K	1.00000	0	0.00000	0
269	A	1.00000	0	0.00000	0
270	Y	1.00000	0	0.00000	0
271	R	1.00000	0	0.00000	0
272	K	1.00000	0	0.00000	0
273	Q	1.00000	0	0.00000	0
274	K	1.00000	0	0.00000	0
275	I	1.00000	0	0.00000	0
276	S	1.00000	0	0.00000	0
277	S	1.00000	0	0.00000	0
278	T	1.00000	0	0.00000	0
279	R	1.00000	0	0.00000	0
280	E	1.00000	0	0.00000	0
281	R	0.89704	0	0.10296	0
282	K	0.89282	0	0.10718	0
283	A	0.03092	0	0.96908	0
284	A	0.03062	0	0.96938	0
285	T	0.03029	0	0.96971	0
286	T	0.03015	0	0.96985	0
287	L	0.00024	0	0.99976	0
288	G	0.00005	0	0.99995	0
289	L	0.00001	0	0.99999	0
290	I	0.00000	0	1.00000	0
291	L	0.00000	0	1.00000	0
292	G	0.00000	0	1.00000	0
293	A	0.00000	0	1.00000	0
294	F	0.00000	0	1.00000	0
295	V	0.00000	0	1.00000	0
296	I	0.00000	0	1.00000	0
297	C	0.00000	0	1.00000	0
298	W	0.00000	0	1.00000	0
299	L	0.00000	0	1.00000	0
300	P	0.00000	0	1.00000	0
301	F	0.00000	1e-05	0.99999	0
302	F	0.00000	0.00028	0.99972	0
303	V	0.00000	0.07683	0.92317	0
304	K	0.00000	0.87378	0.12622	0
305	E	0.00000	0.89624	0.10376	0
306	V	0.00000	0.8986	0.10140	0
307	I	0.00000	0.90507	0.09493	0
308	V	0.00000	0.92544	0.07456	0
309	N	0.00000	0.98319	0.01681	0
310	I	0.00000	0.98836	0.01164	0
311	C	0.00000	0.9989	0.00110	0
312	E	0.00000	0.99996	0.00004	0
313	S	0.00000	0.99999	0.00001	0
314	C	0.00000	1	0.00000	0
315	Y	0.00000	1	0.00000	0
316	I	0.00000	0.99999	0.00001	0
317	S	0.00000	1	0.00000	0
318	D	0.00000	1	0.00000	0
319	D	0.00000	0.99991	0.00009	0
320	M	0.00000	0.99504	0.00496	0
321	S	0.00000	0.99428	0.00572	0
322	N	0.00000	0.59413	0.40587	0
323	F	0.00000	0.00349	0.99651	0
324	L	0.00000	7e-05	0.99993	0
325	T	0.00000	0	1.00000	0
326	W	0.00000	0	1.00000	0
327	L	0.00000	0	1.00000	0
328	G	0.00000	0	1.00000	0
329	Y	0.00000	0	1.00000	0
330	L	0.00000	0	1.00000	0
331	N	0.00000	0	1.00000	0
332	S	0.00000	0	1.00000	0
333	L	0.00000	0	1.00000	0
334	I	0.00000	0	1.00000	0
335	N	0.00000	0	1.00000	0
336	P	0.00000	0	1.00000	0
337	L	0.00000	0	1.00000	0
338	I	0.00000	0	1.00000	0
339	Y	0.00000	0	1.00000	0
340	T	0.00000	0	1.00000	0
341	I	0.00012	0	0.99988	0
342	F	0.03992	0	0.96008	0
343	N	0.79990	0	0.20010	0
344	E	1.00000	0	0.00000	0
345	D	1.00000	0	0.00000	0
346	F	1.00000	0	0.00000	0
347	K	1.00000	0	0.00000	0
348	K	1.00000	0	0.00000	0
349	A	1.00000	0	0.00000	0
350	F	1.00000	0	0.00000	0
351	Q	1.00000	0	0.00000	0
352	K	1.00000	0	0.00000	0
353	L	1.00000	0	0.00000	0
354	M	1.00000	0	0.00000	0
355	R	1.00000	0	0.00000	0
356	C	1.00000	0	0.00000	0
357	R	1.00000	0	0.00000	0
358	H	1.00000	0	0.00000	0
359	Y	1.00000	0	0.00000	0
360	L	1.00000	0	0.00000	0
