# UNNAMED
#pos	aa	i	o	M	S
1	M	0.00000	0.99566	0.00000	0.00434
2	A	0.00000	0.99566	0.00000	0.00434
3	P	0.00000	0.99566	0.00000	0.00435
4	L	0.00000	0.99566	0.00000	0.00434
5	N	0.00000	0.99566	0.00000	0.00435
6	Q	0.00000	0.99566	0.00000	0.00434
7	L	0.00000	0.99566	0.00000	0.00434
8	G	0.00000	0.99566	0.00000	0.00435
9	G	0.00000	0.99566	0.00000	0.00435
10	H	0.00000	0.99566	0.00000	0.00434
11	I	0.00000	0.99566	0.00000	0.00434
12	N	0.00000	0.99566	0.00000	0.00434
13	A	0.00000	0.99566	0.00000	0.00434
14	T	0.00000	0.99566	0.00000	0.00434
15	C	0.00000	0.99566	0.00000	0.00435
16	A	0.00000	0.99574	0.00000	0.00426
17	A	0.00000	0.99793	0.00000	0.00206
18	E	0.00000	0.99992	0.00000	8e-05
19	N	0.00000	0.99993	0.00000	7e-05
20	S	0.00000	0.99993	0.00000	7e-05
21	T	0.00000	0.99993	0.00000	7e-05
22	G	0.00000	0.99994	0.00000	6e-05
23	A	0.00000	0.99998	0.00000	2e-05
24	G	0.00000	0.99999	0.00000	0
25	R	0.00000	1	0.00000	0
26	A	0.00000	1	0.00000	0
27	R	0.00000	0.99999	0.00000	0
28	P	0.00000	0.98555	0.01445	0
29	H	0.00000	0.92174	0.07826	0
30	A	0.00000	0.82847	0.17153	0
31	Y	0.00000	0.7848	0.21520	0
32	Y	0.00000	0.06058	0.93942	0
33	A	0.00000	0.03345	0.96655	0
34	L	0.00000	0.01764	0.98236	0
35	S	0.00000	0.01351	0.98649	0
36	Y	0.00000	0.00089	0.99911	0
37	C	0.00000	0.00033	0.99967	0
38	A	0.00000	1e-05	0.99999	0
39	L	0.00000	0	1.00000	0
40	I	0.00000	0	1.00000	0
41	L	0.00000	0	1.00000	0
42	A	0.00000	0	1.00000	0
43	I	0.00000	0	1.00000	0
44	V	0.00000	0	1.00000	0
45	F	0.00000	0	1.00000	0
46	G	0.00000	0	1.00000	0
47	N	0.00000	0	1.00000	0
48	V	0.00000	0	1.00000	0
49	L	0.00000	0	1.00000	0
50	V	0.00000	0	1.00000	0
51	C	0.00004	0	0.99996	0
52	V	0.00097	0	0.99903	0
53	A	0.03535	0	0.96465	0
54	V	0.10948	0	0.89052	0
55	L	0.37740	0	0.62260	0
56	K	0.98905	0	0.01095	0
57	E	0.99983	0	0.00017	0
58	R	0.99999	0	0.00001	0
59	A	1.00000	0	0.00000	0
60	L	1.00000	0	0.00000	0
61	Q	1.00000	0	0.00000	0
62	T	0.99978	0	0.00022	0
63	T	0.99153	0	0.00847	0
64	T	0.90056	0	0.09944	0
65	N	0.20430	0	0.79570	0
66	Y	0.06469	0	0.93531	0
67	L	0.00073	0	0.99927	0
68	V	0.00007	0	0.99993	0
69	V	0.00000	0	1.00000	0
70	S	0.00000	0	1.00000	0
71	L	0.00000	0	1.00000	0
72	A	0.00000	0	1.00000	0
73	V	0.00000	0	1.00000	0
74	A	0.00000	0	1.00000	0
75	D	0.00000	0	1.00000	0
76	L	0.00000	0	1.00000	0
77	L	0.00000	0	1.00000	0
78	V	0.00000	0	1.00000	0
79	A	0.00000	0	1.00000	0
80	T	0.00000	0	1.00000	0
81	L	0.00000	0	1.00000	0
82	V	0.00000	0	1.00000	0
83	M	0.00000	4e-05	0.99996	0
84	P	0.00000	0.00093	0.99907	0
85	W	0.00000	0.01003	0.98997	0
86	V	0.00000	0.05931	0.94069	0
87	V	0.00000	0.32864	0.67136	0
88	Y	0.00000	0.892	0.10800	0
89	L	0.00000	0.99978	0.00022	0
90	E	0.00000	1	0.00000	0
91	V	0.00000	1	0.00000	0
92	T	0.00000	1	0.00000	0
93	G	0.00000	1	0.00000	0
94	G	0.00000	1	0.00000	0
95	V	0.00000	1	0.00000	0
96	W	0.00000	1	0.00000	0
97	N	0.00000	1	0.00000	0
98	F	0.00000	1	0.00000	0
99	S	0.00000	1	0.00000	0
100	R	0.00000	1	0.00000	0
101	V	0.00000	1	0.00000	0
102	C	0.00000	1	0.00000	0
103	C	0.00000	0.99989	0.00011	0
104	D	0.00000	0.99902	0.00098	0
105	V	0.00000	0.99339	0.00661	0
106	F	0.00000	0.42403	0.57597	0
107	V	0.00000	0.09255	0.90745	0
108	T	0.00000	0.04509	0.95491	0
109	L	0.00000	0.00066	0.99934	0
110	D	0.00000	0.00022	0.99978	0
111	V	0.00000	1e-05	0.99999	0
112	M	0.00000	0	1.00000	0
113	M	0.00000	0	1.00000	0
114	C	0.00000	0	1.00000	0
115	T	0.00000	0	1.00000	0
116	A	0.00000	0	1.00000	0
117	S	0.00000	0	1.00000	0
118	I	0.00000	0	1.00000	0
119	L	0.00000	0	1.00000	0
120	N	0.00000	0	1.00000	0
121	L	0.00000	0	1.00000	0
122	C	0.00000	0	1.00000	0
123	A	0.00000	0	1.00000	0
124	I	0.00000	0	1.00000	0
125	S	0.00000	0	1.00000	0
126	I	0.00000	0	1.00000	0
127	D	0.00000	0	1.00000	0
128	R	0.01037	0	0.98963	0
129	Y	0.31908	0	0.68092	0
130	T	0.80734	0	0.19266	0
131	A	0.92814	0	0.07186	0
132	V	0.99998	0	0.00002	0
133	V	1.00000	0	0.00000	0
134	M	1.00000	0	0.00000	0
135	P	1.00000	0	0.00000	0
136	V	1.00000	0	0.00000	0
137	H	1.00000	0	0.00000	0
138	Y	1.00000	0	0.00000	0
139	Q	1.00000	0	0.00000	0
140	Q	1.00000	0	0.00000	0
141	G	1.00000	0	0.00000	0
142	T	1.00000	0	0.00000	0
143	G	1.00000	0	0.00000	0
144	Q	0.99999	0	0.00001	0
145	S	0.99222	0	0.00778	0
146	S	0.98210	0	0.01790	0
147	C	0.93964	0	0.06036	0
148	R	0.93894	0	0.06106	0
149	R	0.90770	0	0.09230	0
150	V	0.08639	0	0.91361	0
151	A	0.02849	0	0.97151	0
152	L	0.01470	0	0.98530	0
153	M	0.00025	0	0.99975	0
154	I	0.00000	0	1.00000	0
155	T	0.00000	0	1.00000	0
156	A	0.00000	0	1.00000	0
157	V	0.00000	0	1.00000	0
158	W	0.00000	0	1.00000	0
159	L	0.00000	0	1.00000	0
160	L	0.00000	0	1.00000	0
161	S	0.00000	0	1.00000	0
162	F	0.00000	0	1.00000	0
163	A	0.00000	0	1.00000	0
164	V	0.00000	0.00012	0.99988	0
165	S	0.00000	0.00434	0.99566	0
166	C	0.00000	0.01422	0.98578	0
167	P	0.00000	0.01906	0.98094	0
168	L	0.00000	0.02125	0.97875	0
169	L	0.00000	0.02631	0.97369	0
170	F	0.00000	0.0437	0.95630	0
171	G	0.00000	0.15232	0.84768	0
172	F	0.00000	0.34331	0.65669	0
173	N	0.00000	0.98257	0.01743	0
174	T	0.00000	0.99858	0.00142	0
175	T	0.00000	0.99992	0.00008	0
176	G	0.00000	1	0.00000	0
177	D	0.00000	1	0.00000	0
178	P	0.00000	1	0.00000	0
179	S	0.00000	1	0.00000	0
180	I	0.00000	1	0.00000	0
181	C	0.00000	1	0.00000	0
182	S	0.00000	1	0.00000	0
183	I	0.00000	1	0.00000	0
184	S	0.00000	1	0.00000	0
185	N	0.00000	1	0.00000	0
186	P	0.00000	0.99998	0.00002	0
187	D	0.00000	0.99898	0.00102	0
188	F	0.00000	0.13644	0.86356	0
189	V	0.00000	0.07958	0.92042	0
190	L	0.00000	0.04798	0.95202	0
191	Y	0.00000	0.01159	0.98841	0
192	S	0.00000	0.01057	0.98943	0
193	S	0.00000	0.0023	0.99770	0
194	V	0.00000	0.00173	0.99827	0
195	V	0.00000	0	1.00000	0
196	S	0.00000	0	1.00000	0
197	F	0.00000	0	1.00000	0
198	Y	0.00000	0	1.00000	0
199	L	0.00000	0	1.00000	0
200	P	0.00000	0	1.00000	0
201	F	0.00000	0	1.00000	0
202	G	0.00000	0	1.00000	0
203	V	0.00000	0	1.00000	0
204	T	0.00000	0	1.00000	0
205	V	0.00000	0	1.00000	0
206	L	0.00000	0	1.00000	0
207	V	0.00000	0	1.00000	0
208	Y	0.00001	0	0.99999	0
209	A	0.00139	0	0.99861	0
210	R	0.02252	0	0.97748	0
211	I	0.02645	0	0.97355	0
212	Y	0.06591	0	0.93409	0
213	V	0.33287	0	0.66713	0
214	V	0.51968	0	0.48032	0
215	L	0.98349	0	0.01651	0
216	R	0.99919	0	0.00081	0
217	Q	0.99999	0	0.00001	0
218	R	1.00000	0	0.00000	0
219	R	1.00000	0	0.00000	0
220	R	1.00000	0	0.00000	0
221	K	1.00000	0	0.00000	0
222	R	1.00000	0	0.00000	0
223	I	1.00000	0	0.00000	0
224	L	1.00000	0	0.00000	0
225	T	1.00000	0	0.00000	0
226	R	1.00000	0	0.00000	0
227	Q	1.00000	0	0.00000	0
228	N	1.00000	0	0.00000	0
229	S	1.00000	0	0.00000	0
230	Q	1.00000	0	0.00000	0
231	C	1.00000	0	0.00000	0
232	L	1.00000	0	0.00000	0
233	S	1.00000	0	0.00000	0
234	V	1.00000	0	0.00000	0
235	R	1.00000	0	0.00000	0
236	P	1.00000	0	0.00000	0
237	S	1.00000	0	0.00000	0
238	F	1.00000	0	0.00000	0
239	P	1.00000	0	0.00000	0
240	Q	1.00000	0	0.00000	0
241	Q	1.00000	0	0.00000	0
242	P	1.00000	0	0.00000	0
243	L	1.00000	0	0.00000	0
244	S	1.00000	0	0.00000	0
245	P	1.00000	0	0.00000	0
246	G	1.00000	0	0.00000	0
247	Q	1.00000	0	0.00000	0
248	T	1.00000	0	0.00000	0
249	H	1.00000	0	0.00000	0
250	M	1.00000	0	0.00000	0
251	E	1.00000	0	0.00000	0
252	L	1.00000	0	0.00000	0
253	K	1.00000	0	0.00000	0
254	R	1.00000	0	0.00000	0
255	Y	1.00000	0	0.00000	0
256	Y	1.00000	0	0.00000	0
257	S	1.00000	0	0.00000	0
258	I	1.00000	0	0.00000	0
259	C	1.00000	0	0.00000	0
260	Q	1.00000	0	0.00000	0
261	D	1.00000	0	0.00000	0
262	T	1.00000	0	0.00000	0
263	A	1.00000	0	0.00000	0
264	L	1.00000	0	0.00000	0
265	G	1.00000	0	0.00000	0
266	T	1.00000	0	0.00000	0
267	P	1.00000	0	0.00000	0
268	G	1.00000	0	0.00000	0
269	F	1.00000	0	0.00000	0
270	Q	1.00000	0	0.00000	0
271	E	1.00000	0	0.00000	0
272	G	1.00000	0	0.00000	0
273	E	1.00000	0	0.00000	0
274	G	1.00000	0	0.00000	0
275	D	1.00000	0	0.00000	0
276	L	1.00000	0	0.00000	0
277	K	1.00000	0	0.00000	0
278	R	1.00000	0	0.00000	0
279	E	1.00000	0	0.00000	0
280	G	1.00000	0	0.00000	0
281	R	1.00000	0	0.00000	0
282	T	1.00000	0	0.00000	0
283	R	1.00000	0	0.00000	0
284	N	1.00000	0	0.00000	0
285	S	1.00000	0	0.00000	0
286	L	1.00000	0	0.00000	0
287	S	1.00000	0	0.00000	0
288	P	1.00000	0	0.00000	0
289	T	1.00000	0	0.00000	0
290	M	1.00000	0	0.00000	0
291	A	1.00000	0	0.00000	0
292	P	1.00000	0	0.00000	0
293	K	1.00000	0	0.00000	0
294	L	1.00000	0	0.00000	0
295	S	1.00000	0	0.00000	0
296	L	1.00000	0	0.00000	0
297	E	1.00000	0	0.00000	0
298	V	1.00000	0	0.00000	0
299	R	1.00000	0	0.00000	0
300	K	1.00000	0	0.00000	0
301	L	1.00000	0	0.00000	0
302	S	1.00000	0	0.00000	0
303	N	1.00000	0	0.00000	0
304	G	1.00000	0	0.00000	0
305	R	1.00000	0	0.00000	0
306	L	1.00000	0	0.00000	0
307	S	1.00000	0	0.00000	0
308	T	1.00000	0	0.00000	0
309	S	1.00000	0	0.00000	0
310	L	1.00000	0	0.00000	0
311	R	1.00000	0	0.00000	0
312	L	1.00000	0	0.00000	0
313	G	1.00000	0	0.00000	0
314	P	1.00000	0	0.00000	0
315	L	1.00000	0	0.00000	0
316	Q	1.00000	0	0.00000	0
317	P	1.00000	0	0.00000	0
318	R	1.00000	0	0.00000	0
319	A	1.00000	0	0.00000	0
320	V	1.00000	0	0.00000	0
321	P	1.00000	0	0.00000	0
322	L	1.00000	0	0.00000	0
323	R	1.00000	0	0.00000	0
324	E	1.00000	0	0.00000	0
325	K	0.98681	0	0.01319	0
326	K	0.98595	0	0.01405	0
327	A	0.83077	0	0.16923	0
328	T	0.82604	0	0.17396	0
329	Q	0.69174	0	0.30826	0
330	M	0.67312	0	0.32688	0
331	L	0.00513	0	0.99487	0
332	V	0.00002	0	0.99998	0
333	I	0.00000	0	1.00000	0
334	V	0.00000	0	1.00000	0
335	L	0.00000	0	1.00000	0
336	G	0.00000	0	1.00000	0
337	T	0.00000	0	1.00000	0
338	F	0.00000	0	1.00000	0
339	I	0.00000	0	1.00000	0
340	V	0.00000	0	1.00000	0
341	C	0.00000	0	1.00000	0
342	W	0.00000	0	1.00000	0
343	L	0.00000	0	1.00000	0
344	P	0.00000	0	1.00000	0
345	F	0.00000	0	1.00000	0
346	F	0.00000	0	1.00000	0
347	L	0.00000	0.00065	0.99935	0
348	T	0.00000	0.00947	0.99053	0
349	H	0.00000	0.0201	0.97990	0
350	V	0.00000	0.03428	0.96572	0
351	L	0.00000	0.1002	0.89980	0
352	N	0.00000	0.71953	0.28047	0
353	T	0.00000	0.86804	0.13196	0
354	H	0.00000	0.99574	0.00426	0
355	C	0.00000	0.99952	0.00048	0
356	R	0.00000	0.99996	0.00004	0
357	A	0.00000	0.99997	0.00003	0
358	C	0.00000	1	0.00000	0
359	H	0.00000	0.99999	0.00001	0
360	V	0.00000	0.99994	0.00006	0
361	S	0.00000	0.99989	0.00011	0
362	P	0.00000	0.9998	0.00020	0
363	Q	0.00000	0.999	0.00100	0
364	L	0.00000	0.99453	0.00547	0
365	Y	0.00000	0.99333	0.00667	0
366	S	0.00000	0.83437	0.16563	0
367	A	0.00000	0.02886	0.97114	0
368	T	0.00000	0.0106	0.98940	0
369	T	0.00000	0.00253	0.99747	0
370	W	0.00000	1e-05	0.99999	0
371	L	0.00000	0	1.00000	0
372	G	0.00000	0	1.00000	0
373	Y	0.00000	0	1.00000	0
374	V	0.00000	0	1.00000	0
375	N	0.00000	0	1.00000	0
376	S	0.00000	0	1.00000	0
377	A	0.00000	0	1.00000	0
378	L	0.00000	0	1.00000	0
379	N	0.00000	0	1.00000	0
380	P	0.00000	0	1.00000	0
381	V	0.00000	0	1.00000	0
382	I	0.00000	0	1.00000	0
383	Y	0.00002	0	0.99998	0
384	T	0.00012	0	0.99988	0
385	T	0.00055	0	0.99945	0
386	F	0.04504	0	0.95496	0
387	N	0.50338	0	0.49662	0
388	I	0.73609	0	0.26391	0
389	E	1.00000	0	0.00000	0
390	F	1.00000	0	0.00000	0
391	R	1.00000	0	0.00000	0
392	K	1.00000	0	0.00000	0
393	A	1.00000	0	0.00000	0
394	F	1.00000	0	0.00000	0
395	L	1.00000	0	0.00000	0
396	K	1.00000	0	0.00000	0
397	I	1.00000	0	0.00000	0
398	L	1.00000	0	0.00000	0
399	S	1.00000	0	0.00000	0
400	C	1.00000	0	0.00000	0
