# UNNAMED
#pos	aa	i	o	M	S
1	M	0.00000	1	0.00000	0
2	E	0.00000	1	0.00000	0
3	G	0.00000	1	0.00000	0
4	D	0.00000	1	0.00000	0
5	L	0.00000	1	0.00000	0
6	G	0.00000	1	0.00000	0
7	A	0.00000	1	0.00000	0
8	P	0.00000	1	0.00000	0
9	N	0.00000	1	0.00000	0
10	A	0.00000	1	0.00000	0
11	S	0.00000	1	0.00000	0
12	V	0.00000	1	0.00000	0
13	L	0.00000	1	0.00000	0
14	G	0.00000	1	0.00000	0
15	E	0.00000	1	0.00000	0
16	R	0.00000	1	0.00000	0
17	S	0.00000	0.99994	0.00006	0
18	L	0.00000	0.99977	0.00023	0
19	L	0.00000	0.99967	0.00033	0
20	V	0.00000	0.99131	0.00869	0
21	G	0.00000	0.98489	0.01511	0
22	S	0.00000	0.96681	0.03319	0
23	S	0.00000	0.88369	0.11631	0
24	W	0.00000	0.15813	0.84187	0
25	V	0.00000	0.02792	0.97208	0
26	A	0.00000	0.02145	0.97855	0
27	A	0.00000	0.01301	0.98699	0
28	F	0.00000	0.00302	0.99698	0
29	L	0.00000	0.00048	0.99952	0
30	C	0.00000	0.00019	0.99981	0
31	F	0.00000	0	1.00000	0
32	I	0.00000	0	1.00000	0
33	I	0.00000	0	1.00000	0
34	L	0.00000	0	1.00000	0
35	L	0.00000	0	1.00000	0
36	T	0.00000	0	1.00000	0
37	A	0.00000	0	1.00000	0
38	A	0.00000	0	1.00000	0
39	G	0.00000	0	1.00000	0
40	N	0.00000	0	1.00000	0
41	F	0.00000	0	1.00000	0
42	L	0.00000	0	1.00000	0
43	L	0.00000	0	1.00000	0
44	I	0.00000	0	1.00000	0
45	L	0.00024	0	0.99976	0
46	L	0.00904	0	0.99096	0
47	I	0.03843	0	0.96157	0
48	V	0.31666	0	0.68334	0
49	T	0.95240	0	0.04760	0
50	Q	0.99931	0	0.00069	0
51	R	0.99999	0	0.00001	0
52	S	1.00000	0	0.00000	0
53	L	1.00000	0	0.00000	0
54	R	1.00000	0	0.00000	0
55	N	0.99913	0	0.00087	0
56	T	0.99567	0	0.00433	0
57	S	0.89602	0	0.10398	0
58	N	0.24731	0	0.75269	0
59	Y	0.09631	0	0.90369	0
60	F	0.01097	0	0.98903	0
61	L	0.00145	0	0.99855	0
62	V	0.00004	0	0.99996	0
63	S	0.00000	0	1.00000	0
64	L	0.00000	0	1.00000	0
65	F	0.00000	0	1.00000	0
66	M	0.00000	0	1.00000	0
67	S	0.00000	0	1.00000	0
68	D	0.00000	0	1.00000	0
69	L	0.00000	0	1.00000	0
70	M	0.00000	0	1.00000	0
71	V	0.00000	0	1.00000	0
72	G	0.00000	0	1.00000	0
73	L	0.00000	0	1.00000	0
74	V	0.00000	0	1.00000	0
75	V	0.00000	2e-05	0.99998	0
76	M	0.00000	0.00031	0.99969	0
77	P	0.00000	0.0062	0.99380	0
78	P	0.00000	0.02064	0.97936	0
79	A	0.00000	0.09205	0.90795	0
80	M	0.00000	0.18002	0.81998	0
81	L	0.00000	0.4957	0.50430	0
82	N	0.00000	0.99997	0.00003	0
83	Q	0.00000	1	0.00000	0
84	L	0.00000	1	0.00000	0
85	Y	0.00000	1	0.00000	0
86	G	0.00000	1	0.00000	0
87	R	0.00000	1	0.00000	0
88	W	0.00000	1	0.00000	0
89	V	0.00000	1	0.00000	0
90	L	0.00000	1	0.00000	0
91	R	0.00000	1	0.00000	0
92	G	0.00000	1	0.00000	0
93	D	0.00000	1	0.00000	0
94	F	0.00000	0.99998	0.00002	0
95	C	0.00000	0.99996	0.00004	0
96	S	0.00000	0.99984	0.00016	0
97	L	0.00000	0.99848	0.00152	0
98	W	0.00000	0.86314	0.13686	0
99	Y	0.00000	0.2158	0.78420	0
100	S	0.00000	0.02069	0.97931	0
101	F	0.00000	0.00011	0.99989	0
102	D	0.00000	2e-05	0.99998	0
103	V	0.00000	0	1.00000	0
104	M	0.00000	0	1.00000	0
105	C	0.00000	0	1.00000	0
106	C	0.00000	0	1.00000	0
107	S	0.00000	0	1.00000	0
108	A	0.00000	0	1.00000	0
109	S	0.00000	0	1.00000	0
110	I	0.00000	0	1.00000	0
111	L	0.00000	0	1.00000	0
112	N	0.00000	0	1.00000	0
113	L	0.00000	0	1.00000	0
114	C	0.00000	0	1.00000	0
115	I	0.00000	0	1.00000	0
116	I	0.00000	0	1.00000	0
117	S	0.00000	0	1.00000	0
118	L	0.00000	0	1.00000	0
119	D	0.00007	0	0.99993	0
120	R	0.09267	0	0.90733	0
121	Y	0.56271	0	0.43729	0
122	L	0.92055	0	0.07945	0
123	L	0.97289	0	0.02711	0
124	I	1.00000	0	0.00000	0
125	I	1.00000	0	0.00000	0
126	S	1.00000	0	0.00000	0
127	P	1.00000	0	0.00000	0
128	L	1.00000	0	0.00000	0
129	K	1.00000	0	0.00000	0
130	Y	1.00000	0	0.00000	0
131	K	1.00000	0	0.00000	0
132	L	1.00000	0	0.00000	0
133	R	1.00000	0	0.00000	0
134	M	0.98908	0	0.01092	0
135	T	0.95267	0	0.04733	0
136	S	0.72964	0	0.27036	0
137	C	0.07031	0	0.92969	0
138	R	0.05997	0	0.94003	0
139	A	0.00971	0	0.99029	0
140	L	0.00161	0	0.99839	0
141	W	0.00082	0	0.99918	0
142	L	0.00059	0	0.99941	0
143	I	0.00000	0	1.00000	0
144	L	0.00000	0	1.00000	0
145	A	0.00000	0	1.00000	0
146	T	0.00000	0	1.00000	0
147	W	0.00000	0	1.00000	0
148	T	0.00000	0	1.00000	0
149	L	0.00000	0	1.00000	0
150	A	0.00000	0	1.00000	0
151	A	0.00000	0	1.00000	0
152	L	0.00000	0	1.00000	0
153	A	0.00000	2e-05	0.99998	0
154	S	0.00000	0.00093	0.99907	0
155	F	0.00000	0.0031	0.99690	0
156	L	0.00000	0.03299	0.96701	0
157	P	0.00000	0.35193	0.64807	0
158	I	0.00000	0.53736	0.46264	0
159	K	0.00000	0.96894	0.03106	0
160	M	0.00000	0.97429	0.02571	0
161	G	0.00000	0.99304	0.00696	0
162	W	0.00000	0.99605	0.00395	0
163	H	0.00000	0.99934	0.00066	0
164	E	0.00000	0.99998	0.00002	0
165	L	0.00000	0.99999	0.00001	0
166	D	0.00000	1	0.00000	0
167	F	0.00000	1	0.00000	0
168	E	0.00000	1	0.00000	0
169	V	0.00000	1	0.00000	0
170	R	0.00000	1	0.00000	0
171	T	0.00000	1	0.00000	0
172	P	0.00000	1	0.00000	0
173	N	0.00000	1	0.00000	0
174	V	0.00000	1	0.00000	0
175	T	0.00000	1	0.00000	0
176	S	0.00000	1	0.00000	0
177	R	0.00000	1	0.00000	0
178	G	0.00000	1	0.00000	0
179	D	0.00000	1	0.00000	0
180	E	0.00000	1	0.00000	0
181	D	0.00000	1	0.00000	0
182	Q	0.00000	1	0.00000	0
183	C	0.00000	0.99988	0.00012	0
184	R	0.00000	0.99981	0.00019	0
185	L	0.00000	0.72656	0.27344	0
186	L	0.00000	0.71091	0.28909	0
187	V	0.00000	0.70338	0.29662	0
188	S	0.00000	0.70186	0.29814	0
189	L	0.00000	0.66188	0.33812	0
190	P	0.00000	0.64963	0.35037	0
191	Y	0.00000	0.12076	0.87924	0
192	A	0.00000	0.00103	0.99897	0
193	L	0.00000	0.00055	0.99945	0
194	V	0.00000	4e-05	0.99996	0
195	A	0.00000	2e-05	0.99998	0
196	S	0.00000	1e-05	0.99999	0
197	C	0.00000	1e-05	0.99999	0
198	L	0.00000	0	1.00000	0
199	T	0.00000	0	1.00000	0
200	F	0.00000	0	1.00000	0
201	F	0.00000	0	1.00000	0
202	L	0.00000	0	1.00000	0
203	P	0.00000	0	1.00000	0
204	S	0.00000	0	1.00000	0
205	T	0.00000	0	1.00000	0
206	A	0.00000	0	1.00000	0
207	I	0.00002	0	0.99998	0
208	S	0.00040	0	0.99960	0
209	F	0.00229	0	0.99771	0
210	T	0.05181	0	0.94819	0
211	Y	0.07472	0	0.92528	0
212	C	0.15354	0	0.84646	0
213	R	0.27478	0	0.72522	0
214	I	0.28470	0	0.71530	0
215	L	0.33295	0	0.66705	0
216	L	0.66749	0	0.33251	0
217	A	0.87321	0	0.12679	0
218	A	0.99925	0	0.00075	0
219	R	0.99999	0	0.00001	0
220	K	1.00000	0	0.00000	0
221	Q	1.00000	0	0.00000	0
222	A	1.00000	0	0.00000	0
223	V	1.00000	0	0.00000	0
224	Q	1.00000	0	0.00000	0
225	V	1.00000	0	0.00000	0
226	A	1.00000	0	0.00000	0
227	S	1.00000	0	0.00000	0
228	L	1.00000	0	0.00000	0
229	A	1.00000	0	0.00000	0
230	S	1.00000	0	0.00000	0
231	N	1.00000	0	0.00000	0
232	V	1.00000	0	0.00000	0
233	A	1.00000	0	0.00000	0
234	T	1.00000	0	0.00000	0
235	A	1.00000	0	0.00000	0
236	T	1.00000	0	0.00000	0
237	A	1.00000	0	0.00000	0
238	E	1.00000	0	0.00000	0
239	E	1.00000	0	0.00000	0
240	A	1.00000	0	0.00000	0
241	T	1.00000	0	0.00000	0
242	A	1.00000	0	0.00000	0
243	Q	1.00000	0	0.00000	0
244	A	1.00000	0	0.00000	0
245	P	1.00000	0	0.00000	0
246	R	1.00000	0	0.00000	0
247	A	1.00000	0	0.00000	0
248	P	1.00000	0	0.00000	0
249	S	1.00000	0	0.00000	0
250	Q	1.00000	0	0.00000	0
251	P	1.00000	0	0.00000	0
252	T	1.00000	0	0.00000	0
253	A	1.00000	0	0.00000	0
254	S	1.00000	0	0.00000	0
255	S	1.00000	0	0.00000	0
256	E	1.00000	0	0.00000	0
257	S	1.00000	0	0.00000	0
258	R	1.00000	0	0.00000	0
259	R	1.00000	0	0.00000	0
260	F	1.00000	0	0.00000	0
261	P	1.00000	0	0.00000	0
262	N	1.00000	0	0.00000	0
263	K	1.00000	0	0.00000	0
264	H	1.00000	0	0.00000	0
265	S	0.99966	0	0.00034	0
266	K	0.98328	0	0.01672	0
267	K	0.58747	0	0.41253	0
268	A	0.58397	0	0.41603	0
269	L	0.36869	0	0.63131	0
270	K	0.36800	0	0.63200	0
271	A	0.05703	0	0.94297	0
272	S	0.05609	0	0.94391	0
273	L	0.05484	0	0.94516	0
274	T	0.05461	0	0.94539	0
275	L	0.00132	0	0.99868	0
276	G	0.00014	0	0.99986	0
277	I	0.00001	0	0.99999	0
278	L	0.00000	0	1.00000	0
279	L	0.00000	0	1.00000	0
280	G	0.00000	0	1.00000	0
281	M	0.00000	0	1.00000	0
282	F	0.00000	0	1.00000	0
283	F	0.00000	0	1.00000	0
284	V	0.00000	0	1.00000	0
285	A	0.00000	0	1.00000	0
286	W	0.00000	2e-05	0.99998	0
287	L	0.00000	0.00017	0.99983	0
288	P	0.00000	0.00282	0.99718	0
289	F	0.00000	0.0047	0.99530	0
290	F	0.00000	0.02261	0.97739	0
291	I	0.00000	0.0974	0.90260	0
292	T	0.00000	0.39919	0.60081	0
293	N	0.00000	0.56898	0.43102	0
294	M	0.00000	0.61346	0.38654	0
295	T	0.00000	0.82328	0.17672	0
296	Q	0.00000	0.91013	0.08987	0
297	A	0.00000	0.92284	0.07716	0
298	V	0.00000	0.94956	0.05044	0
299	C	0.00000	0.99705	0.00295	0
300	G	0.00000	0.9994	0.00060	0
301	C	0.00000	0.99989	0.00011	0
302	V	0.00000	0.9999	0.00010	0
303	P	0.00000	0.99991	0.00009	0
304	A	0.00000	0.9999	0.00010	0
305	G	0.00000	0.99986	0.00014	0
306	F	0.00000	0.99775	0.00225	0
307	F	0.00000	0.99668	0.00332	0
308	D	0.00000	0.95564	0.04436	0
309	V	0.00000	0.00922	0.99078	0
310	L	0.00000	0.00029	0.99971	0
311	T	0.00000	0	1.00000	0
312	W	0.00000	0	1.00000	0
313	L	0.00000	0	1.00000	0
314	G	0.00000	0	1.00000	0
315	Y	0.00001	0	0.99999	0
316	C	0.00002	0	0.99998	0
317	N	0.00003	0	0.99997	0
318	S	0.00003	0	0.99997	0
319	T	0.00003	0	0.99997	0
320	M	0.00003	0	0.99997	0
321	N	0.00003	0	0.99997	0
322	P	0.00003	0	0.99997	0
323	I	0.00003	0	0.99997	0
324	I	0.00003	0	0.99997	0
325	Y	0.00003	0	0.99997	0
326	P	0.00004	0	0.99996	0
327	L	0.00005	0	0.99995	0
328	F	0.00255	0	0.99745	0
329	M	0.14437	0	0.85563	0
330	R	1.00000	0	0.00000	0
331	D	1.00000	0	0.00000	0
332	F	1.00000	0	0.00000	0
333	K	1.00000	0	0.00000	0
334	R	1.00000	0	0.00000	0
335	A	1.00000	0	0.00000	0
336	M	1.00000	0	0.00000	0
337	G	1.00000	0	0.00000	0
338	K	1.00000	0	0.00000	0
339	Y	1.00000	0	0.00000	0
340	L	1.00000	0	0.00000	0
341	P	1.00000	0	0.00000	0
342	C	1.00000	0	0.00000	0
343	C	1.00000	0	0.00000	0
344	R	1.00000	0	0.00000	0
345	R	1.00000	0	0.00000	0
346	S	1.00000	0	0.00000	0
347	G	1.00000	0	0.00000	0
348	E	1.00000	0	0.00000	0
349	P	1.00000	0	0.00000	0
350	R	1.00000	0	0.00000	0
351	P	1.00000	0	0.00000	0
352	S	1.00000	0	0.00000	0
353	A	1.00000	0	0.00000	0
354	I	1.00000	0	0.00000	0
355	S	1.00000	0	0.00000	0
356	L	1.00000	0	0.00000	0
357	S	1.00000	0	0.00000	0
358	M	1.00000	0	0.00000	0
359	R	1.00000	0	0.00000	0
360	N	1.00000	0	0.00000	0
361	S	1.00000	0	0.00000	0
362	N	1.00000	0	0.00000	0
363	S	1.00000	0	0.00000	0
364	G	1.00000	0	0.00000	0
365	A	1.00000	0	0.00000	0
366	R	1.00000	0	0.00000	0
367	A	1.00000	0	0.00000	0
368	A	1.00000	0	0.00000	0
369	T	1.00000	0	0.00000	0
370	S	1.00000	0	0.00000	0
371	L	1.00000	0	0.00000	0
372	R	1.00000	0	0.00000	0
373	N	1.00000	0	0.00000	0
374	V	1.00000	0	0.00000	0
375	L	1.00000	0	0.00000	0
376	T	1.00000	0	0.00000	0
377	L	1.00000	0	0.00000	0
378	Q	1.00000	0	0.00000	0
379	A	1.00000	0	0.00000	0
380	E	1.00000	0	0.00000	0
381	T	1.00000	0	0.00000	0
382	D	1.00000	0	0.00000	0
383	S	1.00000	0	0.00000	0
384	G	1.00000	0	0.00000	0
385	V	1.00000	0	0.00000	0
386	L	1.00000	0	0.00000	0
387	G	1.00000	0	0.00000	0
388	H	1.00000	0	0.00000	0
389	E	1.00000	0	0.00000	0
390	H	1.00000	0	0.00000	0
391	T	1.00000	0	0.00000	0
392	L	1.00000	0	0.00000	0
393	L	1.00000	0	0.00000	0
394	P	1.00000	0	0.00000	0
395	A	1.00000	0	0.00000	0
396	P	1.00000	0	0.00000	0
397	M	1.00000	0	0.00000	0
398	G	1.00000	0	0.00000	0
399	S	1.00000	0	0.00000	0
400	L	1.00000	0	0.00000	0
401	S	1.00000	0	0.00000	0
402	V	1.00000	0	0.00000	0
403	Q	1.00000	0	0.00000	0
404	P	1.00000	0	0.00000	0
405	P	1.00000	0	0.00000	0
406	N	1.00000	0	0.00000	0
407	T	1.00000	0	0.00000	0
408	E	1.00000	0	0.00000	0
409	L	1.00000	0	0.00000	0
410	Q	1.00000	0	0.00000	0
411	P	1.00000	0	0.00000	0
412	R	1.00000	0	0.00000	0
413	Q	1.00000	0	0.00000	0
414	L	1.00000	0	0.00000	0
415	S	1.00000	0	0.00000	0
416	T	1.00000	0	0.00000	0
417	P	1.00000	0	0.00000	0
418	V	1.00000	0	0.00000	0
419	A	1.00000	0	0.00000	0
