# UNNAMED
#pos	aa	i	o	M	S
1	M	0.00000	1	0.00000	0
2	N	0.00000	1	0.00000	0
3	T	0.00000	1	0.00000	0
4	Y	0.00000	1	0.00000	0
5	L	0.00000	1	0.00000	0
6	G	0.00000	1	0.00000	0
7	D	0.00000	1	0.00000	0
8	K	0.00000	1	0.00000	0
9	S	0.00000	1	0.00000	0
10	N	0.00000	1	0.00000	0
11	S	0.00000	1	0.00000	0
12	S	0.00000	1	0.00000	0
13	I	0.00000	1	0.00000	0
14	P	0.00000	1	0.00000	0
15	G	0.00000	1	0.00000	0
16	Y	0.00000	1	0.00000	0
17	L	0.00000	1	0.00000	0
18	K	0.00000	1	0.00000	0
19	L	0.00000	1	0.00000	0
20	S	0.00000	1	0.00000	0
21	A	0.00000	1	0.00000	0
22	L	0.00000	1	0.00000	0
23	N	0.00000	1	0.00000	0
24	N	0.00000	1	0.00000	0
25	G	0.00000	1	0.00000	0
26	N	0.00000	1	0.00000	0
27	L	0.00000	1	0.00000	0
28	S	0.00000	1	0.00000	0
29	A	0.00000	1	0.00000	0
30	N	0.00000	1	0.00000	0
31	S	0.00000	1	0.00000	0
32	S	0.00000	1	0.00000	0
33	N	0.00000	1	0.00000	0
34	E	0.00000	1	0.00000	0
35	T	0.00000	1	0.00000	0
36	A	0.00000	1	0.00000	0
37	S	0.00000	1	0.00000	0
38	N	0.00000	1	0.00000	0
39	L	0.00000	1	0.00000	0
40	D	0.00000	1	0.00000	0
41	S	0.00000	1	0.00000	0
42	P	0.00000	1	0.00000	0
43	A	0.00000	1	0.00000	0
44	L	0.00000	1	0.00000	0
45	D	0.00000	1	0.00000	0
46	I	0.00000	0.99364	0.00636	0
47	S	0.00000	0.99032	0.00968	0
48	R	0.00000	0.96983	0.03017	0
49	A	0.00000	0.50521	0.49479	0
50	I	0.00000	0.15267	0.84733	0
51	I	0.00000	0.02198	0.97802	0
52	V	0.00000	0.00787	0.99213	0
53	G	0.00000	0.00575	0.99425	0
54	L	0.00000	0.00281	0.99719	0
55	I	0.00000	0.00052	0.99948	0
56	L	0.00000	0.00012	0.99988	0
57	G	0.00000	6e-05	0.99994	0
58	A	0.00000	1e-05	0.99999	0
59	F	0.00000	0	1.00000	0
60	I	0.00000	0	1.00000	0
61	L	0.00000	0	1.00000	0
62	F	0.00000	0	1.00000	0
63	A	0.00000	0	1.00000	0
64	I	0.00000	0	1.00000	0
65	I	0.00000	0	1.00000	0
66	G	0.00000	0	1.00000	0
67	N	0.00000	0	1.00000	0
68	I	0.00000	0	1.00000	0
69	L	0.00000	0	1.00000	0
70	V	0.00001	0	0.99999	0
71	I	0.00011	0	0.99989	0
72	L	0.01112	0	0.98888	0
73	S	0.37372	0	0.62628	0
74	V	0.43735	0	0.56265	0
75	A	0.64555	0	0.35445	0
76	C	0.84560	0	0.15440	0
77	N	0.99359	0	0.00641	0
78	R	0.99968	0	0.00032	0
79	H	0.99995	0	0.00005	0
80	L	0.99998	0	0.00002	0
81	R	1.00000	0	0.00000	0
82	I	1.00000	0	0.00000	0
83	P	1.00000	0	0.00000	0
84	T	0.98620	0	0.01380	0
85	N	0.75139	0	0.24861	0
86	Y	0.17182	0	0.82818	0
87	F	0.00117	0	0.99883	0
88	I	0.00006	0	0.99994	0
89	I	0.00000	0	1.00000	0
90	N	0.00000	0	1.00000	0
91	L	0.00000	0	1.00000	0
92	A	0.00000	0	1.00000	0
93	I	0.00000	0	1.00000	0
94	A	0.00000	0	1.00000	0
95	D	0.00000	0	1.00000	0
96	L	0.00000	0	1.00000	0
97	L	0.00000	0	1.00000	0
98	L	0.00000	0	1.00000	0
99	S	0.00000	0	1.00000	0
100	F	0.00000	0	1.00000	0
101	T	0.00000	0	1.00000	0
102	V	0.00000	0	1.00000	0
103	L	0.00000	2e-05	0.99998	0
104	P	0.00000	0.00108	0.99892	0
105	F	0.00000	0.04763	0.95237	0
106	S	0.00000	0.4171	0.58290	0
107	A	0.00000	0.6101	0.38990	0
108	T	0.00000	0.84538	0.15462	0
109	L	0.00000	0.99917	0.00083	0
110	E	0.00000	0.99952	0.00048	0
111	V	0.00000	0.99954	0.00046	0
112	L	0.00000	0.99963	0.00037	0
113	G	0.00000	0.99986	0.00014	0
114	Y	0.00000	0.99997	0.00003	0
115	W	0.00000	0.99999	0.00001	0
116	V	0.00000	1	0.00000	0
117	L	0.00000	1	0.00000	0
118	G	0.00000	1	0.00000	0
119	R	0.00000	1	0.00000	0
120	I	0.00000	0.99996	0.00004	0
121	F	0.00000	0.99995	0.00005	0
122	C	0.00000	0.99995	0.00005	0
123	D	0.00000	0.99991	0.00009	0
124	I	0.00000	0.9991	0.00090	0
125	W	0.00000	0.91439	0.08561	0
126	A	0.00000	0.36221	0.63779	0
127	A	0.00000	0.01345	0.98655	0
128	V	0.00000	0.00018	0.99982	0
129	D	0.00000	5e-05	0.99995	0
130	V	0.00000	0	1.00000	0
131	L	0.00000	0	1.00000	0
132	C	0.00000	0	1.00000	0
133	C	0.00000	0	1.00000	0
134	T	0.00000	0	1.00000	0
135	A	0.00000	0	1.00000	0
136	S	0.00000	0	1.00000	0
137	I	0.00000	0	1.00000	0
138	L	0.00000	0	1.00000	0
139	S	0.00000	0	1.00000	0
140	L	0.00000	0	1.00000	0
141	C	0.00000	0	1.00000	0
142	A	0.00000	0	1.00000	0
143	I	0.00000	0	1.00000	0
144	S	0.00000	0	1.00000	0
145	I	0.00000	0	1.00000	0
146	D	0.00001	0	0.99999	0
147	R	0.01380	0	0.98620	0
148	Y	0.14446	0	0.85554	0
149	I	0.45109	0	0.54891	0
150	G	0.92709	0	0.07291	0
151	V	0.99999	0	0.00001	0
152	R	1.00000	0	0.00000	0
153	Y	1.00000	0	0.00000	0
154	S	1.00000	0	0.00000	0
155	L	1.00000	0	0.00000	0
156	Q	1.00000	0	0.00000	0
157	Y	1.00000	0	0.00000	0
158	P	1.00000	0	0.00000	0
159	T	1.00000	0	0.00000	0
160	L	1.00000	0	0.00000	0
161	V	1.00000	0	0.00000	0
162	T	1.00000	0	0.00000	0
163	R	1.00000	0	0.00000	0
164	R	0.99983	0	0.00017	0
165	R	0.99187	0	0.00813	0
166	A	0.47656	0	0.52344	0
167	I	0.00745	0	0.99255	0
168	L	0.00015	0	0.99985	0
169	A	0.00000	0	1.00000	0
170	L	0.00000	0	1.00000	0
171	L	0.00000	0	1.00000	0
172	G	0.00000	0	1.00000	0
173	V	0.00000	0	1.00000	0
174	W	0.00000	0	1.00000	0
175	V	0.00000	0	1.00000	0
176	L	0.00000	0	1.00000	0
177	S	0.00000	0	1.00000	0
178	M	0.00000	0	1.00000	0
179	V	0.00000	0	1.00000	0
180	I	0.00000	0	1.00000	0
181	S	0.00000	0	1.00000	0
182	I	0.00000	0	1.00000	0
183	G	0.00000	1e-05	0.99999	0
184	P	0.00000	5e-05	0.99995	0
185	L	0.00000	0.00057	0.99943	0
186	L	0.00000	0.0261	0.97390	0
187	G	0.00000	0.49041	0.50959	0
188	W	0.00000	0.69081	0.30919	0
189	K	0.00000	0.99729	0.00271	0
190	E	0.00000	0.99998	0.00002	0
191	P	0.00000	1	0.00000	0
192	A	0.00000	1	0.00000	0
193	P	0.00000	1	0.00000	0
194	K	0.00000	1	0.00000	0
195	D	0.00000	1	0.00000	0
196	D	0.00000	1	0.00000	0
197	K	0.00000	1	0.00000	0
198	E	0.00000	1	0.00000	0
199	C	0.00000	1	0.00000	0
200	R	0.00000	1	0.00000	0
201	I	0.00000	1	0.00000	0
202	T	0.00000	1	0.00000	0
203	E	0.00000	1	0.00000	0
204	E	0.00000	0.99997	0.00003	0
205	P	0.00000	0.99535	0.00465	0
206	F	0.00000	0.41785	0.58215	0
207	Y	0.00000	0.22179	0.77821	0
208	A	0.00000	0.2148	0.78520	0
209	L	0.00000	0.01555	0.98445	0
210	F	0.00000	0.00075	0.99925	0
211	S	0.00000	0.00066	0.99934	0
212	S	0.00000	8e-05	0.99992	0
213	L	0.00000	3e-05	0.99997	0
214	G	0.00000	0	1.00000	0
215	S	0.00000	0	1.00000	0
216	F	0.00000	0	1.00000	0
217	Y	0.00000	0	1.00000	0
218	I	0.00000	0	1.00000	0
219	P	0.00000	0	1.00000	0
220	L	0.00000	0	1.00000	0
221	I	0.00000	0	1.00000	0
222	V	0.00000	0	1.00000	0
223	I	0.00000	0	1.00000	0
224	L	0.00000	0	1.00000	0
225	V	0.00000	0	1.00000	0
226	M	0.00001	0	0.99999	0
227	Y	0.00013	0	0.99987	0
228	C	0.00611	0	0.99389	0
229	R	0.07899	0	0.92101	0
230	V	0.08700	0	0.91300	0
231	Y	0.12297	0	0.87703	0
232	I	0.35435	0	0.64565	0
233	V	0.52108	0	0.47892	0
234	A	0.99669	0	0.00331	0
235	K	0.99994	0	0.00006	0
236	K	1.00000	0	0.00000	0
237	T	1.00000	0	0.00000	0
238	T	1.00000	0	0.00000	0
239	K	1.00000	0	0.00000	0
240	N	1.00000	0	0.00000	0
241	L	1.00000	0	0.00000	0
242	E	1.00000	0	0.00000	0
243	A	1.00000	0	0.00000	0
244	G	1.00000	0	0.00000	0
245	V	1.00000	0	0.00000	0
246	M	1.00000	0	0.00000	0
247	K	1.00000	0	0.00000	0
248	G	1.00000	0	0.00000	0
249	M	1.00000	0	0.00000	0
250	S	1.00000	0	0.00000	0
251	N	1.00000	0	0.00000	0
252	S	1.00000	0	0.00000	0
253	K	1.00000	0	0.00000	0
254	E	1.00000	0	0.00000	0
255	L	1.00000	0	0.00000	0
256	T	1.00000	0	0.00000	0
257	L	1.00000	0	0.00000	0
258	R	1.00000	0	0.00000	0
259	I	1.00000	0	0.00000	0
260	H	1.00000	0	0.00000	0
261	Y	1.00000	0	0.00000	0
262	K	1.00000	0	0.00000	0
263	N	1.00000	0	0.00000	0
264	I	1.00000	0	0.00000	0
265	H	1.00000	0	0.00000	0
266	E	1.00000	0	0.00000	0
267	D	1.00000	0	0.00000	0
268	T	1.00000	0	0.00000	0
269	L	1.00000	0	0.00000	0
270	N	1.00000	0	0.00000	0
271	S	1.00000	0	0.00000	0
272	T	1.00000	0	0.00000	0
273	K	1.00000	0	0.00000	0
274	S	1.00000	0	0.00000	0
275	K	1.00000	0	0.00000	0
276	G	1.00000	0	0.00000	0
277	H	1.00000	0	0.00000	0
278	N	1.00000	0	0.00000	0
279	P	1.00000	0	0.00000	0
280	R	1.00000	0	0.00000	0
281	N	1.00000	0	0.00000	0
282	S	1.00000	0	0.00000	0
283	L	1.00000	0	0.00000	0
284	A	1.00000	0	0.00000	0
285	F	1.00000	0	0.00000	0
286	K	1.00000	0	0.00000	0
287	L	1.00000	0	0.00000	0
288	F	1.00000	0	0.00000	0
289	K	1.00000	0	0.00000	0
290	F	1.00000	0	0.00000	0
291	S	1.00000	0	0.00000	0
292	R	1.00000	0	0.00000	0
293	E	1.00000	0	0.00000	0
294	K	0.99684	0	0.00316	0
295	K	0.99665	0	0.00335	0
296	A	0.84290	0	0.15710	0
297	A	0.84198	0	0.15802	0
298	K	0.81476	0	0.18524	0
299	T	0.71304	0	0.28696	0
300	L	0.04512	0	0.95488	0
301	G	0.01163	0	0.98837	0
302	I	0.00265	0	0.99735	0
303	V	0.00197	0	0.99803	0
304	V	0.00189	0	0.99811	0
305	G	0.00011	0	0.99989	0
306	M	0.00000	0	1.00000	0
307	F	0.00000	0	1.00000	0
308	I	0.00000	0	1.00000	0
309	L	0.00000	0	1.00000	0
310	C	0.00000	0	1.00000	0
311	W	0.00000	0	1.00000	0
312	L	0.00000	0	1.00000	0
313	P	0.00000	0	1.00000	0
314	F	0.00000	0	1.00000	0
315	F	0.00000	0	1.00000	0
316	I	0.00000	2e-05	0.99998	0
317	V	0.00000	0.00031	0.99969	0
318	L	0.00000	0.00195	0.99805	0
319	P	0.00000	0.02628	0.97372	0
320	L	0.00000	0.03467	0.96533	0
321	G	0.00000	0.06979	0.93021	0
322	S	0.00000	0.08166	0.91834	0
323	L	0.00000	0.0879	0.91210	0
324	F	0.00000	0.11039	0.88961	0
325	S	0.00000	0.2812	0.71880	0
326	A	0.00000	0.33269	0.66731	0
327	L	0.00000	0.49181	0.50819	0
328	K	0.00000	0.9969	0.00310	0
329	P	0.00000	0.99963	0.00037	0
330	P	0.00000	0.99995	0.00005	0
331	E	0.00000	0.99933	0.00067	0
332	T	0.00000	0.98934	0.01066	0
333	I	0.00000	0.96734	0.03266	0
334	F	0.00000	0.96027	0.03973	0
335	K	0.00000	0.78904	0.21096	0
336	V	0.00000	0.00701	0.99299	0
337	I	0.00000	0.00032	0.99968	0
338	F	0.00000	0	1.00000	0
339	W	0.00000	0	1.00000	0
340	L	0.00000	0	1.00000	0
341	G	0.00000	0	1.00000	0
342	Y	0.00000	0	1.00000	0
343	F	0.00000	0	1.00000	0
344	N	0.00000	0	1.00000	0
345	S	0.00000	0	1.00000	0
346	C	0.00000	0	1.00000	0
347	L	0.00000	0	1.00000	0
348	N	0.00000	0	1.00000	0
349	P	0.00000	0	1.00000	0
350	I	0.00000	0	1.00000	0
351	I	0.00000	0	1.00000	0
352	Y	0.00001	0	0.99999	0
353	P	0.00013	0	0.99987	0
354	C	0.00245	0	0.99755	0
355	S	0.15694	0	0.84306	0
356	S	0.35616	0	0.64384	0
357	K	1.00000	0	0.00000	0
358	E	1.00000	0	0.00000	0
359	F	1.00000	0	0.00000	0
360	K	1.00000	0	0.00000	0
361	R	1.00000	0	0.00000	0
362	A	1.00000	0	0.00000	0
363	F	1.00000	0	0.00000	0
364	I	1.00000	0	0.00000	0
365	Q	1.00000	0	0.00000	0
366	I	1.00000	0	0.00000	0
367	L	1.00000	0	0.00000	0
368	K	1.00000	0	0.00000	0
369	C	1.00000	0	0.00000	0
370	Q	1.00000	0	0.00000	0
371	C	1.00000	0	0.00000	0
372	H	1.00000	0	0.00000	0
373	R	1.00000	0	0.00000	0
374	R	1.00000	0	0.00000	0
375	K	1.00000	0	0.00000	0
376	Q	1.00000	0	0.00000	0
377	L	1.00000	0	0.00000	0
378	G	1.00000	0	0.00000	0
379	W	1.00000	0	0.00000	0
380	W	1.00000	0	0.00000	0
381	A	1.00000	0	0.00000	0
382	Y	1.00000	0	0.00000	0
383	S	1.00000	0	0.00000	0
384	Y	1.00000	0	0.00000	0
385	R	1.00000	0	0.00000	0
386	N	1.00000	0	0.00000	0
387	W	1.00000	0	0.00000	0
388	N	1.00000	0	0.00000	0
389	R	1.00000	0	0.00000	0
390	C	1.00000	0	0.00000	0
391	S	1.00000	0	0.00000	0
392	F	1.00000	0	0.00000	0
393	E	1.00000	0	0.00000	0
394	H	1.00000	0	0.00000	0
395	P	1.00000	0	0.00000	0
396	R	1.00000	0	0.00000	0
397	K	1.00000	0	0.00000	0
398	D	1.00000	0	0.00000	0
399	S	1.00000	0	0.00000	0
400	L	1.00000	0	0.00000	0
401	E	1.00000	0	0.00000	0
402	D	1.00000	0	0.00000	0
403	S	1.00000	0	0.00000	0
404	G	1.00000	0	0.00000	0
405	S	1.00000	0	0.00000	0
406	F	1.00000	0	0.00000	0
407	L	1.00000	0	0.00000	0
408	S	1.00000	0	0.00000	0
409	G	1.00000	0	0.00000	0
410	S	1.00000	0	0.00000	0
411	Q	1.00000	0	0.00000	0
412	R	1.00000	0	0.00000	0
413	T	1.00000	0	0.00000	0
414	L	1.00000	0	0.00000	0
415	S	1.00000	0	0.00000	0
416	S	1.00000	0	0.00000	0
417	A	1.00000	0	0.00000	0
418	S	1.00000	0	0.00000	0
419	P	1.00000	0	0.00000	0
420	S	1.00000	0	0.00000	0
421	P	1.00000	0	0.00000	0
422	G	1.00000	0	0.00000	0
423	Y	1.00000	0	0.00000	0
424	L	1.00000	0	0.00000	0
425	S	1.00000	0	0.00000	0
426	K	1.00000	0	0.00000	0
427	I	1.00000	0	0.00000	0
428	T	1.00000	0	0.00000	0
429	H	1.00000	0	0.00000	0
430	P	1.00000	0	0.00000	0
431	H	1.00000	0	0.00000	0
432	M	1.00000	0	0.00000	0
433	E	1.00000	0	0.00000	0
434	M	1.00000	0	0.00000	0
435	C	1.00000	0	0.00000	0
436	T	1.00000	0	0.00000	0
437	F	1.00000	0	0.00000	0
438	Q	1.00000	0	0.00000	0
439	E	1.00000	0	0.00000	0
440	W	1.00000	0	0.00000	0
441	K	1.00000	0	0.00000	0
442	S	1.00000	0	0.00000	0
443	S	1.00000	0	0.00000	0
444	N	1.00000	0	0.00000	0
445	S	1.00000	0	0.00000	0
446	F	1.00000	0	0.00000	0
447	L	1.00000	0	0.00000	0
448	S	1.00000	0	0.00000	0
449	P	1.00000	0	0.00000	0
450	L	1.00000	0	0.00000	0
451	Q	1.00000	0	0.00000	0
452	E	1.00000	0	0.00000	0
453	G	1.00000	0	0.00000	0
454	S	1.00000	0	0.00000	0
455	R	1.00000	0	0.00000	0
456	Q	1.00000	0	0.00000	0
457	K	1.00000	0	0.00000	0
458	D	1.00000	0	0.00000	0
459	P	1.00000	0	0.00000	0
460	C	1.00000	0	0.00000	0
461	H	1.00000	0	0.00000	0
462	F	1.00000	0	0.00000	0
463	F	1.00000	0	0.00000	0
464	T	1.00000	0	0.00000	0
465	F	1.00000	0	0.00000	0
466	N	1.00000	0	0.00000	0
467	L	1.00000	0	0.00000	0
468	L	1.00000	0	0.00000	0
469	T	1.00000	0	0.00000	0
470	E	1.00000	0	0.00000	0
471	R	1.00000	0	0.00000	0
472	N	1.00000	0	0.00000	0
473	G	1.00000	0	0.00000	0
474	H	1.00000	0	0.00000	0
475	V	1.00000	0	0.00000	0
476	P	1.00000	0	0.00000	0
477	A	1.00000	0	0.00000	0
478	G	1.00000	0	0.00000	0
479	S	1.00000	0	0.00000	0
480	Q	1.00000	0	0.00000	0
481	A	1.00000	0	0.00000	0
482	S	1.00000	0	0.00000	0
483	S	1.00000	0	0.00000	0
484	N	1.00000	0	0.00000	0
485	E	1.00000	0	0.00000	0
486	D	1.00000	0	0.00000	0
487	H	1.00000	0	0.00000	0
488	E	1.00000	0	0.00000	0
489	A	1.00000	0	0.00000	0
490	I	1.00000	0	0.00000	0
491	C	1.00000	0	0.00000	0
492	D	1.00000	0	0.00000	0
493	T	1.00000	0	0.00000	0
494	L	1.00000	0	0.00000	0
495	N	1.00000	0	0.00000	0
496	G	1.00000	0	0.00000	0
497	K	1.00000	0	0.00000	0
498	T	1.00000	0	0.00000	0
499	D	1.00000	0	0.00000	0
500	R	1.00000	0	0.00000	0
501	R	1.00000	0	0.00000	0
502	A	1.00000	0	0.00000	0
503	N	1.00000	0	0.00000	0
504	V	1.00000	0	0.00000	0
505	M	1.00000	0	0.00000	0
506	L	1.00000	0	0.00000	0
507	E	1.00000	0	0.00000	0
