# UNNAMED
#pos	aa	i	o	M	S
1	M	0.00000	1	0.00000	0
2	N	0.00000	1	0.00000	0
3	L	0.00000	1	0.00000	0
4	T	0.00000	1	0.00000	0
5	N	0.00000	1	0.00000	0
6	Y	0.00000	1	0.00000	0
7	T	0.00000	1	0.00000	0
8	T	0.00000	1	0.00000	0
9	E	0.00000	1	0.00000	0
10	A	0.00000	1	0.00000	0
11	S	0.00000	1	0.00000	0
12	V	0.00000	1	0.00000	0
13	A	0.00000	1	0.00000	0
14	V	0.00000	1	0.00000	0
15	K	0.00000	1	0.00000	0
16	P	0.00000	1	0.00000	0
17	K	0.00000	1	0.00000	0
18	T	0.00000	0.99998	0.00002	0
19	V	0.00000	0.99996	0.00004	0
20	T	0.00000	0.99995	0.00005	0
21	E	0.00000	0.99992	0.00008	0
22	K	0.00000	0.99971	0.00029	0
23	M	0.00000	0.99112	0.00888	0
24	L	0.00000	0.91849	0.08151	0
25	I	0.00000	0.88097	0.11903	0
26	C	0.00000	0.87437	0.12563	0
27	M	0.00000	0.78134	0.21866	0
28	T	0.00000	0.3583	0.64170	0
29	L	0.00000	0.0812	0.91880	0
30	V	0.00000	0.00258	0.99742	0
31	I	0.00000	5e-05	0.99995	0
32	I	0.00000	0	1.00000	0
33	T	0.00000	0	1.00000	0
34	T	0.00000	0	1.00000	0
35	L	0.00000	0	1.00000	0
36	T	0.00000	0	1.00000	0
37	M	0.00000	0	1.00000	0
38	L	0.00000	0	1.00000	0
39	L	0.00000	0	1.00000	0
40	N	0.00000	0	1.00000	0
41	S	0.00000	0	1.00000	0
42	A	0.00000	0	1.00000	0
43	V	0.00000	0	1.00000	0
44	I	0.00000	0	1.00000	0
45	M	0.00005	0	0.99995	0
46	A	0.00065	0	0.99935	0
47	I	0.00747	0	0.99253	0
48	C	0.19791	0	0.80209	0
49	T	0.86633	0	0.13367	0
50	T	0.98743	0	0.01257	0
51	R	0.99965	0	0.00035	0
52	K	1.00000	0	0.00000	0
53	L	1.00000	0	0.00000	0
54	H	1.00000	0	0.00000	0
55	Q	1.00000	0	0.00000	0
56	P	1.00000	0	0.00000	0
57	A	0.85301	0	0.14699	0
58	N	0.22100	0	0.77900	0
59	Y	0.08104	0	0.91896	0
60	L	0.00123	0	0.99877	0
61	I	0.00002	0	0.99998	0
62	C	0.00000	0	1.00000	0
63	S	0.00000	0	1.00000	0
64	L	0.00000	0	1.00000	0
65	A	0.00000	0	1.00000	0
66	V	0.00000	0	1.00000	0
67	T	0.00000	0	1.00000	0
68	D	0.00000	0	1.00000	0
69	L	0.00000	0	1.00000	0
70	L	0.00000	0	1.00000	0
71	V	0.00000	0	1.00000	0
72	A	0.00000	0	1.00000	0
73	V	0.00000	0	1.00000	0
74	L	0.00000	0	1.00000	0
75	V	0.00000	0	1.00000	0
76	M	0.00000	0.00026	0.99974	0
77	P	0.00000	0.00569	0.99431	0
78	L	0.00000	0.05996	0.94004	0
79	S	0.00000	0.27866	0.72134	0
80	V	0.00000	0.36478	0.63522	0
81	M	0.00000	0.54239	0.45761	0
82	Y	0.00000	0.99367	0.00633	0
83	I	0.00000	0.99378	0.00622	0
84	V	0.00000	0.99413	0.00587	0
85	M	0.00000	0.99642	0.00358	0
86	D	0.00000	0.99995	0.00005	0
87	N	0.00000	1	0.00000	0
88	W	0.00000	1	0.00000	0
89	R	0.00000	1	0.00000	0
90	L	0.00000	0.99999	0.00001	0
91	G	0.00000	0.99999	0.00001	0
92	Y	0.00000	0.99999	0.00001	0
93	F	0.00000	0.99999	0.00001	0
94	I	0.00000	0.99999	0.00001	0
95	C	0.00000	0.99999	0.00001	0
96	E	0.00000	0.99999	0.00001	0
97	V	0.00000	0.9976	0.00240	0
98	W	0.00000	0.68859	0.31141	0
99	L	0.00000	0.1101	0.88990	0
100	S	0.00000	0.02114	0.97886	0
101	V	0.00000	0.00044	0.99956	0
102	D	0.00000	0.00017	0.99983	0
103	M	0.00000	0	1.00000	0
104	T	0.00000	0	1.00000	0
105	C	0.00000	0	1.00000	0
106	C	0.00000	0	1.00000	0
107	T	0.00000	0	1.00000	0
108	C	0.00000	0	1.00000	0
109	S	0.00000	0	1.00000	0
110	I	0.00000	0	1.00000	0
111	L	0.00000	0	1.00000	0
112	H	0.00000	0	1.00000	0
113	L	0.00000	0	1.00000	0
114	C	0.00000	0	1.00000	0
115	V	0.00000	0	1.00000	0
116	I	0.00000	0	1.00000	0
117	A	0.00000	0	1.00000	0
118	L	0.00000	0	1.00000	0
119	D	0.00002	0	0.99998	0
120	R	0.02615	0	0.97385	0
121	Y	0.09647	0	0.90353	0
122	W	0.14077	0	0.85923	0
123	A	0.60898	0	0.39102	0
124	I	0.99999	0	0.00001	0
125	T	1.00000	0	0.00000	0
126	K	1.00000	0	0.00000	0
127	A	1.00000	0	0.00000	0
128	I	1.00000	0	0.00000	0
129	E	1.00000	0	0.00000	0
130	Y	1.00000	0	0.00000	0
131	A	1.00000	0	0.00000	0
132	R	1.00000	0	0.00000	0
133	K	1.00000	0	0.00000	0
134	R	1.00000	0	0.00000	0
135	T	0.99979	0	0.00021	0
136	A	0.99927	0	0.00073	0
137	R	0.99817	0	0.00183	0
138	R	0.97118	0	0.02882	0
139	A	0.17629	0	0.82371	0
140	G	0.03329	0	0.96671	0
141	L	0.00195	0	0.99805	0
142	M	0.00017	0	0.99983	0
143	I	0.00000	0	1.00000	0
144	L	0.00000	0	1.00000	0
145	T	0.00000	0	1.00000	0
146	V	0.00000	0	1.00000	0
147	W	0.00000	0	1.00000	0
148	T	0.00000	0	1.00000	0
149	I	0.00000	0	1.00000	0
150	S	0.00000	0	1.00000	0
151	I	0.00000	0	1.00000	0
152	F	0.00000	0	1.00000	0
153	I	0.00000	0	1.00000	0
154	S	0.00000	0	1.00000	0
155	M	0.00000	1e-05	0.99999	0
156	P	0.00000	0.00029	0.99971	0
157	P	0.00000	0.00061	0.99939	0
158	L	0.00000	0.00147	0.99853	0
159	F	0.00000	0.03426	0.96574	0
160	W	0.00000	0.56802	0.43198	0
161	R	0.00000	0.96046	0.03954	0
162	S	0.00000	0.9872	0.01280	0
163	H	0.00000	0.99877	0.00123	0
164	R	0.00000	0.99999	0.00001	0
165	Q	0.00000	1	0.00000	0
166	V	0.00000	1	0.00000	0
167	S	0.00000	1	0.00000	0
168	P	0.00000	1	0.00000	0
169	P	0.00000	1	0.00000	0
170	P	0.00000	1	0.00000	0
171	S	0.00000	1	0.00000	0
172	Q	0.00000	1	0.00000	0
173	C	0.00000	1	0.00000	0
174	T	0.00000	1	0.00000	0
175	I	0.00000	1	0.00000	0
176	Q	0.00000	1	0.00000	0
177	H	0.00000	1	0.00000	0
178	D	0.00000	0.99998	0.00002	0
179	H	0.00000	0.99658	0.00342	0
180	V	0.00000	0.8246	0.17540	0
181	I	0.00000	0.25339	0.74661	0
182	Y	0.00000	0.22181	0.77819	0
183	T	0.00000	0.21805	0.78195	0
184	I	0.00000	0.00184	0.99816	0
185	Y	0.00000	0.00052	0.99948	0
186	S	0.00000	0.00039	0.99961	0
187	T	0.00000	2e-05	0.99998	0
188	L	0.00000	1e-05	0.99999	0
189	G	0.00000	0	1.00000	0
190	A	0.00000	0	1.00000	0
191	F	0.00000	0	1.00000	0
192	Y	0.00000	0	1.00000	0
193	I	0.00000	0	1.00000	0
194	P	0.00000	0	1.00000	0
195	L	0.00000	0	1.00000	0
196	T	0.00000	0	1.00000	0
197	L	0.00000	0	1.00000	0
198	I	0.00000	0	1.00000	0
199	L	0.00000	0	1.00000	0
200	I	0.00000	0	1.00000	0
201	L	0.00001	0	0.99999	0
202	Y	0.00049	0	0.99951	0
203	Y	0.01536	0	0.98464	0
204	R	0.23034	0	0.76966	0
205	I	0.25005	0	0.74995	0
206	Y	0.34686	0	0.65314	0
207	H	0.94621	0	0.05379	0
208	A	0.99225	0	0.00775	0
209	A	0.99992	0	0.00008	0
210	K	1.00000	0	0.00000	0
211	S	1.00000	0	0.00000	0
212	L	1.00000	0	0.00000	0
213	Y	1.00000	0	0.00000	0
214	Q	1.00000	0	0.00000	0
215	K	1.00000	0	0.00000	0
216	R	1.00000	0	0.00000	0
217	G	1.00000	0	0.00000	0
218	S	1.00000	0	0.00000	0
219	S	1.00000	0	0.00000	0
220	R	1.00000	0	0.00000	0
221	H	1.00000	0	0.00000	0
222	L	1.00000	0	0.00000	0
223	S	1.00000	0	0.00000	0
224	N	1.00000	0	0.00000	0
225	R	1.00000	0	0.00000	0
226	S	1.00000	0	0.00000	0
227	T	1.00000	0	0.00000	0
228	D	1.00000	0	0.00000	0
229	S	1.00000	0	0.00000	0
230	Q	1.00000	0	0.00000	0
231	N	1.00000	0	0.00000	0
232	S	1.00000	0	0.00000	0
233	F	1.00000	0	0.00000	0
234	A	1.00000	0	0.00000	0
235	S	1.00000	0	0.00000	0
236	C	1.00000	0	0.00000	0
237	K	1.00000	0	0.00000	0
238	L	1.00000	0	0.00000	0
239	T	1.00000	0	0.00000	0
240	Q	1.00000	0	0.00000	0
241	T	1.00000	0	0.00000	0
242	F	1.00000	0	0.00000	0
243	C	1.00000	0	0.00000	0
244	V	1.00000	0	0.00000	0
245	S	1.00000	0	0.00000	0
246	D	1.00000	0	0.00000	0
247	F	1.00000	0	0.00000	0
248	S	1.00000	0	0.00000	0
249	T	1.00000	0	0.00000	0
250	S	1.00000	0	0.00000	0
251	D	1.00000	0	0.00000	0
252	P	1.00000	0	0.00000	0
253	T	1.00000	0	0.00000	0
254	T	1.00000	0	0.00000	0
255	E	1.00000	0	0.00000	0
256	F	1.00000	0	0.00000	0
257	E	1.00000	0	0.00000	0
258	K	1.00000	0	0.00000	0
259	I	1.00000	0	0.00000	0
260	H	1.00000	0	0.00000	0
261	T	1.00000	0	0.00000	0
262	S	1.00000	0	0.00000	0
263	I	1.00000	0	0.00000	0
264	R	1.00000	0	0.00000	0
265	I	1.00000	0	0.00000	0
266	P	1.00000	0	0.00000	0
267	P	1.00000	0	0.00000	0
268	F	1.00000	0	0.00000	0
269	D	1.00000	0	0.00000	0
270	N	1.00000	0	0.00000	0
271	D	1.00000	0	0.00000	0
272	L	1.00000	0	0.00000	0
273	D	1.00000	0	0.00000	0
274	Q	1.00000	0	0.00000	0
275	P	1.00000	0	0.00000	0
276	G	1.00000	0	0.00000	0
277	E	1.00000	0	0.00000	0
278	R	1.00000	0	0.00000	0
279	Q	1.00000	0	0.00000	0
280	Q	1.00000	0	0.00000	0
281	I	1.00000	0	0.00000	0
282	S	1.00000	0	0.00000	0
283	S	1.00000	0	0.00000	0
284	T	1.00000	0	0.00000	0
285	R	1.00000	0	0.00000	0
286	E	1.00000	0	0.00000	0
287	R	0.99610	0	0.00390	0
288	K	0.99198	0	0.00802	0
289	A	0.08188	0	0.91812	0
290	A	0.08144	0	0.91856	0
291	R	0.08062	0	0.91938	0
292	I	0.07896	0	0.92104	0
293	L	0.00190	0	0.99810	0
294	G	0.00075	0	0.99925	0
295	L	0.00020	0	0.99980	0
296	I	0.00015	0	0.99985	0
297	L	0.00015	0	0.99985	0
298	G	0.00001	0	0.99999	0
299	A	0.00000	0	1.00000	0
300	F	0.00000	0	1.00000	0
301	I	0.00000	0	1.00000	0
302	L	0.00000	0	1.00000	0
303	S	0.00000	0	1.00000	0
304	W	0.00000	0	1.00000	0
305	L	0.00000	0	1.00000	0
306	P	0.00000	0	1.00000	0
307	F	0.00000	0	1.00000	0
308	F	0.00000	0.00052	0.99948	0
309	I	0.00000	0.04256	0.95744	0
310	K	0.00000	0.74938	0.25062	0
311	E	0.00000	0.77035	0.22965	0
312	L	0.00000	0.77259	0.22741	0
313	I	0.00000	0.78314	0.21686	0
314	V	0.00000	0.81462	0.18538	0
315	G	0.00000	0.88928	0.11072	0
316	L	0.00000	0.90278	0.09722	0
317	S	0.00000	0.93206	0.06794	0
318	I	0.00000	0.94098	0.05902	0
319	Y	0.00000	0.96221	0.03779	0
320	T	0.00000	0.97779	0.02221	0
321	V	0.00000	0.98699	0.01301	0
322	S	0.00000	0.9969	0.00310	0
323	S	0.00000	0.9995	0.00050	0
324	E	0.00000	0.99997	0.00003	0
325	V	0.00000	0.99978	0.00022	0
326	G	0.00000	0.99972	0.00028	0
327	D	0.00000	0.93505	0.06495	0
328	F	0.00000	0.00572	0.99428	0
329	L	0.00000	0.00012	0.99988	0
330	T	0.00000	1e-05	0.99999	0
331	W	0.00000	0	1.00000	0
332	L	0.00000	0	1.00000	0
333	G	0.00000	0	1.00000	0
334	Y	0.00000	0	1.00000	0
335	V	0.00000	0	1.00000	0
336	N	0.00000	0	1.00000	0
337	S	0.00000	0	1.00000	0
338	L	0.00000	0	1.00000	0
339	I	0.00000	0	1.00000	0
340	N	0.00000	0	1.00000	0
341	P	0.00000	0	1.00000	0
342	L	0.00000	0	1.00000	0
343	L	0.00000	0	1.00000	0
344	Y	0.00000	0	1.00000	0
345	T	0.00000	0	1.00000	0
346	S	0.00014	0	0.99986	0
347	F	0.02273	0	0.97727	0
348	N	0.73905	0	0.26095	0
349	E	1.00000	0	0.00000	0
350	D	1.00000	0	0.00000	0
351	F	1.00000	0	0.00000	0
352	K	1.00000	0	0.00000	0
353	L	1.00000	0	0.00000	0
354	A	1.00000	0	0.00000	0
355	F	1.00000	0	0.00000	0
356	K	1.00000	0	0.00000	0
357	K	1.00000	0	0.00000	0
358	L	1.00000	0	0.00000	0
359	I	1.00000	0	0.00000	0
360	R	1.00000	0	0.00000	0
361	C	1.00000	0	0.00000	0
362	R	1.00000	0	0.00000	0
363	E	1.00000	0	0.00000	0
364	H	1.00000	0	0.00000	0
365	T	1.00000	0	0.00000	0
