# UNNAMED
#pos	aa	i	o	M	S
1	M	0.00000	1	0.00000	0
2	D	0.00000	1	0.00000	0
3	H	0.00000	1	0.00000	0
4	Q	0.00000	1	0.00000	0
5	E	0.00000	1	0.00000	0
6	P	0.00000	1	0.00000	0
7	H	0.00000	1	0.00000	0
8	Q	0.00000	1	0.00000	0
9	E	0.00000	1	0.00000	0
10	P	0.00000	1	0.00000	0
11	R	0.00000	1	0.00000	0
12	Q	0.00000	1	0.00000	0
13	E	0.00000	1	0.00000	0
14	P	0.00000	0.99983	0.00017	0
15	Y	0.00000	0.99878	0.00122	0
16	S	0.00000	0.99757	0.00243	0
17	V	0.00000	0.99025	0.00975	0
18	Q	0.00000	0.98589	0.01411	0
19	A	0.00000	0.89838	0.10162	0
20	T	0.00000	0.79304	0.20696	0
21	A	0.00000	0.67755	0.32245	0
22	A	0.00000	0.52176	0.47824	0
23	I	0.00000	0.23409	0.76591	0
24	A	0.00000	0.15504	0.84496	0
25	A	0.00000	0.05384	0.94616	0
26	V	0.00000	0.01563	0.98437	0
27	T	0.00000	0.00247	0.99753	0
28	T	0.00000	0.00043	0.99957	0
29	F	0.00000	2e-05	0.99998	0
30	L	0.00000	0	1.00000	0
31	I	0.00000	0	1.00000	0
32	L	0.00000	0	1.00000	0
33	F	0.00000	0	1.00000	0
34	T	0.00000	0	1.00000	0
35	V	0.00000	0	1.00000	0
36	F	0.00000	0	1.00000	0
37	G	0.00000	0	1.00000	0
38	N	0.00000	0	1.00000	0
39	A	0.00000	0	1.00000	0
40	L	0.00000	0	1.00000	0
41	V	0.00000	0	1.00000	0
42	I	0.00002	0	0.99998	0
43	L	0.00116	0	0.99884	0
44	A	0.03377	0	0.96623	0
45	V	0.11560	0	0.88440	0
46	L	0.37788	0	0.62212	0
47	T	0.95048	0	0.04952	0
48	S	0.99623	0	0.00377	0
49	R	0.99993	0	0.00007	0
50	S	1.00000	0	0.00000	0
51	L	1.00000	0	0.00000	0
52	R	1.00000	0	0.00000	0
53	A	1.00000	0	0.00000	0
54	P	1.00000	0	0.00000	0
55	Q	0.83517	0	0.16483	0
56	N	0.14283	0	0.85717	0
57	L	0.02263	0	0.97737	0
58	F	0.00019	0	0.99981	0
59	L	0.00000	0	1.00000	0
60	V	0.00000	0	1.00000	0
61	S	0.00000	0	1.00000	0
62	L	0.00000	0	1.00000	0
63	A	0.00000	0	1.00000	0
64	A	0.00000	0	1.00000	0
65	A	0.00000	0	1.00000	0
66	D	0.00000	0	1.00000	0
67	I	0.00000	0	1.00000	0
68	L	0.00000	0	1.00000	0
69	V	0.00000	0	1.00000	0
70	A	0.00000	0	1.00000	0
71	T	0.00000	0	1.00000	0
72	L	0.00000	0	1.00000	0
73	I	0.00000	0	1.00000	0
74	I	0.00000	0.00023	0.99977	0
75	P	0.00000	0.00409	0.99591	0
76	F	0.00000	0.04313	0.95687	0
77	S	0.00000	0.41626	0.58374	0
78	L	0.00000	0.56173	0.43827	0
79	A	0.00000	0.82906	0.17094	0
80	N	0.00000	0.99998	0.00002	0
81	E	0.00000	0.99999	0.00001	0
82	L	0.00000	0.99999	0.00001	0
83	L	0.00000	0.99999	0.00001	0
84	G	0.00000	1	0.00000	0
85	Y	0.00000	1	0.00000	0
86	W	0.00000	1	0.00000	0
87	Y	0.00000	1	0.00000	0
88	F	0.00000	1	0.00000	0
89	W	0.00000	1	0.00000	0
90	H	0.00000	1	0.00000	0
91	T	0.00000	1	0.00000	0
92	W	0.00000	1	0.00000	0
93	C	0.00000	1	0.00000	0
94	E	0.00000	1	0.00000	0
95	V	0.00000	0.99886	0.00114	0
96	Y	0.00000	0.84792	0.15208	0
97	L	0.00000	0.36263	0.63737	0
98	A	0.00000	0.2047	0.79530	0
99	L	0.00000	0.00389	0.99611	0
100	D	0.00000	0.00133	0.99867	0
101	V	0.00000	2e-05	0.99998	0
102	L	0.00000	0	1.00000	0
103	F	0.00000	0	1.00000	0
104	C	0.00000	0	1.00000	0
105	T	0.00000	0	1.00000	0
106	S	0.00000	0	1.00000	0
107	S	0.00000	0	1.00000	0
108	I	0.00000	0	1.00000	0
109	V	0.00000	0	1.00000	0
110	H	0.00000	0	1.00000	0
111	L	0.00000	0	1.00000	0
112	C	0.00000	0	1.00000	0
113	A	0.00000	0	1.00000	0
114	I	0.00000	0	1.00000	0
115	S	0.00000	0	1.00000	0
116	L	0.00000	0	1.00000	0
117	D	0.00000	0	1.00000	0
118	R	0.00460	0	0.99540	0
119	Y	0.03660	0	0.96340	0
120	W	0.08191	0	0.91809	0
121	A	0.78267	0	0.21733	0
122	V	1.00000	0	0.00000	0
123	S	1.00000	0	0.00000	0
124	R	1.00000	0	0.00000	0
125	A	1.00000	0	0.00000	0
126	L	1.00000	0	0.00000	0
127	E	1.00000	0	0.00000	0
128	Y	1.00000	0	0.00000	0
129	N	1.00000	0	0.00000	0
130	S	1.00000	0	0.00000	0
131	K	1.00000	0	0.00000	0
132	R	1.00000	0	0.00000	0
133	T	1.00000	0	0.00000	0
134	P	0.99999	0	0.00001	0
135	R	0.99974	0	0.00026	0
136	R	0.97253	0	0.02747	0
137	I	0.13408	0	0.86592	0
138	K	0.10916	0	0.89084	0
139	G	0.01966	0	0.98034	0
140	I	0.00005	0	0.99995	0
141	I	0.00000	0	1.00000	0
142	L	0.00000	0	1.00000	0
143	T	0.00000	0	1.00000	0
144	V	0.00000	0	1.00000	0
145	W	0.00000	0	1.00000	0
146	L	0.00000	0	1.00000	0
147	I	0.00000	0	1.00000	0
148	A	0.00000	0	1.00000	0
149	A	0.00000	0	1.00000	0
150	A	0.00000	0	1.00000	0
151	I	0.00000	0	1.00000	0
152	S	0.00000	0	1.00000	0
153	L	0.00000	0	1.00000	0
154	P	0.00000	2e-05	0.99998	0
155	P	0.00000	0.00019	0.99981	0
156	L	0.00000	0.00113	0.99887	0
157	I	0.00000	0.0397	0.96030	0
158	Y	0.00000	0.47788	0.52212	0
159	K	0.00000	0.97998	0.02002	0
160	G	0.00000	0.99236	0.00764	0
161	D	0.00000	0.99999	0.00001	0
162	Q	0.00000	1	0.00000	0
163	G	0.00000	1	0.00000	0
164	P	0.00000	1	0.00000	0
165	Q	0.00000	1	0.00000	0
166	P	0.00000	1	0.00000	0
167	H	0.00000	1	0.00000	0
168	G	0.00000	1	0.00000	0
169	R	0.00000	1	0.00000	0
170	P	0.00000	1	0.00000	0
171	Q	0.00000	1	0.00000	0
172	C	0.00000	1	0.00000	0
173	R	0.00000	1	0.00000	0
174	L	0.00000	1	0.00000	0
175	N	0.00000	0.99999	0.00001	0
176	Q	0.00000	0.99997	0.00003	0
177	E	0.00000	0.9998	0.00020	0
178	A	0.00000	0.62616	0.37384	0
179	W	0.00000	0.41587	0.58413	0
180	Y	0.00000	0.15676	0.84324	0
181	I	0.00000	0.14329	0.85671	0
182	L	0.00000	0.01056	0.98944	0
183	S	0.00000	0.00128	0.99872	0
184	S	0.00000	0.00077	0.99923	0
185	S	0.00000	0.0004	0.99960	0
186	I	0.00000	9e-05	0.99991	0
187	G	0.00000	0	1.00000	0
188	S	0.00000	0	1.00000	0
189	F	0.00000	0	1.00000	0
190	F	0.00000	0	1.00000	0
191	A	0.00000	0	1.00000	0
192	P	0.00000	0	1.00000	0
193	C	0.00000	0	1.00000	0
194	L	0.00000	0	1.00000	0
195	I	0.00000	0	1.00000	0
196	M	0.00000	0	1.00000	0
197	I	0.00000	0	1.00000	0
198	L	0.00000	0	1.00000	0
199	V	0.00002	0	0.99998	0
200	Y	0.00079	0	0.99921	0
201	L	0.01720	0	0.98280	0
202	R	0.18414	0	0.81586	0
203	I	0.19498	0	0.80502	0
204	Y	0.25024	0	0.74976	0
205	L	0.49195	0	0.50805	0
206	I	0.62058	0	0.37942	0
207	A	0.99735	0	0.00265	0
208	K	0.99995	0	0.00005	0
209	R	1.00000	0	0.00000	0
210	S	1.00000	0	0.00000	0
211	N	1.00000	0	0.00000	0
212	R	1.00000	0	0.00000	0
213	R	1.00000	0	0.00000	0
214	G	1.00000	0	0.00000	0
215	P	1.00000	0	0.00000	0
216	R	1.00000	0	0.00000	0
217	A	1.00000	0	0.00000	0
218	Q	1.00000	0	0.00000	0
219	G	1.00000	0	0.00000	0
220	A	1.00000	0	0.00000	0
221	S	1.00000	0	0.00000	0
222	K	1.00000	0	0.00000	0
223	G	1.00000	0	0.00000	0
224	G	1.00000	0	0.00000	0
225	A	1.00000	0	0.00000	0
226	S	1.00000	0	0.00000	0
227	K	1.00000	0	0.00000	0
228	Q	1.00000	0	0.00000	0
229	P	1.00000	0	0.00000	0
230	H	1.00000	0	0.00000	0
231	P	1.00000	0	0.00000	0
232	L	1.00000	0	0.00000	0
233	A	1.00000	0	0.00000	0
234	G	1.00000	0	0.00000	0
235	G	1.00000	0	0.00000	0
236	A	1.00000	0	0.00000	0
237	S	1.00000	0	0.00000	0
238	T	1.00000	0	0.00000	0
239	K	1.00000	0	0.00000	0
240	P	1.00000	0	0.00000	0
241	P	1.00000	0	0.00000	0
242	T	1.00000	0	0.00000	0
243	L	1.00000	0	0.00000	0
244	T	1.00000	0	0.00000	0
245	S	1.00000	0	0.00000	0
246	S	1.00000	0	0.00000	0
247	L	1.00000	0	0.00000	0
248	A	1.00000	0	0.00000	0
249	V	1.00000	0	0.00000	0
250	A	1.00000	0	0.00000	0
251	G	1.00000	0	0.00000	0
252	E	1.00000	0	0.00000	0
253	V	1.00000	0	0.00000	0
254	N	1.00000	0	0.00000	0
255	G	1.00000	0	0.00000	0
256	H	1.00000	0	0.00000	0
257	S	1.00000	0	0.00000	0
258	K	1.00000	0	0.00000	0
259	P	1.00000	0	0.00000	0
260	T	1.00000	0	0.00000	0
261	G	1.00000	0	0.00000	0
262	Q	1.00000	0	0.00000	0
263	E	1.00000	0	0.00000	0
264	G	1.00000	0	0.00000	0
265	K	1.00000	0	0.00000	0
266	T	1.00000	0	0.00000	0
267	P	1.00000	0	0.00000	0
268	E	1.00000	0	0.00000	0
269	D	1.00000	0	0.00000	0
270	L	1.00000	0	0.00000	0
271	G	1.00000	0	0.00000	0
272	V	1.00000	0	0.00000	0
273	V	1.00000	0	0.00000	0
274	T	1.00000	0	0.00000	0
275	L	1.00000	0	0.00000	0
276	P	1.00000	0	0.00000	0
277	P	1.00000	0	0.00000	0
278	N	1.00000	0	0.00000	0
279	W	1.00000	0	0.00000	0
280	P	1.00000	0	0.00000	0
281	A	1.00000	0	0.00000	0
282	L	1.00000	0	0.00000	0
283	P	1.00000	0	0.00000	0
284	N	1.00000	0	0.00000	0
285	S	1.00000	0	0.00000	0
286	G	1.00000	0	0.00000	0
287	Q	1.00000	0	0.00000	0
288	G	1.00000	0	0.00000	0
289	Q	1.00000	0	0.00000	0
290	K	1.00000	0	0.00000	0
291	E	1.00000	0	0.00000	0
292	G	1.00000	0	0.00000	0
293	V	1.00000	0	0.00000	0
294	C	1.00000	0	0.00000	0
295	G	1.00000	0	0.00000	0
296	I	1.00000	0	0.00000	0
297	S	1.00000	0	0.00000	0
298	P	1.00000	0	0.00000	0
299	E	1.00000	0	0.00000	0
300	E	1.00000	0	0.00000	0
301	D	1.00000	0	0.00000	0
302	A	1.00000	0	0.00000	0
303	E	1.00000	0	0.00000	0
304	E	1.00000	0	0.00000	0
305	E	1.00000	0	0.00000	0
306	E	1.00000	0	0.00000	0
307	E	1.00000	0	0.00000	0
308	G	1.00000	0	0.00000	0
309	G	1.00000	0	0.00000	0
310	P	1.00000	0	0.00000	0
311	E	1.00000	0	0.00000	0
312	A	1.00000	0	0.00000	0
313	L	1.00000	0	0.00000	0
314	P	1.00000	0	0.00000	0
315	A	1.00000	0	0.00000	0
316	S	1.00000	0	0.00000	0
317	P	1.00000	0	0.00000	0
318	A	1.00000	0	0.00000	0
319	S	1.00000	0	0.00000	0
320	A	1.00000	0	0.00000	0
321	G	1.00000	0	0.00000	0
322	S	1.00000	0	0.00000	0
323	P	1.00000	0	0.00000	0
324	Q	1.00000	0	0.00000	0
325	L	1.00000	0	0.00000	0
326	Q	1.00000	0	0.00000	0
327	Q	1.00000	0	0.00000	0
328	P	1.00000	0	0.00000	0
329	Q	1.00000	0	0.00000	0
330	G	1.00000	0	0.00000	0
331	T	1.00000	0	0.00000	0
332	R	1.00000	0	0.00000	0
333	V	1.00000	0	0.00000	0
334	L	1.00000	0	0.00000	0
335	V	1.00000	0	0.00000	0
336	T	1.00000	0	0.00000	0
337	L	1.00000	0	0.00000	0
338	R	1.00000	0	0.00000	0
339	G	1.00000	0	0.00000	0
340	Q	1.00000	0	0.00000	0
341	V	1.00000	0	0.00000	0
342	V	1.00000	0	0.00000	0
343	L	1.00000	0	0.00000	0
344	S	1.00000	0	0.00000	0
345	R	1.00000	0	0.00000	0
346	G	1.00000	0	0.00000	0
347	L	1.00000	0	0.00000	0
348	G	1.00000	0	0.00000	0
349	A	1.00000	0	0.00000	0
350	A	1.00000	0	0.00000	0
351	S	1.00000	0	0.00000	0
352	G	1.00000	0	0.00000	0
353	Q	1.00000	0	0.00000	0
354	W	1.00000	0	0.00000	0
355	W	1.00000	0	0.00000	0
356	R	1.00000	0	0.00000	0
357	R	1.00000	0	0.00000	0
358	R	1.00000	0	0.00000	0
359	T	1.00000	0	0.00000	0
360	Q	1.00000	0	0.00000	0
361	L	1.00000	0	0.00000	0
362	T	1.00000	0	0.00000	0
363	R	1.00000	0	0.00000	0
364	E	1.00000	0	0.00000	0
365	K	0.96113	0	0.03887	0
366	R	0.95955	0	0.04045	0
367	F	0.66149	0	0.33851	0
368	T	0.40359	0	0.59641	0
369	F	0.07691	0	0.92309	0
370	V	0.07291	0	0.92709	0
371	L	0.00108	0	0.99892	0
372	A	0.00003	0	0.99997	0
373	V	0.00002	0	0.99998	0
374	V	0.00000	0	1.00000	0
375	I	0.00000	0	1.00000	0
376	G	0.00000	0	1.00000	0
377	V	0.00000	0	1.00000	0
378	F	0.00000	0	1.00000	0
379	V	0.00000	0	1.00000	0
380	L	0.00000	0	1.00000	0
381	C	0.00000	0	1.00000	0
382	W	0.00000	0	1.00000	0
383	F	0.00000	0	1.00000	0
384	P	0.00000	0	1.00000	0
385	F	0.00000	0	1.00000	0
386	F	0.00000	1e-05	0.99999	0
387	F	0.00000	0.00164	0.99836	0
388	S	0.00000	0.0246	0.97540	0
389	Y	0.00000	0.0479	0.95210	0
390	S	0.00000	0.15041	0.84959	0
391	L	0.00000	0.21404	0.78596	0
392	G	0.00000	0.50933	0.49067	0
393	A	0.00000	0.58861	0.41139	0
394	I	0.00000	0.81513	0.18487	0
395	C	0.00000	0.97994	0.02006	0
396	P	0.00000	0.99655	0.00345	0
397	Q	0.00000	0.9994	0.00060	0
398	H	0.00000	0.99992	0.00008	0
399	C	0.00000	0.99998	0.00002	0
400	T	0.00000	0.99998	0.00002	0
401	V	0.00000	0.99997	0.00003	0
402	P	0.00000	0.99996	0.00004	0
403	H	0.00000	0.99965	0.00035	0
404	G	0.00000	0.99784	0.00216	0
405	L	0.00000	0.96251	0.03749	0
406	F	0.00000	0.95291	0.04709	0
407	Q	0.00000	0.6434	0.35660	0
408	F	0.00000	0.00695	0.99305	0
409	F	0.00000	0.00033	0.99967	0
410	F	0.00000	0	1.00000	0
411	W	0.00000	0	1.00000	0
412	I	0.00000	0	1.00000	0
413	G	0.00000	0	1.00000	0
414	Y	0.00000	0	1.00000	0
415	C	0.00000	0	1.00000	0
416	N	0.00000	0	1.00000	0
417	S	0.00000	0	1.00000	0
418	S	0.00000	0	1.00000	0
419	L	0.00000	0	1.00000	0
420	N	0.00000	0	1.00000	0
421	P	0.00000	0	1.00000	0
422	V	0.00000	0	1.00000	0
423	I	0.00000	0	1.00000	0
424	Y	0.00000	0	1.00000	0
425	T	0.00002	0	0.99998	0
426	I	0.00073	0	0.99927	0
427	F	0.04535	0	0.95465	0
428	N	0.27875	0	0.72125	0
429	Q	0.99373	0	0.00627	0
430	D	0.99894	0	0.00106	0
431	F	0.99961	0	0.00039	0
432	R	1.00000	0	0.00000	0
433	R	1.00000	0	0.00000	0
434	A	1.00000	0	0.00000	0
435	F	1.00000	0	0.00000	0
436	R	1.00000	0	0.00000	0
437	R	1.00000	0	0.00000	0
438	I	1.00000	0	0.00000	0
439	L	1.00000	0	0.00000	0
440	C	1.00000	0	0.00000	0
441	R	1.00000	0	0.00000	0
442	Q	1.00000	0	0.00000	0
443	W	1.00000	0	0.00000	0
444	T	1.00000	0	0.00000	0
445	R	1.00000	0	0.00000	0
446	T	1.00000	0	0.00000	0
447	A	1.00000	0	0.00000	0
448	W	1.00000	0	0.00000	0
