# UNNAMED
#pos	aa	i	o	M	S
1	M	0.00000	1	0.00000	0
2	I	0.00000	1	0.00000	0
3	P	0.00000	1	0.00000	0
4	E	0.00000	1	0.00000	0
5	Q	0.00000	1	0.00000	0
6	S	0.00000	1	0.00000	0
7	P	0.00000	1	0.00000	0
8	P	0.00000	1	0.00000	0
9	N	0.00000	1	0.00000	0
10	H	0.00000	1	0.00000	0
11	S	0.00000	1	0.00000	0
12	T	0.00000	1	0.00000	0
13	P	0.00000	1	0.00000	0
14	D	0.00000	1	0.00000	0
15	W	0.00000	1	0.00000	0
16	E	0.00000	1	0.00000	0
17	S	0.00000	1	0.00000	0
18	G	0.00000	1	0.00000	0
19	P	0.00000	1	0.00000	0
20	P	0.00000	1	0.00000	0
21	S	0.00000	0.99999	0.00001	0
22	G	0.00000	0.99996	0.00004	0
23	A	0.00000	0.99992	0.00008	0
24	G	0.00000	0.99494	0.00506	0
25	G	0.00000	0.97484	0.02516	0
26	S	0.00000	0.9196	0.08040	0
27	G	0.00000	0.67191	0.32809	0
28	W	0.00000	0.11104	0.88896	0
29	V	0.00000	0.01327	0.98673	0
30	A	0.00000	0.00857	0.99143	0
31	A	0.00000	0.00474	0.99526	0
32	A	0.00000	0.00238	0.99762	0
33	L	0.00000	0.00055	0.99945	0
34	C	0.00000	0.00022	0.99978	0
35	V	0.00000	1e-05	0.99999	0
36	V	0.00000	0	1.00000	0
37	I	0.00000	0	1.00000	0
38	V	0.00000	0	1.00000	0
39	L	0.00000	0	1.00000	0
40	T	0.00000	0	1.00000	0
41	A	0.00000	0	1.00000	0
42	A	0.00000	0	1.00000	0
43	A	0.00000	0	1.00000	0
44	N	0.00000	0	1.00000	0
45	S	0.00000	0	1.00000	0
46	L	0.00000	0	1.00000	0
47	L	0.00000	0	1.00000	0
48	I	0.00001	0	0.99999	0
49	A	0.00020	0	0.99980	0
50	L	0.00304	0	0.99696	0
51	I	0.04599	0	0.95401	0
52	C	0.42442	0	0.57558	0
53	T	0.96290	0	0.03710	0
54	Q	0.99941	0	0.00059	0
55	P	0.99999	0	0.00001	0
56	A	1.00000	0	0.00000	0
57	L	1.00000	0	0.00000	0
58	R	1.00000	0	0.00000	0
59	N	0.99899	0	0.00101	0
60	T	0.99506	0	0.00494	0
61	S	0.88509	0	0.11491	0
62	N	0.18939	0	0.81061	0
63	F	0.03173	0	0.96827	0
64	F	0.00317	0	0.99683	0
65	L	0.00005	0	0.99995	0
66	V	0.00000	0	1.00000	0
67	S	0.00000	0	1.00000	0
68	L	0.00000	0	1.00000	0
69	F	0.00000	0	1.00000	0
70	T	0.00000	0	1.00000	0
71	S	0.00000	0	1.00000	0
72	D	0.00000	0	1.00000	0
73	L	0.00000	0	1.00000	0
74	M	0.00000	0	1.00000	0
75	V	0.00000	0	1.00000	0
76	G	0.00000	0	1.00000	0
77	L	0.00000	0	1.00000	0
78	V	0.00000	0	1.00000	0
79	V	0.00000	2e-05	0.99998	0
80	M	0.00000	0.00034	0.99966	0
81	P	0.00000	0.00674	0.99326	0
82	P	0.00000	0.02229	0.97771	0
83	A	0.00000	0.09823	0.90177	0
84	M	0.00000	0.18979	0.81021	0
85	L	0.00000	0.50857	0.49143	0
86	N	0.00000	0.99997	0.00003	0
87	A	0.00000	1	0.00000	0
88	L	0.00000	1	0.00000	0
89	Y	0.00000	1	0.00000	0
90	G	0.00000	1	0.00000	0
91	R	0.00000	1	0.00000	0
92	W	0.00000	1	0.00000	0
93	V	0.00000	0.99999	0.00001	0
94	L	0.00000	0.99997	0.00003	0
95	A	0.00000	0.99997	0.00003	0
96	R	0.00000	0.99994	0.00006	0
97	G	0.00000	0.99985	0.00015	0
98	L	0.00000	0.99971	0.00029	0
99	C	0.00000	0.99963	0.00037	0
100	L	0.00000	0.99868	0.00132	0
101	L	0.00000	0.99764	0.00236	0
102	W	0.00000	0.88253	0.11747	0
103	A	0.00000	0.24705	0.75295	0
104	A	0.00000	0.00753	0.99247	0
105	F	0.00000	6e-05	0.99994	0
106	D	0.00000	1e-05	0.99999	0
107	V	0.00000	0	1.00000	0
108	M	0.00000	0	1.00000	0
109	C	0.00000	0	1.00000	0
110	C	0.00000	0	1.00000	0
111	S	0.00000	0	1.00000	0
112	A	0.00000	0	1.00000	0
113	S	0.00000	0	1.00000	0
114	I	0.00000	0	1.00000	0
115	L	0.00000	0	1.00000	0
116	N	0.00000	0	1.00000	0
117	L	0.00000	0	1.00000	0
118	C	0.00000	0	1.00000	0
119	L	0.00000	0	1.00000	0
120	I	0.00000	0	1.00000	0
121	S	0.00000	0	1.00000	0
122	F	0.00000	0	1.00000	0
123	D	0.00002	0	0.99998	0
124	R	0.04474	0	0.95526	0
125	Y	0.34764	0	0.65236	0
126	L	0.79662	0	0.20338	0
127	L	0.92626	0	0.07374	0
128	I	0.99997	0	0.00003	0
129	L	1.00000	0	0.00000	0
130	S	1.00000	0	0.00000	0
131	P	1.00000	0	0.00000	0
132	L	1.00000	0	0.00000	0
133	R	1.00000	0	0.00000	0
134	Y	1.00000	0	0.00000	0
135	K	1.00000	0	0.00000	0
136	L	1.00000	0	0.00000	0
137	R	1.00000	0	0.00000	0
138	M	1.00000	0	0.00000	0
139	T	1.00000	0	0.00000	0
140	P	0.99999	0	0.00001	0
141	P	0.99967	0	0.00033	0
142	R	0.96242	0	0.03758	0
143	A	0.32320	0	0.67680	0
144	M	0.06108	0	0.93892	0
145	A	0.01470	0	0.98530	0
146	L	0.00097	0	0.99903	0
147	V	0.00000	0	1.00000	0
148	L	0.00000	0	1.00000	0
149	G	0.00000	0	1.00000	0
150	A	0.00000	0	1.00000	0
151	W	0.00000	0	1.00000	0
152	S	0.00000	0	1.00000	0
153	L	0.00000	0	1.00000	0
154	A	0.00000	0	1.00000	0
155	A	0.00000	0	1.00000	0
156	L	0.00000	0	1.00000	0
157	A	0.00000	0	1.00000	0
158	S	0.00000	0	1.00000	0
159	F	0.00000	0	1.00000	0
160	L	0.00000	0	1.00000	0
161	P	0.00000	0.00016	0.99984	0
162	L	0.00000	0.00089	0.99911	0
163	L	0.00000	0.01377	0.98623	0
164	L	0.00000	0.18283	0.81717	0
165	G	0.00000	0.81625	0.18375	0
166	W	0.00000	0.91231	0.08769	0
167	H	0.00000	0.99308	0.00692	0
168	E	0.00000	0.99993	0.00007	0
169	L	0.00000	0.99997	0.00003	0
170	G	0.00000	1	0.00000	0
171	R	0.00000	1	0.00000	0
172	A	0.00000	1	0.00000	0
173	R	0.00000	1	0.00000	0
174	A	0.00000	1	0.00000	0
175	P	0.00000	1	0.00000	0
176	V	0.00000	1	0.00000	0
177	P	0.00000	1	0.00000	0
178	G	0.00000	1	0.00000	0
179	Q	0.00000	1	0.00000	0
180	C	0.00000	0.9998	0.00020	0
181	R	0.00000	0.99964	0.00036	0
182	L	0.00000	0.1937	0.80630	0
183	L	0.00000	0.18848	0.81152	0
184	A	0.00000	0.18137	0.81863	0
185	S	0.00000	0.18081	0.81919	0
186	L	0.00000	0.17061	0.82939	0
187	P	0.00000	0.16791	0.83209	0
188	F	0.00000	0.03969	0.96031	0
189	V	0.00000	0.00041	0.99959	0
190	L	0.00000	0.00024	0.99976	0
191	V	0.00000	2e-05	0.99998	0
192	A	0.00000	1e-05	0.99999	0
193	S	0.00000	0	1.00000	0
194	G	0.00000	0	1.00000	0
195	L	0.00000	0	1.00000	0
196	T	0.00000	0	1.00000	0
197	F	0.00000	0	1.00000	0
198	F	0.00000	0	1.00000	0
199	L	0.00000	0	1.00000	0
200	P	0.00000	0	1.00000	0
201	S	0.00000	0	1.00000	0
202	G	0.00000	0	1.00000	0
203	A	0.00000	0	1.00000	0
204	I	0.00000	0	1.00000	0
205	C	0.00008	0	0.99992	0
206	F	0.00833	0	0.99167	0
207	T	0.22265	0	0.77735	0
208	Y	0.34024	0	0.65976	0
209	G	0.73589	0	0.26411	0
210	R	0.81717	0	0.18283	0
211	I	0.81967	0	0.18033	0
212	L	0.83033	0	0.16967	0
213	L	0.90222	0	0.09778	0
214	A	0.94687	0	0.05313	0
215	A	0.99968	0	0.00032	0
216	R	0.99999	0	0.00001	0
217	K	1.00000	0	0.00000	0
218	Q	1.00000	0	0.00000	0
219	A	1.00000	0	0.00000	0
220	V	1.00000	0	0.00000	0
221	Q	1.00000	0	0.00000	0
222	V	1.00000	0	0.00000	0
223	A	1.00000	0	0.00000	0
224	S	1.00000	0	0.00000	0
225	L	1.00000	0	0.00000	0
226	T	1.00000	0	0.00000	0
227	T	1.00000	0	0.00000	0
228	G	1.00000	0	0.00000	0
229	M	1.00000	0	0.00000	0
230	A	1.00000	0	0.00000	0
231	G	1.00000	0	0.00000	0
232	Q	1.00000	0	0.00000	0
233	A	1.00000	0	0.00000	0
234	L	1.00000	0	0.00000	0
235	D	1.00000	0	0.00000	0
236	M	1.00000	0	0.00000	0
237	L	1.00000	0	0.00000	0
238	Q	1.00000	0	0.00000	0
239	V	1.00000	0	0.00000	0
240	P	1.00000	0	0.00000	0
241	R	1.00000	0	0.00000	0
242	T	1.00000	0	0.00000	0
243	S	1.00000	0	0.00000	0
244	R	1.00000	0	0.00000	0
245	P	1.00000	0	0.00000	0
246	V	1.00000	0	0.00000	0
247	V	1.00000	0	0.00000	0
248	E	1.00000	0	0.00000	0
249	S	1.00000	0	0.00000	0
250	A	1.00000	0	0.00000	0
251	E	1.00000	0	0.00000	0
252	S	1.00000	0	0.00000	0
253	R	1.00000	0	0.00000	0
254	R	1.00000	0	0.00000	0
255	L	1.00000	0	0.00000	0
256	A	1.00000	0	0.00000	0
257	P	1.00000	0	0.00000	0
258	K	1.00000	0	0.00000	0
259	H	1.00000	0	0.00000	0
260	S	0.99991	0	0.00009	0
261	R	0.99490	0	0.00510	0
262	K	0.75018	0	0.24982	0
263	A	0.74763	0	0.25237	0
264	L	0.55808	0	0.44192	0
265	K	0.55731	0	0.44269	0
266	A	0.12703	0	0.87297	0
267	S	0.12543	0	0.87457	0
268	L	0.12300	0	0.87700	0
269	T	0.12249	0	0.87751	0
270	L	0.00290	0	0.99710	0
271	G	0.00029	0	0.99971	0
272	I	0.00001	0	0.99999	0
273	L	0.00000	0	1.00000	0
274	L	0.00000	0	1.00000	0
275	G	0.00000	0	1.00000	0
276	M	0.00000	0	1.00000	0
277	F	0.00000	0	1.00000	0
278	F	0.00000	0	1.00000	0
279	V	0.00000	0	1.00000	0
280	T	0.00000	0	1.00000	0
281	W	0.00000	0	1.00000	0
282	L	0.00000	4e-05	0.99996	0
283	P	0.00000	0.00063	0.99937	0
284	F	0.00000	0.00105	0.99895	0
285	F	0.00000	0.00516	0.99484	0
286	V	0.00000	0.03241	0.96759	0
287	A	0.00000	0.11364	0.88636	0
288	N	0.00000	0.31664	0.68336	0
289	I	0.00000	0.36996	0.63004	0
290	A	0.00000	0.51951	0.48049	0
291	Q	0.00000	0.79357	0.20643	0
292	A	0.00000	0.83562	0.16438	0
293	V	0.00000	0.89158	0.10842	0
294	C	0.00000	0.99094	0.00906	0
295	D	0.00000	0.99999	0.00001	0
296	C	0.00000	1	0.00000	0
297	V	0.00000	1	0.00000	0
298	S	0.00000	1	0.00000	0
299	P	0.00000	0.99999	0.00001	0
300	D	0.00000	0.99988	0.00012	0
301	L	0.00000	0.99399	0.00601	0
302	F	0.00000	0.99241	0.00759	0
303	D	0.00000	0.9462	0.05380	0
304	V	0.00000	0.00891	0.99109	0
305	L	0.00000	0.00028	0.99972	0
306	T	0.00000	0	1.00000	0
307	W	0.00000	0	1.00000	0
308	L	0.00000	0	1.00000	0
309	G	0.00000	0	1.00000	0
310	Y	0.00000	0	1.00000	0
311	C	0.00000	0	1.00000	0
312	N	0.00000	0	1.00000	0
313	S	0.00000	0	1.00000	0
314	T	0.00000	0	1.00000	0
315	M	0.00000	0	1.00000	0
316	N	0.00000	0	1.00000	0
317	P	0.00000	0	1.00000	0
318	I	0.00000	0	1.00000	0
319	I	0.00000	0	1.00000	0
320	Y	0.00001	0	0.99999	0
321	P	0.00008	0	0.99992	0
322	L	0.00028	0	0.99972	0
323	F	0.04499	0	0.95501	0
324	M	0.18093	0	0.81907	0
325	R	1.00000	0	0.00000	0
326	D	1.00000	0	0.00000	0
327	F	1.00000	0	0.00000	0
328	K	1.00000	0	0.00000	0
329	R	1.00000	0	0.00000	0
330	A	1.00000	0	0.00000	0
331	L	1.00000	0	0.00000	0
332	G	1.00000	0	0.00000	0
333	K	1.00000	0	0.00000	0
334	F	1.00000	0	0.00000	0
335	L	1.00000	0	0.00000	0
336	P	1.00000	0	0.00000	0
337	C	1.00000	0	0.00000	0
338	P	1.00000	0	0.00000	0
339	R	1.00000	0	0.00000	0
340	C	1.00000	0	0.00000	0
341	P	1.00000	0	0.00000	0
342	R	1.00000	0	0.00000	0
343	E	1.00000	0	0.00000	0
344	H	1.00000	0	0.00000	0
345	Q	1.00000	0	0.00000	0
346	A	1.00000	0	0.00000	0
347	R	1.00000	0	0.00000	0
348	L	1.00000	0	0.00000	0
349	A	1.00000	0	0.00000	0
350	S	1.00000	0	0.00000	0
351	P	1.00000	0	0.00000	0
352	S	1.00000	0	0.00000	0
353	V	1.00000	0	0.00000	0
354	R	1.00000	0	0.00000	0
355	T	1.00000	0	0.00000	0
356	S	1.00000	0	0.00000	0
357	H	1.00000	0	0.00000	0
358	S	1.00000	0	0.00000	0
359	G	1.00000	0	0.00000	0
360	P	1.00000	0	0.00000	0
361	R	1.00000	0	0.00000	0
362	P	1.00000	0	0.00000	0
363	G	1.00000	0	0.00000	0
364	L	1.00000	0	0.00000	0
365	S	1.00000	0	0.00000	0
366	L	1.00000	0	0.00000	0
367	Q	1.00000	0	0.00000	0
368	H	1.00000	0	0.00000	0
369	V	1.00000	0	0.00000	0
370	L	1.00000	0	0.00000	0
371	P	1.00000	0	0.00000	0
372	L	1.00000	0	0.00000	0
373	P	1.00000	0	0.00000	0
374	L	1.00000	0	0.00000	0
375	P	1.00000	0	0.00000	0
376	P	1.00000	0	0.00000	0
377	S	1.00000	0	0.00000	0
378	A	1.00000	0	0.00000	0
379	D	1.00000	0	0.00000	0
380	L	1.00000	0	0.00000	0
381	D	1.00000	0	0.00000	0
382	S	1.00000	0	0.00000	0
383	G	1.00000	0	0.00000	0
384	G	1.00000	0	0.00000	0
385	S	1.00000	0	0.00000	0
386	S	1.00000	0	0.00000	0
387	G	1.00000	0	0.00000	0
388	L	1.00000	0	0.00000	0
389	Q	1.00000	0	0.00000	0
390	L	1.00000	0	0.00000	0
391	T	1.00000	0	0.00000	0
392	T	1.00000	0	0.00000	0
393	Q	1.00000	0	0.00000	0
394	P	1.00000	0	0.00000	0
395	L	1.00000	0	0.00000	0
396	L	1.00000	0	0.00000	0
397	P	1.00000	0	0.00000	0
398	G	1.00000	0	0.00000	0
399	E	1.00000	0	0.00000	0
400	A	1.00000	0	0.00000	0
401	T	1.00000	0	0.00000	0
402	R	1.00000	0	0.00000	0
403	G	1.00000	0	0.00000	0
404	P	1.00000	0	0.00000	0
405	P	1.00000	0	0.00000	0
406	A	1.00000	0	0.00000	0
407	P	1.00000	0	0.00000	0
408	V	1.00000	0	0.00000	0
409	R	1.00000	0	0.00000	0
410	A	1.00000	0	0.00000	0
411	T	1.00000	0	0.00000	0
412	A	1.00000	0	0.00000	0
413	V	1.00000	0	0.00000	0
414	V	1.00000	0	0.00000	0
415	T	1.00000	0	0.00000	0
416	F	1.00000	0	0.00000	0
417	F	1.00000	0	0.00000	0
418	N	1.00000	0	0.00000	0
419	D	1.00000	0	0.00000	0
420	D	1.00000	0	0.00000	0
421	P	1.00000	0	0.00000	0
422	V	1.00000	0	0.00000	0
423	E	1.00000	0	0.00000	0
424	P	1.00000	0	0.00000	0
425	E	1.00000	0	0.00000	0
426	L	1.00000	0	0.00000	0
427	R	1.00000	0	0.00000	0
428	L	1.00000	0	0.00000	0
429	H	1.00000	0	0.00000	0
430	P	1.00000	0	0.00000	0
431	L	1.00000	0	0.00000	0
432	G	1.00000	0	0.00000	0
433	T	1.00000	0	0.00000	0
434	P	1.00000	0	0.00000	0
435	T	1.00000	0	0.00000	0
436	N	1.00000	0	0.00000	0
