# UNNAMED
#pos	aa	i	o	M	S
1	M	0.00000	1	0.00000	0
2	A	0.00000	1	0.00000	0
3	T	0.00000	1	0.00000	0
4	A	0.00000	1	0.00000	0
5	S	0.00000	1	0.00000	0
6	P	0.00000	1	0.00000	0
7	Q	0.00000	1	0.00000	0
8	H	0.00000	1	0.00000	0
9	L	0.00000	1	0.00000	0
10	W	0.00000	1	0.00000	0
11	D	0.00000	1	0.00000	0
12	D	0.00000	1	0.00000	0
13	F	0.00000	1	0.00000	0
14	R	0.00000	1	0.00000	0
15	D	0.00000	1	0.00000	0
16	A	0.00000	1	0.00000	0
17	G	0.00000	1	0.00000	0
18	Q	0.00000	1	0.00000	0
19	R	0.00000	1	0.00000	0
20	P	0.00000	1	0.00000	0
21	E	0.00000	1	0.00000	0
22	E	0.00000	1	0.00000	0
23	E	0.00000	1	0.00000	0
24	E	0.00000	1	0.00000	0
25	F	0.00000	0.99994	0.00006	0
26	L	0.00000	0.99993	0.00007	0
27	S	0.00000	0.99991	0.00009	0
28	S	0.00000	0.99969	0.00031	0
29	L	0.00000	0.99801	0.00199	0
30	E	0.00000	0.99679	0.00321	0
31	T	0.00000	0.89283	0.10717	0
32	T	0.00000	0.66271	0.33729	0
33	V	0.00000	0.20417	0.79583	0
34	L	0.00000	0.07181	0.92819	0
35	T	0.00000	0.03799	0.96201	0
36	F	0.00000	0.01153	0.98847	0
37	F	0.00000	0.00246	0.99754	0
38	L	0.00000	0.00038	0.99962	0
39	S	0.00000	6e-05	0.99994	0
40	V	0.00000	0	1.00000	0
41	I	0.00000	0	1.00000	0
42	I	0.00000	0	1.00000	0
43	V	0.00000	0	1.00000	0
44	L	0.00000	0	1.00000	0
45	T	0.00000	0	1.00000	0
46	V	0.00000	0	1.00000	0
47	F	0.00000	0	1.00000	0
48	G	0.00000	0	1.00000	0
49	N	0.00000	0	1.00000	0
50	L	0.00000	0	1.00000	0
51	L	0.00000	0	1.00000	0
52	V	0.00000	0	1.00000	0
53	M	0.00006	0	0.99994	0
54	V	0.00082	0	0.99918	0
55	A	0.03060	0	0.96940	0
56	L	0.11099	0	0.88901	0
57	C	0.45144	0	0.54856	0
58	K	0.99333	0	0.00667	0
59	D	0.99996	0	0.00004	0
60	R	1.00000	0	0.00000	0
61	H	1.00000	0	0.00000	0
62	L	1.00000	0	0.00000	0
63	R	1.00000	0	0.00000	0
64	K	1.00000	0	0.00000	0
65	K	0.99999	0	0.00001	0
66	K	0.99902	0	0.00098	0
67	T	0.86978	0	0.13022	0
68	N	0.15344	0	0.84656	0
69	Y	0.04301	0	0.95699	0
70	F	0.00032	0	0.99968	0
71	I	0.00001	0	0.99999	0
72	V	0.00000	0	1.00000	0
73	S	0.00000	0	1.00000	0
74	L	0.00000	0	1.00000	0
75	A	0.00000	0	1.00000	0
76	F	0.00000	0	1.00000	0
77	A	0.00000	0	1.00000	0
78	D	0.00000	0	1.00000	0
79	L	0.00000	0	1.00000	0
80	L	0.00000	0	1.00000	0
81	V	0.00000	0	1.00000	0
82	A	0.00000	0	1.00000	0
83	V	0.00000	0	1.00000	0
84	V	0.00000	0	1.00000	0
85	V	0.00000	0	1.00000	0
86	M	0.00000	0.00014	0.99986	0
87	P	0.00000	0.00325	0.99675	0
88	F	0.00000	0.03551	0.96449	0
89	A	0.00000	0.20323	0.79677	0
90	A	0.00000	0.40974	0.59026	0
91	I	0.00000	0.60575	0.39425	0
92	E	0.00000	0.99994	0.00006	0
93	L	0.00000	0.99996	0.00004	0
94	T	0.00000	0.99998	0.00002	0
95	T	0.00000	0.99999	0.00001	0
96	G	0.00000	1	0.00000	0
97	Y	0.00000	1	0.00000	0
98	W	0.00000	1	0.00000	0
99	R	0.00000	1	0.00000	0
100	Y	0.00000	1	0.00000	0
101	G	0.00000	1	0.00000	0
102	E	0.00000	1	0.00000	0
103	I	0.00000	1	0.00000	0
104	F	0.00000	0.99995	0.00005	0
105	C	0.00000	0.99994	0.00006	0
106	L	0.00000	0.99987	0.00013	0
107	V	0.00000	0.99983	0.00017	0
108	R	0.00000	0.99523	0.00477	0
109	T	0.00000	0.97845	0.02155	0
110	S	0.00000	0.66651	0.33349	0
111	L	0.00000	0.04351	0.95649	0
112	D	0.00000	0.01139	0.98861	0
113	V	0.00000	0.00018	0.99982	0
114	Q	0.00000	0	1.00000	0
115	L	0.00000	0	1.00000	0
116	T	0.00000	0	1.00000	0
117	T	0.00000	0	1.00000	0
118	A	0.00000	0	1.00000	0
119	S	0.00000	0	1.00000	0
120	I	0.00000	0	1.00000	0
121	L	0.00000	0	1.00000	0
122	H	0.00000	0	1.00000	0
123	L	0.00000	0	1.00000	0
124	C	0.00000	0	1.00000	0
125	C	0.00000	0	1.00000	0
126	I	0.00000	0	1.00000	0
127	A	0.00000	0	1.00000	0
128	L	0.00000	0	1.00000	0
129	D	0.00000	0	1.00000	0
130	R	0.00021	0	0.99979	0
131	Y	0.02893	0	0.97107	0
132	Y	0.27005	0	0.72995	0
133	A	0.96288	0	0.03712	0
134	I	0.99997	0	0.00003	0
135	C	1.00000	0	0.00000	0
136	C	1.00000	0	0.00000	0
137	Q	1.00000	0	0.00000	0
138	P	1.00000	0	0.00000	0
139	L	1.00000	0	0.00000	0
140	V	1.00000	0	0.00000	0
141	Y	1.00000	0	0.00000	0
142	R	1.00000	0	0.00000	0
143	H	1.00000	0	0.00000	0
144	K	1.00000	0	0.00000	0
145	M	0.99998	0	0.00002	0
146	T	0.99957	0	0.00043	0
147	P	0.99482	0	0.00518	0
148	V	0.84984	0	0.15016	0
149	R	0.79991	0	0.20009	0
150	V	0.01745	0	0.98255	0
151	A	0.00147	0	0.99853	0
152	A	0.00041	0	0.99959	0
153	M	0.00013	0	0.99987	0
154	L	0.00000	0	1.00000	0
155	S	0.00000	0	1.00000	0
156	G	0.00000	0	1.00000	0
157	C	0.00000	0	1.00000	0
158	W	0.00000	0	1.00000	0
159	L	0.00000	0	1.00000	0
160	I	0.00000	0	1.00000	0
161	P	0.00000	0	1.00000	0
162	T	0.00000	0	1.00000	0
163	F	0.00000	0	1.00000	0
164	I	0.00000	0	1.00000	0
165	S	0.00000	0	1.00000	0
166	F	0.00000	0	1.00000	0
167	L	0.00000	0.00029	0.99971	0
168	P	0.00000	0.00975	0.99025	0
169	I	0.00000	0.01731	0.98269	0
170	M	0.00000	0.07558	0.92442	0
171	Q	0.00000	0.8537	0.14630	0
172	S	0.00000	0.95772	0.04228	0
173	W	0.00000	0.98135	0.01865	0
174	N	0.00000	0.99935	0.00065	0
175	T	0.00000	0.99994	0.00006	0
176	I	0.00000	0.99998	0.00002	0
177	G	0.00000	1	0.00000	0
178	I	0.00000	1	0.00000	0
179	E	0.00000	1	0.00000	0
180	D	0.00000	1	0.00000	0
181	I	0.00000	1	0.00000	0
182	I	0.00000	1	0.00000	0
183	K	0.00000	1	0.00000	0
184	N	0.00000	1	0.00000	0
185	R	0.00000	1	0.00000	0
186	Q	0.00000	1	0.00000	0
187	S	0.00000	1	0.00000	0
188	S	0.00000	1	0.00000	0
189	G	0.00000	1	0.00000	0
190	G	0.00000	1	0.00000	0
191	G	0.00000	1	0.00000	0
192	S	0.00000	1	0.00000	0
193	N	0.00000	1	0.00000	0
194	D	0.00000	1	0.00000	0
195	T	0.00000	0.99976	0.00024	0
196	S	0.00000	0.99909	0.00091	0
197	C	0.00000	0.96986	0.03014	0
198	V	0.00000	0.87711	0.12289	0
199	F	0.00000	0.07026	0.92974	0
200	M	0.00000	0.04	0.96000	0
201	V	0.00000	0.03349	0.96651	0
202	N	0.00000	0.03291	0.96709	0
203	T	0.00000	0.02845	0.97155	0
204	P	0.00000	0.0116	0.98840	0
205	Y	0.00000	0.0018	0.99820	0
206	A	0.00000	0.00081	0.99919	0
207	L	0.00000	0.00024	0.99976	0
208	I	0.00000	0.00018	0.99982	0
209	C	0.00000	0.00018	0.99982	0
210	S	0.00000	9e-05	0.99991	0
211	A	0.00000	5e-05	0.99995	0
212	V	0.00000	0	1.00000	0
213	A	0.00000	0	1.00000	0
214	F	0.00000	0	1.00000	0
215	Y	0.00000	0	1.00000	0
216	V	0.00000	0	1.00000	0
217	P	0.00001	0	0.99999	0
218	L	0.00001	0	0.99999	0
219	A	0.00004	0	0.99996	0
220	L	0.00018	0	0.99982	0
221	M	0.00050	0	0.99950	0
222	V	0.00119	0	0.99881	0
223	L	0.06074	0	0.93926	0
224	A	0.30128	0	0.69872	0
225	Y	0.45218	0	0.54782	0
226	Q	0.97868	0	0.02132	0
227	R	0.98531	0	0.01469	0
228	I	0.98556	0	0.01444	0
229	Y	0.98684	0	0.01316	0
230	V	0.99385	0	0.00615	0
231	T	0.99805	0	0.00195	0
232	A	0.99991	0	0.00009	0
233	M	0.99993	0	0.00007	0
234	A	0.99995	0	0.00005	0
235	H	0.99996	0	0.00004	0
236	V	0.99996	0	0.00004	0
237	R	1.00000	0	0.00000	0
238	Q	1.00000	0	0.00000	0
239	I	1.00000	0	0.00000	0
240	E	1.00000	0	0.00000	0
241	T	1.00000	0	0.00000	0
242	L	1.00000	0	0.00000	0
243	Q	1.00000	0	0.00000	0
244	R	1.00000	0	0.00000	0
245	A	1.00000	0	0.00000	0
246	G	1.00000	0	0.00000	0
247	S	1.00000	0	0.00000	0
248	A	1.00000	0	0.00000	0
249	P	1.00000	0	0.00000	0
250	H	1.00000	0	0.00000	0
251	C	1.00000	0	0.00000	0
252	S	1.00000	0	0.00000	0
253	L	1.00000	0	0.00000	0
254	R	1.00000	0	0.00000	0
255	T	1.00000	0	0.00000	0
256	A	1.00000	0	0.00000	0
257	A	1.00000	0	0.00000	0
258	S	1.00000	0	0.00000	0
259	S	1.00000	0	0.00000	0
260	S	1.00000	0	0.00000	0
261	T	1.00000	0	0.00000	0
262	E	1.00000	0	0.00000	0
263	Q	1.00000	0	0.00000	0
264	M	1.00000	0	0.00000	0
265	P	1.00000	0	0.00000	0
266	M	1.00000	0	0.00000	0
267	A	1.00000	0	0.00000	0
268	N	1.00000	0	0.00000	0
269	S	1.00000	0	0.00000	0
270	R	1.00000	0	0.00000	0
271	M	1.00000	0	0.00000	0
272	R	1.00000	0	0.00000	0
273	I	1.00000	0	0.00000	0
274	E	1.00000	0	0.00000	0
275	T	0.93036	0	0.06964	0
276	K	0.92892	0	0.07108	0
277	A	0.81749	0	0.18251	0
278	A	0.65276	0	0.34724	0
279	K	0.64909	0	0.35091	0
280	T	0.46468	0	0.53532	0
281	L	0.00423	0	0.99577	0
282	A	0.00009	0	0.99991	0
283	V	0.00007	0	0.99993	0
284	I	0.00000	0	1.00000	0
285	M	0.00000	0	1.00000	0
286	G	0.00000	0	1.00000	0
287	C	0.00000	0	1.00000	0
288	F	0.00000	0	1.00000	0
289	C	0.00000	0	1.00000	0
290	L	0.00000	0	1.00000	0
291	C	0.00000	0	1.00000	0
292	W	0.00000	0	1.00000	0
293	A	0.00000	0	1.00000	0
294	P	0.00000	0	1.00000	0
295	F	0.00000	0	1.00000	0
296	F	0.00000	6e-05	0.99994	0
297	I	0.00000	0.00699	0.99301	0
298	T	0.00000	0.06681	0.93319	0
299	N	0.00000	0.11415	0.88585	0
300	V	0.00000	0.13859	0.86141	0
301	V	0.00000	0.26109	0.73891	0
302	D	0.00000	0.92598	0.07402	0
303	P	0.00000	0.92935	0.07065	0
304	F	0.00000	0.93091	0.06909	0
305	I	0.00000	0.93786	0.06214	0
306	H	0.00000	0.962	0.03800	0
307	Y	0.00000	0.96878	0.03122	0
308	S	0.00000	0.98356	0.01644	0
309	V	0.00000	0.99115	0.00885	0
310	P	0.00000	0.99892	0.00108	0
311	W	0.00000	0.99978	0.00022	0
312	Q	0.00000	0.99967	0.00033	0
313	L	0.00000	0.92626	0.07374	0
314	W	0.00000	0.90301	0.09699	0
315	T	0.00000	0.37226	0.62774	0
316	T	0.00000	0.00932	0.99068	0
317	W	0.00000	0.00033	0.99967	0
318	L	0.00000	0	1.00000	0
319	W	0.00000	0	1.00000	0
320	L	0.00000	0	1.00000	0
321	G	0.00000	0	1.00000	0
322	Y	0.00000	0	1.00000	0
323	I	0.00000	0	1.00000	0
324	N	0.00000	0	1.00000	0
325	S	0.00000	0	1.00000	0
326	G	0.00000	0	1.00000	0
327	L	0.00000	0	1.00000	0
328	N	0.00000	0	1.00000	0
329	P	0.00000	0	1.00000	0
330	F	0.00000	0	1.00000	0
331	L	0.00000	0	1.00000	0
332	Y	0.00000	0	1.00000	0
333	A	0.00007	0	0.99993	0
334	F	0.00193	0	0.99807	0
335	L	0.35046	0	0.64954	0
336	N	0.83258	0	0.16742	0
337	R	1.00000	0	0.00000	0
338	A	1.00000	0	0.00000	0
339	F	1.00000	0	0.00000	0
340	R	1.00000	0	0.00000	0
341	R	1.00000	0	0.00000	0
342	A	1.00000	0	0.00000	0
343	F	1.00000	0	0.00000	0
344	L	1.00000	0	0.00000	0
345	V	1.00000	0	0.00000	0
346	I	1.00000	0	0.00000	0
347	L	1.00000	0	0.00000	0
348	C	1.00000	0	0.00000	0
349	C	1.00000	0	0.00000	0
350	G	1.00000	0	0.00000	0
351	N	1.00000	0	0.00000	0
352	E	1.00000	0	0.00000	0
353	R	1.00000	0	0.00000	0
354	Y	1.00000	0	0.00000	0
355	A	1.00000	0	0.00000	0
356	R	1.00000	0	0.00000	0
357	Q	1.00000	0	0.00000	0
358	G	1.00000	0	0.00000	0
359	S	1.00000	0	0.00000	0
360	F	1.00000	0	0.00000	0
361	S	1.00000	0	0.00000	0
362	Y	1.00000	0	0.00000	0
363	G	1.00000	0	0.00000	0
364	H	1.00000	0	0.00000	0
365	A	1.00000	0	0.00000	0
366	H	1.00000	0	0.00000	0
367	R	1.00000	0	0.00000	0
368	G	1.00000	0	0.00000	0
369	C	1.00000	0	0.00000	0
370	S	1.00000	0	0.00000	0
371	A	1.00000	0	0.00000	0
372	T	1.00000	0	0.00000	0
373	S	1.00000	0	0.00000	0
374	V	1.00000	0	0.00000	0
375	N	1.00000	0	0.00000	0
376	G	1.00000	0	0.00000	0
377	T	1.00000	0	0.00000	0
378	S	1.00000	0	0.00000	0
379	M	1.00000	0	0.00000	0
380	G	1.00000	0	0.00000	0
381	L	1.00000	0	0.00000	0
382	R	1.00000	0	0.00000	0
