# UNNAMED
#pos	aa	i	o	M	S
1	M	0.00000	1	0.00000	0
2	D	0.00000	1	0.00000	0
3	H	0.00000	1	0.00000	0
4	Q	0.00000	1	0.00000	0
5	E	0.00000	1	0.00000	0
6	P	0.00000	0.99998	0.00002	0
7	Y	0.00000	0.99982	0.00018	0
8	S	0.00000	0.99957	0.00043	0
9	V	0.00000	0.99776	0.00224	0
10	Q	0.00000	0.99649	0.00351	0
11	A	0.00000	0.96717	0.03283	0
12	T	0.00000	0.92751	0.07249	0
13	A	0.00000	0.82542	0.17458	0
14	A	0.00000	0.6751	0.32490	0
15	I	0.00000	0.32085	0.67915	0
16	A	0.00000	0.2169	0.78310	0
17	T	0.00000	0.07619	0.92381	0
18	V	0.00000	0.02064	0.97936	0
19	I	0.00000	0.00068	0.99932	0
20	T	0.00000	0.00012	0.99988	0
21	F	0.00000	1e-05	0.99999	0
22	L	0.00000	0	1.00000	0
23	I	0.00000	0	1.00000	0
24	L	0.00000	0	1.00000	0
25	F	0.00000	0	1.00000	0
26	T	0.00000	0	1.00000	0
27	I	0.00000	0	1.00000	0
28	F	0.00000	0	1.00000	0
29	G	0.00000	0	1.00000	0
30	N	0.00000	0	1.00000	0
31	S	0.00000	0	1.00000	0
32	L	0.00000	0	1.00000	0
33	V	0.00000	0	1.00000	0
34	I	0.00000	0	1.00000	0
35	L	0.00027	0	0.99973	0
36	A	0.00936	0	0.99064	0
37	V	0.07921	0	0.92079	0
38	L	0.33307	0	0.66693	0
39	T	0.94354	0	0.05646	0
40	S	0.99560	0	0.00440	0
41	R	0.99993	0	0.00007	0
42	S	1.00000	0	0.00000	0
43	L	1.00000	0	0.00000	0
44	R	1.00000	0	0.00000	0
45	A	1.00000	0	0.00000	0
46	P	1.00000	0	0.00000	0
47	Q	0.84043	0	0.15957	0
48	N	0.14676	0	0.85324	0
49	L	0.02357	0	0.97643	0
50	F	0.00020	0	0.99980	0
51	L	0.00000	0	1.00000	0
52	V	0.00000	0	1.00000	0
53	S	0.00000	0	1.00000	0
54	L	0.00000	0	1.00000	0
55	A	0.00000	0	1.00000	0
56	A	0.00000	0	1.00000	0
57	A	0.00000	0	1.00000	0
58	D	0.00000	0	1.00000	0
59	I	0.00000	0	1.00000	0
60	L	0.00000	0	1.00000	0
61	V	0.00000	0	1.00000	0
62	A	0.00000	0	1.00000	0
63	T	0.00000	0	1.00000	0
64	L	0.00000	0	1.00000	0
65	I	0.00000	0	1.00000	0
66	I	0.00000	0.00022	0.99978	0
67	P	0.00000	0.00403	0.99597	0
68	F	0.00000	0.04278	0.95722	0
69	S	0.00000	0.41468	0.58532	0
70	L	0.00000	0.56015	0.43985	0
71	A	0.00000	0.82819	0.17181	0
72	N	0.00000	0.99998	0.00002	0
73	E	0.00000	0.99999	0.00001	0
74	L	0.00000	0.99999	0.00001	0
75	L	0.00000	0.99999	0.00001	0
76	G	0.00000	1	0.00000	0
77	Y	0.00000	1	0.00000	0
78	W	0.00000	1	0.00000	0
79	Y	0.00000	1	0.00000	0
80	F	0.00000	1	0.00000	0
81	W	0.00000	1	0.00000	0
82	R	0.00000	1	0.00000	0
83	T	0.00000	1	0.00000	0
84	W	0.00000	1	0.00000	0
85	C	0.00000	1	0.00000	0
86	E	0.00000	1	0.00000	0
87	V	0.00000	0.9989	0.00110	0
88	Y	0.00000	0.85141	0.14859	0
89	L	0.00000	0.36972	0.63028	0
90	A	0.00000	0.21044	0.78956	0
91	L	0.00000	0.00415	0.99585	0
92	D	0.00000	0.00145	0.99855	0
93	V	0.00000	2e-05	0.99998	0
94	L	0.00000	0	1.00000	0
95	F	0.00000	0	1.00000	0
96	C	0.00000	0	1.00000	0
97	T	0.00000	0	1.00000	0
98	S	0.00000	0	1.00000	0
99	S	0.00000	0	1.00000	0
100	I	0.00000	0	1.00000	0
101	V	0.00000	0	1.00000	0
102	H	0.00000	0	1.00000	0
103	L	0.00000	0	1.00000	0
104	C	0.00000	0	1.00000	0
105	A	0.00000	0	1.00000	0
106	I	0.00000	0	1.00000	0
107	S	0.00000	0	1.00000	0
108	L	0.00000	0	1.00000	0
109	D	0.00000	0	1.00000	0
110	R	0.00371	0	0.99629	0
111	Y	0.03021	0	0.96979	0
112	W	0.06985	0	0.93015	0
113	A	0.74845	0	0.25155	0
114	V	0.99999	0	0.00001	0
115	S	1.00000	0	0.00000	0
116	R	1.00000	0	0.00000	0
117	A	1.00000	0	0.00000	0
118	L	1.00000	0	0.00000	0
119	E	1.00000	0	0.00000	0
120	Y	1.00000	0	0.00000	0
121	N	1.00000	0	0.00000	0
122	S	1.00000	0	0.00000	0
123	K	1.00000	0	0.00000	0
124	R	1.00000	0	0.00000	0
125	T	1.00000	0	0.00000	0
126	P	1.00000	0	0.00000	0
127	R	0.99980	0	0.00020	0
128	R	0.97840	0	0.02160	0
129	I	0.31883	0	0.68117	0
130	K	0.29923	0	0.70077	0
131	R	0.22882	0	0.77118	0
132	I	0.00059	0	0.99941	0
133	I	0.00000	0	1.00000	0
134	L	0.00000	0	1.00000	0
135	T	0.00000	0	1.00000	0
136	V	0.00000	0	1.00000	0
137	W	0.00000	0	1.00000	0
138	L	0.00000	0	1.00000	0
139	I	0.00000	0	1.00000	0
140	A	0.00000	0	1.00000	0
141	A	0.00000	0	1.00000	0
142	A	0.00000	0	1.00000	0
143	I	0.00000	0	1.00000	0
144	S	0.00000	0	1.00000	0
145	L	0.00000	0	1.00000	0
146	P	0.00000	1e-05	0.99999	0
147	P	0.00000	0.00014	0.99986	0
148	L	0.00000	0.00088	0.99912	0
149	I	0.00000	0.03123	0.96877	0
150	Y	0.00000	0.37674	0.62326	0
151	K	0.00000	0.90131	0.09869	0
152	G	0.00000	0.94527	0.05473	0
153	D	0.00000	0.9999	0.00010	0
154	Q	0.00000	0.99999	0.00001	0
155	G	0.00000	1	0.00000	0
156	P	0.00000	1	0.00000	0
157	Q	0.00000	1	0.00000	0
158	P	0.00000	1	0.00000	0
159	R	0.00000	1	0.00000	0
160	G	0.00000	1	0.00000	0
161	R	0.00000	1	0.00000	0
162	P	0.00000	1	0.00000	0
163	Q	0.00000	1	0.00000	0
164	C	0.00000	1	0.00000	0
165	K	0.00000	1	0.00000	0
166	L	0.00000	1	0.00000	0
167	N	0.00000	0.99999	0.00001	0
168	Q	0.00000	0.99997	0.00003	0
169	E	0.00000	0.9998	0.00020	0
170	A	0.00000	0.63094	0.36906	0
171	W	0.00000	0.42109	0.57891	0
172	Y	0.00000	0.16016	0.83984	0
173	I	0.00000	0.14649	0.85351	0
174	L	0.00000	0.01087	0.98913	0
175	S	0.00000	0.00133	0.99867	0
176	S	0.00000	0.0008	0.99920	0
177	S	0.00000	0.00042	0.99958	0
178	I	0.00000	0.0001	0.99990	0
179	G	0.00000	0	1.00000	0
180	S	0.00000	0	1.00000	0
181	F	0.00000	0	1.00000	0
182	F	0.00000	0	1.00000	0
183	A	0.00000	0	1.00000	0
184	P	0.00000	0	1.00000	0
185	C	0.00000	0	1.00000	0
186	L	0.00000	0	1.00000	0
187	I	0.00000	0	1.00000	0
188	M	0.00000	0	1.00000	0
189	I	0.00000	0	1.00000	0
190	L	0.00000	0	1.00000	0
191	V	0.00002	0	0.99998	0
192	Y	0.00078	0	0.99922	0
193	L	0.01697	0	0.98303	0
194	R	0.18195	0	0.81805	0
195	I	0.19270	0	0.80730	0
196	Y	0.24760	0	0.75240	0
197	L	0.48871	0	0.51129	0
198	I	0.61763	0	0.38237	0
199	A	0.99731	0	0.00269	0
200	K	0.99994	0	0.00006	0
201	R	1.00000	0	0.00000	0
202	S	1.00000	0	0.00000	0
203	H	1.00000	0	0.00000	0
204	R	1.00000	0	0.00000	0
205	R	1.00000	0	0.00000	0
206	G	1.00000	0	0.00000	0
207	P	1.00000	0	0.00000	0
208	G	1.00000	0	0.00000	0
209	A	1.00000	0	0.00000	0
210	K	1.00000	0	0.00000	0
211	G	1.00000	0	0.00000	0
212	A	1.00000	0	0.00000	0
213	P	1.00000	0	0.00000	0
214	R	1.00000	0	0.00000	0
215	K	1.00000	0	0.00000	0
216	G	1.00000	0	0.00000	0
217	E	1.00000	0	0.00000	0
218	S	1.00000	0	0.00000	0
219	K	1.00000	0	0.00000	0
220	Q	1.00000	0	0.00000	0
221	P	1.00000	0	0.00000	0
222	H	1.00000	0	0.00000	0
223	S	1.00000	0	0.00000	0
224	L	1.00000	0	0.00000	0
225	D	1.00000	0	0.00000	0
226	S	1.00000	0	0.00000	0
227	G	1.00000	0	0.00000	0
228	P	1.00000	0	0.00000	0
229	S	1.00000	0	0.00000	0
230	A	1.00000	0	0.00000	0
231	L	1.00000	0	0.00000	0
232	A	1.00000	0	0.00000	0
233	N	1.00000	0	0.00000	0
234	L	1.00000	0	0.00000	0
235	P	1.00000	0	0.00000	0
236	T	1.00000	0	0.00000	0
237	L	1.00000	0	0.00000	0
238	A	1.00000	0	0.00000	0
239	S	1.00000	0	0.00000	0
240	S	1.00000	0	0.00000	0
241	L	1.00000	0	0.00000	0
242	A	1.00000	0	0.00000	0
243	V	1.00000	0	0.00000	0
244	A	1.00000	0	0.00000	0
245	G	1.00000	0	0.00000	0
246	E	1.00000	0	0.00000	0
247	A	1.00000	0	0.00000	0
248	D	1.00000	0	0.00000	0
249	G	1.00000	0	0.00000	0
250	H	1.00000	0	0.00000	0
251	S	1.00000	0	0.00000	0
252	M	1.00000	0	0.00000	0
253	P	1.00000	0	0.00000	0
254	P	1.00000	0	0.00000	0
255	G	1.00000	0	0.00000	0
256	E	1.00000	0	0.00000	0
257	K	1.00000	0	0.00000	0
258	E	1.00000	0	0.00000	0
259	R	1.00000	0	0.00000	0
260	E	1.00000	0	0.00000	0
261	T	1.00000	0	0.00000	0
262	S	1.00000	0	0.00000	0
263	E	1.00000	0	0.00000	0
264	D	1.00000	0	0.00000	0
265	P	1.00000	0	0.00000	0
266	G	1.00000	0	0.00000	0
267	T	1.00000	0	0.00000	0
268	P	1.00000	0	0.00000	0
269	T	1.00000	0	0.00000	0
270	L	1.00000	0	0.00000	0
271	P	1.00000	0	0.00000	0
272	P	1.00000	0	0.00000	0
273	S	1.00000	0	0.00000	0
274	W	1.00000	0	0.00000	0
275	P	1.00000	0	0.00000	0
276	V	1.00000	0	0.00000	0
277	L	1.00000	0	0.00000	0
278	P	1.00000	0	0.00000	0
279	N	1.00000	0	0.00000	0
280	S	1.00000	0	0.00000	0
281	G	1.00000	0	0.00000	0
282	Q	1.00000	0	0.00000	0
283	G	1.00000	0	0.00000	0
284	Q	1.00000	0	0.00000	0
285	K	1.00000	0	0.00000	0
286	E	1.00000	0	0.00000	0
287	G	1.00000	0	0.00000	0
288	V	1.00000	0	0.00000	0
289	C	1.00000	0	0.00000	0
290	G	1.00000	0	0.00000	0
291	A	1.00000	0	0.00000	0
292	S	1.00000	0	0.00000	0
293	L	1.00000	0	0.00000	0
294	E	1.00000	0	0.00000	0
295	E	1.00000	0	0.00000	0
296	E	1.00000	0	0.00000	0
297	A	1.00000	0	0.00000	0
298	D	1.00000	0	0.00000	0
299	K	1.00000	0	0.00000	0
300	E	1.00000	0	0.00000	0
301	E	1.00000	0	0.00000	0
302	E	1.00000	0	0.00000	0
303	E	1.00000	0	0.00000	0
304	E	1.00000	0	0.00000	0
305	C	1.00000	0	0.00000	0
306	G	1.00000	0	0.00000	0
307	P	1.00000	0	0.00000	0
308	P	1.00000	0	0.00000	0
309	A	1.00000	0	0.00000	0
310	V	1.00000	0	0.00000	0
311	P	1.00000	0	0.00000	0
312	A	1.00000	0	0.00000	0
313	S	1.00000	0	0.00000	0
314	P	1.00000	0	0.00000	0
315	A	1.00000	0	0.00000	0
316	T	1.00000	0	0.00000	0
317	A	1.00000	0	0.00000	0
318	C	1.00000	0	0.00000	0
319	S	1.00000	0	0.00000	0
320	P	1.00000	0	0.00000	0
321	P	1.00000	0	0.00000	0
322	L	1.00000	0	0.00000	0
323	Q	1.00000	0	0.00000	0
324	Q	1.00000	0	0.00000	0
325	P	1.00000	0	0.00000	0
326	Q	1.00000	0	0.00000	0
327	G	1.00000	0	0.00000	0
328	S	1.00000	0	0.00000	0
329	R	1.00000	0	0.00000	0
330	V	1.00000	0	0.00000	0
331	L	1.00000	0	0.00000	0
332	A	1.00000	0	0.00000	0
333	T	1.00000	0	0.00000	0
334	L	1.00000	0	0.00000	0
335	R	1.00000	0	0.00000	0
336	G	1.00000	0	0.00000	0
337	Q	1.00000	0	0.00000	0
338	V	1.00000	0	0.00000	0
339	F	1.00000	0	0.00000	0
340	L	1.00000	0	0.00000	0
341	G	1.00000	0	0.00000	0
342	R	1.00000	0	0.00000	0
343	G	1.00000	0	0.00000	0
344	V	1.00000	0	0.00000	0
345	G	1.00000	0	0.00000	0
346	A	1.00000	0	0.00000	0
347	A	1.00000	0	0.00000	0
348	G	1.00000	0	0.00000	0
349	G	1.00000	0	0.00000	0
350	Q	1.00000	0	0.00000	0
351	W	1.00000	0	0.00000	0
352	W	1.00000	0	0.00000	0
353	R	1.00000	0	0.00000	0
354	R	1.00000	0	0.00000	0
355	R	1.00000	0	0.00000	0
356	A	1.00000	0	0.00000	0
357	Q	1.00000	0	0.00000	0
358	L	1.00000	0	0.00000	0
359	T	1.00000	0	0.00000	0
360	R	1.00000	0	0.00000	0
361	E	1.00000	0	0.00000	0
362	K	0.96106	0	0.03894	0
363	R	0.95947	0	0.04053	0
364	F	0.66121	0	0.33879	0
365	T	0.40328	0	0.59672	0
366	F	0.07677	0	0.92323	0
367	V	0.07278	0	0.92722	0
368	L	0.00107	0	0.99893	0
369	A	0.00003	0	0.99997	0
370	V	0.00002	0	0.99998	0
371	V	0.00000	0	1.00000	0
372	I	0.00000	0	1.00000	0
373	G	0.00000	0	1.00000	0
374	V	0.00000	0	1.00000	0
375	F	0.00000	0	1.00000	0
376	V	0.00000	0	1.00000	0
377	L	0.00000	0	1.00000	0
378	C	0.00000	0	1.00000	0
379	W	0.00000	0	1.00000	0
380	F	0.00000	0	1.00000	0
381	P	0.00000	0	1.00000	0
382	F	0.00000	0	1.00000	0
383	F	0.00000	1e-05	0.99999	0
384	F	0.00000	0.00164	0.99836	0
385	S	0.00000	0.02463	0.97537	0
386	Y	0.00000	0.04795	0.95205	0
387	S	0.00000	0.1505	0.84950	0
388	L	0.00000	0.21415	0.78585	0
389	G	0.00000	0.50947	0.49053	0
390	A	0.00000	0.58875	0.41125	0
391	I	0.00000	0.81522	0.18478	0
392	C	0.00000	0.97997	0.02003	0
393	P	0.00000	0.99657	0.00343	0
394	Q	0.00000	0.99942	0.00058	0
395	H	0.00000	0.99994	0.00006	0
396	C	0.00000	0.99999	0.00001	0
397	R	0.00000	1	0.00000	0
398	V	0.00000	0.99998	0.00002	0
399	P	0.00000	0.99997	0.00003	0
400	H	0.00000	0.99966	0.00034	0
401	G	0.00000	0.99787	0.00213	0
402	L	0.00000	0.96269	0.03731	0
403	F	0.00000	0.9531	0.04690	0
404	Q	0.00000	0.64357	0.35643	0
405	F	0.00000	0.00695	0.99305	0
406	F	0.00000	0.00033	0.99967	0
407	F	0.00000	0	1.00000	0
408	W	0.00000	0	1.00000	0
409	I	0.00000	0	1.00000	0
410	G	0.00000	0	1.00000	0
411	Y	0.00000	0	1.00000	0
412	C	0.00000	0	1.00000	0
413	N	0.00000	0	1.00000	0
414	S	0.00000	0	1.00000	0
415	S	0.00000	0	1.00000	0
416	L	0.00000	0	1.00000	0
417	N	0.00000	0	1.00000	0
418	P	0.00000	0	1.00000	0
419	V	0.00000	0	1.00000	0
420	I	0.00000	0	1.00000	0
421	Y	0.00000	0	1.00000	0
422	T	0.00001	0	0.99999	0
423	V	0.00047	0	0.99953	0
424	F	0.04510	0	0.95490	0
425	N	0.27856	0	0.72144	0
426	Q	0.99375	0	0.00625	0
427	D	0.99895	0	0.00105	0
428	F	0.99962	0	0.00038	0
429	R	1.00000	0	0.00000	0
430	R	1.00000	0	0.00000	0
431	A	1.00000	0	0.00000	0
432	F	1.00000	0	0.00000	0
433	R	1.00000	0	0.00000	0
434	R	1.00000	0	0.00000	0
435	I	1.00000	0	0.00000	0
436	L	1.00000	0	0.00000	0
437	C	1.00000	0	0.00000	0
438	C	1.00000	0	0.00000	0
439	Q	1.00000	0	0.00000	0
440	W	1.00000	0	0.00000	0
441	T	1.00000	0	0.00000	0
442	R	1.00000	0	0.00000	0
443	T	1.00000	0	0.00000	0
444	A	1.00000	0	0.00000	0
445	W	1.00000	0	0.00000	0
