# UNNAMED
#pos	aa	i	o	M	S
1	M	0.00000	0.99782	0.00000	0.00218
2	A	0.00000	0.99782	0.00000	0.00218
3	P	0.00000	0.99782	0.00000	0.00218
4	L	0.00000	0.99782	0.00000	0.00218
5	S	0.00000	0.99782	0.00000	0.00218
6	L	0.00000	0.99782	0.00000	0.00218
7	L	0.00000	0.99782	0.00000	0.00218
8	S	0.00000	0.99782	0.00000	0.00218
9	D	0.00000	0.99782	0.00000	0.00218
10	D	0.00000	0.99782	0.00000	0.00218
11	I	0.00000	0.99782	0.00000	0.00218
12	N	0.00000	0.99782	0.00000	0.00218
13	S	0.00000	0.99782	0.00000	0.00218
14	T	0.00000	0.99783	0.00000	0.00217
15	C	0.00000	0.99998	0.00000	2e-05
16	G	0.00000	1	0.00000	0
17	P	0.00000	1	0.00000	0
18	D	0.00000	1	0.00000	0
19	N	0.00000	1	0.00000	0
20	F	0.00000	1	0.00000	0
21	T	0.00000	1	0.00000	0
22	G	0.00000	1	0.00000	0
23	A	0.00000	1	0.00000	0
24	S	0.00000	1	0.00000	0
25	L	0.00000	1	0.00000	0
26	A	0.00000	1	0.00000	0
27	R	0.00000	1	0.00000	0
28	P	0.00000	0.98648	0.01352	0
29	H	0.00000	0.9256	0.07440	0
30	A	0.00000	0.83485	0.16515	0
31	Y	0.00000	0.79157	0.20843	0
32	Y	0.00000	0.06224	0.93776	0
33	A	0.00000	0.03458	0.96542	0
34	L	0.00000	0.01834	0.98166	0
35	S	0.00000	0.01407	0.98593	0
36	Y	0.00000	0.00096	0.99904	0
37	C	0.00000	0.00037	0.99963	0
38	A	0.00000	2e-05	0.99998	0
39	L	0.00000	0	1.00000	0
40	I	0.00000	0	1.00000	0
41	L	0.00000	0	1.00000	0
42	A	0.00000	0	1.00000	0
43	I	0.00000	0	1.00000	0
44	V	0.00000	0	1.00000	0
45	F	0.00000	0	1.00000	0
46	G	0.00000	0	1.00000	0
47	N	0.00000	0	1.00000	0
48	G	0.00000	0	1.00000	0
49	L	0.00000	0	1.00000	0
50	V	0.00000	0	1.00000	0
51	C	0.00001	0	0.99999	0
52	V	0.00022	0	0.99978	0
53	A	0.00811	0	0.99189	0
54	V	0.08404	0	0.91596	0
55	L	0.35844	0	0.64156	0
56	R	0.98486	0	0.01514	0
57	E	0.99976	0	0.00024	0
58	K	0.99999	0	0.00001	0
59	A	1.00000	0	0.00000	0
60	L	1.00000	0	0.00000	0
61	Q	1.00000	0	0.00000	0
62	T	0.99981	0	0.00019	0
63	T	0.99213	0	0.00787	0
64	T	0.90350	0	0.09650	0
65	N	0.20778	0	0.79222	0
66	Y	0.06621	0	0.93379	0
67	L	0.00075	0	0.99925	0
68	V	0.00007	0	0.99993	0
69	V	0.00000	0	1.00000	0
70	S	0.00000	0	1.00000	0
71	L	0.00000	0	1.00000	0
72	A	0.00000	0	1.00000	0
73	V	0.00000	0	1.00000	0
74	A	0.00000	0	1.00000	0
75	D	0.00000	0	1.00000	0
76	L	0.00000	0	1.00000	0
77	L	0.00000	0	1.00000	0
78	V	0.00000	0	1.00000	0
79	A	0.00000	0	1.00000	0
80	T	0.00000	0	1.00000	0
81	L	0.00000	0	1.00000	0
82	V	0.00000	0	1.00000	0
83	M	0.00000	4e-05	0.99996	0
84	P	0.00000	0.00091	0.99909	0
85	W	0.00000	0.00995	0.99005	0
86	V	0.00000	0.05904	0.94096	0
87	V	0.00000	0.328	0.67200	0
88	Y	0.00000	0.89174	0.10826	0
89	L	0.00000	0.99978	0.00022	0
90	E	0.00000	1	0.00000	0
91	V	0.00000	1	0.00000	0
92	T	0.00000	1	0.00000	0
93	G	0.00000	1	0.00000	0
94	G	0.00000	1	0.00000	0
95	V	0.00000	1	0.00000	0
96	W	0.00000	1	0.00000	0
97	T	0.00000	1	0.00000	0
98	F	0.00000	1	0.00000	0
99	S	0.00000	1	0.00000	0
100	R	0.00000	1	0.00000	0
101	V	0.00000	1	0.00000	0
102	C	0.00000	1	0.00000	0
103	C	0.00000	0.99989	0.00011	0
104	D	0.00000	0.99902	0.00098	0
105	V	0.00000	0.99336	0.00664	0
106	F	0.00000	0.42299	0.57701	0
107	V	0.00000	0.09193	0.90807	0
108	T	0.00000	0.04471	0.95529	0
109	L	0.00000	0.00065	0.99935	0
110	D	0.00000	0.00022	0.99978	0
111	V	0.00000	1e-05	0.99999	0
112	M	0.00000	0	1.00000	0
113	M	0.00000	0	1.00000	0
114	C	0.00000	0	1.00000	0
115	T	0.00000	0	1.00000	0
116	A	0.00000	0	1.00000	0
117	S	0.00000	0	1.00000	0
118	I	0.00000	0	1.00000	0
119	L	0.00000	0	1.00000	0
120	N	0.00000	0	1.00000	0
121	L	0.00000	0	1.00000	0
122	C	0.00000	0	1.00000	0
123	A	0.00000	0	1.00000	0
124	I	0.00000	0	1.00000	0
125	S	0.00000	0	1.00000	0
126	I	0.00000	0	1.00000	0
127	D	0.00001	0	0.99999	0
128	R	0.01108	0	0.98892	0
129	Y	0.32426	0	0.67574	0
130	T	0.80986	0	0.19014	0
131	A	0.92918	0	0.07082	0
132	V	0.99998	0	0.00002	0
133	V	1.00000	0	0.00000	0
134	M	1.00000	0	0.00000	0
135	P	1.00000	0	0.00000	0
136	V	1.00000	0	0.00000	0
137	H	1.00000	0	0.00000	0
138	Y	1.00000	0	0.00000	0
139	Q	1.00000	0	0.00000	0
140	Q	1.00000	0	0.00000	0
141	S	1.00000	0	0.00000	0
142	T	1.00000	0	0.00000	0
143	G	1.00000	0	0.00000	0
144	Q	0.99999	0	0.00001	0
145	S	0.98450	0	0.01550	0
146	S	0.96821	0	0.03179	0
147	C	0.92495	0	0.07505	0
148	R	0.92426	0	0.07574	0
149	R	0.89354	0	0.10646	0
150	V	0.08514	0	0.91486	0
151	A	0.02810	0	0.97190	0
152	L	0.01451	0	0.98549	0
153	M	0.00024	0	0.99976	0
154	I	0.00000	0	1.00000	0
155	T	0.00000	0	1.00000	0
156	A	0.00000	0	1.00000	0
157	V	0.00000	0	1.00000	0
158	W	0.00000	0	1.00000	0
159	V	0.00000	0	1.00000	0
160	L	0.00000	0	1.00000	0
161	A	0.00000	0	1.00000	0
162	F	0.00000	0	1.00000	0
163	A	0.00000	0	1.00000	0
164	V	0.00000	0.00021	0.99979	0
165	S	0.00000	0.00906	0.99094	0
166	C	0.00000	0.02971	0.97029	0
167	P	0.00000	0.03449	0.96551	0
168	L	0.00000	0.03665	0.96335	0
169	L	0.00000	0.0416	0.95840	0
170	F	0.00000	0.05865	0.94135	0
171	G	0.00000	0.16515	0.83485	0
172	F	0.00000	0.35277	0.64723	0
173	N	0.00000	0.98271	0.01729	0
174	T	0.00000	0.99857	0.00143	0
175	T	0.00000	0.99992	0.00008	0
176	G	0.00000	1	0.00000	0
177	D	0.00000	1	0.00000	0
178	P	0.00000	1	0.00000	0
179	S	0.00000	1	0.00000	0
180	V	0.00000	1	0.00000	0
181	C	0.00000	1	0.00000	0
182	S	0.00000	1	0.00000	0
183	I	0.00000	1	0.00000	0
184	S	0.00000	1	0.00000	0
185	N	0.00000	1	0.00000	0
186	P	0.00000	0.99998	0.00002	0
187	D	0.00000	0.99899	0.00101	0
188	F	0.00000	0.14721	0.85279	0
189	V	0.00000	0.09114	0.90886	0
190	I	0.00000	0.05999	0.94001	0
191	Y	0.00000	0.0145	0.98550	0
192	S	0.00000	0.01323	0.98677	0
193	S	0.00000	0.00289	0.99711	0
194	V	0.00000	0.00217	0.99783	0
195	V	0.00000	0	1.00000	0
196	S	0.00000	0	1.00000	0
197	F	0.00000	0	1.00000	0
198	Y	0.00000	0	1.00000	0
199	L	0.00000	0	1.00000	0
200	P	0.00000	0	1.00000	0
201	F	0.00000	0	1.00000	0
202	G	0.00000	0	1.00000	0
203	V	0.00000	0	1.00000	0
204	T	0.00000	0	1.00000	0
205	V	0.00000	0	1.00000	0
206	L	0.00000	0	1.00000	0
207	V	0.00000	0	1.00000	0
208	Y	0.00001	0	0.99999	0
209	A	0.00132	0	0.99868	0
210	R	0.02153	0	0.97847	0
211	I	0.02531	0	0.97469	0
212	Y	0.06365	0	0.93635	0
213	V	0.32539	0	0.67461	0
214	V	0.51086	0	0.48914	0
215	L	0.98211	0	0.01789	0
216	R	0.99903	0	0.00097	0
217	Q	0.99999	0	0.00001	0
218	R	1.00000	0	0.00000	0
219	R	1.00000	0	0.00000	0
220	R	1.00000	0	0.00000	0
221	K	1.00000	0	0.00000	0
222	R	1.00000	0	0.00000	0
223	I	1.00000	0	0.00000	0
224	L	1.00000	0	0.00000	0
225	T	1.00000	0	0.00000	0
226	R	1.00000	0	0.00000	0
227	Q	1.00000	0	0.00000	0
228	N	1.00000	0	0.00000	0
229	S	1.00000	0	0.00000	0
230	Q	1.00000	0	0.00000	0
231	C	1.00000	0	0.00000	0
232	L	1.00000	0	0.00000	0
233	S	1.00000	0	0.00000	0
234	V	1.00000	0	0.00000	0
235	R	1.00000	0	0.00000	0
236	P	1.00000	0	0.00000	0
237	G	1.00000	0	0.00000	0
238	F	1.00000	0	0.00000	0
239	P	1.00000	0	0.00000	0
240	Q	1.00000	0	0.00000	0
241	Q	1.00000	0	0.00000	0
242	S	1.00000	0	0.00000	0
243	S	1.00000	0	0.00000	0
244	C	1.00000	0	0.00000	0
245	L	1.00000	0	0.00000	0
246	R	1.00000	0	0.00000	0
247	L	1.00000	0	0.00000	0
248	H	1.00000	0	0.00000	0
249	P	1.00000	0	0.00000	0
250	I	1.00000	0	0.00000	0
251	R	1.00000	0	0.00000	0
252	Q	1.00000	0	0.00000	0
253	F	1.00000	0	0.00000	0
254	S	1.00000	0	0.00000	0
255	I	1.00000	0	0.00000	0
256	R	1.00000	0	0.00000	0
257	A	1.00000	0	0.00000	0
258	R	1.00000	0	0.00000	0
259	F	1.00000	0	0.00000	0
260	S	1.00000	0	0.00000	0
261	S	1.00000	0	0.00000	0
262	D	1.00000	0	0.00000	0
263	D	1.00000	0	0.00000	0
264	T	1.00000	0	0.00000	0
265	G	1.00000	0	0.00000	0
266	K	1.00000	0	0.00000	0
267	M	1.00000	0	0.00000	0
268	E	1.00000	0	0.00000	0
269	H	1.00000	0	0.00000	0
270	S	1.00000	0	0.00000	0
271	E	1.00000	0	0.00000	0
272	D	1.00000	0	0.00000	0
273	K	1.00000	0	0.00000	0
274	Q	1.00000	0	0.00000	0
275	Y	1.00000	0	0.00000	0
276	P	1.00000	0	0.00000	0
277	Q	1.00000	0	0.00000	0
278	K	1.00000	0	0.00000	0
279	C	1.00000	0	0.00000	0
280	Q	1.00000	0	0.00000	0
281	D	1.00000	0	0.00000	0
282	P	1.00000	0	0.00000	0
283	L	1.00000	0	0.00000	0
284	L	1.00000	0	0.00000	0
285	S	1.00000	0	0.00000	0
286	H	1.00000	0	0.00000	0
287	L	1.00000	0	0.00000	0
288	Q	1.00000	0	0.00000	0
289	P	1.00000	0	0.00000	0
290	L	1.00000	0	0.00000	0
291	S	1.00000	0	0.00000	0
292	T	1.00000	0	0.00000	0
293	G	1.00000	0	0.00000	0
294	R	1.00000	0	0.00000	0
295	T	1.00000	0	0.00000	0
296	H	1.00000	0	0.00000	0
297	L	1.00000	0	0.00000	0
298	E	1.00000	0	0.00000	0
299	L	1.00000	0	0.00000	0
300	K	1.00000	0	0.00000	0
301	R	1.00000	0	0.00000	0
302	Y	1.00000	0	0.00000	0
303	Y	1.00000	0	0.00000	0
304	S	1.00000	0	0.00000	0
305	I	1.00000	0	0.00000	0
306	C	1.00000	0	0.00000	0
307	Q	1.00000	0	0.00000	0
308	D	1.00000	0	0.00000	0
309	T	1.00000	0	0.00000	0
310	A	1.00000	0	0.00000	0
311	F	1.00000	0	0.00000	0
312	R	1.00000	0	0.00000	0
313	R	1.00000	0	0.00000	0
314	P	1.00000	0	0.00000	0
315	G	1.00000	0	0.00000	0
316	F	1.00000	0	0.00000	0
317	Q	1.00000	0	0.00000	0
318	E	1.00000	0	0.00000	0
319	G	1.00000	0	0.00000	0
320	E	1.00000	0	0.00000	0
321	G	1.00000	0	0.00000	0
322	E	1.00000	0	0.00000	0
323	L	1.00000	0	0.00000	0
324	K	1.00000	0	0.00000	0
325	R	1.00000	0	0.00000	0
326	E	1.00000	0	0.00000	0
327	K	1.00000	0	0.00000	0
328	R	1.00000	0	0.00000	0
329	T	1.00000	0	0.00000	0
330	R	1.00000	0	0.00000	0
331	N	1.00000	0	0.00000	0
332	S	1.00000	0	0.00000	0
333	L	1.00000	0	0.00000	0
334	S	1.00000	0	0.00000	0
335	P	1.00000	0	0.00000	0
336	N	1.00000	0	0.00000	0
337	M	1.00000	0	0.00000	0
338	A	1.00000	0	0.00000	0
339	P	1.00000	0	0.00000	0
340	K	1.00000	0	0.00000	0
341	L	1.00000	0	0.00000	0
342	S	1.00000	0	0.00000	0
343	L	1.00000	0	0.00000	0
344	E	1.00000	0	0.00000	0
345	V	1.00000	0	0.00000	0
346	R	1.00000	0	0.00000	0
347	K	1.00000	0	0.00000	0
348	L	1.00000	0	0.00000	0
349	S	1.00000	0	0.00000	0
350	N	1.00000	0	0.00000	0
351	G	1.00000	0	0.00000	0
352	R	1.00000	0	0.00000	0
353	L	1.00000	0	0.00000	0
354	S	1.00000	0	0.00000	0
355	T	1.00000	0	0.00000	0
356	S	1.00000	0	0.00000	0
357	L	1.00000	0	0.00000	0
358	K	1.00000	0	0.00000	0
359	L	1.00000	0	0.00000	0
360	G	1.00000	0	0.00000	0
361	P	1.00000	0	0.00000	0
362	L	1.00000	0	0.00000	0
363	Q	1.00000	0	0.00000	0
364	P	1.00000	0	0.00000	0
365	R	1.00000	0	0.00000	0
366	A	1.00000	0	0.00000	0
367	V	1.00000	0	0.00000	0
368	P	1.00000	0	0.00000	0
369	L	1.00000	0	0.00000	0
370	R	1.00000	0	0.00000	0
371	E	1.00000	0	0.00000	0
372	K	0.99834	0	0.00166	0
373	K	0.99172	0	0.00828	0
374	A	0.97614	0	0.02386	0
375	T	0.97566	0	0.02434	0
376	H	0.96195	0	0.03805	0
377	M	0.93583	0	0.06417	0
378	V	0.00515	0	0.99485	0
379	V	0.00005	0	0.99995	0
380	I	0.00000	0	1.00000	0
381	V	0.00000	0	1.00000	0
382	L	0.00000	0	1.00000	0
383	G	0.00000	0	1.00000	0
384	A	0.00000	0	1.00000	0
385	F	0.00000	0	1.00000	0
386	I	0.00000	0	1.00000	0
387	I	0.00000	0	1.00000	0
388	C	0.00000	0	1.00000	0
389	W	0.00000	0	1.00000	0
390	L	0.00000	0	1.00000	0
391	P	0.00000	0	1.00000	0
392	F	0.00000	0	1.00000	0
393	F	0.00000	0	1.00000	0
394	L	0.00000	0.00011	0.99989	0
395	T	0.00000	0.00141	0.99859	0
396	H	0.00000	0.00277	0.99723	0
397	I	0.00000	0.00506	0.99494	0
398	L	0.00000	0.04231	0.95769	0
399	N	0.00000	0.65279	0.34721	0
400	T	0.00000	0.83045	0.16955	0
401	H	0.00000	0.99428	0.00572	0
402	C	0.00000	0.99929	0.00071	0
403	Q	0.00000	0.99985	0.00015	0
404	A	0.00000	0.99991	0.00009	0
405	C	0.00000	0.99999	0.00001	0
406	H	0.00000	1	0.00000	0
407	V	0.00000	0.99995	0.00005	0
408	S	0.00000	0.9999	0.00010	0
409	P	0.00000	0.99981	0.00019	0
410	E	0.00000	0.99891	0.00109	0
411	L	0.00000	0.99398	0.00602	0
412	Y	0.00000	0.99268	0.00732	0
413	S	0.00000	0.82496	0.17504	0
414	A	0.00000	0.02517	0.97483	0
415	T	0.00000	0.00869	0.99131	0
416	T	0.00000	0.00202	0.99798	0
417	W	0.00000	1e-05	0.99999	0
418	L	0.00000	0	1.00000	0
419	G	0.00000	0	1.00000	0
420	Y	0.00000	0	1.00000	0
421	V	0.00000	0	1.00000	0
422	N	0.00000	0	1.00000	0
423	S	0.00000	0	1.00000	0
424	A	0.00000	0	1.00000	0
425	L	0.00000	0	1.00000	0
426	N	0.00000	0	1.00000	0
427	P	0.00000	0	1.00000	0
428	M	0.00000	0	1.00000	0
429	I	0.00000	0	1.00000	0
430	Y	0.00001	0	0.99999	0
431	T	0.00004	0	0.99996	0
432	I	0.00020	0	0.99980	0
433	F	0.05675	0	0.94325	0
434	N	0.54436	0	0.45564	0
435	V	0.79196	0	0.20804	0
436	E	1.00000	0	0.00000	0
437	F	1.00000	0	0.00000	0
438	R	1.00000	0	0.00000	0
439	K	1.00000	0	0.00000	0
440	A	1.00000	0	0.00000	0
441	F	1.00000	0	0.00000	0
442	L	1.00000	0	0.00000	0
443	K	1.00000	0	0.00000	0
444	I	1.00000	0	0.00000	0
445	L	1.00000	0	0.00000	0
446	S	1.00000	0	0.00000	0
447	C	1.00000	0	0.00000	0
