# UNNAMED
#pos	aa	i	o	M	S
1	M	0.00000	1	0.00000	0
2	D	0.00000	1	0.00000	0
3	E	0.00000	1	0.00000	0
4	L	0.00000	1	0.00000	0
5	D	0.00000	1	0.00000	0
6	A	0.00000	1	0.00000	0
7	N	0.00000	1	0.00000	0
8	V	0.00000	1	0.00000	0
9	S	0.00000	1	0.00000	0
10	A	0.00000	1	0.00000	0
11	K	0.00000	1	0.00000	0
12	E	0.00000	1	0.00000	0
13	G	0.00000	1	0.00000	0
14	F	0.00000	1	0.00000	0
15	K	0.00000	1	0.00000	0
16	S	0.00000	0.99997	0.00003	0
17	V	0.00000	0.99975	0.00025	0
18	E	0.00000	0.99965	0.00035	0
19	K	0.00000	0.9962	0.00380	0
20	V	0.00000	0.55953	0.44047	0
21	V	0.00000	0.17115	0.82885	0
22	L	0.00000	0.05461	0.94539	0
23	L	0.00000	0.02373	0.97627	0
24	T	0.00000	0.01032	0.98968	0
25	F	0.00000	0.00215	0.99785	0
26	L	0.00000	0.00022	0.99978	0
27	S	0.00000	3e-05	0.99997	0
28	A	0.00000	0	1.00000	0
29	V	0.00000	0	1.00000	0
30	I	0.00000	0	1.00000	0
31	L	0.00000	0	1.00000	0
32	M	0.00000	0	1.00000	0
33	A	0.00000	0	1.00000	0
34	I	0.00000	0	1.00000	0
35	L	0.00000	0	1.00000	0
36	G	0.00000	0	1.00000	0
37	N	0.00000	0	1.00000	0
38	L	0.00000	0	1.00000	0
39	L	0.00000	0	1.00000	0
40	V	0.00000	0	1.00000	0
41	M	0.00006	0	0.99994	0
42	V	0.00088	0	0.99912	0
43	A	0.03330	0	0.96670	0
44	V	0.12055	0	0.87945	0
45	C	0.45965	0	0.54035	0
46	R	0.99132	0	0.00868	0
47	D	0.99995	0	0.00005	0
48	R	1.00000	0	0.00000	0
49	Q	1.00000	0	0.00000	0
50	L	1.00000	0	0.00000	0
51	R	1.00000	0	0.00000	0
52	K	0.99999	0	0.00001	0
53	I	0.99682	0	0.00318	0
54	K	0.99591	0	0.00409	0
55	T	0.87035	0	0.12965	0
56	N	0.15677	0	0.84323	0
57	Y	0.04438	0	0.95562	0
58	F	0.00034	0	0.99966	0
59	I	0.00001	0	0.99999	0
60	V	0.00000	0	1.00000	0
61	S	0.00000	0	1.00000	0
62	L	0.00000	0	1.00000	0
63	A	0.00000	0	1.00000	0
64	F	0.00000	0	1.00000	0
65	A	0.00000	0	1.00000	0
66	D	0.00000	0	1.00000	0
67	L	0.00000	0	1.00000	0
68	L	0.00000	0	1.00000	0
69	V	0.00000	0	1.00000	0
70	S	0.00000	0	1.00000	0
71	V	0.00000	0	1.00000	0
72	L	0.00000	0	1.00000	0
73	V	0.00000	0	1.00000	0
74	M	0.00000	6e-05	0.99994	0
75	P	0.00000	0.00113	0.99887	0
76	F	0.00000	0.02763	0.97237	0
77	G	0.00000	0.16372	0.83628	0
78	A	0.00000	0.38219	0.61781	0
79	I	0.00000	0.58824	0.41176	0
80	E	0.00000	0.99993	0.00007	0
81	L	0.00000	0.99995	0.00005	0
82	V	0.00000	0.99997	0.00003	0
83	Q	0.00000	0.99999	0.00001	0
84	D	0.00000	1	0.00000	0
85	I	0.00000	1	0.00000	0
86	W	0.00000	1	0.00000	0
87	I	0.00000	1	0.00000	0
88	Y	0.00000	1	0.00000	0
89	G	0.00000	1	0.00000	0
90	E	0.00000	1	0.00000	0
91	M	0.00000	1	0.00000	0
92	F	0.00000	0.99967	0.00033	0
93	C	0.00000	0.9996	0.00040	0
94	L	0.00000	0.99914	0.00086	0
95	V	0.00000	0.99887	0.00113	0
96	R	0.00000	0.96644	0.03356	0
97	T	0.00000	0.84519	0.15481	0
98	S	0.00000	0.58131	0.41869	0
99	L	0.00000	0.03904	0.96096	0
100	D	0.00000	0.01035	0.98965	0
101	V	0.00000	0.00016	0.99984	0
102	L	0.00000	0	1.00000	0
103	L	0.00000	0	1.00000	0
104	T	0.00000	0	1.00000	0
105	T	0.00000	0	1.00000	0
106	A	0.00000	0	1.00000	0
107	S	0.00000	0	1.00000	0
108	I	0.00000	0	1.00000	0
109	F	0.00000	0	1.00000	0
110	H	0.00000	0	1.00000	0
111	L	0.00000	0	1.00000	0
112	C	0.00000	0	1.00000	0
113	C	0.00000	0	1.00000	0
114	I	0.00000	0	1.00000	0
115	S	0.00000	0	1.00000	0
116	L	0.00000	0	1.00000	0
117	D	0.00000	0	1.00000	0
118	R	0.00041	0	0.99959	0
119	Y	0.03428	0	0.96572	0
120	Y	0.25685	0	0.74315	0
121	A	0.96347	0	0.03653	0
122	I	0.99997	0	0.00003	0
123	C	1.00000	0	0.00000	0
124	C	1.00000	0	0.00000	0
125	Q	1.00000	0	0.00000	0
126	P	1.00000	0	0.00000	0
127	L	1.00000	0	0.00000	0
128	V	1.00000	0	0.00000	0
129	Y	1.00000	0	0.00000	0
130	R	1.00000	0	0.00000	0
131	N	1.00000	0	0.00000	0
132	K	1.00000	0	0.00000	0
133	M	0.99999	0	0.00001	0
134	T	0.99973	0	0.00027	0
135	P	0.99653	0	0.00347	0
136	L	0.89563	0	0.10437	0
137	R	0.84315	0	0.15685	0
138	I	0.01331	0	0.98669	0
139	A	0.00088	0	0.99912	0
140	L	0.00010	0	0.99990	0
141	M	0.00003	0	0.99997	0
142	L	0.00000	0	1.00000	0
143	G	0.00000	0	1.00000	0
144	G	0.00000	0	1.00000	0
145	C	0.00000	0	1.00000	0
146	W	0.00000	0	1.00000	0
147	V	0.00000	0	1.00000	0
148	I	0.00000	0	1.00000	0
149	P	0.00000	0	1.00000	0
150	T	0.00000	0	1.00000	0
151	F	0.00000	0	1.00000	0
152	I	0.00000	0	1.00000	0
153	S	0.00000	0	1.00000	0
154	F	0.00000	0	1.00000	0
155	L	0.00000	0.00015	0.99985	0
156	P	0.00000	0.00543	0.99457	0
157	I	0.00000	0.01024	0.98976	0
158	M	0.00000	0.05843	0.94157	0
159	Q	0.00000	0.84408	0.15592	0
160	G	0.00000	0.96351	0.03649	0
161	W	0.00000	0.98297	0.01703	0
162	N	0.00000	0.99942	0.00058	0
163	N	0.00000	0.99999	0.00001	0
164	I	0.00000	1	0.00000	0
165	G	0.00000	1	0.00000	0
166	I	0.00000	1	0.00000	0
167	I	0.00000	1	0.00000	0
168	D	0.00000	1	0.00000	0
169	L	0.00000	1	0.00000	0
170	E	0.00000	1	0.00000	0
171	R	0.00000	1	0.00000	0
172	I	0.00000	1	0.00000	0
173	S	0.00000	1	0.00000	0
174	K	0.00000	1	0.00000	0
175	P	0.00000	1	0.00000	0
176	R	0.00000	1	0.00000	0
177	L	0.00000	1	0.00000	0
178	G	0.00000	1	0.00000	0
179	Q	0.00000	1	0.00000	0
180	D	0.00000	1	0.00000	0
181	L	0.00000	1	0.00000	0
182	H	0.00000	1	0.00000	0
183	V	0.00000	1	0.00000	0
184	I	0.00000	1	0.00000	0
185	E	0.00000	1	0.00000	0
186	K	0.00000	1	0.00000	0
187	R	0.00000	1	0.00000	0
188	K	0.00000	1	0.00000	0
189	V	0.00000	1	0.00000	0
190	N	0.00000	1	0.00000	0
191	Q	0.00000	1	0.00000	0
192	N	0.00000	1	0.00000	0
193	S	0.00000	1	0.00000	0
194	N	0.00000	1	0.00000	0
195	S	0.00000	1	0.00000	0
196	T	0.00000	0.99999	0.00001	0
197	Y	0.00000	0.99998	0.00002	0
198	C	0.00000	0.99963	0.00037	0
199	I	0.00000	0.66591	0.33409	0
200	F	0.00000	0.65237	0.34763	0
201	M	0.00000	0.65169	0.34831	0
202	V	0.00000	0.65148	0.34852	0
203	N	0.00000	0.65143	0.34857	0
204	K	0.00000	0.64946	0.35054	0
205	P	0.00000	0.39404	0.60596	0
206	Y	0.00000	0.05226	0.94774	0
207	A	0.00000	0.01313	0.98687	0
208	I	0.00000	0.00392	0.99608	0
209	T	0.00000	0.00304	0.99696	0
210	C	0.00000	0.00281	0.99719	0
211	S	0.00000	0.00016	0.99984	0
212	V	0.00000	5e-05	0.99995	0
213	V	0.00000	0	1.00000	0
214	A	0.00000	0	1.00000	0
215	F	0.00000	0	1.00000	0
216	Y	0.00000	0	1.00000	0
217	I	0.00000	0	1.00000	0
218	P	0.00000	0	1.00000	0
219	F	0.00000	0	1.00000	0
220	L	0.00000	0	1.00000	0
221	L	0.00005	0	0.99995	0
222	M	0.00020	0	0.99980	0
223	V	0.00046	0	0.99954	0
224	L	0.01667	0	0.98333	0
225	A	0.07111	0	0.92889	0
226	Y	0.09785	0	0.90215	0
227	Y	0.17011	0	0.82989	0
228	R	0.41099	0	0.58901	0
229	I	0.42097	0	0.57903	0
230	Y	0.47878	0	0.52122	0
231	V	0.80168	0	0.19832	0
232	T	0.99219	0	0.00781	0
233	A	0.99989	0	0.00011	0
234	K	0.99999	0	0.00001	0
235	E	1.00000	0	0.00000	0
236	H	1.00000	0	0.00000	0
237	A	1.00000	0	0.00000	0
238	H	1.00000	0	0.00000	0
239	Q	1.00000	0	0.00000	0
240	I	1.00000	0	0.00000	0
241	Q	1.00000	0	0.00000	0
242	M	1.00000	0	0.00000	0
243	L	1.00000	0	0.00000	0
244	Q	1.00000	0	0.00000	0
245	R	1.00000	0	0.00000	0
246	A	1.00000	0	0.00000	0
247	G	1.00000	0	0.00000	0
248	A	1.00000	0	0.00000	0
249	P	1.00000	0	0.00000	0
250	T	1.00000	0	0.00000	0
251	E	1.00000	0	0.00000	0
252	G	1.00000	0	0.00000	0
253	R	1.00000	0	0.00000	0
254	L	1.00000	0	0.00000	0
255	Q	1.00000	0	0.00000	0
256	P	1.00000	0	0.00000	0
257	T	1.00000	0	0.00000	0
258	D	1.00000	0	0.00000	0
259	Q	1.00000	0	0.00000	0
260	H	1.00000	0	0.00000	0
261	S	1.00000	0	0.00000	0
262	T	1.00000	0	0.00000	0
263	H	1.00000	0	0.00000	0
264	R	1.00000	0	0.00000	0
265	M	1.00000	0	0.00000	0
266	R	1.00000	0	0.00000	0
267	T	1.00000	0	0.00000	0
268	E	1.00000	0	0.00000	0
269	T	0.87090	0	0.12910	0
270	K	0.86808	0	0.13192	0
271	A	0.38893	0	0.61107	0
272	A	0.38550	0	0.61450	0
273	K	0.38329	0	0.61671	0
274	T	0.27053	0	0.72947	0
275	L	0.00169	0	0.99831	0
276	C	0.00001	0	0.99999	0
277	I	0.00000	0	1.00000	0
278	I	0.00000	0	1.00000	0
279	M	0.00000	0	1.00000	0
280	G	0.00000	0	1.00000	0
281	C	0.00000	0	1.00000	0
282	F	0.00000	0	1.00000	0
283	C	0.00000	0	1.00000	0
284	L	0.00000	0	1.00000	0
285	C	0.00000	0	1.00000	0
286	W	0.00000	0	1.00000	0
287	A	0.00000	0	1.00000	0
288	P	0.00000	0	1.00000	0
289	F	0.00000	1e-05	0.99999	0
290	F	0.00000	0.00013	0.99987	0
291	V	0.00000	0.01847	0.98153	0
292	T	0.00000	0.14142	0.85858	0
293	N	0.00000	0.22972	0.77028	0
294	I	0.00000	0.26494	0.73506	0
295	V	0.00000	0.41845	0.58155	0
296	D	0.00000	0.9802	0.01980	0
297	P	0.00000	0.9827	0.01730	0
298	F	0.00000	0.98378	0.01622	0
299	V	0.00000	0.98851	0.01149	0
300	D	0.00000	0.99987	0.00013	0
301	Y	0.00000	0.99989	0.00011	0
302	T	0.00000	0.99994	0.00006	0
303	V	0.00000	0.99996	0.00004	0
304	P	0.00000	0.99994	0.00006	0
305	G	0.00000	0.99891	0.00109	0
306	Q	0.00000	0.98381	0.01619	0
307	V	0.00000	0.91739	0.08261	0
308	W	0.00000	0.89193	0.10807	0
309	T	0.00000	0.3418	0.65820	0
310	A	0.00000	0.00321	0.99679	0
311	F	0.00000	8e-05	0.99992	0
312	L	0.00000	0	1.00000	0
313	W	0.00000	0	1.00000	0
314	L	0.00000	0	1.00000	0
315	G	0.00000	0	1.00000	0
316	Y	0.00000	0	1.00000	0
317	I	0.00000	0	1.00000	0
318	N	0.00000	0	1.00000	0
319	S	0.00000	0	1.00000	0
320	G	0.00000	0	1.00000	0
321	L	0.00000	0	1.00000	0
322	N	0.00000	0	1.00000	0
323	P	0.00000	0	1.00000	0
324	F	0.00000	0	1.00000	0
325	L	0.00000	0	1.00000	0
326	Y	0.00001	0	0.99999	0
327	A	0.00013	0	0.99987	0
328	F	0.00247	0	0.99753	0
329	L	0.40549	0	0.59451	0
330	N	0.89866	0	0.10134	0
331	K	1.00000	0	0.00000	0
332	S	1.00000	0	0.00000	0
333	F	1.00000	0	0.00000	0
334	R	1.00000	0	0.00000	0
335	R	1.00000	0	0.00000	0
336	A	1.00000	0	0.00000	0
337	F	1.00000	0	0.00000	0
338	L	1.00000	0	0.00000	0
339	I	1.00000	0	0.00000	0
340	I	1.00000	0	0.00000	0
341	L	1.00000	0	0.00000	0
342	C	1.00000	0	0.00000	0
343	C	1.00000	0	0.00000	0
344	D	1.00000	0	0.00000	0
345	D	1.00000	0	0.00000	0
346	E	1.00000	0	0.00000	0
347	R	1.00000	0	0.00000	0
348	Y	1.00000	0	0.00000	0
349	R	1.00000	0	0.00000	0
350	R	1.00000	0	0.00000	0
351	P	1.00000	0	0.00000	0
352	S	1.00000	0	0.00000	0
353	I	1.00000	0	0.00000	0
354	L	1.00000	0	0.00000	0
355	G	1.00000	0	0.00000	0
356	Q	1.00000	0	0.00000	0
357	T	1.00000	0	0.00000	0
358	V	1.00000	0	0.00000	0
359	P	1.00000	0	0.00000	0
360	C	1.00000	0	0.00000	0
361	S	1.00000	0	0.00000	0
362	T	1.00000	0	0.00000	0
363	T	1.00000	0	0.00000	0
364	T	1.00000	0	0.00000	0
365	I	1.00000	0	0.00000	0
366	N	1.00000	0	0.00000	0
367	G	1.00000	0	0.00000	0
368	S	1.00000	0	0.00000	0
369	T	1.00000	0	0.00000	0
370	H	1.00000	0	0.00000	0
371	V	1.00000	0	0.00000	0
372	L	1.00000	0	0.00000	0
373	R	1.00000	0	0.00000	0
374	D	1.00000	0	0.00000	0
375	A	1.00000	0	0.00000	0
376	V	1.00000	0	0.00000	0
377	E	1.00000	0	0.00000	0
378	C	1.00000	0	0.00000	0
379	G	1.00000	0	0.00000	0
380	G	1.00000	0	0.00000	0
381	Q	1.00000	0	0.00000	0
382	W	1.00000	0	0.00000	0
383	E	1.00000	0	0.00000	0
384	S	1.00000	0	0.00000	0
385	Q	1.00000	0	0.00000	0
386	S	1.00000	0	0.00000	0
387	H	1.00000	0	0.00000	0
388	P	1.00000	0	0.00000	0
389	P	1.00000	0	0.00000	0
390	A	1.00000	0	0.00000	0
391	S	1.00000	0	0.00000	0
392	S	1.00000	0	0.00000	0
393	P	1.00000	0	0.00000	0
394	L	1.00000	0	0.00000	0
395	V	1.00000	0	0.00000	0
396	A	1.00000	0	0.00000	0
397	A	1.00000	0	0.00000	0
398	Q	1.00000	0	0.00000	0
399	P	1.00000	0	0.00000	0
400	S	1.00000	0	0.00000	0
401	D	1.00000	0	0.00000	0
402	T	1.00000	0	0.00000	0
