# UNNAMED
#pos	aa	i	o	M	S
1	M	0.00000	0.99986	0.00000	0.00014
2	T	0.00000	0.99986	0.00000	0.00014
3	L	0.00000	0.99986	0.00000	0.00014
4	H	0.00000	0.99986	0.00000	0.00014
5	S	0.00000	0.99986	0.00000	0.00014
6	N	0.00000	0.99986	0.00000	0.00014
7	N	0.00000	0.99986	0.00000	0.00014
8	T	0.00000	0.99986	0.00000	0.00014
9	T	0.00000	0.99986	0.00000	0.00014
10	S	0.00000	0.99986	0.00000	0.00015
11	S	0.00000	0.99986	0.00000	0.00015
12	S	0.00000	0.99986	0.00000	0.00014
13	F	0.00000	0.99986	0.00000	0.00014
14	A	0.00000	0.99986	0.00000	0.00015
15	N	0.00000	0.99994	0.00000	7e-05
16	I	0.00000	0.99993	0.00000	7e-05
17	S	0.00000	0.99993	0.00000	7e-05
18	S	0.00000	0.99993	0.00000	7e-05
19	S	0.00000	0.99995	0.00000	6e-05
20	W	0.00000	0.99999	0.00000	1e-05
21	N	0.00000	0.99999	0.00000	1e-05
22	Q	0.00000	0.99999	0.00000	1e-05
23	G	0.00000	0.99999	0.00000	1e-05
24	T	0.00000	0.99999	0.00000	1e-05
25	S	0.00000	0.99999	0.00000	1e-05
26	S	0.00000	1	0.00000	0
27	P	0.00000	1	0.00000	0
28	G	0.00000	1	0.00000	0
29	L	0.00000	1	0.00000	0
30	P	0.00000	1	0.00000	0
31	P	0.00000	1	0.00000	0
32	R	0.00000	1	0.00000	0
33	Y	0.00000	1	0.00000	0
34	G	0.00000	1	0.00000	0
35	S	0.00000	1	0.00000	0
36	Y	0.00000	1	0.00000	0
37	N	0.00000	1	0.00000	0
38	V	0.00000	1	0.00000	0
39	S	0.00000	1	0.00000	0
40	Q	0.00000	1	0.00000	0
41	A	0.00000	1	0.00000	0
42	S	0.00000	1	0.00000	0
43	E	0.00000	1	0.00000	0
44	A	0.00000	1	0.00000	0
45	F	0.00000	1	0.00000	0
46	S	0.00000	1	0.00000	0
47	N	0.00000	1	0.00000	0
48	N	0.00000	1	0.00000	0
49	V	0.00000	1	0.00000	0
50	T	0.00000	1	0.00000	0
51	N	0.00000	1	0.00000	0
52	H	0.00000	1	0.00000	0
53	D	0.00000	1	0.00000	0
54	P	0.00000	1	0.00000	0
55	L	0.00000	1	0.00000	0
56	G	0.00000	0.99999	0.00001	0
57	G	0.00000	0.99809	0.00191	0
58	H	0.00000	0.98132	0.01868	0
59	T	0.00000	0.92831	0.07169	0
60	V	0.00000	0.83566	0.16434	0
61	W	0.00000	0.73488	0.26512	0
62	Q	0.00000	0.66406	0.33594	0
63	V	0.00000	0.21228	0.78772	0
64	V	0.00000	0.06523	0.93477	0
65	F	0.00000	0.02284	0.97716	0
66	I	0.00000	0.00257	0.99743	0
67	A	0.00000	0.00149	0.99851	0
68	L	0.00000	0.00027	0.99973	0
69	L	0.00000	4e-05	0.99996	0
70	T	0.00000	0	1.00000	0
71	G	0.00000	0	1.00000	0
72	I	0.00000	0	1.00000	0
73	L	0.00000	0	1.00000	0
74	A	0.00000	0	1.00000	0
75	L	0.00000	0	1.00000	0
76	V	0.00000	0	1.00000	0
77	T	0.00000	0	1.00000	0
78	I	0.00000	0	1.00000	0
79	I	0.00000	0	1.00000	0
80	G	0.00000	0	1.00000	0
81	N	0.00000	0	1.00000	0
82	I	0.00000	0	1.00000	0
83	L	0.00001	0	0.99999	0
84	V	0.00006	0	0.99994	0
85	I	0.00026	0	0.99974	0
86	V	0.01068	0	0.98932	0
87	A	0.18286	0	0.81714	0
88	F	0.32493	0	0.67507	0
89	K	0.98228	0	0.01772	0
90	V	0.99195	0	0.00805	0
91	N	0.99979	0	0.00021	0
92	K	1.00000	0	0.00000	0
93	Q	1.00000	0	0.00000	0
94	L	0.99998	0	0.00002	0
95	K	0.99993	0	0.00007	0
96	T	0.98808	0	0.01192	0
97	V	0.82262	0	0.17738	0
98	N	0.55648	0	0.44352	0
99	N	0.15912	0	0.84088	0
100	Y	0.06693	0	0.93307	0
101	F	0.00120	0	0.99880	0
102	L	0.00010	0	0.99990	0
103	L	0.00000	0	1.00000	0
104	S	0.00000	0	1.00000	0
105	L	0.00000	0	1.00000	0
106	A	0.00000	0	1.00000	0
107	C	0.00000	0	1.00000	0
108	A	0.00000	0	1.00000	0
109	D	0.00000	0	1.00000	0
110	L	0.00000	0	1.00000	0
111	I	0.00000	0	1.00000	0
112	I	0.00000	0	1.00000	0
113	G	0.00000	0	1.00000	0
114	V	0.00000	0	1.00000	0
115	I	0.00000	0.00052	0.99948	0
116	S	0.00000	0.02996	0.97004	0
117	M	0.00000	0.04769	0.95231	0
118	N	0.00000	0.19945	0.80055	0
119	L	0.00000	0.21119	0.78881	0
120	F	0.00000	0.24796	0.75204	0
121	T	0.00000	0.34364	0.65636	0
122	T	0.00000	0.51959	0.48041	0
123	Y	0.00000	0.55811	0.44189	0
124	I	0.00000	0.57869	0.42131	0
125	I	0.00000	0.64377	0.35623	0
126	M	0.00000	0.7314	0.26860	0
127	N	0.00000	0.98731	0.01269	0
128	R	0.00000	0.99921	0.00079	0
129	W	0.00000	0.99979	0.00021	0
130	A	0.00000	0.99998	0.00002	0
131	L	0.00000	1	0.00000	0
132	G	0.00000	1	0.00000	0
133	N	0.00000	1	0.00000	0
134	L	0.00000	1	0.00000	0
135	A	0.00000	0.99999	0.00001	0
136	C	0.00000	0.99999	0.00001	0
137	D	0.00000	0.99997	0.00003	0
138	L	0.00000	0.99955	0.00045	0
139	W	0.00000	0.95101	0.04899	0
140	L	0.00000	0.46817	0.53183	0
141	A	0.00000	0.10731	0.89269	0
142	I	0.00000	0.00324	0.99676	0
143	D	0.00000	0.00012	0.99988	0
144	Y	0.00000	1e-05	0.99999	0
145	V	0.00000	0	1.00000	0
146	A	0.00000	0	1.00000	0
147	S	0.00000	0	1.00000	0
148	N	0.00000	0	1.00000	0
149	A	0.00000	0	1.00000	0
150	S	0.00000	0	1.00000	0
151	V	0.00000	0	1.00000	0
152	M	0.00000	0	1.00000	0
153	N	0.00000	0	1.00000	0
154	L	0.00000	0	1.00000	0
155	L	0.00000	0	1.00000	0
156	V	0.00000	0	1.00000	0
157	I	0.00000	0	1.00000	0
158	S	0.00000	0	1.00000	0
159	F	0.00000	0	1.00000	0
160	D	0.00006	0	0.99994	0
161	R	0.05346	0	0.94654	0
162	Y	0.26833	0	0.73167	0
163	F	0.64178	0	0.35822	0
164	S	0.92388	0	0.07612	0
165	I	0.99997	0	0.00003	0
166	T	1.00000	0	0.00000	0
167	R	1.00000	0	0.00000	0
168	P	1.00000	0	0.00000	0
169	L	1.00000	0	0.00000	0
170	T	1.00000	0	0.00000	0
171	Y	1.00000	0	0.00000	0
172	R	1.00000	0	0.00000	0
173	A	1.00000	0	0.00000	0
174	K	1.00000	0	0.00000	0
175	R	1.00000	0	0.00000	0
176	T	0.99999	0	0.00001	0
177	T	0.99993	0	0.00007	0
178	K	0.99970	0	0.00030	0
179	R	0.97655	0	0.02345	0
180	V	0.07509	0	0.92491	0
181	G	0.04224	0	0.95776	0
182	M	0.01492	0	0.98508	0
183	M	0.00477	0	0.99523	0
184	I	0.00023	0	0.99977	0
185	G	0.00012	0	0.99988	0
186	L	0.00000	0	1.00000	0
187	A	0.00000	0	1.00000	0
188	W	0.00000	0	1.00000	0
189	I	0.00000	0	1.00000	0
190	I	0.00000	0	1.00000	0
191	S	0.00000	0	1.00000	0
192	F	0.00000	0	1.00000	0
193	I	0.00000	0	1.00000	0
194	L	0.00000	0	1.00000	0
195	W	0.00000	0	1.00000	0
196	A	0.00000	0	1.00000	0
197	P	0.00000	1e-05	0.99999	0
198	A	0.00000	2e-05	0.99998	0
199	I	0.00000	0.00047	0.99953	0
200	L	0.00000	0.01233	0.98767	0
201	F	0.00000	0.1393	0.86070	0
202	W	0.00000	0.5167	0.48330	0
203	Q	0.00000	0.96674	0.03326	0
204	Y	0.00000	0.98268	0.01732	0
205	F	0.00000	0.98845	0.01155	0
206	V	0.00000	0.99567	0.00433	0
207	G	0.00000	0.99975	0.00025	0
208	K	0.00000	1	0.00000	0
209	R	0.00000	1	0.00000	0
210	T	0.00000	1	0.00000	0
211	V	0.00000	1	0.00000	0
212	P	0.00000	1	0.00000	0
213	S	0.00000	1	0.00000	0
214	G	0.00000	1	0.00000	0
215	E	0.00000	1	0.00000	0
216	C	0.00000	1	0.00000	0
217	F	0.00000	0.99991	0.00009	0
218	I	0.00000	0.99745	0.00255	0
219	Q	0.00000	0.9969	0.00310	0
220	F	0.00000	0.9963	0.00370	0
221	L	0.00000	0.99621	0.00379	0
222	S	0.00000	0.99598	0.00402	0
223	E	0.00000	0.99568	0.00432	0
224	P	0.00000	0.57368	0.42632	0
225	T	0.00000	0.42473	0.57527	0
226	I	0.00000	0.15285	0.84715	0
227	T	0.00000	0.12119	0.87881	0
228	F	0.00000	0.01502	0.98498	0
229	G	0.00000	0.00457	0.99543	0
230	T	0.00000	0.00205	0.99795	0
231	A	0.00000	6e-05	0.99994	0
232	I	0.00000	0	1.00000	0
233	A	0.00000	0	1.00000	0
234	A	0.00000	0	1.00000	0
235	F	0.00000	0	1.00000	0
236	Y	0.00000	0	1.00000	0
237	M	0.00000	0	1.00000	0
238	P	0.00000	0	1.00000	0
239	V	0.00000	0	1.00000	0
240	T	0.00000	0	1.00000	0
241	I	0.00001	0	0.99999	0
242	M	0.00001	0	0.99999	0
243	T	0.00002	0	0.99998	0
244	I	0.00005	0	0.99995	0
245	L	0.00013	0	0.99987	0
246	Y	0.00065	0	0.99935	0
247	W	0.00639	0	0.99361	0
248	R	0.17505	0	0.82495	0
249	I	0.19983	0	0.80017	0
250	Y	0.31442	0	0.68558	0
251	K	0.99393	0	0.00607	0
252	E	0.99976	0	0.00024	0
253	T	1.00000	0	0.00000	0
254	E	1.00000	0	0.00000	0
255	K	1.00000	0	0.00000	0
256	R	1.00000	0	0.00000	0
257	T	1.00000	0	0.00000	0
258	K	1.00000	0	0.00000	0
259	E	1.00000	0	0.00000	0
260	L	1.00000	0	0.00000	0
261	A	1.00000	0	0.00000	0
262	G	1.00000	0	0.00000	0
263	L	1.00000	0	0.00000	0
264	Q	1.00000	0	0.00000	0
265	A	1.00000	0	0.00000	0
266	S	1.00000	0	0.00000	0
267	G	1.00000	0	0.00000	0
268	S	1.00000	0	0.00000	0
269	E	1.00000	0	0.00000	0
270	A	1.00000	0	0.00000	0
271	E	1.00000	0	0.00000	0
272	A	1.00000	0	0.00000	0
273	A	1.00000	0	0.00000	0
274	H	1.00000	0	0.00000	0
275	F	1.00000	0	0.00000	0
276	V	1.00000	0	0.00000	0
277	N	1.00000	0	0.00000	0
278	P	1.00000	0	0.00000	0
279	T	1.00000	0	0.00000	0
280	G	1.00000	0	0.00000	0
281	S	1.00000	0	0.00000	0
282	S	1.00000	0	0.00000	0
283	R	1.00000	0	0.00000	0
284	S	1.00000	0	0.00000	0
285	C	1.00000	0	0.00000	0
286	S	1.00000	0	0.00000	0
287	S	1.00000	0	0.00000	0
288	Y	1.00000	0	0.00000	0
289	E	1.00000	0	0.00000	0
290	L	1.00000	0	0.00000	0
291	Q	1.00000	0	0.00000	0
292	Q	1.00000	0	0.00000	0
293	Q	1.00000	0	0.00000	0
294	T	1.00000	0	0.00000	0
295	L	1.00000	0	0.00000	0
296	K	1.00000	0	0.00000	0
297	R	1.00000	0	0.00000	0
298	S	1.00000	0	0.00000	0
299	T	1.00000	0	0.00000	0
300	R	1.00000	0	0.00000	0
301	R	1.00000	0	0.00000	0
302	K	1.00000	0	0.00000	0
303	Y	1.00000	0	0.00000	0
304	S	1.00000	0	0.00000	0
305	R	1.00000	0	0.00000	0
306	C	1.00000	0	0.00000	0
307	H	1.00000	0	0.00000	0
308	F	1.00000	0	0.00000	0
309	W	1.00000	0	0.00000	0
310	F	1.00000	0	0.00000	0
311	T	1.00000	0	0.00000	0
312	T	1.00000	0	0.00000	0
313	K	1.00000	0	0.00000	0
314	S	1.00000	0	0.00000	0
315	W	1.00000	0	0.00000	0
316	K	1.00000	0	0.00000	0
317	P	1.00000	0	0.00000	0
318	S	1.00000	0	0.00000	0
319	A	1.00000	0	0.00000	0
320	E	1.00000	0	0.00000	0
321	Q	1.00000	0	0.00000	0
322	M	1.00000	0	0.00000	0
323	D	1.00000	0	0.00000	0
324	Q	1.00000	0	0.00000	0
325	E	1.00000	0	0.00000	0
326	H	1.00000	0	0.00000	0
327	S	1.00000	0	0.00000	0
328	S	1.00000	0	0.00000	0
329	S	1.00000	0	0.00000	0
330	D	1.00000	0	0.00000	0
331	S	1.00000	0	0.00000	0
332	W	1.00000	0	0.00000	0
333	N	1.00000	0	0.00000	0
334	N	1.00000	0	0.00000	0
335	N	1.00000	0	0.00000	0
336	D	1.00000	0	0.00000	0
337	A	1.00000	0	0.00000	0
338	A	1.00000	0	0.00000	0
339	A	1.00000	0	0.00000	0
340	S	1.00000	0	0.00000	0
341	L	1.00000	0	0.00000	0
342	E	1.00000	0	0.00000	0
343	N	1.00000	0	0.00000	0
344	S	1.00000	0	0.00000	0
345	A	1.00000	0	0.00000	0
346	S	1.00000	0	0.00000	0
347	S	1.00000	0	0.00000	0
348	D	1.00000	0	0.00000	0
349	E	1.00000	0	0.00000	0
350	E	1.00000	0	0.00000	0
351	D	1.00000	0	0.00000	0
352	I	1.00000	0	0.00000	0
353	G	1.00000	0	0.00000	0
354	S	1.00000	0	0.00000	0
355	E	1.00000	0	0.00000	0
356	T	1.00000	0	0.00000	0
357	R	1.00000	0	0.00000	0
358	A	1.00000	0	0.00000	0
359	I	1.00000	0	0.00000	0
360	Y	1.00000	0	0.00000	0
361	S	1.00000	0	0.00000	0
362	I	1.00000	0	0.00000	0
363	V	1.00000	0	0.00000	0
364	L	1.00000	0	0.00000	0
365	K	1.00000	0	0.00000	0
366	L	1.00000	0	0.00000	0
367	P	1.00000	0	0.00000	0
368	G	1.00000	0	0.00000	0
369	H	1.00000	0	0.00000	0
370	S	1.00000	0	0.00000	0
371	T	1.00000	0	0.00000	0
372	I	1.00000	0	0.00000	0
373	L	1.00000	0	0.00000	0
374	N	1.00000	0	0.00000	0
375	S	1.00000	0	0.00000	0
376	T	1.00000	0	0.00000	0
377	K	1.00000	0	0.00000	0
378	L	1.00000	0	0.00000	0
379	P	1.00000	0	0.00000	0
380	S	1.00000	0	0.00000	0
381	S	1.00000	0	0.00000	0
382	E	1.00000	0	0.00000	0
383	D	1.00000	0	0.00000	0
384	L	1.00000	0	0.00000	0
385	Q	1.00000	0	0.00000	0
386	G	1.00000	0	0.00000	0
387	S	1.00000	0	0.00000	0
388	E	1.00000	0	0.00000	0
389	E	1.00000	0	0.00000	0
390	D	1.00000	0	0.00000	0
391	L	1.00000	0	0.00000	0
392	R	1.00000	0	0.00000	0
393	K	1.00000	0	0.00000	0
394	A	1.00000	0	0.00000	0
395	D	1.00000	0	0.00000	0
396	L	1.00000	0	0.00000	0
397	E	1.00000	0	0.00000	0
398	R	1.00000	0	0.00000	0
399	K	1.00000	0	0.00000	0
400	P	1.00000	0	0.00000	0
401	N	1.00000	0	0.00000	0
402	K	1.00000	0	0.00000	0
403	L	1.00000	0	0.00000	0
404	Q	1.00000	0	0.00000	0
405	A	1.00000	0	0.00000	0
406	Q	1.00000	0	0.00000	0
407	K	1.00000	0	0.00000	0
408	S	1.00000	0	0.00000	0
409	M	1.00000	0	0.00000	0
410	E	1.00000	0	0.00000	0
411	D	1.00000	0	0.00000	0
412	G	1.00000	0	0.00000	0
413	G	1.00000	0	0.00000	0
414	S	1.00000	0	0.00000	0
415	F	1.00000	0	0.00000	0
416	R	1.00000	0	0.00000	0
417	K	1.00000	0	0.00000	0
418	N	1.00000	0	0.00000	0
419	F	1.00000	0	0.00000	0
420	A	1.00000	0	0.00000	0
421	K	1.00000	0	0.00000	0
422	L	1.00000	0	0.00000	0
423	P	1.00000	0	0.00000	0
424	I	1.00000	0	0.00000	0
425	Q	1.00000	0	0.00000	0
426	L	1.00000	0	0.00000	0
427	E	1.00000	0	0.00000	0
428	S	1.00000	0	0.00000	0
429	S	1.00000	0	0.00000	0
430	G	1.00000	0	0.00000	0
431	D	1.00000	0	0.00000	0
432	T	1.00000	0	0.00000	0
433	A	1.00000	0	0.00000	0
434	K	1.00000	0	0.00000	0
435	S	1.00000	0	0.00000	0
436	T	1.00000	0	0.00000	0
437	E	1.00000	0	0.00000	0
438	A	1.00000	0	0.00000	0
439	I	1.00000	0	0.00000	0
440	S	1.00000	0	0.00000	0
441	S	1.00000	0	0.00000	0
442	V	1.00000	0	0.00000	0
443	A	1.00000	0	0.00000	0
444	K	1.00000	0	0.00000	0
445	T	1.00000	0	0.00000	0
446	T	1.00000	0	0.00000	0
447	A	1.00000	0	0.00000	0
448	A	1.00000	0	0.00000	0
449	L	1.00000	0	0.00000	0
450	P	1.00000	0	0.00000	0
451	L	1.00000	0	0.00000	0
452	S	1.00000	0	0.00000	0
453	F	1.00000	0	0.00000	0
454	K	1.00000	0	0.00000	0
455	E	1.00000	0	0.00000	0
456	A	1.00000	0	0.00000	0
457	T	1.00000	0	0.00000	0
458	L	1.00000	0	0.00000	0
459	A	1.00000	0	0.00000	0
460	K	1.00000	0	0.00000	0
461	R	1.00000	0	0.00000	0
462	F	1.00000	0	0.00000	0
463	A	1.00000	0	0.00000	0
464	L	1.00000	0	0.00000	0
465	K	1.00000	0	0.00000	0
466	T	1.00000	0	0.00000	0
467	R	1.00000	0	0.00000	0
468	S	1.00000	0	0.00000	0
469	Q	1.00000	0	0.00000	0
470	I	1.00000	0	0.00000	0
471	T	1.00000	0	0.00000	0
472	K	1.00000	0	0.00000	0
473	R	1.00000	0	0.00000	0
474	K	1.00000	0	0.00000	0
475	R	1.00000	0	0.00000	0
476	M	1.00000	0	0.00000	0
477	S	1.00000	0	0.00000	0
478	L	1.00000	0	0.00000	0
479	I	1.00000	0	0.00000	0
480	K	1.00000	0	0.00000	0
481	E	1.00000	0	0.00000	0
482	K	0.96994	0	0.03006	0
483	K	0.96841	0	0.03159	0
484	A	0.19871	0	0.80129	0
485	A	0.14448	0	0.85552	0
486	Q	0.14017	0	0.85983	0
487	T	0.12265	0	0.87735	0
488	L	0.10538	0	0.89462	0
489	S	0.02629	0	0.97371	0
490	A	0.00255	0	0.99745	0
491	I	0.00033	0	0.99967	0
492	L	0.00019	0	0.99981	0
493	L	0.00000	0	1.00000	0
494	A	0.00000	0	1.00000	0
495	F	0.00000	0	1.00000	0
496	I	0.00000	0	1.00000	0
497	I	0.00000	0	1.00000	0
498	T	0.00000	0	1.00000	0
499	W	0.00000	0	1.00000	0
500	T	0.00000	0	1.00000	0
501	P	0.00000	0	1.00000	0
502	Y	0.00000	2e-05	0.99998	0
503	N	0.00000	0.00017	0.99983	0
504	I	0.00000	0.00026	0.99974	0
505	M	0.00000	0.00141	0.99859	0
506	V	0.00000	0.01759	0.98241	0
507	L	0.00000	0.15533	0.84467	0
508	V	0.00000	0.3605	0.63950	0
509	N	0.00000	0.80204	0.19796	0
510	T	0.00000	0.858	0.14200	0
511	F	0.00000	0.87653	0.12347	0
512	C	0.00000	0.98583	0.01417	0
513	N	0.00000	0.99768	0.00232	0
514	S	0.00000	0.99924	0.00076	0
515	C	0.00000	0.99976	0.00024	0
516	I	0.00000	0.9998	0.00020	0
517	P	0.00000	0.99978	0.00022	0
518	K	0.00000	0.99861	0.00139	0
519	T	0.00000	0.97489	0.02511	0
520	Y	0.00000	0.96994	0.03006	0
521	W	0.00000	0.95962	0.04038	0
522	N	0.00000	0.6405	0.35950	0
523	L	0.00000	0.02645	0.97355	0
524	G	0.00000	0.01686	0.98314	0
525	Y	0.00000	0.00046	0.99954	0
526	W	0.00000	1e-05	0.99999	0
527	L	0.00000	1e-05	0.99999	0
528	C	0.00000	1e-05	0.99999	0
529	Y	0.00000	1e-05	0.99999	0
530	I	0.00000	1e-05	0.99999	0
531	N	0.00000	1e-05	0.99999	0
532	S	0.00000	1e-05	0.99999	0
533	T	0.00000	0	1.00000	0
534	V	0.00000	0	1.00000	0
535	N	0.00000	0	1.00000	0
536	P	0.00000	0	1.00000	0
537	M	0.00000	0	1.00000	0
538	C	0.00001	0	0.99999	0
539	Y	0.00007	0	0.99993	0
540	A	0.00045	0	0.99955	0
541	L	0.00210	0	0.99790	0
542	C	0.12707	0	0.87293	0
543	N	0.33611	0	0.66389	0
544	K	0.99999	0	0.00001	0
545	T	0.99999	0	0.00001	0
546	F	0.99999	0	0.00001	0
547	R	0.99999	0	0.00001	0
548	T	0.99999	0	0.00001	0
549	T	0.99999	0	0.00001	0
550	F	0.99999	0	0.00001	0
551	K	0.99999	0	0.00001	0
552	M	0.99999	0	0.00001	0
553	L	0.99999	0	0.00001	0
554	L	0.99999	0	0.00001	0
555	L	0.99999	0	0.00001	0
556	C	0.99999	0	0.00001	0
557	Q	1.00000	0	0.00000	0
558	C	1.00000	0	0.00000	0
559	D	1.00000	0	0.00000	0
560	K	1.00000	0	0.00000	0
561	R	1.00000	0	0.00000	0
562	K	1.00000	0	0.00000	0
563	R	1.00000	0	0.00000	0
564	R	1.00000	0	0.00000	0
565	K	1.00000	0	0.00000	0
566	Q	1.00000	0	0.00000	0
567	Q	1.00000	0	0.00000	0
568	Y	1.00000	0	0.00000	0
569	Q	1.00000	0	0.00000	0
570	Q	1.00000	0	0.00000	0
571	R	1.00000	0	0.00000	0
572	Q	1.00000	0	0.00000	0
573	S	1.00000	0	0.00000	0
574	V	1.00000	0	0.00000	0
575	I	1.00000	0	0.00000	0
576	F	1.00000	0	0.00000	0
577	H	1.00000	0	0.00000	0
578	K	1.00000	0	0.00000	0
579	R	1.00000	0	0.00000	0
580	V	1.00000	0	0.00000	0
581	P	1.00000	0	0.00000	0
582	Q	1.00000	0	0.00000	0
583	E	1.00000	0	0.00000	0
584	A	1.00000	0	0.00000	0
585	S	1.00000	0	0.00000	0
