# UNNAMED
#pos	aa	i	o	M	S
1	M	0.00000	0.99999	0.00000	1e-05
2	E	0.00000	0.99999	0.00000	1e-05
3	E	0.00000	0.99999	0.00000	1e-05
4	A	0.00000	0.99999	0.00000	1e-05
5	S	0.00000	0.99999	0.00000	1e-05
6	A	0.00000	0.99999	0.00000	1e-05
7	V	0.00000	0.99999	0.00000	1e-05
8	N	0.00000	0.99999	0.00000	1e-05
9	S	0.00000	0.99999	0.00000	1e-05
10	T	0.00000	0.99999	0.00000	2e-05
11	S	0.00000	0.99999	0.00000	2e-05
12	N	0.00000	0.99999	0.00000	1e-05
13	T	0.00000	0.99999	0.00000	1e-05
14	S	0.00000	0.99999	0.00000	1e-05
15	S	0.00000	0.99999	0.00000	1e-05
16	A	0.00000	0.99999	0.00000	1e-05
17	D	0.00000	1	0.00000	0
18	T	0.00000	1	0.00000	0
19	H	0.00000	0.99999	0.00001	0
20	L	0.00000	0.99998	0.00002	0
21	V	0.00000	0.99997	0.00003	0
22	T	0.00000	0.99934	0.00066	0
23	H	0.00000	0.99908	0.00092	0
24	S	0.00000	0.99823	0.00177	0
25	L	0.00000	0.98705	0.01295	0
26	W	0.00000	0.96647	0.03353	0
27	E	0.00000	0.95248	0.04752	0
28	V	0.00000	0.47346	0.52654	0
29	I	0.00000	0.09433	0.90567	0
30	T	0.00000	0.02615	0.97385	0
31	I	0.00000	0.00478	0.99522	0
32	A	0.00000	0.00285	0.99715	0
33	T	0.00000	0.00086	0.99914	0
34	V	0.00000	4e-05	0.99996	0
35	S	0.00000	1e-05	0.99999	0
36	A	0.00000	0	1.00000	0
37	I	0.00000	0	1.00000	0
38	V	0.00000	0	1.00000	0
39	S	0.00000	0	1.00000	0
40	L	0.00000	0	1.00000	0
41	I	0.00000	0	1.00000	0
42	T	0.00000	0	1.00000	0
43	I	0.00000	0	1.00000	0
44	V	0.00000	0	1.00000	0
45	G	0.00000	0	1.00000	0
46	N	0.00000	0	1.00000	0
47	V	0.00001	0	0.99999	0
48	L	0.00006	0	0.99994	0
49	V	0.00063	0	0.99937	0
50	M	0.00506	0	0.99494	0
51	L	0.03213	0	0.96787	0
52	S	0.56935	0	0.43065	0
53	F	0.64696	0	0.35304	0
54	K	0.99221	0	0.00779	0
55	V	0.99688	0	0.00312	0
56	N	0.99990	0	0.00010	0
57	S	0.99999	0	0.00001	0
58	Q	1.00000	0	0.00000	0
59	L	0.99996	0	0.00004	0
60	K	0.99988	0	0.00012	0
61	T	0.98528	0	0.01472	0
62	V	0.56765	0	0.43235	0
63	N	0.23690	0	0.76310	0
64	N	0.03940	0	0.96060	0
65	Y	0.01505	0	0.98495	0
66	Y	0.00074	0	0.99926	0
67	L	0.00001	0	0.99999	0
68	L	0.00000	0	1.00000	0
69	S	0.00000	0	1.00000	0
70	L	0.00000	0	1.00000	0
71	A	0.00000	0	1.00000	0
72	A	0.00000	0	1.00000	0
73	A	0.00000	0	1.00000	0
74	D	0.00000	0	1.00000	0
75	L	0.00000	0	1.00000	0
76	I	0.00000	0	1.00000	0
77	I	0.00000	0	1.00000	0
78	G	0.00000	0	1.00000	0
79	V	0.00000	0	1.00000	0
80	F	0.00000	0.00147	0.99853	0
81	S	0.00000	0.0993	0.90070	0
82	M	0.00000	0.15901	0.84099	0
83	N	0.00000	0.6554	0.34460	0
84	L	0.00000	0.69241	0.30759	0
85	Y	0.00000	0.80461	0.19539	0
86	T	0.00000	0.83543	0.16457	0
87	S	0.00000	0.8909	0.10910	0
88	Y	0.00000	0.89635	0.10365	0
89	I	0.00000	0.89922	0.10078	0
90	L	0.00000	0.9082	0.09180	0
91	M	0.00000	0.91886	0.08114	0
92	G	0.00000	0.94973	0.05027	0
93	Y	0.00000	0.9943	0.00570	0
94	W	0.00000	0.99834	0.00166	0
95	A	0.00000	0.9996	0.00040	0
96	L	0.00000	0.99995	0.00005	0
97	G	0.00000	1	0.00000	0
98	N	0.00000	1	0.00000	0
99	L	0.00000	0.99999	0.00001	0
100	S	0.00000	0.99999	0.00001	0
101	C	0.00000	0.99998	0.00002	0
102	D	0.00000	0.99989	0.00011	0
103	L	0.00000	0.99934	0.00066	0
104	W	0.00000	0.9434	0.05660	0
105	L	0.00000	0.44143	0.55857	0
106	A	0.00000	0.09628	0.90372	0
107	L	0.00000	0.00323	0.99677	0
108	D	0.00000	0.00011	0.99989	0
109	Y	0.00000	1e-05	0.99999	0
110	V	0.00000	0	1.00000	0
111	A	0.00000	0	1.00000	0
112	S	0.00000	0	1.00000	0
113	N	0.00000	0	1.00000	0
114	A	0.00000	0	1.00000	0
115	S	0.00000	0	1.00000	0
116	V	0.00000	0	1.00000	0
117	M	0.00000	0	1.00000	0
118	N	0.00000	0	1.00000	0
119	L	0.00000	0	1.00000	0
120	L	0.00000	0	1.00000	0
121	V	0.00000	0	1.00000	0
122	I	0.00000	0	1.00000	0
123	S	0.00000	0	1.00000	0
124	F	0.00000	0	1.00000	0
125	D	0.00007	0	0.99993	0
126	R	0.05666	0	0.94334	0
127	Y	0.27757	0	0.72243	0
128	F	0.65142	0	0.34858	0
129	S	0.92719	0	0.07281	0
130	I	0.99997	0	0.00003	0
131	T	1.00000	0	0.00000	0
132	R	1.00000	0	0.00000	0
133	P	1.00000	0	0.00000	0
134	L	1.00000	0	0.00000	0
135	T	1.00000	0	0.00000	0
136	Y	1.00000	0	0.00000	0
137	R	1.00000	0	0.00000	0
138	A	1.00000	0	0.00000	0
139	K	1.00000	0	0.00000	0
140	R	1.00000	0	0.00000	0
141	T	0.99997	0	0.00003	0
142	P	0.99993	0	0.00007	0
143	K	0.99907	0	0.00093	0
144	R	0.95125	0	0.04875	0
145	A	0.08084	0	0.91916	0
146	G	0.03635	0	0.96365	0
147	I	0.00988	0	0.99012	0
148	M	0.00524	0	0.99476	0
149	I	0.00026	0	0.99974	0
150	G	0.00010	0	0.99990	0
151	L	0.00000	0	1.00000	0
152	A	0.00000	0	1.00000	0
153	W	0.00000	0	1.00000	0
154	L	0.00000	0	1.00000	0
155	V	0.00000	0	1.00000	0
156	S	0.00000	0	1.00000	0
157	L	0.00000	0	1.00000	0
158	V	0.00000	0	1.00000	0
159	L	0.00000	0	1.00000	0
160	W	0.00000	0	1.00000	0
161	A	0.00000	0	1.00000	0
162	P	0.00000	6e-05	0.99994	0
163	P	0.00000	0.0004	0.99960	0
164	I	0.00000	0.00306	0.99694	0
165	L	0.00000	0.07359	0.92641	0
166	C	0.00000	0.83508	0.16492	0
167	W	0.00000	0.89108	0.10892	0
168	Q	0.00000	0.96572	0.03428	0
169	Y	0.00000	0.97548	0.02452	0
170	F	0.00000	0.97911	0.02089	0
171	V	0.00000	0.98291	0.01709	0
172	G	0.00000	0.99926	0.00074	0
173	K	0.00000	1	0.00000	0
174	R	0.00000	1	0.00000	0
175	T	0.00000	1	0.00000	0
176	V	0.00000	1	0.00000	0
177	P	0.00000	1	0.00000	0
178	E	0.00000	1	0.00000	0
179	R	0.00000	1	0.00000	0
180	Q	0.00000	1	0.00000	0
181	C	0.00000	1	0.00000	0
182	Q	0.00000	0.99998	0.00002	0
183	I	0.00000	0.99042	0.00958	0
184	Q	0.00000	0.98863	0.01137	0
185	F	0.00000	0.98711	0.01289	0
186	F	0.00000	0.9869	0.01310	0
187	S	0.00000	0.98648	0.01352	0
188	E	0.00000	0.986	0.01400	0
189	P	0.00000	0.34534	0.65466	0
190	V	0.00000	0.12929	0.87071	0
191	I	0.00000	0.04556	0.95444	0
192	T	0.00000	0.03599	0.96401	0
193	F	0.00000	0.00439	0.99561	0
194	G	0.00000	0.00132	0.99868	0
195	T	0.00000	0.00058	0.99942	0
196	A	0.00000	0	1.00000	0
197	I	0.00000	0	1.00000	0
198	A	0.00000	0	1.00000	0
199	A	0.00000	0	1.00000	0
200	F	0.00000	0	1.00000	0
201	Y	0.00000	0	1.00000	0
202	I	0.00000	0	1.00000	0
203	P	0.00000	0	1.00000	0
204	V	0.00000	0	1.00000	0
205	S	0.00003	0	0.99997	0
206	V	0.00005	0	0.99995	0
207	M	0.00008	0	0.99992	0
208	T	0.00012	0	0.99988	0
209	I	0.00026	0	0.99974	0
210	L	0.00065	0	0.99935	0
211	Y	0.00367	0	0.99633	0
212	C	0.03203	0	0.96797	0
213	R	0.27257	0	0.72743	0
214	I	0.30468	0	0.69532	0
215	Y	0.43018	0	0.56982	0
216	K	0.99664	0	0.00336	0
217	E	0.99989	0	0.00011	0
218	T	1.00000	0	0.00000	0
219	E	1.00000	0	0.00000	0
220	K	1.00000	0	0.00000	0
221	R	1.00000	0	0.00000	0
222	T	1.00000	0	0.00000	0
223	K	1.00000	0	0.00000	0
224	D	1.00000	0	0.00000	0
225	L	1.00000	0	0.00000	0
226	A	1.00000	0	0.00000	0
227	E	1.00000	0	0.00000	0
228	L	1.00000	0	0.00000	0
229	Q	1.00000	0	0.00000	0
230	G	1.00000	0	0.00000	0
231	I	1.00000	0	0.00000	0
232	N	1.00000	0	0.00000	0
233	Y	1.00000	0	0.00000	0
234	T	1.00000	0	0.00000	0
235	T	1.00000	0	0.00000	0
236	D	1.00000	0	0.00000	0
237	S	1.00000	0	0.00000	0
238	V	1.00000	0	0.00000	0
239	V	1.00000	0	0.00000	0
240	P	1.00000	0	0.00000	0
241	Q	1.00000	0	0.00000	0
242	P	1.00000	0	0.00000	0
243	Q	1.00000	0	0.00000	0
244	K	1.00000	0	0.00000	0
245	T	1.00000	0	0.00000	0
246	I	1.00000	0	0.00000	0
247	I	1.00000	0	0.00000	0
248	R	1.00000	0	0.00000	0
249	S	1.00000	0	0.00000	0
250	C	1.00000	0	0.00000	0
251	F	1.00000	0	0.00000	0
252	N	1.00000	0	0.00000	0
253	C	1.00000	0	0.00000	0
254	Q	1.00000	0	0.00000	0
255	V	1.00000	0	0.00000	0
256	N	1.00000	0	0.00000	0
257	L	1.00000	0	0.00000	0
258	A	1.00000	0	0.00000	0
259	S	1.00000	0	0.00000	0
260	R	1.00000	0	0.00000	0
261	D	1.00000	0	0.00000	0
262	T	1.00000	0	0.00000	0
263	N	1.00000	0	0.00000	0
264	Q	1.00000	0	0.00000	0
265	T	1.00000	0	0.00000	0
266	S	1.00000	0	0.00000	0
267	W	1.00000	0	0.00000	0
268	S	1.00000	0	0.00000	0
269	S	1.00000	0	0.00000	0
270	S	1.00000	0	0.00000	0
271	S	1.00000	0	0.00000	0
272	R	1.00000	0	0.00000	0
273	S	1.00000	0	0.00000	0
274	N	1.00000	0	0.00000	0
275	A	1.00000	0	0.00000	0
276	A	1.00000	0	0.00000	0
277	K	1.00000	0	0.00000	0
278	S	1.00000	0	0.00000	0
279	V	1.00000	0	0.00000	0
280	A	1.00000	0	0.00000	0
281	C	1.00000	0	0.00000	0
282	A	1.00000	0	0.00000	0
283	N	1.00000	0	0.00000	0
284	D	1.00000	0	0.00000	0
285	D	1.00000	0	0.00000	0
286	W	1.00000	0	0.00000	0
287	S	1.00000	0	0.00000	0
288	K	1.00000	0	0.00000	0
289	A	1.00000	0	0.00000	0
290	D	1.00000	0	0.00000	0
291	Q	1.00000	0	0.00000	0
292	L	1.00000	0	0.00000	0
293	T	1.00000	0	0.00000	0
294	T	1.00000	0	0.00000	0
295	F	1.00000	0	0.00000	0
296	N	1.00000	0	0.00000	0
297	S	1.00000	0	0.00000	0
298	Y	1.00000	0	0.00000	0
299	A	1.00000	0	0.00000	0
300	S	1.00000	0	0.00000	0
301	S	1.00000	0	0.00000	0
302	E	1.00000	0	0.00000	0
303	D	1.00000	0	0.00000	0
304	E	1.00000	0	0.00000	0
305	D	1.00000	0	0.00000	0
306	R	1.00000	0	0.00000	0
307	P	1.00000	0	0.00000	0
308	G	1.00000	0	0.00000	0
309	S	1.00000	0	0.00000	0
310	P	1.00000	0	0.00000	0
311	G	1.00000	0	0.00000	0
312	G	1.00000	0	0.00000	0
313	F	1.00000	0	0.00000	0
314	Q	1.00000	0	0.00000	0
315	S	1.00000	0	0.00000	0
316	S	1.00000	0	0.00000	0
317	F	1.00000	0	0.00000	0
318	R	1.00000	0	0.00000	0
319	K	1.00000	0	0.00000	0
320	Q	1.00000	0	0.00000	0
321	S	1.00000	0	0.00000	0
322	C	1.00000	0	0.00000	0
323	E	1.00000	0	0.00000	0
324	A	1.00000	0	0.00000	0
325	S	1.00000	0	0.00000	0
326	K	1.00000	0	0.00000	0
327	S	1.00000	0	0.00000	0
328	R	1.00000	0	0.00000	0
329	V	1.00000	0	0.00000	0
330	G	1.00000	0	0.00000	0
331	S	1.00000	0	0.00000	0
332	E	1.00000	0	0.00000	0
333	S	1.00000	0	0.00000	0
334	E	1.00000	0	0.00000	0
335	Q	1.00000	0	0.00000	0
336	L	1.00000	0	0.00000	0
337	S	1.00000	0	0.00000	0
338	S	1.00000	0	0.00000	0
339	Y	1.00000	0	0.00000	0
340	E	1.00000	0	0.00000	0
341	E	1.00000	0	0.00000	0
342	D	1.00000	0	0.00000	0
343	S	1.00000	0	0.00000	0
344	Y	1.00000	0	0.00000	0
345	F	1.00000	0	0.00000	0
346	Q	1.00000	0	0.00000	0
347	T	1.00000	0	0.00000	0
348	P	1.00000	0	0.00000	0
349	P	1.00000	0	0.00000	0
350	K	1.00000	0	0.00000	0
351	P	1.00000	0	0.00000	0
352	Q	1.00000	0	0.00000	0
353	S	1.00000	0	0.00000	0
354	Q	1.00000	0	0.00000	0
355	K	1.00000	0	0.00000	0
356	S	1.00000	0	0.00000	0
357	G	1.00000	0	0.00000	0
358	K	1.00000	0	0.00000	0
359	C	1.00000	0	0.00000	0
360	V	1.00000	0	0.00000	0
361	S	1.00000	0	0.00000	0
362	Y	1.00000	0	0.00000	0
363	K	1.00000	0	0.00000	0
364	F	1.00000	0	0.00000	0
365	K	1.00000	0	0.00000	0
366	S	1.00000	0	0.00000	0
367	A	1.00000	0	0.00000	0
368	A	1.00000	0	0.00000	0
369	K	1.00000	0	0.00000	0
370	D	1.00000	0	0.00000	0
371	G	1.00000	0	0.00000	0
372	A	1.00000	0	0.00000	0
373	H	1.00000	0	0.00000	0
374	A	1.00000	0	0.00000	0
375	E	1.00000	0	0.00000	0
376	R	1.00000	0	0.00000	0
377	Q	1.00000	0	0.00000	0
378	S	1.00000	0	0.00000	0
379	K	1.00000	0	0.00000	0
380	N	1.00000	0	0.00000	0
381	G	1.00000	0	0.00000	0
382	D	1.00000	0	0.00000	0
383	T	1.00000	0	0.00000	0
384	K	1.00000	0	0.00000	0
385	M	1.00000	0	0.00000	0
386	A	1.00000	0	0.00000	0
387	S	1.00000	0	0.00000	0
388	S	1.00000	0	0.00000	0
389	V	1.00000	0	0.00000	0
390	F	1.00000	0	0.00000	0
391	S	1.00000	0	0.00000	0
392	S	1.00000	0	0.00000	0
393	A	1.00000	0	0.00000	0
394	E	1.00000	0	0.00000	0
395	S	1.00000	0	0.00000	0
396	V	1.00000	0	0.00000	0
397	N	1.00000	0	0.00000	0
398	A	1.00000	0	0.00000	0
399	P	1.00000	0	0.00000	0
400	S	1.00000	0	0.00000	0
401	T	1.00000	0	0.00000	0
402	S	1.00000	0	0.00000	0
403	S	1.00000	0	0.00000	0
404	T	1.00000	0	0.00000	0
405	S	1.00000	0	0.00000	0
406	K	1.00000	0	0.00000	0
407	P	1.00000	0	0.00000	0
408	S	1.00000	0	0.00000	0
409	D	1.00000	0	0.00000	0
410	A	1.00000	0	0.00000	0
411	T	1.00000	0	0.00000	0
412	L	1.00000	0	0.00000	0
413	K	1.00000	0	0.00000	0
414	N	1.00000	0	0.00000	0
415	Q	1.00000	0	0.00000	0
416	I	1.00000	0	0.00000	0
417	T	1.00000	0	0.00000	0
418	K	1.00000	0	0.00000	0
419	R	1.00000	0	0.00000	0
420	K	1.00000	0	0.00000	0
421	R	1.00000	0	0.00000	0
422	M	1.00000	0	0.00000	0
423	V	1.00000	0	0.00000	0
424	L	1.00000	0	0.00000	0
425	I	1.00000	0	0.00000	0
426	K	1.00000	0	0.00000	0
427	E	1.00000	0	0.00000	0
428	R	0.98864	0	0.01136	0
429	K	0.98753	0	0.01247	0
430	A	0.37273	0	0.62727	0
431	A	0.32297	0	0.67703	0
432	Q	0.31818	0	0.68182	0
433	T	0.29316	0	0.70684	0
434	L	0.26025	0	0.73975	0
435	S	0.07042	0	0.92958	0
436	A	0.00693	0	0.99307	0
437	I	0.00069	0	0.99931	0
438	L	0.00055	0	0.99945	0
439	L	0.00001	0	0.99999	0
440	A	0.00001	0	0.99999	0
441	F	0.00000	0	1.00000	0
442	I	0.00000	0	1.00000	0
443	L	0.00000	0	1.00000	0
444	T	0.00000	0	1.00000	0
445	W	0.00000	0	1.00000	0
446	T	0.00000	0	1.00000	0
447	P	0.00000	0	1.00000	0
448	Y	0.00000	1e-05	0.99999	0
449	N	0.00000	6e-05	0.99994	0
450	I	0.00000	0.0001	0.99990	0
451	M	0.00000	0.00063	0.99937	0
452	V	0.00000	0.00848	0.99152	0
453	L	0.00000	0.07653	0.92347	0
454	I	0.00000	0.17872	0.82128	0
455	S	0.00000	0.47932	0.52068	0
456	T	0.00000	0.62369	0.37631	0
457	F	0.00000	0.67163	0.32837	0
458	C	0.00000	0.95469	0.04531	0
459	S	0.00000	0.98527	0.01473	0
460	D	0.00000	0.99977	0.00023	0
461	C	0.00000	0.9998	0.00020	0
462	I	0.00000	0.99978	0.00022	0
463	P	0.00000	0.99715	0.00285	0
464	L	0.00000	0.96645	0.03355	0
465	S	0.00000	0.94496	0.05504	0
466	L	0.00000	0.92307	0.07693	0
467	W	0.00000	0.91616	0.08384	0
468	H	0.00000	0.66935	0.33065	0
469	L	0.00000	0.03105	0.96895	0
470	G	0.00000	0.02025	0.97975	0
471	Y	0.00000	0.00114	0.99886	0
472	W	0.00000	4e-05	0.99996	0
473	L	0.00000	4e-05	0.99996	0
474	C	0.00000	4e-05	0.99996	0
475	Y	0.00000	4e-05	0.99996	0
476	V	0.00000	4e-05	0.99996	0
477	N	0.00001	4e-05	0.99996	0
478	S	0.00001	4e-05	0.99996	0
479	T	0.00001	3e-05	0.99997	0
480	V	0.00001	2e-05	0.99998	0
481	N	0.00001	2e-05	0.99998	0
482	P	0.00001	1e-05	0.99998	0
483	M	0.00001	0	0.99999	0
484	C	0.00008	0	0.99992	0
485	Y	0.00051	0	0.99949	0
486	A	0.00191	0	0.99809	0
487	L	0.00534	0	0.99466	0
488	C	0.11502	0	0.88498	0
489	N	0.25474	0	0.74526	0
490	K	0.99996	0	0.00004	0
491	T	0.99996	0	0.00004	0
492	F	0.99996	0	0.00004	0
493	Q	0.99996	0	0.00004	0
494	K	0.99996	0	0.00004	0
495	T	0.99996	0	0.00004	0
496	F	0.99996	0	0.00004	0
497	R	0.99996	0	0.00004	0
498	M	0.99996	0	0.00004	0
499	L	0.99996	0	0.00004	0
500	L	0.99996	0	0.00004	0
501	L	0.99996	0	0.00004	0
502	C	0.99996	0	0.00004	0
503	Q	1.00000	0	0.00000	0
504	W	1.00000	0	0.00000	0
505	K	1.00000	0	0.00000	0
506	K	1.00000	0	0.00000	0
507	K	1.00000	0	0.00000	0
508	R	1.00000	0	0.00000	0
509	I	1.00000	0	0.00000	0
510	E	1.00000	0	0.00000	0
511	E	1.00000	0	0.00000	0
512	K	1.00000	0	0.00000	0
513	L	1.00000	0	0.00000	0
514	Y	1.00000	0	0.00000	0
515	W	1.00000	0	0.00000	0
516	Y	1.00000	0	0.00000	0
517	G	1.00000	0	0.00000	0
518	Q	1.00000	0	0.00000	0
519	N	1.00000	0	0.00000	0
520	P	1.00000	0	0.00000	0
521	A	1.00000	0	0.00000	0
522	V	1.00000	0	0.00000	0
523	T	1.00000	0	0.00000	0
524	S	1.00000	0	0.00000	0
525	K	1.00000	0	0.00000	0
526	L	1.00000	0	0.00000	0
527	T	1.00000	0	0.00000	0
