# UNNAMED
#pos	aa	i	o	M	S
1	M	0.00000	1	0.00000	0
2	C	0.00000	1	0.00000	0
3	V	0.00000	1	0.00000	0
4	V	0.00000	0.02759	0.97241	0
5	I	0.00000	0.00085	0.99915	0
6	A	0.00000	0.00014	0.99986	0
7	L	0.00000	0	1.00000	0
8	T	0.00000	0	1.00000	0
9	A	0.00000	0	1.00000	0
10	A	0.00000	0	1.00000	0
11	A	0.00000	0	1.00000	0
12	N	0.00000	0	1.00000	0
13	S	0.00000	0	1.00000	0
14	L	0.00000	0	1.00000	0
15	L	0.00000	0	1.00000	0
16	I	0.00000	0	1.00000	0
17	A	0.00000	0	1.00000	0
18	L	0.00000	0	1.00000	0
19	I	0.00000	0	1.00000	0
20	C	0.00000	0	1.00000	0
21	T	0.03109	0	0.96891	0
22	Q	0.71665	0	0.28335	0
23	P	0.95664	0	0.04336	0
24	A	0.97484	0	0.02516	0
25	L	0.98711	0	0.01289	0
26	R	0.99979	0	0.00021	0
27	N	0.99939	0	0.00061	0
28	T	0.99607	0	0.00393	0
29	S	0.89149	0	0.10851	0
30	N	0.21309	0	0.78691	0
31	F	0.04622	0	0.95378	0
32	F	0.00721	0	0.99279	0
33	L	0.00026	0	0.99974	0
34	V	0.00002	0	0.99998	0
35	S	0.00000	0	1.00000	0
36	L	0.00000	0	1.00000	0
37	F	0.00000	0	1.00000	0
38	T	0.00000	0	1.00000	0
39	S	0.00000	0	1.00000	0
40	D	0.00000	0	1.00000	0
41	L	0.00000	0	1.00000	0
42	M	0.00000	0	1.00000	0
43	V	0.00000	0	1.00000	0
44	G	0.00000	0	1.00000	0
45	L	0.00000	0	1.00000	0
46	V	0.00000	0	1.00000	0
47	V	0.00000	0.00023	0.99977	0
48	M	0.00000	0.00485	0.99515	0
49	P	0.00000	0.08587	0.91413	0
50	P	0.00000	0.21574	0.78426	0
51	A	0.00000	0.51136	0.48864	0
52	M	0.00000	0.60577	0.39423	0
53	L	0.00000	0.7599	0.24010	0
54	N	0.00000	0.99999	0.00001	0
55	A	0.00000	1	0.00000	0
56	L	0.00000	1	0.00000	0
57	Y	0.00000	1	0.00000	0
58	G	0.00000	1	0.00000	0
59	R	0.00000	0.99998	0.00002	0
60	W	0.00000	0.97347	0.02653	0
61	V	0.00000	0.68245	0.31755	0
62	L	0.00000	0.48444	0.51556	0
63	A	0.00000	0.47492	0.52508	0
64	R	0.00000	0.46618	0.53382	0
65	G	0.00000	0.4609	0.53910	0
66	L	0.00000	0.45997	0.54003	0
67	C	0.00000	0.45984	0.54016	0
68	L	0.00000	0.45872	0.54128	0
69	L	0.00000	0.45773	0.54227	0
70	W	0.00000	0.37573	0.62427	0
71	A	0.00000	0.06924	0.93076	0
72	A	0.00000	0.00106	0.99894	0
73	F	0.00000	0	1.00000	0
74	D	0.00000	0	1.00000	0
75	V	0.00000	0	1.00000	0
76	M	0.00000	0	1.00000	0
77	C	0.00000	0	1.00000	0
78	C	0.00013	0	0.99987	0
79	S	0.00321	0	0.99679	0
80	A	0.00326	0	0.99674	0
81	S	0.00335	0	0.99665	0
82	I	0.00525	0	0.99475	0
83	L	0.01625	0	0.98375	0
84	N	0.28504	0	0.71496	0
85	L	0.39412	0	0.60588	0
86	C	0.53655	0	0.46345	0
87	L	0.53906	0	0.46094	0
88	I	0.53949	0	0.46051	0
89	S	0.53961	0	0.46039	0
90	L	0.53969	0	0.46031	0
91	D	0.53997	0	0.46003	0
92	R	0.69877	0	0.30123	0
93	Y	0.92430	0	0.07570	0
94	L	0.99392	0	0.00608	0
95	L	0.99768	0	0.00232	0
96	I	0.97220	0	0.02780	0
97	L	0.94418	0	0.05582	0
98	S	0.93823	0	0.06177	0
99	P	0.92387	0	0.07613	0
100	R	0.88148	0	0.11852	0
101	L	0.47758	0	0.52242	0
102	L	0.46555	0	0.53445	0
103	A	0.45990	0	0.54010	0
104	S	0.44530	0	0.55470	0
105	L	0.29673	0	0.70327	0
106	P	0.27888	0	0.72112	0
107	F	0.00607	0	0.99393	0
108	V	0.00005	0	0.99995	0
109	L	0.00000	0	1.00000	0
110	V	0.00000	0	1.00000	0
111	A	0.00000	0	1.00000	0
112	S	0.00000	5e-05	0.99995	0
113	G	0.00000	0.00028	0.99972	0
114	L	0.00000	0.00047	0.99953	0
115	T	0.00000	0.00141	0.99859	0
116	F	0.00000	0.00253	0.99747	0
117	F	0.00000	0.00752	0.99248	0
118	L	0.00000	0.02688	0.97312	0
119	P	0.00000	0.11666	0.88334	0
120	S	0.00000	0.15118	0.84882	0
121	G	0.00000	0.28229	0.71771	0
122	A	0.00000	0.349	0.65100	0
123	I	0.00000	0.445	0.55500	0
124	C	0.00000	0.56364	0.43636	0
125	F	0.00000	0.59298	0.40702	0
126	T	0.00000	0.87949	0.12051	0
127	Y	0.00000	0.95606	0.04394	0
128	C	0.00000	0.99943	0.00057	0
129	R	0.00000	0.99997	0.00003	0
130	I	0.00000	0.99762	0.00238	0
131	L	0.00000	0.88958	0.11042	0
132	L	0.00000	0.88867	0.11133	0
133	A	0.00000	0.88844	0.11156	0
134	A	0.00000	0.88842	0.11158	0
135	R	0.00000	0.88833	0.11167	0
136	K	0.00000	0.88748	0.11252	0
137	Q	0.00000	0.86158	0.13842	0
138	A	0.00000	0.1489	0.85110	0
139	L	0.00000	0.14295	0.85705	0
140	Q	0.00000	0.02637	0.97363	0
141	V	0.00000	0.01145	0.98855	0
142	A	0.00000	0.00033	0.99967	0
143	S	0.00000	6e-05	0.99994	0
144	L	0.00000	2e-05	0.99998	0
145	P	0.00000	0	1.00000	0
146	T	0.00000	0	1.00000	0
147	G	0.00000	0	1.00000	0
148	M	0.00000	0	1.00000	0
149	A	0.00000	0	1.00000	0
150	G	0.00000	0	1.00000	0
151	Q	0.00041	0	0.99959	0
152	A	0.00080	0	0.99920	0
153	L	0.00694	0	0.99306	0
154	E	0.10263	0	0.89737	0
155	T	0.10706	0	0.89294	0
156	S	0.11050	0	0.88950	0
157	Q	0.11374	0	0.88626	0
158	V	0.11763	0	0.88237	0
159	P	0.51393	0	0.48607	0
160	R	0.69790	0	0.30210	0
161	T	0.76832	0	0.23168	0
162	P	0.93141	0	0.06859	0
163	R	0.98633	0	0.01367	0
164	P	0.99183	0	0.00817	0
165	G	0.99985	0	0.00015	0
166	T	0.99993	0	0.00007	0
167	E	0.99998	0	0.00002	0
168	S	1.00000	0	0.00000	0
169	A	1.00000	0	0.00000	0
170	D	1.00000	0	0.00000	0
171	S	1.00000	0	0.00000	0
172	R	1.00000	0	0.00000	0
173	R	1.00000	0	0.00000	0
174	L	1.00000	0	0.00000	0
175	A	1.00000	0	0.00000	0
176	T	1.00000	0	0.00000	0
177	K	1.00000	0	0.00000	0
178	H	1.00000	0	0.00000	0
179	S	0.99995	0	0.00005	0
180	R	0.99709	0	0.00291	0
181	K	0.83428	0	0.16572	0
182	A	0.83234	0	0.16766	0
183	L	0.66782	0	0.33218	0
184	K	0.66707	0	0.33293	0
185	A	0.19863	0	0.80137	0
186	S	0.19671	0	0.80329	0
187	L	0.19348	0	0.80652	0
188	T	0.19274	0	0.80726	0
189	L	0.00495	0	0.99505	0
190	G	0.00053	0	0.99947	0
191	I	0.00002	0	0.99998	0
192	L	0.00001	0	0.99999	0
193	L	0.00000	0	1.00000	0
194	G	0.00000	0	1.00000	0
195	M	0.00000	0	1.00000	0
196	F	0.00000	0	1.00000	0
197	F	0.00000	0	1.00000	0
198	V	0.00000	0	1.00000	0
199	T	0.00000	0	1.00000	0
200	W	0.00000	0	1.00000	0
201	L	0.00000	2e-05	0.99998	0
202	P	0.00000	0.00041	0.99959	0
203	F	0.00000	0.0007	0.99930	0
204	F	0.00000	0.00351	0.99649	0
205	V	0.00000	0.02291	0.97709	0
206	A	0.00000	0.08497	0.91503	0
207	N	0.00000	0.25462	0.74538	0
208	I	0.00000	0.30292	0.69708	0
209	A	0.00000	0.44748	0.55252	0
210	Q	0.00000	0.73162	0.26838	0
211	A	0.00000	0.77963	0.22037	0
212	V	0.00000	0.85051	0.14949	0
213	C	0.00000	0.98689	0.01311	0
214	D	0.00000	0.99996	0.00004	0
215	C	0.00000	0.99997	0.00003	0
216	V	0.00000	0.99997	0.00003	0
217	S	0.00000	0.99997	0.00003	0
218	P	0.00000	0.99995	0.00005	0
219	G	0.00000	0.99951	0.00049	0
220	L	0.00000	0.98816	0.01184	0
221	F	0.00000	0.9855	0.01450	0
222	D	0.00000	0.92472	0.07528	0
223	V	0.00000	0.00698	0.99302	0
224	L	0.00000	0.0002	0.99980	0
225	T	0.00000	0	1.00000	0
226	W	0.00000	0	1.00000	0
227	L	0.00000	0	1.00000	0
228	G	0.00000	0	1.00000	0
229	Y	0.00000	0	1.00000	0
230	C	0.00002	0	0.99998	0
231	N	0.00003	0	0.99997	0
232	S	0.00003	0	0.99997	0
233	T	0.00003	0	0.99997	0
234	M	0.00003	0	0.99997	0
235	N	0.00003	0	0.99997	0
236	P	0.00003	0	0.99997	0
237	I	0.00003	0	0.99997	0
238	I	0.00003	0	0.99997	0
239	Y	0.00004	0	0.99996	0
240	P	0.00023	0	0.99977	0
241	L	0.00071	0	0.99929	0
242	F	0.10683	0	0.89317	0
243	M	0.42942	0	0.57058	0
244	R	1.00000	0	0.00000	0
245	D	1.00000	0	0.00000	0
246	F	1.00000	0	0.00000	0
247	K	1.00000	0	0.00000	0
248	R	1.00000	0	0.00000	0
249	A	1.00000	0	0.00000	0
250	L	1.00000	0	0.00000	0
251	G	1.00000	0	0.00000	0
252	R	1.00000	0	0.00000	0
253	L	1.00000	0	0.00000	0
254	L	1.00000	0	0.00000	0
255	P	1.00000	0	0.00000	0
256	C	1.00000	0	0.00000	0
257	P	1.00000	0	0.00000	0
258	H	1.00000	0	0.00000	0
259	W	1.00000	0	0.00000	0
260	P	1.00000	0	0.00000	0
261	Q	1.00000	0	0.00000	0
262	E	1.00000	0	0.00000	0
263	H	1.00000	0	0.00000	0
264	R	1.00000	0	0.00000	0
265	A	1.00000	0	0.00000	0
266	S	1.00000	0	0.00000	0
267	V	1.00000	0	0.00000	0
268	A	1.00000	0	0.00000	0
269	S	1.00000	0	0.00000	0
270	R	1.00000	0	0.00000	0
271	S	1.00000	0	0.00000	0
272	G	1.00000	0	0.00000	0
273	G	1.00000	0	0.00000	0
274	S	1.00000	0	0.00000	0
275	S	1.00000	0	0.00000	0
276	G	1.00000	0	0.00000	0
277	L	1.00000	0	0.00000	0
278	Q	1.00000	0	0.00000	0
279	L	1.00000	0	0.00000	0
280	T	1.00000	0	0.00000	0
281	A	1.00000	0	0.00000	0
282	Q	1.00000	0	0.00000	0
283	L	1.00000	0	0.00000	0
284	L	1.00000	0	0.00000	0
285	L	1.00000	0	0.00000	0
286	P	1.00000	0	0.00000	0
287	G	1.00000	0	0.00000	0
288	E	1.00000	0	0.00000	0
289	A	1.00000	0	0.00000	0
290	T	1.00000	0	0.00000	0
291	R	1.00000	0	0.00000	0
292	D	1.00000	0	0.00000	0
293	T	1.00000	0	0.00000	0
294	L	1.00000	0	0.00000	0
295	P	1.00000	0	0.00000	0
296	P	1.00000	0	0.00000	0
297	A	1.00000	0	0.00000	0
298	R	1.00000	0	0.00000	0
299	T	1.00000	0	0.00000	0
300	S	1.00000	0	0.00000	0
301	A	1.00000	0	0.00000	0
302	T	1.00000	0	0.00000	0
303	V	1.00000	0	0.00000	0
304	N	1.00000	0	0.00000	0
305	F	1.00000	0	0.00000	0
306	F	1.00000	0	0.00000	0
307	N	1.00000	0	0.00000	0
308	R	1.00000	0	0.00000	0
309	D	1.00000	0	0.00000	0
310	P	1.00000	0	0.00000	0
311	V	1.00000	0	0.00000	0
312	E	1.00000	0	0.00000	0
313	P	1.00000	0	0.00000	0
314	Q	1.00000	0	0.00000	0
315	L	1.00000	0	0.00000	0
316	R	1.00000	0	0.00000	0
317	L	1.00000	0	0.00000	0
318	H	1.00000	0	0.00000	0
319	L	1.00000	0	0.00000	0
320	L	1.00000	0	0.00000	0
321	G	1.00000	0	0.00000	0
322	A	1.00000	0	0.00000	0
323	P	1.00000	0	0.00000	0
324	T	1.00000	0	0.00000	0
325	N	1.00000	0	0.00000	0
