# UNNAMED
#pos	aa	i	o	M	S
1	M	0.00000	1	0.00000	0
2	P	0.00000	1	0.00000	0
3	F	0.00000	1	0.00000	0
4	V	0.00000	1	0.00000	0
5	S	0.00000	1	0.00000	0
6	V	0.00000	1	0.00000	0
7	T	0.00000	1	0.00000	0
8	D	0.00000	1	0.00000	0
9	L	0.00000	0.9103	0.08970	0
10	I	0.00000	0.46306	0.53694	0
11	G	0.00000	0.44853	0.55147	0
12	G	0.00000	0.43627	0.56373	0
13	K	0.00000	0.43394	0.56606	0
14	W	0.00000	0.01683	0.98317	0
15	I	0.00000	0.00036	0.99964	0
16	F	0.00000	0	1.00000	0
17	G	0.00000	0	1.00000	0
18	H	0.00000	0	1.00000	0
19	F	0.00000	0	1.00000	0
20	F	0.00000	0	1.00000	0
21	C	0.00000	0	1.00000	0
22	N	0.00000	0	1.00000	0
23	V	0.00000	0	1.00000	0
24	F	0.00000	0	1.00000	0
25	I	0.00000	0	1.00000	0
26	A	0.00001	0	0.99999	0
27	M	0.00292	0	0.99708	0
28	D	0.39978	0	0.60022	0
29	V	0.42714	0	0.57286	0
30	M	0.51153	0	0.48847	0
31	C	0.54014	0	0.45986	0
32	C	0.66409	0	0.33591	0
33	T	0.90299	0	0.09701	0
34	A	0.96602	0	0.03398	0
35	S	0.88916	0	0.11084	0
36	I	0.42823	0	0.57177	0
37	M	0.38501	0	0.61499	0
38	T	0.27509	0	0.72491	0
39	L	0.03882	0	0.96118	0
40	C	0.00011	0	0.99989	0
41	V	0.00000	0	1.00000	0
42	I	0.00000	0	1.00000	0
43	S	0.00000	0	1.00000	0
44	I	0.00000	0	1.00000	0
45	D	0.00000	0	1.00000	0
46	R	0.00000	0	1.00000	0
47	Y	0.00000	0	1.00000	0
48	L	0.00000	0	1.00000	0
49	G	0.00000	0	1.00000	0
50	I	0.00000	0	1.00000	0
51	T	0.00000	6e-05	0.99994	0
52	R	0.00000	0.00049	0.99951	0
53	P	0.00000	0.00146	0.99854	0
54	L	0.00000	0.03238	0.96762	0
55	T	0.00000	0.2693	0.73070	0
56	Y	0.00000	0.43407	0.56593	0
57	P	0.00000	0.57439	0.42561	0
58	V	0.00000	0.99943	0.00057	0
59	R	0.00000	0.99988	0.00012	0
60	Q	0.00000	0.99997	0.00003	0
61	N	0.00000	1	0.00000	0
62	G	0.00000	1	0.00000	0
63	K	0.00000	1	0.00000	0
64	C	0.00000	0.99998	0.00002	0
65	M	0.00000	0.99355	0.00645	0
66	A	0.00000	0.98773	0.01227	0
67	K	0.00000	0.98521	0.01479	0
68	M	0.00000	0.15732	0.84268	0
69	I	0.00000	0.0619	0.93810	0
70	L	0.00000	0.02596	0.97404	0
71	S	0.00000	0.01232	0.98768	0
72	V	0.00000	0.00121	0.99879	0
73	W	0.00000	0.00016	0.99984	0
74	L	0.00000	2e-05	0.99998	0
75	L	0.00000	0	1.00000	0
76	S	0.00000	0	1.00000	0
77	A	0.00000	0	1.00000	0
78	S	0.00000	0	1.00000	0
79	I	0.00000	0	1.00000	0
80	T	0.00000	0	1.00000	0
81	L	0.00000	0	1.00000	0
82	P	0.00000	0	1.00000	0
83	P	0.00000	0	1.00000	0
84	L	0.00000	0	1.00000	0
85	F	0.00000	0	1.00000	0
86	G	0.00000	0	1.00000	0
87	W	0.00000	0	1.00000	0
88	A	0.00001	0	0.99999	0
89	Q	0.24344	0	0.75656	0
90	N	0.55425	0	0.44575	0
91	V	0.57497	0	0.42503	0
92	N	0.63658	0	0.36342	0
93	D	0.66457	0	0.33543	0
94	G	0.99019	0	0.00981	0
95	K	0.99890	0	0.00110	0
96	V	0.99996	0	0.00004	0
97	C	1.00000	0	0.00000	0
98	L	1.00000	0	0.00000	0
99	I	1.00000	0	0.00000	0
100	S	1.00000	0	0.00000	0
101	Q	1.00000	0	0.00000	0
102	D	1.00000	0	0.00000	0
103	F	0.97322	0	0.02678	0
104	G	0.82232	0	0.17768	0
105	Y	0.50207	0	0.49793	0
106	T	0.41449	0	0.58551	0
107	I	0.24367	0	0.75633	0
108	Y	0.20377	0	0.79623	0
109	S	0.14876	0	0.85124	0
110	T	0.08093	0	0.91907	0
111	A	0.00332	0	0.99668	0
112	V	0.00002	0	0.99998	0
113	A	0.00000	0	1.00000	0
114	F	0.00000	0	1.00000	0
115	Y	0.00000	0	1.00000	0
116	I	0.00000	0	1.00000	0
117	P	0.00000	0	1.00000	0
118	M	0.00000	0	1.00000	0
119	S	0.00000	0	1.00000	0
120	V	0.00000	0	1.00000	0
121	M	0.00000	0	1.00000	0
122	L	0.00000	0	1.00000	0
123	F	0.00000	0.00053	0.99947	0
124	M	0.00000	0.0076	0.99240	0
125	Y	0.00000	0.15273	0.84727	0
126	Y	0.00000	0.43387	0.56613	0
127	Q	0.00000	0.64961	0.35039	0
128	I	0.00000	0.68498	0.31502	0
129	Y	0.00000	0.79761	0.20239	0
130	K	0.00000	0.98451	0.01549	0
131	A	0.00000	0.98779	0.01221	0
132	A	0.00000	0.99327	0.00673	0
133	R	0.00000	0.99979	0.00021	0
134	K	0.00000	1	0.00000	0
135	S	0.00000	1	0.00000	0
136	A	0.00000	1	0.00000	0
137	A	0.00000	1	0.00000	0
138	K	0.00000	1	0.00000	0
139	H	0.00000	0.99999	0.00001	0
140	K	0.00000	0.99944	0.00056	0
141	F	0.00000	0.64558	0.35442	0
142	P	0.00000	0.62849	0.37151	0
143	G	0.00000	0.59682	0.40318	0
144	F	0.00000	0.58516	0.41484	0
145	P	0.00000	0.58512	0.41488	0
146	R	0.00000	0.58495	0.41505	0
147	P	0.00000	0.58495	0.41505	0
148	E	0.00000	0.58495	0.41505	0
149	E	0.00000	0.58495	0.41505	0
150	P	0.00000	0.58458	0.41542	0
151	D	0.00000	0.58457	0.41543	0
152	S	0.00000	0.39513	0.60487	0
153	V	0.00000	0.09175	0.90825	0
154	I	0.00000	0.07633	0.92367	0
155	S	0.00000	0.07561	0.92439	0
156	L	0.00000	0.00067	0.99933	0
157	N	0.00000	0.00067	0.99933	0
158	G	0.00000	0.00064	0.99936	0
159	M	0.00000	0	1.00000	0
160	V	0.00000	0	1.00000	0
161	K	0.00532	0	0.99468	0
162	L	0.01184	0	0.98816	0
163	Q	0.32766	0	0.67234	0
164	K	0.39583	0	0.60417	0
165	E	0.41136	0	0.58864	0
166	V	0.41299	0	0.58701	0
167	E	0.41493	0	0.58507	0
168	E	0.41503	0	0.58497	0
169	C	0.41504	0	0.58496	0
170	A	0.41505	0	0.58495	0
171	N	0.41508	0	0.58492	0
172	L	0.41528	0	0.58472	0
173	S	0.43391	0	0.56609	0
174	R	0.46236	0	0.53764	0
175	L	0.46955	0	0.53045	0
176	L	0.52608	0	0.47392	0
177	K	0.94247	0	0.05753	0
178	H	0.96490	0	0.03510	0
179	E	0.99998	0	0.00002	0
180	R	1.00000	0	0.00000	0
181	K	1.00000	0	0.00000	0
182	N	1.00000	0	0.00000	0
183	I	1.00000	0	0.00000	0
184	S	1.00000	0	0.00000	0
185	I	1.00000	0	0.00000	0
186	F	1.00000	0	0.00000	0
187	K	1.00000	0	0.00000	0
188	R	1.00000	0	0.00000	0
189	E	1.00000	0	0.00000	0
190	Q	0.99639	0	0.00361	0
191	K	0.99517	0	0.00483	0
192	A	0.25475	0	0.74525	0
193	A	0.25201	0	0.74799	0
194	T	0.24990	0	0.75010	0
195	T	0.18983	0	0.81017	0
196	L	0.00345	0	0.99655	0
197	G	0.00144	0	0.99856	0
198	I	0.00077	0	0.99923	0
199	I	0.00010	0	0.99990	0
200	V	0.00002	0	0.99998	0
201	G	0.00000	0	1.00000	0
202	A	0.00000	0	1.00000	0
203	F	0.00000	0	1.00000	0
204	T	0.00000	0	1.00000	0
205	M	0.00000	0	1.00000	0
206	C	0.00000	0	1.00000	0
207	W	0.00000	0	1.00000	0
208	L	0.00000	0	1.00000	0
209	P	0.00000	0	1.00000	0
210	F	0.00000	0	1.00000	0
211	F	0.00000	0	1.00000	0
212	L	0.00000	0.00056	0.99944	0
213	L	0.00000	0.01221	0.98779	0
214	S	0.00000	0.13669	0.86331	0
215	T	0.00000	0.34475	0.65525	0
216	A	0.00000	0.47766	0.52234	0
217	R	0.00000	0.81561	0.18439	0
218	P	0.00000	0.83468	0.16532	0
219	F	0.00000	0.84077	0.15923	0
220	I	0.00000	0.87908	0.12092	0
221	C	0.00000	0.99351	0.00649	0
222	G	0.00000	0.99954	0.00046	0
223	I	0.00000	0.99958	0.00042	0
224	A	0.00000	0.99976	0.00024	0
225	C	0.00000	0.99996	0.00004	0
226	S	0.00000	0.99997	0.00003	0
227	C	0.00000	0.99999	0.00001	0
228	I	0.00000	0.99999	0.00001	0
229	P	0.00000	0.99996	0.00004	0
230	L	0.00000	0.96217	0.03783	0
231	W	0.00000	0.94439	0.05561	0
232	V	0.00000	0.94209	0.05791	0
233	E	0.00000	0.94102	0.05898	0
234	R	0.00000	0.66199	0.33801	0
235	T	0.00000	0.03009	0.96991	0
236	C	0.00000	0.00806	0.99194	0
237	L	0.00000	2e-05	0.99998	0
238	W	0.00000	0	1.00000	0
239	L	0.00000	0	1.00000	0
240	G	0.00000	0	1.00000	0
241	Y	0.00000	0	1.00000	0
242	A	0.00000	0	1.00000	0
243	N	0.00000	0	1.00000	0
244	S	0.00000	0	1.00000	0
245	L	0.00000	0	1.00000	0
246	I	0.00000	0	1.00000	0
247	N	0.00000	0	1.00000	0
248	P	0.00000	0	1.00000	0
249	F	0.00000	0	1.00000	0
250	I	0.00004	0	0.99996	0
251	Y	0.00038	0	0.99962	0
252	A	0.00157	0	0.99843	0
253	F	0.00300	0	0.99700	0
254	F	0.10461	0	0.89539	0
255	N	0.55132	0	0.44868	0
256	R	1.00000	0	0.00000	0
257	D	1.00000	0	0.00000	0
258	L	1.00000	0	0.00000	0
259	R	1.00000	0	0.00000	0
260	T	1.00000	0	0.00000	0
261	T	1.00000	0	0.00000	0
262	Y	1.00000	0	0.00000	0
263	R	1.00000	0	0.00000	0
264	S	1.00000	0	0.00000	0
265	L	1.00000	0	0.00000	0
266	L	1.00000	0	0.00000	0
267	Q	1.00000	0	0.00000	0
268	C	1.00000	0	0.00000	0
269	Q	1.00000	0	0.00000	0
270	Y	1.00000	0	0.00000	0
271	R	1.00000	0	0.00000	0
272	N	1.00000	0	0.00000	0
273	I	1.00000	0	0.00000	0
274	N	1.00000	0	0.00000	0
275	R	1.00000	0	0.00000	0
276	K	1.00000	0	0.00000	0
277	L	1.00000	0	0.00000	0
278	S	1.00000	0	0.00000	0
279	A	1.00000	0	0.00000	0
280	A	1.00000	0	0.00000	0
281	G	1.00000	0	0.00000	0
282	M	1.00000	0	0.00000	0
283	H	1.00000	0	0.00000	0
284	E	1.00000	0	0.00000	0
285	A	1.00000	0	0.00000	0
286	L	1.00000	0	0.00000	0
287	K	1.00000	0	0.00000	0
288	L	1.00000	0	0.00000	0
289	A	1.00000	0	0.00000	0
290	E	1.00000	0	0.00000	0
291	R	1.00000	0	0.00000	0
292	P	1.00000	0	0.00000	0
293	E	1.00000	0	0.00000	0
294	R	1.00000	0	0.00000	0
295	P	1.00000	0	0.00000	0
296	E	1.00000	0	0.00000	0
297	L	1.00000	0	0.00000	0
298	V	1.00000	0	0.00000	0
299	L	1.00000	0	0.00000	0
300	Q	1.00000	0	0.00000	0
301	N	1.00000	0	0.00000	0
302	S	1.00000	0	0.00000	0
303	D	1.00000	0	0.00000	0
304	Y	1.00000	0	0.00000	0
305	C	1.00000	0	0.00000	0
306	R	1.00000	0	0.00000	0
307	K	1.00000	0	0.00000	0
308	K	1.00000	0	0.00000	0
309	S	1.00000	0	0.00000	0
310	H	1.00000	0	0.00000	0
311	D	1.00000	0	0.00000	0
312	S	1.00000	0	0.00000	0
