# UNNAMED
#pos	aa	i	o	M	S
1	M	0.00000	1	0.00000	0
2	H	0.00000	1	0.00000	0
3	E	0.00000	1	0.00000	0
4	P	0.00000	1	0.00000	0
5	N	0.00000	1	0.00000	0
6	G	0.00000	1	0.00000	0
7	G	0.00000	1	0.00000	0
8	E	0.00000	1	0.00000	0
9	H	0.00000	1	0.00000	0
10	V	0.00000	1	0.00000	0
11	A	0.00000	1	0.00000	0
12	A	0.00000	1	0.00000	0
13	P	0.00000	1	0.00000	0
14	R	0.00000	1	0.00000	0
15	H	0.00000	1	0.00000	0
16	R	0.00000	1	0.00000	0
17	A	0.00000	1	0.00000	0
18	E	0.00000	1	0.00000	0
19	G	0.00000	1	0.00000	0
20	D	0.00000	1	0.00000	0
21	G	0.00000	1	0.00000	0
22	E	0.00000	1	0.00000	0
23	E	0.00000	1	0.00000	0
24	K	0.00000	1	0.00000	0
25	S	0.00000	1	0.00000	0
26	D	0.00000	1	0.00000	0
27	E	0.00000	1	0.00000	0
28	Q	0.00000	1	0.00000	0
29	L	0.00000	1	0.00000	0
30	P	0.00000	1	0.00000	0
31	L	0.00000	1	0.00000	0
32	D	0.00000	1	0.00000	0
33	A	0.00000	0.99576	0.00424	0
34	P	0.00000	0.91762	0.08238	0
35	E	0.00000	0.79103	0.20897	0
36	P	0.00000	0.63783	0.36217	0
37	A	0.00000	0.26662	0.73338	0
38	H	0.00000	0.15279	0.84721	0
39	L	0.00000	0.04456	0.95544	0
40	N	0.00000	0.02679	0.97321	0
41	F	0.00000	0.00514	0.99486	0
42	V	0.00000	0.00475	0.99525	0
43	Q	0.00000	0.0047	0.99530	0
44	L	0.00000	0.00461	0.99539	0
45	N	0.00000	0.00459	0.99541	0
46	N	0.00000	0.00412	0.99588	0
47	G	0.00000	0.00123	0.99877	0
48	S	0.00000	0.0002	0.99980	0
49	L	0.00000	1e-05	0.99999	0
50	Q	0.00000	0	1.00000	0
51	V	0.00000	0	1.00000	0
52	I	0.00000	0	1.00000	0
53	V	0.00015	0	0.99985	0
54	V	0.00516	0	0.99484	0
55	V	0.03164	0	0.96836	0
56	V	0.25018	0	0.74982	0
57	V	0.60028	0	0.39972	0
58	V	0.79655	0	0.20345	0
59	V	0.87084	0	0.12916	0
60	D	0.94626	0	0.05374	0
61	L	0.90287	0	0.09713	0
62	I	0.26455	0	0.73545	0
63	L	0.20142	0	0.79858	0
64	L	0.15437	0	0.84563	0
65	Y	0.13624	0	0.86376	0
66	N	0.06606	0	0.93394	0
67	A	0.06672	0	0.93328	0
68	V	0.06651	0	0.93349	0
69	V	0.06646	0	0.93354	0
70	I	0.06645	0	0.93355	0
71	P	0.06645	0	0.93355	0
72	M	0.00271	0	0.99729	0
73	L	0.00001	0	0.99999	0
74	L	0.00001	0	0.99999	0
75	Y	0.00001	0	0.99999	0
76	R	0.00001	0	0.99999	0
77	C	0.00000	0	1.00000	0
78	A	0.00000	0	1.00000	0
79	F	0.00000	0	1.00000	0
80	C	0.00000	0	1.00000	0
81	I	0.00000	0	1.00000	0
82	P	0.00000	0	1.00000	0
83	F	0.00000	0.00023	0.99977	0
84	Y	0.00000	0.00239	0.99761	0
85	V	0.00000	0.00295	0.99705	0
86	P	0.00000	0.5017	0.49830	0
87	Y	0.00000	0.93308	0.06692	0
88	V	0.00000	0.93318	0.06682	0
89	L	0.00000	0.93336	0.06664	0
90	T	0.00000	0.94901	0.05099	0
91	G	0.00000	0.99981	0.00019	0
92	R	0.00000	0.99993	0.00007	0
93	W	0.00000	0.99996	0.00004	0
94	T	0.00000	0.99999	0.00001	0
95	F	0.00000	0.99999	0.00001	0
96	G	0.00000	1	0.00000	0
97	K	0.00000	1	0.00000	0
98	T	0.00000	1	0.00000	0
99	F	0.00000	1	0.00000	0
100	C	0.00000	1	0.00000	0
101	K	0.00000	1	0.00000	0
102	L	0.00000	0.9997	0.00030	0
103	W	0.00000	0.95164	0.04836	0
104	L	0.00000	0.27111	0.72889	0
105	V	0.00000	0.04664	0.95336	0
106	I	0.00000	0.00072	0.99928	0
107	D	0.00000	0.00024	0.99976	0
108	Y	0.00000	1e-05	0.99999	0
109	L	0.00000	0	1.00000	0
110	L	0.00000	0	1.00000	0
111	C	0.00000	0	1.00000	0
112	T	0.00000	0	1.00000	0
113	S	0.00000	0	1.00000	0
114	S	0.00000	0	1.00000	0
115	V	0.00000	0	1.00000	0
116	F	0.00000	0	1.00000	0
117	N	0.00000	0	1.00000	0
118	I	0.00000	0	1.00000	0
119	V	0.00000	0	1.00000	0
120	L	0.00000	0	1.00000	0
121	I	0.00000	0	1.00000	0
122	S	0.00000	0	1.00000	0
123	Y	0.00000	0	1.00000	0
124	D	0.00001	0	0.99999	0
125	R	0.00312	0	0.99688	0
126	F	0.02563	0	0.97437	0
127	L	0.11055	0	0.88945	0
128	S	0.85499	0	0.14501	0
129	V	0.99996	0	0.00004	0
130	T	1.00000	0	0.00000	0
131	R	1.00000	0	0.00000	0
132	A	1.00000	0	0.00000	0
133	V	1.00000	0	0.00000	0
134	T	1.00000	0	0.00000	0
135	Y	1.00000	0	0.00000	0
136	R	1.00000	0	0.00000	0
137	A	1.00000	0	0.00000	0
138	Q	1.00000	0	0.00000	0
139	Q	1.00000	0	0.00000	0
140	G	1.00000	0	0.00000	0
141	N	1.00000	0	0.00000	0
142	T	0.99999	0	0.00001	0
143	K	0.99995	0	0.00005	0
144	Q	0.97774	0	0.02226	0
145	A	0.45534	0	0.54466	0
146	V	0.04224	0	0.95776	0
147	L	0.00759	0	0.99241	0
148	K	0.00616	0	0.99384	0
149	M	0.00145	0	0.99855	0
150	V	0.00005	0	0.99995	0
151	M	0.00001	0	0.99999	0
152	V	0.00000	0	1.00000	0
153	W	0.00000	0	1.00000	0
154	V	0.00000	0	1.00000	0
155	L	0.00000	0	1.00000	0
156	A	0.00000	0	1.00000	0
157	F	0.00000	0	1.00000	0
158	L	0.00000	0	1.00000	0
159	L	0.00000	0	1.00000	0
160	Y	0.00000	0	1.00000	0
161	G	0.00000	0	1.00000	0
162	P	0.00000	0	1.00000	0
163	A	0.00000	4e-05	0.99996	0
164	I	0.00000	0.00231	0.99769	0
165	I	0.00000	0.0691	0.93090	0
166	S	0.00000	0.26547	0.73453	0
167	W	0.00000	0.5305	0.46950	0
168	E	0.00000	0.98788	0.01212	0
169	Y	0.00000	0.99214	0.00786	0
170	I	0.00000	0.99434	0.00566	0
171	T	0.00000	0.99847	0.00153	0
172	G	0.00000	0.99986	0.00014	0
173	Q	0.00000	1	0.00000	0
174	S	0.00000	1	0.00000	0
175	N	0.00000	1	0.00000	0
176	I	0.00000	1	0.00000	0
177	P	0.00000	1	0.00000	0
178	D	0.00000	1	0.00000	0
179	G	0.00000	1	0.00000	0
180	E	0.00000	1	0.00000	0
181	C	0.00000	1	0.00000	0
182	Y	0.00000	1	0.00000	0
183	A	0.00000	0.99998	0.00002	0
184	E	0.00000	0.99997	0.00003	0
185	F	0.00000	0.99866	0.00134	0
186	F	0.00000	0.9984	0.00160	0
187	Y	0.00000	0.99834	0.00166	0
188	N	0.00000	0.99543	0.00457	0
189	W	0.00000	0.96651	0.03349	0
190	Y	0.00000	0.92226	0.07774	0
191	F	0.00000	0.25945	0.74055	0
192	L	0.00000	0.22628	0.77372	0
193	M	0.00000	0.22496	0.77504	0
194	T	0.00000	0.00394	0.99606	0
195	A	0.00000	0.00277	0.99723	0
196	S	0.00000	0.00248	0.99752	0
197	T	0.00000	0.0018	0.99820	0
198	L	0.00000	0	1.00000	0
199	E	0.00000	0	1.00000	0
200	F	0.00000	0	1.00000	0
201	F	0.00000	0	1.00000	0
202	T	0.00000	0	1.00000	0
203	P	0.00000	0	1.00000	0
204	F	0.00000	0	1.00000	0
205	I	0.00000	0	1.00000	0
206	S	0.00000	0	1.00000	0
207	V	0.00000	0	1.00000	0
208	M	0.00000	0	1.00000	0
209	F	0.00001	0	0.99999	0
210	F	0.00017	0	0.99983	0
211	N	0.00149	0	0.99851	0
212	L	0.00237	0	0.99763	0
213	S	0.00987	0	0.99013	0
214	I	0.01357	0	0.98643	0
215	Y	0.04762	0	0.95238	0
216	M	0.31732	0	0.68268	0
217	N	0.65511	0	0.34489	0
218	I	0.68813	0	0.31187	0
219	Q	0.99658	0	0.00342	0
220	R	0.99997	0	0.00003	0
221	R	1.00000	0	0.00000	0
222	T	1.00000	0	0.00000	0
223	K	1.00000	0	0.00000	0
224	M	1.00000	0	0.00000	0
225	R	1.00000	0	0.00000	0
226	L	1.00000	0	0.00000	0
227	D	1.00000	0	0.00000	0
228	I	1.00000	0	0.00000	0
229	F	1.00000	0	0.00000	0
230	H	1.00000	0	0.00000	0
231	E	1.00000	0	0.00000	0
232	V	1.00000	0	0.00000	0
233	H	1.00000	0	0.00000	0
234	S	1.00000	0	0.00000	0
235	Q	1.00000	0	0.00000	0
236	S	1.00000	0	0.00000	0
237	F	1.00000	0	0.00000	0
238	T	1.00000	0	0.00000	0
239	E	1.00000	0	0.00000	0
240	G	1.00000	0	0.00000	0
241	M	1.00000	0	0.00000	0
242	E	1.00000	0	0.00000	0
243	T	1.00000	0	0.00000	0
244	S	1.00000	0	0.00000	0
245	P	1.00000	0	0.00000	0
246	E	1.00000	0	0.00000	0
247	A	1.00000	0	0.00000	0
248	K	1.00000	0	0.00000	0
249	L	1.00000	0	0.00000	0
250	S	1.00000	0	0.00000	0
251	L	1.00000	0	0.00000	0
252	K	1.00000	0	0.00000	0
253	C	1.00000	0	0.00000	0
254	C	1.00000	0	0.00000	0
255	K	1.00000	0	0.00000	0
256	W	1.00000	0	0.00000	0
257	E	1.00000	0	0.00000	0
258	Q	1.00000	0	0.00000	0
259	K	1.00000	0	0.00000	0
260	E	1.00000	0	0.00000	0
261	P	1.00000	0	0.00000	0
262	A	1.00000	0	0.00000	0
263	E	1.00000	0	0.00000	0
264	S	1.00000	0	0.00000	0
265	P	1.00000	0	0.00000	0
266	D	1.00000	0	0.00000	0
267	L	1.00000	0	0.00000	0
268	P	1.00000	0	0.00000	0
269	K	1.00000	0	0.00000	0
270	C	1.00000	0	0.00000	0
271	D	1.00000	0	0.00000	0
272	M	1.00000	0	0.00000	0
273	P	1.00000	0	0.00000	0
274	Q	1.00000	0	0.00000	0
275	A	1.00000	0	0.00000	0
276	A	1.00000	0	0.00000	0
277	A	1.00000	0	0.00000	0
278	E	1.00000	0	0.00000	0
279	A	1.00000	0	0.00000	0
280	S	1.00000	0	0.00000	0
281	P	1.00000	0	0.00000	0
282	S	1.00000	0	0.00000	0
283	P	1.00000	0	0.00000	0
284	N	1.00000	0	0.00000	0
285	D	1.00000	0	0.00000	0
286	A	1.00000	0	0.00000	0
287	L	1.00000	0	0.00000	0
288	N	1.00000	0	0.00000	0
289	A	1.00000	0	0.00000	0
290	G	1.00000	0	0.00000	0
291	S	1.00000	0	0.00000	0
292	K	1.00000	0	0.00000	0
293	S	1.00000	0	0.00000	0
294	P	1.00000	0	0.00000	0
295	G	1.00000	0	0.00000	0
296	K	1.00000	0	0.00000	0
297	P	1.00000	0	0.00000	0
298	K	1.00000	0	0.00000	0
299	T	1.00000	0	0.00000	0
300	C	1.00000	0	0.00000	0
301	N	1.00000	0	0.00000	0
302	K	1.00000	0	0.00000	0
303	K	1.00000	0	0.00000	0
304	N	1.00000	0	0.00000	0
305	C	1.00000	0	0.00000	0
306	K	1.00000	0	0.00000	0
307	Y	1.00000	0	0.00000	0
308	S	1.00000	0	0.00000	0
309	A	1.00000	0	0.00000	0
310	S	1.00000	0	0.00000	0
311	T	1.00000	0	0.00000	0
312	L	1.00000	0	0.00000	0
313	S	1.00000	0	0.00000	0
314	L	1.00000	0	0.00000	0
315	E	1.00000	0	0.00000	0
316	K	1.00000	0	0.00000	0
317	R	1.00000	0	0.00000	0
318	M	1.00000	0	0.00000	0
319	R	1.00000	0	0.00000	0
320	M	1.00000	0	0.00000	0
321	V	1.00000	0	0.00000	0
322	S	1.00000	0	0.00000	0
323	Q	1.00000	0	0.00000	0
324	G	1.00000	0	0.00000	0
325	I	1.00000	0	0.00000	0
326	T	1.00000	0	0.00000	0
327	Q	1.00000	0	0.00000	0
328	R	1.00000	0	0.00000	0
329	F	1.00000	0	0.00000	0
330	R	1.00000	0	0.00000	0
331	L	1.00000	0	0.00000	0
332	S	1.00000	0	0.00000	0
333	R	1.00000	0	0.00000	0
334	D	1.00000	0	0.00000	0
335	K	0.90162	0	0.09838	0
336	K	0.90065	0	0.09935	0
337	V	0.78806	0	0.21194	0
338	A	0.69299	0	0.30701	0
339	K	0.69215	0	0.30785	0
340	S	0.59571	0	0.40429	0
341	L	0.00087	0	0.99913	0
342	A	0.00053	0	0.99947	0
343	V	0.00037	0	0.99963	0
344	L	0.00000	0	1.00000	0
345	V	0.00000	0	1.00000	0
346	G	0.00000	0	1.00000	0
347	I	0.00000	0	1.00000	0
348	F	0.00000	0	1.00000	0
349	G	0.00000	0	1.00000	0
350	I	0.00000	0	1.00000	0
351	C	0.00000	0	1.00000	0
352	W	0.00000	0	1.00000	0
353	A	0.00000	0	1.00000	0
354	P	0.00000	0	1.00000	0
355	Y	0.00000	0	1.00000	0
356	T	0.00000	1e-05	0.99999	0
357	L	0.00000	0.0001	0.99990	0
358	L	0.00000	0.00086	0.99914	0
359	M	0.00000	0.00418	0.99582	0
360	I	0.00000	0.05699	0.94301	0
361	I	0.00000	0.12887	0.87113	0
362	R	0.00000	0.58179	0.41821	0
363	A	0.00000	0.62147	0.37853	0
364	A	0.00000	0.75288	0.24712	0
365	C	0.00000	0.96931	0.03069	0
366	H	0.00000	0.99323	0.00677	0
367	G	0.00000	0.99994	0.00006	0
368	H	0.00000	0.99999	0.00001	0
369	C	0.00000	1	0.00000	0
370	I	0.00000	1	0.00000	0
371	P	0.00000	1	0.00000	0
372	D	0.00000	1	0.00000	0
373	Y	0.00000	1	0.00000	0
374	W	0.00000	1	0.00000	0
375	Y	0.00000	1	0.00000	0
376	E	0.00000	0.99991	0.00009	0
377	A	0.00000	0.99917	0.00083	0
378	S	0.00000	0.99812	0.00188	0
379	F	0.00000	0.19413	0.80587	0
380	W	0.00000	0.01664	0.98336	0
381	L	0.00000	5e-05	0.99995	0
382	L	0.00000	0	1.00000	0
383	W	0.00000	0	1.00000	0
384	I	0.00000	0	1.00000	0
385	N	0.00000	0	1.00000	0
386	S	0.00000	0	1.00000	0
387	A	0.00000	0	1.00000	0
388	V	0.00000	0	1.00000	0
389	N	0.00000	0	1.00000	0
390	P	0.00000	0	1.00000	0
391	V	0.00000	0	1.00000	0
392	L	0.00000	0	1.00000	0
393	Y	0.00000	0	1.00000	0
394	P	0.00000	0	1.00000	0
395	L	0.00000	0	1.00000	0
396	C	0.00000	0	1.00000	0
397	H	0.00003	0	0.99997	0
398	Y	0.00132	0	0.99868	0
399	S	0.01281	0	0.98719	0
400	F	0.16174	0	0.83826	0
401	R	1.00000	0	0.00000	0
402	R	1.00000	0	0.00000	0
403	A	1.00000	0	0.00000	0
404	F	1.00000	0	0.00000	0
405	I	1.00000	0	0.00000	0
406	K	1.00000	0	0.00000	0
407	L	1.00000	0	0.00000	0
408	L	1.00000	0	0.00000	0
409	C	1.00000	0	0.00000	0
410	P	1.00000	0	0.00000	0
411	K	1.00000	0	0.00000	0
412	K	1.00000	0	0.00000	0
413	L	1.00000	0	0.00000	0
414	K	1.00000	0	0.00000	0
415	I	1.00000	0	0.00000	0
416	Q	1.00000	0	0.00000	0
417	P	1.00000	0	0.00000	0
418	H	1.00000	0	0.00000	0
419	N	1.00000	0	0.00000	0
420	S	1.00000	0	0.00000	0
421	L	1.00000	0	0.00000	0
422	Q	1.00000	0	0.00000	0
423	H	1.00000	0	0.00000	0
424	C	1.00000	0	0.00000	0
425	W	1.00000	0	0.00000	0
426	K	1.00000	0	0.00000	0
