# UNNAMED
#pos	aa	i	o	M	S
1	M	0.00000	0.99891	0.00000	0.00109
2	I	0.00000	0.99891	0.00000	0.00109
3	T	0.00000	0.99891	0.00000	0.00109
4	S	0.00000	0.99891	0.00000	0.00109
5	L	0.00000	0.99891	0.00000	0.00109
6	C	0.00000	0.99891	0.00000	0.00109
7	Y	0.00000	0.99891	0.00000	0.00109
8	E	0.00000	0.99891	0.00000	0.00109
9	T	0.00000	0.99891	0.00000	0.00109
10	N	0.00000	0.99891	0.00000	0.00109
11	G	0.00000	0.99891	0.00000	0.00109
12	S	0.00000	0.99891	0.00000	0.00109
13	C	0.00000	0.99891	0.00000	0.00109
14	Y	0.00000	1	0.00000	0
15	R	0.00000	1	0.00000	0
16	T	0.00000	0.99998	0.00002	0
17	L	0.00000	0.99997	0.00003	0
18	H	0.00000	0.99994	0.00006	0
19	P	0.00000	0.99979	0.00021	0
20	F	0.00000	0.99916	0.00084	0
21	G	0.00000	0.99864	0.00136	0
22	V	0.00000	0.99524	0.00476	0
23	Q	0.00000	0.90969	0.09031	0
24	L	0.00000	0.52322	0.47678	0
25	T	0.00000	0.05501	0.94499	0
26	I	0.00000	0.00703	0.99297	0
27	Y	0.00000	0.00231	0.99769	0
28	L	0.00000	0.00039	0.99961	0
29	F	0.00000	0.0001	0.99990	0
30	C	0.00000	8e-05	0.99992	0
31	A	0.00000	2e-05	0.99998	0
32	I	0.00000	0	1.00000	0
33	G	0.00000	0	1.00000	0
34	M	0.00000	0	1.00000	0
35	M	0.00000	0	1.00000	0
36	V	0.00000	0	1.00000	0
37	T	0.00000	0	1.00000	0
38	V	0.00000	0	1.00000	0
39	L	0.00000	0	1.00000	0
40	G	0.00000	0	1.00000	0
41	N	0.00000	0	1.00000	0
42	L	0.00000	0	1.00000	0
43	L	0.00000	0	1.00000	0
44	V	0.00002	0	0.99998	0
45	V	0.00034	0	0.99966	0
46	V	0.01411	0	0.98589	0
47	S	0.45035	0	0.54965	0
48	V	0.56930	0	0.43070	0
49	S	0.93015	0	0.06985	0
50	H	0.96923	0	0.03077	0
51	F	0.97959	0	0.02041	0
52	K	0.99934	0	0.00066	0
53	A	0.99981	0	0.00019	0
54	L	0.99990	0	0.00010	0
55	H	1.00000	0	0.00000	0
56	T	1.00000	0	0.00000	0
57	P	1.00000	0	0.00000	0
58	T	0.91724	0	0.08276	0
59	N	0.10369	0	0.89631	0
60	F	0.00989	0	0.99011	0
61	L	0.00011	0	0.99989	0
62	L	0.00001	0	0.99999	0
63	L	0.00000	0	1.00000	0
64	S	0.00000	0	1.00000	0
65	L	0.00000	0	1.00000	0
66	A	0.00000	0	1.00000	0
67	F	0.00000	0	1.00000	0
68	A	0.00000	0	1.00000	0
69	D	0.00000	0	1.00000	0
70	L	0.00000	0	1.00000	0
71	F	0.00000	0	1.00000	0
72	L	0.00000	0	1.00000	0
73	G	0.00000	0	1.00000	0
74	L	0.00000	0	1.00000	0
75	T	0.00000	0	1.00000	0
76	V	0.00000	1e-05	0.99999	0
77	L	0.00000	0.00049	0.99951	0
78	P	0.00000	0.01706	0.98294	0
79	F	0.00000	0.06185	0.93815	0
80	S	0.00000	0.53568	0.46432	0
81	T	0.00000	0.70749	0.29251	0
82	I	0.00000	0.76235	0.23765	0
83	R	0.00000	0.99995	0.00005	0
84	S	0.00000	0.99998	0.00002	0
85	V	0.00000	0.99999	0.00001	0
86	E	0.00000	1	0.00000	0
87	S	0.00000	1	0.00000	0
88	C	0.00000	1	0.00000	0
89	W	0.00000	1	0.00000	0
90	Y	0.00000	1	0.00000	0
91	F	0.00000	1	0.00000	0
92	G	0.00000	1	0.00000	0
93	D	0.00000	1	0.00000	0
94	Y	0.00000	0.99996	0.00004	0
95	F	0.00000	0.99902	0.00098	0
96	C	0.00000	0.99885	0.00115	0
97	R	0.00000	0.99296	0.00704	0
98	L	0.00000	0.9852	0.01480	0
99	H	0.00000	0.29273	0.70727	0
100	T	0.00000	0.1535	0.84650	0
101	F	0.00000	0.01257	0.98743	0
102	L	0.00000	4e-05	0.99996	0
103	D	0.00000	1e-05	0.99999	0
104	T	0.00000	0	1.00000	0
105	L	0.00000	0	1.00000	0
106	F	0.00000	0	1.00000	0
107	C	0.00000	0	1.00000	0
108	L	0.00000	0	1.00000	0
109	T	0.00000	0	1.00000	0
110	S	0.00000	0	1.00000	0
111	I	0.00000	0	1.00000	0
112	L	0.00000	0	1.00000	0
113	H	0.00000	0	1.00000	0
114	L	0.00000	0	1.00000	0
115	C	0.00000	0	1.00000	0
116	F	0.00000	0	1.00000	0
117	I	0.00000	0	1.00000	0
118	S	0.00000	0	1.00000	0
119	I	0.00001	0	0.99999	0
120	D	0.00012	0	0.99988	0
121	R	0.16213	0	0.83787	0
122	H	0.95552	0	0.04448	0
123	C	0.99663	0	0.00337	0
124	A	0.99963	0	0.00037	0
125	I	1.00000	0	0.00000	0
126	C	1.00000	0	0.00000	0
127	D	1.00000	0	0.00000	0
128	P	1.00000	0	0.00000	0
129	L	1.00000	0	0.00000	0
130	L	1.00000	0	0.00000	0
131	Y	1.00000	0	0.00000	0
132	P	1.00000	0	0.00000	0
133	T	1.00000	0	0.00000	0
134	K	1.00000	0	0.00000	0
135	F	0.99767	0	0.00233	0
136	T	0.99573	0	0.00427	0
137	I	0.97945	0	0.02055	0
138	R	0.97336	0	0.02664	0
139	V	0.30348	0	0.69652	0
140	S	0.24442	0	0.75558	0
141	C	0.00016	0	0.99984	0
142	I	0.00000	0	1.00000	0
143	Y	0.00000	0	1.00000	0
144	I	0.00000	0	1.00000	0
145	A	0.00000	0	1.00000	0
146	T	0.00000	0	1.00000	0
147	G	0.00000	0	1.00000	0
148	W	0.00000	0	1.00000	0
149	C	0.00000	0	1.00000	0
150	I	0.00000	0	1.00000	0
151	P	0.00000	0	1.00000	0
152	V	0.00000	0	1.00000	0
153	I	0.00000	0	1.00000	0
154	Y	0.00000	0	1.00000	0
155	T	0.00000	0.00014	0.99986	0
156	S	0.00000	0.00042	0.99958	0
157	I	0.00000	0.00088	0.99912	0
158	F	0.00000	0.00428	0.99572	0
159	L	0.00000	0.08079	0.91921	0
160	Y	0.00000	0.32782	0.67218	0
161	T	0.00000	0.70676	0.29324	0
162	K	0.00000	0.99225	0.00775	0
163	A	0.00000	0.99498	0.00502	0
164	I	0.00000	0.9976	0.00240	0
165	E	0.00000	1	0.00000	0
166	E	0.00000	1	0.00000	0
167	G	0.00000	1	0.00000	0
168	L	0.00000	1	0.00000	0
169	G	0.00000	1	0.00000	0
170	H	0.00000	1	0.00000	0
171	F	0.00000	1	0.00000	0
172	L	0.00000	1	0.00000	0
173	Q	0.00000	1	0.00000	0
174	D	0.00000	1	0.00000	0
175	M	0.00000	1	0.00000	0
176	P	0.00000	1	0.00000	0
177	C	0.00000	1	0.00000	0
178	V	0.00000	1	0.00000	0
179	G	0.00000	1	0.00000	0
180	S	0.00000	1	0.00000	0
181	C	0.00000	0.99998	0.00002	0
182	Q	0.00000	0.97707	0.02293	0
183	L	0.00000	0.97681	0.02319	0
184	L	0.00000	0.97589	0.02411	0
185	F	0.00000	0.97359	0.02641	0
186	N	0.00000	0.97354	0.02646	0
187	K	0.00000	0.9734	0.02660	0
188	L	0.00000	0.41437	0.58563	0
189	W	0.00000	0.40607	0.59393	0
190	G	0.00000	0.04365	0.95635	0
191	W	0.00000	0.00712	0.99288	0
192	I	0.00000	0.00212	0.99788	0
193	N	0.00000	0.0016	0.99840	0
194	F	0.00000	0.0008	0.99920	0
195	P	0.00000	1e-05	0.99999	0
196	V	0.00000	0	1.00000	0
197	F	0.00000	0	1.00000	0
198	F	0.00000	0	1.00000	0
199	F	0.00000	0	1.00000	0
200	P	0.00000	0	1.00000	0
201	C	0.00000	0	1.00000	0
202	L	0.00000	0	1.00000	0
203	I	0.00000	0	1.00000	0
204	M	0.00000	0	1.00000	0
205	I	0.00001	0	0.99999	0
206	A	0.00061	0	0.99939	0
207	L	0.00131	0	0.99869	0
208	Y	0.00339	0	0.99661	0
209	I	0.00974	0	0.99026	0
210	K	0.04329	0	0.95671	0
211	I	0.04571	0	0.95429	0
212	F	0.06638	0	0.93362	0
213	I	0.27337	0	0.72663	0
214	V	0.47219	0	0.52781	0
215	A	0.96984	0	0.03016	0
216	N	0.99796	0	0.00204	0
217	R	0.99988	0	0.00012	0
218	Q	1.00000	0	0.00000	0
219	A	1.00000	0	0.00000	0
220	R	1.00000	0	0.00000	0
221	Q	1.00000	0	0.00000	0
222	I	1.00000	0	0.00000	0
223	N	1.00000	0	0.00000	0
224	S	1.00000	0	0.00000	0
225	M	1.00000	0	0.00000	0
226	N	1.00000	0	0.00000	0
227	K	1.00000	0	0.00000	0
228	S	1.00000	0	0.00000	0
229	I	1.00000	0	0.00000	0
230	E	1.00000	0	0.00000	0
231	S	1.00000	0	0.00000	0
232	Q	1.00000	0	0.00000	0
233	L	1.00000	0	0.00000	0
234	N	1.00000	0	0.00000	0
235	L	1.00000	0	0.00000	0
236	G	1.00000	0	0.00000	0
237	A	1.00000	0	0.00000	0
238	P	1.00000	0	0.00000	0
239	K	1.00000	0	0.00000	0
240	R	1.00000	0	0.00000	0
241	E	1.00000	0	0.00000	0
242	R	0.75857	0	0.24143	0
243	K	0.75648	0	0.24352	0
244	A	0.24644	0	0.75356	0
245	A	0.24571	0	0.75429	0
246	K	0.24183	0	0.75817	0
247	S	0.22314	0	0.77686	0
248	L	0.05690	0	0.94310	0
249	G	0.05668	0	0.94332	0
250	I	0.00065	0	0.99935	0
251	A	0.00063	0	0.99937	0
252	V	0.00061	0	0.99939	0
253	G	0.00006	0	0.99994	0
254	I	0.00001	0	0.99999	0
255	Y	0.00001	0	0.99999	0
256	L	0.00000	0	1.00000	0
257	L	0.00000	0	1.00000	0
258	C	0.00000	0	1.00000	0
259	W	0.00000	0	1.00000	0
260	L	0.00000	0	1.00000	0
261	P	0.00000	3e-05	0.99997	0
262	F	0.00000	0.00015	0.99985	0
263	T	0.00000	0.00314	0.99686	0
264	I	0.00000	0.06036	0.93964	0
265	D	0.00000	0.64748	0.35252	0
266	T	0.00000	0.65025	0.34975	0
267	M	0.00000	0.65526	0.34474	0
268	V	0.00000	0.69032	0.30968	0
269	D	0.00000	0.82446	0.17554	0
270	S	0.00000	0.825	0.17500	0
271	F	0.00000	0.82609	0.17391	0
272	L	0.00000	0.83212	0.16788	0
273	G	0.00000	0.84682	0.15318	0
274	F	0.00000	0.85087	0.14913	0
275	V	0.00000	0.89152	0.10848	0
276	T	0.00000	0.97416	0.02584	0
277	P	0.00000	0.99497	0.00503	0
278	P	0.00000	0.99748	0.00252	0
279	I	0.00000	0.99113	0.00887	0
280	L	0.00000	0.9856	0.01440	0
281	F	0.00000	0.98453	0.01547	0
282	D	0.00000	0.92131	0.07869	0
283	V	0.00000	0.054	0.94600	0
284	L	0.00000	0.00172	0.99828	0
285	I	0.00000	1e-05	0.99999	0
286	W	0.00000	0	1.00000	0
287	F	0.00000	0	1.00000	0
288	A	0.00000	0	1.00000	0
289	Y	0.00000	0	1.00000	0
290	F	0.00000	0	1.00000	0
291	N	0.00002	0	0.99998	0
292	S	0.00002	0	0.99998	0
293	A	0.00002	0	0.99998	0
294	C	0.00002	0	0.99998	0
295	N	0.00002	0	0.99998	0
296	P	0.00002	0	0.99998	0
297	L	0.00002	0	0.99998	0
298	I	0.00002	0	0.99998	0
299	Y	0.00002	0	0.99998	0
300	V	0.00005	0	0.99995	0
301	F	0.00022	0	0.99978	0
302	S	0.02298	0	0.97702	0
303	Y	0.15136	0	0.84864	0
304	R	1.00000	0	0.00000	0
305	W	1.00000	0	0.00000	0
306	F	1.00000	0	0.00000	0
307	R	1.00000	0	0.00000	0
308	K	1.00000	0	0.00000	0
309	A	1.00000	0	0.00000	0
310	V	1.00000	0	0.00000	0
311	K	1.00000	0	0.00000	0
312	L	1.00000	0	0.00000	0
313	V	1.00000	0	0.00000	0
314	I	1.00000	0	0.00000	0
315	T	1.00000	0	0.00000	0
316	C	1.00000	0	0.00000	0
317	K	1.00000	0	0.00000	0
318	I	1.00000	0	0.00000	0
319	F	1.00000	0	0.00000	0
320	D	1.00000	0	0.00000	0
321	S	1.00000	0	0.00000	0
322	R	1.00000	0	0.00000	0
323	T	1.00000	0	0.00000	0
324	A	1.00000	0	0.00000	0
325	T	1.00000	0	0.00000	0
326	V	1.00000	0	0.00000	0
327	D	1.00000	0	0.00000	0
328	L	1.00000	0	0.00000	0
329	Y	1.00000	0	0.00000	0
330	Q	1.00000	0	0.00000	0
331	E	1.00000	0	0.00000	0
