# UNNAMED
#pos	aa	i	o	M	S
1	M	0.00000	0.99933	0.00000	0.00067
2	E	0.00000	0.99933	0.00000	0.00067
3	P	0.00000	0.99933	0.00000	0.00067
4	A	0.00000	0.99933	0.00000	0.00068
5	G	0.00000	0.99933	0.00000	0.00067
6	P	0.00000	0.99933	0.00000	0.00067
7	C	0.00000	0.99933	0.00000	0.00067
8	R	0.00000	0.99933	0.00000	0.00067
9	A	0.00000	0.99933	0.00000	0.00067
10	Q	0.00000	0.99933	0.00000	0.00067
11	L	0.00000	0.99933	0.00000	0.00067
12	I	0.00000	0.99933	0.00000	0.00067
13	P	0.00000	0.99933	0.00000	0.00067
14	A	0.00000	0.99933	0.00000	0.00067
15	N	0.00000	0.99934	0.00000	0.00066
16	D	0.00000	0.99934	0.00000	0.00066
17	S	0.00000	0.99934	0.00000	0.00066
18	Y	0.00000	0.99999	0.00000	1e-05
19	R	0.00000	0.99999	0.00000	1e-05
20	N	0.00000	0.99999	0.00000	1e-05
21	C	0.00000	0.99999	0.00000	1e-05
22	S	0.00000	0.99999	0.00000	1e-05
23	A	0.00000	0.99999	0.00000	1e-05
24	E	0.00000	1	0.00000	0
25	E	0.00000	1	0.00000	0
26	G	0.00000	1	0.00000	0
27	I	0.00000	1	0.00000	0
28	Y	0.00000	1	0.00000	0
29	Q	0.00000	1	0.00000	0
30	D	0.00000	1	0.00000	0
31	S	0.00000	1	0.00000	0
32	T	0.00000	0.99992	0.00008	0
33	P	0.00000	0.99905	0.00095	0
34	L	0.00000	0.98837	0.01163	0
35	S	0.00000	0.97586	0.02414	0
36	W	0.00000	0.93069	0.06931	0
37	K	0.00000	0.91959	0.08041	0
38	I	0.00000	0.19084	0.80916	0
39	V	0.00000	0.05422	0.94578	0
40	L	0.00000	0.02165	0.97835	0
41	A	0.00000	0.00752	0.99248	0
42	V	0.00000	0.00174	0.99826	0
43	V	0.00000	0.00038	0.99962	0
44	L	0.00000	3e-05	0.99997	0
45	A	0.00000	0	1.00000	0
46	L	0.00000	0	1.00000	0
47	V	0.00000	0	1.00000	0
48	T	0.00000	0	1.00000	0
49	L	0.00000	0	1.00000	0
50	A	0.00000	0	1.00000	0
51	T	0.00000	0	1.00000	0
52	V	0.00000	0	1.00000	0
53	L	0.00000	0	1.00000	0
54	S	0.00000	0	1.00000	0
55	N	0.00000	0	1.00000	0
56	A	0.00000	0	1.00000	0
57	F	0.00000	0	1.00000	0
58	V	0.00004	0	0.99996	0
59	I	0.00049	0	0.99951	0
60	A	0.03491	0	0.96509	0
61	T	0.43100	0	0.56900	0
62	V	0.55226	0	0.44774	0
63	Y	0.74499	0	0.25501	0
64	Q	0.99752	0	0.00248	0
65	T	0.99982	0	0.00018	0
66	R	1.00000	0	0.00000	0
67	K	1.00000	0	0.00000	0
68	L	1.00000	0	0.00000	0
69	H	1.00000	0	0.00000	0
70	T	1.00000	0	0.00000	0
71	P	1.00000	0	0.00000	0
72	A	0.34551	0	0.65449	0
73	N	0.04585	0	0.95415	0
74	Y	0.01076	0	0.98924	0
75	L	0.00010	0	0.99990	0
76	I	0.00000	0	1.00000	0
77	A	0.00000	0	1.00000	0
78	S	0.00000	0	1.00000	0
79	L	0.00000	0	1.00000	0
80	A	0.00000	0	1.00000	0
81	V	0.00000	0	1.00000	0
82	T	0.00000	0	1.00000	0
83	D	0.00000	0	1.00000	0
84	L	0.00000	0	1.00000	0
85	L	0.00000	0	1.00000	0
86	V	0.00000	0	1.00000	0
87	S	0.00000	0	1.00000	0
88	I	0.00000	0	1.00000	0
89	L	0.00000	0	1.00000	0
90	V	0.00000	1e-05	0.99999	0
91	M	0.00000	0.00057	0.99943	0
92	P	0.00000	0.00878	0.99122	0
93	I	0.00000	0.15776	0.84224	0
94	S	0.00000	0.66928	0.33072	0
95	T	0.00000	0.83889	0.16111	0
96	M	0.00000	0.88793	0.11207	0
97	Y	0.00000	0.99994	0.00006	0
98	T	0.00000	0.99997	0.00003	0
99	V	0.00000	0.99997	0.00003	0
100	T	0.00000	0.99999	0.00001	0
101	G	0.00000	1	0.00000	0
102	K	0.00000	1	0.00000	0
103	W	0.00000	1	0.00000	0
104	T	0.00000	1	0.00000	0
105	L	0.00000	1	0.00000	0
106	G	0.00000	1	0.00000	0
107	Q	0.00000	0.99991	0.00009	0
108	V	0.00000	0.99774	0.00226	0
109	V	0.00000	0.99725	0.00275	0
110	C	0.00000	0.99697	0.00303	0
111	D	0.00000	0.99571	0.00429	0
112	I	0.00000	0.99367	0.00633	0
113	W	0.00000	0.82095	0.17905	0
114	L	0.00000	0.09678	0.90322	0
115	S	0.00000	0.01824	0.98176	0
116	S	0.00000	0.00343	0.99657	0
117	D	0.00000	0.00129	0.99871	0
118	I	0.00000	4e-05	0.99996	0
119	T	0.00000	0	1.00000	0
120	C	0.00000	0	1.00000	0
121	C	0.00000	0	1.00000	0
122	T	0.00000	0	1.00000	0
123	A	0.00000	0	1.00000	0
124	S	0.00000	0	1.00000	0
125	I	0.00000	0	1.00000	0
126	L	0.00000	0	1.00000	0
127	H	0.00000	0	1.00000	0
128	L	0.00000	0	1.00000	0
129	C	0.00000	0	1.00000	0
130	V	0.00001	0	0.99999	0
131	I	0.00001	0	0.99999	0
132	A	0.00005	0	0.99995	0
133	L	0.00005	0	0.99995	0
134	D	0.00010	0	0.99990	0
135	R	0.11133	0	0.88867	0
136	Y	0.45647	0	0.54353	0
137	W	0.48423	0	0.51577	0
138	A	0.79949	0	0.20051	0
139	I	1.00000	0	0.00000	0
140	T	1.00000	0	0.00000	0
141	D	1.00000	0	0.00000	0
142	A	1.00000	0	0.00000	0
143	V	1.00000	0	0.00000	0
144	E	1.00000	0	0.00000	0
145	Y	1.00000	0	0.00000	0
146	S	1.00000	0	0.00000	0
147	T	1.00000	0	0.00000	0
148	K	1.00000	0	0.00000	0
149	R	1.00000	0	0.00000	0
150	T	1.00000	0	0.00000	0
151	P	0.99998	0	0.00002	0
152	K	0.99916	0	0.00084	0
153	R	0.96074	0	0.03926	0
154	A	0.13938	0	0.86062	0
155	A	0.02124	0	0.97876	0
156	G	0.00669	0	0.99331	0
157	M	0.00101	0	0.99899	0
158	I	0.00001	0	0.99999	0
159	A	0.00000	0	1.00000	0
160	L	0.00000	0	1.00000	0
161	V	0.00000	0	1.00000	0
162	W	0.00000	0	1.00000	0
163	V	0.00000	0	1.00000	0
164	F	0.00000	0	1.00000	0
165	S	0.00000	0	1.00000	0
166	I	0.00000	0	1.00000	0
167	C	0.00000	0	1.00000	0
168	I	0.00000	0	1.00000	0
169	S	0.00000	0	1.00000	0
170	M	0.00000	0	1.00000	0
171	P	0.00000	0	1.00000	0
172	P	0.00000	2e-05	0.99998	0
173	L	0.00000	0.00109	0.99891	0
174	F	0.00000	0.03916	0.96084	0
175	W	0.00000	0.60326	0.39674	0
176	R	0.00000	0.97093	0.02907	0
177	Q	0.00000	0.993	0.00700	0
178	A	0.00000	0.99645	0.00355	0
179	K	0.00000	0.99998	0.00002	0
180	A	0.00000	0.99999	0.00001	0
181	E	0.00000	1	0.00000	0
182	E	0.00000	1	0.00000	0
183	V	0.00000	1	0.00000	0
184	S	0.00000	1	0.00000	0
185	H	0.00000	1	0.00000	0
186	C	0.00000	1	0.00000	0
187	V	0.00000	1	0.00000	0
188	V	0.00000	1	0.00000	0
189	N	0.00000	1	0.00000	0
190	T	0.00000	1	0.00000	0
191	D	0.00000	0.99997	0.00003	0
192	H	0.00000	0.98424	0.01576	0
193	V	0.00000	0.82223	0.17777	0
194	L	0.00000	0.3059	0.69410	0
195	Y	0.00000	0.27973	0.72027	0
196	T	0.00000	0.25453	0.74547	0
197	V	0.00000	0.00519	0.99481	0
198	Y	0.00000	0.00215	0.99785	0
199	S	0.00000	0.00169	0.99831	0
200	T	0.00000	0.00013	0.99987	0
201	V	0.00000	5e-05	0.99995	0
202	G	0.00000	0	1.00000	0
203	A	0.00000	0	1.00000	0
204	F	0.00000	0	1.00000	0
205	Y	0.00000	0	1.00000	0
206	F	0.00000	0	1.00000	0
207	P	0.00000	0	1.00000	0
208	T	0.00000	0	1.00000	0
209	L	0.00000	0	1.00000	0
210	L	0.00000	0	1.00000	0
211	L	0.00000	0	1.00000	0
212	I	0.00000	0	1.00000	0
213	A	0.00000	0	1.00000	0
214	L	0.00011	0	0.99989	0
215	Y	0.00355	0	0.99645	0
216	G	0.10327	0	0.89673	0
217	R	0.24970	0	0.75030	0
218	I	0.26093	0	0.73907	0
219	Y	0.32350	0	0.67650	0
220	V	0.69732	0	0.30268	0
221	E	0.98459	0	0.01541	0
222	A	0.99981	0	0.00019	0
223	R	0.99999	0	0.00001	0
224	S	1.00000	0	0.00000	0
225	R	1.00000	0	0.00000	0
226	I	1.00000	0	0.00000	0
227	L	1.00000	0	0.00000	0
228	K	1.00000	0	0.00000	0
229	Q	1.00000	0	0.00000	0
230	T	1.00000	0	0.00000	0
231	P	1.00000	0	0.00000	0
232	K	1.00000	0	0.00000	0
233	K	1.00000	0	0.00000	0
234	A	1.00000	0	0.00000	0
235	G	1.00000	0	0.00000	0
236	K	1.00000	0	0.00000	0
237	R	1.00000	0	0.00000	0
238	L	1.00000	0	0.00000	0
239	T	1.00000	0	0.00000	0
240	R	1.00000	0	0.00000	0
241	A	1.00000	0	0.00000	0
242	Q	1.00000	0	0.00000	0
243	L	1.00000	0	0.00000	0
244	I	1.00000	0	0.00000	0
245	T	1.00000	0	0.00000	0
246	D	1.00000	0	0.00000	0
247	S	1.00000	0	0.00000	0
248	P	1.00000	0	0.00000	0
249	G	1.00000	0	0.00000	0
250	S	1.00000	0	0.00000	0
251	S	1.00000	0	0.00000	0
252	S	1.00000	0	0.00000	0
253	S	1.00000	0	0.00000	0
254	V	1.00000	0	0.00000	0
255	T	1.00000	0	0.00000	0
256	S	1.00000	0	0.00000	0
257	I	1.00000	0	0.00000	0
258	N	1.00000	0	0.00000	0
259	S	1.00000	0	0.00000	0
260	K	1.00000	0	0.00000	0
261	T	1.00000	0	0.00000	0
262	P	1.00000	0	0.00000	0
263	E	1.00000	0	0.00000	0
264	G	1.00000	0	0.00000	0
265	F	1.00000	0	0.00000	0
266	S	1.00000	0	0.00000	0
267	E	1.00000	0	0.00000	0
268	T	1.00000	0	0.00000	0
269	G	1.00000	0	0.00000	0
270	S	1.00000	0	0.00000	0
271	P	1.00000	0	0.00000	0
272	V	1.00000	0	0.00000	0
273	Y	1.00000	0	0.00000	0
274	M	1.00000	0	0.00000	0
275	N	1.00000	0	0.00000	0
276	Q	1.00000	0	0.00000	0
277	V	1.00000	0	0.00000	0
278	K	1.00000	0	0.00000	0
279	V	1.00000	0	0.00000	0
280	K	1.00000	0	0.00000	0
281	V	1.00000	0	0.00000	0
282	S	1.00000	0	0.00000	0
283	D	1.00000	0	0.00000	0
284	A	1.00000	0	0.00000	0
285	L	1.00000	0	0.00000	0
286	L	1.00000	0	0.00000	0
287	E	1.00000	0	0.00000	0
288	K	1.00000	0	0.00000	0
289	K	1.00000	0	0.00000	0
290	K	1.00000	0	0.00000	0
291	L	1.00000	0	0.00000	0
292	T	1.00000	0	0.00000	0
293	A	1.00000	0	0.00000	0
294	A	1.00000	0	0.00000	0
295	R	1.00000	0	0.00000	0
296	E	1.00000	0	0.00000	0
297	R	0.99755	0	0.00245	0
298	K	0.99727	0	0.00273	0
299	A	0.76937	0	0.23063	0
300	T	0.76822	0	0.23178	0
301	K	0.76565	0	0.23435	0
302	T	0.76294	0	0.23706	0
303	L	0.00844	0	0.99156	0
304	G	0.00156	0	0.99844	0
305	I	0.00004	0	0.99996	0
306	I	0.00000	0	1.00000	0
307	L	0.00000	0	1.00000	0
308	G	0.00000	0	1.00000	0
309	A	0.00000	0	1.00000	0
310	F	0.00000	0	1.00000	0
311	I	0.00000	0	1.00000	0
312	F	0.00000	0	1.00000	0
313	C	0.00000	0	1.00000	0
314	W	0.00000	0	1.00000	0
315	L	0.00000	0	1.00000	0
316	P	0.00000	0	1.00000	0
317	F	0.00000	0	1.00000	0
318	F	0.00000	0	1.00000	0
319	I	0.00000	2e-05	0.99998	0
320	I	0.00000	0.00023	0.99977	0
321	S	0.00000	0.00194	0.99806	0
322	L	0.00000	0.00472	0.99528	0
323	V	0.00000	0.01868	0.98132	0
324	L	0.00000	0.05803	0.94197	0
325	P	0.00000	0.30961	0.69039	0
326	I	0.00000	0.41662	0.58338	0
327	C	0.00000	0.95086	0.04914	0
328	K	0.00000	0.99949	0.00051	0
329	D	0.00000	0.99999	0.00001	0
330	A	0.00000	0.99988	0.00012	0
331	C	0.00000	0.99899	0.00101	0
332	W	0.00000	0.99198	0.00802	0
333	F	0.00000	0.98252	0.01748	0
334	H	0.00000	0.97385	0.02615	0
335	M	0.00000	0.94712	0.05288	0
336	A	0.00000	0.94083	0.05917	0
337	I	0.00000	0.93532	0.06468	0
338	F	0.00000	0.9333	0.06670	0
339	D	0.00000	0.88199	0.11801	0
340	F	0.00000	0.0084	0.99160	0
341	F	0.00000	0.00037	0.99963	0
342	T	0.00000	1e-05	0.99999	0
343	W	0.00000	0	1.00000	0
344	L	0.00000	0	1.00000	0
345	G	0.00000	0	1.00000	0
346	Y	0.00000	0	1.00000	0
347	L	0.00000	0	1.00000	0
348	N	0.00000	0	1.00000	0
349	S	0.00000	0	1.00000	0
350	L	0.00000	0	1.00000	0
351	I	0.00001	0	0.99999	0
352	N	0.00002	0	0.99998	0
353	P	0.00003	0	0.99997	0
354	V	0.00006	0	0.99994	0
355	I	0.00059	0	0.99941	0
356	Y	0.00188	0	0.99812	0
357	T	0.00397	0	0.99603	0
358	M	0.01007	0	0.98993	0
359	S	0.11076	0	0.88924	0
360	N	0.38290	0	0.61710	0
361	E	1.00000	0	0.00000	0
362	D	1.00000	0	0.00000	0
363	F	1.00000	0	0.00000	0
364	K	1.00000	0	0.00000	0
365	Q	1.00000	0	0.00000	0
366	A	1.00000	0	0.00000	0
367	F	1.00000	0	0.00000	0
368	H	1.00000	0	0.00000	0
369	K	1.00000	0	0.00000	0
370	L	1.00000	0	0.00000	0
371	I	1.00000	0	0.00000	0
372	R	1.00000	0	0.00000	0
373	F	1.00000	0	0.00000	0
374	R	1.00000	0	0.00000	0
375	C	1.00000	0	0.00000	0
376	T	1.00000	0	0.00000	0
377	G	1.00000	0	0.00000	0
