# UNNAMED
#pos	aa	i	o	M	S
1	M	0.00000	1	0.00000	0
2	V	0.00000	1	0.00000	0
3	V	0.00000	1	0.00000	0
4	T	0.00000	0.9965	0.00350	0
5	A	0.00000	0.98865	0.01135	0
6	L	0.00000	0.97076	0.02924	0
7	R	0.00000	0.9576	0.04240	0
8	W	0.00000	0.19966	0.80034	0
9	L	0.00000	0.12483	0.87517	0
10	V	0.00000	0.07492	0.92508	0
11	L	0.00000	0.04508	0.95492	0
12	V	0.00000	0.02081	0.97919	0
13	S	0.00000	0.0128	0.98720	0
14	V	0.00000	0.00091	0.99909	0
15	I	0.00000	1e-05	0.99999	0
16	I	0.00000	0	1.00000	0
17	I	0.00000	0	1.00000	0
18	T	0.00000	0	1.00000	0
19	I	0.00000	0	1.00000	0
20	G	0.00000	0	1.00000	0
21	G	0.00000	0	1.00000	0
22	N	0.00000	0	1.00000	0
23	V	0.00000	0	1.00000	0
24	L	0.00000	0	1.00000	0
25	V	0.00000	0	1.00000	0
26	C	0.00001	0	0.99999	0
27	L	0.00046	0	0.99954	0
28	A	0.02911	0	0.97089	0
29	V	0.10980	0	0.89020	0
30	G	0.44378	0	0.55622	0
31	L	0.55496	0	0.44504	0
32	C	0.77106	0	0.22894	0
33	R	0.99410	0	0.00590	0
34	R	0.99951	0	0.00049	0
35	L	0.99956	0	0.00044	0
36	W	0.99973	0	0.00027	0
37	R	0.99930	0	0.00070	0
38	L	0.73015	0	0.26985	0
39	S	0.65752	0	0.34248	0
40	N	0.20874	0	0.79126	0
41	C	0.09890	0	0.90110	0
42	F	0.00172	0	0.99828	0
43	V	0.00034	0	0.99966	0
44	V	0.00001	0	0.99999	0
45	S	0.00000	0	1.00000	0
46	L	0.00000	0	1.00000	0
47	A	0.00000	0	1.00000	0
48	V	0.00000	0	1.00000	0
49	A	0.00000	0	1.00000	0
50	D	0.00000	0	1.00000	0
51	L	0.00000	0	1.00000	0
52	L	0.00000	0	1.00000	0
53	L	0.00000	0	1.00000	0
54	G	0.00000	0	1.00000	0
55	L	0.00000	0	1.00000	0
56	L	0.00000	0	1.00000	0
57	V	0.00000	0.00019	0.99981	0
58	L	0.00000	0.00336	0.99664	0
59	P	0.00000	0.03758	0.96242	0
60	L	0.00000	0.08804	0.91196	0
61	S	0.00000	0.41109	0.58891	0
62	A	0.00000	0.52669	0.47331	0
63	V	0.00000	0.63325	0.36675	0
64	V	0.00000	0.99881	0.00119	0
65	E	0.00000	0.99953	0.00047	0
66	L	0.00000	0.99958	0.00042	0
67	R	0.00000	0.99994	0.00006	0
68	N	0.00000	1	0.00000	0
69	G	0.00000	1	0.00000	0
70	N	0.00000	1	0.00000	0
71	W	0.00000	1	0.00000	0
72	P	0.00000	1	0.00000	0
73	F	0.00000	1	0.00000	0
74	G	0.00000	1	0.00000	0
75	G	0.00000	1	0.00000	0
76	A	0.00000	1	0.00000	0
77	L	0.00000	1	0.00000	0
78	C	0.00000	1	0.00000	0
79	N	0.00000	0.99998	0.00002	0
80	I	0.00000	0.99698	0.00302	0
81	Y	0.00000	0.72347	0.27653	0
82	I	0.00000	0.13545	0.86455	0
83	A	0.00000	0.0607	0.93930	0
84	L	0.00000	0.00089	0.99911	0
85	D	0.00000	0.00033	0.99967	0
86	V	0.00000	1e-05	0.99999	0
87	M	0.00000	0	1.00000	0
88	F	0.00000	0	1.00000	0
89	C	0.00000	0	1.00000	0
90	T	0.00000	0	1.00000	0
91	S	0.00000	0	1.00000	0
92	S	0.00000	0	1.00000	0
93	I	0.00000	0	1.00000	0
94	L	0.00000	0	1.00000	0
95	T	0.00000	0	1.00000	0
96	L	0.00000	0	1.00000	0
97	L	0.00000	0	1.00000	0
98	A	0.00000	0	1.00000	0
99	I	0.00000	0	1.00000	0
100	S	0.00000	0	1.00000	0
101	V	0.00012	0	0.99988	0
102	N	0.00274	0	0.99726	0
103	R	0.02097	0	0.97903	0
104	Y	0.36756	0	0.63244	0
105	L	0.82979	0	0.17021	0
106	A	0.95631	0	0.04369	0
107	I	0.98208	0	0.01792	0
108	A	1.00000	0	0.00000	0
109	S	1.00000	0	0.00000	0
110	P	1.00000	0	0.00000	0
111	L	1.00000	0	0.00000	0
112	N	1.00000	0	0.00000	0
113	H	1.00000	0	0.00000	0
114	S	1.00000	0	0.00000	0
115	R	1.00000	0	0.00000	0
116	I	1.00000	0	0.00000	0
117	V	1.00000	0	0.00000	0
118	T	1.00000	0	0.00000	0
119	P	0.99999	0	0.00001	0
120	R	0.99955	0	0.00045	0
121	R	0.99199	0	0.00801	0
122	V	0.29367	0	0.70633	0
123	A	0.03137	0	0.96863	0
124	L	0.00436	0	0.99564	0
125	A	0.00023	0	0.99977	0
126	I	0.00000	0	1.00000	0
127	I	0.00000	0	1.00000	0
128	S	0.00000	0	1.00000	0
129	I	0.00000	0	1.00000	0
130	W	0.00000	0	1.00000	0
131	A	0.00000	0	1.00000	0
132	L	0.00000	0	1.00000	0
133	S	0.00000	0	1.00000	0
134	L	0.00000	0	1.00000	0
135	A	0.00000	0	1.00000	0
136	V	0.00000	0	1.00000	0
137	S	0.00000	0	1.00000	0
138	F	0.00000	0	1.00000	0
139	L	0.00000	0	1.00000	0
140	P	0.00000	0.00018	0.99982	0
141	I	0.00000	0.00149	0.99851	0
142	H	0.00000	0.06214	0.93786	0
143	M	0.00000	0.15088	0.84912	0
144	G	0.00000	0.74748	0.25252	0
145	W	0.00000	0.867	0.13300	0
146	N	0.00000	0.99425	0.00575	0
147	T	0.00000	0.99992	0.00008	0
148	A	0.00000	0.99998	0.00002	0
149	D	0.00000	1	0.00000	0
150	Y	0.00000	1	0.00000	0
151	R	0.00000	1	0.00000	0
152	V	0.00000	1	0.00000	0
153	Q	0.00000	1	0.00000	0
154	N	0.00000	1	0.00000	0
155	L	0.00000	1	0.00000	0
156	D	0.00000	1	0.00000	0
157	W	0.00000	1	0.00000	0
158	L	0.00000	1	0.00000	0
159	M	0.00000	1	0.00000	0
160	G	0.00000	1	0.00000	0
161	D	0.00000	1	0.00000	0
162	E	0.00000	1	0.00000	0
163	D	0.00000	1	0.00000	0
164	Q	0.00000	1	0.00000	0
165	E	0.00000	1	0.00000	0
166	G	0.00000	1	0.00000	0
167	H	0.00000	1	0.00000	0
168	Y	0.00000	1	0.00000	0
169	C	0.00000	1	0.00000	0
170	Q	0.00000	1	0.00000	0
171	F	0.00000	1	0.00000	0
172	E	0.00000	1	0.00000	0
173	W	0.00000	0.99999	0.00001	0
174	N	0.00000	0.99998	0.00002	0
175	N	0.00000	0.99964	0.00036	0
176	N	0.00000	0.94531	0.05469	0
177	Y	0.00000	0.28303	0.71697	0
178	I	0.00000	0.13202	0.86798	0
179	L	0.00000	0.05677	0.94323	0
180	I	0.00000	0.00099	0.99901	0
181	Y	0.00000	0.00077	0.99923	0
182	V	0.00000	4e-05	0.99996	0
183	F	0.00000	3e-05	0.99997	0
184	A	0.00000	0	1.00000	0
185	S	0.00000	0	1.00000	0
186	F	0.00000	0	1.00000	0
187	Y	0.00000	0	1.00000	0
188	L	0.00000	0	1.00000	0
189	P	0.00000	0	1.00000	0
190	L	0.00000	0	1.00000	0
191	V	0.00000	0	1.00000	0
192	L	0.00000	0	1.00000	0
193	M	0.00000	0	1.00000	0
194	C	0.00000	0	1.00000	0
195	G	0.00000	0	1.00000	0
196	M	0.00000	0	1.00000	0
197	Y	0.00000	0	1.00000	0
198	L	0.00001	0	0.99999	0
199	C	0.00025	0	0.99975	0
200	I	0.00378	0	0.99622	0
201	F	0.07722	0	0.92278	0
202	K	0.95002	0	0.04998	0
203	V	0.95724	0	0.04276	0
204	A	0.98132	0	0.01868	0
205	R	0.99948	0	0.00052	0
206	E	0.99999	0	0.00001	0
207	Q	1.00000	0	0.00000	0
208	V	1.00000	0	0.00000	0
209	R	1.00000	0	0.00000	0
210	R	1.00000	0	0.00000	0
211	I	1.00000	0	0.00000	0
212	R	1.00000	0	0.00000	0
213	A	1.00000	0	0.00000	0
214	T	1.00000	0	0.00000	0
215	T	1.00000	0	0.00000	0
216	P	1.00000	0	0.00000	0
217	S	1.00000	0	0.00000	0
218	F	1.00000	0	0.00000	0
219	A	1.00000	0	0.00000	0
220	R	1.00000	0	0.00000	0
221	L	1.00000	0	0.00000	0
222	A	1.00000	0	0.00000	0
223	K	1.00000	0	0.00000	0
224	A	1.00000	0	0.00000	0
225	T	1.00000	0	0.00000	0
226	I	1.00000	0	0.00000	0
227	V	1.00000	0	0.00000	0
228	R	1.00000	0	0.00000	0
229	E	1.00000	0	0.00000	0
230	H	0.99965	0	0.00035	0
231	K	0.99826	0	0.00174	0
232	A	0.86372	0	0.13628	0
233	T	0.74328	0	0.25672	0
234	V	0.40877	0	0.59123	0
235	T	0.40755	0	0.59245	0
236	L	0.00747	0	0.99253	0
237	A	0.00214	0	0.99786	0
238	A	0.00163	0	0.99837	0
239	V	0.00003	0	0.99997	0
240	L	0.00002	0	0.99998	0
241	G	0.00000	0	1.00000	0
242	A	0.00000	0	1.00000	0
243	F	0.00000	0	1.00000	0
244	V	0.00000	0	1.00000	0
245	I	0.00000	0	1.00000	0
246	C	0.00000	0	1.00000	0
247	W	0.00000	0	1.00000	0
248	F	0.00000	0	1.00000	0
249	P	0.00000	0	1.00000	0
250	Y	0.00000	0	1.00000	0
251	F	0.00000	0	1.00000	0
252	T	0.00000	0.00024	0.99976	0
253	F	0.00000	0.00099	0.99901	0
254	F	0.00000	0.01272	0.98728	0
255	T	0.00000	0.31913	0.68087	0
256	C	0.00000	0.41659	0.58341	0
257	V	0.00000	0.43264	0.56736	0
258	G	0.00000	0.49154	0.50846	0
259	L	0.00000	0.51025	0.48975	0
260	M	0.00000	0.58158	0.41842	0
261	E	0.00000	0.93129	0.06871	0
262	K	0.00000	0.99902	0.00098	0
263	T	0.00000	0.9996	0.00040	0
264	N	0.00000	0.99996	0.00004	0
265	P	0.00000	0.99998	0.00002	0
266	P	0.00000	0.99994	0.00006	0
267	N	0.00000	0.99983	0.00017	0
268	I	0.00000	0.99868	0.00132	0
269	I	0.00000	0.99739	0.00261	0
270	H	0.00000	0.99662	0.00338	0
271	S	0.00000	0.81134	0.18866	0
272	V	0.00000	0.00484	0.99516	0
273	V	0.00000	0.00014	0.99986	0
274	L	0.00000	0	1.00000	0
275	W	0.00000	0	1.00000	0
276	L	0.00000	0	1.00000	0
277	G	0.00000	0	1.00000	0
278	Y	0.00000	0	1.00000	0
279	F	0.00000	0	0.99999	0
280	N	0.00002	0	0.99998	0
281	S	0.00002	0	0.99998	0
282	T	0.00002	0	0.99998	0
283	L	0.00002	0	0.99998	0
284	N	0.00002	0	0.99998	0
285	P	0.00002	0	0.99998	0
286	I	0.00002	0	0.99998	0
287	L	0.00002	0	0.99998	0
288	Y	0.00002	0	0.99998	0
289	P	0.00003	0	0.99997	0
290	A	0.00045	0	0.99955	0
291	F	0.02980	0	0.97019	0
292	N	0.68509	0	0.31491	0
293	R	1.00000	0	0.00000	0
294	D	1.00000	0	0.00000	0
295	F	1.00000	0	0.00000	0
296	R	1.00000	0	0.00000	0
297	R	1.00000	0	0.00000	0
298	A	1.00000	0	0.00000	0
299	Y	1.00000	0	0.00000	0
300	A	1.00000	0	0.00000	0
301	Q	1.00000	0	0.00000	0
302	L	1.00000	0	0.00000	0
303	L	1.00000	0	0.00000	0
304	F	1.00000	0	0.00000	0
305	C	1.00000	0	0.00000	0
306	R	1.00000	0	0.00000	0
307	A	1.00000	0	0.00000	0
308	A	1.00000	0	0.00000	0
309	K	1.00000	0	0.00000	0
310	I	1.00000	0	0.00000	0
311	T	1.00000	0	0.00000	0
312	H	1.00000	0	0.00000	0
313	T	1.00000	0	0.00000	0
314	L	1.00000	0	0.00000	0
315	I	1.00000	0	0.00000	0
316	H	1.00000	0	0.00000	0
317	S	1.00000	0	0.00000	0
318	Y	1.00000	0	0.00000	0
319	I	1.00000	0	0.00000	0
320	N	1.00000	0	0.00000	0
321	T	1.00000	0	0.00000	0
322	V	1.00000	0	0.00000	0
323	I	1.00000	0	0.00000	0
324	N	1.00000	0	0.00000	0
325	I	1.00000	0	0.00000	0
326	T	1.00000	0	0.00000	0
327	V	1.00000	0	0.00000	0
328	P	1.00000	0	0.00000	0
329	T	1.00000	0	0.00000	0
330	K	1.00000	0	0.00000	0
331	W	1.00000	0	0.00000	0
332	R	1.00000	0	0.00000	0
333	I	1.00000	0	0.00000	0
334	I	1.00000	0	0.00000	0
335	L	1.00000	0	0.00000	0
336	E	1.00000	0	0.00000	0
337	L	1.00000	0	0.00000	0
338	S	1.00000	0	0.00000	0
339	S	1.00000	0	0.00000	0
340	H	1.00000	0	0.00000	0
341	T	1.00000	0	0.00000	0
342	V	1.00000	0	0.00000	0
343	L	1.00000	0	0.00000	0
344	R	1.00000	0	0.00000	0
345	L	1.00000	0	0.00000	0
346	M	1.00000	0	0.00000	0
347	L	1.00000	0	0.00000	0
348	V	1.00000	0	0.00000	0
