# UNNAMED
#pos	aa	i	o	M	S
1	M	0.00000	0.99969	0.00000	0.00031
2	A	0.00000	0.99969	0.00000	0.00031
3	S	0.00000	0.99969	0.00000	0.00031
4	V	0.00000	0.99969	0.00000	0.00031
5	Q	0.00000	0.99969	0.00000	0.00031
6	D	0.00000	0.99969	0.00000	0.00031
7	S	0.00000	0.99969	0.00000	0.00032
8	G	0.00000	0.99969	0.00000	0.00032
9	C	0.00000	0.99969	0.00000	0.00032
10	S	0.00000	0.99969	0.00000	0.00032
11	M	0.00000	0.99969	0.00000	0.00031
12	E	0.00000	0.99969	0.00000	0.00031
13	L	0.00000	0.99969	0.00000	0.00031
14	S	0.00000	0.99969	0.00000	0.00031
15	G	0.00000	0.99969	0.00000	0.00031
16	W	0.00000	0.99969	0.00000	0.00031
17	N	0.00000	0.99969	0.00000	0.00031
18	S	0.00000	0.99969	0.00000	0.00032
19	S	0.00000	0.99969	0.00000	0.00031
20	V	0.00000	0.99969	0.00000	0.00031
21	S	0.00000	0.99969	0.00000	0.00032
22	G	0.00000	0.99969	0.00000	0.00031
23	S	0.00000	0.99995	0.00000	5e-05
24	G	0.00000	0.99995	0.00000	5e-05
25	S	0.00000	0.99996	0.00000	3e-05
26	S	0.00000	0.99999	0.00000	1e-05
27	V	0.00000	1	0.00000	0
28	P	0.00000	1	0.00000	0
29	C	0.00000	1	0.00000	0
30	N	0.00000	1	0.00000	0
31	Q	0.00000	1	0.00000	0
32	S	0.00000	1	0.00000	0
33	V	0.00000	1	0.00000	0
34	L	0.00000	1	0.00000	0
35	N	0.00000	1	0.00000	0
36	P	0.00000	1	0.00000	0
37	A	0.00000	0.99999	0.00001	0
38	P	0.00000	0.99998	0.00002	0
39	Y	0.00000	0.99995	0.00005	0
40	S	0.00000	0.99991	0.00009	0
41	P	0.00000	0.99973	0.00027	0
42	E	0.00000	0.99884	0.00116	0
43	A	0.00000	0.92349	0.07651	0
44	T	0.00000	0.84221	0.15779	0
45	A	0.00000	0.67246	0.32754	0
46	A	0.00000	0.52149	0.47851	0
47	F	0.00000	0.22347	0.77653	0
48	A	0.00000	0.08856	0.91144	0
49	T	0.00000	0.02709	0.97291	0
50	A	0.00000	0.00848	0.99152	0
51	I	0.00000	0.00074	0.99926	0
52	T	0.00000	0.00013	0.99987	0
53	L	0.00000	1e-05	0.99999	0
54	M	0.00000	0	1.00000	0
55	V	0.00000	0	1.00000	0
56	I	0.00000	0	1.00000	0
57	F	0.00000	0	1.00000	0
58	T	0.00000	0	1.00000	0
59	I	0.00000	0	1.00000	0
60	V	0.00000	0	1.00000	0
61	G	0.00000	0	1.00000	0
62	N	0.00000	0	1.00000	0
63	I	0.00000	0	1.00000	0
64	M	0.00000	0	1.00000	0
65	V	0.00000	0	1.00000	0
66	I	0.00001	0	0.99999	0
67	I	0.00110	0	0.99890	0
68	A	0.09310	0	0.90690	0
69	V	0.21901	0	0.78099	0
70	L	0.45199	0	0.54801	0
71	T	0.95897	0	0.04103	0
72	S	0.99810	0	0.00190	0
73	R	0.99997	0	0.00003	0
74	S	1.00000	0	0.00000	0
75	L	1.00000	0	0.00000	0
76	R	1.00000	0	0.00000	0
77	G	1.00000	0	0.00000	0
78	P	1.00000	0	0.00000	0
79	Q	0.82365	0	0.17635	0
80	N	0.13474	0	0.86526	0
81	L	0.02077	0	0.97923	0
82	F	0.00017	0	0.99983	0
83	L	0.00000	0	1.00000	0
84	V	0.00000	0	1.00000	0
85	S	0.00000	0	1.00000	0
86	L	0.00000	0	1.00000	0
87	A	0.00000	0	1.00000	0
88	A	0.00000	0	1.00000	0
89	A	0.00000	0	1.00000	0
90	D	0.00000	0	1.00000	0
91	I	0.00000	0	1.00000	0
92	L	0.00000	0	1.00000	0
93	V	0.00000	0	1.00000	0
94	A	0.00000	0	1.00000	0
95	T	0.00000	0	1.00000	0
96	L	0.00000	0	1.00000	0
97	I	0.00000	0	1.00000	0
98	I	0.00000	0.00024	0.99976	0
99	P	0.00000	0.00421	0.99579	0
100	F	0.00000	0.04384	0.95616	0
101	S	0.00000	0.41938	0.58062	0
102	L	0.00000	0.56484	0.43516	0
103	A	0.00000	0.83074	0.16926	0
104	N	0.00000	0.99998	0.00002	0
105	E	0.00000	0.99999	0.00001	0
106	L	0.00000	0.99999	0.00001	0
107	L	0.00000	0.99999	0.00001	0
108	G	0.00000	1	0.00000	0
109	Y	0.00000	1	0.00000	0
110	W	0.00000	1	0.00000	0
111	Y	0.00000	1	0.00000	0
112	F	0.00000	1	0.00000	0
113	K	0.00000	1	0.00000	0
114	S	0.00000	1	0.00000	0
115	L	0.00000	1	0.00000	0
116	W	0.00000	1	0.00000	0
117	C	0.00000	1	0.00000	0
118	E	0.00000	1	0.00000	0
119	I	0.00000	0.99874	0.00126	0
120	Y	0.00000	0.84362	0.15638	0
121	L	0.00000	0.35934	0.64066	0
122	A	0.00000	0.20373	0.79627	0
123	L	0.00000	0.00409	0.99591	0
124	D	0.00000	0.00146	0.99854	0
125	V	0.00000	2e-05	0.99998	0
126	L	0.00000	0	1.00000	0
127	F	0.00000	0	1.00000	0
128	C	0.00000	0	1.00000	0
129	T	0.00000	0	1.00000	0
130	S	0.00000	0	1.00000	0
131	S	0.00000	0	1.00000	0
132	I	0.00000	0	1.00000	0
133	V	0.00000	0	1.00000	0
134	H	0.00000	0	1.00000	0
135	L	0.00000	0	1.00000	0
136	C	0.00000	0	1.00000	0
137	A	0.00000	0	1.00000	0
138	I	0.00000	0	1.00000	0
139	S	0.00000	0	1.00000	0
140	L	0.00000	0	1.00000	0
141	D	0.00000	0	1.00000	0
142	R	0.00738	0	0.99262	0
143	Y	0.05852	0	0.94148	0
144	L	0.13558	0	0.86442	0
145	S	0.73252	0	0.26748	0
146	I	0.99980	0	0.00020	0
147	S	1.00000	0	0.00000	0
148	R	1.00000	0	0.00000	0
149	V	1.00000	0	0.00000	0
150	T	1.00000	0	0.00000	0
151	Y	1.00000	0	0.00000	0
152	G	1.00000	0	0.00000	0
153	R	1.00000	0	0.00000	0
154	Q	1.00000	0	0.00000	0
155	R	1.00000	0	0.00000	0
156	T	1.00000	0	0.00000	0
157	P	1.00000	0	0.00000	0
158	K	0.99995	0	0.00005	0
159	R	0.99708	0	0.00292	0
160	I	0.79221	0	0.20779	0
161	K	0.77423	0	0.22577	0
162	A	0.24566	0	0.75434	0
163	A	0.01483	0	0.98517	0
164	I	0.00003	0	0.99997	0
165	V	0.00000	0	1.00000	0
166	V	0.00000	0	1.00000	0
167	V	0.00000	0	1.00000	0
168	W	0.00000	0	1.00000	0
169	L	0.00000	0	1.00000	0
170	I	0.00000	0	1.00000	0
171	S	0.00000	0	1.00000	0
172	A	0.00000	0	1.00000	0
173	I	0.00000	0	1.00000	0
174	I	0.00000	0	1.00000	0
175	S	0.00000	0	1.00000	0
176	F	0.00000	0	1.00000	0
177	P	0.00000	0	1.00000	0
178	P	0.00000	1e-05	0.99999	0
179	L	0.00000	9e-05	0.99991	0
180	L	0.00000	0.00415	0.99585	0
181	S	0.00000	0.07102	0.92898	0
182	L	0.00000	0.11653	0.88347	0
183	N	0.00000	0.78851	0.21149	0
184	K	0.00000	0.99786	0.00214	0
185	S	0.00000	0.99963	0.00037	0
186	E	0.00000	1	0.00000	0
187	G	0.00000	1	0.00000	0
188	G	0.00000	1	0.00000	0
189	D	0.00000	1	0.00000	0
190	K	0.00000	1	0.00000	0
191	G	0.00000	1	0.00000	0
192	S	0.00000	1	0.00000	0
193	E	0.00000	1	0.00000	0
194	R	0.00000	1	0.00000	0
195	G	0.00000	1	0.00000	0
196	P	0.00000	1	0.00000	0
197	Q	0.00000	1	0.00000	0
198	C	0.00000	1	0.00000	0
199	Q	0.00000	1	0.00000	0
200	L	0.00000	1	0.00000	0
201	N	0.00000	1	0.00000	0
202	D	0.00000	1	0.00000	0
203	E	0.00000	0.99999	0.00001	0
204	R	0.00000	0.99496	0.00504	0
205	W	0.00000	0.23834	0.76166	0
206	Y	0.00000	0.11983	0.88017	0
207	I	0.00000	0.09852	0.90148	0
208	L	0.00000	0.00248	0.99752	0
209	Y	0.00000	3e-05	0.99997	0
210	S	0.00000	1e-05	0.99999	0
211	T	0.00000	1e-05	0.99999	0
212	I	0.00000	0	1.00000	0
213	G	0.00000	0	1.00000	0
214	S	0.00000	0	1.00000	0
215	F	0.00000	0	1.00000	0
216	F	0.00000	0	1.00000	0
217	A	0.00000	0	1.00000	0
218	P	0.00000	0	1.00000	0
219	C	0.00000	0	1.00000	0
220	L	0.00000	0	1.00000	0
221	I	0.00000	0	1.00000	0
222	M	0.00000	0	1.00000	0
223	I	0.00000	0	1.00000	0
224	L	0.00000	0	1.00000	0
225	V	0.00000	0	1.00000	0
226	Y	0.00022	0	0.99978	0
227	V	0.01056	0	0.98944	0
228	R	0.20247	0	0.79753	0
229	I	0.22074	0	0.77926	0
230	Y	0.34105	0	0.65895	0
231	Q	0.99010	0	0.00990	0
232	I	0.99237	0	0.00763	0
233	A	0.99994	0	0.00006	0
234	K	1.00000	0	0.00000	0
235	Q	1.00000	0	0.00000	0
236	R	1.00000	0	0.00000	0
237	T	1.00000	0	0.00000	0
238	R	1.00000	0	0.00000	0
239	C	1.00000	0	0.00000	0
240	P	1.00000	0	0.00000	0
241	P	1.00000	0	0.00000	0
242	G	1.00000	0	0.00000	0
243	E	1.00000	0	0.00000	0
244	P	1.00000	0	0.00000	0
245	R	1.00000	0	0.00000	0
246	K	1.00000	0	0.00000	0
247	D	1.00000	0	0.00000	0
248	G	1.00000	0	0.00000	0
249	V	1.00000	0	0.00000	0
250	G	1.00000	0	0.00000	0
251	C	1.00000	0	0.00000	0
252	A	1.00000	0	0.00000	0
253	T	1.00000	0	0.00000	0
254	P	1.00000	0	0.00000	0
255	S	1.00000	0	0.00000	0
256	Q	1.00000	0	0.00000	0
257	P	1.00000	0	0.00000	0
258	P	1.00000	0	0.00000	0
259	R	1.00000	0	0.00000	0
260	H	1.00000	0	0.00000	0
261	V	1.00000	0	0.00000	0
262	Q	1.00000	0	0.00000	0
263	A	1.00000	0	0.00000	0
264	N	1.00000	0	0.00000	0
265	G	1.00000	0	0.00000	0
266	K	1.00000	0	0.00000	0
267	D	1.00000	0	0.00000	0
268	E	1.00000	0	0.00000	0
269	E	1.00000	0	0.00000	0
270	E	1.00000	0	0.00000	0
271	S	1.00000	0	0.00000	0
272	T	1.00000	0	0.00000	0
273	P	1.00000	0	0.00000	0
274	P	1.00000	0	0.00000	0
275	S	1.00000	0	0.00000	0
276	S	1.00000	0	0.00000	0
277	N	1.00000	0	0.00000	0
278	K	1.00000	0	0.00000	0
279	T	1.00000	0	0.00000	0
280	S	1.00000	0	0.00000	0
281	N	1.00000	0	0.00000	0
282	A	1.00000	0	0.00000	0
283	R	1.00000	0	0.00000	0
284	P	1.00000	0	0.00000	0
285	P	1.00000	0	0.00000	0
286	T	1.00000	0	0.00000	0
287	L	1.00000	0	0.00000	0
288	A	1.00000	0	0.00000	0
289	I	1.00000	0	0.00000	0
290	T	1.00000	0	0.00000	0
291	P	1.00000	0	0.00000	0
292	S	1.00000	0	0.00000	0
293	P	1.00000	0	0.00000	0
294	A	1.00000	0	0.00000	0
295	P	1.00000	0	0.00000	0
296	A	1.00000	0	0.00000	0
297	E	1.00000	0	0.00000	0
298	S	1.00000	0	0.00000	0
299	Q	1.00000	0	0.00000	0
300	T	1.00000	0	0.00000	0
301	S	1.00000	0	0.00000	0
302	P	1.00000	0	0.00000	0
303	N	1.00000	0	0.00000	0
304	P	1.00000	0	0.00000	0
305	T	1.00000	0	0.00000	0
306	P	1.00000	0	0.00000	0
307	N	1.00000	0	0.00000	0
308	N	1.00000	0	0.00000	0
309	L	1.00000	0	0.00000	0
310	L	1.00000	0	0.00000	0
311	Q	1.00000	0	0.00000	0
312	P	1.00000	0	0.00000	0
313	P	1.00000	0	0.00000	0
314	S	1.00000	0	0.00000	0
315	P	1.00000	0	0.00000	0
316	S	1.00000	0	0.00000	0
317	P	1.00000	0	0.00000	0
318	A	1.00000	0	0.00000	0
319	V	1.00000	0	0.00000	0
320	P	1.00000	0	0.00000	0
321	T	1.00000	0	0.00000	0
322	A	1.00000	0	0.00000	0
323	T	1.00000	0	0.00000	0
324	E	1.00000	0	0.00000	0
325	V	1.00000	0	0.00000	0
326	D	1.00000	0	0.00000	0
327	T	1.00000	0	0.00000	0
328	S	1.00000	0	0.00000	0
329	S	1.00000	0	0.00000	0
330	Q	1.00000	0	0.00000	0
331	V	1.00000	0	0.00000	0
332	P	1.00000	0	0.00000	0
333	S	1.00000	0	0.00000	0
334	T	1.00000	0	0.00000	0
335	P	1.00000	0	0.00000	0
336	S	1.00000	0	0.00000	0
337	T	1.00000	0	0.00000	0
338	V	1.00000	0	0.00000	0
339	P	1.00000	0	0.00000	0
340	Q	1.00000	0	0.00000	0
341	S	1.00000	0	0.00000	0
342	A	1.00000	0	0.00000	0
343	T	1.00000	0	0.00000	0
344	K	1.00000	0	0.00000	0
345	T	1.00000	0	0.00000	0
346	K	1.00000	0	0.00000	0
347	A	1.00000	0	0.00000	0
348	E	1.00000	0	0.00000	0
349	G	1.00000	0	0.00000	0
350	K	1.00000	0	0.00000	0
351	K	1.00000	0	0.00000	0
352	G	1.00000	0	0.00000	0
353	K	1.00000	0	0.00000	0
354	R	1.00000	0	0.00000	0
355	L	1.00000	0	0.00000	0
356	Q	1.00000	0	0.00000	0
357	K	1.00000	0	0.00000	0
358	K	1.00000	0	0.00000	0
359	K	1.00000	0	0.00000	0
360	A	1.00000	0	0.00000	0
361	D	1.00000	0	0.00000	0
362	N	1.00000	0	0.00000	0
363	N	1.00000	0	0.00000	0
364	N	1.00000	0	0.00000	0
365	A	1.00000	0	0.00000	0
366	D	1.00000	0	0.00000	0
367	S	1.00000	0	0.00000	0
368	S	1.00000	0	0.00000	0
369	S	1.00000	0	0.00000	0
370	T	1.00000	0	0.00000	0
371	E	1.00000	0	0.00000	0
372	S	1.00000	0	0.00000	0
373	D	1.00000	0	0.00000	0
374	M	1.00000	0	0.00000	0
375	E	1.00000	0	0.00000	0
376	H	1.00000	0	0.00000	0
377	S	1.00000	0	0.00000	0
378	H	1.00000	0	0.00000	0
379	G	1.00000	0	0.00000	0
380	G	1.00000	0	0.00000	0
381	G	1.00000	0	0.00000	0
382	R	1.00000	0	0.00000	0
383	G	1.00000	0	0.00000	0
384	S	1.00000	0	0.00000	0
385	T	1.00000	0	0.00000	0
386	S	1.00000	0	0.00000	0
387	M	1.00000	0	0.00000	0
388	P	1.00000	0	0.00000	0
389	G	1.00000	0	0.00000	0
390	S	1.00000	0	0.00000	0
391	P	1.00000	0	0.00000	0
392	A	1.00000	0	0.00000	0
393	G	1.00000	0	0.00000	0
394	G	1.00000	0	0.00000	0
395	G	1.00000	0	0.00000	0
396	I	1.00000	0	0.00000	0
397	H	1.00000	0	0.00000	0
398	S	1.00000	0	0.00000	0
399	P	1.00000	0	0.00000	0
400	A	1.00000	0	0.00000	0
401	S	1.00000	0	0.00000	0
402	V	1.00000	0	0.00000	0
403	K	1.00000	0	0.00000	0
404	R	1.00000	0	0.00000	0
405	Y	1.00000	0	0.00000	0
406	R	1.00000	0	0.00000	0
407	D	1.00000	0	0.00000	0
408	M	1.00000	0	0.00000	0
409	I	1.00000	0	0.00000	0
410	A	1.00000	0	0.00000	0
411	T	1.00000	0	0.00000	0
412	S	1.00000	0	0.00000	0
413	K	1.00000	0	0.00000	0
414	G	1.00000	0	0.00000	0
415	A	1.00000	0	0.00000	0
416	R	1.00000	0	0.00000	0
417	L	1.00000	0	0.00000	0
418	V	1.00000	0	0.00000	0
419	P	1.00000	0	0.00000	0
420	G	1.00000	0	0.00000	0
421	R	1.00000	0	0.00000	0
422	K	1.00000	0	0.00000	0
423	S	1.00000	0	0.00000	0
424	K	1.00000	0	0.00000	0
425	T	1.00000	0	0.00000	0
426	D	1.00000	0	0.00000	0
427	N	1.00000	0	0.00000	0
428	N	1.00000	0	0.00000	0
429	P	1.00000	0	0.00000	0
430	G	1.00000	0	0.00000	0
431	A	1.00000	0	0.00000	0
432	A	1.00000	0	0.00000	0
433	R	1.00000	0	0.00000	0
434	R	1.00000	0	0.00000	0
435	K	1.00000	0	0.00000	0
436	A	1.00000	0	0.00000	0
437	M	1.00000	0	0.00000	0
438	V	1.00000	0	0.00000	0
439	N	1.00000	0	0.00000	0
440	R	1.00000	0	0.00000	0
441	E	1.00000	0	0.00000	0
442	K	0.94985	0	0.05015	0
443	R	0.94791	0	0.05209	0
444	F	0.60935	0	0.39065	0
445	T	0.34534	0	0.65466	0
446	F	0.05177	0	0.94823	0
447	V	0.04868	0	0.95132	0
448	L	0.00064	0	0.99936	0
449	A	0.00002	0	0.99998	0
450	V	0.00001	0	0.99999	0
451	V	0.00000	0	1.00000	0
452	I	0.00000	0	1.00000	0
453	G	0.00000	0	1.00000	0
454	V	0.00000	0	1.00000	0
455	F	0.00000	0	1.00000	0
456	V	0.00000	0	1.00000	0
457	V	0.00000	0	1.00000	0
458	C	0.00000	0	1.00000	0
459	W	0.00000	0	1.00000	0
460	F	0.00000	0	1.00000	0
461	P	0.00000	0	1.00000	0
462	F	0.00000	0	1.00000	0
463	F	0.00000	2e-05	0.99998	0
464	F	0.00000	0.00226	0.99774	0
465	S	0.00000	0.03373	0.96627	0
466	Y	0.00000	0.0655	0.93450	0
467	S	0.00000	0.20469	0.79531	0
468	L	0.00000	0.29071	0.70929	0
469	Q	0.00000	0.68812	0.31188	0
470	A	0.00000	0.74454	0.25546	0
471	V	0.00000	0.90484	0.09516	0
472	C	0.00000	0.99001	0.00999	0
473	P	0.00000	0.99853	0.00147	0
474	E	0.00000	0.99998	0.00002	0
475	T	0.00000	0.99999	0.00001	0
476	C	0.00000	0.99999	0.00001	0
477	T	0.00000	0.99998	0.00002	0
478	I	0.00000	0.99995	0.00005	0
479	P	0.00000	0.99993	0.00007	0
480	G	0.00000	0.99934	0.00066	0
481	P	0.00000	0.98661	0.01339	0
482	L	0.00000	0.85528	0.14472	0
483	F	0.00000	0.82853	0.17147	0
484	T	0.00000	0.26769	0.73231	0
485	F	0.00000	0.00143	0.99857	0
486	F	0.00000	4e-05	0.99996	0
487	F	0.00000	0	1.00000	0
488	W	0.00000	0	1.00000	0
489	I	0.00000	0	1.00000	0
490	G	0.00000	0	1.00000	0
491	Y	0.00000	0	1.00000	0
492	C	0.00000	0	1.00000	0
493	N	0.00000	0	1.00000	0
494	S	0.00000	0	1.00000	0
495	S	0.00000	0	1.00000	0
496	L	0.00000	0	1.00000	0
497	N	0.00000	0	1.00000	0
498	P	0.00000	0	1.00000	0
499	V	0.00000	0	1.00000	0
500	I	0.00000	0	1.00000	0
501	Y	0.00002	0	0.99998	0
502	T	0.00018	0	0.99982	0
503	I	0.00550	0	0.99450	0
504	F	0.29467	0	0.70533	0
505	N	0.88952	0	0.11048	0
506	K	1.00000	0	0.00000	0
507	D	1.00000	0	0.00000	0
508	F	1.00000	0	0.00000	0
509	R	1.00000	0	0.00000	0
510	K	1.00000	0	0.00000	0
511	A	1.00000	0	0.00000	0
512	F	1.00000	0	0.00000	0
513	K	1.00000	0	0.00000	0
514	K	1.00000	0	0.00000	0
515	I	1.00000	0	0.00000	0
516	L	1.00000	0	0.00000	0
517	C	1.00000	0	0.00000	0
518	R	1.00000	0	0.00000	0
519	S	1.00000	0	0.00000	0
520	T	1.00000	0	0.00000	0
521	K	1.00000	0	0.00000	0
522	G	1.00000	0	0.00000	0
523	T	1.00000	0	0.00000	0
524	F	1.00000	0	0.00000	0
525	F	1.00000	0	0.00000	0
