# UNNAMED
#pos	aa	i	o	M	S
1	M	0.00000	1	0.00000	0
2	D	0.00000	1	0.00000	0
3	P	0.00000	1	0.00000	0
4	I	0.00000	1	0.00000	0
5	N	0.00000	1	0.00000	0
6	C	0.00000	1	0.00000	0
7	T	0.00000	1	0.00000	0
8	S	0.00000	1	0.00000	0
9	V	0.00000	1	0.00000	0
10	D	0.00000	1	0.00000	0
11	L	0.00000	1	0.00000	0
12	S	0.00000	1	0.00000	0
13	D	0.00000	1	0.00000	0
14	V	0.00000	1	0.00000	0
15	L	0.00000	1	0.00000	0
16	A	0.00000	1	0.00000	0
17	S	0.00000	1	0.00000	0
18	K	0.00000	1	0.00000	0
19	M	0.00000	0.99999	0.00001	0
20	S	0.00000	0.99986	0.00014	0
21	P	0.00000	0.99922	0.00078	0
22	S	0.00000	0.99647	0.00353	0
23	K	0.00000	0.98926	0.01074	0
24	I	0.00000	0.60773	0.39227	0
25	L	0.00000	0.45125	0.54875	0
26	L	0.00000	0.35836	0.64164	0
27	S	0.00000	0.32864	0.67136	0
28	L	0.00000	0.1329	0.86710	0
29	T	0.00000	0.05983	0.94017	0
30	L	0.00000	0.02412	0.97588	0
31	S	0.00000	0.01177	0.98823	0
32	F	0.00000	0.00088	0.99912	0
33	L	0.00000	6e-05	0.99994	0
34	A	0.00000	0	1.00000	0
35	V	0.00000	0	1.00000	0
36	A	0.00000	0	1.00000	0
37	T	0.00000	0	1.00000	0
38	T	0.00000	0	1.00000	0
39	A	0.00000	0	1.00000	0
40	I	0.00000	0	1.00000	0
41	N	0.00000	0	1.00000	0
42	S	0.00000	0	1.00000	0
43	L	0.00000	0	1.00000	0
44	V	0.00000	0	1.00000	0
45	I	0.00004	0	0.99996	0
46	T	0.00071	0	0.99929	0
47	A	0.00212	0	0.99788	0
48	I	0.01142	0	0.98858	0
49	L	0.09656	0	0.90344	0
50	I	0.27866	0	0.72134	0
51	T	0.88120	0	0.11880	0
52	R	0.99769	0	0.00231	0
53	K	0.99998	0	0.00002	0
54	L	0.99999	0	0.00001	0
55	H	1.00000	0	0.00000	0
56	Q	1.00000	0	0.00000	0
57	P	1.00000	0	0.00000	0
58	A	0.88358	0	0.11642	0
59	N	0.27469	0	0.72531	0
60	Y	0.11203	0	0.88797	0
61	L	0.00196	0	0.99804	0
62	I	0.00004	0	0.99996	0
63	C	0.00000	0	1.00000	0
64	S	0.00000	0	1.00000	0
65	L	0.00000	0	1.00000	0
66	A	0.00000	0	1.00000	0
67	V	0.00000	0	1.00000	0
68	T	0.00000	0	1.00000	0
69	D	0.00000	0	1.00000	0
70	L	0.00000	0	1.00000	0
71	L	0.00000	0	1.00000	0
72	V	0.00000	0	1.00000	0
73	A	0.00000	0	1.00000	0
74	V	0.00000	0	1.00000	0
75	L	0.00000	0	1.00000	0
76	V	0.00000	0	1.00000	0
77	M	0.00000	0.00023	0.99977	0
78	P	0.00000	0.00545	0.99455	0
79	V	0.00000	0.06003	0.93997	0
80	S	0.00000	0.27409	0.72591	0
81	I	0.00000	0.36166	0.63834	0
82	V	0.00000	0.61395	0.38605	0
83	Y	0.00000	0.99925	0.00075	0
84	I	0.00000	0.99935	0.00065	0
85	A	0.00000	0.99951	0.00049	0
86	E	0.00000	0.99999	0.00001	0
87	E	0.00000	1	0.00000	0
88	T	0.00000	1	0.00000	0
89	W	0.00000	1	0.00000	0
90	V	0.00000	1	0.00000	0
91	L	0.00000	1	0.00000	0
92	G	0.00000	1	0.00000	0
93	P	0.00000	1	0.00000	0
94	I	0.00000	0.99986	0.00014	0
95	V	0.00000	0.99982	0.00018	0
96	C	0.00000	0.9998	0.00020	0
97	H	0.00000	0.99933	0.00067	0
98	L	0.00000	0.99787	0.00213	0
99	W	0.00000	0.84862	0.15138	0
100	L	0.00000	0.07888	0.92112	0
101	G	0.00000	0.0055	0.99450	0
102	V	0.00000	0.0001	0.99990	0
103	D	0.00000	4e-05	0.99996	0
104	V	0.00000	0	1.00000	0
105	T	0.00000	0	1.00000	0
106	C	0.00000	0	1.00000	0
107	C	0.00000	0	1.00000	0
108	T	0.00000	0	1.00000	0
109	C	0.00000	0	1.00000	0
110	S	0.00000	0	1.00000	0
111	I	0.00000	0	1.00000	0
112	L	0.00000	0	1.00000	0
113	H	0.00000	0	1.00000	0
114	L	0.00000	0	1.00000	0
115	A	0.00000	0	1.00000	0
116	A	0.00000	0	1.00000	0
117	I	0.00000	0	1.00000	0
118	A	0.00000	0	1.00000	0
119	L	0.00000	0	1.00000	0
120	D	0.00008	0	0.99992	0
121	R	0.07713	0	0.92287	0
122	Y	0.59887	0	0.40113	0
123	R	0.64051	0	0.35949	0
124	A	0.86539	0	0.13461	0
125	I	0.99989	0	0.00011	0
126	T	1.00000	0	0.00000	0
127	D	1.00000	0	0.00000	0
128	A	1.00000	0	0.00000	0
129	V	1.00000	0	0.00000	0
130	A	1.00000	0	0.00000	0
131	Y	1.00000	0	0.00000	0
132	S	1.00000	0	0.00000	0
133	Q	1.00000	0	0.00000	0
134	K	1.00000	0	0.00000	0
135	R	1.00000	0	0.00000	0
136	T	0.99977	0	0.00023	0
137	Y	0.99855	0	0.00145	0
138	K	0.99703	0	0.00297	0
139	R	0.95442	0	0.04558	0
140	V	0.03640	0	0.96360	0
141	I	0.00028	0	0.99972	0
142	V	0.00001	0	0.99999	0
143	T	0.00000	0	1.00000	0
144	I	0.00000	0	1.00000	0
145	L	0.00000	0	1.00000	0
146	S	0.00000	0	1.00000	0
147	L	0.00000	0	1.00000	0
148	W	0.00000	0	1.00000	0
149	T	0.00000	0	1.00000	0
150	L	0.00000	0	1.00000	0
151	S	0.00000	0	1.00000	0
152	I	0.00000	0	1.00000	0
153	L	0.00000	0	1.00000	0
154	V	0.00000	0	1.00000	0
155	S	0.00000	0	1.00000	0
156	L	0.00000	1e-05	0.99999	0
157	P	0.00000	0.00048	0.99952	0
158	P	0.00000	0.00106	0.99894	0
159	L	0.00000	0.00239	0.99761	0
160	V	0.00000	0.05305	0.94695	0
161	W	0.00000	0.49624	0.50376	0
162	R	0.00000	0.97303	0.02697	0
163	K	0.00000	0.99959	0.00041	0
164	F	0.00000	0.9998	0.00020	0
165	P	0.00000	0.99999	0.00001	0
166	K	0.00000	1	0.00000	0
167	V	0.00000	1	0.00000	0
168	E	0.00000	1	0.00000	0
169	F	0.00000	1	0.00000	0
170	K	0.00000	1	0.00000	0
171	D	0.00000	1	0.00000	0
172	G	0.00000	1	0.00000	0
173	K	0.00000	1	0.00000	0
174	R	0.00000	1	0.00000	0
175	E	0.00000	1	0.00000	0
176	P	0.00000	1	0.00000	0
177	M	0.00000	1	0.00000	0
178	D	0.00000	1	0.00000	0
179	C	0.00000	1	0.00000	0
180	L	0.00000	1	0.00000	0
181	I	0.00000	1	0.00000	0
182	E	0.00000	1	0.00000	0
183	H	0.00000	1	0.00000	0
184	D	0.00000	0.99996	0.00004	0
185	H	0.00000	0.97625	0.02375	0
186	V	0.00000	0.74039	0.25961	0
187	A	0.00000	0.09941	0.90059	0
188	F	0.00000	0.05731	0.94269	0
189	T	0.00000	0.05509	0.94491	0
190	V	0.00000	0.00042	0.99958	0
191	Y	0.00000	5e-05	0.99995	0
192	S	0.00000	3e-05	0.99997	0
193	T	0.00000	0	1.00000	0
194	F	0.00000	0	1.00000	0
195	G	0.00000	0	1.00000	0
196	A	0.00000	0	1.00000	0
197	F	0.00000	0	1.00000	0
198	Y	0.00000	0	1.00000	0
199	I	0.00000	0	1.00000	0
200	P	0.00000	0	1.00000	0
201	L	0.00000	0	1.00000	0
202	A	0.00000	0	1.00000	0
203	L	0.00000	0	1.00000	0
204	I	0.00000	0	1.00000	0
205	L	0.00000	0	1.00000	0
206	V	0.00000	0	1.00000	0
207	L	0.00003	0	0.99997	0
208	Y	0.00092	0	0.99908	0
209	Y	0.02460	0	0.97540	0
210	K	0.34351	0	0.65649	0
211	I	0.36482	0	0.63518	0
212	Y	0.46850	0	0.53150	0
213	K	0.99644	0	0.00356	0
214	A	0.99959	0	0.00041	0
215	A	0.99998	0	0.00002	0
216	E	1.00000	0	0.00000	0
217	M	1.00000	0	0.00000	0
218	L	1.00000	0	0.00000	0
219	R	1.00000	0	0.00000	0
220	N	1.00000	0	0.00000	0
221	R	1.00000	0	0.00000	0
222	R	1.00000	0	0.00000	0
223	G	1.00000	0	0.00000	0
224	S	1.00000	0	0.00000	0
225	S	1.00000	0	0.00000	0
226	R	1.00000	0	0.00000	0
227	L	1.00000	0	0.00000	0
228	V	1.00000	0	0.00000	0
229	K	1.00000	0	0.00000	0
230	Q	1.00000	0	0.00000	0
231	T	1.00000	0	0.00000	0
232	V	1.00000	0	0.00000	0
233	S	1.00000	0	0.00000	0
234	S	1.00000	0	0.00000	0
235	V	1.00000	0	0.00000	0
236	M	1.00000	0	0.00000	0
237	L	1.00000	0	0.00000	0
238	P	1.00000	0	0.00000	0
239	G	1.00000	0	0.00000	0
240	M	1.00000	0	0.00000	0
241	S	1.00000	0	0.00000	0
242	S	1.00000	0	0.00000	0
243	D	1.00000	0	0.00000	0
244	K	1.00000	0	0.00000	0
245	D	1.00000	0	0.00000	0
246	I	1.00000	0	0.00000	0
247	A	1.00000	0	0.00000	0
248	L	1.00000	0	0.00000	0
249	S	1.00000	0	0.00000	0
250	P	1.00000	0	0.00000	0
251	D	1.00000	0	0.00000	0
252	S	1.00000	0	0.00000	0
253	F	1.00000	0	0.00000	0
254	C	1.00000	0	0.00000	0
255	P	1.00000	0	0.00000	0
256	I	1.00000	0	0.00000	0
257	E	1.00000	0	0.00000	0
258	K	1.00000	0	0.00000	0
259	S	1.00000	0	0.00000	0
260	F	1.00000	0	0.00000	0
261	S	1.00000	0	0.00000	0
262	D	1.00000	0	0.00000	0
263	P	1.00000	0	0.00000	0
264	S	1.00000	0	0.00000	0
265	T	1.00000	0	0.00000	0
266	D	1.00000	0	0.00000	0
267	G	1.00000	0	0.00000	0
268	E	1.00000	0	0.00000	0
269	R	1.00000	0	0.00000	0
270	V	1.00000	0	0.00000	0
271	R	1.00000	0	0.00000	0
272	I	1.00000	0	0.00000	0
273	T	1.00000	0	0.00000	0
274	S	1.00000	0	0.00000	0
275	S	1.00000	0	0.00000	0
276	S	1.00000	0	0.00000	0
277	G	1.00000	0	0.00000	0
278	N	1.00000	0	0.00000	0
279	L	1.00000	0	0.00000	0
280	I	1.00000	0	0.00000	0
281	R	1.00000	0	0.00000	0
282	V	1.00000	0	0.00000	0
283	R	1.00000	0	0.00000	0
284	R	1.00000	0	0.00000	0
285	N	1.00000	0	0.00000	0
286	P	1.00000	0	0.00000	0
287	G	1.00000	0	0.00000	0
288	A	1.00000	0	0.00000	0
289	R	1.00000	0	0.00000	0
290	E	1.00000	0	0.00000	0
291	R	0.93981	0	0.06019	0
292	R	0.93729	0	0.06271	0
293	A	0.00475	0	0.99525	0
294	A	0.00442	0	0.99558	0
295	L	0.00411	0	0.99589	0
296	T	0.00409	0	0.99591	0
297	L	0.00003	0	0.99997	0
298	G	0.00001	0	0.99999	0
299	L	0.00000	0	1.00000	0
300	I	0.00000	0	1.00000	0
301	L	0.00000	0	1.00000	0
302	G	0.00000	0	1.00000	0
303	A	0.00000	0	1.00000	0
304	F	0.00000	0	1.00000	0
305	V	0.00000	0	1.00000	0
306	V	0.00000	0	1.00000	0
307	C	0.00000	0	1.00000	0
308	W	0.00000	0	1.00000	0
309	L	0.00000	0	1.00000	0
310	P	0.00000	0	1.00000	0
311	F	0.00000	0	1.00000	0
312	F	0.00000	0.00013	0.99987	0
313	L	0.00000	0.04433	0.95567	0
314	K	0.00000	0.89843	0.10157	0
315	E	0.00000	0.92312	0.07688	0
316	V	0.00000	0.92563	0.07437	0
317	I	0.00000	0.9327	0.06730	0
318	V	0.00000	0.95338	0.04662	0
319	N	0.00000	0.99281	0.00719	0
320	I	0.00000	0.99547	0.00453	0
321	C	0.00000	0.99949	0.00051	0
322	P	0.00000	0.99981	0.00019	0
323	T	0.00000	0.99987	0.00013	0
324	C	0.00000	0.99989	0.00011	0
325	T	0.00000	0.99987	0.00013	0
326	T	0.00000	0.99976	0.00024	0
327	S	0.00000	0.99947	0.00053	0
328	A	0.00000	0.99729	0.00271	0
329	V	0.00000	0.99435	0.00565	0
330	L	0.00000	0.99205	0.00795	0
331	A	0.00000	0.99131	0.00869	0
332	D	0.00000	0.94405	0.05595	0
333	F	0.00000	0.00913	0.99087	0
334	L	0.00000	0.00028	0.99972	0
335	T	0.00000	1e-05	0.99999	0
336	W	0.00000	0	1.00000	0
337	L	0.00000	0	1.00000	0
338	G	0.00006	0	0.99994	0
339	Y	0.00009	0	0.99991	0
340	L	0.00010	0	0.99990	0
341	N	0.00011	0	0.99989	0
342	S	0.00011	0	0.99989	0
343	L	0.00011	0	0.99989	0
344	I	0.00011	0	0.99989	0
345	N	0.00011	0	0.99989	0
346	P	0.00011	0	0.99989	0
347	L	0.00011	0	0.99989	0
348	I	0.00012	0	0.99988	0
349	Y	0.00018	0	0.99982	0
350	T	0.00035	0	0.99965	0
351	I	0.00046	0	0.99954	0
352	F	0.00580	0	0.99420	0
353	N	0.30576	0	0.69424	0
354	E	1.00000	0	0.00000	0
355	D	1.00000	0	0.00000	0
356	F	1.00000	0	0.00000	0
357	K	1.00000	0	0.00000	0
358	K	1.00000	0	0.00000	0
359	A	1.00000	0	0.00000	0
360	F	1.00000	0	0.00000	0
361	K	1.00000	0	0.00000	0
362	K	1.00000	0	0.00000	0
363	L	1.00000	0	0.00000	0
364	L	1.00000	0	0.00000	0
365	P	1.00000	0	0.00000	0
366	L	1.00000	0	0.00000	0
367	C	1.00000	0	0.00000	0
368	C	1.00000	0	0.00000	0
369	S	1.00000	0	0.00000	0
370	T	1.00000	0	0.00000	0
371	V	1.00000	0	0.00000	0
372	L	1.00000	0	0.00000	0
