# UNNAMED
#pos	aa	i	o	M	S
1	M	0.00000	1	0.00000	0
2	H	0.00000	1	0.00000	0
3	L	0.00000	1	0.00000	0
4	T	0.00000	0.99993	0.00007	0
5	P	0.00000	0.99992	0.00008	0
6	R	0.00000	0.99991	0.00009	0
7	N	0.00000	0.99972	0.00028	0
8	C	0.00000	0.99173	0.00827	0
9	E	0.00000	0.98551	0.01449	0
10	G	0.00000	0.79975	0.20025	0
11	A	0.00000	0.43639	0.56361	0
12	F	0.00000	0.40871	0.59129	0
13	C	0.00000	0.40588	0.59412	0
14	I	0.00000	0.399	0.60100	0
15	P	0.00000	0.39624	0.60376	0
16	V	0.00000	0.01026	0.98974	0
17	Y	0.00000	0.00149	0.99851	0
18	I	0.00000	0.00034	0.99966	0
19	P	0.00000	0.00021	0.99979	0
20	Y	0.00000	0.00016	0.99984	0
21	N	0.00000	0.00016	0.99984	0
22	L	0.00001	0	0.99998	0
23	T	0.00003	0	0.99997	0
24	G	0.00004	0	0.99996	0
25	R	0.00011	0	0.99989	0
26	W	0.00011	0	0.99989	0
27	M	0.00021	0	0.99979	0
28	L	0.00096	0	0.99904	0
29	G	0.05289	0	0.94711	0
30	K	0.59038	0	0.40962	0
31	G	0.59329	0	0.40671	0
32	L	0.59340	0	0.40660	0
33	C	0.59434	0	0.40566	0
34	K	0.60364	0	0.39636	0
35	V	0.58276	0	0.41724	0
36	W	0.57139	0	0.42861	0
37	L	0.47657	0	0.52343	0
38	V	0.51228	0	0.48772	0
39	M	0.62296	0	0.37704	0
40	D	0.55220	0	0.44780	0
41	Y	0.40162	0	0.59838	0
42	L	0.39353	0	0.60647	0
43	L	0.39317	0	0.60683	0
44	C	0.39310	0	0.60690	0
45	S	0.39297	0	0.60703	0
46	A	0.38495	0	0.61505	0
47	S	0.29639	0	0.70361	0
48	V	0.10273	0	0.89727	0
49	F	0.01139	0	0.98861	0
50	N	0.00057	0	0.99943	0
51	I	0.00004	0	0.99996	0
52	V	0.00000	0	1.00000	0
53	L	0.00000	4e-05	0.99996	0
54	I	0.00000	0.00117	0.99883	0
55	S	0.00000	0.01945	0.98055	0
56	Y	0.00000	0.06345	0.93655	0
57	D	0.00000	0.09668	0.90332	0
58	R	0.00000	0.10017	0.89983	0
59	F	0.00000	0.10191	0.89809	0
60	L	0.00000	0.10771	0.89229	0
61	S	0.00000	0.20228	0.79772	0
62	V	0.00000	0.2181	0.78190	0
63	T	0.00000	0.45699	0.54301	0
64	R	0.00000	0.53885	0.46115	0
65	A	0.00000	0.54614	0.45386	0
66	V	0.00000	0.55612	0.44387	0
67	K	0.00000	0.76221	0.23779	0
68	Y	0.00000	0.8636	0.13640	0
69	R	0.00000	0.94564	0.05436	0
70	A	0.00000	0.96321	0.03679	0
71	Q	0.00000	0.995	0.00500	0
72	R	0.00000	0.99999	0.00001	0
73	N	0.00000	1	0.00000	0
74	M	0.00000	0.99983	0.00017	0
75	T	0.00000	0.9994	0.00060	0
76	H	0.00000	0.9931	0.00690	0
77	Q	0.00000	0.98355	0.01645	0
78	A	0.00000	0.9405	0.05950	0
79	V	0.00000	0.76535	0.23465	0
80	F	0.00000	0.72048	0.27952	0
81	K	0.00000	0.69068	0.30932	0
82	M	0.00000	0.26468	0.73532	0
83	V	0.00000	0.03537	0.96463	0
84	A	0.00000	0.00644	0.99356	0
85	V	0.00000	0.00141	0.99859	0
86	W	0.00000	0.00049	0.99951	0
87	V	0.00000	3e-05	0.99997	0
88	L	0.00000	0	1.00000	0
89	A	0.00000	0	1.00000	0
90	F	0.00000	0	1.00000	0
91	L	0.00000	0	1.00000	0
92	L	0.00000	0	1.00000	0
93	Y	0.00000	0	1.00000	0
94	G	0.00000	0	1.00000	0
95	P	0.00000	0	1.00000	0
96	A	0.00000	0	1.00000	0
97	I	0.00000	0	1.00000	0
98	I	0.00000	0	1.00000	0
99	F	0.00000	0	1.00000	0
100	W	0.00000	0	1.00000	0
101	E	0.00141	0	0.99859	0
102	T	0.11130	0	0.88870	0
103	I	0.19875	0	0.80125	0
104	V	0.48678	0	0.51322	0
105	G	0.91138	0	0.08862	0
106	Y	0.96614	0	0.03386	0
107	S	0.98968	0	0.01032	0
108	I	0.99984	0	0.00016	0
109	V	0.99996	0	0.00004	0
110	P	1.00000	0	0.00000	0
111	A	1.00000	0	0.00000	0
112	H	1.00000	0	0.00000	0
113	E	1.00000	0	0.00000	0
114	C	1.00000	0	0.00000	0
115	Y	1.00000	0	0.00000	0
116	A	0.99999	0	0.00001	0
117	E	0.99999	0	0.00001	0
118	F	0.99981	0	0.00019	0
119	Y	0.99775	0	0.00225	0
120	F	0.87334	0	0.12666	0
121	T	0.81286	0	0.18714	0
122	W	0.52796	0	0.47204	0
123	Y	0.27295	0	0.72705	0
124	F	0.01370	0	0.98630	0
125	L	0.00331	0	0.99669	0
126	L	0.00073	0	0.99927	0
127	S	0.00049	0	0.99951	0
128	A	0.00017	0	0.99983	0
129	S	0.00012	0	0.99988	0
130	T	0.00004	0	0.99996	0
131	F	0.00000	0	1.00000	0
132	E	0.00000	0	1.00000	0
133	F	0.00000	0	1.00000	0
134	F	0.00000	0	1.00000	0
135	T	0.00000	0	1.00000	0
136	P	0.00000	0	1.00000	0
137	F	0.00000	0	1.00000	0
138	V	0.00000	1e-05	0.99999	0
139	S	0.00000	0.00014	0.99986	0
140	V	0.00000	0.00054	0.99946	0
141	A	0.00000	0.00354	0.99646	0
142	F	0.00000	0.02454	0.97546	0
143	F	0.00000	0.11481	0.88519	0
144	N	0.00000	0.59711	0.40289	0
145	L	0.00000	0.67073	0.32927	0
146	S	0.00000	0.91882	0.08118	0
147	I	0.00000	0.95345	0.04655	0
148	Y	0.00000	0.98664	0.01336	0
149	L	0.00000	0.99431	0.00569	0
150	N	0.00000	0.99971	0.00029	0
151	I	0.00000	0.99983	0.00017	0
152	H	0.00000	0.99998	0.00002	0
153	R	0.00000	1	0.00000	0
154	R	0.00000	1	0.00000	0
155	N	0.00000	1	0.00000	0
156	K	0.00000	1	0.00000	0
157	S	0.00000	1	0.00000	0
158	G	0.00000	1	0.00000	0
159	A	0.00000	1	0.00000	0
160	A	0.00000	1	0.00000	0
161	C	0.00000	1	0.00000	0
162	A	0.00000	1	0.00000	0
163	E	0.00000	1	0.00000	0
164	D	0.00000	1	0.00000	0
165	N	0.00000	1	0.00000	0
166	A	0.00000	1	0.00000	0
167	K	0.00000	1	0.00000	0
168	P	0.00000	1	0.00000	0
169	Q	0.00000	1	0.00000	0
170	K	0.00000	1	0.00000	0
171	N	0.00000	1	0.00000	0
172	N	0.00000	1	0.00000	0
173	E	0.00000	1	0.00000	0
174	K	0.00000	1	0.00000	0
175	H	0.00000	1	0.00000	0
176	K	0.00000	1	0.00000	0
177	D	0.00000	0.99994	0.00006	0
178	G	0.00000	0.99422	0.00578	0
179	A	0.00000	0.9876	0.01240	0
180	G	0.00000	0.98505	0.01495	0
181	W	0.00000	0.97033	0.02967	0
182	S	0.00000	0.04701	0.95299	0
183	V	0.00000	0.04578	0.95422	0
184	F	0.00000	0.03695	0.96305	0
185	F	0.00000	0.03538	0.96462	0
186	V	0.00000	0.03538	0.96462	0
187	K	0.00000	0.03538	0.96462	0
188	T	0.00000	0.03537	0.96463	0
189	R	0.00000	0.03537	0.96463	0
190	K	0.00000	0.03524	0.96476	0
191	V	0.00000	0.03448	0.96552	0
192	M	0.00000	0.03446	0.96554	0
193	S	0.00000	0.03446	0.96554	0
194	S	0.00000	0.03446	0.96554	0
195	E	0.00000	0.03444	0.96556	0
196	P	0.00000	0.03437	0.96563	0
197	V	0.00000	0.03395	0.96604	0
198	A	0.00000	0.03391	0.96609	0
199	I	0.00000	0.02183	0.97817	0
200	S	0.00002	0.00851	0.99147	0
201	A	0.00004	0.00256	0.99741	0
202	V	0.00067	0.00223	0.99711	0
203	I	0.02290	0.00223	0.97487	0
204	E	0.88098	0.00223	0.11679	0
205	D	0.95503	0.00223	0.04275	0
206	D	0.96391	0.00223	0.03386	0
207	D	0.96425	0.0022	0.03355	0
208	I	0.96426	9e-05	0.03565	0
209	L	0.96433	0	0.03567	0
210	S	0.96461	0	0.03539	0
211	P	0.96471	0	0.03529	0
212	S	0.96476	0	0.03524	0
213	S	0.96481	0	0.03519	0
214	S	0.96484	0	0.03516	0
215	G	0.96485	0	0.03515	0
216	V	0.96486	0	0.03514	0
217	P	0.96548	0	0.03452	0
218	N	0.96554	0	0.03446	0
219	A	0.96556	0	0.03444	0
220	S	0.96570	0	0.03430	0
221	Q	0.96590	0	0.03410	0
222	I	0.96592	0	0.03408	0
223	L	0.96767	0	0.03233	0
224	M	0.98188	0	0.01812	0
225	Q	0.99705	0	0.00295	0
226	R	0.99772	0	0.00228	0
227	E	0.99778	0	0.00222	0
228	K	0.99779	0	0.00221	0
229	F	0.99780	0	0.00220	0
230	S	0.99865	0	0.00135	0
231	P	1.00000	0	0.00000	0
232	H	1.00000	0	0.00000	0
233	R	1.00000	0	0.00000	0
234	K	1.00000	0	0.00000	0
235	N	1.00000	0	0.00000	0
236	S	1.00000	0	0.00000	0
237	R	1.00000	0	0.00000	0
238	L	1.00000	0	0.00000	0
239	F	1.00000	0	0.00000	0
240	Q	1.00000	0	0.00000	0
241	H	1.00000	0	0.00000	0
242	T	1.00000	0	0.00000	0
243	A	1.00000	0	0.00000	0
244	S	1.00000	0	0.00000	0
245	C	1.00000	0	0.00000	0
246	M	1.00000	0	0.00000	0
247	V	1.00000	0	0.00000	0
248	P	1.00000	0	0.00000	0
249	G	1.00000	0	0.00000	0
250	R	1.00000	0	0.00000	0
251	R	1.00000	0	0.00000	0
252	T	1.00000	0	0.00000	0
253	P	1.00000	0	0.00000	0
254	G	1.00000	0	0.00000	0
255	S	1.00000	0	0.00000	0
256	R	1.00000	0	0.00000	0
257	L	1.00000	0	0.00000	0
258	S	1.00000	0	0.00000	0
259	R	1.00000	0	0.00000	0
260	D	1.00000	0	0.00000	0
261	K	0.82948	0	0.17052	0
262	K	0.82773	0	0.17227	0
263	I	0.61915	0	0.38085	0
264	A	0.61350	0	0.38650	0
265	K	0.60927	0	0.39073	0
266	S	0.43449	0	0.56551	0
267	L	0.00136	0	0.99864	0
268	A	0.00074	0	0.99926	0
269	I	0.00045	0	0.99955	0
270	I	0.00000	0	1.00000	0
271	V	0.00000	0	1.00000	0
272	C	0.00000	0	1.00000	0
273	I	0.00000	0	1.00000	0
274	F	0.00000	0	1.00000	0
275	G	0.00000	0	1.00000	0
276	I	0.00000	0	1.00000	0
277	C	0.00000	0	1.00000	0
278	W	0.00000	0	1.00000	0
279	A	0.00000	0	1.00000	0
280	P	0.00000	0	1.00000	0
281	Y	0.00000	0	1.00000	0
282	T	0.00000	1e-05	0.99999	0
283	L	0.00000	0.00017	0.99983	0
284	L	0.00000	0.00148	0.99852	0
285	M	0.00000	0.00688	0.99312	0
286	I	0.00000	0.08552	0.91448	0
287	I	0.00000	0.17707	0.82293	0
288	R	0.00000	0.64866	0.35134	0
289	A	0.00000	0.68473	0.31527	0
290	A	0.00000	0.79624	0.20376	0
291	C	0.00000	0.97337	0.02663	0
292	S	0.00000	0.99254	0.00746	0
293	G	0.00000	0.99995	0.00005	0
294	K	0.00000	1	0.00000	0
295	C	0.00000	1	0.00000	0
296	V	0.00000	1	0.00000	0
297	A	0.00000	1	0.00000	0
298	N	0.00000	0.99997	0.00003	0
299	Y	0.00000	0.99988	0.00012	0
300	W	0.00000	0.99965	0.00035	0
301	Y	0.00000	0.99955	0.00045	0
302	E	0.00000	0.98538	0.01462	0
303	I	0.00000	0.94017	0.05983	0
304	T	0.00000	0.92964	0.07036	0
305	F	0.00000	0.19576	0.80424	0
306	W	0.00000	0.01548	0.98452	0
307	L	0.00000	5e-05	0.99995	0
308	L	0.00000	0	1.00000	0
309	W	0.00000	0	1.00000	0
310	L	0.00000	0	1.00000	0
311	N	0.00000	0	1.00000	0
312	S	0.00000	0	1.00000	0
313	A	0.00000	0	1.00000	0
314	I	0.00000	0	1.00000	0
315	N	0.00000	0	1.00000	0
316	P	0.00000	0	1.00000	0
317	F	0.00000	0	1.00000	0
318	L	0.00000	0	1.00000	0
319	Y	0.00000	0	1.00000	0
320	P	0.00000	0	1.00000	0
321	V	0.00018	0	0.99982	0
322	C	0.00223	0	0.99777	0
323	H	0.01906	0	0.98094	0
324	S	0.15145	0	0.84855	0
325	S	0.25670	0	0.74330	0
326	F	0.44646	0	0.55354	0
327	R	1.00000	0	0.00000	0
328	R	1.00000	0	0.00000	0
329	A	1.00000	0	0.00000	0
330	F	1.00000	0	0.00000	0
331	S	1.00000	0	0.00000	0
332	K	1.00000	0	0.00000	0
333	I	1.00000	0	0.00000	0
334	L	1.00000	0	0.00000	0
335	C	1.00000	0	0.00000	0
336	P	1.00000	0	0.00000	0
337	K	1.00000	0	0.00000	0
338	R	1.00000	0	0.00000	0
339	Q	1.00000	0	0.00000	0
340	S	1.00000	0	0.00000	0
341	V	1.00000	0	0.00000	0
342	Q	1.00000	0	0.00000	0
343	P	1.00000	0	0.00000	0
344	Q	1.00000	0	0.00000	0
345	I	1.00000	0	0.00000	0
346	E	1.00000	0	0.00000	0
347	V	1.00000	0	0.00000	0
348	Q	1.00000	0	0.00000	0
349	S	1.00000	0	0.00000	0
350	C	1.00000	0	0.00000	0
