# UNNAMED
#pos	aa	i	o	M	S
1	M	0.00000	1	0.00000	0
2	A	0.00000	1	0.00000	0
3	H	0.00000	1	0.00000	0
4	N	0.00000	1	0.00000	0
5	G	0.00000	1	0.00000	0
6	T	0.00000	1	0.00000	0
7	T	0.00000	1	0.00000	0
8	C	0.00000	1	0.00000	0
9	S	0.00000	1	0.00000	0
10	F	0.00000	1	0.00000	0
11	C	0.00000	1	0.00000	0
12	L	0.00000	1	0.00000	0
13	D	0.00000	1	0.00000	0
14	S	0.00000	0.99818	0.00182	0
15	V	0.00000	0.97056	0.02944	0
16	T	0.00000	0.95433	0.04567	0
17	F	0.00000	0.9025	0.09750	0
18	K	0.00000	0.89305	0.10695	0
19	I	0.00000	0.35063	0.64937	0
20	A	0.00000	0.22792	0.77208	0
21	I	0.00000	0.14455	0.85545	0
22	S	0.00000	0.12228	0.87772	0
23	A	0.00000	0.04655	0.95345	0
24	V	0.00000	0.01581	0.98419	0
25	L	0.00000	0.00278	0.99722	0
26	T	0.00000	0.00056	0.99944	0
27	V	0.00000	4e-05	0.99996	0
28	L	0.00000	0	1.00000	0
29	I	0.00000	0	1.00000	0
30	L	0.00000	0	1.00000	0
31	V	0.00000	0	1.00000	0
32	T	0.00000	0	1.00000	0
33	I	0.00000	0	1.00000	0
34	A	0.00000	0	1.00000	0
35	G	0.00000	0	1.00000	0
36	N	0.00000	0	1.00000	0
37	V	0.00000	0	1.00000	0
38	V	0.00000	0	1.00000	0
39	V	0.00001	0	0.99999	0
40	C	0.00019	0	0.99981	0
41	L	0.00363	0	0.99637	0
42	A	0.10050	0	0.89950	0
43	V	0.26013	0	0.73987	0
44	G	0.66914	0	0.33086	0
45	L	0.78486	0	0.21514	0
46	N	0.99080	0	0.00920	0
47	R	0.99983	0	0.00017	0
48	R	0.99999	0	0.00001	0
49	L	0.99999	0	0.00001	0
50	R	0.99999	0	0.00001	0
51	S	0.99827	0	0.00173	0
52	L	0.96538	0	0.03462	0
53	T	0.93675	0	0.06325	0
54	N	0.21071	0	0.78929	0
55	C	0.08244	0	0.91756	0
56	F	0.00086	0	0.99914	0
57	I	0.00001	0	0.99999	0
58	M	0.00000	0	1.00000	0
59	S	0.00000	0	1.00000	0
60	L	0.00000	0	1.00000	0
61	A	0.00000	0	1.00000	0
62	V	0.00000	0	1.00000	0
63	T	0.00000	0	1.00000	0
64	D	0.00000	0	1.00000	0
65	L	0.00000	0	1.00000	0
66	L	0.00000	0	1.00000	0
67	L	0.00000	0	1.00000	0
68	G	0.00000	0	1.00000	0
69	L	0.00000	0	1.00000	0
70	L	0.00000	0	1.00000	0
71	V	0.00000	3e-05	0.99997	0
72	L	0.00000	0.00056	0.99944	0
73	P	0.00000	0.01193	0.98807	0
74	F	0.00000	0.04014	0.95986	0
75	S	0.00000	0.34191	0.65809	0
76	A	0.00000	0.46506	0.53494	0
77	V	0.00000	0.58467	0.41533	0
78	Y	0.00000	0.99971	0.00029	0
79	Q	0.00000	0.99981	0.00019	0
80	L	0.00000	0.99983	0.00017	0
81	S	0.00000	0.99998	0.00002	0
82	H	0.00000	1	0.00000	0
83	Q	0.00000	1	0.00000	0
84	W	0.00000	1	0.00000	0
85	A	0.00000	1	0.00000	0
86	F	0.00000	0.99999	0.00001	0
87	G	0.00000	0.99999	0.00001	0
88	T	0.00000	0.99999	0.00001	0
89	V	0.00000	0.99999	0.00001	0
90	F	0.00000	0.99997	0.00003	0
91	C	0.00000	0.99997	0.00003	0
92	N	0.00000	0.99995	0.00005	0
93	I	0.00000	0.99763	0.00237	0
94	Y	0.00000	0.8074	0.19260	0
95	T	0.00000	0.47707	0.52293	0
96	S	0.00000	0.21121	0.78879	0
97	L	0.00000	0.00078	0.99922	0
98	D	0.00000	0.00012	0.99988	0
99	V	0.00000	0	1.00000	0
100	M	0.00000	0	1.00000	0
101	L	0.00000	0	1.00000	0
102	C	0.00000	0	1.00000	0
103	T	0.00000	0	1.00000	0
104	A	0.00000	0	1.00000	0
105	S	0.00000	0	1.00000	0
106	I	0.00000	0	1.00000	0
107	L	0.00000	0	1.00000	0
108	N	0.00000	0	1.00000	0
109	L	0.00000	0	1.00000	0
110	F	0.00000	0	1.00000	0
111	M	0.00000	0	1.00000	0
112	I	0.00000	0	1.00000	0
113	S	0.00000	0	1.00000	0
114	L	0.00000	0	1.00000	0
115	D	0.00010	0	0.99990	0
116	R	0.02715	0	0.97285	0
117	Y	0.86426	0	0.13574	0
118	C	0.97839	0	0.02161	0
119	A	0.99335	0	0.00665	0
120	V	1.00000	0	0.00000	0
121	T	1.00000	0	0.00000	0
122	D	1.00000	0	0.00000	0
123	P	1.00000	0	0.00000	0
124	L	1.00000	0	0.00000	0
125	R	1.00000	0	0.00000	0
126	Y	1.00000	0	0.00000	0
127	P	1.00000	0	0.00000	0
128	V	1.00000	0	0.00000	0
129	L	1.00000	0	0.00000	0
130	V	0.99991	0	0.00009	0
131	T	0.99988	0	0.00012	0
132	P	0.99959	0	0.00041	0
133	A	0.97788	0	0.02212	0
134	R	0.96319	0	0.03681	0
135	V	0.22442	0	0.77558	0
136	A	0.03407	0	0.96593	0
137	I	0.00207	0	0.99793	0
138	S	0.00069	0	0.99931	0
139	L	0.00000	0	1.00000	0
140	V	0.00000	0	1.00000	0
141	F	0.00000	0	1.00000	0
142	I	0.00000	0	1.00000	0
143	W	0.00000	0	1.00000	0
144	V	0.00000	0	1.00000	0
145	I	0.00000	0	1.00000	0
146	S	0.00000	0	1.00000	0
147	I	0.00000	0	1.00000	0
148	T	0.00000	0	1.00000	0
149	L	0.00000	0	1.00000	0
150	S	0.00000	0	1.00000	0
151	F	0.00000	0	1.00000	0
152	L	0.00000	7e-05	0.99993	0
153	S	0.00000	0.00253	0.99747	0
154	I	0.00000	0.00824	0.99176	0
155	H	0.00000	0.10916	0.89084	0
156	L	0.00000	0.23473	0.76527	0
157	G	0.00000	0.81551	0.18449	0
158	W	0.00000	0.92402	0.07598	0
159	N	0.00000	0.99677	0.00323	0
160	S	0.00000	0.99997	0.00003	0
161	R	0.00000	1	0.00000	0
162	N	0.00000	1	0.00000	0
163	G	0.00000	1	0.00000	0
164	S	0.00000	1	0.00000	0
165	R	0.00000	1	0.00000	0
166	N	0.00000	1	0.00000	0
167	S	0.00000	1	0.00000	0
168	S	0.00000	1	0.00000	0
169	S	0.00000	1	0.00000	0
170	S	0.00000	1	0.00000	0
171	S	0.00000	1	0.00000	0
172	N	0.00000	1	0.00000	0
173	H	0.00000	1	0.00000	0
174	T	0.00000	1	0.00000	0
175	S	0.00000	1	0.00000	0
176	L	0.00000	1	0.00000	0
177	Q	0.00000	1	0.00000	0
178	C	0.00000	1	0.00000	0
179	K	0.00000	1	0.00000	0
180	V	0.00000	0.99999	0.00001	0
181	Q	0.00000	0.99998	0.00002	0
182	V	0.00000	0.99949	0.00051	0
183	N	0.00000	0.99948	0.00052	0
184	E	0.00000	0.99939	0.00061	0
185	V	0.00000	0.00308	0.99692	0
186	Y	0.00000	0.00036	0.99964	0
187	G	0.00000	0.00033	0.99967	0
188	L	0.00000	7e-05	0.99993	0
189	V	0.00000	6e-05	0.99994	0
190	D	0.00000	6e-05	0.99994	0
191	G	0.00000	0	1.00000	0
192	L	0.00000	0	1.00000	0
193	V	0.00000	0	1.00000	0
194	T	0.00000	0	1.00000	0
195	F	0.00000	0	1.00000	0
196	Y	0.00000	0	1.00000	0
197	L	0.00000	0	1.00000	0
198	P	0.00000	0	1.00000	0
199	L	0.00000	0	1.00000	0
200	L	0.00000	0	1.00000	0
201	I	0.00000	0	1.00000	0
202	M	0.00000	0	1.00000	0
203	C	0.00000	0	1.00000	0
204	V	0.00001	0	0.99999	0
205	T	0.00033	0	0.99967	0
206	Y	0.00257	0	0.99743	0
207	H	0.09914	0	0.90086	0
208	R	0.24699	0	0.75301	0
209	L	0.26390	0	0.73610	0
210	F	0.32609	0	0.67391	0
211	K	0.99677	0	0.00323	0
212	I	0.99968	0	0.00032	0
213	A	1.00000	0	0.00000	0
214	R	1.00000	0	0.00000	0
215	D	1.00000	0	0.00000	0
216	Q	1.00000	0	0.00000	0
217	A	1.00000	0	0.00000	0
218	K	1.00000	0	0.00000	0
219	R	1.00000	0	0.00000	0
220	I	1.00000	0	0.00000	0
221	N	1.00000	0	0.00000	0
222	H	1.00000	0	0.00000	0
223	S	1.00000	0	0.00000	0
224	A	1.00000	0	0.00000	0
225	P	1.00000	0	0.00000	0
226	W	1.00000	0	0.00000	0
227	K	1.00000	0	0.00000	0
228	A	1.00000	0	0.00000	0
229	A	1.00000	0	0.00000	0
230	S	1.00000	0	0.00000	0
231	I	1.00000	0	0.00000	0
232	R	1.00000	0	0.00000	0
233	E	1.00000	0	0.00000	0
234	H	0.99974	0	0.00026	0
235	K	0.99853	0	0.00147	0
236	A	0.86228	0	0.13772	0
237	T	0.57065	0	0.42935	0
238	V	0.26658	0	0.73342	0
239	T	0.19517	0	0.80483	0
240	L	0.00115	0	0.99885	0
241	A	0.00021	0	0.99979	0
242	T	0.00017	0	0.99983	0
243	V	0.00001	0	0.99999	0
244	M	0.00000	0	1.00000	0
245	G	0.00000	0	1.00000	0
246	A	0.00000	0	1.00000	0
247	F	0.00000	0	1.00000	0
248	V	0.00000	0	1.00000	0
249	V	0.00000	0	1.00000	0
250	C	0.00000	0	1.00000	0
251	W	0.00000	0	1.00000	0
252	F	0.00000	0	1.00000	0
253	P	0.00000	0	1.00000	0
254	Y	0.00000	0	1.00000	0
255	F	0.00000	0	1.00000	0
256	T	0.00000	0.00024	0.99976	0
257	V	0.00000	0.00107	0.99893	0
258	F	0.00000	0.00817	0.99183	0
259	V	0.00000	0.18851	0.81149	0
260	Y	0.00000	0.4476	0.55240	0
261	R	0.00000	0.89027	0.10973	0
262	G	0.00000	0.92495	0.07505	0
263	L	0.00000	0.93969	0.06031	0
264	R	0.00000	0.99697	0.00303	0
265	G	0.00000	0.99983	0.00017	0
266	D	0.00000	1	0.00000	0
267	E	0.00000	1	0.00000	0
268	A	0.00000	0.99998	0.00002	0
269	V	0.00000	0.99994	0.00006	0
270	N	0.00000	0.99972	0.00028	0
271	P	0.00000	0.99903	0.00097	0
272	V	0.00000	0.98146	0.01854	0
273	L	0.00000	0.96941	0.03059	0
274	E	0.00000	0.96592	0.03408	0
275	A	0.00000	0.2595	0.74050	0
276	V	0.00000	0.00175	0.99825	0
277	V	0.00000	6e-05	0.99994	0
278	L	0.00000	0	1.00000	0
279	W	0.00000	0	1.00000	0
280	L	0.00000	0	1.00000	0
281	G	0.00000	0	1.00000	0
282	Y	0.00000	0	1.00000	0
283	A	0.00000	0	1.00000	0
284	N	0.00000	0	1.00000	0
285	S	0.00000	0	1.00000	0
286	A	0.00000	0	1.00000	0
287	L	0.00000	0	1.00000	0
288	N	0.00000	0	1.00000	0
289	P	0.00000	0	1.00000	0
290	I	0.00000	0	1.00000	0
291	L	0.00000	0	1.00000	0
292	Y	0.00008	0	0.99992	0
293	A	0.00094	0	0.99906	0
294	A	0.02178	0	0.97822	0
295	L	0.30882	0	0.69118	0
296	N	0.69415	0	0.30585	0
297	R	1.00000	0	0.00000	0
298	D	1.00000	0	0.00000	0
299	F	1.00000	0	0.00000	0
300	R	1.00000	0	0.00000	0
301	T	1.00000	0	0.00000	0
302	A	1.00000	0	0.00000	0
303	Y	1.00000	0	0.00000	0
304	Q	1.00000	0	0.00000	0
305	Q	1.00000	0	0.00000	0
306	V	1.00000	0	0.00000	0
307	F	1.00000	0	0.00000	0
308	C	1.00000	0	0.00000	0
309	L	1.00000	0	0.00000	0
310	S	1.00000	0	0.00000	0
311	R	1.00000	0	0.00000	0
312	I	1.00000	0	0.00000	0
313	Q	1.00000	0	0.00000	0
314	S	1.00000	0	0.00000	0
315	S	1.00000	0	0.00000	0
316	Q	1.00000	0	0.00000	0
317	E	1.00000	0	0.00000	0
318	E	1.00000	0	0.00000	0
319	K	1.00000	0	0.00000	0
320	A	1.00000	0	0.00000	0
321	L	1.00000	0	0.00000	0
322	T	1.00000	0	0.00000	0
323	L	1.00000	0	0.00000	0
324	R	1.00000	0	0.00000	0
325	A	1.00000	0	0.00000	0
326	C	1.00000	0	0.00000	0
327	H	1.00000	0	0.00000	0
328	G	1.00000	0	0.00000	0
329	T	1.00000	0	0.00000	0
330	E	1.00000	0	0.00000	0
331	G	1.00000	0	0.00000	0
332	T	1.00000	0	0.00000	0
333	A	1.00000	0	0.00000	0
334	P	1.00000	0	0.00000	0
335	R	1.00000	0	0.00000	0
336	G	1.00000	0	0.00000	0
337	A	1.00000	0	0.00000	0
338	A	1.00000	0	0.00000	0
339	D	1.00000	0	0.00000	0
340	R	1.00000	0	0.00000	0
