# UNNAMED
#pos	aa	i	o	M	S
1	M	0.00000	0.80041	0.00000	0.19959
2	P	0.00000	0.80041	0.00000	0.19958
3	P	0.00000	0.80041	0.00000	0.19958
4	P	0.00000	0.80041	0.00000	0.19959
5	P	0.00000	0.80041	0.00000	0.19958
6	R	0.00000	0.80041	0.00000	0.19959
7	R	0.00000	0.80041	0.00000	0.19959
8	L	0.00000	0.80041	0.00000	0.19959
9	L	0.00000	0.80041	0.00000	0.19958
10	Y	0.00000	0.80041	0.00000	0.19958
11	L	0.00000	0.80041	0.00000	0.19958
12	F	0.00000	0.80041	0.00000	0.19959
13	P	0.00000	0.80041	0.00000	0.19959
14	E	0.00000	0.80041	0.00000	0.19958
15	S	0.00000	0.80041	0.00000	0.19958
16	Q	0.00000	0.80041	0.00000	0.19958
17	H	0.00000	0.80041	0.00000	0.19958
18	W	0.00000	0.80052	0.00000	0.19948
19	A	0.00000	0.80052	0.00000	0.19948
20	S	0.00000	0.99975	0.00000	0.00024
21	R	0.00000	0.99975	0.00000	0.00024
22	R	0.00000	0.99975	0.00000	0.00024
23	R	0.00000	0.99976	0.00000	0.00024
24	L	0.00000	0.99976	0.00000	0.00024
25	P	0.00000	0.99976	0.00000	0.00024
26	R	0.00000	0.99976	0.00000	0.00024
27	S	0.00000	0.99979	0.00000	0.00021
28	G	0.00000	0.99979	0.00000	0.00021
29	R	0.00000	0.99999	0.00000	1e-05
30	F	0.00000	0.99999	0.00000	1e-05
31	L	0.00000	1	0.00000	0
32	L	0.00000	1	0.00000	0
33	G	0.00000	1	0.00000	0
34	S	0.00000	1	0.00000	0
35	A	0.00000	1	0.00000	0
36	G	0.00000	1	0.00000	0
37	N	0.00000	1	0.00000	0
38	L	0.00000	1	0.00000	0
39	E	0.00000	1	0.00000	0
40	P	0.00000	1	0.00000	0
41	R	0.00000	1	0.00000	0
42	F	0.00000	1	0.00000	0
43	C	0.00000	1	0.00000	0
44	I	0.00000	1	0.00000	0
45	I	0.00000	1	0.00000	0
46	G	0.00000	1	0.00000	0
47	P	0.00000	1	0.00000	0
48	W	0.00000	1	0.00000	0
49	R	0.00000	1	0.00000	0
50	S	0.00000	1	0.00000	0
51	R	0.00000	1	0.00000	0
52	E	0.00000	1	0.00000	0
53	E	0.00000	1	0.00000	0
54	A	0.00000	1	0.00000	0
55	P	0.00000	1	0.00000	0
56	R	0.00000	1	0.00000	0
57	G	0.00000	1	0.00000	0
58	P	0.00000	1	0.00000	0
59	E	0.00000	1	0.00000	0
60	M	0.00000	1	0.00000	0
61	A	0.00000	1	0.00000	0
62	P	0.00000	1	0.00000	0
63	N	0.00000	1	0.00000	0
64	S	0.00000	1	0.00000	0
65	T	0.00000	1	0.00000	0
66	A	0.00000	1	0.00000	0
67	S	0.00000	1	0.00000	0
68	S	0.00000	1	0.00000	0
69	P	0.00000	1	0.00000	0
70	C	0.00000	1	0.00000	0
71	L	0.00000	1	0.00000	0
72	D	0.00000	1	0.00000	0
73	S	0.00000	0.99632	0.00368	0
74	A	0.00000	0.90767	0.09233	0
75	V	0.00000	0.76975	0.23025	0
76	M	0.00000	0.73905	0.26095	0
77	I	0.00000	0.57696	0.42304	0
78	P	0.00000	0.52471	0.47529	0
79	V	0.00000	0.39884	0.60116	0
80	S	0.00000	0.32257	0.67743	0
81	V	0.00000	0.08081	0.91919	0
82	T	0.00000	0.04162	0.95838	0
83	L	0.00000	0.00514	0.99486	0
84	T	0.00000	0.00156	0.99844	0
85	V	0.00000	0.0001	0.99990	0
86	L	0.00000	1e-05	0.99999	0
87	I	0.00000	0	1.00000	0
88	S	0.00000	0	1.00000	0
89	I	0.00000	0	1.00000	0
90	T	0.00000	0	1.00000	0
91	I	0.00000	0	1.00000	0
92	A	0.00000	0	1.00000	0
93	G	0.00000	0	1.00000	0
94	N	0.00000	0	1.00000	0
95	V	0.00000	0	1.00000	0
96	V	0.00000	0	1.00000	0
97	V	0.00002	0	0.99998	0
98	C	0.00021	0	0.99979	0
99	L	0.00334	0	0.99666	0
100	A	0.08162	0	0.91838	0
101	V	0.21062	0	0.78938	0
102	G	0.58288	0	0.41712	0
103	L	0.70999	0	0.29001	0
104	N	0.98537	0	0.01463	0
105	R	0.99968	0	0.00032	0
106	R	0.99999	0	0.00001	0
107	L	0.99999	0	0.00001	0
108	R	0.99999	0	0.00001	0
109	S	0.99863	0	0.00137	0
110	L	0.97131	0	0.02869	0
111	T	0.94579	0	0.05421	0
112	N	0.23807	0	0.76193	0
113	C	0.09927	0	0.90073	0
114	F	0.00119	0	0.99881	0
115	I	0.00009	0	0.99991	0
116	M	0.00000	0	1.00000	0
117	S	0.00000	0	1.00000	0
118	L	0.00000	0	1.00000	0
119	A	0.00000	0	1.00000	0
120	I	0.00000	0	1.00000	0
121	T	0.00000	0	1.00000	0
122	D	0.00000	0	1.00000	0
123	L	0.00000	0	1.00000	0
124	L	0.00000	0	1.00000	0
125	L	0.00000	0	1.00000	0
126	G	0.00000	0	1.00000	0
127	L	0.00000	0	1.00000	0
128	L	0.00000	0	1.00000	0
129	V	0.00000	2e-05	0.99998	0
130	L	0.00000	0.00045	0.99955	0
131	P	0.00000	0.00999	0.99001	0
132	F	0.00000	0.03407	0.96593	0
133	S	0.00000	0.29431	0.70569	0
134	A	0.00000	0.40143	0.59857	0
135	I	0.00000	0.50631	0.49369	0
136	Y	0.00000	0.99967	0.00033	0
137	Q	0.00000	0.99979	0.00021	0
138	L	0.00000	0.99982	0.00018	0
139	N	0.00000	0.99999	0.00001	0
140	C	0.00000	1	0.00000	0
141	T	0.00000	1	0.00000	0
142	W	0.00000	1	0.00000	0
143	S	0.00000	1	0.00000	0
144	F	0.00000	0.99998	0.00002	0
145	G	0.00000	0.99998	0.00002	0
146	R	0.00000	0.99998	0.00002	0
147	V	0.00000	0.99998	0.00002	0
148	F	0.00000	0.99996	0.00004	0
149	C	0.00000	0.99996	0.00004	0
150	N	0.00000	0.99995	0.00005	0
151	I	0.00000	0.99765	0.00235	0
152	Y	0.00000	0.80865	0.19135	0
153	T	0.00000	0.47888	0.52112	0
154	S	0.00000	0.21242	0.78758	0
155	L	0.00000	0.00078	0.99922	0
156	D	0.00000	0.00012	0.99988	0
157	V	0.00000	0	1.00000	0
158	M	0.00000	0	1.00000	0
159	L	0.00000	0	1.00000	0
160	C	0.00000	0	1.00000	0
161	T	0.00000	0	1.00000	0
162	A	0.00000	0	1.00000	0
163	S	0.00000	0	1.00000	0
164	I	0.00000	0	1.00000	0
165	L	0.00000	0	1.00000	0
166	T	0.00000	0	1.00000	0
167	L	0.00000	0	1.00000	0
168	F	0.00000	0	1.00000	0
169	M	0.00000	0	1.00000	0
170	I	0.00000	0	1.00000	0
171	S	0.00000	0	1.00000	0
172	L	0.00000	0	1.00000	0
173	D	0.00010	0	0.99990	0
174	R	0.02693	0	0.97307	0
175	Y	0.86374	0	0.13626	0
176	C	0.97828	0	0.02172	0
177	A	0.99331	0	0.00669	0
178	V	1.00000	0	0.00000	0
179	T	1.00000	0	0.00000	0
180	D	1.00000	0	0.00000	0
181	P	1.00000	0	0.00000	0
182	L	1.00000	0	0.00000	0
183	H	1.00000	0	0.00000	0
184	Y	1.00000	0	0.00000	0
185	P	1.00000	0	0.00000	0
186	V	1.00000	0	0.00000	0
187	L	1.00000	0	0.00000	0
188	V	0.99998	0	0.00002	0
189	T	0.99996	0	0.00004	0
190	P	0.99980	0	0.00020	0
191	G	0.98927	0	0.01073	0
192	R	0.97262	0	0.02738	0
193	V	0.21374	0	0.78626	0
194	A	0.03370	0	0.96630	0
195	V	0.00298	0	0.99702	0
196	S	0.00103	0	0.99897	0
197	L	0.00000	0	1.00000	0
198	V	0.00000	0	1.00000	0
199	L	0.00000	0	1.00000	0
200	I	0.00000	0	1.00000	0
201	W	0.00000	0	1.00000	0
202	V	0.00000	0	1.00000	0
203	I	0.00000	0	1.00000	0
204	S	0.00000	0	1.00000	0
205	I	0.00000	0	1.00000	0
206	T	0.00000	0	1.00000	0
207	L	0.00000	0	1.00000	0
208	S	0.00000	0	1.00000	0
209	F	0.00000	0	1.00000	0
210	L	0.00000	4e-05	0.99996	0
211	S	0.00000	0.00158	0.99842	0
212	I	0.00000	0.00688	0.99312	0
213	H	0.00000	0.12632	0.87368	0
214	L	0.00000	0.26692	0.73308	0
215	G	0.00000	0.84743	0.15257	0
216	W	0.00000	0.94239	0.05761	0
217	N	0.00000	0.9978	0.00220	0
218	S	0.00000	0.99998	0.00002	0
219	R	0.00000	1	0.00000	0
220	N	0.00000	1	0.00000	0
221	E	0.00000	1	0.00000	0
222	T	0.00000	1	0.00000	0
223	R	0.00000	1	0.00000	0
224	Q	0.00000	1	0.00000	0
225	D	0.00000	1	0.00000	0
226	H	0.00000	1	0.00000	0
227	L	0.00000	1	0.00000	0
228	K	0.00000	1	0.00000	0
229	C	0.00000	1	0.00000	0
230	K	0.00000	1	0.00000	0
231	V	0.00000	1	0.00000	0
232	Q	0.00000	1	0.00000	0
233	V	0.00000	0.99992	0.00008	0
234	N	0.00000	0.99992	0.00008	0
235	E	0.00000	0.99986	0.00014	0
236	V	0.00000	0.00415	0.99585	0
237	Y	0.00000	0.0007	0.99930	0
238	G	0.00000	0.00067	0.99933	0
239	L	0.00000	0.00026	0.99974	0
240	V	0.00000	0.00023	0.99977	0
241	D	0.00000	0.00023	0.99977	0
242	G	0.00000	2e-05	0.99998	0
243	L	0.00000	1e-05	0.99999	0
244	V	0.00000	0	1.00000	0
245	T	0.00000	0	1.00000	0
246	F	0.00000	0	1.00000	0
247	Y	0.00000	0	1.00000	0
248	L	0.00000	0	1.00000	0
249	P	0.00000	0	1.00000	0
250	L	0.00000	0	1.00000	0
251	L	0.00000	0	1.00000	0
252	I	0.00000	0	1.00000	0
253	M	0.00000	0	1.00000	0
254	C	0.00000	0	1.00000	0
255	I	0.00000	0	1.00000	0
256	T	0.00002	0	0.99998	0
257	Y	0.00014	0	0.99986	0
258	Y	0.00565	0	0.99435	0
259	R	0.14408	0	0.85592	0
260	I	0.15993	0	0.84007	0
261	F	0.23075	0	0.76925	0
262	K	0.99519	0	0.00481	0
263	I	0.99852	0	0.00148	0
264	A	0.99998	0	0.00002	0
265	R	1.00000	0	0.00000	0
266	D	1.00000	0	0.00000	0
267	Q	1.00000	0	0.00000	0
268	A	1.00000	0	0.00000	0
269	K	1.00000	0	0.00000	0
270	R	1.00000	0	0.00000	0
271	I	1.00000	0	0.00000	0
272	S	1.00000	0	0.00000	0
273	H	1.00000	0	0.00000	0
274	A	1.00000	0	0.00000	0
275	S	1.00000	0	0.00000	0
276	C	1.00000	0	0.00000	0
277	W	1.00000	0	0.00000	0
278	K	1.00000	0	0.00000	0
279	A	1.00000	0	0.00000	0
280	T	1.00000	0	0.00000	0
281	T	1.00000	0	0.00000	0
282	L	1.00000	0	0.00000	0
283	R	1.00000	0	0.00000	0
284	E	1.00000	0	0.00000	0
285	H	0.99990	0	0.00010	0
286	K	0.99865	0	0.00135	0
287	A	0.85645	0	0.14355	0
288	T	0.70473	0	0.29527	0
289	V	0.24930	0	0.75070	0
290	A	0.14207	0	0.85793	0
291	L	0.00073	0	0.99927	0
292	A	0.00004	0	0.99996	0
293	A	0.00001	0	0.99999	0
294	V	0.00001	0	0.99999	0
295	M	0.00000	0	1.00000	0
296	G	0.00000	0	1.00000	0
297	A	0.00000	0	1.00000	0
298	F	0.00000	0	1.00000	0
299	I	0.00000	0	1.00000	0
300	V	0.00000	0	1.00000	0
301	C	0.00000	0	1.00000	0
302	W	0.00000	0	1.00000	0
303	F	0.00000	0	1.00000	0
304	P	0.00000	0	1.00000	0
305	Y	0.00000	0	1.00000	0
306	F	0.00000	0	1.00000	0
307	T	0.00000	0.00023	0.99977	0
308	V	0.00000	0.00096	0.99904	0
309	F	0.00000	0.00723	0.99277	0
310	V	0.00000	0.178	0.82200	0
311	Y	0.00000	0.44084	0.55916	0
312	R	0.00000	0.89665	0.10335	0
313	G	0.00000	0.93123	0.06877	0
314	L	0.00000	0.94525	0.05475	0
315	R	0.00000	0.99735	0.00265	0
316	G	0.00000	0.99985	0.00015	0
317	D	0.00000	1	0.00000	0
318	D	0.00000	1	0.00000	0
319	A	0.00000	0.99999	0.00001	0
320	V	0.00000	0.99997	0.00003	0
321	N	0.00000	0.99984	0.00016	0
322	E	0.00000	0.9994	0.00060	0
323	V	0.00000	0.99352	0.00648	0
324	F	0.00000	0.98843	0.01157	0
325	E	0.00000	0.98568	0.01432	0
326	A	0.00000	0.28181	0.71819	0
327	V	0.00000	0.00163	0.99837	0
328	V	0.00000	5e-05	0.99995	0
329	L	0.00000	0	1.00000	0
330	W	0.00000	0	1.00000	0
331	L	0.00000	0	1.00000	0
332	G	0.00000	0	1.00000	0
333	Y	0.00000	0	1.00000	0
334	A	0.00000	0	1.00000	0
335	N	0.00000	0	1.00000	0
336	S	0.00000	0	1.00000	0
337	A	0.00000	0	1.00000	0
338	L	0.00000	0	1.00000	0
339	N	0.00000	0	1.00000	0
340	P	0.00000	0	1.00000	0
341	I	0.00000	0	1.00000	0
342	L	0.00000	0	1.00000	0
343	Y	0.00002	0	0.99998	0
344	A	0.00022	0	0.99978	0
345	A	0.00278	0	0.99722	0
346	L	0.10454	0	0.89546	0
347	N	0.77597	0	0.22403	0
348	R	1.00000	0	0.00000	0
349	D	1.00000	0	0.00000	0
350	F	1.00000	0	0.00000	0
351	R	1.00000	0	0.00000	0
352	T	1.00000	0	0.00000	0
353	A	1.00000	0	0.00000	0
354	Y	1.00000	0	0.00000	0
355	Q	1.00000	0	0.00000	0
356	Q	1.00000	0	0.00000	0
357	L	1.00000	0	0.00000	0
358	F	1.00000	0	0.00000	0
359	R	1.00000	0	0.00000	0
360	C	1.00000	0	0.00000	0
361	R	1.00000	0	0.00000	0
362	A	1.00000	0	0.00000	0
363	H	1.00000	0	0.00000	0
364	G	1.00000	0	0.00000	0
365	R	1.00000	0	0.00000	0
366	G	1.00000	0	0.00000	0
367	S	1.00000	0	0.00000	0
368	P	1.00000	0	0.00000	0
369	R	1.00000	0	0.00000	0
370	T	1.00000	0	0.00000	0
371	S	1.00000	0	0.00000	0
372	P	1.00000	0	0.00000	0
373	R	1.00000	0	0.00000	0
374	Y	1.00000	0	0.00000	0
375	A	1.00000	0	0.00000	0
376	R	1.00000	0	0.00000	0
377	S	1.00000	0	0.00000	0
378	Q	1.00000	0	0.00000	0
379	L	1.00000	0	0.00000	0
380	S	1.00000	0	0.00000	0
381	R	1.00000	0	0.00000	0
382	G	1.00000	0	0.00000	0
383	P	1.00000	0	0.00000	0
384	S	1.00000	0	0.00000	0
385	Q	1.00000	0	0.00000	0
386	A	1.00000	0	0.00000	0
387	A	1.00000	0	0.00000	0
388	R	1.00000	0	0.00000	0
389	Q	1.00000	0	0.00000	0
390	L	1.00000	0	0.00000	0
391	E	1.00000	0	0.00000	0
392	K	1.00000	0	0.00000	0
393	K	1.00000	0	0.00000	0
394	P	1.00000	0	0.00000	0
395	L	1.00000	0	0.00000	0
396	R	1.00000	0	0.00000	0
397	L	1.00000	0	0.00000	0
398	K	1.00000	0	0.00000	0
399	V	1.00000	0	0.00000	0
400	W	1.00000	0	0.00000	0
401	S	1.00000	0	0.00000	0
402	E	1.00000	0	0.00000	0
403	S	1.00000	0	0.00000	0
404	E	1.00000	0	0.00000	0
405	V	1.00000	0	0.00000	0
406	T	1.00000	0	0.00000	0
407	A	1.00000	0	0.00000	0
408	P	1.00000	0	0.00000	0
409	Q	1.00000	0	0.00000	0
410	C	1.00000	0	0.00000	0
411	T	1.00000	0	0.00000	0
412	A	1.00000	0	0.00000	0
413	D	1.00000	0	0.00000	0
414	R	1.00000	0	0.00000	0
415	K	1.00000	0	0.00000	0
416	P	1.00000	0	0.00000	0
417	A	1.00000	0	0.00000	0
418	L	1.00000	0	0.00000	0
419	P	1.00000	0	0.00000	0
420	C	1.00000	0	0.00000	0
421	S	1.00000	0	0.00000	0
422	A	1.00000	0	0.00000	0
423	C	1.00000	0	0.00000	0
424	A	1.00000	0	0.00000	0
425	S	1.00000	0	0.00000	0
426	D	1.00000	0	0.00000	0
427	L	1.00000	0	0.00000	0
428	L	1.00000	0	0.00000	0
429	S	1.00000	0	0.00000	0
430	C	1.00000	0	0.00000	0
431	C	1.00000	0	0.00000	0
432	K	1.00000	0	0.00000	0
433	S	1.00000	0	0.00000	0
434	L	1.00000	0	0.00000	0
435	W	1.00000	0	0.00000	0
436	G	1.00000	0	0.00000	0
437	P	1.00000	0	0.00000	0
438	R	1.00000	0	0.00000	0
439	F	1.00000	0	0.00000	0
440	L	1.00000	0	0.00000	0
441	Q	1.00000	0	0.00000	0
442	R	1.00000	0	0.00000	0
443	R	1.00000	0	0.00000	0
444	A	1.00000	0	0.00000	0
445	G	1.00000	0	0.00000	0
446	A	1.00000	0	0.00000	0
447	P	1.00000	0	0.00000	0
448	L	1.00000	0	0.00000	0
449	G	1.00000	0	0.00000	0
450	E	1.00000	0	0.00000	0
451	Q	1.00000	0	0.00000	0
452	T	1.00000	0	0.00000	0
453	E	1.00000	0	0.00000	0
454	A	1.00000	0	0.00000	0
455	A	1.00000	0	0.00000	0
456	L	1.00000	0	0.00000	0
457	R	1.00000	0	0.00000	0
458	P	1.00000	0	0.00000	0
459	P	1.00000	0	0.00000	0
460	P	1.00000	0	0.00000	0
461	L	1.00000	0	0.00000	0
462	E	1.00000	0	0.00000	0
463	A	1.00000	0	0.00000	0
464	L	1.00000	0	0.00000	0
465	R	1.00000	0	0.00000	0
466	T	1.00000	0	0.00000	0
467	L	1.00000	0	0.00000	0
468	P	1.00000	0	0.00000	0
469	S	1.00000	0	0.00000	0
470	E	1.00000	0	0.00000	0
471	G	1.00000	0	0.00000	0
472	P	1.00000	0	0.00000	0
