# UNNAMED
#pos	aa	i	o	M	S
1	M	0.00000	1	0.00000	0
2	D	0.00000	1	0.00000	0
3	S	0.00000	1	0.00000	0
4	S	0.00000	1	0.00000	0
5	S	0.00000	1	0.00000	0
6	W	0.00000	1	0.00000	0
7	P	0.00000	1	0.00000	0
8	L	0.00000	1	0.00000	0
9	N	0.00000	1	0.00000	0
10	G	0.00000	1	0.00000	0
11	S	0.00000	1	0.00000	0
12	S	0.00000	1	0.00000	0
13	E	0.00000	1	0.00000	0
14	T	0.00000	1	0.00000	0
15	P	0.00000	1	0.00000	0
16	E	0.00000	1	0.00000	0
17	K	0.00000	1	0.00000	0
18	P	0.00000	1	0.00000	0
19	P	0.00000	1	0.00000	0
20	G	0.00000	1	0.00000	0
21	G	0.00000	1	0.00000	0
22	G	0.00000	1	0.00000	0
23	E	0.00000	1	0.00000	0
24	Q	0.00000	1	0.00000	0
25	L	0.00000	1	0.00000	0
26	L	0.00000	1	0.00000	0
27	G	0.00000	1	0.00000	0
28	R	0.00000	0.99999	0.00001	0
29	F	0.00000	0.97536	0.02464	0
30	S	0.00000	0.96368	0.03632	0
31	T	0.00000	0.79048	0.20952	0
32	L	0.00000	0.46686	0.53314	0
33	W	0.00000	0.21797	0.78203	0
34	A	0.00000	0.14277	0.85723	0
35	I	0.00000	0.02685	0.97315	0
36	V	0.00000	0.00991	0.99009	0
37	L	0.00000	0.00525	0.99475	0
38	A	0.00000	0.00248	0.99752	0
39	V	0.00000	0.00093	0.99907	0
40	L	0.00000	0.00064	0.99936	0
41	M	0.00000	0.00041	0.99959	0
42	A	0.00000	6e-05	0.99994	0
43	L	0.00000	0	1.00000	0
44	L	0.00000	0	1.00000	0
45	I	0.00000	0	1.00000	0
46	V	0.00000	0	1.00000	0
47	A	0.00000	0	1.00000	0
48	T	0.00000	0	1.00000	0
49	V	0.00000	0	1.00000	0
50	V	0.00000	0	1.00000	0
51	G	0.00000	0	1.00000	0
52	N	0.00000	0	1.00000	0
53	A	0.00000	0	1.00000	0
54	L	0.00000	0	1.00000	0
55	V	0.00002	0	0.99998	0
56	M	0.00016	0	0.99984	0
57	L	0.00100	0	0.99900	0
58	A	0.01985	0	0.98015	0
59	F	0.05809	0	0.94191	0
60	V	0.27974	0	0.72026	0
61	V	0.66203	0	0.33797	0
62	D	0.99808	0	0.00192	0
63	S	0.99987	0	0.00013	0
64	S	1.00000	0	0.00000	0
65	L	1.00000	0	0.00000	0
66	R	1.00000	0	0.00000	0
67	T	0.99995	0	0.00005	0
68	Q	0.99792	0	0.00208	0
69	N	0.95736	0	0.04264	0
70	N	0.86432	0	0.13568	0
71	Y	0.33396	0	0.66604	0
72	F	0.00427	0	0.99573	0
73	L	0.00058	0	0.99942	0
74	L	0.00000	0	1.00000	0
75	N	0.00000	0	1.00000	0
76	L	0.00000	0	1.00000	0
77	A	0.00000	0	1.00000	0
78	I	0.00000	0	1.00000	0
79	S	0.00000	0	1.00000	0
80	D	0.00000	0	1.00000	0
81	F	0.00000	0	1.00000	0
82	L	0.00000	0	1.00000	0
83	V	0.00000	0	1.00000	0
84	G	0.00000	0	1.00000	0
85	A	0.00000	0	1.00000	0
86	F	0.00000	0	1.00000	0
87	C	0.00000	4e-05	0.99996	0
88	I	0.00000	4e-05	0.99996	0
89	P	0.00000	6e-05	0.99994	0
90	L	0.00000	0.00011	0.99989	0
91	Y	0.00000	0.00087	0.99913	0
92	V	0.00000	0.00122	0.99878	0
93	P	0.00000	0.47221	0.52779	0
94	Y	0.00000	0.99864	0.00136	0
95	V	0.00000	0.99879	0.00121	0
96	I	0.00000	0.9992	0.00080	0
97	T	0.00000	0.99989	0.00011	0
98	G	0.00000	1	0.00000	0
99	R	0.00000	1	0.00000	0
100	W	0.00000	1	0.00000	0
101	T	0.00000	1	0.00000	0
102	F	0.00000	1	0.00000	0
103	G	0.00000	1	0.00000	0
104	R	0.00000	1	0.00000	0
105	S	0.00000	1	0.00000	0
106	F	0.00000	1	0.00000	0
107	C	0.00000	1	0.00000	0
108	K	0.00000	1	0.00000	0
109	L	0.00000	0.99969	0.00031	0
110	W	0.00000	0.95101	0.04899	0
111	L	0.00000	0.26892	0.73108	0
112	V	0.00000	0.04598	0.95402	0
113	V	0.00000	0.00074	0.99926	0
114	D	0.00000	0.00025	0.99975	0
115	Y	0.00000	1e-05	0.99999	0
116	L	0.00000	0	1.00000	0
117	L	0.00000	0	1.00000	0
118	C	0.00000	0	1.00000	0
119	T	0.00000	0	1.00000	0
120	T	0.00000	0	1.00000	0
121	S	0.00000	0	1.00000	0
122	V	0.00000	0	1.00000	0
123	F	0.00000	0	1.00000	0
124	N	0.00000	0	1.00000	0
125	I	0.00000	0	1.00000	0
126	V	0.00000	0	1.00000	0
127	L	0.00000	0	1.00000	0
128	I	0.00000	0	1.00000	0
129	S	0.00000	0	1.00000	0
130	Y	0.00000	0	1.00000	0
131	D	0.00001	0	0.99999	0
132	R	0.00307	0	0.99693	0
133	F	0.02521	0	0.97479	0
134	L	0.10914	0	0.89086	0
135	S	0.85229	0	0.14771	0
136	V	0.99995	0	0.00005	0
137	T	1.00000	0	0.00000	0
138	R	1.00000	0	0.00000	0
139	A	1.00000	0	0.00000	0
140	V	1.00000	0	0.00000	0
141	S	1.00000	0	0.00000	0
142	Y	1.00000	0	0.00000	0
143	R	1.00000	0	0.00000	0
144	A	1.00000	0	0.00000	0
145	Q	1.00000	0	0.00000	0
146	Q	1.00000	0	0.00000	0
147	G	1.00000	0	0.00000	0
148	D	1.00000	0	0.00000	0
149	T	0.99993	0	0.00007	0
150	S	0.99948	0	0.00052	0
151	Q	0.97811	0	0.02189	0
152	A	0.47211	0	0.52789	0
153	V	0.06983	0	0.93017	0
154	F	0.01690	0	0.98310	0
155	K	0.01512	0	0.98488	0
156	M	0.00365	0	0.99635	0
157	V	0.00012	0	0.99988	0
158	M	0.00002	0	0.99998	0
159	V	0.00000	0	1.00000	0
160	W	0.00000	0	1.00000	0
161	I	0.00000	0	1.00000	0
162	L	0.00000	0	1.00000	0
163	A	0.00000	0	1.00000	0
164	F	0.00000	0	1.00000	0
165	L	0.00000	0	1.00000	0
166	L	0.00000	0	1.00000	0
167	Y	0.00000	0	1.00000	0
168	G	0.00000	1e-05	0.99999	0
169	P	0.00000	2e-05	0.99998	0
170	A	0.00000	7e-05	0.99993	0
171	I	0.00000	0.0023	0.99770	0
172	I	0.00000	0.06635	0.93365	0
173	S	0.00000	0.25559	0.74441	0
174	W	0.00000	0.51504	0.48496	0
175	E	0.00000	0.97947	0.02053	0
176	Y	0.00000	0.98431	0.01569	0
177	I	0.00000	0.98776	0.01224	0
178	S	0.00000	0.99671	0.00329	0
179	G	0.00000	0.99968	0.00032	0
180	G	0.00000	0.99999	0.00001	0
181	S	0.00000	1	0.00000	0
182	I	0.00000	1	0.00000	0
183	I	0.00000	1	0.00000	0
184	P	0.00000	1	0.00000	0
185	D	0.00000	1	0.00000	0
186	G	0.00000	1	0.00000	0
187	E	0.00000	1	0.00000	0
188	C	0.00000	1	0.00000	0
189	Y	0.00000	1	0.00000	0
190	A	0.00000	0.99999	0.00001	0
191	E	0.00000	0.99999	0.00001	0
192	F	0.00000	0.99947	0.00053	0
193	F	0.00000	0.99936	0.00064	0
194	Y	0.00000	0.99932	0.00068	0
195	N	0.00000	0.99914	0.00086	0
196	W	0.00000	0.98227	0.01773	0
197	Y	0.00000	0.95095	0.04905	0
198	F	0.00000	0.40029	0.59971	0
199	L	0.00000	0.36852	0.63148	0
200	I	0.00000	0.36625	0.63375	0
201	T	0.00000	0.00657	0.99343	0
202	A	0.00000	0.00462	0.99538	0
203	S	0.00000	0.00413	0.99587	0
204	T	0.00000	0.003	0.99700	0
205	I	0.00000	0	1.00000	0
206	E	0.00000	0	1.00000	0
207	F	0.00000	0	1.00000	0
208	F	0.00000	0	1.00000	0
209	T	0.00000	0	1.00000	0
210	P	0.00000	0	1.00000	0
211	F	0.00000	0	1.00000	0
212	I	0.00000	0	1.00000	0
213	S	0.00000	0	1.00000	0
214	V	0.00000	0	1.00000	0
215	T	0.00000	0	1.00000	0
216	F	0.00001	0	0.99999	0
217	F	0.00006	0	0.99994	0
218	N	0.00042	0	0.99958	0
219	L	0.00059	0	0.99941	0
220	S	0.00201	0	0.99799	0
221	I	0.00314	0	0.99686	0
222	Y	0.01370	0	0.98630	0
223	L	0.09859	0	0.90141	0
224	N	0.50841	0	0.49159	0
225	I	0.55177	0	0.44823	0
226	Q	0.99474	0	0.00526	0
227	K	0.99996	0	0.00004	0
228	R	1.00000	0	0.00000	0
229	T	1.00000	0	0.00000	0
230	K	1.00000	0	0.00000	0
231	V	1.00000	0	0.00000	0
232	R	1.00000	0	0.00000	0
233	L	1.00000	0	0.00000	0
234	D	1.00000	0	0.00000	0
235	V	1.00000	0	0.00000	0
236	L	1.00000	0	0.00000	0
237	N	1.00000	0	0.00000	0
238	E	1.00000	0	0.00000	0
239	T	1.00000	0	0.00000	0
240	Q	1.00000	0	0.00000	0
241	N	1.00000	0	0.00000	0
242	Q	1.00000	0	0.00000	0
243	N	1.00000	0	0.00000	0
244	F	1.00000	0	0.00000	0
245	M	1.00000	0	0.00000	0
246	E	1.00000	0	0.00000	0
247	E	1.00000	0	0.00000	0
248	I	1.00000	0	0.00000	0
249	E	1.00000	0	0.00000	0
250	M	1.00000	0	0.00000	0
251	S	1.00000	0	0.00000	0
252	Q	1.00000	0	0.00000	0
253	E	1.00000	0	0.00000	0
254	A	1.00000	0	0.00000	0
255	Q	1.00000	0	0.00000	0
256	I	1.00000	0	0.00000	0
257	S	1.00000	0	0.00000	0
258	M	1.00000	0	0.00000	0
259	K	1.00000	0	0.00000	0
260	C	1.00000	0	0.00000	0
261	C	1.00000	0	0.00000	0
262	K	1.00000	0	0.00000	0
263	W	1.00000	0	0.00000	0
264	E	1.00000	0	0.00000	0
265	P	1.00000	0	0.00000	0
266	K	1.00000	0	0.00000	0
267	D	1.00000	0	0.00000	0
268	T	1.00000	0	0.00000	0
269	A	1.00000	0	0.00000	0
270	Q	1.00000	0	0.00000	0
271	T	1.00000	0	0.00000	0
272	L	1.00000	0	0.00000	0
273	E	1.00000	0	0.00000	0
274	V	1.00000	0	0.00000	0
275	P	1.00000	0	0.00000	0
276	K	1.00000	0	0.00000	0
277	W	1.00000	0	0.00000	0
278	N	1.00000	0	0.00000	0
279	N	1.00000	0	0.00000	0
280	Q	1.00000	0	0.00000	0
281	E	1.00000	0	0.00000	0
282	E	1.00000	0	0.00000	0
283	I	1.00000	0	0.00000	0
284	S	1.00000	0	0.00000	0
285	R	1.00000	0	0.00000	0
286	G	1.00000	0	0.00000	0
287	S	1.00000	0	0.00000	0
288	T	1.00000	0	0.00000	0
289	N	1.00000	0	0.00000	0
290	V	1.00000	0	0.00000	0
291	K	1.00000	0	0.00000	0
292	S	1.00000	0	0.00000	0
293	S	1.00000	0	0.00000	0
294	L	1.00000	0	0.00000	0
295	D	1.00000	0	0.00000	0
296	S	1.00000	0	0.00000	0
297	N	1.00000	0	0.00000	0
298	T	1.00000	0	0.00000	0
299	E	1.00000	0	0.00000	0
300	S	1.00000	0	0.00000	0
301	S	1.00000	0	0.00000	0
302	R	1.00000	0	0.00000	0
303	S	1.00000	0	0.00000	0
304	P	1.00000	0	0.00000	0
305	I	1.00000	0	0.00000	0
306	D	1.00000	0	0.00000	0
307	K	1.00000	0	0.00000	0
308	M	1.00000	0	0.00000	0
309	K	1.00000	0	0.00000	0
310	P	1.00000	0	0.00000	0
311	P	1.00000	0	0.00000	0
312	S	1.00000	0	0.00000	0
313	K	1.00000	0	0.00000	0
314	K	1.00000	0	0.00000	0
315	I	1.00000	0	0.00000	0
316	Y	1.00000	0	0.00000	0
317	K	1.00000	0	0.00000	0
318	D	1.00000	0	0.00000	0
319	A	1.00000	0	0.00000	0
320	V	1.00000	0	0.00000	0
321	S	1.00000	0	0.00000	0
322	T	1.00000	0	0.00000	0
323	H	1.00000	0	0.00000	0
324	S	1.00000	0	0.00000	0
325	L	1.00000	0	0.00000	0
326	E	1.00000	0	0.00000	0
327	K	1.00000	0	0.00000	0
328	R	1.00000	0	0.00000	0
329	V	1.00000	0	0.00000	0
330	T	1.00000	0	0.00000	0
331	V	1.00000	0	0.00000	0
332	A	1.00000	0	0.00000	0
333	S	1.00000	0	0.00000	0
334	Q	1.00000	0	0.00000	0
335	N	1.00000	0	0.00000	0
336	M	1.00000	0	0.00000	0
337	S	1.00000	0	0.00000	0
338	Q	1.00000	0	0.00000	0
339	R	1.00000	0	0.00000	0
340	F	1.00000	0	0.00000	0
341	R	1.00000	0	0.00000	0
342	L	1.00000	0	0.00000	0
343	K	1.00000	0	0.00000	0
344	R	1.00000	0	0.00000	0
345	D	1.00000	0	0.00000	0
346	K	0.89695	0	0.10305	0
347	K	0.89593	0	0.10407	0
348	V	0.77817	0	0.22183	0
349	A	0.67878	0	0.32122	0
350	K	0.67616	0	0.32384	0
351	S	0.57104	0	0.42896	0
352	L	0.00148	0	0.99852	0
353	A	0.00090	0	0.99910	0
354	V	0.00063	0	0.99937	0
355	I	0.00000	0	1.00000	0
356	V	0.00000	0	1.00000	0
357	S	0.00000	0	1.00000	0
358	I	0.00000	0	1.00000	0
359	F	0.00000	0	1.00000	0
360	G	0.00000	0	1.00000	0
361	L	0.00000	0	1.00000	0
362	C	0.00000	0	1.00000	0
363	W	0.00000	0	1.00000	0
364	A	0.00000	0	1.00000	0
365	P	0.00000	0	1.00000	0
366	Y	0.00000	0	1.00000	0
367	T	0.00000	1e-05	0.99999	0
368	L	0.00000	0.0001	0.99990	0
369	L	0.00000	0.0009	0.99910	0
370	M	0.00000	0.00437	0.99563	0
371	I	0.00000	0.05964	0.94036	0
372	I	0.00000	0.13411	0.86589	0
373	R	0.00000	0.59121	0.40879	0
374	A	0.00000	0.63045	0.36955	0
375	A	0.00000	0.75908	0.24092	0
376	C	0.00000	0.97009	0.02991	0
377	H	0.00000	0.99339	0.00661	0
378	G	0.00000	0.99994	0.00006	0
379	H	0.00000	0.99999	0.00001	0
380	C	0.00000	1	0.00000	0
381	I	0.00000	1	0.00000	0
382	P	0.00000	1	0.00000	0
383	E	0.00000	1	0.00000	0
384	Y	0.00000	1	0.00000	0
385	W	0.00000	1	0.00000	0
386	Y	0.00000	1	0.00000	0
387	E	0.00000	0.99997	0.00003	0
388	T	0.00000	0.99969	0.00031	0
389	S	0.00000	0.99882	0.00118	0
390	F	0.00000	0.32933	0.67067	0
391	W	0.00000	0.02823	0.97177	0
392	L	0.00000	9e-05	0.99991	0
393	L	0.00000	0	1.00000	0
394	W	0.00000	0	1.00000	0
395	V	0.00000	0	1.00000	0
396	N	0.00000	0	1.00000	0
397	S	0.00000	0	1.00000	0
398	A	0.00000	0	1.00000	0
399	I	0.00000	0	1.00000	0
400	N	0.00000	0	1.00000	0
401	P	0.00000	0	1.00000	0
402	I	0.00000	0	1.00000	0
403	L	0.00000	0	1.00000	0
404	Y	0.00000	0	1.00000	0
405	P	0.00000	0	1.00000	0
406	L	0.00000	0	1.00000	0
407	C	0.00000	0	1.00000	0
408	H	0.00002	0	0.99998	0
409	Y	0.00108	0	0.99892	0
410	S	0.01099	0	0.98901	0
411	F	0.14902	0	0.85098	0
412	R	1.00000	0	0.00000	0
413	R	1.00000	0	0.00000	0
414	A	1.00000	0	0.00000	0
415	F	1.00000	0	0.00000	0
416	V	1.00000	0	0.00000	0
417	K	1.00000	0	0.00000	0
418	L	1.00000	0	0.00000	0
419	L	1.00000	0	0.00000	0
420	C	1.00000	0	0.00000	0
421	P	1.00000	0	0.00000	0
422	K	1.00000	0	0.00000	0
423	K	1.00000	0	0.00000	0
424	L	1.00000	0	0.00000	0
425	K	1.00000	0	0.00000	0
426	I	1.00000	0	0.00000	0
427	Q	1.00000	0	0.00000	0
428	P	1.00000	0	0.00000	0
429	H	1.00000	0	0.00000	0
430	N	1.00000	0	0.00000	0
431	S	1.00000	0	0.00000	0
432	F	1.00000	0	0.00000	0
433	Q	1.00000	0	0.00000	0
434	K	1.00000	0	0.00000	0
435	C	1.00000	0	0.00000	0
436	W	1.00000	0	0.00000	0
437	K	1.00000	0	0.00000	0
