# UNNAMED
#pos	aa	i	o	M	S
1	M	0.00000	0.99732	0.00000	0.00268
2	L	0.00000	0.99732	0.00000	0.00268
3	T	0.00000	0.99732	0.00000	0.00269
4	H	0.00000	0.99732	0.00000	0.00268
5	Y	0.00000	0.99732	0.00000	0.00268
6	Q	0.00000	0.99732	0.00000	0.00268
7	L	0.00000	0.99732	0.00000	0.00268
8	C	0.00000	0.99732	0.00000	0.00268
9	F	0.00000	0.99732	0.00000	0.00268
10	Q	0.00000	0.99732	0.00000	0.00268
11	K	0.00000	0.99732	0.00000	0.00268
12	R	0.00000	0.99732	0.00000	0.00269
13	S	0.00000	0.99732	0.00000	0.00268
14	S	0.00000	0.99735	0.00000	0.00265
15	Q	0.00000	0.99743	0.00000	0.00256
16	N	0.00000	0.99994	0.00000	7e-05
17	Y	0.00000	0.99993	0.00000	7e-05
18	T	0.00000	0.99993	0.00000	7e-05
19	V	0.00000	1	0.00000	0
20	P	0.00000	1	0.00000	0
21	D	0.00000	1	0.00000	0
22	P	0.00000	1	0.00000	0
23	T	0.00000	1	0.00000	0
24	S	0.00000	1	0.00000	0
25	R	0.00000	1	0.00000	0
26	F	0.00000	1	0.00000	0
27	D	0.00000	1	0.00000	0
28	V	0.00000	1	0.00000	0
29	P	0.00000	1	0.00000	0
30	P	0.00000	1	0.00000	0
31	W	0.00000	1	0.00000	0
32	T	0.00000	1	0.00000	0
33	I	0.00000	1	0.00000	0
34	L	0.00000	1	0.00000	0
35	C	0.00000	1	0.00000	0
36	Q	0.00000	1	0.00000	0
37	R	0.00000	1	0.00000	0
38	A	0.00000	1	0.00000	0
39	T	0.00000	1	0.00000	0
40	M	0.00000	1	0.00000	0
41	I	0.00000	1	0.00000	0
42	M	0.00000	1	0.00000	0
43	H	0.00000	1	0.00000	0
44	N	0.00000	1	0.00000	0
45	S	0.00000	1	0.00000	0
46	S	0.00000	1	0.00000	0
47	S	0.00000	1	0.00000	0
48	A	0.00000	1	0.00000	0
49	L	0.00000	1	0.00000	0
50	P	0.00000	1	0.00000	0
51	L	0.00000	1	0.00000	0
52	F	0.00000	1	0.00000	0
53	S	0.00000	1	0.00000	0
54	N	0.00000	1	0.00000	0
55	V	0.00000	1	0.00000	0
56	S	0.00000	1	0.00000	0
57	S	0.00000	1	0.00000	0
58	F	0.00000	1	0.00000	0
59	W	0.00000	1	0.00000	0
60	K	0.00000	1	0.00000	0
61	R	0.00000	1	0.00000	0
62	D	0.00000	1	0.00000	0
63	S	0.00000	1	0.00000	0
64	H	0.00000	1	0.00000	0
65	G	0.00000	1	0.00000	0
66	P	0.00000	1	0.00000	0
67	G	0.00000	1	0.00000	0
68	L	0.00000	1	0.00000	0
69	L	0.00000	1	0.00000	0
70	D	0.00000	1	0.00000	0
71	E	0.00000	1	0.00000	0
72	G	0.00000	1	0.00000	0
73	A	0.00000	1	0.00000	0
74	S	0.00000	1	0.00000	0
75	L	0.00000	1	0.00000	0
76	I	0.00000	1	0.00000	0
77	G	0.00000	1	0.00000	0
78	S	0.00000	1	0.00000	0
79	Y	0.00000	1	0.00000	0
80	D	0.00000	1	0.00000	0
81	F	0.00000	1	0.00000	0
82	P	0.00000	1	0.00000	0
83	Q	0.00000	1	0.00000	0
84	T	0.00000	1	0.00000	0
85	T	0.00000	1	0.00000	0
86	E	0.00000	1	0.00000	0
87	S	0.00000	1	0.00000	0
88	F	0.00000	1	0.00000	0
89	P	0.00000	1	0.00000	0
90	F	0.00000	1	0.00000	0
91	S	0.00000	1	0.00000	0
92	T	0.00000	1	0.00000	0
93	V	0.00000	1	0.00000	0
94	E	0.00000	1	0.00000	0
95	S	0.00000	1	0.00000	0
96	T	0.00000	1	0.00000	0
97	N	0.00000	1	0.00000	0
98	T	0.00000	1	0.00000	0
99	S	0.00000	1	0.00000	0
100	L	0.00000	1	0.00000	0
101	N	0.00000	1	0.00000	0
102	A	0.00000	1	0.00000	0
103	T	0.00000	1	0.00000	0
104	I	0.00000	1	0.00000	0
105	K	0.00000	1	0.00000	0
106	D	0.00000	1	0.00000	0
107	P	0.00000	1	0.00000	0
108	L	0.00000	0.99999	0.00001	0
109	G	0.00000	0.99997	0.00003	0
110	G	0.00000	0.99543	0.00457	0
111	H	0.00000	0.95766	0.04234	0
112	T	0.00000	0.84556	0.15444	0
113	V	0.00000	0.66308	0.33692	0
114	W	0.00000	0.59258	0.40742	0
115	Q	0.00000	0.54745	0.45255	0
116	V	0.00000	0.28926	0.71074	0
117	V	0.00000	0.09717	0.90283	0
118	L	0.00000	0.04941	0.95059	0
119	I	0.00000	0.00456	0.99544	0
120	A	0.00000	0.00254	0.99746	0
121	F	0.00000	0.00054	0.99946	0
122	L	0.00000	7e-05	0.99993	0
123	T	0.00000	1e-05	0.99999	0
124	G	0.00000	0	1.00000	0
125	I	0.00000	0	1.00000	0
126	I	0.00000	0	1.00000	0
127	A	0.00000	0	1.00000	0
128	L	0.00000	0	1.00000	0
129	V	0.00000	0	1.00000	0
130	T	0.00000	0	1.00000	0
131	I	0.00000	0	1.00000	0
132	I	0.00000	0	1.00000	0
133	G	0.00000	0	1.00000	0
134	N	0.00000	0	1.00000	0
135	I	0.00000	0	1.00000	0
136	L	0.00004	0	0.99996	0
137	V	0.00025	0	0.99975	0
138	I	0.00098	0	0.99902	0
139	V	0.03693	0	0.96307	0
140	S	0.62356	0	0.37644	0
141	F	0.68654	0	0.31346	0
142	K	0.99097	0	0.00903	0
143	V	0.99572	0	0.00428	0
144	N	0.99987	0	0.00013	0
145	K	1.00000	0	0.00000	0
146	Q	1.00000	0	0.00000	0
147	L	0.99996	0	0.00004	0
148	K	0.99986	0	0.00014	0
149	T	0.98176	0	0.01824	0
150	V	0.77538	0	0.22462	0
151	N	0.49423	0	0.50577	0
152	N	0.12700	0	0.87300	0
153	Y	0.05080	0	0.94920	0
154	F	0.00086	0	0.99914	0
155	L	0.00007	0	0.99993	0
156	L	0.00000	0	1.00000	0
157	S	0.00000	0	1.00000	0
158	L	0.00000	0	1.00000	0
159	A	0.00000	0	1.00000	0
160	C	0.00000	0	1.00000	0
161	A	0.00000	0	1.00000	0
162	D	0.00000	0	1.00000	0
163	L	0.00000	0	1.00000	0
164	I	0.00000	0	1.00000	0
165	I	0.00000	0	1.00000	0
166	G	0.00000	0	1.00000	0
167	V	0.00000	0	1.00000	0
168	I	0.00000	0.00068	0.99932	0
169	S	0.00000	0.03615	0.96385	0
170	M	0.00000	0.05606	0.94394	0
171	N	0.00000	0.21472	0.78528	0
172	L	0.00000	0.22624	0.77376	0
173	F	0.00000	0.26064	0.73936	0
174	T	0.00000	0.347	0.65300	0
175	T	0.00000	0.50162	0.49838	0
176	Y	0.00000	0.53481	0.46519	0
177	I	0.00000	0.55232	0.44768	0
178	I	0.00000	0.60736	0.39264	0
179	M	0.00000	0.68158	0.31842	0
180	G	0.00000	0.9008	0.09920	0
181	H	0.00000	0.99944	0.00056	0
182	W	0.00000	0.99983	0.00017	0
183	A	0.00000	0.99997	0.00003	0
184	L	0.00000	0.99999	0.00001	0
185	G	0.00000	1	0.00000	0
186	N	0.00000	1	0.00000	0
187	L	0.00000	0.99999	0.00001	0
188	A	0.00000	0.99999	0.00001	0
189	C	0.00000	0.99999	0.00001	0
190	D	0.00000	0.99997	0.00003	0
191	L	0.00000	0.99968	0.00032	0
192	W	0.00000	0.96589	0.03411	0
193	L	0.00000	0.62169	0.37831	0
194	S	0.00000	0.35754	0.64246	0
195	I	0.00000	0.0111	0.98890	0
196	D	0.00000	0.00042	0.99958	0
197	Y	0.00000	3e-05	0.99997	0
198	V	0.00000	0	1.00000	0
199	A	0.00000	0	1.00000	0
200	S	0.00000	0	1.00000	0
201	N	0.00000	0	1.00000	0
202	A	0.00000	0	1.00000	0
203	S	0.00000	0	1.00000	0
204	V	0.00000	0	1.00000	0
205	M	0.00000	0	1.00000	0
206	N	0.00000	0	1.00000	0
207	L	0.00000	0	1.00000	0
208	L	0.00000	0	1.00000	0
209	V	0.00000	0	1.00000	0
210	I	0.00000	0	1.00000	0
211	S	0.00000	0	1.00000	0
212	F	0.00000	0	1.00000	0
213	D	0.00004	0	0.99996	0
214	R	0.03645	0	0.96355	0
215	Y	0.20052	0	0.79948	0
216	F	0.54958	0	0.45042	0
217	S	0.88532	0	0.11468	0
218	I	0.99995	0	0.00005	0
219	T	1.00000	0	0.00000	0
220	R	1.00000	0	0.00000	0
221	P	1.00000	0	0.00000	0
222	L	1.00000	0	0.00000	0
223	T	1.00000	0	0.00000	0
224	Y	1.00000	0	0.00000	0
225	R	1.00000	0	0.00000	0
226	A	1.00000	0	0.00000	0
227	K	1.00000	0	0.00000	0
228	R	1.00000	0	0.00000	0
229	T	0.99999	0	0.00001	0
230	T	0.99996	0	0.00004	0
231	K	0.99978	0	0.00022	0
232	R	0.98076	0	0.01924	0
233	A	0.21090	0	0.78910	0
234	G	0.10140	0	0.89860	0
235	V	0.00747	0	0.99253	0
236	M	0.00235	0	0.99765	0
237	I	0.00009	0	0.99991	0
238	G	0.00003	0	0.99997	0
239	L	0.00000	0	1.00000	0
240	A	0.00000	0	1.00000	0
241	W	0.00000	0	1.00000	0
242	V	0.00000	0	1.00000	0
243	I	0.00000	0	1.00000	0
244	S	0.00000	0	1.00000	0
245	F	0.00000	0	1.00000	0
246	V	0.00000	0	1.00000	0
247	L	0.00000	0	1.00000	0
248	W	0.00000	0	1.00000	0
249	A	0.00000	0	1.00000	0
250	P	0.00000	1e-05	0.99999	0
251	A	0.00000	1e-05	0.99999	0
252	I	0.00000	0.00041	0.99959	0
253	L	0.00000	0.01086	0.98914	0
254	F	0.00000	0.12446	0.87554	0
255	W	0.00000	0.48009	0.51991	0
256	Q	0.00000	0.96074	0.03926	0
257	Y	0.00000	0.98085	0.01915	0
258	F	0.00000	0.98844	0.01156	0
259	V	0.00000	0.99642	0.00358	0
260	G	0.00000	0.99984	0.00016	0
261	K	0.00000	1	0.00000	0
262	R	0.00000	1	0.00000	0
263	T	0.00000	1	0.00000	0
264	V	0.00000	1	0.00000	0
265	P	0.00000	1	0.00000	0
266	P	0.00000	1	0.00000	0
267	D	0.00000	1	0.00000	0
268	E	0.00000	1	0.00000	0
269	C	0.00000	1	0.00000	0
270	F	0.00000	0.99989	0.00011	0
271	I	0.00000	0.99685	0.00315	0
272	Q	0.00000	0.99617	0.00383	0
273	F	0.00000	0.99599	0.00401	0
274	L	0.00000	0.99587	0.00413	0
275	S	0.00000	0.99558	0.00442	0
276	E	0.00000	0.99516	0.00484	0
277	P	0.00000	0.35691	0.64309	0
278	I	0.00000	0.11498	0.88502	0
279	I	0.00000	0.04172	0.95828	0
280	T	0.00000	0.0331	0.96690	0
281	F	0.00000	0.00409	0.99591	0
282	G	0.00000	0.00124	0.99876	0
283	T	0.00000	0.00055	0.99945	0
284	A	0.00000	0	1.00000	0
285	I	0.00000	0	1.00000	0
286	A	0.00000	0	1.00000	0
287	A	0.00000	0	1.00000	0
288	F	0.00000	0	1.00000	0
289	Y	0.00000	0	1.00000	0
290	L	0.00000	0	1.00000	0
291	P	0.00000	0	1.00000	0
292	V	0.00000	0	1.00000	0
293	T	0.00001	0	0.99999	0
294	I	0.00001	0	0.99999	0
295	M	0.00003	0	0.99997	0
296	S	0.00004	0	0.99996	0
297	I	0.00008	0	0.99992	0
298	L	0.00017	0	0.99983	0
299	Y	0.00076	0	0.99924	0
300	W	0.00726	0	0.99274	0
301	R	0.19204	0	0.80796	0
302	I	0.22857	0	0.77143	0
303	Y	0.37029	0	0.62971	0
304	K	0.99649	0	0.00351	0
305	E	0.99992	0	0.00008	0
306	T	1.00000	0	0.00000	0
307	E	1.00000	0	0.00000	0
308	K	1.00000	0	0.00000	0
309	R	1.00000	0	0.00000	0
310	T	1.00000	0	0.00000	0
311	K	1.00000	0	0.00000	0
312	E	1.00000	0	0.00000	0
313	L	1.00000	0	0.00000	0
314	A	1.00000	0	0.00000	0
315	G	1.00000	0	0.00000	0
316	L	1.00000	0	0.00000	0
317	Q	1.00000	0	0.00000	0
318	A	1.00000	0	0.00000	0
319	S	1.00000	0	0.00000	0
320	G	1.00000	0	0.00000	0
321	S	1.00000	0	0.00000	0
322	E	1.00000	0	0.00000	0
323	A	1.00000	0	0.00000	0
324	E	1.00000	0	0.00000	0
325	T	1.00000	0	0.00000	0
326	A	1.00000	0	0.00000	0
327	R	1.00000	0	0.00000	0
328	F	1.00000	0	0.00000	0
329	V	1.00000	0	0.00000	0
330	H	1.00000	0	0.00000	0
331	Q	1.00000	0	0.00000	0
332	T	1.00000	0	0.00000	0
333	G	1.00000	0	0.00000	0
334	S	1.00000	0	0.00000	0
335	S	1.00000	0	0.00000	0
336	R	1.00000	0	0.00000	0
337	S	1.00000	0	0.00000	0
338	C	1.00000	0	0.00000	0
339	S	1.00000	0	0.00000	0
340	S	1.00000	0	0.00000	0
341	Y	1.00000	0	0.00000	0
342	E	1.00000	0	0.00000	0
343	L	1.00000	0	0.00000	0
344	Q	1.00000	0	0.00000	0
345	R	1.00000	0	0.00000	0
346	Q	1.00000	0	0.00000	0
347	S	1.00000	0	0.00000	0
348	T	1.00000	0	0.00000	0
349	K	1.00000	0	0.00000	0
350	R	1.00000	0	0.00000	0
351	S	1.00000	0	0.00000	0
352	S	1.00000	0	0.00000	0
353	R	1.00000	0	0.00000	0
354	R	1.00000	0	0.00000	0
355	K	1.00000	0	0.00000	0
356	Y	1.00000	0	0.00000	0
357	R	1.00000	0	0.00000	0
358	R	1.00000	0	0.00000	0
359	C	1.00000	0	0.00000	0
360	H	1.00000	0	0.00000	0
361	F	1.00000	0	0.00000	0
362	W	1.00000	0	0.00000	0
363	L	1.00000	0	0.00000	0
364	T	1.00000	0	0.00000	0
365	M	1.00000	0	0.00000	0
366	K	1.00000	0	0.00000	0
367	S	1.00000	0	0.00000	0
368	W	1.00000	0	0.00000	0
369	E	1.00000	0	0.00000	0
370	P	1.00000	0	0.00000	0
371	N	1.00000	0	0.00000	0
372	T	1.00000	0	0.00000	0
373	D	1.00000	0	0.00000	0
374	Q	1.00000	0	0.00000	0
375	G	1.00000	0	0.00000	0
376	D	1.00000	0	0.00000	0
377	Q	1.00000	0	0.00000	0
378	E	1.00000	0	0.00000	0
379	H	1.00000	0	0.00000	0
380	S	1.00000	0	0.00000	0
381	S	1.00000	0	0.00000	0
382	S	1.00000	0	0.00000	0
383	D	1.00000	0	0.00000	0
384	S	1.00000	0	0.00000	0
385	W	1.00000	0	0.00000	0
386	N	1.00000	0	0.00000	0
387	N	1.00000	0	0.00000	0
388	N	1.00000	0	0.00000	0
389	D	1.00000	0	0.00000	0
390	A	1.00000	0	0.00000	0
391	A	1.00000	0	0.00000	0
392	A	1.00000	0	0.00000	0
393	S	1.00000	0	0.00000	0
394	L	1.00000	0	0.00000	0
395	E	1.00000	0	0.00000	0
396	N	1.00000	0	0.00000	0
397	S	1.00000	0	0.00000	0
398	A	1.00000	0	0.00000	0
399	S	1.00000	0	0.00000	0
400	S	1.00000	0	0.00000	0
401	D	1.00000	0	0.00000	0
402	E	1.00000	0	0.00000	0
403	E	1.00000	0	0.00000	0
404	D	1.00000	0	0.00000	0
405	I	1.00000	0	0.00000	0
406	T	1.00000	0	0.00000	0
407	A	1.00000	0	0.00000	0
408	E	1.00000	0	0.00000	0
409	T	1.00000	0	0.00000	0
410	R	1.00000	0	0.00000	0
411	A	1.00000	0	0.00000	0
412	I	1.00000	0	0.00000	0
413	Y	1.00000	0	0.00000	0
414	S	1.00000	0	0.00000	0
415	I	1.00000	0	0.00000	0
416	V	1.00000	0	0.00000	0
417	L	1.00000	0	0.00000	0
418	K	1.00000	0	0.00000	0
419	L	1.00000	0	0.00000	0
420	P	1.00000	0	0.00000	0
421	G	1.00000	0	0.00000	0
422	H	1.00000	0	0.00000	0
423	S	1.00000	0	0.00000	0
424	A	1.00000	0	0.00000	0
425	I	1.00000	0	0.00000	0
426	L	1.00000	0	0.00000	0
427	N	1.00000	0	0.00000	0
428	S	1.00000	0	0.00000	0
429	T	1.00000	0	0.00000	0
430	K	1.00000	0	0.00000	0
431	L	1.00000	0	0.00000	0
432	P	1.00000	0	0.00000	0
433	S	1.00000	0	0.00000	0
434	T	1.00000	0	0.00000	0
435	E	1.00000	0	0.00000	0
436	D	1.00000	0	0.00000	0
437	L	1.00000	0	0.00000	0
438	N	1.00000	0	0.00000	0
439	E	1.00000	0	0.00000	0
440	S	1.00000	0	0.00000	0
441	A	1.00000	0	0.00000	0
442	D	1.00000	0	0.00000	0
443	E	1.00000	0	0.00000	0
444	L	1.00000	0	0.00000	0
445	Q	1.00000	0	0.00000	0
446	K	1.00000	0	0.00000	0
447	S	1.00000	0	0.00000	0
448	D	1.00000	0	0.00000	0
449	M	1.00000	0	0.00000	0
450	E	1.00000	0	0.00000	0
451	S	1.00000	0	0.00000	0
452	Q	1.00000	0	0.00000	0
453	E	1.00000	0	0.00000	0
454	K	1.00000	0	0.00000	0
455	K	1.00000	0	0.00000	0
456	P	1.00000	0	0.00000	0
457	K	1.00000	0	0.00000	0
458	K	1.00000	0	0.00000	0
459	L	1.00000	0	0.00000	0
460	Q	1.00000	0	0.00000	0
461	P	1.00000	0	0.00000	0
462	P	1.00000	0	0.00000	0
463	K	1.00000	0	0.00000	0
464	S	1.00000	0	0.00000	0
465	I	1.00000	0	0.00000	0
466	Q	1.00000	0	0.00000	0
467	D	1.00000	0	0.00000	0
468	G	1.00000	0	0.00000	0
469	G	1.00000	0	0.00000	0
470	S	1.00000	0	0.00000	0
471	F	1.00000	0	0.00000	0
472	Q	1.00000	0	0.00000	0
473	K	1.00000	0	0.00000	0
474	S	1.00000	0	0.00000	0
475	F	1.00000	0	0.00000	0
476	S	1.00000	0	0.00000	0
477	K	1.00000	0	0.00000	0
478	L	1.00000	0	0.00000	0
479	P	1.00000	0	0.00000	0
480	I	1.00000	0	0.00000	0
481	Q	1.00000	0	0.00000	0
482	P	1.00000	0	0.00000	0
483	G	1.00000	0	0.00000	0
484	S	1.00000	0	0.00000	0
485	A	1.00000	0	0.00000	0
486	E	1.00000	0	0.00000	0
487	T	1.00000	0	0.00000	0
488	A	1.00000	0	0.00000	0
489	T	1.00000	0	0.00000	0
490	A	1.00000	0	0.00000	0
491	S	1.00000	0	0.00000	0
492	D	1.00000	0	0.00000	0
493	G	1.00000	0	0.00000	0
494	I	1.00000	0	0.00000	0
495	S	1.00000	0	0.00000	0
496	S	1.00000	0	0.00000	0
497	M	1.00000	0	0.00000	0
498	T	1.00000	0	0.00000	0
499	K	1.00000	0	0.00000	0
500	T	1.00000	0	0.00000	0
501	S	1.00000	0	0.00000	0
502	A	1.00000	0	0.00000	0
503	A	1.00000	0	0.00000	0
504	L	1.00000	0	0.00000	0
505	P	1.00000	0	0.00000	0
506	L	1.00000	0	0.00000	0
507	S	1.00000	0	0.00000	0
508	F	1.00000	0	0.00000	0
509	K	1.00000	0	0.00000	0
510	E	1.00000	0	0.00000	0
511	A	1.00000	0	0.00000	0
512	T	1.00000	0	0.00000	0
513	L	1.00000	0	0.00000	0
514	A	1.00000	0	0.00000	0
515	K	1.00000	0	0.00000	0
516	K	1.00000	0	0.00000	0
517	F	1.00000	0	0.00000	0
518	A	1.00000	0	0.00000	0
519	L	1.00000	0	0.00000	0
520	K	1.00000	0	0.00000	0
521	T	1.00000	0	0.00000	0
522	R	1.00000	0	0.00000	0
523	S	1.00000	0	0.00000	0
524	Q	1.00000	0	0.00000	0
525	I	1.00000	0	0.00000	0
526	T	1.00000	0	0.00000	0
527	K	1.00000	0	0.00000	0
528	R	1.00000	0	0.00000	0
529	K	1.00000	0	0.00000	0
530	R	1.00000	0	0.00000	0
531	M	1.00000	0	0.00000	0
532	S	1.00000	0	0.00000	0
533	L	1.00000	0	0.00000	0
534	I	1.00000	0	0.00000	0
535	K	1.00000	0	0.00000	0
536	E	1.00000	0	0.00000	0
537	K	0.96853	0	0.03147	0
538	K	0.96694	0	0.03306	0
539	A	0.16528	0	0.83472	0
540	A	0.10899	0	0.89101	0
541	Q	0.10454	0	0.89546	0
542	T	0.08659	0	0.91341	0
543	L	0.03091	0	0.96909	0
544	S	0.00762	0	0.99238	0
545	A	0.00072	0	0.99928	0
546	I	0.00008	0	0.99992	0
547	L	0.00004	0	0.99996	0
548	F	0.00000	0	1.00000	0
549	A	0.00000	0	1.00000	0
550	F	0.00000	0	1.00000	0
551	I	0.00000	0	1.00000	0
552	I	0.00000	0	1.00000	0
553	T	0.00000	0	1.00000	0
554	W	0.00000	0	1.00000	0
555	T	0.00000	0	1.00000	0
556	P	0.00000	0	1.00000	0
557	Y	0.00000	3e-05	0.99997	0
558	N	0.00000	0.00018	0.99982	0
559	I	0.00000	0.00028	0.99972	0
560	M	0.00000	0.00152	0.99848	0
561	V	0.00000	0.01875	0.98125	0
562	L	0.00000	0.16446	0.83554	0
563	V	0.00000	0.38055	0.61945	0
564	N	0.00000	0.84432	0.15568	0
565	T	0.00000	0.90081	0.09919	0
566	F	0.00000	0.91697	0.08303	0
567	C	0.00000	0.99263	0.00737	0
568	N	0.00000	0.99915	0.00085	0
569	C	0.00000	0.99987	0.00013	0
570	V	0.00000	0.99991	0.00009	0
571	P	0.00000	0.99958	0.00042	0
572	K	0.00000	0.99403	0.00597	0
573	T	0.00000	0.88891	0.11109	0
574	V	0.00000	0.8663	0.13370	0
575	W	0.00000	0.85767	0.14233	0
576	N	0.00000	0.57892	0.42108	0
577	L	0.00000	0.02428	0.97572	0
578	G	0.00000	0.0155	0.98450	0
579	Y	0.00000	0.00043	0.99957	0
580	W	0.00000	0	1.00000	0
581	L	0.00000	0	1.00000	0
582	C	0.00000	0	1.00000	0
583	Y	0.00000	0	1.00000	0
584	I	0.00000	0	1.00000	0
585	N	0.00000	0	1.00000	0
586	S	0.00000	0	1.00000	0
587	T	0.00000	0	1.00000	0
588	V	0.00000	0	1.00000	0
589	N	0.00000	0	1.00000	0
590	P	0.00000	0	1.00000	0
591	V	0.00000	0	1.00000	0
592	C	0.00002	0	0.99998	0
593	Y	0.00030	0	0.99970	0
594	A	0.00186	0	0.99814	0
595	L	0.00701	0	0.99299	0
596	C	0.16974	0	0.83026	0
597	N	0.38136	0	0.61864	0
598	K	1.00000	0	0.00000	0
599	M	1.00000	0	0.00000	0
600	F	1.00000	0	0.00000	0
601	R	1.00000	0	0.00000	0
602	N	1.00000	0	0.00000	0
603	T	1.00000	0	0.00000	0
604	F	1.00000	0	0.00000	0
605	K	1.00000	0	0.00000	0
606	M	1.00000	0	0.00000	0
607	L	1.00000	0	0.00000	0
608	L	1.00000	0	0.00000	0
609	L	1.00000	0	0.00000	0
610	C	1.00000	0	0.00000	0
611	Q	1.00000	0	0.00000	0
612	C	1.00000	0	0.00000	0
613	D	1.00000	0	0.00000	0
614	K	1.00000	0	0.00000	0
615	R	1.00000	0	0.00000	0
616	K	1.00000	0	0.00000	0
617	R	1.00000	0	0.00000	0
618	R	1.00000	0	0.00000	0
619	K	1.00000	0	0.00000	0
620	Q	1.00000	0	0.00000	0
621	Q	1.00000	0	0.00000	0
622	Y	1.00000	0	0.00000	0
623	Q	1.00000	0	0.00000	0
624	Q	1.00000	0	0.00000	0
625	R	1.00000	0	0.00000	0
626	Q	1.00000	0	0.00000	0
627	S	1.00000	0	0.00000	0
628	V	1.00000	0	0.00000	0
629	I	1.00000	0	0.00000	0
630	F	1.00000	0	0.00000	0
631	H	1.00000	0	0.00000	0
632	K	1.00000	0	0.00000	0
633	R	1.00000	0	0.00000	0
634	I	1.00000	0	0.00000	0
635	P	1.00000	0	0.00000	0
636	R	1.00000	0	0.00000	0
637	E	1.00000	0	0.00000	0
638	A	1.00000	0	0.00000	0
639	S	1.00000	0	0.00000	0
