# UNNAMED
#pos	aa	i	o	M	S
1	M	0.00000	0.99988	0.00000	0.00012
2	S	0.00000	0.99988	0.00000	0.00012
3	L	0.00000	0.99988	0.00000	0.00012
4	P	0.00000	0.99988	0.00000	0.00012
5	D	0.00000	0.99988	0.00000	0.00012
6	P	0.00000	0.99988	0.00000	0.00012
7	W	0.00000	0.99988	0.00000	0.00012
8	N	0.00000	0.99988	0.00000	0.00013
9	S	0.00000	0.99988	0.00000	0.00013
10	P	0.00000	0.99988	0.00000	0.00013
11	E	0.00000	0.99988	0.00000	0.00013
12	V	0.00000	0.99988	0.00000	0.00013
13	Q	0.00000	0.99988	0.00000	0.00012
14	F	0.00000	0.99988	0.00000	0.00012
15	C	0.00000	0.99988	0.00000	0.00012
16	F	0.00000	0.99988	0.00000	0.00012
17	A	0.00000	0.99988	0.00000	0.00012
18	F	0.00000	0.99991	0.00000	9e-05
19	V	0.00000	0.99991	0.00000	9e-05
20	N	0.00000	0.99991	0.00000	9e-05
21	S	0.00000	0.99991	0.00000	9e-05
22	S	0.00000	0.99991	0.00000	0.0001
23	C	0.00000	0.99997	0.00000	4e-05
24	P	0.00000	0.99997	0.00000	3e-05
25	K	0.00000	0.99997	0.00000	3e-05
26	N	0.00000	0.99997	0.00000	3e-05
27	V	0.00000	0.99995	0.00002	3e-05
28	R	0.00000	0.99995	0.00002	3e-05
29	S	0.00000	0.99967	0.00030	3e-05
30	V	0.00000	0.99655	0.00345	0
31	L	0.00000	0.9949	0.00510	0
32	S	0.00000	0.99378	0.00622	0
33	A	0.00000	0.71245	0.28755	0
34	F	0.00000	0.34007	0.65993	0
35	A	0.00000	0.1991	0.80090	0
36	L	0.00000	0.12104	0.87896	0
37	Y	0.00000	0.01873	0.98127	0
38	V	0.00000	0.00718	0.99282	0
39	V	0.00000	0.00444	0.99556	0
40	M	0.00000	0.00306	0.99694	0
41	I	0.00000	0.00018	0.99982	0
42	G	0.00000	8e-05	0.99992	0
43	A	0.00000	0	1.00000	0
44	I	0.00000	0	1.00000	0
45	V	0.00000	0	1.00000	0
46	M	0.00000	0	1.00000	0
47	T	0.00000	0	1.00000	0
48	M	0.00000	0	1.00000	0
49	L	0.00000	0	1.00000	0
50	G	0.00000	0	1.00000	0
51	N	0.00000	0	1.00000	0
52	M	0.00000	0	1.00000	0
53	V	0.00000	0	1.00000	0
54	V	0.00001	0	0.99999	0
55	I	0.00010	0	0.99990	0
56	V	0.00949	0	0.99051	0
57	S	0.27360	0	0.72640	0
58	I	0.31161	0	0.68839	0
59	A	0.59243	0	0.40757	0
60	H	0.83746	0	0.16254	0
61	F	0.88885	0	0.11115	0
62	K	0.99696	0	0.00304	0
63	Q	0.99998	0	0.00002	0
64	L	0.99999	0	0.00001	0
65	H	1.00000	0	0.00000	0
66	S	1.00000	0	0.00000	0
67	P	1.00000	0	0.00000	0
68	T	0.94882	0	0.05118	0
69	N	0.19114	0	0.80886	0
70	F	0.04653	0	0.95347	0
71	L	0.00079	0	0.99921	0
72	I	0.00006	0	0.99994	0
73	L	0.00000	0	1.00000	0
74	S	0.00000	0	1.00000	0
75	M	0.00000	0	1.00000	0
76	A	0.00000	0	1.00000	0
77	I	0.00000	0	1.00000	0
78	T	0.00000	0	1.00000	0
79	D	0.00000	0	1.00000	0
80	F	0.00000	0	1.00000	0
81	L	0.00000	0	1.00000	0
82	L	0.00000	0	1.00000	0
83	S	0.00000	0	1.00000	0
84	C	0.00000	0	1.00000	0
85	V	0.00000	0	1.00000	0
86	V	0.00000	0	1.00000	0
87	M	0.00000	0	1.00000	0
88	P	0.00000	0	1.00000	0
89	F	0.00000	0.00011	0.99989	0
90	S	0.00000	0.28874	0.71126	0
91	M	0.00000	0.34772	0.65228	0
92	I	0.00000	0.56284	0.43716	0
93	R	0.00000	0.99989	0.00011	0
94	S	0.00000	0.99995	0.00005	0
95	I	0.00000	0.99995	0.00005	0
96	E	0.00000	1	0.00000	0
97	S	0.00000	1	0.00000	0
98	C	0.00000	1	0.00000	0
99	W	0.00000	1	0.00000	0
100	Y	0.00000	1	0.00000	0
101	F	0.00000	0.99999	0.00001	0
102	G	0.00000	0.99999	0.00001	0
103	D	0.00000	0.99999	0.00001	0
104	L	0.00000	0.99987	0.00013	0
105	F	0.00000	0.99839	0.00161	0
106	C	0.00000	0.99821	0.00179	0
107	K	0.00000	0.99797	0.00203	0
108	I	0.00000	0.99658	0.00342	0
109	H	0.00000	0.89012	0.10988	0
110	S	0.00000	0.76819	0.23181	0
111	C	0.00000	0.64226	0.35774	0
112	C	0.00000	0.06776	0.93224	0
113	D	0.00000	0.0126	0.98740	0
114	I	0.00000	0.00016	0.99984	0
115	M	0.00000	0	1.00000	0
116	F	0.00000	0	1.00000	0
117	C	0.00000	0	1.00000	0
118	T	0.00000	0	1.00000	0
119	T	0.00000	0	1.00000	0
120	S	0.00000	0	1.00000	0
121	I	0.00000	0	1.00000	0
122	F	0.00000	0	1.00000	0
123	H	0.00000	0	1.00000	0
124	L	0.00000	0	1.00000	0
125	C	0.00001	0	0.99999	0
126	F	0.00001	0	0.99999	0
127	I	0.00002	0	0.99998	0
128	S	0.00003	0	0.99997	0
129	V	0.00004	0	0.99996	0
130	D	0.00008	0	0.99992	0
131	R	0.05926	0	0.94074	0
132	Y	0.76638	0	0.23362	0
133	Y	0.89171	0	0.10829	0
134	A	0.97324	0	0.02676	0
135	V	0.99999	0	0.00001	0
136	C	1.00000	0	0.00000	0
137	D	1.00000	0	0.00000	0
138	P	1.00000	0	0.00000	0
139	L	1.00000	0	0.00000	0
140	H	1.00000	0	0.00000	0
141	Y	1.00000	0	0.00000	0
142	V	1.00000	0	0.00000	0
143	T	1.00000	0	0.00000	0
144	K	0.99999	0	0.00001	0
145	I	0.99312	0	0.00688	0
146	T	0.98879	0	0.01121	0
147	I	0.94530	0	0.05470	0
148	P	0.91591	0	0.08409	0
149	V	0.11265	0	0.88735	0
150	I	0.03398	0	0.96602	0
151	E	0.02599	0	0.97401	0
152	V	0.00129	0	0.99871	0
153	F	0.00018	0	0.99982	0
154	L	0.00002	0	0.99998	0
155	L	0.00000	0	1.00000	0
156	I	0.00000	0	1.00000	0
157	S	0.00000	0	1.00000	0
158	W	0.00000	0	1.00000	0
159	S	0.00000	0	1.00000	0
160	F	0.00000	0	1.00000	0
161	P	0.00000	0	1.00000	0
162	T	0.00000	0	1.00000	0
163	F	0.00000	0	1.00000	0
164	F	0.00000	0	1.00000	0
165	A	0.00000	7e-05	0.99993	0
166	F	0.00000	0.00054	0.99946	0
167	G	0.00000	0.00931	0.99069	0
168	L	0.00000	0.01403	0.98597	0
169	V	0.00000	0.0559	0.94410	0
170	F	0.00000	0.24352	0.75648	0
171	S	0.00000	0.83189	0.16811	0
172	E	0.00000	0.98071	0.01929	0
173	L	0.00000	0.98589	0.01411	0
174	N	0.00000	0.99777	0.00223	0
175	I	0.00000	0.99852	0.00148	0
176	I	0.00000	0.99923	0.00077	0
177	G	0.00000	0.99997	0.00003	0
178	T	0.00000	1	0.00000	0
179	E	0.00000	1	0.00000	0
180	D	0.00000	1	0.00000	0
181	F	0.00000	1	0.00000	0
182	I	0.00000	1	0.00000	0
183	A	0.00000	1	0.00000	0
184	A	0.00000	1	0.00000	0
185	I	0.00000	1	0.00000	0
186	D	0.00000	1	0.00000	0
187	C	0.00000	1	0.00000	0
188	T	0.00000	1	0.00000	0
189	G	0.00000	1	0.00000	0
190	S	0.00000	1	0.00000	0
191	C	0.00000	0.99998	0.00002	0
192	V	0.00000	0.96283	0.03717	0
193	L	0.00000	0.9628	0.03720	0
194	I	0.00000	0.96257	0.03743	0
195	F	0.00000	0.96131	0.03869	0
196	N	0.00000	0.96115	0.03885	0
197	K	0.00000	0.96093	0.03907	0
198	L	0.00000	0.75299	0.24701	0
199	W	0.00000	0.12065	0.87935	0
200	G	0.00000	0.09215	0.90785	0
201	M	0.00000	0.02524	0.97476	0
202	L	0.00000	0.00166	0.99834	0
203	A	0.00000	0.00025	0.99975	0
204	S	0.00000	7e-05	0.99993	0
205	F	0.00000	4e-05	0.99996	0
206	I	0.00000	0	1.00000	0
207	A	0.00000	0	1.00000	0
208	F	0.00000	0	1.00000	0
209	F	0.00000	0	1.00000	0
210	L	0.00000	0	1.00000	0
211	P	0.00000	0	1.00000	0
212	G	0.00000	0	1.00000	0
213	T	0.00000	0	1.00000	0
214	V	0.00000	0	1.00000	0
215	M	0.00001	0	0.99999	0
216	V	0.00002	0	0.99998	0
217	G	0.00075	0	0.99925	0
218	I	0.00142	0	0.99858	0
219	Y	0.00482	0	0.99518	0
220	I	0.01284	0	0.98716	0
221	H	0.03395	0	0.96605	0
222	I	0.04032	0	0.95968	0
223	F	0.12950	0	0.87050	0
224	A	0.73569	0	0.26431	0
225	V	0.82004	0	0.17996	0
226	A	0.99543	0	0.00457	0
227	R	0.99989	0	0.00011	0
228	K	1.00000	0	0.00000	0
229	H	1.00000	0	0.00000	0
230	A	1.00000	0	0.00000	0
231	K	1.00000	0	0.00000	0
232	K	1.00000	0	0.00000	0
233	I	1.00000	0	0.00000	0
234	D	1.00000	0	0.00000	0
235	V	1.00000	0	0.00000	0
236	G	1.00000	0	0.00000	0
237	P	1.00000	0	0.00000	0
238	K	1.00000	0	0.00000	0
239	M	1.00000	0	0.00000	0
240	K	1.00000	0	0.00000	0
241	Q	1.00000	0	0.00000	0
242	A	1.00000	0	0.00000	0
243	G	1.00000	0	0.00000	0
244	L	1.00000	0	0.00000	0
245	E	1.00000	0	0.00000	0
246	S	1.00000	0	0.00000	0
247	K	1.00000	0	0.00000	0
248	I	1.00000	0	0.00000	0
249	K	1.00000	0	0.00000	0
250	T	1.00000	0	0.00000	0
251	S	1.00000	0	0.00000	0
252	S	1.00000	0	0.00000	0
253	K	1.00000	0	0.00000	0
254	K	1.00000	0	0.00000	0
255	E	1.00000	0	0.00000	0
256	S	0.98866	0	0.01134	0
257	K	0.98765	0	0.01235	0
258	A	0.47137	0	0.52863	0
259	T	0.46831	0	0.53169	0
260	K	0.39212	0	0.60788	0
261	T	0.26751	0	0.73249	0
262	L	0.00219	0	0.99781	0
263	S	0.00038	0	0.99962	0
264	I	0.00011	0	0.99989	0
265	V	0.00010	0	0.99990	0
266	M	0.00010	0	0.99990	0
267	G	0.00001	0	0.99999	0
268	V	0.00000	0	1.00000	0
269	F	0.00000	0	1.00000	0
270	L	0.00000	0	1.00000	0
271	L	0.00000	0	1.00000	0
272	C	0.00000	0	1.00000	0
273	W	0.00000	0	1.00000	0
274	L	0.00000	0	1.00000	0
275	P	0.00000	0	1.00000	0
276	F	0.00000	0	1.00000	0
277	F	0.00000	0	1.00000	0
278	V	0.00000	7e-05	0.99993	0
279	M	0.00000	0.00075	0.99925	0
280	I	0.00000	0.01007	0.98993	0
281	V	0.00000	0.12965	0.87035	0
282	T	0.00000	0.57316	0.42684	0
283	D	0.00000	0.96622	0.03378	0
284	P	0.00000	0.96805	0.03195	0
285	L	0.00000	0.96851	0.03149	0
286	I	0.00000	0.97094	0.02906	0
287	N	0.00000	0.9794	0.02060	0
288	F	0.00000	0.98018	0.01982	0
289	T	0.00000	0.9875	0.01250	0
290	I	0.00000	0.99201	0.00799	0
291	P	0.00000	0.99896	0.00104	0
292	E	0.00000	0.99995	0.00005	0
293	N	0.00000	0.99991	0.00009	0
294	L	0.00000	0.99973	0.00027	0
295	S	0.00000	0.99961	0.00039	0
296	H	0.00000	0.88652	0.11348	0
297	A	0.00000	0.30446	0.69554	0
298	F	0.00000	0.07531	0.92469	0
299	V	0.00000	0.00865	0.99135	0
300	W	0.00000	0.00053	0.99947	0
301	L	0.00000	0	1.00000	0
302	A	0.00000	0	1.00000	0
303	Y	0.00000	0	1.00000	0
304	F	0.00000	0	1.00000	0
305	N	0.00000	0	1.00000	0
306	S	0.00000	0	1.00000	0
307	T	0.00000	0	1.00000	0
308	L	0.00000	0	1.00000	0
309	N	0.00000	0	1.00000	0
310	P	0.00000	0	1.00000	0
311	M	0.00001	0	0.99999	0
312	I	0.00001	0	0.99999	0
313	Y	0.00002	0	0.99998	0
314	G	0.00003	0	0.99997	0
315	M	0.00029	0	0.99971	0
316	F	0.00776	0	0.99224	0
317	Y	0.03706	0	0.96294	0
318	P	0.21342	0	0.78658	0
319	W	0.38644	0	0.61356	0
320	F	0.87354	0	0.12646	0
321	R	1.00000	0	0.00000	0
322	K	1.00000	0	0.00000	0
323	A	1.00000	0	0.00000	0
324	L	1.00000	0	0.00000	0
325	R	1.00000	0	0.00000	0
326	M	1.00000	0	0.00000	0
327	I	1.00000	0	0.00000	0
328	V	1.00000	0	0.00000	0
329	T	1.00000	0	0.00000	0
330	G	1.00000	0	0.00000	0
331	T	1.00000	0	0.00000	0
332	I	1.00000	0	0.00000	0
333	F	1.00000	0	0.00000	0
334	R	1.00000	0	0.00000	0
335	P	1.00000	0	0.00000	0
336	D	1.00000	0	0.00000	0
337	S	1.00000	0	0.00000	0
338	S	1.00000	0	0.00000	0
339	T	1.00000	0	0.00000	0
340	L	1.00000	0	0.00000	0
341	S	1.00000	0	0.00000	0
342	L	1.00000	0	0.00000	0
343	F	1.00000	0	0.00000	0
344	L	1.00000	0	0.00000	0
345	A	1.00000	0	0.00000	0
346	H	1.00000	0	0.00000	0
347	S	1.00000	0	0.00000	0
