# UNNAMED
#pos	aa	i	o	M	S
1	M	0.00000	0.99952	0.00000	0.00048
2	K	0.00000	0.99952	0.00000	0.00048
3	S	0.00000	0.99952	0.00000	0.00047
4	F	0.00000	0.99952	0.00000	0.00047
5	S	0.00000	0.99952	0.00000	0.00047
6	R	0.00000	0.99952	0.00000	0.00048
7	I	0.00000	0.99952	0.00000	0.00048
8	S	0.00000	0.99952	0.00000	0.00048
9	S	0.00000	0.99952	0.00000	0.00048
10	Y	0.00000	0.99952	0.00000	0.00048
11	P	0.00000	0.99952	0.00000	0.00048
12	N	0.00000	0.99952	0.00000	0.00048
13	S	0.00000	0.99952	0.00000	0.00047
14	T	0.00000	0.99952	0.00000	0.00048
15	L	0.00000	0.99955	0.00000	0.00045
16	S	0.00000	0.99957	0.00000	0.00043
17	A	0.00000	0.99967	0.00000	0.00033
18	S	0.00000	0.99983	0.00000	0.00017
19	L	0.00000	0.99984	0.00000	0.00016
20	W	0.00000	0.99986	0.00000	0.00014
21	Q	0.00000	0.99985	0.00000	0.00015
22	D	0.00000	0.9999	0.00000	9e-05
23	N	0.00000	0.99991	0.00000	9e-05
24	S	0.00000	0.99991	0.00000	9e-05
25	T	0.00000	0.99991	0.00000	9e-05
26	G	0.00000	1	0.00000	0
27	P	0.00000	1	0.00000	0
28	G	0.00000	1	0.00000	0
29	L	0.00000	1	0.00000	0
30	P	0.00000	1	0.00000	0
31	Q	0.00000	0.99999	0.00001	0
32	S	0.00000	0.99352	0.00648	0
33	P	0.00000	0.96346	0.03654	0
34	A	0.00000	0.8657	0.13430	0
35	Y	0.00000	0.82033	0.17967	0
36	Y	0.00000	0.07405	0.92595	0
37	A	0.00000	0.04629	0.95371	0
38	L	0.00000	0.02437	0.97563	0
39	S	0.00000	0.01866	0.98134	0
40	Y	0.00000	0.00125	0.99875	0
41	C	0.00000	0.00047	0.99953	0
42	V	0.00000	1e-05	0.99999	0
43	L	0.00000	0	1.00000	0
44	I	0.00000	0	1.00000	0
45	L	0.00000	0	1.00000	0
46	A	0.00000	0	1.00000	0
47	I	0.00000	0	1.00000	0
48	V	0.00000	0	1.00000	0
49	F	0.00000	0	1.00000	0
50	G	0.00000	0	1.00000	0
51	N	0.00000	0	1.00000	0
52	V	0.00000	0	1.00000	0
53	L	0.00000	0	1.00000	0
54	V	0.00000	0	1.00000	0
55	C	0.00002	0	0.99998	0
56	L	0.00076	0	0.99924	0
57	A	0.03227	0	0.96773	0
58	V	0.10344	0	0.89656	0
59	L	0.36779	0	0.63221	0
60	R	0.98465	0	0.01535	0
61	E	0.99971	0	0.00029	0
62	R	0.99999	0	0.00001	0
63	S	1.00000	0	0.00000	0
64	L	1.00000	0	0.00000	0
65	Q	1.00000	0	0.00000	0
66	T	0.99977	0	0.00023	0
67	T	0.99134	0	0.00866	0
68	T	0.89957	0	0.10043	0
69	N	0.20365	0	0.79635	0
70	Y	0.06457	0	0.93543	0
71	L	0.00073	0	0.99927	0
72	V	0.00007	0	0.99993	0
73	V	0.00000	0	1.00000	0
74	S	0.00000	0	1.00000	0
75	L	0.00000	0	1.00000	0
76	A	0.00000	0	1.00000	0
77	V	0.00000	0	1.00000	0
78	A	0.00000	0	1.00000	0
79	D	0.00000	0	1.00000	0
80	L	0.00000	0	1.00000	0
81	L	0.00000	0	1.00000	0
82	V	0.00000	0	1.00000	0
83	A	0.00000	0	1.00000	0
84	I	0.00000	0	1.00000	0
85	L	0.00000	0	1.00000	0
86	V	0.00000	0	1.00000	0
87	M	0.00000	0.0001	0.99990	0
88	P	0.00000	0.00202	0.99798	0
89	W	0.00000	0.02184	0.97816	0
90	V	0.00000	0.07048	0.92952	0
91	V	0.00000	0.33645	0.66355	0
92	Y	0.00000	0.8932	0.10680	0
93	L	0.00000	0.99978	0.00022	0
94	E	0.00000	1	0.00000	0
95	V	0.00000	1	0.00000	0
96	T	0.00000	1	0.00000	0
97	G	0.00000	1	0.00000	0
98	G	0.00000	1	0.00000	0
99	V	0.00000	1	0.00000	0
100	W	0.00000	1	0.00000	0
101	N	0.00000	1	0.00000	0
102	F	0.00000	1	0.00000	0
103	S	0.00000	1	0.00000	0
104	R	0.00000	1	0.00000	0
105	V	0.00000	1	0.00000	0
106	C	0.00000	1	0.00000	0
107	C	0.00000	0.99984	0.00016	0
108	D	0.00000	0.99862	0.00138	0
109	I	0.00000	0.99278	0.00722	0
110	F	0.00000	0.42367	0.57633	0
111	V	0.00000	0.09233	0.90767	0
112	T	0.00000	0.0449	0.95510	0
113	M	0.00000	0.00053	0.99947	0
114	D	0.00000	0.00018	0.99982	0
115	V	0.00000	1e-05	0.99999	0
116	M	0.00000	0	1.00000	0
117	M	0.00000	0	1.00000	0
118	C	0.00000	0	1.00000	0
119	T	0.00000	0	1.00000	0
120	A	0.00000	0	1.00000	0
121	S	0.00000	0	1.00000	0
122	I	0.00000	0	1.00000	0
123	L	0.00000	0	1.00000	0
124	N	0.00000	0	1.00000	0
125	L	0.00000	0	1.00000	0
126	C	0.00000	0	1.00000	0
127	A	0.00000	0	1.00000	0
128	I	0.00000	0	1.00000	0
129	S	0.00000	0	1.00000	0
130	I	0.00000	0	1.00000	0
131	D	0.00000	0	1.00000	0
132	R	0.01015	0	0.98985	0
133	Y	0.31793	0	0.68207	0
134	T	0.80767	0	0.19233	0
135	A	0.92863	0	0.07137	0
136	V	0.99998	0	0.00002	0
137	V	1.00000	0	0.00000	0
138	M	1.00000	0	0.00000	0
139	P	1.00000	0	0.00000	0
140	V	1.00000	0	0.00000	0
141	H	1.00000	0	0.00000	0
142	Y	1.00000	0	0.00000	0
143	Q	1.00000	0	0.00000	0
144	Y	1.00000	0	0.00000	0
145	S	1.00000	0	0.00000	0
146	T	1.00000	0	0.00000	0
147	G	1.00000	0	0.00000	0
148	P	1.00000	0	0.00000	0
149	R	0.99752	0	0.00248	0
150	S	0.97367	0	0.02633	0
151	C	0.95163	0	0.04837	0
152	R	0.95121	0	0.04879	0
153	R	0.93257	0	0.06743	0
154	V	0.05428	0	0.94572	0
155	S	0.03450	0	0.96550	0
156	I	0.01110	0	0.98890	0
157	M	0.00019	0	0.99981	0
158	I	0.00000	0	1.00000	0
159	T	0.00000	0	1.00000	0
160	A	0.00000	0	1.00000	0
161	V	0.00000	0	1.00000	0
162	W	0.00000	0	1.00000	0
163	L	0.00000	0	1.00000	0
164	L	0.00000	0	1.00000	0
165	A	0.00000	0	1.00000	0
166	F	0.00000	0	1.00000	0
167	A	0.00000	0	1.00000	0
168	V	0.00000	5e-05	0.99995	0
169	S	0.00000	0.00403	0.99597	0
170	C	0.00000	0.02122	0.97878	0
171	P	0.00000	0.02516	0.97484	0
172	L	0.00000	0.02666	0.97334	0
173	L	0.00000	0.02977	0.97023	0
174	F	0.00000	0.04281	0.95719	0
175	G	0.00000	0.14659	0.85341	0
176	F	0.00000	0.3389	0.66110	0
177	N	0.00000	0.9829	0.01710	0
178	T	0.00000	0.99867	0.00133	0
179	T	0.00000	0.99993	0.00007	0
180	D	0.00000	1	0.00000	0
181	D	0.00000	1	0.00000	0
182	P	0.00000	1	0.00000	0
183	S	0.00000	1	0.00000	0
184	I	0.00000	1	0.00000	0
185	C	0.00000	1	0.00000	0
186	S	0.00000	1	0.00000	0
187	I	0.00000	1	0.00000	0
188	S	0.00000	1	0.00000	0
189	D	0.00000	1	0.00000	0
190	P	0.00000	0.99999	0.00001	0
191	D	0.00000	0.99906	0.00094	0
192	F	0.00000	0.15065	0.84935	0
193	V	0.00000	0.09348	0.90652	0
194	I	0.00000	0.06148	0.93852	0
195	Y	0.00000	0.01476	0.98524	0
196	S	0.00000	0.01346	0.98654	0
197	S	0.00000	0.00293	0.99707	0
198	V	0.00000	0.0022	0.99780	0
199	V	0.00000	0	1.00000	0
200	S	0.00000	0	1.00000	0
201	F	0.00000	0	1.00000	0
202	Y	0.00000	0	1.00000	0
203	L	0.00000	0	1.00000	0
204	P	0.00000	0	1.00000	0
205	F	0.00000	0	1.00000	0
206	L	0.00000	0	1.00000	0
207	V	0.00000	0	1.00000	0
208	T	0.00000	0	1.00000	0
209	L	0.00000	0	1.00000	0
210	L	0.00000	0	1.00000	0
211	L	0.00000	0	1.00000	0
212	Y	0.00000	0	1.00000	0
213	I	0.00017	0	0.99983	0
214	R	0.01527	0	0.98473	0
215	I	0.01843	0	0.98157	0
216	Y	0.05034	0	0.94966	0
217	I	0.29409	0	0.70591	0
218	V	0.50806	0	0.49194	0
219	L	0.98203	0	0.01797	0
220	R	0.99902	0	0.00098	0
221	Q	0.99999	0	0.00001	0
222	R	1.00000	0	0.00000	0
223	Q	1.00000	0	0.00000	0
224	R	1.00000	0	0.00000	0
225	K	1.00000	0	0.00000	0
226	R	1.00000	0	0.00000	0
227	I	1.00000	0	0.00000	0
228	L	1.00000	0	0.00000	0
229	T	1.00000	0	0.00000	0
230	R	1.00000	0	0.00000	0
231	Q	1.00000	0	0.00000	0
232	G	1.00000	0	0.00000	0
233	N	1.00000	0	0.00000	0
234	H	1.00000	0	0.00000	0
235	G	1.00000	0	0.00000	0
236	V	1.00000	0	0.00000	0
237	K	1.00000	0	0.00000	0
238	A	1.00000	0	0.00000	0
239	Y	1.00000	0	0.00000	0
240	Y	1.00000	0	0.00000	0
241	T	1.00000	0	0.00000	0
242	Q	1.00000	0	0.00000	0
243	E	1.00000	0	0.00000	0
244	K	1.00000	0	0.00000	0
245	H	1.00000	0	0.00000	0
246	S	1.00000	0	0.00000	0
247	E	1.00000	0	0.00000	0
248	R	1.00000	0	0.00000	0
249	T	1.00000	0	0.00000	0
250	G	1.00000	0	0.00000	0
251	L	1.00000	0	0.00000	0
252	H	1.00000	0	0.00000	0
253	Q	1.00000	0	0.00000	0
254	K	1.00000	0	0.00000	0
255	P	1.00000	0	0.00000	0
256	P	1.00000	0	0.00000	0
257	N	1.00000	0	0.00000	0
258	M	1.00000	0	0.00000	0
259	L	1.00000	0	0.00000	0
260	L	1.00000	0	0.00000	0
261	S	1.00000	0	0.00000	0
262	C	1.00000	0	0.00000	0
263	F	1.00000	0	0.00000	0
264	P	1.00000	0	0.00000	0
265	F	1.00000	0	0.00000	0
266	Q	1.00000	0	0.00000	0
267	C	1.00000	0	0.00000	0
268	S	1.00000	0	0.00000	0
269	S	1.00000	0	0.00000	0
270	D	1.00000	0	0.00000	0
271	H	1.00000	0	0.00000	0
272	K	1.00000	0	0.00000	0
273	L	1.00000	0	0.00000	0
274	P	1.00000	0	0.00000	0
275	A	1.00000	0	0.00000	0
276	E	1.00000	0	0.00000	0
277	K	1.00000	0	0.00000	0
278	K	1.00000	0	0.00000	0
279	P	1.00000	0	0.00000	0
280	L	1.00000	0	0.00000	0
281	T	1.00000	0	0.00000	0
282	P	1.00000	0	0.00000	0
283	P	1.00000	0	0.00000	0
284	E	1.00000	0	0.00000	0
285	L	1.00000	0	0.00000	0
286	Q	1.00000	0	0.00000	0
287	Q	1.00000	0	0.00000	0
288	Y	1.00000	0	0.00000	0
289	C	1.00000	0	0.00000	0
290	S	1.00000	0	0.00000	0
291	I	1.00000	0	0.00000	0
292	C	1.00000	0	0.00000	0
293	R	1.00000	0	0.00000	0
294	E	1.00000	0	0.00000	0
295	N	1.00000	0	0.00000	0
296	S	1.00000	0	0.00000	0
297	F	1.00000	0	0.00000	0
298	S	1.00000	0	0.00000	0
299	S	1.00000	0	0.00000	0
300	T	1.00000	0	0.00000	0
301	G	1.00000	0	0.00000	0
302	D	1.00000	0	0.00000	0
303	K	1.00000	0	0.00000	0
304	E	1.00000	0	0.00000	0
305	T	1.00000	0	0.00000	0
306	V	1.00000	0	0.00000	0
307	D	1.00000	0	0.00000	0
308	L	1.00000	0	0.00000	0
309	K	1.00000	0	0.00000	0
310	V	1.00000	0	0.00000	0
311	R	1.00000	0	0.00000	0
312	R	1.00000	0	0.00000	0
313	E	1.00000	0	0.00000	0
314	V	1.00000	0	0.00000	0
315	R	1.00000	0	0.00000	0
316	Q	1.00000	0	0.00000	0
317	Q	1.00000	0	0.00000	0
318	S	1.00000	0	0.00000	0
319	L	1.00000	0	0.00000	0
320	E	1.00000	0	0.00000	0
321	V	1.00000	0	0.00000	0
322	R	1.00000	0	0.00000	0
323	K	1.00000	0	0.00000	0
324	L	1.00000	0	0.00000	0
325	N	1.00000	0	0.00000	0
326	N	1.00000	0	0.00000	0
327	G	1.00000	0	0.00000	0
328	K	1.00000	0	0.00000	0
329	T	1.00000	0	0.00000	0
330	T	1.00000	0	0.00000	0
331	T	1.00000	0	0.00000	0
332	S	1.00000	0	0.00000	0
333	L	1.00000	0	0.00000	0
334	K	1.00000	0	0.00000	0
335	L	1.00000	0	0.00000	0
336	P	1.00000	0	0.00000	0
337	S	1.00000	0	0.00000	0
338	Q	1.00000	0	0.00000	0
339	Q	1.00000	0	0.00000	0
340	H	1.00000	0	0.00000	0
341	R	1.00000	0	0.00000	0
342	T	1.00000	0	0.00000	0
343	I	1.00000	0	0.00000	0
344	Q	1.00000	0	0.00000	0
345	L	1.00000	0	0.00000	0
346	R	1.00000	0	0.00000	0
347	E	1.00000	0	0.00000	0
348	R	0.99650	0	0.00350	0
349	K	0.99604	0	0.00396	0
350	A	0.94305	0	0.05695	0
351	T	0.93779	0	0.06221	0
352	Q	0.78625	0	0.21375	0
353	M	0.76516	0	0.23484	0
354	L	0.00592	0	0.99408	0
355	A	0.00005	0	0.99995	0
356	I	0.00000	0	1.00000	0
357	V	0.00000	0	1.00000	0
358	L	0.00000	0	1.00000	0
359	G	0.00000	0	1.00000	0
360	T	0.00000	0	1.00000	0
361	F	0.00000	0	1.00000	0
362	I	0.00000	0	1.00000	0
363	V	0.00000	0	1.00000	0
364	C	0.00000	0	1.00000	0
365	W	0.00000	0	1.00000	0
366	L	0.00000	0	1.00000	0
367	P	0.00000	0	1.00000	0
368	F	0.00000	0	1.00000	0
369	F	0.00000	0	1.00000	0
370	L	0.00000	3e-05	0.99997	0
371	I	0.00000	0.00042	0.99958	0
372	H	0.00000	0.00376	0.99624	0
373	I	0.00000	0.00955	0.99045	0
374	L	0.00000	0.06268	0.93732	0
375	N	0.00000	0.68382	0.31618	0
376	T	0.00000	0.84397	0.15603	0
377	H	0.00000	0.9946	0.00540	0
378	C	0.00000	0.9991	0.00090	0
379	S	0.00000	0.9996	0.00040	0
380	A	0.00000	0.99976	0.00024	0
381	C	0.00000	0.99998	0.00002	0
382	H	0.00000	1	0.00000	0
383	I	0.00000	0.99996	0.00004	0
384	S	0.00000	0.99992	0.00008	0
385	P	0.00000	0.99984	0.00016	0
386	E	0.00000	0.999	0.00100	0
387	V	0.00000	0.99446	0.00554	0
388	Y	0.00000	0.99297	0.00703	0
389	S	0.00000	0.80619	0.19381	0
390	A	0.00000	0.01428	0.98572	0
391	T	0.00000	0.00289	0.99711	0
392	T	0.00000	0.00043	0.99957	0
393	W	0.00000	0	1.00000	0
394	L	0.00000	0	1.00000	0
395	G	0.00000	0	1.00000	0
396	Y	0.00000	0	1.00000	0
397	V	0.00000	0	1.00000	0
398	N	0.00000	0	1.00000	0
399	S	0.00000	0	1.00000	0
400	A	0.00000	0	1.00000	0
401	L	0.00000	0	1.00000	0
402	N	0.00000	0	1.00000	0
403	P	0.00000	0	1.00000	0
404	V	0.00000	0	1.00000	0
405	I	0.00000	0	1.00000	0
406	Y	0.00000	0	1.00000	0
407	T	0.00002	0	0.99998	0
408	T	0.00054	0	0.99946	0
409	F	0.05820	0	0.94180	0
410	N	0.65686	0	0.34314	0
411	N	0.96112	0	0.03888	0
412	E	1.00000	0	0.00000	0
413	F	1.00000	0	0.00000	0
414	R	1.00000	0	0.00000	0
415	K	1.00000	0	0.00000	0
416	A	1.00000	0	0.00000	0
417	F	1.00000	0	0.00000	0
418	L	1.00000	0	0.00000	0
419	K	1.00000	0	0.00000	0
420	I	1.00000	0	0.00000	0
421	L	1.00000	0	0.00000	0
422	Y	1.00000	0	0.00000	0
423	C	1.00000	0	0.00000	0
