# UNNAMED
#pos	aa	i	o	M	S
1	M	0.00000	0.99995	0.00000	5e-05
2	N	0.00000	0.99995	0.00000	5e-05
3	T	0.00000	0.99995	0.00000	5e-05
4	S	0.00000	0.99995	0.00000	5e-05
5	V	0.00000	0.99995	0.00000	5e-05
6	P	0.00000	0.99995	0.00000	5e-05
7	P	0.00000	0.99995	0.00000	5e-05
8	A	0.00000	0.99995	0.00000	5e-05
9	V	0.00000	0.99995	0.00000	5e-05
10	S	0.00000	0.99995	0.00000	5e-05
11	P	0.00000	0.99995	0.00000	5e-05
12	N	0.00000	0.99995	0.00000	5e-05
13	I	0.00000	0.99995	0.00000	5e-05
14	T	0.00000	0.99995	0.00000	5e-05
15	I	0.00000	0.99997	0.00000	3e-05
16	L	0.00000	0.99997	0.00000	3e-05
17	A	0.00000	0.99998	0.00000	2e-05
18	P	0.00000	0.99998	0.00000	2e-05
19	G	0.00000	0.99997	0.00000	2e-05
20	K	0.00000	0.99997	0.00003	0
21	G	0.00000	0.99713	0.00287	0
22	P	0.00000	0.98853	0.01147	0
23	W	0.00000	0.90318	0.09682	0
24	Q	0.00000	0.8434	0.15660	0
25	V	0.00000	0.65014	0.34986	0
26	A	0.00000	0.46298	0.53702	0
27	F	0.00000	0.15099	0.84901	0
28	I	0.00000	0.01252	0.98748	0
29	G	0.00000	0.00573	0.99427	0
30	I	0.00000	0.00027	0.99973	0
31	T	0.00000	3e-05	0.99997	0
32	T	0.00000	0	1.00000	0
33	G	0.00000	0	1.00000	0
34	L	0.00000	0	1.00000	0
35	L	0.00000	0	1.00000	0
36	S	0.00000	0	1.00000	0
37	L	0.00000	0	1.00000	0
38	A	0.00000	0	1.00000	0
39	T	0.00000	0	1.00000	0
40	V	0.00000	0	1.00000	0
41	T	0.00000	0	1.00000	0
42	G	0.00000	0	1.00000	0
43	N	0.00000	0	1.00000	0
44	L	0.00000	0	1.00000	0
45	L	0.00000	0	1.00000	0
46	V	0.00002	0	0.99998	0
47	L	0.00035	0	0.99965	0
48	I	0.00802	0	0.99198	0
49	S	0.45460	0	0.54540	0
50	F	0.54110	0	0.45890	0
51	K	0.98372	0	0.01628	0
52	V	0.99063	0	0.00937	0
53	N	0.99978	0	0.00022	0
54	T	0.99997	0	0.00003	0
55	E	1.00000	0	0.00000	0
56	L	0.99993	0	0.00007	0
57	K	0.99977	0	0.00023	0
58	T	0.96803	0	0.03197	0
59	V	0.64188	0	0.35812	0
60	N	0.32513	0	0.67487	0
61	N	0.06617	0	0.93383	0
62	Y	0.02562	0	0.97438	0
63	F	0.00046	0	0.99954	0
64	L	0.00004	0	0.99996	0
65	L	0.00000	0	1.00000	0
66	S	0.00000	0	1.00000	0
67	L	0.00000	0	1.00000	0
68	A	0.00000	0	1.00000	0
69	C	0.00000	0	1.00000	0
70	A	0.00000	0	1.00000	0
71	D	0.00000	0	1.00000	0
72	L	0.00000	0	1.00000	0
73	I	0.00000	0	1.00000	0
74	I	0.00000	0	1.00000	0
75	G	0.00000	0	1.00000	0
76	T	0.00000	2e-05	0.99998	0
77	F	0.00000	0.00144	0.99856	0
78	S	0.00000	0.07895	0.92105	0
79	M	0.00000	0.12392	0.87608	0
80	N	0.00000	0.49497	0.50503	0
81	L	0.00000	0.52278	0.47722	0
82	Y	0.00000	0.68209	0.31791	0
83	T	0.00000	0.72622	0.27378	0
84	T	0.00000	0.80624	0.19376	0
85	Y	0.00000	0.82357	0.17643	0
86	L	0.00000	0.83274	0.16726	0
87	L	0.00000	0.85558	0.14442	0
88	M	0.00000	0.88283	0.11717	0
89	G	0.00000	0.96204	0.03796	0
90	R	0.00000	0.99666	0.00334	0
91	W	0.00000	0.99834	0.00166	0
92	A	0.00000	0.9996	0.00040	0
93	L	0.00000	0.99995	0.00005	0
94	G	0.00000	1	0.00000	0
95	T	0.00000	1	0.00000	0
96	L	0.00000	0.99998	0.00002	0
97	A	0.00000	0.99998	0.00002	0
98	C	0.00000	0.99997	0.00003	0
99	D	0.00000	0.99989	0.00011	0
100	L	0.00000	0.99941	0.00059	0
101	W	0.00000	0.94776	0.05224	0
102	L	0.00000	0.45612	0.54388	0
103	A	0.00000	0.10209	0.89791	0
104	L	0.00000	0.00351	0.99649	0
105	D	0.00000	0.00012	0.99988	0
106	Y	0.00000	1e-05	0.99999	0
107	V	0.00000	0	1.00000	0
108	A	0.00000	0	1.00000	0
109	S	0.00000	0	1.00000	0
110	N	0.00000	0	1.00000	0
111	A	0.00000	0	1.00000	0
112	S	0.00000	0	1.00000	0
113	V	0.00000	0	1.00000	0
114	M	0.00000	0	1.00000	0
115	N	0.00000	0	1.00000	0
116	L	0.00000	0	1.00000	0
117	L	0.00000	0	1.00000	0
118	L	0.00000	0	1.00000	0
119	I	0.00000	0	1.00000	0
120	S	0.00000	0	1.00000	0
121	F	0.00000	0	1.00000	0
122	D	0.00006	0	0.99994	0
123	R	0.03608	0	0.96392	0
124	Y	0.25388	0	0.74612	0
125	F	0.63330	0	0.36670	0
126	S	0.92168	0	0.07832	0
127	V	0.99998	0	0.00002	0
128	T	1.00000	0	0.00000	0
129	R	1.00000	0	0.00000	0
130	P	1.00000	0	0.00000	0
131	L	1.00000	0	0.00000	0
132	S	1.00000	0	0.00000	0
133	Y	1.00000	0	0.00000	0
134	R	1.00000	0	0.00000	0
135	T	1.00000	0	0.00000	0
136	K	1.00000	0	0.00000	0
137	R	1.00000	0	0.00000	0
138	T	1.00000	0	0.00000	0
139	P	0.99999	0	0.00001	0
140	R	0.99961	0	0.00039	0
141	R	0.97853	0	0.02147	0
142	A	0.15484	0	0.84516	0
143	A	0.04207	0	0.95793	0
144	L	0.00601	0	0.99399	0
145	M	0.00127	0	0.99873	0
146	I	0.00004	0	0.99996	0
147	G	0.00001	0	0.99999	0
148	L	0.00000	0	1.00000	0
149	A	0.00000	0	1.00000	0
150	W	0.00000	0	1.00000	0
151	L	0.00000	0	1.00000	0
152	V	0.00000	0	1.00000	0
153	S	0.00000	0	1.00000	0
154	F	0.00000	0	1.00000	0
155	V	0.00000	0	1.00000	0
156	L	0.00000	0	1.00000	0
157	W	0.00000	0	1.00000	0
158	A	0.00000	0	1.00000	0
159	P	0.00000	0	1.00000	0
160	A	0.00000	1e-05	0.99999	0
161	I	0.00000	0.00044	0.99956	0
162	L	0.00000	0.01162	0.98838	0
163	F	0.00000	0.1325	0.86750	0
164	W	0.00000	0.50383	0.49617	0
165	Q	0.00000	0.97037	0.02963	0
166	Y	0.00000	0.98737	0.01263	0
167	L	0.00000	0.99291	0.00709	0
168	V	0.00000	0.99786	0.00214	0
169	G	0.00000	0.99991	0.00009	0
170	E	0.00000	1	0.00000	0
171	R	0.00000	1	0.00000	0
172	T	0.00000	1	0.00000	0
173	V	0.00000	1	0.00000	0
174	L	0.00000	1	0.00000	0
175	A	0.00000	1	0.00000	0
176	G	0.00000	1	0.00000	0
177	Q	0.00000	1	0.00000	0
178	C	0.00000	1	0.00000	0
179	Y	0.00000	0.99985	0.00015	0
180	I	0.00000	0.99953	0.00047	0
181	Q	0.00000	0.99417	0.00583	0
182	F	0.00000	0.99286	0.00714	0
183	L	0.00000	0.99202	0.00798	0
184	S	0.00000	0.99007	0.00993	0
185	Q	0.00000	0.98768	0.01232	0
186	P	0.00000	0.38615	0.61385	0
187	I	0.00000	0.18881	0.81119	0
188	I	0.00000	0.13334	0.86666	0
189	T	0.00000	0.04511	0.95489	0
190	F	0.00000	0.00565	0.99435	0
191	G	0.00000	0.00175	0.99825	0
192	T	0.00000	0.0008	0.99920	0
193	A	0.00000	0	1.00000	0
194	M	0.00000	0	1.00000	0
195	A	0.00000	0	1.00000	0
196	A	0.00000	0	1.00000	0
197	F	0.00000	0	1.00000	0
198	Y	0.00000	0	1.00000	0
199	L	0.00000	0	1.00000	0
200	P	0.00000	0	1.00000	0
201	V	0.00000	0	1.00000	0
202	T	0.00000	0	1.00000	0
203	V	0.00000	0	1.00000	0
204	M	0.00000	0	1.00000	0
205	C	0.00001	0	0.99999	0
206	A	0.00017	0	0.99983	0
207	L	0.00027	0	0.99973	0
208	Y	0.00112	0	0.99888	0
209	W	0.01150	0	0.98850	0
210	R	0.30080	0	0.69920	0
211	I	0.32530	0	0.67470	0
212	Y	0.43800	0	0.56200	0
213	R	0.99497	0	0.00503	0
214	E	0.99987	0	0.00013	0
215	T	1.00000	0	0.00000	0
216	E	1.00000	0	0.00000	0
217	N	1.00000	0	0.00000	0
218	R	1.00000	0	0.00000	0
219	A	1.00000	0	0.00000	0
220	R	1.00000	0	0.00000	0
221	E	1.00000	0	0.00000	0
222	L	1.00000	0	0.00000	0
223	A	1.00000	0	0.00000	0
224	A	1.00000	0	0.00000	0
225	L	1.00000	0	0.00000	0
226	Q	1.00000	0	0.00000	0
227	G	1.00000	0	0.00000	0
228	S	1.00000	0	0.00000	0
229	E	1.00000	0	0.00000	0
230	T	1.00000	0	0.00000	0
231	P	1.00000	0	0.00000	0
232	G	1.00000	0	0.00000	0
233	K	1.00000	0	0.00000	0
234	G	1.00000	0	0.00000	0
235	G	1.00000	0	0.00000	0
236	G	1.00000	0	0.00000	0
237	S	1.00000	0	0.00000	0
238	S	1.00000	0	0.00000	0
239	S	1.00000	0	0.00000	0
240	S	1.00000	0	0.00000	0
241	S	1.00000	0	0.00000	0
242	E	1.00000	0	0.00000	0
243	R	1.00000	0	0.00000	0
244	S	1.00000	0	0.00000	0
245	Q	1.00000	0	0.00000	0
246	P	1.00000	0	0.00000	0
247	G	1.00000	0	0.00000	0
248	A	1.00000	0	0.00000	0
249	E	1.00000	0	0.00000	0
250	G	1.00000	0	0.00000	0
251	S	1.00000	0	0.00000	0
252	P	1.00000	0	0.00000	0
253	D	1.00000	0	0.00000	0
254	T	1.00000	0	0.00000	0
255	P	1.00000	0	0.00000	0
256	P	1.00000	0	0.00000	0
257	G	1.00000	0	0.00000	0
258	R	1.00000	0	0.00000	0
259	C	1.00000	0	0.00000	0
260	C	1.00000	0	0.00000	0
261	S	1.00000	0	0.00000	0
262	C	1.00000	0	0.00000	0
263	C	1.00000	0	0.00000	0
264	Q	1.00000	0	0.00000	0
265	A	1.00000	0	0.00000	0
266	P	1.00000	0	0.00000	0
267	R	1.00000	0	0.00000	0
268	L	1.00000	0	0.00000	0
269	L	1.00000	0	0.00000	0
270	Q	1.00000	0	0.00000	0
271	A	1.00000	0	0.00000	0
272	Y	1.00000	0	0.00000	0
273	S	1.00000	0	0.00000	0
274	W	1.00000	0	0.00000	0
275	K	1.00000	0	0.00000	0
276	E	1.00000	0	0.00000	0
277	E	1.00000	0	0.00000	0
278	E	1.00000	0	0.00000	0
279	E	1.00000	0	0.00000	0
280	E	1.00000	0	0.00000	0
281	E	1.00000	0	0.00000	0
282	E	1.00000	0	0.00000	0
283	G	1.00000	0	0.00000	0
284	S	1.00000	0	0.00000	0
285	M	1.00000	0	0.00000	0
286	E	1.00000	0	0.00000	0
287	S	1.00000	0	0.00000	0
288	L	1.00000	0	0.00000	0
289	T	1.00000	0	0.00000	0
290	S	1.00000	0	0.00000	0
291	S	1.00000	0	0.00000	0
292	E	1.00000	0	0.00000	0
293	G	1.00000	0	0.00000	0
294	E	1.00000	0	0.00000	0
295	E	1.00000	0	0.00000	0
296	P	1.00000	0	0.00000	0
297	G	1.00000	0	0.00000	0
298	P	1.00000	0	0.00000	0
299	E	1.00000	0	0.00000	0
300	V	1.00000	0	0.00000	0
301	A	1.00000	0	0.00000	0
302	I	1.00000	0	0.00000	0
303	K	1.00000	0	0.00000	0
304	M	1.00000	0	0.00000	0
305	P	1.00000	0	0.00000	0
306	M	1.00000	0	0.00000	0
307	V	1.00000	0	0.00000	0
308	D	1.00000	0	0.00000	0
309	A	1.00000	0	0.00000	0
310	G	1.00000	0	0.00000	0
311	A	1.00000	0	0.00000	0
312	H	1.00000	0	0.00000	0
313	A	1.00000	0	0.00000	0
314	P	1.00000	0	0.00000	0
315	V	1.00000	0	0.00000	0
316	K	1.00000	0	0.00000	0
317	P	1.00000	0	0.00000	0
318	P	1.00000	0	0.00000	0
319	P	1.00000	0	0.00000	0
320	K	1.00000	0	0.00000	0
321	S	1.00000	0	0.00000	0
322	S	1.00000	0	0.00000	0
323	P	1.00000	0	0.00000	0
324	S	1.00000	0	0.00000	0
325	T	1.00000	0	0.00000	0
326	V	1.00000	0	0.00000	0
327	K	1.00000	0	0.00000	0
328	R	1.00000	0	0.00000	0
329	P	1.00000	0	0.00000	0
330	T	1.00000	0	0.00000	0
331	R	1.00000	0	0.00000	0
332	K	1.00000	0	0.00000	0
333	G	1.00000	0	0.00000	0
334	R	1.00000	0	0.00000	0
335	D	1.00000	0	0.00000	0
336	R	1.00000	0	0.00000	0
337	A	1.00000	0	0.00000	0
338	S	1.00000	0	0.00000	0
339	R	1.00000	0	0.00000	0
340	A	1.00000	0	0.00000	0
341	Q	1.00000	0	0.00000	0
342	K	1.00000	0	0.00000	0
343	P	1.00000	0	0.00000	0
344	R	1.00000	0	0.00000	0
345	G	1.00000	0	0.00000	0
346	K	1.00000	0	0.00000	0
347	E	1.00000	0	0.00000	0
348	Q	1.00000	0	0.00000	0
349	L	1.00000	0	0.00000	0
350	A	1.00000	0	0.00000	0
351	K	1.00000	0	0.00000	0
352	R	1.00000	0	0.00000	0
353	K	1.00000	0	0.00000	0
354	T	1.00000	0	0.00000	0
355	F	1.00000	0	0.00000	0
356	S	1.00000	0	0.00000	0
357	L	1.00000	0	0.00000	0
358	V	1.00000	0	0.00000	0
359	K	1.00000	0	0.00000	0
360	E	1.00000	0	0.00000	0
361	K	0.97560	0	0.02440	0
362	K	0.97427	0	0.02573	0
363	A	0.22337	0	0.77663	0
364	A	0.16068	0	0.83932	0
365	R	0.15429	0	0.84571	0
366	T	0.14383	0	0.85617	0
367	L	0.12869	0	0.87131	0
368	S	0.03500	0	0.96500	0
369	A	0.00313	0	0.99687	0
370	I	0.00016	0	0.99984	0
371	L	0.00011	0	0.99989	0
372	L	0.00000	0	1.00000	0
373	A	0.00000	0	1.00000	0
374	F	0.00000	0	1.00000	0
375	I	0.00000	0	1.00000	0
376	L	0.00000	0	1.00000	0
377	T	0.00000	0	1.00000	0
378	W	0.00000	0	1.00000	0
379	T	0.00000	0	1.00000	0
380	P	0.00000	1e-05	0.99999	0
381	Y	0.00000	3e-05	0.99997	0
382	N	0.00000	0.0002	0.99980	0
383	I	0.00000	0.00031	0.99969	0
384	I	0.00000	0.00164	0.99836	0
385	V	0.00000	0.01277	0.98723	0
386	L	0.00000	0.10742	0.89258	0
387	V	0.00000	0.24742	0.75258	0
388	S	0.00000	0.53892	0.46108	0
389	T	0.00000	0.66298	0.33702	0
390	F	0.00000	0.72164	0.27836	0
391	C	0.00000	0.9776	0.02240	0
392	K	0.00000	0.99975	0.00025	0
393	D	0.00000	1	0.00000	0
394	C	0.00000	1	0.00000	0
395	V	0.00000	1	0.00000	0
396	P	0.00000	0.99996	0.00004	0
397	E	0.00000	0.99492	0.00508	0
398	T	0.00000	0.93841	0.06159	0
399	L	0.00000	0.92437	0.07563	0
400	W	0.00000	0.91918	0.08082	0
401	E	0.00000	0.71032	0.28968	0
402	L	0.00000	0.03341	0.96659	0
403	G	0.00000	0.02177	0.97823	0
404	Y	0.00000	0.00118	0.99882	0
405	W	0.00000	0	1.00000	0
406	L	0.00000	0	1.00000	0
407	C	0.00000	0	1.00000	0
408	Y	0.00000	0	1.00000	0
409	V	0.00000	0	1.00000	0
410	N	0.00000	0	1.00000	0
411	S	0.00000	0	1.00000	0
412	T	0.00000	0	1.00000	0
413	V	0.00000	0	1.00000	0
414	N	0.00000	0	1.00000	0
415	P	0.00000	0	1.00000	0
416	M	0.00000	0	1.00000	0
417	C	0.00001	0	0.99999	0
418	Y	0.00012	0	0.99988	0
419	A	0.00073	0	0.99927	0
420	L	0.00263	0	0.99737	0
421	C	0.05890	0	0.94110	0
422	N	0.20984	0	0.79016	0
423	K	1.00000	0	0.00000	0
424	A	1.00000	0	0.00000	0
425	F	1.00000	0	0.00000	0
426	R	1.00000	0	0.00000	0
427	D	1.00000	0	0.00000	0
428	T	1.00000	0	0.00000	0
429	F	1.00000	0	0.00000	0
430	R	1.00000	0	0.00000	0
431	L	1.00000	0	0.00000	0
432	L	1.00000	0	0.00000	0
433	L	1.00000	0	0.00000	0
434	L	1.00000	0	0.00000	0
435	C	1.00000	0	0.00000	0
436	R	1.00000	0	0.00000	0
437	W	1.00000	0	0.00000	0
438	D	1.00000	0	0.00000	0
439	K	1.00000	0	0.00000	0
440	R	1.00000	0	0.00000	0
441	R	1.00000	0	0.00000	0
442	W	1.00000	0	0.00000	0
443	R	1.00000	0	0.00000	0
444	K	1.00000	0	0.00000	0
445	I	1.00000	0	0.00000	0
446	P	1.00000	0	0.00000	0
447	K	1.00000	0	0.00000	0
448	R	1.00000	0	0.00000	0
449	P	1.00000	0	0.00000	0
450	G	1.00000	0	0.00000	0
451	S	1.00000	0	0.00000	0
452	V	1.00000	0	0.00000	0
453	H	1.00000	0	0.00000	0
454	R	1.00000	0	0.00000	0
455	T	1.00000	0	0.00000	0
456	P	1.00000	0	0.00000	0
457	S	1.00000	0	0.00000	0
458	R	1.00000	0	0.00000	0
459	Q	1.00000	0	0.00000	0
460	C	1.00000	0	0.00000	0
