# UNNAMED
#pos	aa	i	o	M	S
1	M	0.00000	1	0.00000	0
2	D	0.00000	1	0.00000	0
3	H	0.00000	1	0.00000	0
4	Q	0.00000	1	0.00000	0
5	E	0.00000	1	0.00000	0
6	P	0.00000	0.99997	0.00003	0
7	Y	0.00000	0.99971	0.00029	0
8	S	0.00000	0.99931	0.00069	0
9	V	0.00000	0.99629	0.00371	0
10	Q	0.00000	0.99413	0.00587	0
11	A	0.00000	0.94339	0.05661	0
12	T	0.00000	0.87309	0.12691	0
13	A	0.00000	0.78545	0.21455	0
14	A	0.00000	0.65221	0.34779	0
15	I	0.00000	0.32629	0.67371	0
16	A	0.00000	0.22642	0.77358	0
17	A	0.00000	0.08419	0.91581	0
18	V	0.00000	0.0243	0.97570	0
19	I	0.00000	0.00097	0.99903	0
20	T	0.00000	0.00022	0.99978	0
21	F	0.00000	1e-05	0.99999	0
22	L	0.00000	0	1.00000	0
23	I	0.00000	0	1.00000	0
24	L	0.00000	0	1.00000	0
25	F	0.00000	0	1.00000	0
26	T	0.00000	0	1.00000	0
27	I	0.00000	0	1.00000	0
28	F	0.00000	0	1.00000	0
29	G	0.00000	0	1.00000	0
30	N	0.00000	0	1.00000	0
31	A	0.00000	0	1.00000	0
32	L	0.00000	0	1.00000	0
33	V	0.00000	0	1.00000	0
34	I	0.00000	0	1.00000	0
35	L	0.00013	0	0.99987	0
36	A	0.00705	0	0.99295	0
37	V	0.03849	0	0.96151	0
38	L	0.21662	0	0.78338	0
39	T	0.89391	0	0.10609	0
40	S	0.98689	0	0.01311	0
41	R	0.99961	0	0.00039	0
42	S	0.99996	0	0.00004	0
43	L	0.99998	0	0.00002	0
44	R	1.00000	0	0.00000	0
45	A	1.00000	0	0.00000	0
46	P	1.00000	0	0.00000	0
47	P	1.00000	0	0.00000	0
48	K	0.99999	0	0.00001	0
49	P	0.99995	0	0.00005	0
50	F	0.00343	0	0.99657	0
51	F	0.00001	0	0.99999	0
52	W	0.00000	0	1.00000	0
53	A	0.00000	0	1.00000	0
54	A	0.00000	0	1.00000	0
55	A	0.00000	0	1.00000	0
56	D	0.00000	0	1.00000	0
57	I	0.00000	0	1.00000	0
58	L	0.00000	0	1.00000	0
59	V	0.00000	0	1.00000	0
60	A	0.00000	0	1.00000	0
61	T	0.00000	0	1.00000	0
62	L	0.00000	0	1.00000	0
63	I	0.00000	0	1.00000	0
64	I	0.00000	0	1.00000	0
65	P	0.00000	0	1.00000	0
66	F	0.00000	0	1.00000	0
67	S	0.00000	0.00023	0.99977	0
68	L	0.00000	0.01237	0.98763	0
69	A	0.00000	0.27195	0.72805	0
70	N	0.00000	0.99923	0.00077	0
71	E	0.00000	0.99934	0.00066	0
72	L	0.00000	0.99935	0.00065	0
73	L	0.00000	0.99943	0.00057	0
74	G	0.00000	0.99967	0.00033	0
75	Y	0.00000	0.99987	0.00013	0
76	W	0.00000	0.99994	0.00006	0
77	Y	0.00000	0.99999	0.00001	0
78	F	0.00000	0.99999	0.00001	0
79	R	0.00000	1	0.00000	0
80	R	0.00000	1	0.00000	0
81	T	0.00000	1	0.00000	0
82	W	0.00000	1	0.00000	0
83	C	0.00000	1	0.00000	0
84	E	0.00000	1	0.00000	0
85	V	0.00000	0.99896	0.00104	0
86	Y	0.00000	0.85474	0.14526	0
87	L	0.00000	0.37424	0.62576	0
88	A	0.00000	0.21339	0.78661	0
89	L	0.00000	0.00415	0.99585	0
90	D	0.00000	0.00143	0.99857	0
91	V	0.00000	2e-05	0.99998	0
92	L	0.00000	0	1.00000	0
93	F	0.00000	0	1.00000	0
94	C	0.00000	0	1.00000	0
95	T	0.00000	0	1.00000	0
96	S	0.00000	0	1.00000	0
97	S	0.00000	0	1.00000	0
98	I	0.00000	0	1.00000	0
99	V	0.00000	0	1.00000	0
100	H	0.00000	0	1.00000	0
101	L	0.00000	0	1.00000	0
102	C	0.00000	0	1.00000	0
103	A	0.00000	0	1.00000	0
104	I	0.00000	0	1.00000	0
105	S	0.00000	0	1.00000	0
106	L	0.00000	0	1.00000	0
107	D	0.00000	0	1.00000	0
108	R	0.00455	0	0.99545	0
109	Y	0.03640	0	0.96360	0
110	W	0.08174	0	0.91826	0
111	A	0.78393	0	0.21607	0
112	V	1.00000	0	0.00000	0
113	S	1.00000	0	0.00000	0
114	R	1.00000	0	0.00000	0
115	A	1.00000	0	0.00000	0
116	L	1.00000	0	0.00000	0
117	E	1.00000	0	0.00000	0
118	Y	1.00000	0	0.00000	0
119	N	1.00000	0	0.00000	0
120	S	1.00000	0	0.00000	0
121	K	1.00000	0	0.00000	0
122	R	1.00000	0	0.00000	0
123	T	1.00000	0	0.00000	0
124	P	1.00000	0	0.00000	0
125	R	0.99976	0	0.00024	0
126	R	0.97233	0	0.02767	0
127	I	0.11832	0	0.88168	0
128	K	0.09274	0	0.90726	0
129	C	0.00012	0	0.99988	0
130	I	0.00000	0	1.00000	0
131	I	0.00000	0	1.00000	0
132	L	0.00000	0	1.00000	0
133	T	0.00000	0	1.00000	0
134	V	0.00000	0	1.00000	0
135	W	0.00000	0	1.00000	0
136	L	0.00000	0	1.00000	0
137	I	0.00000	0	1.00000	0
138	A	0.00000	0	1.00000	0
139	A	0.00000	0	1.00000	0
140	V	0.00000	0	1.00000	0
141	I	0.00000	0	1.00000	0
142	S	0.00000	0	1.00000	0
143	L	0.00000	0	1.00000	0
144	P	0.00000	1e-05	0.99999	0
145	P	0.00000	0.0001	0.99990	0
146	L	0.00000	0.00101	0.99899	0
147	I	0.00000	0.03914	0.96086	0
148	Y	0.00000	0.48082	0.51918	0
149	K	0.00000	0.98671	0.01329	0
150	G	0.00000	0.99651	0.00349	0
151	D	0.00000	1	0.00000	0
152	Q	0.00000	1	0.00000	0
153	G	0.00000	1	0.00000	0
154	P	0.00000	1	0.00000	0
155	Q	0.00000	1	0.00000	0
156	P	0.00000	1	0.00000	0
157	R	0.00000	1	0.00000	0
158	G	0.00000	1	0.00000	0
159	R	0.00000	1	0.00000	0
160	P	0.00000	1	0.00000	0
161	Q	0.00000	1	0.00000	0
162	C	0.00000	1	0.00000	0
163	K	0.00000	1	0.00000	0
164	L	0.00000	1	0.00000	0
165	N	0.00000	1	0.00000	0
166	Q	0.00000	0.99998	0.00002	0
167	E	0.00000	0.99985	0.00015	0
168	A	0.00000	0.95359	0.04641	0
169	W	0.00000	0.63264	0.36736	0
170	Y	0.00000	0.23734	0.76266	0
171	I	0.00000	0.21681	0.78319	0
172	L	0.00000	0.01452	0.98548	0
173	A	0.00000	0.00038	0.99962	0
174	S	0.00000	0.00023	0.99977	0
175	S	0.00000	0.00012	0.99988	0
176	I	0.00000	3e-05	0.99997	0
177	G	0.00000	0	1.00000	0
178	S	0.00000	0	1.00000	0
179	F	0.00000	0	1.00000	0
180	F	0.00000	0	1.00000	0
181	A	0.00000	0	1.00000	0
182	P	0.00000	0	1.00000	0
183	C	0.00000	0	1.00000	0
184	L	0.00000	0	1.00000	0
185	I	0.00000	0	1.00000	0
186	M	0.00000	0	1.00000	0
187	I	0.00000	0	1.00000	0
188	L	0.00000	0	1.00000	0
189	V	0.00000	0	1.00000	0
190	Y	0.00014	0	0.99986	0
191	L	0.00454	0	0.99546	0
192	R	0.07147	0	0.92853	0
193	I	0.07774	0	0.92226	0
194	Y	0.12077	0	0.87923	0
195	L	0.35726	0	0.64274	0
196	I	0.50635	0	0.49365	0
197	A	0.99639	0	0.00361	0
198	K	0.99994	0	0.00006	0
199	R	1.00000	0	0.00000	0
200	S	1.00000	0	0.00000	0
201	N	1.00000	0	0.00000	0
202	R	1.00000	0	0.00000	0
203	R	1.00000	0	0.00000	0
204	G	1.00000	0	0.00000	0
205	P	1.00000	0	0.00000	0
206	R	1.00000	0	0.00000	0
207	A	1.00000	0	0.00000	0
208	K	1.00000	0	0.00000	0
209	R	1.00000	0	0.00000	0
210	G	1.00000	0	0.00000	0
211	P	1.00000	0	0.00000	0
212	W	1.00000	0	0.00000	0
213	E	1.00000	0	0.00000	0
214	G	1.00000	0	0.00000	0
215	G	1.00000	0	0.00000	0
216	S	1.00000	0	0.00000	0
217	K	1.00000	0	0.00000	0
218	Q	1.00000	0	0.00000	0
219	P	1.00000	0	0.00000	0
220	R	1.00000	0	0.00000	0
221	P	1.00000	0	0.00000	0
222	V	1.00000	0	0.00000	0
223	P	1.00000	0	0.00000	0
224	D	1.00000	0	0.00000	0
225	R	1.00000	0	0.00000	0
226	A	1.00000	0	0.00000	0
227	S	1.00000	0	0.00000	0
228	A	1.00000	0	0.00000	0
229	S	1.00000	0	0.00000	0
230	A	1.00000	0	0.00000	0
231	K	1.00000	0	0.00000	0
232	L	1.00000	0	0.00000	0
233	P	1.00000	0	0.00000	0
234	T	1.00000	0	0.00000	0
235	L	1.00000	0	0.00000	0
236	A	1.00000	0	0.00000	0
237	S	1.00000	0	0.00000	0
238	S	1.00000	0	0.00000	0
239	L	1.00000	0	0.00000	0
240	A	1.00000	0	0.00000	0
241	T	1.00000	0	0.00000	0
242	A	1.00000	0	0.00000	0
243	G	1.00000	0	0.00000	0
244	E	1.00000	0	0.00000	0
245	A	1.00000	0	0.00000	0
246	N	1.00000	0	0.00000	0
247	G	1.00000	0	0.00000	0
248	H	1.00000	0	0.00000	0
249	S	1.00000	0	0.00000	0
250	K	1.00000	0	0.00000	0
251	P	1.00000	0	0.00000	0
252	P	1.00000	0	0.00000	0
253	G	1.00000	0	0.00000	0
254	N	1.00000	0	0.00000	0
255	R	1.00000	0	0.00000	0
256	E	1.00000	0	0.00000	0
257	D	1.00000	0	0.00000	0
258	G	1.00000	0	0.00000	0
259	E	1.00000	0	0.00000	0
260	T	1.00000	0	0.00000	0
261	P	1.00000	0	0.00000	0
262	E	1.00000	0	0.00000	0
263	D	1.00000	0	0.00000	0
264	P	1.00000	0	0.00000	0
265	G	1.00000	0	0.00000	0
266	T	1.00000	0	0.00000	0
267	Q	1.00000	0	0.00000	0
268	V	1.00000	0	0.00000	0
269	L	1.00000	0	0.00000	0
270	P	1.00000	0	0.00000	0
271	P	1.00000	0	0.00000	0
272	G	1.00000	0	0.00000	0
273	W	1.00000	0	0.00000	0
274	A	1.00000	0	0.00000	0
275	A	1.00000	0	0.00000	0
276	L	1.00000	0	0.00000	0
277	A	1.00000	0	0.00000	0
278	S	1.00000	0	0.00000	0
279	S	1.00000	0	0.00000	0
280	G	1.00000	0	0.00000	0
281	Q	1.00000	0	0.00000	0
282	G	1.00000	0	0.00000	0
283	Q	1.00000	0	0.00000	0
284	K	1.00000	0	0.00000	0
285	E	1.00000	0	0.00000	0
286	G	1.00000	0	0.00000	0
287	V	1.00000	0	0.00000	0
288	R	1.00000	0	0.00000	0
289	E	1.00000	0	0.00000	0
290	A	1.00000	0	0.00000	0
291	S	1.00000	0	0.00000	0
292	P	1.00000	0	0.00000	0
293	E	1.00000	0	0.00000	0
294	E	1.00000	0	0.00000	0
295	E	1.00000	0	0.00000	0
296	E	1.00000	0	0.00000	0
297	E	1.00000	0	0.00000	0
298	E	1.00000	0	0.00000	0
299	E	1.00000	0	0.00000	0
300	E	1.00000	0	0.00000	0
301	E	1.00000	0	0.00000	0
302	C	1.00000	0	0.00000	0
303	E	1.00000	0	0.00000	0
304	P	1.00000	0	0.00000	0
305	P	1.00000	0	0.00000	0
306	E	1.00000	0	0.00000	0
307	V	1.00000	0	0.00000	0
308	P	1.00000	0	0.00000	0
309	V	1.00000	0	0.00000	0
310	S	1.00000	0	0.00000	0
311	P	1.00000	0	0.00000	0
312	A	1.00000	0	0.00000	0
313	S	1.00000	0	0.00000	0
314	V	1.00000	0	0.00000	0
315	C	1.00000	0	0.00000	0
316	S	1.00000	0	0.00000	0
317	P	1.00000	0	0.00000	0
318	P	1.00000	0	0.00000	0
319	L	1.00000	0	0.00000	0
320	Q	1.00000	0	0.00000	0
321	Q	1.00000	0	0.00000	0
322	P	1.00000	0	0.00000	0
323	Q	1.00000	0	0.00000	0
324	G	1.00000	0	0.00000	0
325	S	1.00000	0	0.00000	0
326	R	1.00000	0	0.00000	0
327	V	1.00000	0	0.00000	0
328	L	1.00000	0	0.00000	0
329	A	1.00000	0	0.00000	0
330	T	1.00000	0	0.00000	0
331	L	1.00000	0	0.00000	0
332	R	1.00000	0	0.00000	0
333	G	1.00000	0	0.00000	0
334	Q	1.00000	0	0.00000	0
335	V	1.00000	0	0.00000	0
336	L	1.00000	0	0.00000	0
337	L	1.00000	0	0.00000	0
338	S	1.00000	0	0.00000	0
339	R	1.00000	0	0.00000	0
340	G	1.00000	0	0.00000	0
341	V	1.00000	0	0.00000	0
342	G	1.00000	0	0.00000	0
343	A	1.00000	0	0.00000	0
344	A	1.00000	0	0.00000	0
345	S	1.00000	0	0.00000	0
346	G	1.00000	0	0.00000	0
347	Q	1.00000	0	0.00000	0
348	W	1.00000	0	0.00000	0
349	W	1.00000	0	0.00000	0
350	R	1.00000	0	0.00000	0
351	R	1.00000	0	0.00000	0
352	R	1.00000	0	0.00000	0
353	A	1.00000	0	0.00000	0
354	Q	1.00000	0	0.00000	0
355	L	1.00000	0	0.00000	0
356	T	1.00000	0	0.00000	0
357	R	1.00000	0	0.00000	0
358	E	1.00000	0	0.00000	0
359	K	0.96108	0	0.03892	0
360	R	0.95950	0	0.04050	0
361	F	0.66129	0	0.33871	0
362	T	0.40338	0	0.59662	0
363	F	0.07681	0	0.92319	0
364	V	0.07282	0	0.92718	0
365	L	0.00107	0	0.99893	0
366	A	0.00003	0	0.99997	0
367	V	0.00002	0	0.99998	0
368	V	0.00000	0	1.00000	0
369	I	0.00000	0	1.00000	0
370	G	0.00000	0	1.00000	0
371	V	0.00000	0	1.00000	0
372	F	0.00000	0	1.00000	0
373	V	0.00000	0	1.00000	0
374	L	0.00000	0	1.00000	0
375	C	0.00000	0	1.00000	0
376	W	0.00000	0	1.00000	0
377	F	0.00000	0	1.00000	0
378	P	0.00000	0	1.00000	0
379	F	0.00000	0	1.00000	0
380	F	0.00000	1e-05	0.99999	0
381	F	0.00000	0.00164	0.99836	0
382	S	0.00000	0.02462	0.97538	0
383	Y	0.00000	0.04794	0.95206	0
384	S	0.00000	0.15048	0.84952	0
385	L	0.00000	0.21412	0.78588	0
386	G	0.00000	0.50943	0.49057	0
387	A	0.00000	0.58871	0.41129	0
388	I	0.00000	0.8152	0.18480	0
389	C	0.00000	0.97996	0.02004	0
390	P	0.00000	0.99657	0.00343	0
391	Q	0.00000	0.99942	0.00058	0
392	H	0.00000	0.99994	0.00006	0
393	C	0.00000	1	0.00000	0
394	K	0.00000	1	0.00000	0
395	V	0.00000	0.99998	0.00002	0
396	P	0.00000	0.99997	0.00003	0
397	H	0.00000	0.99966	0.00034	0
398	G	0.00000	0.99784	0.00216	0
399	L	0.00000	0.96249	0.03751	0
400	F	0.00000	0.95288	0.04712	0
401	Q	0.00000	0.64326	0.35674	0
402	F	0.00000	0.00692	0.99308	0
403	F	0.00000	0.00032	0.99968	0
404	F	0.00000	0	1.00000	0
405	W	0.00000	0	1.00000	0
406	I	0.00000	0	1.00000	0
407	G	0.00000	0	1.00000	0
408	Y	0.00000	0	1.00000	0
409	C	0.00000	0	1.00000	0
410	N	0.00000	0	1.00000	0
411	S	0.00000	0	1.00000	0
412	S	0.00000	0	1.00000	0
413	L	0.00000	0	1.00000	0
414	N	0.00000	0	1.00000	0
415	P	0.00000	0	1.00000	0
416	V	0.00000	0	1.00000	0
417	I	0.00000	0	1.00000	0
418	Y	0.00000	0	1.00000	0
419	T	0.00002	0	0.99998	0
420	I	0.00073	0	0.99927	0
421	F	0.04538	0	0.95462	0
422	N	0.27892	0	0.72108	0
423	Q	0.99436	0	0.00564	0
424	D	0.99956	0	0.00044	0
425	F	0.99984	0	0.00016	0
426	R	1.00000	0	0.00000	0
427	R	1.00000	0	0.00000	0
428	A	1.00000	0	0.00000	0
429	F	1.00000	0	0.00000	0
430	R	1.00000	0	0.00000	0
431	R	1.00000	0	0.00000	0
432	I	1.00000	0	0.00000	0
433	L	1.00000	0	0.00000	0
434	C	1.00000	0	0.00000	0
435	R	1.00000	0	0.00000	0
436	Q	1.00000	0	0.00000	0
437	W	1.00000	0	0.00000	0
438	T	1.00000	0	0.00000	0
439	Q	1.00000	0	0.00000	0
440	T	1.00000	0	0.00000	0
441	A	1.00000	0	0.00000	0
442	W	1.00000	0	0.00000	0
