# UNNAMED
#pos	aa	i	o	M	S
1	M	0.00000	1	0.00000	0
2	V	0.00000	1	0.00000	0
3	P	0.00000	1	0.00000	0
4	V	0.00000	1	0.00000	0
5	L	0.00000	1	0.00000	0
6	D	0.00000	1	0.00000	0
7	N	0.00000	1	0.00000	0
8	M	0.00000	1	0.00000	0
9	T	0.00000	1	0.00000	0
10	P	0.00000	1	0.00000	0
11	S	0.00000	1	0.00000	0
12	S	0.00000	1	0.00000	0
13	V	0.00000	1	0.00000	0
14	T	0.00000	1	0.00000	0
15	L	0.00000	1	0.00000	0
16	N	0.00000	1	0.00000	0
17	C	0.00000	1	0.00000	0
18	S	0.00000	1	0.00000	0
19	N	0.00000	1	0.00000	0
20	C	0.00000	1	0.00000	0
21	S	0.00000	1	0.00000	0
22	H	0.00000	1	0.00000	0
23	V	0.00000	1	0.00000	0
24	L	0.00000	1	0.00000	0
25	A	0.00000	1	0.00000	0
26	P	0.00000	1	0.00000	0
27	E	0.00000	1	0.00000	0
28	L	0.00000	0.99976	0.00024	0
29	N	0.00000	0.99952	0.00048	0
30	T	0.00000	0.98673	0.01327	0
31	V	0.00000	0.96489	0.03511	0
32	K	0.00000	0.95598	0.04402	0
33	A	0.00000	0.68279	0.31721	0
34	V	0.00000	0.48943	0.51057	0
35	V	0.00000	0.38403	0.61597	0
36	L	0.00000	0.35276	0.64724	0
37	G	0.00000	0.3436	0.65640	0
38	M	0.00000	0.30736	0.69264	0
39	V	0.00000	0.12942	0.87058	0
40	L	0.00000	0.0407	0.95930	0
41	G	0.00000	0.02232	0.97768	0
42	I	0.00000	0.00036	0.99964	0
43	F	0.00000	2e-05	0.99998	0
44	I	0.00000	0	1.00000	0
45	L	0.00000	0	1.00000	0
46	F	0.00000	0	1.00000	0
47	G	0.00000	0	1.00000	0
48	V	0.00000	0	1.00000	0
49	I	0.00000	0	1.00000	0
50	G	0.00000	0	1.00000	0
51	N	0.00000	0	1.00000	0
52	I	0.00000	0	1.00000	0
53	L	0.00000	0	1.00000	0
54	V	0.00001	0	0.99999	0
55	I	0.00007	0	0.99993	0
56	L	0.00568	0	0.99432	0
57	S	0.17567	0	0.82433	0
58	V	0.20481	0	0.79519	0
59	V	0.30709	0	0.69291	0
60	C	0.56467	0	0.43533	0
61	H	0.84984	0	0.15016	0
62	R	0.98511	0	0.01489	0
63	H	0.99589	0	0.00411	0
64	L	0.99827	0	0.00173	0
65	Q	0.99998	0	0.00002	0
66	T	0.99966	0	0.00034	0
67	V	0.99194	0	0.00806	0
68	T	0.96258	0	0.03742	0
69	Y	0.77693	0	0.22307	0
70	Y	0.28962	0	0.71038	0
71	F	0.00377	0	0.99623	0
72	I	0.00008	0	0.99992	0
73	V	0.00000	0	1.00000	0
74	N	0.00000	0	1.00000	0
75	L	0.00000	0	1.00000	0
76	A	0.00000	0	1.00000	0
77	V	0.00000	0	1.00000	0
78	A	0.00000	0	1.00000	0
79	D	0.00000	0	1.00000	0
80	L	0.00000	0	1.00000	0
81	L	0.00000	0	1.00000	0
82	L	0.00000	0	1.00000	0
83	S	0.00000	0	1.00000	0
84	S	0.00000	0	1.00000	0
85	T	0.00000	0	1.00000	0
86	V	0.00000	0	1.00000	0
87	L	0.00000	1e-05	0.99999	0
88	P	0.00000	0.00014	0.99986	0
89	F	0.00000	0.0042	0.99580	0
90	S	0.00000	0.1862	0.81380	0
91	A	0.00000	0.27771	0.72229	0
92	I	0.00000	0.38837	0.61163	0
93	F	0.00000	0.99595	0.00405	0
94	E	0.00000	0.99774	0.00226	0
95	I	0.00000	0.9978	0.00220	0
96	L	0.00000	0.9984	0.00160	0
97	D	0.00000	0.99997	0.00003	0
98	R	0.00000	1	0.00000	0
99	W	0.00000	1	0.00000	0
100	V	0.00000	1	0.00000	0
101	F	0.00000	0.99999	0.00001	0
102	G	0.00000	0.99999	0.00001	0
103	R	0.00000	0.99999	0.00001	0
104	V	0.00000	0.99999	0.00001	0
105	F	0.00000	0.99999	0.00001	0
106	C	0.00000	0.99999	0.00001	0
107	N	0.00000	0.99998	0.00002	0
108	I	0.00000	0.99877	0.00123	0
109	W	0.00000	0.88804	0.11196	0
110	A	0.00000	0.29552	0.70448	0
111	A	0.00000	0.00786	0.99214	0
112	V	0.00000	6e-05	0.99994	0
113	D	0.00000	2e-05	0.99998	0
114	V	0.00000	0	1.00000	0
115	L	0.00000	0	1.00000	0
116	C	0.00000	0	1.00000	0
117	C	0.00000	0	1.00000	0
118	T	0.00000	0	1.00000	0
119	A	0.00000	0	1.00000	0
120	S	0.00000	0	1.00000	0
121	I	0.00000	0	1.00000	0
122	M	0.00000	0	1.00000	0
123	S	0.00000	0	1.00000	0
124	L	0.00000	0	1.00000	0
125	C	0.00000	0	1.00000	0
126	V	0.00000	0	1.00000	0
127	I	0.00000	0	1.00000	0
128	S	0.00000	0	1.00000	0
129	V	0.00001	0	0.99999	0
130	D	0.00004	0	0.99996	0
131	R	0.06362	0	0.93638	0
132	Y	0.31715	0	0.68285	0
133	I	0.88496	0	0.11504	0
134	G	0.97912	0	0.02088	0
135	V	0.99999	0	0.00001	0
136	S	1.00000	0	0.00000	0
137	Y	1.00000	0	0.00000	0
138	P	1.00000	0	0.00000	0
139	L	1.00000	0	0.00000	0
140	R	1.00000	0	0.00000	0
141	Y	1.00000	0	0.00000	0
142	P	1.00000	0	0.00000	0
143	A	1.00000	0	0.00000	0
144	I	1.00000	0	0.00000	0
145	M	1.00000	0	0.00000	0
146	T	1.00000	0	0.00000	0
147	K	1.00000	0	0.00000	0
148	R	0.99982	0	0.00018	0
149	R	0.98917	0	0.01083	0
150	A	0.21733	0	0.78267	0
151	L	0.01442	0	0.98558	0
152	L	0.00035	0	0.99965	0
153	A	0.00000	0	1.00000	0
154	V	0.00000	0	1.00000	0
155	M	0.00000	0	1.00000	0
156	L	0.00000	0	1.00000	0
157	L	0.00000	0	1.00000	0
158	W	0.00000	0	1.00000	0
159	V	0.00000	0	1.00000	0
160	L	0.00000	0	1.00000	0
161	S	0.00000	0	1.00000	0
162	V	0.00000	0	1.00000	0
163	I	0.00000	0	1.00000	0
164	I	0.00000	0	1.00000	0
165	S	0.00000	0	1.00000	0
166	I	0.00000	0	1.00000	0
167	G	0.00000	0	1.00000	0
168	P	0.00000	5e-05	0.99995	0
169	L	0.00000	0.00067	0.99933	0
170	F	0.00000	0.03116	0.96884	0
171	G	0.00000	0.55356	0.44644	0
172	W	0.00000	0.74153	0.25847	0
173	K	0.00000	0.99774	0.00226	0
174	E	0.00000	0.99998	0.00002	0
175	P	0.00000	1	0.00000	0
176	A	0.00000	1	0.00000	0
177	P	0.00000	1	0.00000	0
178	E	0.00000	1	0.00000	0
179	D	0.00000	1	0.00000	0
180	E	0.00000	1	0.00000	0
181	T	0.00000	1	0.00000	0
182	V	0.00000	1	0.00000	0
183	C	0.00000	1	0.00000	0
184	K	0.00000	1	0.00000	0
185	I	0.00000	1	0.00000	0
186	T	0.00000	1	0.00000	0
187	E	0.00000	1	0.00000	0
188	E	0.00000	0.99999	0.00001	0
189	P	0.00000	0.99935	0.00065	0
190	G	0.00000	0.92306	0.07694	0
191	Y	0.00000	0.85784	0.14216	0
192	A	0.00000	0.68161	0.31839	0
193	I	0.00000	0.06017	0.93983	0
194	F	0.00000	0.00264	0.99736	0
195	S	0.00000	0.00231	0.99769	0
196	A	0.00000	6e-05	0.99994	0
197	V	0.00000	4e-05	0.99996	0
198	G	0.00000	0	1.00000	0
199	S	0.00000	0	1.00000	0
200	F	0.00000	0	1.00000	0
201	Y	0.00000	0	1.00000	0
202	L	0.00000	0	1.00000	0
203	P	0.00000	0	1.00000	0
204	L	0.00000	0	1.00000	0
205	A	0.00000	0	1.00000	0
206	I	0.00000	0	1.00000	0
207	I	0.00000	0	1.00000	0
208	L	0.00000	0	1.00000	0
209	A	0.00000	0	1.00000	0
210	M	0.00000	0	1.00000	0
211	Y	0.00002	0	0.99998	0
212	C	0.00090	0	0.99910	0
213	R	0.01235	0	0.98765	0
214	V	0.01386	0	0.98614	0
215	Y	0.02472	0	0.97528	0
216	V	0.15488	0	0.84512	0
217	V	0.30006	0	0.69994	0
218	A	0.99330	0	0.00670	0
219	Q	0.99993	0	0.00007	0
220	K	1.00000	0	0.00000	0
221	E	1.00000	0	0.00000	0
222	S	1.00000	0	0.00000	0
223	R	1.00000	0	0.00000	0
224	G	1.00000	0	0.00000	0
225	L	1.00000	0	0.00000	0
226	K	1.00000	0	0.00000	0
227	E	1.00000	0	0.00000	0
228	G	1.00000	0	0.00000	0
229	Q	1.00000	0	0.00000	0
230	K	1.00000	0	0.00000	0
231	T	1.00000	0	0.00000	0
232	E	1.00000	0	0.00000	0
233	K	1.00000	0	0.00000	0
234	S	1.00000	0	0.00000	0
235	D	1.00000	0	0.00000	0
236	S	1.00000	0	0.00000	0
237	E	1.00000	0	0.00000	0
238	Q	1.00000	0	0.00000	0
239	V	1.00000	0	0.00000	0
240	I	1.00000	0	0.00000	0
241	L	1.00000	0	0.00000	0
242	R	1.00000	0	0.00000	0
243	M	1.00000	0	0.00000	0
244	H	1.00000	0	0.00000	0
245	R	1.00000	0	0.00000	0
246	G	1.00000	0	0.00000	0
247	N	1.00000	0	0.00000	0
248	T	1.00000	0	0.00000	0
249	T	1.00000	0	0.00000	0
250	V	1.00000	0	0.00000	0
251	S	1.00000	0	0.00000	0
252	E	1.00000	0	0.00000	0
253	D	1.00000	0	0.00000	0
254	E	1.00000	0	0.00000	0
255	A	1.00000	0	0.00000	0
256	L	1.00000	0	0.00000	0
257	R	1.00000	0	0.00000	0
258	S	1.00000	0	0.00000	0
259	R	1.00000	0	0.00000	0
260	T	1.00000	0	0.00000	0
261	H	1.00000	0	0.00000	0
262	F	1.00000	0	0.00000	0
263	A	1.00000	0	0.00000	0
264	L	1.00000	0	0.00000	0
265	R	1.00000	0	0.00000	0
266	L	1.00000	0	0.00000	0
267	L	1.00000	0	0.00000	0
268	K	1.00000	0	0.00000	0
269	F	1.00000	0	0.00000	0
270	S	1.00000	0	0.00000	0
271	R	1.00000	0	0.00000	0
272	E	1.00000	0	0.00000	0
273	K	0.99213	0	0.00787	0
274	K	0.99170	0	0.00830	0
275	A	0.70976	0	0.29024	0
276	A	0.70843	0	0.29157	0
277	K	0.67696	0	0.32304	0
278	T	0.57889	0	0.42111	0
279	L	0.02107	0	0.97893	0
280	G	0.00194	0	0.99806	0
281	I	0.00114	0	0.99886	0
282	V	0.00009	0	0.99991	0
283	V	0.00009	0	0.99991	0
284	G	0.00000	0	1.00000	0
285	C	0.00000	0	1.00000	0
286	F	0.00000	0	1.00000	0
287	V	0.00000	0	1.00000	0
288	L	0.00000	0	1.00000	0
289	C	0.00000	0	1.00000	0
290	W	0.00000	0	1.00000	0
291	L	0.00000	0	1.00000	0
292	P	0.00000	0	1.00000	0
293	F	0.00000	0	1.00000	0
294	F	0.00000	0	1.00000	0
295	L	0.00000	6e-05	0.99994	0
296	V	0.00000	0.00097	0.99903	0
297	L	0.00000	0.00615	0.99385	0
298	P	0.00000	0.08329	0.91671	0
299	I	0.00000	0.10987	0.89013	0
300	G	0.00000	0.19781	0.80219	0
301	S	0.00000	0.22316	0.77684	0
302	I	0.00000	0.2365	0.76350	0
303	F	0.00000	0.27439	0.72561	0
304	P	0.00000	0.56122	0.43878	0
305	A	0.00000	0.62736	0.37264	0
306	Y	0.00000	0.83033	0.16967	0
307	R	0.00000	0.99491	0.00509	0
308	P	0.00000	0.99931	0.00069	0
309	S	0.00000	0.99981	0.00019	0
310	D	0.00000	0.99925	0.00075	0
311	T	0.00000	0.9727	0.02730	0
312	V	0.00000	0.92548	0.07452	0
313	F	0.00000	0.91511	0.08489	0
314	K	0.00000	0.71662	0.28338	0
315	I	0.00000	0.00761	0.99239	0
316	T	0.00000	0.00136	0.99864	0
317	F	0.00000	1e-05	0.99999	0
318	W	0.00000	0	1.00000	0
319	L	0.00000	0	1.00000	0
320	G	0.00000	0	1.00000	0
321	Y	0.00000	0	1.00000	0
322	F	0.00000	0	1.00000	0
323	N	0.00000	0	1.00000	0
324	S	0.00000	0	1.00000	0
325	C	0.00000	0	1.00000	0
326	I	0.00000	0	1.00000	0
327	N	0.00000	0	1.00000	0
328	P	0.00000	0	1.00000	0
329	I	0.00000	0	1.00000	0
330	I	0.00002	0	0.99998	0
331	Y	0.00065	0	0.99935	0
332	P	0.00592	0	0.99408	0
333	C	0.02431	0	0.97569	0
334	S	0.28031	0	0.71969	0
335	N	0.50744	0	0.49256	0
336	Q	0.98840	0	0.01160	0
337	E	1.00000	0	0.00000	0
338	F	1.00000	0	0.00000	0
339	K	1.00000	0	0.00000	0
340	K	1.00000	0	0.00000	0
341	A	1.00000	0	0.00000	0
342	F	1.00000	0	0.00000	0
343	Q	1.00000	0	0.00000	0
344	S	1.00000	0	0.00000	0
345	L	1.00000	0	0.00000	0
346	L	1.00000	0	0.00000	0
347	G	1.00000	0	0.00000	0
348	V	1.00000	0	0.00000	0
349	H	1.00000	0	0.00000	0
350	C	1.00000	0	0.00000	0
351	L	1.00000	0	0.00000	0
352	R	1.00000	0	0.00000	0
353	M	1.00000	0	0.00000	0
354	T	1.00000	0	0.00000	0
355	P	1.00000	0	0.00000	0
356	R	1.00000	0	0.00000	0
357	A	1.00000	0	0.00000	0
358	H	1.00000	0	0.00000	0
359	H	1.00000	0	0.00000	0
360	H	1.00000	0	0.00000	0
361	H	1.00000	0	0.00000	0
362	L	1.00000	0	0.00000	0
363	S	1.00000	0	0.00000	0
364	V	1.00000	0	0.00000	0
365	G	1.00000	0	0.00000	0
366	Q	1.00000	0	0.00000	0
367	S	1.00000	0	0.00000	0
368	Q	1.00000	0	0.00000	0
369	T	1.00000	0	0.00000	0
370	Q	1.00000	0	0.00000	0
371	G	1.00000	0	0.00000	0
372	H	1.00000	0	0.00000	0
373	S	1.00000	0	0.00000	0
374	L	1.00000	0	0.00000	0
375	T	1.00000	0	0.00000	0
376	I	1.00000	0	0.00000	0
377	S	1.00000	0	0.00000	0
378	L	1.00000	0	0.00000	0
379	D	1.00000	0	0.00000	0
380	S	1.00000	0	0.00000	0
381	K	1.00000	0	0.00000	0
382	G	1.00000	0	0.00000	0
383	A	1.00000	0	0.00000	0
384	P	1.00000	0	0.00000	0
385	C	1.00000	0	0.00000	0
386	R	1.00000	0	0.00000	0
387	L	1.00000	0	0.00000	0
388	S	1.00000	0	0.00000	0
389	P	1.00000	0	0.00000	0
390	S	1.00000	0	0.00000	0
391	S	1.00000	0	0.00000	0
392	S	1.00000	0	0.00000	0
393	V	1.00000	0	0.00000	0
394	A	1.00000	0	0.00000	0
395	L	1.00000	0	0.00000	0
396	S	1.00000	0	0.00000	0
397	R	1.00000	0	0.00000	0
398	T	1.00000	0	0.00000	0
399	P	1.00000	0	0.00000	0
400	S	1.00000	0	0.00000	0
401	S	1.00000	0	0.00000	0
402	R	1.00000	0	0.00000	0
403	D	1.00000	0	0.00000	0
404	S	1.00000	0	0.00000	0
405	R	1.00000	0	0.00000	0
406	E	1.00000	0	0.00000	0
407	W	1.00000	0	0.00000	0
408	R	1.00000	0	0.00000	0
409	V	1.00000	0	0.00000	0
410	F	1.00000	0	0.00000	0
411	S	1.00000	0	0.00000	0
412	G	1.00000	0	0.00000	0
413	G	1.00000	0	0.00000	0
414	P	1.00000	0	0.00000	0
415	I	1.00000	0	0.00000	0
416	N	1.00000	0	0.00000	0
417	S	1.00000	0	0.00000	0
418	G	1.00000	0	0.00000	0
419	P	1.00000	0	0.00000	0
420	G	1.00000	0	0.00000	0
421	P	1.00000	0	0.00000	0
422	T	1.00000	0	0.00000	0
423	E	1.00000	0	0.00000	0
424	A	1.00000	0	0.00000	0
425	G	1.00000	0	0.00000	0
426	R	1.00000	0	0.00000	0
427	A	1.00000	0	0.00000	0
428	K	1.00000	0	0.00000	0
429	V	1.00000	0	0.00000	0
430	A	1.00000	0	0.00000	0
431	K	1.00000	0	0.00000	0
432	L	1.00000	0	0.00000	0
433	C	1.00000	0	0.00000	0
434	N	1.00000	0	0.00000	0
435	K	1.00000	0	0.00000	0
436	S	1.00000	0	0.00000	0
437	L	1.00000	0	0.00000	0
438	H	1.00000	0	0.00000	0
439	R	1.00000	0	0.00000	0
440	T	1.00000	0	0.00000	0
441	C	1.00000	0	0.00000	0
442	C	1.00000	0	0.00000	0
443	C	1.00000	0	0.00000	0
444	I	1.00000	0	0.00000	0
445	L	1.00000	0	0.00000	0
446	R	1.00000	0	0.00000	0
447	A	1.00000	0	0.00000	0
448	R	1.00000	0	0.00000	0
449	T	1.00000	0	0.00000	0
450	P	1.00000	0	0.00000	0
451	T	1.00000	0	0.00000	0
452	Q	1.00000	0	0.00000	0
453	D	1.00000	0	0.00000	0
454	P	1.00000	0	0.00000	0
455	A	1.00000	0	0.00000	0
456	P	1.00000	0	0.00000	0
457	L	1.00000	0	0.00000	0
458	G	1.00000	0	0.00000	0
459	D	1.00000	0	0.00000	0
460	L	1.00000	0	0.00000	0
461	P	1.00000	0	0.00000	0
462	T	1.00000	0	0.00000	0
463	I	1.00000	0	0.00000	0
464	K	1.00000	0	0.00000	0
465	I	1.00000	0	0.00000	0
466	H	1.00000	0	0.00000	0
467	Q	1.00000	0	0.00000	0
468	L	1.00000	0	0.00000	0
469	S	1.00000	0	0.00000	0
470	L	1.00000	0	0.00000	0
471	S	1.00000	0	0.00000	0
472	E	1.00000	0	0.00000	0
473	K	1.00000	0	0.00000	0
474	G	1.00000	0	0.00000	0
475	E	1.00000	0	0.00000	0
476	S	1.00000	0	0.00000	0
477	V	1.00000	0	0.00000	0
