# UNNAMED
#pos	aa	i	o	M	S
1	M	0.00000	1	0.00000	0
2	D	0.00000	1	0.00000	0
3	K	0.00000	1	0.00000	0
4	L	0.00000	1	0.00000	0
5	D	0.00000	1	0.00000	0
6	A	0.00000	1	0.00000	0
7	N	0.00000	1	0.00000	0
8	V	0.00000	1	0.00000	0
9	S	0.00000	1	0.00000	0
10	S	0.00000	1	0.00000	0
11	N	0.00000	1	0.00000	0
12	E	0.00000	1	0.00000	0
13	G	0.00000	1	0.00000	0
14	F	0.00000	1	0.00000	0
15	G	0.00000	0.99999	0.00001	0
16	S	0.00000	0.99996	0.00004	0
17	V	0.00000	0.99974	0.00026	0
18	E	0.00000	0.99964	0.00036	0
19	K	0.00000	0.99622	0.00378	0
20	V	0.00000	0.5633	0.43670	0
21	V	0.00000	0.17826	0.82174	0
22	L	0.00000	0.06271	0.93729	0
23	L	0.00000	0.03209	0.96791	0
24	T	0.00000	0.01396	0.98604	0
25	F	0.00000	0.00291	0.99709	0
26	L	0.00000	0.00029	0.99971	0
27	S	0.00000	4e-05	0.99996	0
28	V	0.00000	0	1.00000	0
29	V	0.00000	0	1.00000	0
30	I	0.00000	0	1.00000	0
31	L	0.00000	0	1.00000	0
32	M	0.00000	0	1.00000	0
33	A	0.00000	0	1.00000	0
34	I	0.00000	0	1.00000	0
35	L	0.00000	0	1.00000	0
36	G	0.00000	0	1.00000	0
37	N	0.00000	0	1.00000	0
38	L	0.00000	0	1.00000	0
39	L	0.00000	0	1.00000	0
40	V	0.00000	0	1.00000	0
41	M	0.00006	0	0.99994	0
42	V	0.00087	0	0.99913	0
43	A	0.03303	0	0.96697	0
44	V	0.11968	0	0.88032	0
45	C	0.45762	0	0.54238	0
46	R	0.99118	0	0.00882	0
47	D	0.99995	0	0.00005	0
48	R	1.00000	0	0.00000	0
49	Q	1.00000	0	0.00000	0
50	L	1.00000	0	0.00000	0
51	R	1.00000	0	0.00000	0
52	K	0.99999	0	0.00001	0
53	I	0.99683	0	0.00317	0
54	K	0.99592	0	0.00408	0
55	T	0.87047	0	0.12953	0
56	N	0.15690	0	0.84310	0
57	Y	0.04444	0	0.95556	0
58	F	0.00034	0	0.99966	0
59	I	0.00001	0	0.99999	0
60	V	0.00000	0	1.00000	0
61	S	0.00000	0	1.00000	0
62	L	0.00000	0	1.00000	0
63	A	0.00000	0	1.00000	0
64	F	0.00000	0	1.00000	0
65	A	0.00000	0	1.00000	0
66	D	0.00000	0	1.00000	0
67	L	0.00000	0	1.00000	0
68	L	0.00000	0	1.00000	0
69	V	0.00000	0	1.00000	0
70	S	0.00000	0	1.00000	0
71	V	0.00000	0	1.00000	0
72	L	0.00000	0	1.00000	0
73	V	0.00000	0	1.00000	0
74	M	0.00000	6e-05	0.99994	0
75	P	0.00000	0.00113	0.99887	0
76	F	0.00000	0.02763	0.97237	0
77	G	0.00000	0.16371	0.83629	0
78	A	0.00000	0.38217	0.61783	0
79	I	0.00000	0.58822	0.41178	0
80	E	0.00000	0.99993	0.00007	0
81	L	0.00000	0.99995	0.00005	0
82	V	0.00000	0.99997	0.00003	0
83	Q	0.00000	0.99999	0.00001	0
84	D	0.00000	1	0.00000	0
85	V	0.00000	1	0.00000	0
86	W	0.00000	1	0.00000	0
87	I	0.00000	1	0.00000	0
88	Y	0.00000	1	0.00000	0
89	G	0.00000	1	0.00000	0
90	E	0.00000	1	0.00000	0
91	M	0.00000	1	0.00000	0
92	F	0.00000	0.99967	0.00033	0
93	C	0.00000	0.99959	0.00041	0
94	L	0.00000	0.99913	0.00087	0
95	V	0.00000	0.99886	0.00114	0
96	R	0.00000	0.96616	0.03384	0
97	T	0.00000	0.84435	0.15565	0
98	S	0.00000	0.58014	0.41986	0
99	L	0.00000	0.03884	0.96116	0
100	D	0.00000	0.01028	0.98972	0
101	V	0.00000	0.00016	0.99984	0
102	L	0.00000	0	1.00000	0
103	L	0.00000	0	1.00000	0
104	T	0.00000	0	1.00000	0
105	T	0.00000	0	1.00000	0
106	A	0.00000	0	1.00000	0
107	S	0.00000	0	1.00000	0
108	I	0.00000	0	1.00000	0
109	F	0.00000	0	1.00000	0
110	H	0.00000	0	1.00000	0
111	L	0.00000	0	1.00000	0
112	C	0.00000	0	1.00000	0
113	C	0.00000	0	1.00000	0
114	I	0.00000	0	1.00000	0
115	S	0.00000	0	1.00000	0
116	L	0.00000	0	1.00000	0
117	D	0.00000	0	1.00000	0
118	R	0.00044	0	0.99956	0
119	Y	0.03564	0	0.96436	0
120	Y	0.26123	0	0.73877	0
121	A	0.96414	0	0.03586	0
122	I	0.99997	0	0.00003	0
123	C	1.00000	0	0.00000	0
124	C	1.00000	0	0.00000	0
125	Q	1.00000	0	0.00000	0
126	P	1.00000	0	0.00000	0
127	L	1.00000	0	0.00000	0
128	V	1.00000	0	0.00000	0
129	Y	1.00000	0	0.00000	0
130	R	1.00000	0	0.00000	0
131	S	1.00000	0	0.00000	0
132	K	1.00000	0	0.00000	0
133	M	0.99998	0	0.00002	0
134	T	0.99957	0	0.00043	0
135	P	0.99513	0	0.00487	0
136	V	0.86415	0	0.13585	0
137	R	0.81276	0	0.18724	0
138	I	0.01226	0	0.98774	0
139	A	0.00073	0	0.99927	0
140	L	0.00008	0	0.99992	0
141	M	0.00002	0	0.99998	0
142	L	0.00000	0	1.00000	0
143	G	0.00000	0	1.00000	0
144	G	0.00000	0	1.00000	0
145	C	0.00000	0	1.00000	0
146	W	0.00000	0	1.00000	0
147	A	0.00000	0	1.00000	0
148	L	0.00000	0	1.00000	0
149	P	0.00000	0	1.00000	0
150	M	0.00000	0	1.00000	0
151	F	0.00000	0	1.00000	0
152	I	0.00000	0	1.00000	0
153	S	0.00000	0	1.00000	0
154	F	0.00000	1e-05	0.99999	0
155	L	0.00000	0.00043	0.99957	0
156	P	0.00000	0.00847	0.99153	0
157	I	0.00000	0.01512	0.98488	0
158	M	0.00000	0.07064	0.92936	0
159	Q	0.00000	0.8606	0.13940	0
160	G	0.00000	0.97032	0.02968	0
161	W	0.00000	0.9868	0.01320	0
162	N	0.00000	0.99959	0.00041	0
163	N	0.00000	0.99999	0.00001	0
164	I	0.00000	1	0.00000	0
165	G	0.00000	1	0.00000	0
166	I	0.00000	1	0.00000	0
167	I	0.00000	1	0.00000	0
168	D	0.00000	1	0.00000	0
169	V	0.00000	1	0.00000	0
170	I	0.00000	1	0.00000	0
171	E	0.00000	1	0.00000	0
172	K	0.00000	1	0.00000	0
173	R	0.00000	1	0.00000	0
174	K	0.00000	1	0.00000	0
175	F	0.00000	1	0.00000	0
176	N	0.00000	1	0.00000	0
177	H	0.00000	1	0.00000	0
178	N	0.00000	1	0.00000	0
179	S	0.00000	1	0.00000	0
180	N	0.00000	1	0.00000	0
181	S	0.00000	1	0.00000	0
182	T	0.00000	1	0.00000	0
183	C	0.00000	1	0.00000	0
184	C	0.00000	0.99985	0.00015	0
185	V	0.00000	0.83682	0.16318	0
186	F	0.00000	0.82679	0.17321	0
187	M	0.00000	0.82623	0.17377	0
188	V	0.00000	0.82604	0.17396	0
189	N	0.00000	0.82599	0.17401	0
190	K	0.00000	0.82388	0.17612	0
191	P	0.00000	0.52184	0.47816	0
192	Y	0.00000	0.07744	0.92256	0
193	A	0.00000	0.02174	0.97826	0
194	I	0.00000	0.00742	0.99258	0
195	T	0.00000	0.00592	0.99408	0
196	C	0.00000	0.00551	0.99449	0
197	S	0.00000	0.00032	0.99968	0
198	V	0.00000	0.00012	0.99988	0
199	V	0.00000	0	1.00000	0
200	A	0.00000	0	1.00000	0
201	F	0.00000	0	1.00000	0
202	Y	0.00000	0	1.00000	0
203	I	0.00000	0	1.00000	0
204	P	0.00000	0	1.00000	0
205	F	0.00000	0	1.00000	0
206	L	0.00000	0	1.00000	0
207	L	0.00003	0	0.99997	0
208	M	0.00010	0	0.99990	0
209	V	0.00022	0	0.99978	0
210	L	0.00822	0	0.99178	0
211	A	0.03515	0	0.96485	0
212	Y	0.04845	0	0.95155	0
213	Y	0.08592	0	0.91408	0
214	R	0.25105	0	0.74895	0
215	I	0.26109	0	0.73891	0
216	Y	0.32681	0	0.67319	0
217	I	0.70533	0	0.29467	0
218	T	0.98778	0	0.01222	0
219	A	0.99980	0	0.00020	0
220	K	0.99998	0	0.00002	0
221	E	1.00000	0	0.00000	0
222	H	1.00000	0	0.00000	0
223	A	1.00000	0	0.00000	0
224	Q	1.00000	0	0.00000	0
225	Q	1.00000	0	0.00000	0
226	I	1.00000	0	0.00000	0
227	Q	1.00000	0	0.00000	0
228	M	1.00000	0	0.00000	0
229	L	1.00000	0	0.00000	0
230	Q	1.00000	0	0.00000	0
231	R	1.00000	0	0.00000	0
232	A	1.00000	0	0.00000	0
233	G	1.00000	0	0.00000	0
234	A	1.00000	0	0.00000	0
235	T	1.00000	0	0.00000	0
236	P	1.00000	0	0.00000	0
237	E	1.00000	0	0.00000	0
238	S	1.00000	0	0.00000	0
239	R	1.00000	0	0.00000	0
240	P	1.00000	0	0.00000	0
241	Q	1.00000	0	0.00000	0
242	P	1.00000	0	0.00000	0
243	A	1.00000	0	0.00000	0
244	D	1.00000	0	0.00000	0
245	Q	1.00000	0	0.00000	0
246	H	1.00000	0	0.00000	0
247	S	1.00000	0	0.00000	0
248	T	1.00000	0	0.00000	0
249	H	1.00000	0	0.00000	0
250	R	1.00000	0	0.00000	0
251	M	1.00000	0	0.00000	0
252	R	1.00000	0	0.00000	0
253	T	1.00000	0	0.00000	0
254	E	1.00000	0	0.00000	0
255	T	0.84593	0	0.15407	0
256	K	0.84272	0	0.15728	0
257	A	0.33318	0	0.66682	0
258	A	0.26589	0	0.73411	0
259	K	0.26437	0	0.73563	0
260	T	0.18709	0	0.81291	0
261	L	0.00124	0	0.99876	0
262	C	0.00001	0	0.99999	0
263	V	0.00000	0	1.00000	0
264	I	0.00000	0	1.00000	0
265	M	0.00000	0	1.00000	0
266	G	0.00000	0	1.00000	0
267	C	0.00000	0	1.00000	0
268	F	0.00000	0	1.00000	0
269	C	0.00000	0	1.00000	0
270	F	0.00000	0	1.00000	0
271	C	0.00000	0	1.00000	0
272	W	0.00000	0	1.00000	0
273	A	0.00000	0	1.00000	0
274	P	0.00000	0	1.00000	0
275	F	0.00000	1e-05	0.99999	0
276	F	0.00000	0.00017	0.99983	0
277	V	0.00000	0.0238	0.97620	0
278	T	0.00000	0.18489	0.81511	0
279	N	0.00000	0.30383	0.69617	0
280	V	0.00000	0.35225	0.64775	0
281	V	0.00000	0.5012	0.49880	0
282	D	0.00000	0.98257	0.01743	0
283	P	0.00000	0.98449	0.01551	0
284	F	0.00000	0.98527	0.01473	0
285	I	0.00000	0.9886	0.01140	0
286	D	0.00000	0.99987	0.00013	0
287	Y	0.00000	0.99989	0.00011	0
288	T	0.00000	0.99994	0.00006	0
289	V	0.00000	0.99997	0.00003	0
290	P	0.00000	0.9998	0.00020	0
291	E	0.00000	0.99598	0.00402	0
292	Q	0.00000	0.98083	0.01917	0
293	V	0.00000	0.91434	0.08566	0
294	W	0.00000	0.88891	0.11109	0
295	T	0.00000	0.34032	0.65968	0
296	A	0.00000	0.00319	0.99681	0
297	F	0.00000	8e-05	0.99992	0
298	L	0.00000	0	1.00000	0
299	W	0.00000	0	1.00000	0
300	L	0.00000	0	1.00000	0
301	G	0.00000	0	1.00000	0
302	Y	0.00000	0	1.00000	0
303	I	0.00000	0	1.00000	0
304	N	0.00000	0	1.00000	0
305	S	0.00000	0	1.00000	0
306	G	0.00000	0	1.00000	0
307	L	0.00000	0	1.00000	0
308	N	0.00000	0	1.00000	0
309	P	0.00000	0	1.00000	0
310	F	0.00000	0	1.00000	0
311	L	0.00000	0	1.00000	0
312	Y	0.00002	0	0.99998	0
313	A	0.00016	0	0.99984	0
314	F	0.00261	0	0.99739	0
315	L	0.40709	0	0.59291	0
316	N	0.89902	0	0.10098	0
317	K	1.00000	0	0.00000	0
318	S	1.00000	0	0.00000	0
319	F	1.00000	0	0.00000	0
320	R	1.00000	0	0.00000	0
321	R	1.00000	0	0.00000	0
322	A	1.00000	0	0.00000	0
323	F	1.00000	0	0.00000	0
324	L	1.00000	0	0.00000	0
325	I	1.00000	0	0.00000	0
326	I	1.00000	0	0.00000	0
327	L	1.00000	0	0.00000	0
328	C	1.00000	0	0.00000	0
329	C	1.00000	0	0.00000	0
330	D	1.00000	0	0.00000	0
331	D	1.00000	0	0.00000	0
332	E	1.00000	0	0.00000	0
333	R	1.00000	0	0.00000	0
334	Y	1.00000	0	0.00000	0
335	R	1.00000	0	0.00000	0
336	R	1.00000	0	0.00000	0
337	P	1.00000	0	0.00000	0
338	S	1.00000	0	0.00000	0
339	I	1.00000	0	0.00000	0
340	L	1.00000	0	0.00000	0
341	G	1.00000	0	0.00000	0
342	Q	1.00000	0	0.00000	0
343	T	1.00000	0	0.00000	0
344	V	1.00000	0	0.00000	0
345	P	1.00000	0	0.00000	0
346	C	1.00000	0	0.00000	0
347	S	1.00000	0	0.00000	0
348	T	1.00000	0	0.00000	0
349	T	1.00000	0	0.00000	0
350	T	1.00000	0	0.00000	0
351	I	1.00000	0	0.00000	0
352	N	1.00000	0	0.00000	0
353	G	1.00000	0	0.00000	0
354	S	1.00000	0	0.00000	0
355	T	1.00000	0	0.00000	0
356	H	1.00000	0	0.00000	0
357	V	1.00000	0	0.00000	0
358	L	1.00000	0	0.00000	0
359	R	1.00000	0	0.00000	0
360	D	1.00000	0	0.00000	0
361	A	1.00000	0	0.00000	0
362	V	1.00000	0	0.00000	0
363	E	1.00000	0	0.00000	0
364	C	1.00000	0	0.00000	0
365	G	1.00000	0	0.00000	0
366	G	1.00000	0	0.00000	0
367	Q	1.00000	0	0.00000	0
368	W	1.00000	0	0.00000	0
369	E	1.00000	0	0.00000	0
370	S	1.00000	0	0.00000	0
371	R	1.00000	0	0.00000	0
372	C	1.00000	0	0.00000	0
373	H	1.00000	0	0.00000	0
374	L	1.00000	0	0.00000	0
375	T	1.00000	0	0.00000	0
376	A	1.00000	0	0.00000	0
377	T	1.00000	0	0.00000	0
378	S	1.00000	0	0.00000	0
379	P	1.00000	0	0.00000	0
380	L	1.00000	0	0.00000	0
381	V	1.00000	0	0.00000	0
382	A	1.00000	0	0.00000	0
383	V	1.00000	0	0.00000	0
384	Q	1.00000	0	0.00000	0
385	P	1.00000	0	0.00000	0
386	S	1.00000	0	0.00000	0
387	D	1.00000	0	0.00000	0
388	T	1.00000	0	0.00000	0
