# UNNAMED
#pos	aa	i	o	M	S
1	M	0.00000	1	0.00000	0
2	D	0.00000	1	0.00000	0
3	S	0.00000	1	0.00000	0
4	P	0.00000	1	0.00000	0
5	N	0.00000	1	0.00000	0
6	M	0.00000	1	0.00000	0
7	S	0.00000	1	0.00000	0
8	W	0.00000	1	0.00000	0
9	Y	0.00000	1	0.00000	0
10	D	0.00000	1	0.00000	0
11	G	0.00000	1	0.00000	0
12	I	0.00000	1	0.00000	0
13	Y	0.00000	1	0.00000	0
14	E	0.00000	1	0.00000	0
15	N	0.00000	1	0.00000	0
16	R	0.00000	1	0.00000	0
17	S	0.00000	1	0.00000	0
18	L	0.00000	1	0.00000	0
19	N	0.00000	1	0.00000	0
20	E	0.00000	1	0.00000	0
21	S	0.00000	1	0.00000	0
22	G	0.00000	1	0.00000	0
23	P	0.00000	1	0.00000	0
24	E	0.00000	1	0.00000	0
25	P	0.00000	1	0.00000	0
26	K	0.00000	1	0.00000	0
27	P	0.00000	1	0.00000	0
28	A	0.00000	1	0.00000	0
29	H	0.00000	0.99998	0.00002	0
30	E	0.00000	0.99719	0.00281	0
31	Y	0.00000	0.88936	0.11064	0
32	N	0.00000	0.86311	0.13689	0
33	Y	0.00000	0.28963	0.71037	0
34	Y	0.00000	0.16082	0.83918	0
35	A	0.00000	0.09633	0.90367	0
36	M	0.00000	0.06702	0.93298	0
37	L	0.00000	0.02665	0.97335	0
38	L	0.00000	0.00554	0.99446	0
39	T	0.00000	0.00044	0.99956	0
40	L	0.00000	2e-05	0.99998	0
41	L	0.00000	0	1.00000	0
42	I	0.00000	0	1.00000	0
43	F	0.00000	0	1.00000	0
44	V	0.00000	0	1.00000	0
45	I	0.00000	0	1.00000	0
46	V	0.00000	0	1.00000	0
47	F	0.00000	0	1.00000	0
48	G	0.00000	0	1.00000	0
49	N	0.00000	0	1.00000	0
50	V	0.00000	0	1.00000	0
51	L	0.00000	0	1.00000	0
52	V	0.00002	0	0.99998	0
53	C	0.00021	0	0.99979	0
54	M	0.00579	0	0.99421	0
55	A	0.05727	0	0.94273	0
56	V	0.15797	0	0.84203	0
57	C	0.50039	0	0.49961	0
58	R	0.98722	0	0.01278	0
59	E	0.99984	0	0.00016	0
60	K	1.00000	0	0.00000	0
61	A	1.00000	0	0.00000	0
62	L	1.00000	0	0.00000	0
63	Q	1.00000	0	0.00000	0
64	T	0.99993	0	0.00007	0
65	T	0.99765	0	0.00235	0
66	T	0.89966	0	0.10034	0
67	N	0.19452	0	0.80548	0
68	Y	0.05987	0	0.94013	0
69	L	0.00060	0	0.99940	0
70	I	0.00001	0	0.99999	0
71	V	0.00000	0	1.00000	0
72	S	0.00000	0	1.00000	0
73	L	0.00000	0	1.00000	0
74	A	0.00000	0	1.00000	0
75	V	0.00000	0	1.00000	0
76	A	0.00000	0	1.00000	0
77	D	0.00000	0	1.00000	0
78	L	0.00000	0	1.00000	0
79	L	0.00000	0	1.00000	0
80	V	0.00000	0	1.00000	0
81	A	0.00000	0	1.00000	0
82	T	0.00000	0	1.00000	0
83	L	0.00000	0	1.00000	0
84	V	0.00000	0	1.00000	0
85	I	0.00000	5e-05	0.99995	0
86	P	0.00000	0.00097	0.99903	0
87	W	0.00000	0.01055	0.98945	0
88	V	0.00000	0.06189	0.93811	0
89	V	0.00000	0.33724	0.66276	0
90	Y	0.00000	0.89927	0.10073	0
91	L	0.00000	0.9998	0.00020	0
92	E	0.00000	1	0.00000	0
93	V	0.00000	1	0.00000	0
94	V	0.00000	1	0.00000	0
95	G	0.00000	1	0.00000	0
96	E	0.00000	1	0.00000	0
97	W	0.00000	1	0.00000	0
98	R	0.00000	1	0.00000	0
99	F	0.00000	1	0.00000	0
100	S	0.00000	1	0.00000	0
101	R	0.00000	1	0.00000	0
102	I	0.00000	1	0.00000	0
103	H	0.00000	1	0.00000	0
104	C	0.00000	0.99999	0.00001	0
105	N	0.00000	0.99995	0.00005	0
106	I	0.00000	0.99356	0.00644	0
107	F	0.00000	0.39435	0.60565	0
108	V	0.00000	0.07076	0.92924	0
109	T	0.00000	0.03022	0.96978	0
110	L	0.00000	0.00025	0.99975	0
111	D	0.00000	6e-05	0.99994	0
112	V	0.00000	0	1.00000	0
113	M	0.00000	0	1.00000	0
114	M	0.00000	0	1.00000	0
115	C	0.00000	0	1.00000	0
116	T	0.00000	0	1.00000	0
117	A	0.00000	0	1.00000	0
118	S	0.00000	0	1.00000	0
119	I	0.00000	0	1.00000	0
120	L	0.00000	0	1.00000	0
121	N	0.00000	0	1.00000	0
122	L	0.00000	0	1.00000	0
123	C	0.00000	0	1.00000	0
124	A	0.00000	0	1.00000	0
125	I	0.00000	0	1.00000	0
126	S	0.00000	0	1.00000	0
127	I	0.00000	0	1.00000	0
128	D	0.00001	0	0.99999	0
129	R	0.02188	0	0.97812	0
130	Y	0.45860	0	0.54140	0
131	T	0.91820	0	0.08180	0
132	A	0.99255	0	0.00745	0
133	V	1.00000	0	0.00000	0
134	A	1.00000	0	0.00000	0
135	M	1.00000	0	0.00000	0
136	P	1.00000	0	0.00000	0
137	M	1.00000	0	0.00000	0
138	L	1.00000	0	0.00000	0
139	Y	1.00000	0	0.00000	0
140	N	1.00000	0	0.00000	0
141	T	1.00000	0	0.00000	0
142	R	1.00000	0	0.00000	0
143	Y	1.00000	0	0.00000	0
144	S	1.00000	0	0.00000	0
145	S	0.99999	0	0.00001	0
146	K	0.99998	0	0.00002	0
147	R	0.99909	0	0.00091	0
148	R	0.98091	0	0.01909	0
149	V	0.15246	0	0.84754	0
150	T	0.09450	0	0.90550	0
151	V	0.00168	0	0.99832	0
152	M	0.00003	0	0.99997	0
153	I	0.00000	0	1.00000	0
154	S	0.00000	0	1.00000	0
155	V	0.00000	0	1.00000	0
156	V	0.00000	0	1.00000	0
157	W	0.00000	0	1.00000	0
158	V	0.00000	0	1.00000	0
159	L	0.00000	0	1.00000	0
160	S	0.00000	0	1.00000	0
161	F	0.00000	0	1.00000	0
162	A	0.00000	0	1.00000	0
163	I	0.00000	0	1.00000	0
164	S	0.00000	0	1.00000	0
165	C	0.00000	0	1.00000	0
166	P	0.00000	1e-05	0.99999	0
167	L	0.00000	2e-05	0.99998	0
168	L	0.00000	0.00034	0.99966	0
169	F	0.00000	0.00965	0.99035	0
170	G	0.00000	0.11854	0.88146	0
171	L	0.00000	0.32337	0.67663	0
172	N	0.00000	0.98188	0.01812	0
173	N	0.00000	0.99961	0.00039	0
174	T	0.00000	0.99997	0.00003	0
175	E	0.00000	1	0.00000	0
176	E	0.00000	1	0.00000	0
177	N	0.00000	1	0.00000	0
178	E	0.00000	1	0.00000	0
179	C	0.00000	1	0.00000	0
180	I	0.00000	1	0.00000	0
181	I	0.00000	1	0.00000	0
182	A	0.00000	1	0.00000	0
183	N	0.00000	0.99998	0.00002	0
184	P	0.00000	0.99782	0.00218	0
185	A	0.00000	0.76719	0.23281	0
186	F	0.00000	0.43153	0.56847	0
187	V	0.00000	0.42187	0.57813	0
188	V	0.00000	0.38386	0.61614	0
189	Y	0.00000	0.25393	0.74607	0
190	S	0.00000	0.24744	0.75256	0
191	S	0.00000	0.14603	0.85397	0
192	I	0.00000	0.05215	0.94785	0
193	V	0.00000	2e-05	0.99998	0
194	S	0.00000	0	1.00000	0
195	F	0.00000	0	1.00000	0
196	Y	0.00000	0	1.00000	0
197	V	0.00000	0	1.00000	0
198	P	0.00000	0	1.00000	0
199	F	0.00000	0	1.00000	0
200	I	0.00000	0	1.00000	0
201	V	0.00000	0	1.00000	0
202	T	0.00000	0	1.00000	0
203	L	0.00000	0	1.00000	0
204	L	0.00000	0	1.00000	0
205	V	0.00000	0	1.00000	0
206	Y	0.00002	0	0.99998	0
207	V	0.00123	0	0.99877	0
208	Q	0.03896	0	0.96104	0
209	I	0.04069	0	0.95931	0
210	Y	0.05290	0	0.94710	0
211	I	0.11803	0	0.88197	0
212	V	0.16642	0	0.83358	0
213	L	0.27065	0	0.72935	0
214	R	0.95132	0	0.04868	0
215	K	0.99907	0	0.00093	0
216	R	0.99993	0	0.00007	0
217	R	1.00000	0	0.00000	0
218	K	1.00000	0	0.00000	0
219	R	1.00000	0	0.00000	0
220	V	1.00000	0	0.00000	0
221	N	1.00000	0	0.00000	0
222	T	1.00000	0	0.00000	0
223	K	1.00000	0	0.00000	0
224	R	1.00000	0	0.00000	0
225	V	1.00000	0	0.00000	0
226	G	1.00000	0	0.00000	0
227	T	1.00000	0	0.00000	0
228	H	1.00000	0	0.00000	0
229	L	1.00000	0	0.00000	0
230	G	1.00000	0	0.00000	0
231	P	1.00000	0	0.00000	0
232	D	1.00000	0	0.00000	0
233	S	1.00000	0	0.00000	0
234	D	1.00000	0	0.00000	0
235	T	1.00000	0	0.00000	0
236	Q	1.00000	0	0.00000	0
237	A	1.00000	0	0.00000	0
238	P	1.00000	0	0.00000	0
239	L	1.00000	0	0.00000	0
240	K	1.00000	0	0.00000	0
241	D	1.00000	0	0.00000	0
242	K	1.00000	0	0.00000	0
243	C	1.00000	0	0.00000	0
244	T	1.00000	0	0.00000	0
245	H	1.00000	0	0.00000	0
246	P	1.00000	0	0.00000	0
247	E	1.00000	0	0.00000	0
248	D	1.00000	0	0.00000	0
249	V	1.00000	0	0.00000	0
250	K	1.00000	0	0.00000	0
251	L	1.00000	0	0.00000	0
252	C	1.00000	0	0.00000	0
253	T	1.00000	0	0.00000	0
254	L	1.00000	0	0.00000	0
255	I	1.00000	0	0.00000	0
256	L	1.00000	0	0.00000	0
257	K	1.00000	0	0.00000	0
258	T	1.00000	0	0.00000	0
259	N	1.00000	0	0.00000	0
260	G	1.00000	0	0.00000	0
261	S	1.00000	0	0.00000	0
262	F	1.00000	0	0.00000	0
263	P	1.00000	0	0.00000	0
264	L	1.00000	0	0.00000	0
265	H	1.00000	0	0.00000	0
266	K	1.00000	0	0.00000	0
267	R	1.00000	0	0.00000	0
268	K	1.00000	0	0.00000	0
269	V	1.00000	0	0.00000	0
270	V	1.00000	0	0.00000	0
271	S	1.00000	0	0.00000	0
272	V	1.00000	0	0.00000	0
273	P	1.00000	0	0.00000	0
274	P	1.00000	0	0.00000	0
275	R	1.00000	0	0.00000	0
276	D	1.00000	0	0.00000	0
277	R	1.00000	0	0.00000	0
278	P	1.00000	0	0.00000	0
279	Q	1.00000	0	0.00000	0
280	I	1.00000	0	0.00000	0
281	D	1.00000	0	0.00000	0
282	E	1.00000	0	0.00000	0
283	M	1.00000	0	0.00000	0
284	E	1.00000	0	0.00000	0
285	M	1.00000	0	0.00000	0
286	A	1.00000	0	0.00000	0
287	T	1.00000	0	0.00000	0
288	S	1.00000	0	0.00000	0
289	T	1.00000	0	0.00000	0
290	S	1.00000	0	0.00000	0
291	P	1.00000	0	0.00000	0
292	P	1.00000	0	0.00000	0
293	E	1.00000	0	0.00000	0
294	K	1.00000	0	0.00000	0
295	S	1.00000	0	0.00000	0
296	K	1.00000	0	0.00000	0
297	H	1.00000	0	0.00000	0
298	K	1.00000	0	0.00000	0
299	P	1.00000	0	0.00000	0
300	S	1.00000	0	0.00000	0
301	V	1.00000	0	0.00000	0
302	P	1.00000	0	0.00000	0
303	S	1.00000	0	0.00000	0
304	H	1.00000	0	0.00000	0
305	N	1.00000	0	0.00000	0
306	E	1.00000	0	0.00000	0
307	L	1.00000	0	0.00000	0
308	A	1.00000	0	0.00000	0
309	M	1.00000	0	0.00000	0
310	P	1.00000	0	0.00000	0
311	A	1.00000	0	0.00000	0
312	P	1.00000	0	0.00000	0
313	S	1.00000	0	0.00000	0
314	H	1.00000	0	0.00000	0
315	M	1.00000	0	0.00000	0
316	C	1.00000	0	0.00000	0
317	A	1.00000	0	0.00000	0
318	N	1.00000	0	0.00000	0
319	S	1.00000	0	0.00000	0
320	T	1.00000	0	0.00000	0
321	L	1.00000	0	0.00000	0
322	R	1.00000	0	0.00000	0
323	S	1.00000	0	0.00000	0
324	P	1.00000	0	0.00000	0
325	M	1.00000	0	0.00000	0
326	D	1.00000	0	0.00000	0
327	S	1.00000	0	0.00000	0
328	P	1.00000	0	0.00000	0
329	L	1.00000	0	0.00000	0
330	Q	1.00000	0	0.00000	0
331	V	1.00000	0	0.00000	0
332	A	1.00000	0	0.00000	0
333	K	1.00000	0	0.00000	0
334	N	1.00000	0	0.00000	0
335	G	1.00000	0	0.00000	0
336	H	1.00000	0	0.00000	0
337	T	1.00000	0	0.00000	0
338	T	1.00000	0	0.00000	0
339	D	1.00000	0	0.00000	0
340	N	1.00000	0	0.00000	0
341	P	1.00000	0	0.00000	0
342	K	1.00000	0	0.00000	0
343	T	1.00000	0	0.00000	0
344	A	1.00000	0	0.00000	0
345	K	1.00000	0	0.00000	0
346	A	1.00000	0	0.00000	0
347	F	1.00000	0	0.00000	0
348	E	1.00000	0	0.00000	0
349	I	1.00000	0	0.00000	0
350	Q	1.00000	0	0.00000	0
351	T	1.00000	0	0.00000	0
352	M	1.00000	0	0.00000	0
353	P	1.00000	0	0.00000	0
354	N	1.00000	0	0.00000	0
355	G	1.00000	0	0.00000	0
356	K	1.00000	0	0.00000	0
357	T	1.00000	0	0.00000	0
358	Q	1.00000	0	0.00000	0
359	S	1.00000	0	0.00000	0
360	S	1.00000	0	0.00000	0
361	L	1.00000	0	0.00000	0
362	K	1.00000	0	0.00000	0
363	T	1.00000	0	0.00000	0
364	I	1.00000	0	0.00000	0
365	S	1.00000	0	0.00000	0
366	R	1.00000	0	0.00000	0
367	R	1.00000	0	0.00000	0
368	K	1.00000	0	0.00000	0
369	F	1.00000	0	0.00000	0
370	S	1.00000	0	0.00000	0
371	Q	1.00000	0	0.00000	0
372	Q	1.00000	0	0.00000	0
373	K	1.00000	0	0.00000	0
374	E	1.00000	0	0.00000	0
375	K	0.99678	0	0.00322	0
376	K	0.99656	0	0.00344	0
377	A	0.97028	0	0.02972	0
378	T	0.96747	0	0.03253	0
379	Q	0.87408	0	0.12592	0
380	M	0.85767	0	0.14233	0
381	L	0.00925	0	0.99075	0
382	A	0.00011	0	0.99989	0
383	I	0.00000	0	1.00000	0
384	V	0.00000	0	1.00000	0
385	L	0.00000	0	1.00000	0
386	G	0.00000	0	1.00000	0
387	V	0.00000	0	1.00000	0
388	F	0.00000	0	1.00000	0
389	I	0.00000	0	1.00000	0
390	I	0.00000	0	1.00000	0
391	C	0.00000	0	1.00000	0
392	W	0.00000	0	1.00000	0
393	L	0.00000	0	1.00000	0
394	P	0.00000	0	1.00000	0
395	F	0.00000	0	1.00000	0
396	F	0.00000	0	1.00000	0
397	I	0.00000	0.00013	0.99987	0
398	T	0.00000	0.00131	0.99869	0
399	H	0.00000	0.00275	0.99725	0
400	I	0.00000	0.0051	0.99490	0
401	L	0.00000	0.02571	0.97429	0
402	N	0.00000	0.26207	0.73793	0
403	M	0.00000	0.33277	0.66723	0
404	H	0.00000	0.97885	0.02115	0
405	C	0.00000	0.99792	0.00208	0
406	D	0.00000	1	0.00000	0
407	C	0.00000	1	0.00000	0
408	N	0.00000	0.99999	0.00001	0
409	I	0.00000	0.99976	0.00024	0
410	P	0.00000	0.99949	0.00051	0
411	Q	0.00000	0.99583	0.00417	0
412	A	0.00000	0.97955	0.02045	0
413	M	0.00000	0.96417	0.03583	0
414	Y	0.00000	0.96177	0.03823	0
415	N	0.00000	0.63576	0.36424	0
416	A	0.00000	0.01615	0.98385	0
417	F	0.00000	0.00191	0.99809	0
418	T	0.00000	0.00046	0.99954	0
419	W	0.00000	0	1.00000	0
420	L	0.00000	0	1.00000	0
421	G	0.00000	0	1.00000	0
422	Y	0.00000	0	1.00000	0
423	V	0.00000	0	1.00000	0
424	N	0.00000	0	1.00000	0
425	S	0.00000	0	1.00000	0
426	A	0.00000	0	1.00000	0
427	V	0.00000	0	1.00000	0
428	N	0.00000	0	1.00000	0
429	P	0.00000	0	1.00000	0
430	I	0.00000	0	1.00000	0
431	I	0.00001	0	0.99999	0
432	Y	0.00019	0	0.99981	0
433	T	0.00097	0	0.99903	0
434	T	0.00291	0	0.99709	0
435	F	0.07185	0	0.92815	0
436	N	0.56410	0	0.43590	0
437	I	0.77834	0	0.22166	0
438	E	1.00000	0	0.00000	0
439	F	1.00000	0	0.00000	0
440	R	1.00000	0	0.00000	0
441	K	1.00000	0	0.00000	0
442	A	1.00000	0	0.00000	0
443	F	1.00000	0	0.00000	0
444	M	1.00000	0	0.00000	0
445	K	1.00000	0	0.00000	0
446	I	1.00000	0	0.00000	0
447	L	1.00000	0	0.00000	0
448	H	1.00000	0	0.00000	0
449	C	1.00000	0	0.00000	0
