# UNNAMED
#pos	aa	i	o	M	S
1	M	0.00000	0.98532	0.00000	0.01468
2	E	0.00000	0.98532	0.00000	0.01468
3	R	0.00000	0.98532	0.00000	0.01468
4	A	0.00000	0.98532	0.00000	0.01468
5	P	0.00000	0.98532	0.00000	0.01468
6	P	0.00000	0.98532	0.00000	0.01468
7	D	0.00000	0.98532	0.00000	0.01468
8	G	0.00000	0.98532	0.00000	0.01469
9	P	0.00000	0.98532	0.00000	0.01469
10	L	0.00000	0.98532	0.00000	0.01469
11	N	0.00000	0.98532	0.00000	0.01468
12	A	0.00000	0.98532	0.00000	0.01468
13	S	0.00000	0.98532	0.00000	0.01468
14	G	0.00000	0.98532	0.00000	0.01468
15	A	0.00000	0.98532	0.00000	0.01468
16	L	0.00000	0.98532	0.00000	0.01468
17	A	0.00000	0.98532	0.00000	0.01468
18	G	0.00000	0.98532	0.00000	0.01468
19	E	0.00000	0.98532	0.00000	0.01468
20	A	0.00000	0.98532	0.00000	0.01468
21	A	0.00000	0.98537	0.00000	0.01463
22	A	0.00000	0.98537	0.00000	0.01463
23	A	0.00000	0.99766	0.00000	0.00234
24	G	0.00000	0.99843	0.00000	0.00157
25	G	0.00000	0.99861	0.00000	0.00139
26	A	0.00000	0.99973	0.00000	0.00026
27	R	0.00000	0.99979	0.00000	0.0002
28	G	0.00000	0.99972	0.00008	0.0002
29	F	0.00000	0.97602	0.02398	0
30	S	0.00000	0.95214	0.04785	0
31	A	0.00000	0.81249	0.18751	0
32	A	0.00000	0.55358	0.44642	0
33	W	0.00000	0.28411	0.71589	0
34	T	0.00000	0.20398	0.79602	0
35	A	0.00000	0.11548	0.88452	0
36	V	0.00000	0.04308	0.95692	0
37	L	0.00000	0.02377	0.97623	0
38	A	0.00000	0.01277	0.98723	0
39	A	0.00000	0.00693	0.99307	0
40	L	0.00000	0.00447	0.99553	0
41	M	0.00000	0.00274	0.99726	0
42	A	0.00000	0.00036	0.99964	0
43	L	0.00000	3e-05	0.99997	0
44	L	0.00000	0	1.00000	0
45	I	0.00000	0	1.00000	0
46	V	0.00000	0	1.00000	0
47	A	0.00000	0	1.00000	0
48	T	0.00000	0	1.00000	0
49	V	0.00000	0	1.00000	0
50	L	0.00000	0	1.00000	0
51	G	0.00000	0	1.00000	0
52	N	0.00000	0	1.00000	0
53	A	0.00000	0	1.00000	0
54	L	0.00000	0	1.00000	0
55	V	0.00003	0	0.99997	0
56	M	0.00020	0	0.99980	0
57	L	0.00129	0	0.99871	0
58	A	0.02537	0	0.97463	0
59	F	0.07330	0	0.92670	0
60	V	0.34589	0	0.65411	0
61	A	0.80732	0	0.19268	0
62	D	0.99888	0	0.00112	0
63	S	0.99992	0	0.00008	0
64	S	1.00000	0	0.00000	0
65	L	1.00000	0	0.00000	0
66	R	1.00000	0	0.00000	0
67	T	0.99992	0	0.00008	0
68	Q	0.99702	0	0.00298	0
69	N	0.94051	0	0.05949	0
70	N	0.81562	0	0.18438	0
71	F	0.13425	0	0.86575	0
72	F	0.00163	0	0.99837	0
73	L	0.00021	0	0.99979	0
74	L	0.00000	0	1.00000	0
75	N	0.00000	0	1.00000	0
76	L	0.00000	0	1.00000	0
77	A	0.00000	0	1.00000	0
78	I	0.00000	0	1.00000	0
79	S	0.00000	0	1.00000	0
80	D	0.00000	0	1.00000	0
81	F	0.00000	0	1.00000	0
82	L	0.00000	0	1.00000	0
83	V	0.00000	0	1.00000	0
84	G	0.00000	0	1.00000	0
85	A	0.00000	0	1.00000	0
86	F	0.00000	0	1.00000	0
87	C	0.00000	5e-05	0.99995	0
88	I	0.00000	5e-05	0.99995	0
89	P	0.00000	8e-05	0.99992	0
90	L	0.00000	0.00015	0.99985	0
91	Y	0.00000	0.00108	0.99892	0
92	V	0.00000	0.00147	0.99853	0
93	P	0.00000	0.4891	0.51090	0
94	Y	0.00000	0.99897	0.00103	0
95	V	0.00000	0.9991	0.00090	0
96	L	0.00000	0.99946	0.00054	0
97	T	0.00000	0.99993	0.00007	0
98	G	0.00000	1	0.00000	0
99	R	0.00000	1	0.00000	0
100	W	0.00000	1	0.00000	0
101	T	0.00000	1	0.00000	0
102	F	0.00000	1	0.00000	0
103	G	0.00000	1	0.00000	0
104	R	0.00000	1	0.00000	0
105	G	0.00000	1	0.00000	0
106	L	0.00000	1	0.00000	0
107	C	0.00000	1	0.00000	0
108	K	0.00000	1	0.00000	0
109	L	0.00000	0.99971	0.00029	0
110	W	0.00000	0.95257	0.04743	0
111	L	0.00000	0.27574	0.72426	0
112	V	0.00000	0.0485	0.95150	0
113	V	0.00000	0.00083	0.99917	0
114	D	0.00000	0.00029	0.99971	0
115	Y	0.00000	1e-05	0.99999	0
116	L	0.00000	0	1.00000	0
117	L	0.00000	0	1.00000	0
118	C	0.00000	0	1.00000	0
119	T	0.00000	0	1.00000	0
120	S	0.00000	0	1.00000	0
121	S	0.00000	0	1.00000	0
122	A	0.00000	0	1.00000	0
123	F	0.00000	0	1.00000	0
124	N	0.00000	0	1.00000	0
125	I	0.00000	0	1.00000	0
126	V	0.00000	0	1.00000	0
127	L	0.00000	0	1.00000	0
128	I	0.00000	0	1.00000	0
129	S	0.00000	0	1.00000	0
130	Y	0.00000	0	1.00000	0
131	D	0.00000	0	1.00000	0
132	R	0.00207	0	0.99793	0
133	F	0.01771	0	0.98229	0
134	L	0.08345	0	0.91655	0
135	S	0.79852	0	0.20148	0
136	V	0.99989	0	0.00011	0
137	T	1.00000	0	0.00000	0
138	R	1.00000	0	0.00000	0
139	A	1.00000	0	0.00000	0
140	V	1.00000	0	0.00000	0
141	S	1.00000	0	0.00000	0
142	Y	1.00000	0	0.00000	0
143	R	1.00000	0	0.00000	0
144	A	1.00000	0	0.00000	0
145	Q	1.00000	0	0.00000	0
146	Q	1.00000	0	0.00000	0
147	G	1.00000	0	0.00000	0
148	N	1.00000	0	0.00000	0
149	T	1.00000	0	0.00000	0
150	R	0.99996	0	0.00004	0
151	R	0.98495	0	0.01505	0
152	A	0.64489	0	0.35511	0
153	V	0.39868	0	0.60132	0
154	R	0.37428	0	0.62572	0
155	K	0.26646	0	0.73354	0
156	M	0.03460	0	0.96540	0
157	L	0.00134	0	0.99866	0
158	L	0.00004	0	0.99996	0
159	V	0.00000	0	1.00000	0
160	W	0.00000	0	1.00000	0
161	V	0.00000	0	1.00000	0
162	L	0.00000	0	1.00000	0
163	A	0.00000	0	1.00000	0
164	F	0.00000	0	1.00000	0
165	L	0.00000	0	1.00000	0
166	L	0.00000	0	1.00000	0
167	Y	0.00000	0	1.00000	0
168	G	0.00000	0	1.00000	0
169	P	0.00000	0	1.00000	0
170	A	0.00000	2e-05	0.99998	0
171	I	0.00000	0.00123	0.99877	0
172	L	0.00000	0.03598	0.96402	0
173	S	0.00000	0.16328	0.83672	0
174	W	0.00000	0.33542	0.66458	0
175	E	0.00000	0.74913	0.25087	0
176	Y	0.00000	0.76574	0.23426	0
177	L	0.00000	0.80387	0.19613	0
178	S	0.00000	0.94846	0.05154	0
179	G	0.00000	0.99543	0.00457	0
180	G	0.00000	0.99981	0.00019	0
181	S	0.00000	1	0.00000	0
182	S	0.00000	1	0.00000	0
183	I	0.00000	1	0.00000	0
184	P	0.00000	1	0.00000	0
185	E	0.00000	1	0.00000	0
186	G	0.00000	1	0.00000	0
187	H	0.00000	1	0.00000	0
188	C	0.00000	1	0.00000	0
189	Y	0.00000	1	0.00000	0
190	A	0.00000	0.99999	0.00001	0
191	E	0.00000	0.99999	0.00001	0
192	F	0.00000	0.99961	0.00039	0
193	F	0.00000	0.99952	0.00048	0
194	Y	0.00000	0.99949	0.00051	0
195	N	0.00000	0.99935	0.00065	0
196	W	0.00000	0.98471	0.01529	0
197	Y	0.00000	0.95677	0.04323	0
198	F	0.00000	0.45237	0.54763	0
199	L	0.00000	0.42257	0.57743	0
200	I	0.00000	0.42122	0.57878	0
201	T	0.00000	0.00808	0.99192	0
202	A	0.00000	0.0058	0.99420	0
203	S	0.00000	0.00522	0.99478	0
204	T	0.00000	0.00386	0.99614	0
205	L	0.00000	0.00018	0.99982	0
206	E	0.00000	0.00018	0.99982	0
207	F	0.00000	0.00018	0.99982	0
208	F	0.00000	0.00018	0.99982	0
209	T	0.00000	0.00018	0.99982	0
210	P	0.00000	0.00018	0.99982	0
211	F	0.00000	0.00018	0.99982	0
212	L	0.00000	0.00018	0.99982	0
213	S	0.00000	0.00018	0.99982	0
214	V	0.00000	0.00018	0.99982	0
215	T	0.00000	0.00018	0.99982	0
216	F	0.00000	0.00018	0.99981	0
217	F	0.00004	0.00018	0.99978	0
218	N	0.00031	0.00018	0.99951	0
219	L	0.00046	0.00018	0.99936	0
220	S	0.00170	0.00018	0.99812	0
221	I	0.00272	0.00018	0.99710	0
222	Y	0.01229	0.00018	0.98753	0
223	L	0.09027	0.00018	0.90955	0
224	N	0.47908	0.00018	0.52074	0
225	I	0.52264	0.00018	0.47718	0
226	Q	0.99395	0.00018	0.00587	0
227	R	0.99976	0.00018	0.00006	0
228	R	0.99981	0.00018	0.00001	0
229	T	0.99982	0.00018	0.00000	0
230	R	0.99982	0.00018	0.00000	0
231	L	0.99982	0.00018	0.00000	0
232	R	0.99982	0.00018	0.00000	0
233	L	0.99982	0.00018	0.00000	0
234	D	0.99982	0.00018	0.00000	0
235	G	0.99982	0.00018	0.00000	0
236	A	0.99982	0.00018	0.00000	0
237	R	0.99982	0.00018	0.00000	0
238	E	0.99982	0.00018	0.00000	0
239	A	0.99982	0.00018	0.00000	0
240	G	0.99982	0.00018	0.00000	0
241	G	0.99982	0.00018	0.00000	0
242	P	0.99982	0.00018	0.00000	0
243	E	0.99982	0.00018	0.00000	0
244	P	0.99982	0.00018	0.00000	0
245	P	0.99982	0.00018	0.00000	0
246	P	0.99982	0.00018	0.00000	0
247	E	0.99982	0.00018	0.00000	0
248	A	0.99982	0.00018	0.00000	0
249	Q	0.99982	0.00018	0.00000	0
250	P	0.99982	0.00018	0.00000	0
251	S	0.99982	0.00018	0.00000	0
252	P	0.99982	0.00018	0.00000	0
253	P	0.99982	0.00018	0.00000	0
254	P	0.99982	0.00018	0.00000	0
255	P	0.99982	0.00018	0.00000	0
256	P	0.99982	0.00018	0.00000	0
257	G	0.99982	0.00018	0.00000	0
258	C	0.99982	0.00018	0.00000	0
259	W	0.99982	0.00018	0.00000	0
260	G	0.99982	0.00018	0.00000	0
261	C	0.99982	0.00018	0.00000	0
262	W	0.99982	0.00018	0.00000	0
263	Q	0.99982	0.00018	0.00000	0
264	K	0.99982	0.00018	0.00000	0
265	G	0.99982	0.00018	0.00000	0
266	H	0.99982	0.00018	0.00000	0
267	G	0.99982	0.00018	0.00000	0
268	E	0.99982	0.00018	0.00000	0
269	A	0.99982	0.00018	0.00000	0
270	M	0.99982	0.00018	0.00000	0
271	P	0.99982	0.00018	0.00000	0
272	L	0.99982	0.00018	0.00000	0
273	H	0.99982	0.00018	0.00000	0
274	R	0.99982	0.00018	0.00000	0
275	Y	0.99982	0.00018	0.00000	0
276	G	0.99982	0.00018	0.00000	0
277	V	0.99982	0.00018	0.00000	0
278	G	0.99982	0.00018	0.00000	0
279	E	0.99982	0.00018	0.00000	0
280	A	0.99982	0	0.00018	0
281	A	0.99982	0	0.00018	0
282	A	0.99982	0	0.00018	0
283	G	0.99982	0	0.00018	0
284	A	0.99982	0	0.00018	0
285	E	0.99982	0	0.00018	0
286	A	0.99982	0	0.00018	0
287	G	0.99982	0	0.00018	0
288	E	0.99982	0	0.00018	0
289	T	0.99982	0	0.00018	0
290	A	0.99982	0	0.00018	0
291	L	0.99982	0	0.00018	0
292	G	0.99982	0	0.00018	0
293	G	0.99982	0	0.00018	0
294	G	0.99982	0	0.00018	0
295	G	0.99982	0	0.00018	0
296	G	0.99982	0	0.00018	0
297	G	0.99982	0	0.00018	0
298	G	0.99982	0	0.00018	0
299	S	0.99982	0	0.00018	0
300	A	0.99982	0	0.00018	0
301	A	0.99982	0	0.00018	0
302	S	0.99987	0	0.00013	0
303	P	0.99995	0	0.00005	0
304	T	0.99997	0	0.00003	0
305	S	1.00000	0	0.00000	0
306	S	1.00000	0	0.00000	0
307	S	1.00000	0	0.00000	0
308	G	1.00000	0	0.00000	0
309	S	1.00000	0	0.00000	0
310	S	1.00000	0	0.00000	0
311	S	1.00000	0	0.00000	0
312	R	1.00000	0	0.00000	0
313	G	1.00000	0	0.00000	0
314	T	1.00000	0	0.00000	0
315	E	1.00000	0	0.00000	0
316	R	1.00000	0	0.00000	0
317	P	1.00000	0	0.00000	0
318	R	1.00000	0	0.00000	0
319	S	1.00000	0	0.00000	0
320	L	1.00000	0	0.00000	0
321	K	1.00000	0	0.00000	0
322	R	1.00000	0	0.00000	0
323	G	1.00000	0	0.00000	0
324	S	1.00000	0	0.00000	0
325	K	1.00000	0	0.00000	0
326	P	1.00000	0	0.00000	0
327	S	1.00000	0	0.00000	0
328	A	1.00000	0	0.00000	0
329	S	1.00000	0	0.00000	0
330	S	1.00000	0	0.00000	0
331	A	1.00000	0	0.00000	0
332	S	1.00000	0	0.00000	0
333	L	1.00000	0	0.00000	0
334	E	1.00000	0	0.00000	0
335	K	1.00000	0	0.00000	0
336	R	1.00000	0	0.00000	0
337	M	1.00000	0	0.00000	0
338	K	1.00000	0	0.00000	0
339	M	1.00000	0	0.00000	0
340	V	1.00000	0	0.00000	0
341	S	1.00000	0	0.00000	0
342	Q	1.00000	0	0.00000	0
343	S	1.00000	0	0.00000	0
344	F	1.00000	0	0.00000	0
345	T	1.00000	0	0.00000	0
346	Q	1.00000	0	0.00000	0
347	R	1.00000	0	0.00000	0
348	F	1.00000	0	0.00000	0
349	R	1.00000	0	0.00000	0
350	L	1.00000	0	0.00000	0
351	S	1.00000	0	0.00000	0
352	R	1.00000	0	0.00000	0
353	D	1.00000	0	0.00000	0
354	R	0.93864	0	0.06136	0
355	K	0.93756	0	0.06244	0
356	V	0.81358	0	0.18642	0
357	A	0.70914	0	0.29086	0
358	K	0.70639	0	0.29361	0
359	S	0.59637	0	0.40363	0
360	L	0.00154	0	0.99846	0
361	A	0.00093	0	0.99907	0
362	V	0.00066	0	0.99934	0
363	I	0.00000	0	1.00000	0
364	V	0.00000	0	1.00000	0
365	S	0.00000	0	1.00000	0
366	I	0.00000	0	1.00000	0
367	F	0.00000	0	1.00000	0
368	G	0.00000	0	1.00000	0
369	L	0.00000	0	1.00000	0
370	C	0.00000	0	1.00000	0
371	W	0.00000	0	1.00000	0
372	A	0.00000	0	1.00000	0
373	P	0.00000	0	1.00000	0
374	Y	0.00000	0	1.00000	0
375	T	0.00000	1e-05	0.99999	0
376	L	0.00000	6e-05	0.99994	0
377	L	0.00000	0.0006	0.99940	0
378	M	0.00000	0.0032	0.99680	0
379	I	0.00000	0.04924	0.95076	0
380	I	0.00000	0.1182	0.88180	0
381	R	0.00000	0.57526	0.42474	0
382	A	0.00000	0.61567	0.38433	0
383	A	0.00000	0.74928	0.25072	0
384	C	0.00000	0.96888	0.03112	0
385	H	0.00000	0.99313	0.00687	0
386	G	0.00000	0.99994	0.00006	0
387	H	0.00000	0.99999	0.00001	0
388	C	0.00000	1	0.00000	0
389	V	0.00000	1	0.00000	0
390	P	0.00000	1	0.00000	0
391	D	0.00000	1	0.00000	0
392	Y	0.00000	1	0.00000	0
393	W	0.00000	1	0.00000	0
394	Y	0.00000	1	0.00000	0
395	E	0.00000	0.99993	0.00007	0
396	T	0.00000	0.99952	0.00048	0
397	S	0.00000	0.99836	0.00164	0
398	F	0.00000	0.13196	0.86804	0
399	W	0.00000	0.01131	0.98869	0
400	L	0.00000	3e-05	0.99997	0
401	L	0.00000	0	1.00000	0
402	W	0.00000	0	1.00000	0
403	A	0.00000	0	1.00000	0
404	N	0.00000	0	1.00000	0
405	S	0.00000	0	1.00000	0
406	A	0.00000	0	1.00000	0
407	V	0.00000	0	1.00000	0
408	N	0.00000	0	1.00000	0
409	P	0.00000	0	1.00000	0
410	V	0.00000	0	1.00000	0
411	L	0.00000	0	1.00000	0
412	Y	0.00000	0	1.00000	0
413	P	0.00000	0	1.00000	0
414	L	0.00000	0	1.00000	0
415	C	0.00001	0	0.99999	0
416	H	0.00009	0	0.99991	0
417	H	0.00451	0	0.99549	0
418	S	0.01664	0	0.98336	0
419	F	0.17000	0	0.83000	0
420	R	1.00000	0	0.00000	0
421	R	1.00000	0	0.00000	0
422	A	1.00000	0	0.00000	0
423	F	1.00000	0	0.00000	0
424	T	1.00000	0	0.00000	0
425	K	1.00000	0	0.00000	0
426	L	1.00000	0	0.00000	0
427	L	1.00000	0	0.00000	0
428	C	1.00000	0	0.00000	0
429	P	1.00000	0	0.00000	0
430	Q	1.00000	0	0.00000	0
431	K	1.00000	0	0.00000	0
432	L	1.00000	0	0.00000	0
433	K	1.00000	0	0.00000	0
434	I	1.00000	0	0.00000	0
435	Q	1.00000	0	0.00000	0
436	P	1.00000	0	0.00000	0
437	H	1.00000	0	0.00000	0
438	S	1.00000	0	0.00000	0
439	S	1.00000	0	0.00000	0
440	L	1.00000	0	0.00000	0
441	E	1.00000	0	0.00000	0
442	Q	1.00000	0	0.00000	0
443	C	1.00000	0	0.00000	0
444	W	1.00000	0	0.00000	0
445	K	1.00000	0	0.00000	0
446	K	1.00000	0	0.00000	0
447	M	1.00000	0	0.00000	0
448	K	1.00000	0	0.00000	0
449	E	1.00000	0	0.00000	0
450	K	1.00000	0	0.00000	0
451	T	1.00000	0	0.00000	0
452	C	1.00000	0	0.00000	0
453	L	1.00000	0	0.00000	0
