# UNNAMED
#pos	aa	i	o	M	S
1	M	0.00000	0.99445	0.00000	0.00555
2	D	0.00000	0.99445	0.00000	0.00555
3	L	0.00000	0.99445	0.00000	0.00556
4	P	0.00000	0.99445	0.00000	0.00555
5	T	0.00000	0.99445	0.00000	0.00556
6	N	0.00000	0.99445	0.00000	0.00555
7	L	0.00000	0.99445	0.00000	0.00555
8	T	0.00000	0.99445	0.00000	0.00555
9	F	0.00000	0.99445	0.00000	0.00555
10	L	0.00000	0.99445	0.00000	0.00555
11	S	0.00000	0.99445	0.00000	0.00556
12	L	0.00000	0.99445	0.00000	0.00556
13	S	0.00000	0.99445	0.00000	0.00555
14	T	0.00000	0.99445	0.00000	0.00555
15	P	0.00000	0.99445	0.00000	0.00556
16	S	0.00000	0.99445	0.00000	0.00556
17	P	0.00000	0.99445	0.00000	0.00556
18	L	0.00000	0.99445	0.00000	0.00555
19	E	0.00000	0.99684	0.00000	0.00316
20	T	0.00000	0.99684	0.00000	0.00316
21	N	0.00000	0.99956	0.00000	0.00044
22	H	0.00000	0.99956	0.00000	0.00044
23	S	0.00000	0.99956	0.00000	0.00044
24	L	0.00000	1	0.00000	0
25	G	0.00000	1	0.00000	0
26	T	0.00000	1	0.00000	0
27	S	0.00000	1	0.00000	0
28	T	0.00000	1	0.00000	0
29	G	0.00000	1	0.00000	0
30	D	0.00000	1	0.00000	0
31	L	0.00000	1	0.00000	0
32	R	0.00000	1	0.00000	0
33	A	0.00000	1	0.00000	0
34	R	0.00000	1	0.00000	0
35	P	0.00000	0.99998	0.00002	0
36	P	0.00000	0.99965	0.00035	0
37	L	0.00000	0.9961	0.00390	0
38	R	0.00000	0.99437	0.00563	0
39	S	0.00000	0.87001	0.12999	0
40	I	0.00000	0.38993	0.61007	0
41	F	0.00000	0.26483	0.73517	0
42	G	0.00000	0.23192	0.76808	0
43	V	0.00000	0.07775	0.92225	0
44	L	0.00000	0.03045	0.96955	0
45	V	0.00000	0.00807	0.99193	0
46	L	0.00000	0.00463	0.99537	0
47	T	0.00000	0.00158	0.99842	0
48	L	0.00000	0.00046	0.99954	0
49	L	0.00000	0.00011	0.99989	0
50	G	0.00000	3e-05	0.99997	0
51	F	0.00000	0	1.00000	0
52	L	0.00000	0	1.00000	0
53	V	0.00000	0	1.00000	0
54	V	0.00000	0	1.00000	0
55	A	0.00000	0	1.00000	0
56	T	0.00000	0	1.00000	0
57	F	0.00000	0	1.00000	0
58	A	0.00000	0	1.00000	0
59	W	0.00000	0	1.00000	0
60	N	0.00001	0	0.99999	0
61	L	0.00002	0	0.99998	0
62	L	0.00055	0	0.99945	0
63	I	0.00550	0	0.99450	0
64	L	0.15875	0	0.84125	0
65	A	0.17713	0	0.82287	0
66	T	0.35080	0	0.64920	0
67	I	0.38978	0	0.61022	0
68	L	0.65939	0	0.34061	0
69	R	0.98555	0	0.01445	0
70	V	0.99186	0	0.00814	0
71	R	0.99982	0	0.00018	0
72	T	0.99999	0	0.00001	0
73	L	1.00000	0	0.00000	0
74	H	1.00000	0	0.00000	0
75	R	1.00000	0	0.00000	0
76	V	0.99998	0	0.00002	0
77	P	0.99997	0	0.00003	0
78	H	0.15062	0	0.84938	0
79	N	0.08500	0	0.91500	0
80	L	0.00115	0	0.99885	0
81	V	0.00016	0	0.99984	0
82	A	0.00002	0	0.99998	0
83	S	0.00000	0	1.00000	0
84	M	0.00000	0	1.00000	0
85	A	0.00000	0	1.00000	0
86	V	0.00000	0	1.00000	0
87	S	0.00000	0	1.00000	0
88	D	0.00000	0	1.00000	0
89	V	0.00000	0	1.00000	0
90	L	0.00000	0	1.00000	0
91	V	0.00000	0	1.00000	0
92	A	0.00000	0	1.00000	0
93	A	0.00000	0	1.00000	0
94	L	0.00000	0	1.00000	0
95	V	0.00000	0	1.00000	0
96	M	0.00000	4e-05	0.99996	0
97	P	0.00000	0.00181	0.99819	0
98	L	0.00000	0.02454	0.97546	0
99	S	0.00000	0.28043	0.71957	0
100	L	0.00000	0.38667	0.61333	0
101	V	0.00000	0.62939	0.37061	0
102	H	0.00000	0.99999	0.00001	0
103	E	0.00000	1	0.00000	0
104	M	0.00000	1	0.00000	0
105	S	0.00000	1	0.00000	0
106	R	0.00000	1	0.00000	0
107	R	0.00000	1	0.00000	0
108	R	0.00000	1	0.00000	0
109	W	0.00000	1	0.00000	0
110	Q	0.00000	1	0.00000	0
111	L	0.00000	0.99999	0.00001	0
112	G	0.00000	0.99999	0.00001	0
113	R	0.00000	0.99992	0.00008	0
114	R	0.00000	0.99969	0.00031	0
115	L	0.00000	0.99949	0.00051	0
116	C	0.00000	0.99914	0.00086	0
117	Q	0.00000	0.99657	0.00343	0
118	L	0.00000	0.99556	0.00444	0
119	W	0.00000	0.88122	0.11878	0
120	I	0.00000	0.18433	0.81567	0
121	T	0.00000	0.0317	0.96830	0
122	C	0.00000	0.01117	0.98883	0
123	D	0.00000	0.00398	0.99602	0
124	V	0.00000	0.00011	0.99989	0
125	L	0.00000	0	1.00000	0
126	C	0.00000	0	1.00000	0
127	C	0.00000	0	1.00000	0
128	T	0.00000	0	1.00000	0
129	A	0.00000	0	1.00000	0
130	S	0.00000	0	1.00000	0
131	I	0.00000	0	1.00000	0
132	W	0.00000	0	1.00000	0
133	N	0.00000	0	1.00000	0
134	V	0.00000	0	1.00000	0
135	T	0.00000	0	1.00000	0
136	A	0.00000	0	1.00000	0
137	I	0.00000	0	1.00000	0
138	A	0.00001	0	0.99999	0
139	L	0.00002	0	0.99998	0
140	D	0.00006	0	0.99994	0
141	R	0.04105	0	0.95895	0
142	Y	0.28241	0	0.71759	0
143	W	0.44247	0	0.55753	0
144	S	0.82889	0	0.17111	0
145	I	0.99999	0	0.00001	0
146	T	1.00000	0	0.00000	0
147	H	1.00000	0	0.00000	0
148	H	1.00000	0	0.00000	0
149	L	1.00000	0	0.00000	0
150	E	1.00000	0	0.00000	0
151	Y	1.00000	0	0.00000	0
152	T	1.00000	0	0.00000	0
153	L	1.00000	0	0.00000	0
154	R	1.00000	0	0.00000	0
155	T	1.00000	0	0.00000	0
156	R	1.00000	0	0.00000	0
157	K	0.99969	0	0.00031	0
158	H	0.96196	0	0.03804	0
159	V	0.47243	0	0.52757	0
160	S	0.39591	0	0.60409	0
161	N	0.20467	0	0.79533	0
162	V	0.00558	0	0.99442	0
163	M	0.00138	0	0.99862	0
164	I	0.00003	0	0.99997	0
165	L	0.00000	0	1.00000	0
166	L	0.00000	0	1.00000	0
167	T	0.00000	0	1.00000	0
168	W	0.00000	0	1.00000	0
169	A	0.00000	0	1.00000	0
170	L	0.00000	0	1.00000	0
171	S	0.00000	0	1.00000	0
172	A	0.00000	0	1.00000	0
173	V	0.00000	0	1.00000	0
174	I	0.00000	0	1.00000	0
175	S	0.00000	0	1.00000	0
176	L	0.00000	0	1.00000	0
177	A	0.00000	8e-05	0.99992	0
178	P	0.00000	0.00174	0.99826	0
179	L	0.00000	0.00489	0.99511	0
180	L	0.00000	0.03659	0.96341	0
181	F	0.00000	0.22294	0.77706	0
182	G	0.00000	0.79617	0.20383	0
183	W	0.00000	0.8773	0.12270	0
184	G	0.00000	0.98808	0.01192	0
185	E	0.00000	0.9999	0.00010	0
186	T	0.00000	0.99999	0.00001	0
187	Y	0.00000	1	0.00000	0
188	S	0.00000	1	0.00000	0
189	E	0.00000	1	0.00000	0
190	E	0.00000	1	0.00000	0
191	R	0.00000	1	0.00000	0
192	E	0.00000	1	0.00000	0
193	E	0.00000	1	0.00000	0
194	C	0.00000	1	0.00000	0
195	Q	0.00000	1	0.00000	0
196	V	0.00000	1	0.00000	0
197	S	0.00000	1	0.00000	0
198	R	0.00000	0.99999	0.00001	0
199	E	0.00000	0.99981	0.00019	0
200	P	0.00000	0.99679	0.00321	0
201	S	0.00000	0.74844	0.25156	0
202	Y	0.00000	0.64648	0.35352	0
203	T	0.00000	0.56834	0.43166	0
204	V	0.00000	0.00473	0.99527	0
205	F	0.00000	0.0004	0.99960	0
206	S	0.00000	0.00031	0.99969	0
207	T	0.00000	8e-05	0.99992	0
208	V	0.00000	7e-05	0.99993	0
209	G	0.00000	0	1.00000	0
210	A	0.00000	0	1.00000	0
211	F	0.00000	0	1.00000	0
212	Y	0.00000	0	1.00000	0
213	L	0.00000	0	1.00000	0
214	P	0.00000	0	1.00000	0
215	L	0.00000	0	1.00000	0
216	C	0.00000	0	1.00000	0
217	V	0.00000	0	1.00000	0
218	V	0.00000	0	1.00000	0
219	L	0.00000	0	1.00000	0
220	F	0.00000	0	1.00000	0
221	V	0.00000	0	1.00000	0
222	Y	0.00004	0	0.99996	0
223	W	0.00179	0	0.99821	0
224	K	0.07671	0	0.92329	0
225	I	0.08386	0	0.91614	0
226	Y	0.16185	0	0.83815	0
227	R	0.97386	0	0.02614	0
228	A	0.98764	0	0.01236	0
229	A	0.99908	0	0.00092	0
230	K	0.99992	0	0.00008	0
231	F	0.99995	0	0.00005	0
232	R	1.00000	0	0.00000	0
233	L	1.00000	0	0.00000	0
234	G	1.00000	0	0.00000	0
235	S	1.00000	0	0.00000	0
236	R	1.00000	0	0.00000	0
237	K	1.00000	0	0.00000	0
238	T	1.00000	0	0.00000	0
239	N	1.00000	0	0.00000	0
240	S	1.00000	0	0.00000	0
241	V	1.00000	0	0.00000	0
242	L	1.00000	0	0.00000	0
243	P	1.00000	0	0.00000	0
244	V	1.00000	0	0.00000	0
245	R	1.00000	0	0.00000	0
246	E	1.00000	0	0.00000	0
247	A	1.00000	0	0.00000	0
248	V	1.00000	0	0.00000	0
249	E	1.00000	0	0.00000	0
250	V	1.00000	0	0.00000	0
251	T	1.00000	0	0.00000	0
252	K	1.00000	0	0.00000	0
253	P	1.00000	0	0.00000	0
254	A	1.00000	0	0.00000	0
255	Q	1.00000	0	0.00000	0
256	Q	1.00000	0	0.00000	0
257	P	1.00000	0	0.00000	0
258	Q	1.00000	0	0.00000	0
259	M	1.00000	0	0.00000	0
260	L	1.00000	0	0.00000	0
261	F	1.00000	0	0.00000	0
262	T	1.00000	0	0.00000	0
263	V	1.00000	0	0.00000	0
264	R	1.00000	0	0.00000	0
265	P	1.00000	0	0.00000	0
266	A	1.00000	0	0.00000	0
267	T	1.00000	0	0.00000	0
268	V	1.00000	0	0.00000	0
269	T	1.00000	0	0.00000	0
270	F	1.00000	0	0.00000	0
271	Q	1.00000	0	0.00000	0
272	T	1.00000	0	0.00000	0
273	D	1.00000	0	0.00000	0
274	G	1.00000	0	0.00000	0
275	D	1.00000	0	0.00000	0
276	V	1.00000	0	0.00000	0
277	W	1.00000	0	0.00000	0
278	R	1.00000	0	0.00000	0
279	E	1.00000	0	0.00000	0
280	Q	1.00000	0	0.00000	0
281	K	1.00000	0	0.00000	0
282	E	1.00000	0	0.00000	0
283	Q	0.99496	0	0.00504	0
284	R	0.90336	0	0.09664	0
285	A	0.02389	0	0.97611	0
286	A	0.02106	0	0.97894	0
287	V	0.02030	0	0.97970	0
288	M	0.01953	0	0.98047	0
289	V	0.00061	0	0.99939	0
290	G	0.00010	0	0.99990	0
291	I	0.00005	0	0.99995	0
292	L	0.00000	0	1.00000	0
293	I	0.00000	0	1.00000	0
294	G	0.00000	0	1.00000	0
295	V	0.00000	0	1.00000	0
296	F	0.00000	0	1.00000	0
297	V	0.00000	0	1.00000	0
298	L	0.00000	0	1.00000	0
299	C	0.00000	0	1.00000	0
300	W	0.00000	0	1.00000	0
301	T	0.00000	0	1.00000	0
302	P	0.00000	0	1.00000	0
303	F	0.00000	0	1.00000	0
304	F	0.00000	3e-05	0.99997	0
305	I	0.00000	0.01073	0.98927	0
306	T	0.00000	0.16454	0.83546	0
307	E	0.00000	0.37616	0.62384	0
308	L	0.00000	0.39792	0.60208	0
309	I	0.00000	0.49755	0.50245	0
310	S	0.00000	0.78123	0.21877	0
311	P	0.00000	0.89533	0.10467	0
312	L	0.00000	0.91977	0.08023	0
313	W	0.00000	0.96286	0.03714	0
314	S	0.00000	0.98823	0.01177	0
315	W	0.00000	0.99498	0.00502	0
316	D	0.00000	0.99997	0.00003	0
317	I	0.00000	0.99993	0.00007	0
318	P	0.00000	0.99878	0.00122	0
319	A	0.00000	0.99687	0.00313	0
320	I	0.00000	0.99495	0.00505	0
321	W	0.00000	0.99417	0.00583	0
322	K	0.00000	0.99371	0.00629	0
323	S	0.00000	0.78809	0.21191	0
324	I	0.00000	0.00469	0.99531	0
325	F	0.00000	0.00013	0.99987	0
326	L	0.00000	0	1.00000	0
327	W	0.00000	0	1.00000	0
328	L	0.00000	0	1.00000	0
329	G	0.00000	0	1.00000	0
330	Y	0.00000	0	1.00000	0
331	S	0.00000	0	1.00000	0
332	N	0.00000	0	1.00000	0
333	S	0.00000	0	1.00000	0
334	F	0.00000	0	1.00000	0
335	F	0.00000	0	1.00000	0
336	N	0.00000	0	1.00000	0
337	P	0.00000	0	1.00000	0
338	L	0.00000	0	1.00000	0
339	I	0.00004	0	0.99996	0
340	Y	0.00032	0	0.99968	0
341	T	0.00135	0	0.99865	0
342	A	0.00380	0	0.99620	0
343	F	0.07332	0	0.92668	0
344	N	0.78564	0	0.21436	0
345	K	1.00000	0	0.00000	0
346	K	1.00000	0	0.00000	0
347	Y	1.00000	0	0.00000	0
348	N	1.00000	0	0.00000	0
349	H	1.00000	0	0.00000	0
350	A	1.00000	0	0.00000	0
351	F	1.00000	0	0.00000	0
352	K	1.00000	0	0.00000	0
353	N	1.00000	0	0.00000	0
354	F	1.00000	0	0.00000	0
355	F	1.00000	0	0.00000	0
356	S	1.00000	0	0.00000	0
357	R	1.00000	0	0.00000	0
358	Q	1.00000	0	0.00000	0
359	H	1.00000	0	0.00000	0
