# UNNAMED
#pos	aa	i	o	M	S
1	M	0.00000	0.99968	0.00000	0.00032
2	S	0.00000	0.99968	0.00000	0.00032
3	S	0.00000	0.99968	0.00000	0.00033
4	A	0.00000	0.99968	0.00000	0.00033
5	L	0.00000	0.99968	0.00000	0.00032
6	L	0.00000	0.99968	0.00000	0.00032
7	Q	0.00000	0.99968	0.00000	0.00032
8	N	0.00000	0.99968	0.00000	0.00032
9	E	0.00000	0.99968	0.00000	0.00032
10	I	0.00000	0.99968	0.00000	0.00032
11	Q	0.00000	0.99968	0.00000	0.00032
12	Y	0.00000	0.99968	0.00000	0.00033
13	C	0.00000	0.99968	0.00000	0.00033
14	F	0.00000	0.99968	0.00000	0.00033
15	E	0.00000	0.99968	0.00000	0.00032
16	N	0.00000	0.99991	0.00000	9e-05
17	I	0.00000	0.99991	0.00000	9e-05
18	N	0.00000	0.99991	0.00000	9e-05
19	G	0.00000	0.99991	0.00000	9e-05
20	S	0.00000	0.99991	0.00000	8e-05
21	C	0.00000	0.99998	0.00000	2e-05
22	H	0.00000	1	0.00000	0
23	K	0.00000	1	0.00000	0
24	T	0.00000	1	0.00000	0
25	P	0.00000	1	0.00000	0
26	W	0.00000	0.99999	0.00001	0
27	P	0.00000	0.99998	0.00002	0
28	L	0.00000	0.99996	0.00004	0
29	G	0.00000	0.9999	0.00010	0
30	I	0.00000	0.99977	0.00023	0
31	R	0.00000	0.99818	0.00182	0
32	S	0.00000	0.92333	0.07667	0
33	T	0.00000	0.50241	0.49759	0
34	L	0.00000	0.19181	0.80819	0
35	Y	0.00000	0.09646	0.90354	0
36	A	0.00000	0.04723	0.95277	0
37	V	0.00000	0.02263	0.97737	0
38	L	0.00000	0.01119	0.98881	0
39	G	0.00000	0.00409	0.99591	0
40	F	0.00000	0.00039	0.99961	0
41	L	0.00000	1e-05	0.99999	0
42	T	0.00000	0	1.00000	0
43	F	0.00000	0	1.00000	0
44	L	0.00000	0	1.00000	0
45	T	0.00000	0	1.00000	0
46	L	0.00000	0	1.00000	0
47	S	0.00000	0	1.00000	0
48	G	0.00000	0	1.00000	0
49	N	0.00000	0	1.00000	0
50	F	0.00000	0	1.00000	0
51	M	0.00000	0	1.00000	0
52	V	0.00000	0	1.00000	0
53	M	0.00001	0	0.99999	0
54	I	0.00017	0	0.99983	0
55	V	0.01614	0	0.98386	0
56	I	0.06581	0	0.93419	0
57	A	0.32422	0	0.67578	0
58	Y	0.55274	0	0.44726	0
59	F	0.73001	0	0.26999	0
60	K	0.99811	0	0.00189	0
61	Q	0.99999	0	0.00001	0
62	L	1.00000	0	0.00000	0
63	H	1.00000	0	0.00000	0
64	S	1.00000	0	0.00000	0
65	P	1.00000	0	0.00000	0
66	T	0.67386	0	0.32614	0
67	N	0.13754	0	0.86246	0
68	F	0.02214	0	0.97786	0
69	L	0.00046	0	0.99954	0
70	V	0.00010	0	0.99990	0
71	A	0.00001	0	0.99999	0
72	S	0.00000	0	1.00000	0
73	L	0.00000	0	1.00000	0
74	A	0.00000	0	1.00000	0
75	C	0.00000	0	1.00000	0
76	A	0.00000	0	1.00000	0
77	D	0.00000	0	1.00000	0
78	F	0.00000	0	1.00000	0
79	C	0.00000	0	1.00000	0
80	L	0.00000	0	1.00000	0
81	G	0.00000	0	1.00000	0
82	L	0.00000	0	1.00000	0
83	T	0.00000	0	1.00000	0
84	V	0.00000	0	1.00000	0
85	L	0.00000	0.00106	0.99894	0
86	P	0.00000	0.02433	0.97567	0
87	F	0.00000	0.07397	0.92603	0
88	S	0.00000	0.54708	0.45292	0
89	T	0.00000	0.71254	0.28746	0
90	I	0.00000	0.76542	0.23458	0
91	R	0.00000	0.99995	0.00005	0
92	S	0.00000	0.99998	0.00002	0
93	V	0.00000	0.99998	0.00002	0
94	E	0.00000	1	0.00000	0
95	T	0.00000	1	0.00000	0
96	C	0.00000	1	0.00000	0
97	W	0.00000	1	0.00000	0
98	Y	0.00000	1	0.00000	0
99	F	0.00000	1	0.00000	0
100	G	0.00000	1	0.00000	0
101	E	0.00000	1	0.00000	0
102	T	0.00000	0.99983	0.00017	0
103	F	0.00000	0.98349	0.01651	0
104	C	0.00000	0.98153	0.01847	0
105	R	0.00000	0.97899	0.02101	0
106	V	0.00000	0.97549	0.02451	0
107	H	0.00000	0.67566	0.32434	0
108	S	0.00000	0.56331	0.43669	0
109	C	0.00000	0.50029	0.49971	0
110	L	0.00000	0.01515	0.98485	0
111	D	0.00000	0.012	0.98800	0
112	A	0.00000	0.00069	0.99931	0
113	S	0.00000	3e-05	0.99997	0
114	F	0.00000	0	1.00000	0
115	C	0.00000	0	1.00000	0
116	Y	0.00000	0	1.00000	0
117	A	0.00000	0	1.00000	0
118	S	0.00000	0	1.00000	0
119	I	0.00000	0	1.00000	0
120	F	0.00000	0	1.00000	0
121	H	0.00000	0	1.00000	0
122	L	0.00000	0	1.00000	0
123	C	0.00000	0	1.00000	0
124	F	0.00000	0	1.00000	0
125	M	0.00001	0	0.99999	0
126	S	0.00003	0	0.99997	0
127	I	0.00003	0	0.99997	0
128	D	0.00012	0	0.99988	0
129	R	0.08537	0	0.91463	0
130	Y	0.34160	0	0.65840	0
131	V	0.83242	0	0.16758	0
132	A	0.95725	0	0.04275	0
133	V	0.99992	0	0.00008	0
134	T	1.00000	0	0.00000	0
135	D	1.00000	0	0.00000	0
136	P	1.00000	0	0.00000	0
137	L	1.00000	0	0.00000	0
138	V	1.00000	0	0.00000	0
139	Y	1.00000	0	0.00000	0
140	P	1.00000	0	0.00000	0
141	M	1.00000	0	0.00000	0
142	K	1.00000	0	0.00000	0
143	F	0.99999	0	0.00001	0
144	T	0.99998	0	0.00002	0
145	A	0.99657	0	0.00343	0
146	P	0.98985	0	0.01015	0
147	V	0.80789	0	0.19211	0
148	S	0.78542	0	0.21458	0
149	R	0.67329	0	0.32671	0
150	M	0.14502	0	0.85498	0
151	F	0.00653	0	0.99347	0
152	I	0.00004	0	0.99996	0
153	A	0.00000	0	1.00000	0
154	V	0.00000	0	1.00000	0
155	A	0.00000	0	1.00000	0
156	W	0.00000	0	1.00000	0
157	T	0.00000	0	1.00000	0
158	F	0.00000	0	1.00000	0
159	S	0.00000	0	1.00000	0
160	I	0.00000	0	1.00000	0
161	V	0.00000	0	1.00000	0
162	Y	0.00000	0	1.00000	0
163	S	0.00000	0	1.00000	0
164	F	0.00000	1e-05	0.99999	0
165	S	0.00000	0.00031	0.99969	0
166	V	0.00000	0.00114	0.99886	0
167	V	0.00000	0.01319	0.98681	0
168	F	0.00000	0.03495	0.96505	0
169	S	0.00000	0.27905	0.72095	0
170	R	0.00000	0.6503	0.34970	0
171	A	0.00000	0.71998	0.28002	0
172	N	0.00000	0.97386	0.02614	0
173	D	0.00000	0.99998	0.00002	0
174	E	0.00000	1	0.00000	0
175	G	0.00000	1	0.00000	0
176	L	0.00000	1	0.00000	0
177	Q	0.00000	1	0.00000	0
178	E	0.00000	1	0.00000	0
179	L	0.00000	1	0.00000	0
180	V	0.00000	1	0.00000	0
181	Q	0.00000	1	0.00000	0
182	A	0.00000	1	0.00000	0
183	L	0.00000	1	0.00000	0
184	A	0.00000	1	0.00000	0
185	C	0.00000	1	0.00000	0
186	V	0.00000	1	0.00000	0
187	G	0.00000	1	0.00000	0
188	N	0.00000	1	0.00000	0
189	C	0.00000	0.99998	0.00002	0
190	E	0.00000	0.97499	0.02501	0
191	L	0.00000	0.96619	0.03381	0
192	V	0.00000	0.96298	0.03702	0
193	F	0.00000	0.96168	0.03832	0
194	N	0.00000	0.96165	0.03835	0
195	K	0.00000	0.96134	0.03866	0
196	T	0.00000	0.86043	0.13957	0
197	W	0.00000	0.02219	0.97781	0
198	V	0.00000	0.00985	0.99015	0
199	L	0.00000	0.00679	0.99321	0
200	I	0.00000	0.0004	0.99960	0
201	T	0.00000	0.00021	0.99979	0
202	S	0.00000	0.00017	0.99983	0
203	L	0.00000	0	1.00000	0
204	L	0.00000	0	1.00000	0
205	Y	0.00000	0	1.00000	0
206	F	0.00000	0	1.00000	0
207	I	0.00000	0	1.00000	0
208	P	0.00000	0	1.00000	0
209	F	0.00000	0	1.00000	0
210	F	0.00000	0	1.00000	0
211	T	0.00000	0	1.00000	0
212	M	0.00000	0	1.00000	0
213	I	0.00001	0	0.99999	0
214	A	0.00091	0	0.99909	0
215	L	0.00201	0	0.99799	0
216	Y	0.00602	0	0.99398	0
217	S	0.03884	0	0.96116	0
218	R	0.05332	0	0.94668	0
219	I	0.05656	0	0.94344	0
220	F	0.10343	0	0.89657	0
221	S	0.75479	0	0.24521	0
222	V	0.78126	0	0.21874	0
223	A	0.99835	0	0.00165	0
224	K	0.99996	0	0.00004	0
225	R	1.00000	0	0.00000	0
226	Q	1.00000	0	0.00000	0
227	A	1.00000	0	0.00000	0
228	R	1.00000	0	0.00000	0
229	M	1.00000	0	0.00000	0
230	I	1.00000	0	0.00000	0
231	E	1.00000	0	0.00000	0
232	S	1.00000	0	0.00000	0
233	V	1.00000	0	0.00000	0
234	S	1.00000	0	0.00000	0
235	K	1.00000	0	0.00000	0
236	K	1.00000	0	0.00000	0
237	T	1.00000	0	0.00000	0
238	Q	1.00000	0	0.00000	0
239	S	1.00000	0	0.00000	0
240	S	1.00000	0	0.00000	0
241	D	1.00000	0	0.00000	0
242	N	1.00000	0	0.00000	0
243	Y	1.00000	0	0.00000	0
244	I	1.00000	0	0.00000	0
245	A	1.00000	0	0.00000	0
246	R	1.00000	0	0.00000	0
247	V	1.00000	0	0.00000	0
248	N	1.00000	0	0.00000	0
249	R	1.00000	0	0.00000	0
250	K	1.00000	0	0.00000	0
251	E	1.00000	0	0.00000	0
252	R	0.99044	0	0.00956	0
253	K	0.98943	0	0.01057	0
254	A	0.31002	0	0.68998	0
255	A	0.30725	0	0.69275	0
256	T	0.28130	0	0.71870	0
257	T	0.01351	0	0.98649	0
258	L	0.01163	0	0.98837	0
259	G	0.00480	0	0.99520	0
260	I	0.00124	0	0.99876	0
261	A	0.00115	0	0.99885	0
262	G	0.00106	0	0.99894	0
263	I	0.00031	0	0.99969	0
264	A	0.00020	0	0.99980	0
265	F	0.00000	0	1.00000	0
266	L	0.00000	0	1.00000	0
267	L	0.00000	0	1.00000	0
268	F	0.00000	0	1.00000	0
269	W	0.00000	0	1.00000	0
270	S	0.00000	0	1.00000	0
271	P	0.00000	0	1.00000	0
272	F	0.00000	0	1.00000	0
273	F	0.00000	1e-05	0.99999	0
274	V	0.00000	0.00026	0.99974	0
275	T	0.00000	0.00293	0.99707	0
276	V	0.00000	0.00797	0.99203	0
277	I	0.00000	0.05276	0.94724	0
278	I	0.00000	0.23176	0.76824	0
279	D	0.00000	0.84058	0.15942	0
280	A	0.00000	0.8422	0.15780	0
281	F	0.00000	0.84576	0.15424	0
282	F	0.00000	0.86056	0.13944	0
283	N	0.00000	0.91251	0.08749	0
284	F	0.00000	0.91682	0.08318	0
285	I	0.00000	0.95169	0.04831	0
286	T	0.00000	0.99013	0.00987	0
287	P	0.00000	0.99861	0.00139	0
288	P	0.00000	0.99957	0.00043	0
289	L	0.00000	0.99948	0.00052	0
290	V	0.00000	0.99932	0.00068	0
291	F	0.00000	0.99925	0.00075	0
292	D	0.00000	0.98816	0.01184	0
293	I	0.00000	0.35354	0.64646	0
294	M	0.00000	0.05397	0.94603	0
295	I	0.00000	0.00681	0.99319	0
296	W	0.00000	0.00056	0.99944	0
297	L	0.00000	0	1.00000	0
298	T	0.00000	0	1.00000	0
299	Y	0.00000	0	1.00000	0
300	A	0.00000	0	1.00000	0
301	N	0.00000	0	1.00000	0
302	S	0.00000	0	1.00000	0
303	A	0.00000	0	1.00000	0
304	M	0.00000	0	1.00000	0
305	N	0.00000	0	1.00000	0
306	P	0.00000	0	1.00000	0
307	L	0.00000	0	1.00000	0
308	I	0.00000	0	1.00000	0
309	Y	0.00000	0	1.00000	0
310	S	0.00000	0	1.00000	0
311	L	0.00001	0	0.99999	0
312	F	0.00036	0	0.99964	0
313	Y	0.01060	0	0.98940	0
314	P	0.08338	0	0.91662	0
315	W	0.12931	0	0.87069	0
316	F	0.52145	0	0.47855	0
317	R	1.00000	0	0.00000	0
318	K	1.00000	0	0.00000	0
319	A	1.00000	0	0.00000	0
320	V	1.00000	0	0.00000	0
321	K	1.00000	0	0.00000	0
322	V	1.00000	0	0.00000	0
323	I	1.00000	0	0.00000	0
324	V	1.00000	0	0.00000	0
325	S	1.00000	0	0.00000	0
326	C	1.00000	0	0.00000	0
327	R	1.00000	0	0.00000	0
328	I	1.00000	0	0.00000	0
329	L	1.00000	0	0.00000	0
330	R	1.00000	0	0.00000	0
331	Q	1.00000	0	0.00000	0
332	D	1.00000	0	0.00000	0
333	C	1.00000	0	0.00000	0
334	S	1.00000	0	0.00000	0
335	T	1.00000	0	0.00000	0
336	M	1.00000	0	0.00000	0
337	N	1.00000	0	0.00000	0
338	L	1.00000	0	0.00000	0
339	L	1.00000	0	0.00000	0
340	Q	1.00000	0	0.00000	0
341	K	1.00000	0	0.00000	0
