# UNNAMED
#pos	aa	i	o	M	S
1	M	0.00000	1	0.00000	0
2	D	0.00000	1	0.00000	0
3	P	0.00000	1	0.00000	0
4	L	0.00000	1	0.00000	0
5	N	0.00000	1	0.00000	0
6	L	0.00000	1	0.00000	0
7	S	0.00000	1	0.00000	0
8	W	0.00000	1	0.00000	0
9	Y	0.00000	1	0.00000	0
10	D	0.00000	1	0.00000	0
11	G	0.00000	1	0.00000	0
12	D	0.00000	1	0.00000	0
13	R	0.00000	1	0.00000	0
14	N	0.00000	1	0.00000	0
15	W	0.00000	1	0.00000	0
16	S	0.00000	1	0.00000	0
17	R	0.00000	1	0.00000	0
18	A	0.00000	1	0.00000	0
19	L	0.00000	1	0.00000	0
20	N	0.00000	1	0.00000	0
21	A	0.00000	1	0.00000	0
22	S	0.00000	1	0.00000	0
23	E	0.00000	1	0.00000	0
24	A	0.00000	1	0.00000	0
25	A	0.00000	1	0.00000	0
26	Q	0.00000	1	0.00000	0
27	K	0.00000	1	0.00000	0
28	P	0.00000	0.99985	0.00015	0
29	H	0.00000	0.95965	0.04035	0
30	Y	0.00000	0.88605	0.11395	0
31	N	0.00000	0.85283	0.14717	0
32	Y	0.00000	0.17837	0.82163	0
33	Y	0.00000	0.04093	0.95907	0
34	A	0.00000	0.01251	0.98749	0
35	V	0.00000	0.00174	0.99826	0
36	L	0.00000	0.00051	0.99949	0
37	L	0.00000	7e-05	0.99993	0
38	A	0.00000	1e-05	0.99999	0
39	L	0.00000	0	1.00000	0
40	L	0.00000	0	1.00000	0
41	I	0.00000	0	1.00000	0
42	F	0.00000	0	1.00000	0
43	I	0.00000	0	1.00000	0
44	I	0.00000	0	1.00000	0
45	V	0.00000	0	1.00000	0
46	F	0.00000	0	1.00000	0
47	G	0.00000	0	1.00000	0
48	N	0.00000	0	1.00000	0
49	V	0.00000	0	1.00000	0
50	L	0.00000	0	1.00000	0
51	V	0.00003	0	0.99997	0
52	C	0.00040	0	0.99960	0
53	M	0.01087	0	0.98913	0
54	A	0.10795	0	0.89205	0
55	V	0.29738	0	0.70262	0
56	S	0.92362	0	0.07638	0
57	R	0.99834	0	0.00166	0
58	E	0.99998	0	0.00002	0
59	R	1.00000	0	0.00000	0
60	A	1.00000	0	0.00000	0
61	L	1.00000	0	0.00000	0
62	Q	1.00000	0	0.00000	0
63	T	0.99992	0	0.00008	0
64	T	0.99744	0	0.00256	0
65	T	0.89460	0	0.10540	0
66	N	0.18524	0	0.81476	0
67	Y	0.05531	0	0.94469	0
68	L	0.00052	0	0.99948	0
69	I	0.00000	0	1.00000	0
70	V	0.00000	0	1.00000	0
71	S	0.00000	0	1.00000	0
72	L	0.00000	0	1.00000	0
73	A	0.00000	0	1.00000	0
74	V	0.00000	0	1.00000	0
75	A	0.00000	0	1.00000	0
76	D	0.00000	0	1.00000	0
77	L	0.00000	0	1.00000	0
78	L	0.00000	0	1.00000	0
79	V	0.00000	0	1.00000	0
80	A	0.00000	0	1.00000	0
81	T	0.00000	0	1.00000	0
82	L	0.00000	0	1.00000	0
83	C	0.00000	0	1.00000	0
84	M	0.00000	0	1.00000	0
85	P	0.00000	1e-05	0.99999	0
86	W	0.00000	4e-05	0.99996	0
87	V	0.00000	0.0002	0.99980	0
88	V	0.00000	0.00104	0.99896	0
89	Y	0.00000	0.84534	0.15466	0
90	M	0.00000	0.99951	0.00049	0
91	E	0.00000	0.99999	0.00001	0
92	V	0.00000	1	0.00000	0
93	V	0.00000	1	0.00000	0
94	G	0.00000	1	0.00000	0
95	E	0.00000	1	0.00000	0
96	W	0.00000	1	0.00000	0
97	R	0.00000	1	0.00000	0
98	F	0.00000	1	0.00000	0
99	S	0.00000	1	0.00000	0
100	R	0.00000	1	0.00000	0
101	I	0.00000	0.99999	0.00001	0
102	H	0.00000	0.99997	0.00003	0
103	C	0.00000	0.99985	0.00015	0
104	D	0.00000	0.99892	0.00108	0
105	I	0.00000	0.99275	0.00725	0
106	F	0.00000	0.40136	0.59864	0
107	V	0.00000	0.07446	0.92554	0
108	T	0.00000	0.03241	0.96759	0
109	L	0.00000	0.00029	0.99971	0
110	D	0.00000	7e-05	0.99993	0
111	V	0.00000	0	1.00000	0
112	M	0.00000	0	1.00000	0
113	M	0.00000	0	1.00000	0
114	C	0.00000	0	1.00000	0
115	T	0.00000	0	1.00000	0
116	A	0.00000	0	1.00000	0
117	S	0.00000	0	1.00000	0
118	I	0.00000	0	1.00000	0
119	L	0.00000	0	1.00000	0
120	N	0.00000	0	1.00000	0
121	L	0.00000	0	1.00000	0
122	C	0.00000	0	1.00000	0
123	A	0.00000	0	1.00000	0
124	I	0.00000	0	1.00000	0
125	S	0.00000	0	1.00000	0
126	I	0.00000	0	1.00000	0
127	D	0.00001	0	0.99999	0
128	R	0.01962	0	0.98038	0
129	Y	0.43484	0	0.56516	0
130	T	0.90661	0	0.09339	0
131	A	0.99058	0	0.00942	0
132	V	1.00000	0	0.00000	0
133	A	1.00000	0	0.00000	0
134	M	1.00000	0	0.00000	0
135	P	1.00000	0	0.00000	0
136	M	1.00000	0	0.00000	0
137	L	1.00000	0	0.00000	0
138	Y	1.00000	0	0.00000	0
139	N	1.00000	0	0.00000	0
140	T	1.00000	0	0.00000	0
141	R	1.00000	0	0.00000	0
142	Y	1.00000	0	0.00000	0
143	S	1.00000	0	0.00000	0
144	S	1.00000	0	0.00000	0
145	K	0.99999	0	0.00001	0
146	R	0.99929	0	0.00071	0
147	R	0.98515	0	0.01485	0
148	V	0.34100	0	0.65900	0
149	T	0.21136	0	0.78864	0
150	V	0.00377	0	0.99623	0
151	M	0.00008	0	0.99992	0
152	I	0.00000	0	1.00000	0
153	A	0.00000	0	1.00000	0
154	V	0.00000	0	1.00000	0
155	V	0.00000	0	1.00000	0
156	W	0.00000	0	1.00000	0
157	V	0.00000	0	1.00000	0
158	L	0.00000	0	1.00000	0
159	S	0.00000	0	1.00000	0
160	F	0.00000	0	1.00000	0
161	A	0.00000	0	1.00000	0
162	I	0.00000	0	1.00000	0
163	S	0.00000	0	1.00000	0
164	C	0.00000	0	1.00000	0
165	P	0.00000	1e-05	0.99999	0
166	L	0.00000	1e-05	0.99999	0
167	L	0.00000	0.00027	0.99973	0
168	F	0.00000	0.00756	0.99244	0
169	G	0.00000	0.09514	0.90486	0
170	L	0.00000	0.27455	0.72545	0
171	N	0.00000	0.97505	0.02495	0
172	N	0.00000	0.99934	0.00066	0
173	T	0.00000	0.99995	0.00005	0
174	D	0.00000	1	0.00000	0
175	E	0.00000	1	0.00000	0
176	K	0.00000	1	0.00000	0
177	E	0.00000	1	0.00000	0
178	C	0.00000	1	0.00000	0
179	I	0.00000	1	0.00000	0
180	I	0.00000	1	0.00000	0
181	G	0.00000	1	0.00000	0
182	N	0.00000	0.99999	0.00001	0
183	P	0.00000	0.99794	0.00206	0
184	A	0.00000	0.77259	0.22741	0
185	F	0.00000	0.43954	0.56046	0
186	V	0.00000	0.42986	0.57014	0
187	V	0.00000	0.39151	0.60849	0
188	Y	0.00000	0.25977	0.74023	0
189	S	0.00000	0.25317	0.74683	0
190	S	0.00000	0.14966	0.85034	0
191	I	0.00000	0.05357	0.94643	0
192	V	0.00000	4e-05	0.99996	0
193	S	0.00000	2e-05	0.99998	0
194	F	0.00000	0	1.00000	0
195	Y	0.00000	0	1.00000	0
196	V	0.00000	0	1.00000	0
197	P	0.00000	0	1.00000	0
198	F	0.00000	0	1.00000	0
199	M	0.00000	0	1.00000	0
200	V	0.00000	0	1.00000	0
201	T	0.00000	0	1.00000	0
202	L	0.00000	0	1.00000	0
203	L	0.00000	0	1.00000	0
204	V	0.00000	0	1.00000	0
205	Y	0.00002	0	0.99998	0
206	V	0.00124	0	0.99876	0
207	Q	0.03894	0	0.96106	0
208	I	0.04067	0	0.95933	0
209	Y	0.05283	0	0.94717	0
210	I	0.11751	0	0.88249	0
211	V	0.16549	0	0.83451	0
212	L	0.26889	0	0.73111	0
213	R	0.95037	0	0.04963	0
214	R	0.99875	0	0.00125	0
215	R	0.99991	0	0.00009	0
216	R	1.00000	0	0.00000	0
217	K	1.00000	0	0.00000	0
218	R	1.00000	0	0.00000	0
219	V	1.00000	0	0.00000	0
220	S	1.00000	0	0.00000	0
221	T	1.00000	0	0.00000	0
222	K	1.00000	0	0.00000	0
223	R	1.00000	0	0.00000	0
224	S	1.00000	0	0.00000	0
225	S	1.00000	0	0.00000	0
226	H	1.00000	0	0.00000	0
227	V	1.00000	0	0.00000	0
228	L	1.00000	0	0.00000	0
229	D	1.00000	0	0.00000	0
230	S	1.00000	0	0.00000	0
231	D	1.00000	0	0.00000	0
232	T	1.00000	0	0.00000	0
233	Q	1.00000	0	0.00000	0
234	A	1.00000	0	0.00000	0
235	P	1.00000	0	0.00000	0
236	L	1.00000	0	0.00000	0
237	K	1.00000	0	0.00000	0
238	E	1.00000	0	0.00000	0
239	A	1.00000	0	0.00000	0
240	E	1.00000	0	0.00000	0
241	S	1.00000	0	0.00000	0
242	H	1.00000	0	0.00000	0
243	I	1.00000	0	0.00000	0
244	E	1.00000	0	0.00000	0
245	E	1.00000	0	0.00000	0
246	M	1.00000	0	0.00000	0
247	E	1.00000	0	0.00000	0
248	M	1.00000	0	0.00000	0
249	E	1.00000	0	0.00000	0
250	M	1.00000	0	0.00000	0
251	V	1.00000	0	0.00000	0
252	S	1.00000	0	0.00000	0
253	S	1.00000	0	0.00000	0
254	T	1.00000	0	0.00000	0
255	S	1.00000	0	0.00000	0
256	P	1.00000	0	0.00000	0
257	P	1.00000	0	0.00000	0
258	E	1.00000	0	0.00000	0
259	K	1.00000	0	0.00000	0
260	T	1.00000	0	0.00000	0
261	A	1.00000	0	0.00000	0
262	L	1.00000	0	0.00000	0
263	K	1.00000	0	0.00000	0
264	P	1.00000	0	0.00000	0
265	T	1.00000	0	0.00000	0
266	A	1.00000	0	0.00000	0
267	P	1.00000	0	0.00000	0
268	S	1.00000	0	0.00000	0
269	N	1.00000	0	0.00000	0
270	H	1.00000	0	0.00000	0
271	Q	1.00000	0	0.00000	0
272	L	1.00000	0	0.00000	0
273	I	1.00000	0	0.00000	0
274	V	1.00000	0	0.00000	0
275	P	1.00000	0	0.00000	0
276	V	1.00000	0	0.00000	0
277	A	1.00000	0	0.00000	0
278	S	1.00000	0	0.00000	0
279	N	1.00000	0	0.00000	0
280	R	1.00000	0	0.00000	0
281	G	1.00000	0	0.00000	0
282	N	1.00000	0	0.00000	0
283	N	1.00000	0	0.00000	0
284	S	1.00000	0	0.00000	0
285	T	1.00000	0	0.00000	0
286	L	1.00000	0	0.00000	0
287	Q	1.00000	0	0.00000	0
288	A	1.00000	0	0.00000	0
289	P	1.00000	0	0.00000	0
290	L	1.00000	0	0.00000	0
291	S	1.00000	0	0.00000	0
292	S	1.00000	0	0.00000	0
293	P	1.00000	0	0.00000	0
294	G	1.00000	0	0.00000	0
295	K	1.00000	0	0.00000	0
296	V	1.00000	0	0.00000	0
297	E	1.00000	0	0.00000	0
298	K	1.00000	0	0.00000	0
299	N	1.00000	0	0.00000	0
300	G	1.00000	0	0.00000	0
301	H	1.00000	0	0.00000	0
302	A	1.00000	0	0.00000	0
303	K	1.00000	0	0.00000	0
304	E	1.00000	0	0.00000	0
305	S	1.00000	0	0.00000	0
306	H	1.00000	0	0.00000	0
307	H	1.00000	0	0.00000	0
308	T	1.00000	0	0.00000	0
309	A	1.00000	0	0.00000	0
310	K	1.00000	0	0.00000	0
311	V	1.00000	0	0.00000	0
312	F	1.00000	0	0.00000	0
313	E	1.00000	0	0.00000	0
314	I	1.00000	0	0.00000	0
315	H	1.00000	0	0.00000	0
316	S	1.00000	0	0.00000	0
317	L	1.00000	0	0.00000	0
318	P	1.00000	0	0.00000	0
319	N	1.00000	0	0.00000	0
320	G	1.00000	0	0.00000	0
321	K	1.00000	0	0.00000	0
322	T	1.00000	0	0.00000	0
323	R	1.00000	0	0.00000	0
324	N	1.00000	0	0.00000	0
325	L	1.00000	0	0.00000	0
326	L	1.00000	0	0.00000	0
327	K	1.00000	0	0.00000	0
328	A	1.00000	0	0.00000	0
329	V	1.00000	0	0.00000	0
330	I	1.00000	0	0.00000	0
331	R	1.00000	0	0.00000	0
332	R	1.00000	0	0.00000	0
333	K	1.00000	0	0.00000	0
334	L	1.00000	0	0.00000	0
335	S	1.00000	0	0.00000	0
336	Q	1.00000	0	0.00000	0
337	Q	1.00000	0	0.00000	0
338	K	1.00000	0	0.00000	0
339	E	1.00000	0	0.00000	0
340	K	0.99689	0	0.00311	0
341	K	0.99667	0	0.00333	0
342	A	0.97095	0	0.02905	0
343	T	0.96818	0	0.03182	0
344	Q	0.87570	0	0.12430	0
345	M	0.85936	0	0.14064	0
346	L	0.00933	0	0.99067	0
347	A	0.00011	0	0.99989	0
348	I	0.00000	0	1.00000	0
349	V	0.00000	0	1.00000	0
350	L	0.00000	0	1.00000	0
351	G	0.00000	0	1.00000	0
352	V	0.00000	0	1.00000	0
353	F	0.00000	0	1.00000	0
354	I	0.00000	0	1.00000	0
355	I	0.00000	0	1.00000	0
356	C	0.00000	0	1.00000	0
357	W	0.00000	0	1.00000	0
358	L	0.00000	0	1.00000	0
359	P	0.00000	0	1.00000	0
360	F	0.00000	0	1.00000	0
361	F	0.00000	0	1.00000	0
362	I	0.00000	0.00012	0.99988	0
363	T	0.00000	0.00127	0.99873	0
364	H	0.00000	0.00268	0.99732	0
365	I	0.00000	0.00497	0.99503	0
366	L	0.00000	0.02537	0.97463	0
367	N	0.00000	0.26064	0.73936	0
368	M	0.00000	0.33128	0.66872	0
369	H	0.00000	0.97873	0.02127	0
370	C	0.00000	0.9979	0.00210	0
371	D	0.00000	1	0.00000	0
372	C	0.00000	1	0.00000	0
373	N	0.00000	0.99999	0.00001	0
374	I	0.00000	0.99969	0.00031	0
375	P	0.00000	0.99934	0.00066	0
376	P	0.00000	0.99856	0.00144	0
377	A	0.00000	0.99077	0.00923	0
378	M	0.00000	0.98341	0.01659	0
379	Y	0.00000	0.98227	0.01773	0
380	S	0.00000	0.82628	0.17372	0
381	A	0.00000	0.021	0.97900	0
382	F	0.00000	0.00248	0.99752	0
383	T	0.00000	0.0006	0.99940	0
384	W	0.00000	0	1.00000	0
385	L	0.00000	0	1.00000	0
386	G	0.00000	0	1.00000	0
387	Y	0.00000	0	1.00000	0
388	V	0.00000	0	1.00000	0
389	N	0.00000	0	1.00000	0
390	S	0.00000	0	1.00000	0
391	A	0.00000	0	1.00000	0
392	V	0.00000	0	1.00000	0
393	N	0.00000	0	1.00000	0
394	P	0.00000	0	1.00000	0
395	I	0.00000	0	1.00000	0
396	I	0.00001	0	0.99999	0
397	Y	0.00011	0	0.99989	0
398	T	0.00048	0	0.99952	0
399	T	0.00140	0	0.99860	0
400	F	0.04829	0	0.95171	0
401	N	0.51080	0	0.48920	0
402	I	0.74307	0	0.25693	0
403	E	1.00000	0	0.00000	0
404	F	1.00000	0	0.00000	0
405	R	1.00000	0	0.00000	0
406	K	1.00000	0	0.00000	0
407	A	1.00000	0	0.00000	0
408	F	1.00000	0	0.00000	0
409	M	1.00000	0	0.00000	0
410	K	1.00000	0	0.00000	0
411	I	1.00000	0	0.00000	0
412	L	1.00000	0	0.00000	0
413	H	1.00000	0	0.00000	0
414	C	1.00000	0	0.00000	0
