# UNNAMED
#pos	aa	i	o	M	S
1	M	0.00000	1	0.00000	0
2	L	0.00000	1	0.00000	0
3	S	0.00000	1	0.00000	0
4	K	0.00000	0.99993	0.00007	0
5	V	0.00000	0.97577	0.02423	0
6	M	0.00000	0.92915	0.07085	0
7	L	0.00000	0.72533	0.27467	0
8	A	0.00000	0.32882	0.67118	0
9	F	0.00000	0.05718	0.94282	0
10	I	0.00000	0.01164	0.98836	0
11	L	0.00000	0.00196	0.99804	0
12	I	0.00000	6e-05	0.99994	0
13	L	0.00000	1e-05	0.99999	0
14	L	0.00000	0	1.00000	0
15	I	0.00000	0	1.00000	0
16	L	0.00000	0	1.00000	0
17	L	0.00000	0	1.00000	0
18	T	0.00000	0	1.00000	0
19	V	0.00000	0	1.00000	0
20	A	0.00000	0	1.00000	0
21	G	0.00000	0	1.00000	0
22	N	0.00000	0	1.00000	0
23	V	0.00000	0	1.00000	0
24	L	0.00000	0	1.00000	0
25	V	0.00000	0	1.00000	0
26	C	0.00001	0	0.99999	0
27	L	0.00028	0	0.99972	0
28	A	0.01490	0	0.98510	0
29	V	0.05715	0	0.94285	0
30	C	0.25799	0	0.74201	0
31	A	0.61987	0	0.38013	0
32	S	0.96742	0	0.03258	0
33	R	0.99940	0	0.00060	0
34	R	0.99999	0	0.00001	0
35	L	0.99999	0	0.00001	0
36	R	0.99996	0	0.00004	0
37	C	0.98894	0	0.01106	0
38	L	0.95896	0	0.04104	0
39	T	0.92349	0	0.07651	0
40	N	0.25887	0	0.74113	0
41	C	0.11247	0	0.88753	0
42	F	0.00135	0	0.99865	0
43	I	0.00003	0	0.99997	0
44	L	0.00000	0	1.00000	0
45	S	0.00000	0	1.00000	0
46	L	0.00000	0	1.00000	0
47	A	0.00000	0	1.00000	0
48	V	0.00000	0	1.00000	0
49	T	0.00000	0	1.00000	0
50	D	0.00000	0	1.00000	0
51	L	0.00000	0	1.00000	0
52	L	0.00000	0	1.00000	0
53	L	0.00000	0	1.00000	0
54	G	0.00000	0	1.00000	0
55	L	0.00000	0	1.00000	0
56	L	0.00000	0	1.00000	0
57	V	0.00000	5e-05	0.99995	0
58	L	0.00000	0.00077	0.99923	0
59	P	0.00000	0.01275	0.98725	0
60	F	0.00000	0.04024	0.95976	0
61	S	0.00000	0.32929	0.67071	0
62	A	0.00000	0.44766	0.55234	0
63	L	0.00000	0.56376	0.43624	0
64	L	0.00000	0.99761	0.00239	0
65	Q	0.00000	0.99851	0.00149	0
66	L	0.00000	0.99868	0.00132	0
67	N	0.00000	0.99991	0.00009	0
68	E	0.00000	1	0.00000	0
69	E	0.00000	1	0.00000	0
70	W	0.00000	1	0.00000	0
71	P	0.00000	1	0.00000	0
72	L	0.00000	0.99999	0.00001	0
73	G	0.00000	0.99999	0.00001	0
74	A	0.00000	0.99999	0.00001	0
75	V	0.00000	0.99999	0.00001	0
76	F	0.00000	0.99998	0.00002	0
77	C	0.00000	0.99997	0.00003	0
78	N	0.00000	0.99994	0.00006	0
79	F	0.00000	0.99557	0.00443	0
80	Y	0.00000	0.72188	0.27812	0
81	I	0.00000	0.16197	0.83803	0
82	S	0.00000	0.09553	0.90447	0
83	M	0.00000	0.0008	0.99920	0
84	D	0.00000	0.00021	0.99979	0
85	V	0.00000	0	1.00000	0
86	M	0.00000	0	1.00000	0
87	L	0.00000	0	1.00000	0
88	C	0.00000	0	1.00000	0
89	T	0.00000	0	1.00000	0
90	A	0.00000	0	1.00000	0
91	S	0.00000	0	1.00000	0
92	I	0.00000	0	1.00000	0
93	L	0.00000	0	1.00000	0
94	T	0.00000	0	1.00000	0
95	L	0.00000	0	1.00000	0
96	L	0.00000	0	1.00000	0
97	A	0.00000	0	1.00000	0
98	I	0.00000	0	1.00000	0
99	S	0.00000	0	1.00000	0
100	V	0.00001	0	0.99999	0
101	D	0.00016	0	0.99984	0
102	R	0.06069	0	0.93931	0
103	Y	0.45889	0	0.54111	0
104	L	0.85703	0	0.14297	0
105	A	0.97389	0	0.02611	0
106	V	0.99999	0	0.00001	0
107	T	1.00000	0	0.00000	0
108	M	1.00000	0	0.00000	0
109	P	1.00000	0	0.00000	0
110	L	1.00000	0	0.00000	0
111	R	1.00000	0	0.00000	0
112	Y	1.00000	0	0.00000	0
113	A	1.00000	0	0.00000	0
114	S	1.00000	0	0.00000	0
115	L	0.99999	0	0.00001	0
116	V	0.99864	0	0.00136	0
117	L	0.99816	0	0.00184	0
118	P	0.99789	0	0.00211	0
119	W	0.98709	0	0.01291	0
120	R	0.96973	0	0.03027	0
121	V	0.25009	0	0.74991	0
122	A	0.05163	0	0.94837	0
123	V	0.00498	0	0.99502	0
124	A	0.00055	0	0.99945	0
125	M	0.00002	0	0.99998	0
126	A	0.00000	0	1.00000	0
127	S	0.00000	0	1.00000	0
128	V	0.00000	0	1.00000	0
129	W	0.00000	0	1.00000	0
130	T	0.00000	0	1.00000	0
131	V	0.00000	0	1.00000	0
132	S	0.00000	0	1.00000	0
133	L	0.00000	0	1.00000	0
134	A	0.00000	0	1.00000	0
135	V	0.00000	0	1.00000	0
136	S	0.00000	4e-05	0.99996	0
137	F	0.00000	9e-05	0.99991	0
138	L	0.00000	0.00059	0.99941	0
139	P	0.00000	0.00448	0.99552	0
140	I	0.00000	0.00913	0.99087	0
141	Q	0.00000	0.1505	0.84950	0
142	M	0.00000	0.23832	0.76168	0
143	G	0.00000	0.78267	0.21733	0
144	W	0.00000	0.88606	0.11394	0
145	N	0.00000	0.99465	0.00535	0
146	T	0.00000	0.99957	0.00043	0
147	V	0.00000	0.99989	0.00011	0
148	N	0.00000	0.99999	0.00001	0
149	G	0.00000	1	0.00000	0
150	T	0.00000	1	0.00000	0
151	V	0.00000	1	0.00000	0
152	Q	0.00000	1	0.00000	0
153	N	0.00000	1	0.00000	0
154	H	0.00000	1	0.00000	0
155	G	0.00000	1	0.00000	0
156	P	0.00000	1	0.00000	0
157	W	0.00000	1	0.00000	0
158	A	0.00000	1	0.00000	0
159	S	0.00000	1	0.00000	0
160	E	0.00000	1	0.00000	0
161	G	0.00000	1	0.00000	0
162	K	0.00000	1	0.00000	0
163	C	0.00000	1	0.00000	0
164	R	0.00000	1	0.00000	0
165	F	0.00000	0.99999	0.00001	0
166	E	0.00000	0.99999	0.00001	0
167	L	0.00000	0.99996	0.00004	0
168	N	0.00000	0.99996	0.00004	0
169	R	0.00000	0.99983	0.00017	0
170	P	0.00000	0.02199	0.97801	0
171	Y	0.00000	0.00548	0.99452	0
172	V	0.00000	0.0052	0.99480	0
173	L	0.00000	0.00513	0.99487	0
174	T	0.00000	0.00509	0.99491	0
175	D	0.00000	0.00508	0.99492	0
176	S	0.00000	0.00046	0.99954	0
177	L	0.00000	0.00025	0.99975	0
178	L	0.00000	0	1.00000	0
179	T	0.00000	0	1.00000	0
180	F	0.00000	0	1.00000	0
181	Y	0.00000	0	1.00000	0
182	L	0.00000	0	1.00000	0
183	P	0.00000	0	1.00000	0
184	L	0.00000	0	1.00000	0
185	V	0.00000	0	1.00000	0
186	A	0.00000	0	1.00000	0
187	M	0.00000	0	1.00000	0
188	C	0.00000	0	1.00000	0
189	W	0.00000	0	1.00000	0
190	T	0.00003	0	0.99997	0
191	Y	0.00024	0	0.99976	0
192	L	0.01140	0	0.98860	0
193	R	0.19881	0	0.80119	0
194	I	0.22183	0	0.77817	0
195	L	0.33732	0	0.66268	0
196	R	0.98258	0	0.01742	0
197	I	0.98670	0	0.01330	0
198	A	0.99958	0	0.00042	0
199	R	0.99988	0	0.00012	0
200	A	0.99992	0	0.00008	0
201	Q	1.00000	0	0.00000	0
202	A	1.00000	0	0.00000	0
203	K	1.00000	0	0.00000	0
204	R	1.00000	0	0.00000	0
205	I	1.00000	0	0.00000	0
206	V	1.00000	0	0.00000	0
207	S	1.00000	0	0.00000	0
208	E	1.00000	0	0.00000	0
209	R	1.00000	0	0.00000	0
210	P	1.00000	0	0.00000	0
211	T	1.00000	0	0.00000	0
212	C	1.00000	0	0.00000	0
213	I	1.00000	0	0.00000	0
214	T	1.00000	0	0.00000	0
215	S	1.00000	0	0.00000	0
216	Y	1.00000	0	0.00000	0
217	N	1.00000	0	0.00000	0
218	C	1.00000	0	0.00000	0
219	R	1.00000	0	0.00000	0
220	S	1.00000	0	0.00000	0
221	N	1.00000	0	0.00000	0
222	S	1.00000	0	0.00000	0
223	S	1.00000	0	0.00000	0
224	T	1.00000	0	0.00000	0
225	T	1.00000	0	0.00000	0
226	T	1.00000	0	0.00000	0
227	T	1.00000	0	0.00000	0
228	V	1.00000	0	0.00000	0
229	I	1.00000	0	0.00000	0
230	S	1.00000	0	0.00000	0
231	S	1.00000	0	0.00000	0
232	I	1.00000	0	0.00000	0
233	T	1.00000	0	0.00000	0
234	V	1.00000	0	0.00000	0
235	V	1.00000	0	0.00000	0
236	A	1.00000	0	0.00000	0
237	L	1.00000	0	0.00000	0
238	R	1.00000	0	0.00000	0
239	E	1.00000	0	0.00000	0
240	H	0.99991	0	0.00009	0
241	K	0.99946	0	0.00054	0
242	A	0.94194	0	0.05806	0
243	T	0.86237	0	0.13763	0
244	V	0.49884	0	0.50116	0
245	T	0.49371	0	0.50629	0
246	L	0.00530	0	0.99470	0
247	A	0.00084	0	0.99916	0
248	A	0.00057	0	0.99943	0
249	V	0.00004	0	0.99996	0
250	I	0.00000	0	1.00000	0
251	G	0.00000	0	1.00000	0
252	A	0.00000	0	1.00000	0
253	F	0.00000	0	1.00000	0
254	V	0.00000	0	1.00000	0
255	V	0.00000	0	1.00000	0
256	C	0.00000	0	1.00000	0
257	W	0.00000	0	1.00000	0
258	L	0.00000	0	1.00000	0
259	P	0.00000	0	1.00000	0
260	Y	0.00000	0	1.00000	0
261	F	0.00000	0	1.00000	0
262	I	0.00000	1e-05	0.99999	0
263	L	0.00000	0.00011	0.99989	0
264	F	0.00000	0.00172	0.99828	0
265	T	0.00000	0.04307	0.95693	0
266	V	0.00000	0.05604	0.94396	0
267	L	0.00000	0.10416	0.89584	0
268	G	0.00000	0.42666	0.57334	0
269	L	0.00000	0.53397	0.46603	0
270	Q	0.00000	0.94241	0.05759	0
271	E	0.00000	0.99823	0.00177	0
272	H	0.00000	0.99963	0.00037	0
273	P	0.00000	0.9999	0.00010	0
274	D	0.00000	1	0.00000	0
275	P	0.00000	1	0.00000	0
276	G	0.00000	1	0.00000	0
277	T	0.00000	0.99998	0.00002	0
278	V	0.00000	0.99997	0.00003	0
279	P	0.00000	0.99996	0.00004	0
280	E	0.00000	0.99981	0.00019	0
281	Y	0.00000	0.99883	0.00117	0
282	S	0.00000	0.84944	0.15056	0
283	I	0.00000	0.00862	0.99138	0
284	V	0.00000	0.00032	0.99968	0
285	L	0.00000	0	1.00000	0
286	W	0.00000	0	1.00000	0
287	L	0.00000	0	1.00000	0
288	G	0.00000	0	1.00000	0
289	Y	0.00000	0	1.00000	0
290	A	0.00000	0	1.00000	0
291	N	0.00000	0	1.00000	0
292	S	0.00000	0	1.00000	0
293	A	0.00000	0	1.00000	0
294	L	0.00000	0	1.00000	0
295	N	0.00000	0	1.00000	0
296	P	0.00000	0	1.00000	0
297	I	0.00000	0	1.00000	0
298	L	0.00000	0	1.00000	0
299	Y	0.00000	0	1.00000	0
300	G	0.00000	0	1.00000	0
301	A	0.00027	0	0.99973	0
302	L	0.02421	0	0.97579	0
303	N	0.30870	0	0.69130	0
304	R	1.00000	0	0.00000	0
305	D	1.00000	0	0.00000	0
306	F	1.00000	0	0.00000	0
307	R	1.00000	0	0.00000	0
308	S	1.00000	0	0.00000	0
309	A	1.00000	0	0.00000	0
310	Y	1.00000	0	0.00000	0
311	T	1.00000	0	0.00000	0
312	H	1.00000	0	0.00000	0
313	L	1.00000	0	0.00000	0
314	L	1.00000	0	0.00000	0
315	R	1.00000	0	0.00000	0
316	C	1.00000	0	0.00000	0
317	R	1.00000	0	0.00000	0
318	C	1.00000	0	0.00000	0
319	P	1.00000	0	0.00000	0
320	M	1.00000	0	0.00000	0
321	Y	1.00000	0	0.00000	0
322	S	1.00000	0	0.00000	0
323	R	1.00000	0	0.00000	0
324	W	1.00000	0	0.00000	0
325	R	1.00000	0	0.00000	0
326	S	1.00000	0	0.00000	0
327	Q	1.00000	0	0.00000	0
328	Q	1.00000	0	0.00000	0
329	I	1.00000	0	0.00000	0
330	S	1.00000	0	0.00000	0
331	P	1.00000	0	0.00000	0
332	S	1.00000	0	0.00000	0
333	V	1.00000	0	0.00000	0
334	S	1.00000	0	0.00000	0
335	A	1.00000	0	0.00000	0
336	G	1.00000	0	0.00000	0
337	K	1.00000	0	0.00000	0
338	A	1.00000	0	0.00000	0
339	V	1.00000	0	0.00000	0
340	Q	1.00000	0	0.00000	0
341	T	1.00000	0	0.00000	0
342	R	1.00000	0	0.00000	0
343	D	1.00000	0	0.00000	0
344	Q	1.00000	0	0.00000	0
345	L	1.00000	0	0.00000	0
346	T	1.00000	0	0.00000	0
347	E	1.00000	0	0.00000	0
348	V	1.00000	0	0.00000	0
349	T	1.00000	0	0.00000	0
350	L	1.00000	0	0.00000	0
351	L	1.00000	0	0.00000	0
352	C	1.00000	0	0.00000	0
353	G	1.00000	0	0.00000	0
354	H	1.00000	0	0.00000	0
355	T	1.00000	0	0.00000	0
356	P	1.00000	0	0.00000	0
357	A	1.00000	0	0.00000	0
358	T	1.00000	0	0.00000	0
359	C	1.00000	0	0.00000	0
360	R	1.00000	0	0.00000	0
361	A	1.00000	0	0.00000	0
362	G	1.00000	0	0.00000	0
363	L	1.00000	0	0.00000	0
364	T	1.00000	0	0.00000	0
365	H	1.00000	0	0.00000	0
366	Q	1.00000	0	0.00000	0
367	N	1.00000	0	0.00000	0
368	V	1.00000	0	0.00000	0
369	M	1.00000	0	0.00000	0
370	L	1.00000	0	0.00000	0
371	Q	1.00000	0	0.00000	0
372	E	1.00000	0	0.00000	0
373	M	1.00000	0	0.00000	0
374	N	1.00000	0	0.00000	0
375	S	1.00000	0	0.00000	0
376	R	1.00000	0	0.00000	0
377	T	1.00000	0	0.00000	0
378	A	1.00000	0	0.00000	0
379	T	1.00000	0	0.00000	0
380	T	1.00000	0	0.00000	0
381	S	1.00000	0	0.00000	0
382	I	1.00000	0	0.00000	0
383	Q	1.00000	0	0.00000	0
384	F	1.00000	0	0.00000	0
385	A	1.00000	0	0.00000	0
386	N	1.00000	0	0.00000	0
387	G	1.00000	0	0.00000	0
388	T	1.00000	0	0.00000	0
389	A	1.00000	0	0.00000	0
390	T	1.00000	0	0.00000	0
391	T	1.00000	0	0.00000	0
392	D	1.00000	0	0.00000	0
393	V	1.00000	0	0.00000	0
394	S	1.00000	0	0.00000	0
395	G	1.00000	0	0.00000	0
396	D	1.00000	0	0.00000	0
397	G	1.00000	0	0.00000	0
398	S	1.00000	0	0.00000	0
399	E	1.00000	0	0.00000	0
400	P	1.00000	0	0.00000	0
401	R	1.00000	0	0.00000	0
402	L	1.00000	0	0.00000	0
403	C	1.00000	0	0.00000	0
