# UNNAMED
#pos	aa	i	o	M	S
1	M	0.00000	1	0.00000	0
2	R	0.00000	1	0.00000	0
3	P	0.00000	1	0.00000	0
4	C	0.00000	1	0.00000	0
5	D	0.00000	1	0.00000	0
6	K	0.00000	1	0.00000	0
7	K	0.00000	1	0.00000	0
8	E	0.00000	1	0.00000	0
9	G	0.00000	1	0.00000	0
10	G	0.00000	1	0.00000	0
11	N	0.00000	1	0.00000	0
12	Q	0.00000	1	0.00000	0
13	C	0.00000	1	0.00000	0
14	E	0.00000	1	0.00000	0
15	K	0.00000	1	0.00000	0
16	M	0.00000	1	0.00000	0
17	G	0.00000	1	0.00000	0
18	W	0.00000	1	0.00000	0
19	D	0.00000	1	0.00000	0
20	G	0.00000	1	0.00000	0
21	E	0.00000	1	0.00000	0
22	E	0.00000	1	0.00000	0
23	G	0.00000	1	0.00000	0
24	K	0.00000	1	0.00000	0
25	D	0.00000	1	0.00000	0
26	G	0.00000	1	0.00000	0
27	E	0.00000	1	0.00000	0
28	L	0.00000	1	0.00000	0
29	V	0.00000	1	0.00000	0
30	E	0.00000	1	0.00000	0
31	E	0.00000	1	0.00000	0
32	E	0.00000	1	0.00000	0
33	C	0.00000	1	0.00000	0
34	K	0.00000	1	0.00000	0
35	T	0.00000	1	0.00000	0
36	N	0.00000	1	0.00000	0
37	P	0.00000	1	0.00000	0
38	K	0.00000	1	0.00000	0
39	M	0.00000	1	0.00000	0
40	F	0.00000	1	0.00000	0
41	F	0.00000	1	0.00000	0
42	Q	0.00000	1	0.00000	0
43	Y	0.00000	1	0.00000	0
44	I	0.00000	1	0.00000	0
45	N	0.00000	1	0.00000	0
46	S	0.00000	1	0.00000	0
47	K	0.00000	1	0.00000	0
48	K	0.00000	1	0.00000	0
49	M	0.00000	1	0.00000	0
50	K	0.00000	1	0.00000	0
51	P	0.00000	1	0.00000	0
52	S	0.00000	1	0.00000	0
53	S	0.00000	1	0.00000	0
54	F	0.00000	1	0.00000	0
55	T	0.00000	1	0.00000	0
56	H	0.00000	1	0.00000	0
57	N	0.00000	1	0.00000	0
58	E	0.00000	1	0.00000	0
59	A	0.00000	1	0.00000	0
60	T	0.00000	1	0.00000	0
61	L	0.00000	1	0.00000	0
62	Q	0.00000	1	0.00000	0
63	H	0.00000	1	0.00000	0
64	R	0.00000	1	0.00000	0
65	N	0.00000	1	0.00000	0
66	I	0.00000	1	0.00000	0
67	S	0.00000	1	0.00000	0
68	Q	0.00000	1	0.00000	0
69	V	0.00000	1	0.00000	0
70	K	0.00000	1	0.00000	0
71	L	0.00000	1	0.00000	0
72	S	0.00000	1	0.00000	0
73	R	0.00000	1	0.00000	0
74	D	0.00000	1	0.00000	0
75	E	0.00000	1	0.00000	0
76	K	0.00000	1	0.00000	0
77	I	0.00000	1	0.00000	0
78	A	0.00000	1	0.00000	0
79	R	0.00000	1	0.00000	0
80	S	0.00000	1	0.00000	0
81	L	0.00000	1	0.00000	0
82	S	0.00000	1	0.00000	0
83	I	0.00000	1	0.00000	0
84	L	0.00000	1	0.00000	0
85	V	0.00000	1	0.00000	0
86	G	0.00000	1	0.00000	0
87	A	0.00000	1	0.00000	0
88	F	0.00000	1	0.00000	0
89	V	0.00000	1	0.00000	0
90	I	0.00000	1	0.00000	0
91	C	0.00000	1	0.00000	0
92	W	0.00000	1	0.00000	0
93	A	0.00000	1	0.00000	0
94	P	0.00000	1	0.00000	0
95	Y	0.00000	1	0.00000	0
96	T	0.00000	1	0.00000	0
97	F	0.00000	1	0.00000	0
98	L	0.00000	1	0.00000	0
99	A	0.00000	1	0.00000	0
100	S	0.00000	1	0.00000	0
101	I	0.00000	1	0.00000	0
102	R	0.00000	1	0.00000	0
103	A	0.00000	1	0.00000	0
104	A	0.00000	1	0.00000	0
105	C	0.00000	1	0.00000	0
106	S	0.00000	1	0.00000	0
107	G	0.00000	1	0.00000	0
108	Y	0.00000	1	0.00000	0
109	C	0.00000	1	0.00000	0
110	F	0.00000	1	0.00000	0
111	D	0.00000	1	0.00000	0
112	S	0.00000	1	0.00000	0
113	Y	0.00000	1	0.00000	0
114	W	0.00000	1	0.00000	0
115	D	0.00000	1	0.00000	0
116	D	0.00000	1	0.00000	0
117	T	0.00000	1	0.00000	0
118	H	0.00000	1	0.00000	0
119	E	0.00000	1	0.00000	0
120	M	0.00000	1	0.00000	0
121	H	0.00000	1	0.00000	0
122	F	0.00000	1	0.00000	0
123	C	0.00000	1	0.00000	0
124	L	0.00000	1	0.00000	0
125	G	0.00000	1	0.00000	0
126	I	0.00000	1	0.00000	0
127	S	0.00000	1	0.00000	0
128	N	0.00000	1	0.00000	0
129	E	0.00000	1	0.00000	0
130	S	0.00000	1	0.00000	0
131	L	0.00000	1	0.00000	0
132	T	0.00000	1	0.00000	0
133	V	0.00000	1	0.00000	0
134	L	0.00000	1	0.00000	0
135	W	0.00000	1	0.00000	0
136	D	0.00000	1	0.00000	0
137	Y	0.00000	0.99808	0.00192	0
138	F	0.00000	0.99766	0.00234	0
139	V	0.00000	0.99151	0.00849	0
140	Y	0.00000	0.93946	0.06054	0
141	A	0.00000	0.92959	0.07041	0
142	M	0.00000	0.92757	0.07243	0
143	Y	0.00000	0.92534	0.07466	0
144	H	0.00000	0.92519	0.07481	0
145	A	0.00000	0.92516	0.07484	0
146	S	0.00000	0.92516	0.07484	0
147	A	0.00000	0.92516	0.07484	0
148	V	0.00000	0.92516	0.07484	0
149	I	0.00000	0.92516	0.07484	0
150	F	0.00000	0.92516	0.07484	0
151	V	0.00000	0.92516	0.07484	0
152	G	0.00000	0.92516	0.07484	0
153	N	0.00000	0.92516	0.07484	0
154	T	0.00000	0.92516	0.07484	0
155	F	0.00000	0.92516	0.07484	0
156	V	0.00000	0.92516	0.07484	0
157	I	0.00000	0.92516	0.07484	0
158	V	0.00000	0.92516	0.07484	0
159	A	0.00001	0.92516	0.07483	0
160	F	0.00014	0.92516	0.07471	0
161	I	0.00181	0.92516	0.07303	0
162	V	0.02445	0.92516	0.05039	0
163	D	0.07438	0.92516	0.00046	0
164	K	0.07483	0.92516	0.00001	0
165	R	0.07484	0.92516	0.00000	0
166	L	0.07484	0.92516	0.00000	0
167	R	0.07484	0.92516	0.00000	0
168	N	0.07484	0.92516	0.00000	0
169	Q	0.07484	0.92516	0.00000	0
170	S	0.07482	0.92515	0.00002	0
171	D	0.07427	0.92515	0.00058	0
172	F	0.02293	0.27206	0.70501	0
173	V	0.00392	0.12029	0.87579	0
174	L	0.00124	0.06849	0.93027	0
175	L	0.00009	0.00397	0.99594	0
176	N	0.00001	1e-05	0.99999	0
177	L	0.00000	1e-05	0.99999	0
178	A	0.00000	1e-05	0.99999	0
179	I	0.00000	1e-05	0.99999	0
180	C	0.00000	1e-05	0.99999	0
181	D	0.00000	1e-05	0.99999	0
182	F	0.00000	0	1.00000	0
183	L	0.00000	0	1.00000	0
184	I	0.00000	0	1.00000	0
185	V	0.00000	0	1.00000	0
186	L	0.00000	0	1.00000	0
187	G	0.00000	0	1.00000	0
188	N	0.00000	0	1.00000	0
189	I	0.00000	0	1.00000	0
190	F	0.00000	0	1.00000	0
191	V	0.00000	1e-05	0.99999	0
192	I	0.00000	0.0001	0.99990	0
193	L	0.00007	0.00049	0.99944	0
194	A	0.00394	0.00458	0.99147	0
195	F	0.01180	0.00845	0.97975	0
196	I	0.06107	0.01859	0.92034	0
197	V	0.42914	0.04201	0.52885	0
198	D	0.92179	0.07226	0.00595	0
199	K	0.92511	0.07412	0.00078	0
200	R	0.92515	0.07474	0.00011	0
201	L	0.92516	0.07479	0.00006	0
202	R	0.92516	0.07484	0.00000	0
203	N	0.92514	0.07484	0.00002	0
204	Q	0.92511	0.07484	0.00005	0
205	T	0.92460	0.07484	0.00055	0
206	E	0.91342	0.07484	0.01174	0
207	F	0.16865	0.07484	0.75651	0
208	V	0.01177	0.07484	0.91338	0
209	L	0.00048	0.07484	0.92468	0
210	L	0.00001	0.07484	0.92515	0
211	N	0.00000	0.07484	0.92516	0
212	L	0.00000	0.07484	0.92516	0
213	A	0.00000	0.07484	0.92516	0
214	V	0.00000	0.07484	0.92516	0
215	C	0.00000	0.07484	0.92516	0
216	D	0.00000	0.07484	0.92516	0
217	F	0.00000	0.07484	0.92516	0
218	L	0.00000	0.07484	0.92516	0
219	I	0.00000	0.07484	0.92516	0
220	G	0.00000	0.07484	0.92516	0
221	A	0.00000	0.07484	0.92516	0
222	F	0.00000	0.07484	0.92516	0
223	T	0.00000	0.07485	0.92515	0
224	S	0.00000	0.07491	0.92509	0
225	P	0.00000	0.07522	0.92478	0
226	M	0.00000	0.0779	0.92210	0
227	Y	0.00000	0.16835	0.83165	0
228	L	0.00000	0.21512	0.78488	0
229	Q	0.00000	0.47389	0.52611	0
230	Y	0.00000	0.99915	0.00085	0
231	F	0.00000	0.9993	0.00070	0
232	L	0.00000	0.99955	0.00045	0
233	T	0.00000	0.99988	0.00012	0
234	G	0.00000	0.99999	0.00001	0
235	K	0.00000	1	0.00000	0
236	W	0.00000	1	0.00000	0
237	M	0.00000	1	0.00000	0
238	F	0.00000	1	0.00000	0
239	G	0.00000	1	0.00000	0
240	R	0.00000	1	0.00000	0
241	F	0.00000	1	0.00000	0
242	L	0.00000	1	0.00000	0
243	C	0.00000	1	0.00000	0
244	K	0.00000	1	0.00000	0
245	L	0.00000	0.99975	0.00025	0
246	W	0.00000	0.96304	0.03696	0
247	L	0.00000	0.47252	0.52748	0
248	T	0.00000	0.4037	0.59630	0
249	V	0.00000	0.00645	0.99355	0
250	D	0.00000	0.0022	0.99780	0
251	Y	0.00000	0.00015	0.99985	0
252	T	0.00000	1e-05	0.99999	0
253	V	0.00000	0	1.00000	0
254	C	0.00000	0	1.00000	0
255	T	0.00000	0	1.00000	0
256	A	0.00000	0	1.00000	0
257	S	0.00000	0	1.00000	0
258	V	0.00000	0	1.00000	0
259	F	0.00000	0	1.00000	0
260	N	0.00000	0	1.00000	0
261	I	0.00000	0	1.00000	0
262	V	0.00000	0	1.00000	0
263	L	0.00000	0	1.00000	0
264	I	0.00000	0	1.00000	0
265	S	0.00000	0	1.00000	0
266	Y	0.00000	0	1.00000	0
267	D	0.00001	0	0.99999	0
268	R	0.00419	0	0.99581	0
269	F	0.03431	0	0.96569	0
270	L	0.10017	0	0.89983	0
271	S	0.81854	0	0.18146	0
272	V	0.99991	0	0.00009	0
273	T	1.00000	0	0.00000	0
274	K	1.00000	0	0.00000	0
275	A	1.00000	0	0.00000	0
276	V	1.00000	0	0.00000	0
277	L	1.00000	0	0.00000	0
278	Y	1.00000	0	0.00000	0
279	R	1.00000	0	0.00000	0
280	S	1.00000	0	0.00000	0
281	L	1.00000	0	0.00000	0
282	Q	1.00000	0	0.00000	0
283	N	1.00000	0	0.00000	0
284	K	0.99999	0	0.00001	0
285	R	0.99984	0	0.00016	0
286	S	0.98425	0	0.01575	0
287	H	0.90985	0	0.09015	0
288	T	0.68805	0	0.31195	0
289	V	0.01317	0	0.98683	0
290	V	0.00021	0	0.99979	0
291	S	0.00003	0	0.99997	0
292	I	0.00000	0	1.00000	0
293	A	0.00000	0	1.00000	0
294	S	0.00000	0	1.00000	0
295	V	0.00000	0	1.00000	0
296	W	0.00000	0	1.00000	0
297	V	0.00000	0	1.00000	0
298	F	0.00000	0	1.00000	0
299	S	0.00000	0	1.00000	0
300	F	0.00000	0	1.00000	0
301	L	0.00000	0	1.00000	0
302	L	0.00000	0	1.00000	0
303	Y	0.00000	0	1.00000	0
304	G	0.00000	1e-05	0.99999	0
305	P	0.00000	0.00011	0.99989	0
306	V	0.00000	0.0005	0.99950	0
307	I	0.00000	0.00529	0.99471	0
308	L	0.00000	0.05533	0.94467	0
309	S	0.00000	0.21339	0.78661	0
310	W	0.00000	0.47164	0.52836	0
311	K	0.00000	0.99633	0.00367	0
312	N	0.00000	0.99986	0.00014	0
313	D	0.00000	1	0.00000	0
314	V	0.00000	1	0.00000	0
315	I	0.00000	1	0.00000	0
316	D	0.00000	1	0.00000	0
317	S	0.00000	1	0.00000	0
318	S	0.00000	1	0.00000	0
319	D	0.00000	1	0.00000	0
320	P	0.00000	1	0.00000	0
321	V	0.00000	1	0.00000	0
322	T	0.00000	1	0.00000	0
323	T	0.00000	1	0.00000	0
324	C	0.00000	1	0.00000	0
325	V	0.00000	1	0.00000	0
326	P	0.00000	1	0.00000	0
327	G	0.00000	1	0.00000	0
328	F	0.00000	0.99998	0.00002	0
329	I	0.00000	0.99997	0.00003	0
330	G	0.00000	0.99493	0.00507	0
331	I	0.00000	0.99369	0.00631	0
332	W	0.00000	0.96553	0.03447	0
333	Y	0.00000	0.96068	0.03932	0
334	I	0.00000	0.9155	0.08450	0
335	R	0.00000	0.91022	0.08978	0
336	F	0.00000	0.90753	0.09247	0
337	G	0.00000	0.04421	0.95579	0
338	T	0.00000	0.04351	0.95649	0
339	S	0.00000	0.04136	0.95864	0
340	C	0.00000	0.04099	0.95901	0
341	I	0.00000	0.00019	0.99981	0
342	D	0.00000	0.00018	0.99982	0
343	F	0.00000	6e-05	0.99994	0
344	A	0.00000	0	1.00000	0
345	L	0.00000	0	1.00000	0
346	P	0.00000	0	1.00000	0
347	L	0.00000	0	1.00000	0
348	I	0.00000	0	1.00000	0
349	S	0.00000	0	1.00000	0
350	I	0.00000	0	1.00000	0
351	S	0.00000	0	1.00000	0
352	F	0.00000	0	1.00000	0
353	F	0.00005	0	0.99995	0
354	N	0.00072	0	0.99928	0
355	L	0.00109	0	0.99891	0
356	S	0.00244	0	0.99756	0
357	I	0.00310	0	0.99690	0
358	Y	0.00614	0	0.99386	0
359	C	0.02620	0	0.97380	0
360	S	0.18863	0	0.81137	0
361	I	0.23484	0	0.76516	0
362	K	0.97075	0	0.02925	0
363	K	0.99936	0	0.00064	0
364	R	0.99977	0	0.00023	0
365	G	0.99983	0	0.00017	0
366	R	0.99999	0	0.00001	0
367	K	1.00000	0	0.00000	0
368	K	1.00000	0	0.00000	0
369	R	1.00000	0	0.00000	0
370	Q	1.00000	0	0.00000	0
371	K	1.00000	0	0.00000	0
372	S	1.00000	0	0.00000	0
373	M	1.00000	0	0.00000	0
374	L	1.00000	0	0.00000	0
375	Q	1.00000	0	0.00000	0
376	N	1.00000	0	0.00000	0
377	S	1.00000	0	0.00000	0
378	K	1.00000	0	0.00000	0
379	G	1.00000	0	0.00000	0
380	K	1.00000	0	0.00000	0
381	E	1.00000	0	0.00000	0
382	N	1.00000	0	0.00000	0
383	D	1.00000	0	0.00000	0
384	G	0.99938	0	0.00062	0
385	N	0.98711	0	0.01289	0
386	L	0.95748	0	0.04252	0
387	H	0.95746	0	0.04254	0
388	I	0.94264	0	0.05736	0
389	I	0.94255	0	0.05745	0
390	S	0.94255	0	0.05745	0
391	T	0.94255	0	0.05745	0
392	N	0.94254	0	0.05746	0
393	S	0.94253	0	0.05747	0
394	V	0.93963	0	0.06037	0
395	L	0.93963	0	0.06037	0
396	F	0.93962	0	0.06038	0
397	S	0.93962	0	0.06038	0
398	A	0.93962	0	0.06038	0
399	Q	0.93962	0	0.06038	0
400	L	0.93962	0	0.06038	0
401	H	0.93962	0	0.06038	0
402	V	0.93962	0	0.06038	0
403	M	0.93962	4e-05	0.06034	0
404	E	0.93962	0.01096	0.04942	0
405	N	0.93962	0.01522	0.04516	0
406	F	0.93962	0.02059	0.03979	0
407	G	0.93962	0.03062	0.02976	0
408	T	0.93962	0.04379	0.01659	0
409	E	0.93962	0.05682	0.00356	0
410	K	0.93962	0.05741	0.00297	0
411	R	0.93962	0.05742	0.00296	0
412	L	0.93961	0.05742	0.00296	0
413	A	0.93958	0.05743	0.00299	0
414	V	0.93958	0.05759	0.00284	0
415	S	0.93958	0.05883	0.00159	0
416	L	0.93958	0.06001	0.00041	0
417	R	0.93958	0.06035	0.00007	0
418	H	0.93958	0.06037	0.00005	0
419	C	0.93958	0.06038	0.00005	0
420	F	0.93958	0.06038	0.00005	0
421	P	0.93958	0.06038	0.00004	0
422	Y	0.93958	0.06038	0.00004	0
423	R	0.93958	0.06038	0.00004	0
424	K	0.93958	0.06038	0.00004	0
425	P	0.93958	0.06038	0.00004	0
426	S	0.93958	0.06038	0.00004	0
427	S	0.93958	0.06038	0.00004	0
428	F	0.93958	0.06038	0.00004	0
429	T	0.93958	0.06038	0.00004	0
430	H	0.93958	0.06038	0.00004	0
431	N	0.93958	0.06038	0.00004	0
432	E	0.93958	0.06038	0.00004	0
433	A	0.93958	0.06039	0.00004	0
434	T	0.93958	0.0604	0.00003	0
435	L	0.93958	0.06041	0.00001	0
436	Q	0.93958	0.06042	0.00000	0
437	H	0.93958	0.06042	0.00000	0
438	R	0.93958	0.06042	0.00000	0
439	N	0.93958	0.06042	0.00000	0
440	N	0.93958	0.06042	0.00000	0
441	S	0.93958	0.06042	0.00000	0
442	Q	0.93958	0.06042	0.00000	0
443	V	0.93958	0.06042	0.00000	0
444	N	0.93958	0.06042	0.00000	0
445	L	0.93958	0.06042	0.00000	0
446	S	0.93958	0.06041	0.00001	0
447	R	0.93958	0.06039	0.00003	0
448	D	0.93958	0.06036	0.00007	0
449	E	0.93957	0.02463	0.03580	0
450	K	0.93184	0.01862	0.04954	0
451	I	0.00069	0.00128	0.99803	0
452	A	0.00041	0.00101	0.99858	0
453	R	0.00040	0.00092	0.99868	0
454	S	0.00019	0.00075	0.99906	0
455	L	0.00001	2e-05	0.99997	0
456	S	0.00000	1e-05	0.99999	0
457	I	0.00000	0	1.00000	0
458	L	0.00000	0	1.00000	0
459	V	0.00000	0	1.00000	0
460	C	0.00000	0	1.00000	0
461	T	0.00000	0	1.00000	0
462	F	0.00000	0	1.00000	0
463	G	0.00000	0	1.00000	0
464	I	0.00000	0	1.00000	0
465	C	0.00000	0	1.00000	0
466	W	0.00000	0	0.99999	0
467	A	0.00008	0	0.99992	0
468	P	0.00040	1e-05	0.99960	0
469	Y	0.00290	0.0008	0.99630	0
470	T	0.03528	0.03899	0.92573	0
471	F	0.05045	0.38679	0.56276	0
472	L	0.05149	0.77532	0.17319	0
473	A	0.05641	0.58489	0.35870	0
474	S	0.05950	0.1701	0.77041	0
475	I	0.05972	0.00154	0.93874	0
476	R	0.06042	0.00158	0.93800	0
477	V	0.06042	0.0016	0.93798	0
478	A	0.06042	0.00167	0.93791	0
479	C	0.06042	0.00177	0.93781	0
480	S	0.06042	0.00178	0.93780	0
481	A	0.06042	0.00179	0.93779	0
482	S	0.06042	0.00179	0.93779	0
483	A	0.06042	0.00179	0.93779	0
484	F	0.06042	0.00179	0.93779	0
485	P	0.06042	0.00179	0.93779	0
486	Q	0.06042	0.00179	0.93779	0
487	A	0.06042	0.00179	0.93779	0
488	T	0.06042	0.00179	0.93779	0
489	G	0.06042	0.00179	0.93779	0
490	T	0.06042	0.00179	0.93779	0
491	I	0.06043	0.00179	0.93778	0
492	P	0.06691	0.00179	0.93131	0
493	D	0.83720	0.00179	0.16101	0
494	E	0.99821	0.00179	0.00000	0
495	R	0.99821	0.00179	0.00000	0
496	E	0.99821	0.00179	0.00000	0
497	S	0.99821	0.00163	0.00015	0
498	E	0.99821	0.00103	0.00075	0
499	K	0.99821	0.00035	0.00144	0
500	K	0.99821	0.00024	0.00155	0
501	R	0.99821	0.00022	0.00157	0
502	N	0.99821	0.00021	0.00158	0
503	N	0.99821	1e-05	0.00178	0
504	G	0.99821	1e-05	0.00178	0
505	P	0.99821	0	0.00179	0
506	A	0.99821	0	0.00179	0
507	K	0.99821	0	0.00179	0
508	P	0.99821	0	0.00179	0
509	E	0.99821	0	0.00179	0
510	L	0.99821	0	0.00179	0
511	F	0.99821	0	0.00179	0
512	P	0.99821	0	0.00179	0
513	E	0.99821	0	0.00179	0
514	Y	0.99821	0	0.00179	0
515	L	0.99821	0	0.00179	0
516	A	0.99821	0	0.00179	0
517	V	0.99821	0	0.00179	0
518	Y	0.99821	0	0.00179	0
519	C	0.99914	0	0.00086	0
520	Q	0.99971	0	0.00029	0
521	A	0.99974	0	0.00026	0
522	P	0.99981	0	0.00019	0
523	V	1.00000	0	0.00000	0
