# UNNAMED
#pos	aa	i	o	M	S
1	M	0.00000	0.99989	0.00000	0.00011
2	A	0.00000	0.99989	0.00000	0.00011
3	A	0.00000	0.99989	0.00000	0.00011
4	D	0.00000	0.99989	0.00000	0.00011
5	D	0.00000	0.99989	0.00000	0.00011
6	D	0.00000	0.99989	0.00000	0.00011
7	S	0.00000	0.99989	0.00000	0.0001
8	F	0.00000	0.99989	0.00000	0.00011
9	L	0.00000	0.99989	0.00000	0.00011
10	W	0.00000	0.99989	0.00000	0.00011
11	H	0.00000	0.99989	0.00000	0.00011
12	Q	0.00000	0.99989	0.00000	0.00011
13	N	0.00000	0.99989	0.00000	0.00011
14	S	0.00000	0.99989	0.00000	0.00011
15	T	0.00000	0.99989	0.00000	0.0001
16	V	0.00000	0.99989	0.00000	0.0001
17	S	0.00000	0.99989	0.00000	0.00011
18	R	0.00000	0.99989	0.00000	0.00011
19	E	0.00000	0.99989	0.00000	0.00011
20	T	0.00000	0.99989	0.00000	0.00011
21	I	0.00000	0.99989	0.00000	0.00011
22	S	0.00000	0.99989	0.00000	0.00011
23	A	0.00000	0.99999	0.00000	0
24	P	0.00000	1	0.00000	0
25	S	0.00000	1	0.00000	0
26	V	0.00000	1	0.00000	0
27	Q	0.00000	1	0.00000	0
28	L	0.00000	1	0.00000	0
29	C	0.00000	1	0.00000	0
30	Y	0.00000	1	0.00000	0
31	E	0.00000	1	0.00000	0
32	N	0.00000	1	0.00000	0
33	V	0.00000	1	0.00000	0
34	N	0.00000	1	0.00000	0
35	G	0.00000	1	0.00000	0
36	S	0.00000	1	0.00000	0
37	C	0.00000	1	0.00000	0
38	V	0.00000	1	0.00000	0
39	R	0.00000	1	0.00000	0
40	N	0.00000	1	0.00000	0
41	P	0.00000	1	0.00000	0
42	Y	0.00000	1	0.00000	0
43	S	0.00000	1	0.00000	0
44	P	0.00000	1	0.00000	0
45	G	0.00000	0.99998	0.00002	0
46	P	0.00000	0.99993	0.00007	0
47	R	0.00000	0.98959	0.01041	0
48	L	0.00000	0.55463	0.44537	0
49	I	0.00000	0.16602	0.83398	0
50	L	0.00000	0.05018	0.94982	0
51	Y	0.00000	0.0187	0.98130	0
52	A	0.00000	0.00457	0.99543	0
53	V	0.00000	0.0008	0.99920	0
54	F	0.00000	0.00014	0.99986	0
55	G	0.00000	4e-05	0.99996	0
56	F	0.00000	0	1.00000	0
57	G	0.00000	0	1.00000	0
58	A	0.00000	0	1.00000	0
59	V	0.00000	0	1.00000	0
60	L	0.00000	0	1.00000	0
61	A	0.00000	0	1.00000	0
62	V	0.00000	0	1.00000	0
63	C	0.00000	0	1.00000	0
64	G	0.00000	0	1.00000	0
65	N	0.00000	0	1.00000	0
66	L	0.00000	0	1.00000	0
67	L	0.00000	0	1.00000	0
68	V	0.00011	0	0.99989	0
69	M	0.00190	0	0.99810	0
70	M	0.02027	0	0.97973	0
71	S	0.15911	0	0.84089	0
72	I	0.19196	0	0.80804	0
73	L	0.44448	0	0.55552	0
74	H	0.86430	0	0.13570	0
75	F	0.92824	0	0.07176	0
76	R	0.99804	0	0.00196	0
77	Q	0.99999	0	0.00001	0
78	L	1.00000	0	0.00000	0
79	H	1.00000	0	0.00000	0
80	S	1.00000	0	0.00000	0
81	P	1.00000	0	0.00000	0
82	A	0.41494	0	0.58506	0
83	N	0.06083	0	0.93917	0
84	F	0.00673	0	0.99327	0
85	L	0.00009	0	0.99991	0
86	V	0.00001	0	0.99999	0
87	A	0.00000	0	1.00000	0
88	S	0.00000	0	1.00000	0
89	L	0.00000	0	1.00000	0
90	A	0.00000	0	1.00000	0
91	C	0.00000	0	1.00000	0
92	A	0.00000	0	1.00000	0
93	D	0.00000	0	1.00000	0
94	F	0.00000	0	1.00000	0
95	L	0.00000	0	1.00000	0
96	V	0.00000	0	1.00000	0
97	G	0.00000	0	1.00000	0
98	L	0.00000	0	1.00000	0
99	T	0.00000	0	1.00000	0
100	V	0.00000	5e-05	0.99995	0
101	M	0.00000	0.00247	0.99753	0
102	P	0.00000	0.0393	0.96070	0
103	F	0.00000	0.1074	0.89260	0
104	S	0.00000	0.68587	0.31413	0
105	T	0.00000	0.87058	0.12942	0
106	V	0.00000	0.92547	0.07453	0
107	R	0.00000	0.99999	0.00001	0
108	S	0.00000	0.99999	0.00001	0
109	V	0.00000	1	0.00000	0
110	E	0.00000	1	0.00000	0
111	S	0.00000	1	0.00000	0
112	C	0.00000	1	0.00000	0
113	W	0.00000	1	0.00000	0
114	Y	0.00000	1	0.00000	0
115	F	0.00000	1	0.00000	0
116	G	0.00000	1	0.00000	0
117	D	0.00000	1	0.00000	0
118	S	0.00000	1	0.00000	0
119	Y	0.00000	0.9999	0.00010	0
120	C	0.00000	0.99985	0.00015	0
121	K	0.00000	0.9998	0.00020	0
122	F	0.00000	0.99213	0.00787	0
123	H	0.00000	0.61446	0.38554	0
124	S	0.00000	0.41694	0.58306	0
125	C	0.00000	0.34153	0.65847	0
126	F	0.00000	0.00349	0.99651	0
127	D	0.00000	0.00273	0.99727	0
128	G	0.00000	0.00015	0.99985	0
129	S	0.00000	1e-05	0.99999	0
130	F	0.00000	0	1.00000	0
131	C	0.00000	0	1.00000	0
132	Y	0.00000	0	1.00000	0
133	S	0.00000	0	1.00000	0
134	S	0.00000	0	1.00000	0
135	F	0.00000	0	1.00000	0
136	F	0.00000	0	1.00000	0
137	H	0.00000	0	1.00000	0
138	L	0.00000	0	1.00000	0
139	C	0.00000	0	1.00000	0
140	F	0.00000	0	1.00000	0
141	I	0.00000	0	1.00000	0
142	S	0.00000	0	1.00000	0
143	V	0.00002	0	0.99998	0
144	D	0.00020	0	0.99980	0
145	R	0.20727	0	0.79273	0
146	Y	0.84065	0	0.15935	0
147	I	0.94266	0	0.05734	0
148	A	0.98065	0	0.01935	0
149	V	0.99999	0	0.00001	0
150	S	1.00000	0	0.00000	0
151	D	1.00000	0	0.00000	0
152	P	1.00000	0	0.00000	0
153	L	1.00000	0	0.00000	0
154	L	1.00000	0	0.00000	0
155	Y	1.00000	0	0.00000	0
156	P	1.00000	0	0.00000	0
157	T	1.00000	0	0.00000	0
158	R	0.99998	0	0.00002	0
159	F	0.99553	0	0.00447	0
160	T	0.99300	0	0.00700	0
161	A	0.98414	0	0.01586	0
162	S	0.82281	0	0.17719	0
163	V	0.40144	0	0.59856	0
164	S	0.37656	0	0.62344	0
165	G	0.24703	0	0.75297	0
166	K	0.19338	0	0.80662	0
167	C	0.00035	0	0.99965	0
168	I	0.00000	0	1.00000	0
169	A	0.00000	0	1.00000	0
170	F	0.00000	0	1.00000	0
171	S	0.00000	0	1.00000	0
172	W	0.00000	0	1.00000	0
173	L	0.00000	0	1.00000	0
174	L	0.00000	0	1.00000	0
175	S	0.00000	0	1.00000	0
176	I	0.00000	0	1.00000	0
177	I	0.00000	0	1.00000	0
178	Y	0.00000	2e-05	0.99998	0
179	S	0.00000	0.00027	0.99973	0
180	F	0.00000	0.00062	0.99938	0
181	S	0.00000	0.00442	0.99558	0
182	L	0.00000	0.01003	0.98997	0
183	L	0.00000	0.097	0.90300	0
184	Y	0.00000	0.28834	0.71166	0
185	T	0.00000	0.58687	0.41313	0
186	G	0.00000	0.71438	0.28562	0
187	A	0.00000	0.77907	0.22093	0
188	N	0.00000	0.98061	0.01939	0
189	E	0.00000	0.99986	0.00014	0
190	A	0.00000	0.99994	0.00006	0
191	G	0.00000	0.99999	0.00001	0
192	L	0.00000	1	0.00000	0
193	E	0.00000	1	0.00000	0
194	D	0.00000	1	0.00000	0
195	L	0.00000	1	0.00000	0
196	V	0.00000	1	0.00000	0
197	S	0.00000	1	0.00000	0
198	A	0.00000	1	0.00000	0
199	L	0.00000	1	0.00000	0
200	T	0.00000	1	0.00000	0
201	C	0.00000	1	0.00000	0
202	V	0.00000	1	0.00000	0
203	G	0.00000	1	0.00000	0
204	G	0.00000	1	0.00000	0
205	C	0.00000	0.9999	0.00010	0
206	Q	0.00000	0.99911	0.00089	0
207	V	0.00000	0.95677	0.04323	0
208	A	0.00000	0.95285	0.04715	0
209	V	0.00000	0.95119	0.04881	0
210	N	0.00000	0.95099	0.04901	0
211	Q	0.00000	0.94904	0.05096	0
212	S	0.00000	0.231	0.76900	0
213	W	0.00000	0.11226	0.88774	0
214	V	0.00000	0.03899	0.96101	0
215	F	0.00000	0.01052	0.98948	0
216	I	0.00000	0.00255	0.99745	0
217	N	0.00000	0.0017	0.99830	0
218	F	0.00000	0.00076	0.99924	0
219	L	0.00000	0	1.00000	0
220	L	0.00000	0	1.00000	0
221	F	0.00000	0	1.00000	0
222	F	0.00000	0	1.00000	0
223	I	0.00000	0	1.00000	0
224	P	0.00000	0	1.00000	0
225	T	0.00000	0	1.00000	0
226	L	0.00000	0	1.00000	0
227	V	0.00000	0	1.00000	0
228	M	0.00000	0	1.00000	0
229	I	0.00001	0	0.99999	0
230	T	0.00155	0	0.99845	0
231	V	0.00322	0	0.99678	0
232	Y	0.01090	0	0.98910	0
233	S	0.04764	0	0.95236	0
234	K	0.05876	0	0.94124	0
235	I	0.05970	0	0.94030	0
236	F	0.07537	0	0.92463	0
237	L	0.20507	0	0.79493	0
238	I	0.28753	0	0.71247	0
239	A	0.96798	0	0.03202	0
240	K	0.99935	0	0.00065	0
241	Q	0.99998	0	0.00002	0
242	Q	1.00000	0	0.00000	0
243	A	1.00000	0	0.00000	0
244	E	1.00000	0	0.00000	0
245	K	1.00000	0	0.00000	0
246	I	1.00000	0	0.00000	0
247	E	1.00000	0	0.00000	0
248	R	1.00000	0	0.00000	0
249	M	1.00000	0	0.00000	0
250	S	1.00000	0	0.00000	0
251	D	1.00000	0	0.00000	0
252	Q	1.00000	0	0.00000	0
253	T	1.00000	0	0.00000	0
254	A	1.00000	0	0.00000	0
255	R	1.00000	0	0.00000	0
256	A	1.00000	0	0.00000	0
257	S	1.00000	0	0.00000	0
258	D	1.00000	0	0.00000	0
259	R	1.00000	0	0.00000	0
260	Y	1.00000	0	0.00000	0
261	K	1.00000	0	0.00000	0
262	D	1.00000	0	0.00000	0
263	R	1.00000	0	0.00000	0
264	V	1.00000	0	0.00000	0
265	A	1.00000	0	0.00000	0
266	K	1.00000	0	0.00000	0
267	R	1.00000	0	0.00000	0
268	E	1.00000	0	0.00000	0
269	R	0.91308	0	0.08692	0
270	K	0.90929	0	0.09071	0
271	A	0.09725	0	0.90275	0
272	A	0.09643	0	0.90357	0
273	K	0.09320	0	0.90680	0
274	T	0.06788	0	0.93212	0
275	L	0.03836	0	0.96164	0
276	G	0.02242	0	0.97758	0
277	I	0.01327	0	0.98673	0
278	A	0.01302	0	0.98698	0
279	V	0.01279	0	0.98721	0
280	A	0.00036	0	0.99964	0
281	A	0.00016	0	0.99984	0
282	F	0.00001	0	0.99999	0
283	L	0.00000	0	1.00000	0
284	L	0.00000	0	1.00000	0
285	S	0.00000	0	1.00000	0
286	W	0.00000	0	1.00000	0
287	T	0.00000	0	1.00000	0
288	P	0.00000	5e-05	0.99995	0
289	Y	0.00000	0.00024	0.99976	0
290	F	0.00000	0.00186	0.99814	0
291	V	0.00000	0.07466	0.92534	0
292	D	0.00000	0.84985	0.15015	0
293	S	0.00000	0.85452	0.14548	0
294	I	0.00000	0.86218	0.13782	0
295	I	0.00000	0.87166	0.12834	0
296	D	0.00000	0.90298	0.09702	0
297	A	0.00000	0.90307	0.09693	0
298	F	0.00000	0.90367	0.09633	0
299	L	0.00000	0.90694	0.09306	0
300	G	0.00000	0.91907	0.08093	0
301	F	0.00000	0.92189	0.07811	0
302	I	0.00000	0.94893	0.05107	0
303	T	0.00000	0.98591	0.01409	0
304	P	0.00000	0.99649	0.00351	0
305	T	0.00000	0.99813	0.00187	0
306	Y	0.00000	0.99895	0.00105	0
307	V	0.00000	0.99852	0.00148	0
308	Y	0.00000	0.99841	0.00159	0
309	E	0.00000	0.86473	0.13527	0
310	I	0.00000	0.23483	0.76517	0
311	L	0.00000	0.07895	0.92105	0
312	T	0.00000	0.04068	0.95932	0
313	W	0.00000	0.00301	0.99699	0
314	I	0.00000	1e-05	0.99999	0
315	A	0.00000	0	1.00000	0
316	Y	0.00000	0	1.00000	0
317	Y	0.00000	0	1.00000	0
318	N	0.00000	0	1.00000	0
319	S	0.00000	0	1.00000	0
320	A	0.00000	0	1.00000	0
321	M	0.00000	0	1.00000	0
322	N	0.00000	0	1.00000	0
323	P	0.00000	0	1.00000	0
324	L	0.00000	0	1.00000	0
325	I	0.00000	0	1.00000	0
326	Y	0.00001	0	0.99999	0
327	A	0.00002	0	0.99998	0
328	F	0.00006	0	0.99994	0
329	F	0.00141	0	0.99859	0
330	Y	0.02574	0	0.97426	0
331	P	0.15897	0	0.84103	0
332	W	0.23136	0	0.76864	0
333	F	0.70862	0	0.29138	0
334	R	1.00000	0	0.00000	0
335	K	1.00000	0	0.00000	0
336	A	1.00000	0	0.00000	0
337	I	1.00000	0	0.00000	0
338	K	1.00000	0	0.00000	0
339	L	1.00000	0	0.00000	0
340	I	1.00000	0	0.00000	0
341	V	1.00000	0	0.00000	0
342	T	1.00000	0	0.00000	0
343	G	1.00000	0	0.00000	0
344	R	1.00000	0	0.00000	0
345	I	1.00000	0	0.00000	0
346	L	1.00000	0	0.00000	0
347	R	1.00000	0	0.00000	0
348	E	1.00000	0	0.00000	0
349	N	1.00000	0	0.00000	0
350	S	1.00000	0	0.00000	0
351	S	1.00000	0	0.00000	0
352	A	1.00000	0	0.00000	0
353	T	1.00000	0	0.00000	0
354	N	1.00000	0	0.00000	0
355	L	1.00000	0	0.00000	0
356	F	1.00000	0	0.00000	0
357	L	1.00000	0	0.00000	0
358	E	1.00000	0	0.00000	0
