# UNNAMED
#pos	aa	i	o	M	S
1	M	0.00000	1	0.00000	0
2	S	0.00000	1	0.00000	0
3	G	0.00000	1	0.00000	0
4	P	0.00000	1	0.00000	0
5	T	0.00000	1	0.00000	0
6	M	0.00000	1	0.00000	0
7	D	0.00000	1	0.00000	0
8	H	0.00000	1	0.00000	0
9	Q	0.00000	1	0.00000	0
10	E	0.00000	1	0.00000	0
11	P	0.00000	0.99986	0.00014	0
12	Y	0.00000	0.99892	0.00108	0
13	S	0.00000	0.99779	0.00221	0
14	V	0.00000	0.99068	0.00932	0
15	Q	0.00000	0.9863	0.01370	0
16	A	0.00000	0.89585	0.10415	0
17	T	0.00000	0.78417	0.21583	0
18	A	0.00000	0.65896	0.34104	0
19	A	0.00000	0.5327	0.46730	0
20	I	0.00000	0.25199	0.74801	0
21	A	0.00000	0.17361	0.82639	0
22	A	0.00000	0.07181	0.92819	0
23	A	0.00000	0.03288	0.96712	0
24	I	0.00000	0.00106	0.99894	0
25	T	0.00000	0.00019	0.99981	0
26	F	0.00000	1e-05	0.99999	0
27	L	0.00000	0	1.00000	0
28	I	0.00000	0	1.00000	0
29	L	0.00000	0	1.00000	0
30	F	0.00000	0	1.00000	0
31	T	0.00000	0	1.00000	0
32	I	0.00000	0	1.00000	0
33	F	0.00000	0	1.00000	0
34	G	0.00000	0	1.00000	0
35	N	0.00000	0	1.00000	0
36	A	0.00000	0	1.00000	0
37	L	0.00000	0	1.00000	0
38	V	0.00000	0	1.00000	0
39	I	0.00002	0	0.99998	0
40	L	0.00118	0	0.99882	0
41	A	0.03377	0	0.96623	0
42	V	0.11466	0	0.88534	0
43	L	0.37358	0	0.62642	0
44	T	0.94845	0	0.05155	0
45	S	0.99595	0	0.00405	0
46	R	0.99993	0	0.00007	0
47	S	1.00000	0	0.00000	0
48	L	1.00000	0	0.00000	0
49	R	1.00000	0	0.00000	0
50	A	1.00000	0	0.00000	0
51	P	1.00000	0	0.00000	0
52	Q	0.83549	0	0.16451	0
53	N	0.14316	0	0.85684	0
54	L	0.02273	0	0.97727	0
55	F	0.00019	0	0.99981	0
56	L	0.00000	0	1.00000	0
57	V	0.00000	0	1.00000	0
58	S	0.00000	0	1.00000	0
59	L	0.00000	0	1.00000	0
60	A	0.00000	0	1.00000	0
61	A	0.00000	0	1.00000	0
62	A	0.00000	0	1.00000	0
63	D	0.00000	0	1.00000	0
64	I	0.00000	0	1.00000	0
65	L	0.00000	0	1.00000	0
66	V	0.00000	0	1.00000	0
67	A	0.00000	0	1.00000	0
68	T	0.00000	0	1.00000	0
69	L	0.00000	0	1.00000	0
70	I	0.00000	0	1.00000	0
71	I	0.00000	0.00023	0.99977	0
72	P	0.00000	0.00409	0.99591	0
73	F	0.00000	0.04311	0.95689	0
74	S	0.00000	0.41616	0.58384	0
75	L	0.00000	0.56164	0.43836	0
76	A	0.00000	0.82901	0.17099	0
77	N	0.00000	0.99998	0.00002	0
78	E	0.00000	0.99999	0.00001	0
79	L	0.00000	0.99999	0.00001	0
80	L	0.00000	0.99999	0.00001	0
81	G	0.00000	1	0.00000	0
82	Y	0.00000	1	0.00000	0
83	W	0.00000	1	0.00000	0
84	Y	0.00000	1	0.00000	0
85	F	0.00000	1	0.00000	0
86	R	0.00000	1	0.00000	0
87	R	0.00000	1	0.00000	0
88	T	0.00000	1	0.00000	0
89	W	0.00000	1	0.00000	0
90	C	0.00000	1	0.00000	0
91	E	0.00000	1	0.00000	0
92	V	0.00000	0.99886	0.00114	0
93	Y	0.00000	0.84762	0.15238	0
94	L	0.00000	0.36201	0.63799	0
95	A	0.00000	0.2042	0.79580	0
96	L	0.00000	0.00387	0.99613	0
97	D	0.00000	0.00132	0.99868	0
98	V	0.00000	2e-05	0.99998	0
99	L	0.00000	0	1.00000	0
100	F	0.00000	0	1.00000	0
101	C	0.00000	0	1.00000	0
102	T	0.00000	0	1.00000	0
103	S	0.00000	0	1.00000	0
104	S	0.00000	0	1.00000	0
105	I	0.00000	0	1.00000	0
106	V	0.00000	0	1.00000	0
107	H	0.00000	0	1.00000	0
108	L	0.00000	0	1.00000	0
109	C	0.00000	0	1.00000	0
110	A	0.00000	0	1.00000	0
111	I	0.00000	0	1.00000	0
112	S	0.00000	0	1.00000	0
113	L	0.00000	0	1.00000	0
114	D	0.00000	0	1.00000	0
115	R	0.00468	0	0.99532	0
116	Y	0.03715	0	0.96285	0
117	W	0.08295	0	0.91705	0
118	A	0.78571	0	0.21429	0
119	V	1.00000	0	0.00000	0
120	S	1.00000	0	0.00000	0
121	R	1.00000	0	0.00000	0
122	A	1.00000	0	0.00000	0
123	L	1.00000	0	0.00000	0
124	E	1.00000	0	0.00000	0
125	Y	1.00000	0	0.00000	0
126	N	1.00000	0	0.00000	0
127	S	1.00000	0	0.00000	0
128	K	1.00000	0	0.00000	0
129	R	1.00000	0	0.00000	0
130	T	1.00000	0	0.00000	0
131	P	1.00000	0	0.00000	0
132	R	0.99976	0	0.00024	0
133	R	0.97229	0	0.02771	0
134	I	0.11815	0	0.88185	0
135	K	0.09259	0	0.90741	0
136	C	0.00012	0	0.99988	0
137	I	0.00000	0	1.00000	0
138	I	0.00000	0	1.00000	0
139	L	0.00000	0	1.00000	0
140	T	0.00000	0	1.00000	0
141	V	0.00000	0	1.00000	0
142	W	0.00000	0	1.00000	0
143	L	0.00000	0	1.00000	0
144	I	0.00000	0	1.00000	0
145	A	0.00000	0	1.00000	0
146	A	0.00000	0	1.00000	0
147	V	0.00000	0	1.00000	0
148	I	0.00000	0	1.00000	0
149	S	0.00000	0	1.00000	0
150	L	0.00000	0	1.00000	0
151	P	0.00000	1e-05	0.99999	0
152	P	0.00000	0.0001	0.99990	0
153	L	0.00000	0.00101	0.99899	0
154	I	0.00000	0.03915	0.96085	0
155	Y	0.00000	0.4809	0.51910	0
156	K	0.00000	0.98672	0.01328	0
157	G	0.00000	0.99652	0.00348	0
158	D	0.00000	1	0.00000	0
159	Q	0.00000	1	0.00000	0
160	G	0.00000	1	0.00000	0
161	P	0.00000	1	0.00000	0
162	Q	0.00000	1	0.00000	0
163	P	0.00000	1	0.00000	0
164	H	0.00000	1	0.00000	0
165	G	0.00000	1	0.00000	0
166	R	0.00000	1	0.00000	0
167	P	0.00000	1	0.00000	0
168	Q	0.00000	1	0.00000	0
169	C	0.00000	1	0.00000	0
170	K	0.00000	1	0.00000	0
171	L	0.00000	1	0.00000	0
172	N	0.00000	1	0.00000	0
173	Q	0.00000	0.99998	0.00002	0
174	E	0.00000	0.99985	0.00015	0
175	A	0.00000	0.95359	0.04641	0
176	W	0.00000	0.63264	0.36736	0
177	Y	0.00000	0.23734	0.76266	0
178	I	0.00000	0.21681	0.78319	0
179	L	0.00000	0.01452	0.98548	0
180	A	0.00000	0.00038	0.99962	0
181	S	0.00000	0.00023	0.99977	0
182	S	0.00000	0.00012	0.99988	0
183	I	0.00000	3e-05	0.99997	0
184	G	0.00000	0	1.00000	0
185	S	0.00000	0	1.00000	0
186	F	0.00000	0	1.00000	0
187	F	0.00000	0	1.00000	0
188	A	0.00000	0	1.00000	0
189	P	0.00000	0	1.00000	0
190	C	0.00000	0	1.00000	0
191	L	0.00000	0	1.00000	0
192	I	0.00000	0	1.00000	0
193	M	0.00000	0	1.00000	0
194	I	0.00000	0	1.00000	0
195	L	0.00000	0	1.00000	0
196	V	0.00000	0	1.00000	0
197	Y	0.00014	0	0.99986	0
198	L	0.00454	0	0.99546	0
199	R	0.07147	0	0.92853	0
200	I	0.07774	0	0.92226	0
201	Y	0.12077	0	0.87923	0
202	L	0.35726	0	0.64274	0
203	I	0.50635	0	0.49365	0
204	A	0.99639	0	0.00361	0
205	K	0.99994	0	0.00006	0
206	R	1.00000	0	0.00000	0
207	S	1.00000	0	0.00000	0
208	H	1.00000	0	0.00000	0
209	R	1.00000	0	0.00000	0
210	R	1.00000	0	0.00000	0
211	G	1.00000	0	0.00000	0
212	P	1.00000	0	0.00000	0
213	G	1.00000	0	0.00000	0
214	A	1.00000	0	0.00000	0
215	K	1.00000	0	0.00000	0
216	G	1.00000	0	0.00000	0
217	G	1.00000	0	0.00000	0
218	P	1.00000	0	0.00000	0
219	G	1.00000	0	0.00000	0
220	P	1.00000	0	0.00000	0
221	G	1.00000	0	0.00000	0
222	E	1.00000	0	0.00000	0
223	A	1.00000	0	0.00000	0
224	K	1.00000	0	0.00000	0
225	P	1.00000	0	0.00000	0
226	S	1.00000	0	0.00000	0
227	G	1.00000	0	0.00000	0
228	P	1.00000	0	0.00000	0
229	V	1.00000	0	0.00000	0
230	A	1.00000	0	0.00000	0
231	G	1.00000	0	0.00000	0
232	G	1.00000	0	0.00000	0
233	T	1.00000	0	0.00000	0
234	S	1.00000	0	0.00000	0
235	A	1.00000	0	0.00000	0
236	S	1.00000	0	0.00000	0
237	A	1.00000	0	0.00000	0
238	K	1.00000	0	0.00000	0
239	V	1.00000	0	0.00000	0
240	P	1.00000	0	0.00000	0
241	T	1.00000	0	0.00000	0
242	L	1.00000	0	0.00000	0
243	A	1.00000	0	0.00000	0
244	S	1.00000	0	0.00000	0
245	P	1.00000	0	0.00000	0
246	L	1.00000	0	0.00000	0
247	S	1.00000	0	0.00000	0
248	S	1.00000	0	0.00000	0
249	T	1.00000	0	0.00000	0
250	G	1.00000	0	0.00000	0
251	E	1.00000	0	0.00000	0
252	A	1.00000	0	0.00000	0
253	N	1.00000	0	0.00000	0
254	G	1.00000	0	0.00000	0
255	H	1.00000	0	0.00000	0
256	P	1.00000	0	0.00000	0
257	K	1.00000	0	0.00000	0
258	P	1.00000	0	0.00000	0
259	T	1.00000	0	0.00000	0
260	G	1.00000	0	0.00000	0
261	E	1.00000	0	0.00000	0
262	K	1.00000	0	0.00000	0
263	E	1.00000	0	0.00000	0
264	E	1.00000	0	0.00000	0
265	G	1.00000	0	0.00000	0
266	E	1.00000	0	0.00000	0
267	A	1.00000	0	0.00000	0
268	P	1.00000	0	0.00000	0
269	E	1.00000	0	0.00000	0
270	E	1.00000	0	0.00000	0
271	P	1.00000	0	0.00000	0
272	G	1.00000	0	0.00000	0
273	S	1.00000	0	0.00000	0
274	R	1.00000	0	0.00000	0
275	A	1.00000	0	0.00000	0
276	L	1.00000	0	0.00000	0
277	P	1.00000	0	0.00000	0
278	P	1.00000	0	0.00000	0
279	S	1.00000	0	0.00000	0
280	W	1.00000	0	0.00000	0
281	T	1.00000	0	0.00000	0
282	A	1.00000	0	0.00000	0
283	L	1.00000	0	0.00000	0
284	P	1.00000	0	0.00000	0
285	K	1.00000	0	0.00000	0
286	A	1.00000	0	0.00000	0
287	D	1.00000	0	0.00000	0
288	Q	1.00000	0	0.00000	0
289	S	1.00000	0	0.00000	0
290	Q	1.00000	0	0.00000	0
291	K	1.00000	0	0.00000	0
292	R	1.00000	0	0.00000	0
293	D	1.00000	0	0.00000	0
294	L	1.00000	0	0.00000	0
295	C	1.00000	0	0.00000	0
296	G	1.00000	0	0.00000	0
297	A	1.00000	0	0.00000	0
298	S	1.00000	0	0.00000	0
299	P	1.00000	0	0.00000	0
300	E	1.00000	0	0.00000	0
301	E	1.00000	0	0.00000	0
302	D	1.00000	0	0.00000	0
303	A	1.00000	0	0.00000	0
304	E	1.00000	0	0.00000	0
305	E	1.00000	0	0.00000	0
306	E	1.00000	0	0.00000	0
307	E	1.00000	0	0.00000	0
308	E	1.00000	0	0.00000	0
309	C	1.00000	0	0.00000	0
310	D	1.00000	0	0.00000	0
311	P	1.00000	0	0.00000	0
312	Q	1.00000	0	0.00000	0
313	S	1.00000	0	0.00000	0
314	V	1.00000	0	0.00000	0
315	P	1.00000	0	0.00000	0
316	A	1.00000	0	0.00000	0
317	S	1.00000	0	0.00000	0
318	S	1.00000	0	0.00000	0
319	A	1.00000	0	0.00000	0
320	S	1.00000	0	0.00000	0
321	V	1.00000	0	0.00000	0
322	C	1.00000	0	0.00000	0
323	S	1.00000	0	0.00000	0
324	P	1.00000	0	0.00000	0
325	P	1.00000	0	0.00000	0
326	L	1.00000	0	0.00000	0
327	Q	1.00000	0	0.00000	0
328	K	1.00000	0	0.00000	0
329	P	1.00000	0	0.00000	0
330	Q	1.00000	0	0.00000	0
331	G	1.00000	0	0.00000	0
332	S	1.00000	0	0.00000	0
333	R	1.00000	0	0.00000	0
334	V	1.00000	0	0.00000	0
335	L	1.00000	0	0.00000	0
336	A	1.00000	0	0.00000	0
337	T	1.00000	0	0.00000	0
338	L	1.00000	0	0.00000	0
339	R	1.00000	0	0.00000	0
340	G	1.00000	0	0.00000	0
341	Q	1.00000	0	0.00000	0
342	V	1.00000	0	0.00000	0
343	L	1.00000	0	0.00000	0
344	L	1.00000	0	0.00000	0
345	G	1.00000	0	0.00000	0
346	R	1.00000	0	0.00000	0
347	G	1.00000	0	0.00000	0
348	A	1.00000	0	0.00000	0
349	G	1.00000	0	0.00000	0
350	A	1.00000	0	0.00000	0
351	M	1.00000	0	0.00000	0
352	G	1.00000	0	0.00000	0
353	G	1.00000	0	0.00000	0
354	Q	1.00000	0	0.00000	0
355	W	1.00000	0	0.00000	0
356	W	1.00000	0	0.00000	0
357	R	1.00000	0	0.00000	0
358	R	1.00000	0	0.00000	0
359	R	1.00000	0	0.00000	0
360	A	1.00000	0	0.00000	0
361	Q	1.00000	0	0.00000	0
362	L	1.00000	0	0.00000	0
363	T	1.00000	0	0.00000	0
364	R	1.00000	0	0.00000	0
365	E	1.00000	0	0.00000	0
366	K	0.96108	0	0.03892	0
367	R	0.95950	0	0.04050	0
368	F	0.66129	0	0.33871	0
369	T	0.40338	0	0.59662	0
370	F	0.07681	0	0.92319	0
371	V	0.07282	0	0.92718	0
372	L	0.00107	0	0.99893	0
373	A	0.00003	0	0.99997	0
374	V	0.00002	0	0.99998	0
375	V	0.00000	0	1.00000	0
376	I	0.00000	0	1.00000	0
377	G	0.00000	0	1.00000	0
378	V	0.00000	0	1.00000	0
379	F	0.00000	0	1.00000	0
380	V	0.00000	0	1.00000	0
381	L	0.00000	0	1.00000	0
382	C	0.00000	0	1.00000	0
383	W	0.00000	0	1.00000	0
384	F	0.00000	0	1.00000	0
385	P	0.00000	0	1.00000	0
386	F	0.00000	0	1.00000	0
387	F	0.00000	1e-05	0.99999	0
388	F	0.00000	0.00164	0.99836	0
389	S	0.00000	0.02462	0.97538	0
390	Y	0.00000	0.04794	0.95206	0
391	S	0.00000	0.15048	0.84952	0
392	L	0.00000	0.21412	0.78588	0
393	G	0.00000	0.50943	0.49057	0
394	A	0.00000	0.58871	0.41129	0
395	I	0.00000	0.8152	0.18480	0
396	C	0.00000	0.97996	0.02004	0
397	P	0.00000	0.99657	0.00343	0
398	Q	0.00000	0.99942	0.00058	0
399	H	0.00000	0.99994	0.00006	0
400	C	0.00000	1	0.00000	0
401	K	0.00000	1	0.00000	0
402	V	0.00000	0.99998	0.00002	0
403	P	0.00000	0.99997	0.00003	0
404	H	0.00000	0.99966	0.00034	0
405	G	0.00000	0.99784	0.00216	0
406	L	0.00000	0.96249	0.03751	0
407	F	0.00000	0.95288	0.04712	0
408	Q	0.00000	0.64326	0.35674	0
409	F	0.00000	0.00692	0.99308	0
410	F	0.00000	0.00032	0.99968	0
411	F	0.00000	0	1.00000	0
412	W	0.00000	0	1.00000	0
413	I	0.00000	0	1.00000	0
414	G	0.00000	0	1.00000	0
415	Y	0.00000	0	1.00000	0
416	C	0.00000	0	1.00000	0
417	N	0.00000	0	1.00000	0
418	S	0.00000	0	1.00000	0
419	S	0.00000	0	1.00000	0
420	L	0.00000	0	1.00000	0
421	N	0.00000	0	1.00000	0
422	P	0.00000	0	1.00000	0
423	V	0.00000	0	1.00000	0
424	I	0.00000	0	1.00000	0
425	Y	0.00000	0	1.00000	0
426	T	0.00002	0	0.99998	0
427	I	0.00073	0	0.99927	0
428	F	0.04538	0	0.95462	0
429	N	0.27892	0	0.72108	0
430	Q	0.99436	0	0.00564	0
431	D	0.99956	0	0.00044	0
432	F	0.99984	0	0.00016	0
433	R	1.00000	0	0.00000	0
434	R	1.00000	0	0.00000	0
435	A	1.00000	0	0.00000	0
436	F	1.00000	0	0.00000	0
437	R	1.00000	0	0.00000	0
438	R	1.00000	0	0.00000	0
439	I	1.00000	0	0.00000	0
440	L	1.00000	0	0.00000	0
441	C	1.00000	0	0.00000	0
442	R	1.00000	0	0.00000	0
443	Q	1.00000	0	0.00000	0
444	W	1.00000	0	0.00000	0
445	T	1.00000	0	0.00000	0
446	Q	1.00000	0	0.00000	0
447	T	1.00000	0	0.00000	0
448	A	1.00000	0	0.00000	0
449	W	1.00000	0	0.00000	0
