# UNNAMED
#pos	aa	i	o	M	S
1	M	0.00000	0.99997	0.00000	3e-05
2	G	0.00000	0.99997	0.00000	3e-05
3	D	0.00000	0.99997	0.00000	3e-05
4	G	0.00000	0.99997	0.00000	3e-05
5	D	0.00000	0.99997	0.00000	3e-05
6	P	0.00000	0.99997	0.00000	3e-05
7	S	0.00000	0.99997	0.00000	3e-05
8	S	0.00000	0.99997	0.00000	3e-05
9	P	0.00000	0.99997	0.00000	3e-05
10	V	0.00000	0.99997	0.00000	3e-05
11	N	0.00000	0.99997	0.00000	3e-05
12	L	0.00000	0.99997	0.00000	3e-05
13	Q	0.00000	0.99997	0.00000	3e-05
14	N	0.00000	0.99997	0.00000	3e-05
15	S	0.00000	0.99997	0.00000	3e-05
16	S	0.00000	0.99997	0.00000	3e-05
17	A	0.00000	0.99997	0.00000	3e-05
18	S	0.00000	1	0.00000	0
19	D	0.00000	1	0.00000	0
20	A	0.00000	1	0.00000	0
21	P	0.00000	1	0.00000	0
22	D	0.00000	1	0.00000	0
23	S	0.00000	1	0.00000	0
24	A	0.00000	0.99998	0.00002	0
25	A	0.00000	0.99779	0.00220	0
26	S	0.00000	0.9952	0.00480	0
27	E	0.00000	0.98042	0.01958	0
28	H	0.00000	0.87735	0.12265	0
29	W	0.00000	0.72622	0.27378	0
30	L	0.00000	0.70512	0.29488	0
31	A	0.00000	0.6921	0.30790	0
32	C	0.00000	0.67551	0.32449	0
33	M	0.00000	0.58684	0.41316	0
34	S	0.00000	0.45981	0.54019	0
35	L	0.00000	0.22483	0.77517	0
36	V	0.00000	0.04628	0.95372	0
37	M	0.00000	0.01777	0.98223	0
38	G	0.00000	0.00396	0.99604	0
39	L	0.00000	0.00017	0.99983	0
40	I	0.00000	0	1.00000	0
41	V	0.00000	0	1.00000	0
42	L	0.00000	0	1.00000	0
43	F	0.00000	0	1.00000	0
44	I	0.00000	0	1.00000	0
45	V	0.00000	0	1.00000	0
46	F	0.00000	0	1.00000	0
47	G	0.00000	0	1.00000	0
48	N	0.00000	0	1.00000	0
49	I	0.00000	0	1.00000	0
50	L	0.00000	0	1.00000	0
51	V	0.00001	0	0.99999	0
52	I	0.00005	0	0.99995	0
53	V	0.00204	0	0.99796	0
54	A	0.03831	0	0.96169	0
55	I	0.07713	0	0.92287	0
56	A	0.47348	0	0.52652	0
57	K	0.98898	0	0.01102	0
58	T	0.99854	0	0.00146	0
59	Q	0.99996	0	0.00004	0
60	R	1.00000	0	0.00000	0
61	L	0.99996	0	0.00004	0
62	Q	0.99975	0	0.00025	0
63	T	0.99720	0	0.00280	0
64	L	0.91478	0	0.08522	0
65	T	0.82561	0	0.17439	0
66	N	0.21086	0	0.78914	0
67	V	0.09780	0	0.90220	0
68	F	0.00080	0	0.99920	0
69	I	0.00000	0	1.00000	0
70	V	0.00000	0	1.00000	0
71	S	0.00000	0	1.00000	0
72	L	0.00000	0	1.00000	0
73	A	0.00000	0	1.00000	0
74	S	0.00000	0	1.00000	0
75	A	0.00000	0	1.00000	0
76	D	0.00000	0	1.00000	0
77	L	0.00000	0	1.00000	0
78	I	0.00000	0	1.00000	0
79	M	0.00000	0	1.00000	0
80	G	0.00000	0	1.00000	0
81	L	0.00000	0	1.00000	0
82	L	0.00000	1e-05	0.99999	0
83	V	0.00000	0.00023	0.99977	0
84	V	0.00000	0.00197	0.99803	0
85	P	0.00000	0.01216	0.98784	0
86	F	0.00000	0.03172	0.96828	0
87	G	0.00000	0.21709	0.78291	0
88	A	0.00000	0.50832	0.49168	0
89	A	0.00000	0.78434	0.21566	0
90	L	0.00000	0.99953	0.00047	0
91	E	0.00000	0.99997	0.00003	0
92	V	0.00000	0.99999	0.00001	0
93	R	0.00000	1	0.00000	0
94	G	0.00000	1	0.00000	0
95	S	0.00000	1	0.00000	0
96	W	0.00000	1	0.00000	0
97	Q	0.00000	1	0.00000	0
98	Y	0.00000	1	0.00000	0
99	G	0.00000	1	0.00000	0
100	S	0.00000	1	0.00000	0
101	F	0.00000	1	0.00000	0
102	F	0.00000	1	0.00000	0
103	C	0.00000	1	0.00000	0
104	E	0.00000	1	0.00000	0
105	F	0.00000	0.99791	0.00209	0
106	W	0.00000	0.8626	0.13740	0
107	I	0.00000	0.13843	0.86157	0
108	S	0.00000	0.01755	0.98245	0
109	V	0.00000	0.00372	0.99628	0
110	D	0.00000	0.00074	0.99926	0
111	V	0.00000	1e-05	0.99999	0
112	L	0.00000	0	1.00000	0
113	C	0.00000	0	1.00000	0
114	V	0.00000	0	1.00000	0
115	T	0.00000	0	1.00000	0
116	A	0.00000	0	1.00000	0
117	S	0.00000	0	1.00000	0
118	I	0.00000	0	1.00000	0
119	E	0.00000	0	1.00000	0
120	T	0.00000	0	1.00000	0
121	L	0.00000	0	1.00000	0
122	C	0.00000	0	1.00000	0
123	V	0.00000	0	1.00000	0
124	I	0.00000	0	1.00000	0
125	A	0.00000	0	1.00000	0
126	I	0.00000	0	1.00000	0
127	D	0.00001	0	0.99999	0
128	R	0.05163	0	0.94837	0
129	Y	0.32438	0	0.67562	0
130	V	0.91464	0	0.08536	0
131	A	0.99250	0	0.00750	0
132	I	0.99999	0	0.00001	0
133	T	1.00000	0	0.00000	0
134	S	1.00000	0	0.00000	0
135	P	1.00000	0	0.00000	0
136	F	1.00000	0	0.00000	0
137	R	1.00000	0	0.00000	0
138	Y	1.00000	0	0.00000	0
139	Q	1.00000	0	0.00000	0
140	S	1.00000	0	0.00000	0
141	L	1.00000	0	0.00000	0
142	L	1.00000	0	0.00000	0
143	T	1.00000	0	0.00000	0
144	K	1.00000	0	0.00000	0
145	A	0.99968	0	0.00032	0
146	R	0.99906	0	0.00094	0
147	A	0.94171	0	0.05829	0
148	K	0.88682	0	0.11318	0
149	A	0.15344	0	0.84656	0
150	M	0.03424	0	0.96576	0
151	V	0.00018	0	0.99982	0
152	C	0.00000	0	1.00000	0
153	A	0.00000	0	1.00000	0
154	V	0.00000	0	1.00000	0
155	W	0.00000	0	1.00000	0
156	A	0.00000	0	1.00000	0
157	I	0.00000	0	1.00000	0
158	S	0.00000	0	1.00000	0
159	A	0.00000	0	1.00000	0
160	L	0.00000	0	1.00000	0
161	V	0.00000	0	1.00000	0
162	S	0.00000	0	1.00000	0
163	F	0.00000	0	1.00000	0
164	L	0.00000	0	1.00000	0
165	P	0.00000	1e-05	0.99999	0
166	I	0.00000	3e-05	0.99997	0
167	L	0.00000	0.00059	0.99941	0
168	M	0.00000	0.01354	0.98646	0
169	H	0.00000	0.26259	0.73741	0
170	W	0.00000	0.43602	0.56398	0
171	S	0.00000	0.86362	0.13638	0
172	R	0.00000	0.99736	0.00264	0
173	D	0.00000	1	0.00000	0
174	S	0.00000	1	0.00000	0
175	V	0.00000	1	0.00000	0
176	H	0.00000	1	0.00000	0
177	T	0.00000	1	0.00000	0
178	A	0.00000	1	0.00000	0
179	C	0.00000	1	0.00000	0
180	Y	0.00000	1	0.00000	0
181	E	0.00000	1	0.00000	0
182	D	0.00000	1	0.00000	0
183	P	0.00000	1	0.00000	0
184	K	0.00000	1	0.00000	0
185	C	0.00000	1	0.00000	0
186	C	0.00000	1	0.00000	0
187	D	0.00000	0.99999	0.00001	0
188	F	0.00000	0.99995	0.00005	0
189	I	0.00000	0.99984	0.00016	0
190	T	0.00000	0.99977	0.00023	0
191	N	0.00000	0.9997	0.00030	0
192	K	0.00000	0.98724	0.01276	0
193	A	0.00000	0.23805	0.76195	0
194	Y	0.00000	0.00968	0.99032	0
195	A	0.00000	0.00351	0.99649	0
196	I	0.00000	0.00221	0.99779	0
197	S	0.00000	5e-05	0.99995	0
198	S	0.00000	3e-05	0.99997	0
199	S	0.00000	0	1.00000	0
200	I	0.00000	0	1.00000	0
201	I	0.00000	0	1.00000	0
202	S	0.00000	0	1.00000	0
203	F	0.00000	0	1.00000	0
204	Y	0.00000	0	1.00000	0
205	I	0.00000	0	1.00000	0
206	P	0.00000	0	1.00000	0
207	L	0.00000	0	1.00000	0
208	V	0.00000	0	1.00000	0
209	V	0.00000	0	1.00000	0
210	M	0.00000	0	1.00000	0
211	I	0.00000	0	1.00000	0
212	F	0.00000	0	1.00000	0
213	V	0.00002	0	0.99998	0
214	Y	0.00131	0	0.99869	0
215	A	0.06048	0	0.93952	0
216	R	0.29140	0	0.70860	0
217	V	0.31261	0	0.68739	0
218	Y	0.43268	0	0.56732	0
219	R	0.99597	0	0.00403	0
220	E	0.99995	0	0.00005	0
221	A	1.00000	0	0.00000	0
222	K	1.00000	0	0.00000	0
223	L	1.00000	0	0.00000	0
224	Q	1.00000	0	0.00000	0
225	L	1.00000	0	0.00000	0
226	R	1.00000	0	0.00000	0
227	K	1.00000	0	0.00000	0
228	I	1.00000	0	0.00000	0
229	D	1.00000	0	0.00000	0
230	K	1.00000	0	0.00000	0
231	C	1.00000	0	0.00000	0
232	E	1.00000	0	0.00000	0
233	G	1.00000	0	0.00000	0
234	R	1.00000	0	0.00000	0
235	F	1.00000	0	0.00000	0
236	H	1.00000	0	0.00000	0
237	N	1.00000	0	0.00000	0
238	T	1.00000	0	0.00000	0
239	L	1.00000	0	0.00000	0
240	T	1.00000	0	0.00000	0
241	G	1.00000	0	0.00000	0
242	L	1.00000	0	0.00000	0
243	T	1.00000	0	0.00000	0
244	S	1.00000	0	0.00000	0
245	K	1.00000	0	0.00000	0
246	C	1.00000	0	0.00000	0
247	K	1.00000	0	0.00000	0
248	K	1.00000	0	0.00000	0
249	R	1.00000	0	0.00000	0
250	P	1.00000	0	0.00000	0
251	S	1.00000	0	0.00000	0
252	K	1.00000	0	0.00000	0
253	I	1.00000	0	0.00000	0
254	L	1.00000	0	0.00000	0
255	A	1.00000	0	0.00000	0
256	L	1.00000	0	0.00000	0
257	R	1.00000	0	0.00000	0
258	E	1.00000	0	0.00000	0
259	Q	0.99594	0	0.00406	0
260	K	0.99480	0	0.00520	0
261	A	0.37072	0	0.62928	0
262	L	0.36841	0	0.63159	0
263	K	0.36782	0	0.63218	0
264	T	0.31656	0	0.68344	0
265	L	0.00940	0	0.99060	0
266	G	0.00190	0	0.99810	0
267	I	0.00099	0	0.99901	0
268	I	0.00003	0	0.99997	0
269	M	0.00003	0	0.99997	0
270	G	0.00000	0	1.00000	0
271	T	0.00000	0	1.00000	0
272	F	0.00000	0	1.00000	0
273	T	0.00000	0	1.00000	0
274	L	0.00000	0	1.00000	0
275	C	0.00000	0	1.00000	0
276	W	0.00000	0	1.00000	0
277	L	0.00000	0	1.00000	0
278	P	0.00000	0	1.00000	0
279	F	0.00000	0	1.00000	0
280	F	0.00000	0	1.00000	0
281	I	0.00000	0.0011	0.99890	0
282	V	0.00000	0.01854	0.98146	0
283	N	0.00000	0.12339	0.87661	0
284	V	0.00000	0.16823	0.83177	0
285	V	0.00000	0.29192	0.70808	0
286	R	0.00000	0.58243	0.41757	0
287	V	0.00000	0.59886	0.40114	0
288	F	0.00000	0.64437	0.35563	0
289	S	0.00000	0.80399	0.19601	0
290	A	0.00000	0.86978	0.13022	0
291	A	0.00000	0.99031	0.00969	0
292	T	0.00000	0.99647	0.00353	0
293	V	0.00000	0.99827	0.00173	0
294	D	0.00000	0.99988	0.00012	0
295	K	0.00000	0.99633	0.00367	0
296	D	0.00000	0.96966	0.03034	0
297	L	0.00000	0.24295	0.75705	0
298	F	0.00000	0.19853	0.80147	0
299	V	0.00000	0.00154	0.99846	0
300	F	0.00000	0	1.00000	0
301	L	0.00000	0	1.00000	0
302	N	0.00000	0	1.00000	0
303	W	0.00000	0	1.00000	0
304	L	0.00000	0	1.00000	0
305	G	0.00000	0	1.00000	0
306	Y	0.00000	0	1.00000	0
307	V	0.00000	0	1.00000	0
308	N	0.00000	0	1.00000	0
309	S	0.00000	0	1.00000	0
310	A	0.00000	0	1.00000	0
311	F	0.00000	0	1.00000	0
312	N	0.00000	0	1.00000	0
313	P	0.00000	0	1.00000	0
314	I	0.00000	0	1.00000	0
315	I	0.00000	0	1.00000	0
316	Y	0.00063	0	0.99937	0
317	C	0.02208	0	0.97792	0
318	R	1.00000	0	0.00000	0
319	S	1.00000	0	0.00000	0
320	P	1.00000	0	0.00000	0
321	D	1.00000	0	0.00000	0
322	F	1.00000	0	0.00000	0
323	R	1.00000	0	0.00000	0
324	K	1.00000	0	0.00000	0
325	A	1.00000	0	0.00000	0
326	F	1.00000	0	0.00000	0
327	K	1.00000	0	0.00000	0
328	R	1.00000	0	0.00000	0
329	L	1.00000	0	0.00000	0
330	L	1.00000	0	0.00000	0
331	C	1.00000	0	0.00000	0
332	C	1.00000	0	0.00000	0
333	P	1.00000	0	0.00000	0
334	R	1.00000	0	0.00000	0
335	Q	1.00000	0	0.00000	0
336	A	1.00000	0	0.00000	0
337	D	1.00000	0	0.00000	0
338	R	1.00000	0	0.00000	0
339	R	1.00000	0	0.00000	0
340	L	1.00000	0	0.00000	0
341	H	1.00000	0	0.00000	0
342	I	1.00000	0	0.00000	0
343	S	1.00000	0	0.00000	0
344	S	1.00000	0	0.00000	0
345	C	1.00000	0	0.00000	0
346	D	1.00000	0	0.00000	0
347	L	1.00000	0	0.00000	0
348	S	1.00000	0	0.00000	0
349	R	1.00000	0	0.00000	0
350	C	1.00000	0	0.00000	0
351	S	1.00000	0	0.00000	0
352	G	1.00000	0	0.00000	0
353	G	1.00000	0	0.00000	0
354	F	1.00000	0	0.00000	0
355	V	1.00000	0	0.00000	0
356	S	1.00000	0	0.00000	0
357	P	1.00000	0	0.00000	0
358	L	1.00000	0	0.00000	0
359	E	1.00000	0	0.00000	0
360	N	1.00000	0	0.00000	0
361	G	1.00000	0	0.00000	0
362	T	1.00000	0	0.00000	0
363	L	1.00000	0	0.00000	0
364	G	1.00000	0	0.00000	0
365	M	1.00000	0	0.00000	0
366	W	1.00000	0	0.00000	0
367	S	1.00000	0	0.00000	0
368	D	1.00000	0	0.00000	0
369	C	1.00000	0	0.00000	0
370	A	1.00000	0	0.00000	0
371	A	1.00000	0	0.00000	0
372	L	1.00000	0	0.00000	0
373	D	1.00000	0	0.00000	0
374	N	1.00000	0	0.00000	0
375	S	1.00000	0	0.00000	0
376	D	1.00000	0	0.00000	0
377	S	1.00000	0	0.00000	0
378	S	1.00000	0	0.00000	0
379	L	1.00000	0	0.00000	0
380	V	1.00000	0	0.00000	0
381	G	1.00000	0	0.00000	0
382	T	1.00000	0	0.00000	0
383	A	1.00000	0	0.00000	0
384	K	1.00000	0	0.00000	0
385	R	1.00000	0	0.00000	0
386	S	1.00000	0	0.00000	0
387	H	1.00000	0	0.00000	0
388	S	1.00000	0	0.00000	0
389	E	1.00000	0	0.00000	0
390	S	1.00000	0	0.00000	0
391	T	1.00000	0	0.00000	0
392	M	1.00000	0	0.00000	0
