# UNNAMED
#pos	aa	i	o	M	S
1	M	0.00000	0.99955	0.00000	0.00045
2	E	0.00000	0.99955	0.00000	0.00044
3	V	0.00000	0.99955	0.00000	0.00044
4	T	0.00000	0.99955	0.00000	0.00045
5	S	0.00000	0.99955	0.00000	0.00044
6	F	0.00000	0.99955	0.00000	0.00045
7	V	0.00000	0.99955	0.00000	0.00045
8	P	0.00000	0.99955	0.00000	0.00045
9	T	0.00000	0.99955	0.00000	0.00044
10	A	0.00000	0.99955	0.00000	0.00044
11	F	0.00000	0.99955	0.00000	0.00044
12	Y	0.00000	0.99955	0.00000	0.00044
13	N	0.00000	0.99955	0.00000	0.00045
14	G	0.00000	0.99955	0.00000	0.00045
15	S	0.00000	0.99955	0.00000	0.00045
16	E	0.00000	0.99962	0.00000	0.00038
17	E	0.00000	0.99995	0.00000	5e-05
18	T	0.00000	1	0.00000	0
19	D	0.00000	1	0.00000	0
20	Q	0.00000	1	0.00000	0
21	P	0.00000	1	0.00000	0
22	Q	0.00000	1	0.00000	0
23	L	0.00000	1	0.00000	0
24	N	0.00000	1	0.00000	0
25	V	0.00000	0.99935	0.00065	0
26	W	0.00000	0.99899	0.00101	0
27	P	0.00000	0.99888	0.00112	0
28	Y	0.00000	0.99868	0.00132	0
29	T	0.00000	0.99866	0.00134	0
30	A	0.00000	0.99861	0.00139	0
31	L	0.00000	0.99856	0.00144	0
32	E	0.00000	0.99844	0.00156	0
33	C	0.00000	0.98581	0.01419	0
34	T	0.00000	0.66	0.34000	0
35	L	0.00000	0.33741	0.66259	0
36	I	0.00000	0.0547	0.94530	0
37	I	0.00000	0.00381	0.99619	0
38	I	0.00000	0.00108	0.99892	0
39	A	0.00000	0.00051	0.99949	0
40	V	0.00000	3e-05	0.99997	0
41	V	0.00000	0	1.00000	0
42	S	0.00000	0	1.00000	0
43	I	0.00000	0	1.00000	0
44	I	0.00000	0	1.00000	0
45	L	0.00000	0	1.00000	0
46	S	0.00000	0	1.00000	0
47	T	0.00000	0	1.00000	0
48	V	0.00000	0	1.00000	0
49	L	0.00000	0	1.00000	0
50	G	0.00000	0	1.00000	0
51	N	0.00000	0	1.00000	0
52	I	0.00000	0	1.00000	0
53	L	0.00000	0	1.00000	0
54	V	0.00000	0	1.00000	0
55	V	0.00001	0	0.99999	0
56	L	0.00043	0	0.99957	0
57	A	0.01494	0	0.98506	0
58	I	0.03481	0	0.96519	0
59	F	0.21495	0	0.78505	0
60	T	0.93081	0	0.06919	0
61	S	0.99572	0	0.00428	0
62	R	0.99994	0	0.00006	0
63	A	0.99999	0	0.00001	0
64	L	1.00000	0	0.00000	0
65	R	1.00000	0	0.00000	0
66	A	1.00000	0	0.00000	0
67	P	1.00000	0	0.00000	0
68	Q	0.84659	0	0.15341	0
69	N	0.15320	0	0.84680	0
70	L	0.02527	0	0.97473	0
71	F	0.00022	0	0.99978	0
72	L	0.00000	0	1.00000	0
73	V	0.00000	0	1.00000	0
74	S	0.00000	0	1.00000	0
75	L	0.00000	0	1.00000	0
76	A	0.00000	0	1.00000	0
77	S	0.00000	0	1.00000	0
78	A	0.00000	0	1.00000	0
79	D	0.00000	0	1.00000	0
80	I	0.00000	0	1.00000	0
81	L	0.00000	0	1.00000	0
82	V	0.00000	0	1.00000	0
83	G	0.00000	0	1.00000	0
84	A	0.00000	0	1.00000	0
85	L	0.00000	0	1.00000	0
86	I	0.00000	1e-05	0.99999	0
87	I	0.00000	0.00067	0.99933	0
88	P	0.00000	0.01222	0.98778	0
89	F	0.00000	0.04082	0.95918	0
90	S	0.00000	0.41215	0.58785	0
91	L	0.00000	0.55791	0.44209	0
92	A	0.00000	0.82714	0.17286	0
93	R	0.00000	0.99995	0.00005	0
94	E	0.00000	0.99997	0.00003	0
95	V	0.00000	0.99997	0.00003	0
96	M	0.00000	0.99998	0.00002	0
97	G	0.00000	0.99999	0.00001	0
98	Y	0.00000	1	0.00000	0
99	W	0.00000	1	0.00000	0
100	H	0.00000	1	0.00000	0
101	F	0.00000	1	0.00000	0
102	G	0.00000	1	0.00000	0
103	S	0.00000	1	0.00000	0
104	V	0.00000	1	0.00000	0
105	W	0.00000	0.99999	0.00001	0
106	C	0.00000	0.99998	0.00002	0
107	S	0.00000	0.99973	0.00027	0
108	M	0.00000	0.99814	0.00186	0
109	Y	0.00000	0.80957	0.19043	0
110	L	0.00000	0.35033	0.64967	0
111	A	0.00000	0.20032	0.79968	0
112	L	0.00000	0.00412	0.99588	0
113	D	0.00000	0.00148	0.99852	0
114	I	0.00000	2e-05	0.99998	0
115	L	0.00000	0	1.00000	0
116	F	0.00000	0	1.00000	0
117	C	0.00000	0	1.00000	0
118	T	0.00000	0	1.00000	0
119	S	0.00000	0	1.00000	0
120	S	0.00000	0	1.00000	0
121	I	0.00000	0	1.00000	0
122	V	0.00000	0	1.00000	0
123	H	0.00000	0	1.00000	0
124	L	0.00000	0	1.00000	0
125	C	0.00000	0	1.00000	0
126	A	0.00000	0	1.00000	0
127	I	0.00000	0	1.00000	0
128	S	0.00000	0	1.00000	0
129	I	0.00000	0	1.00000	0
130	D	0.00001	0	0.99999	0
131	R	0.00947	0	0.99053	0
132	Y	0.06757	0	0.93243	0
133	W	0.10817	0	0.89183	0
134	S	0.71364	0	0.28636	0
135	V	0.99996	0	0.00004	0
136	T	1.00000	0	0.00000	0
137	K	1.00000	0	0.00000	0
138	A	1.00000	0	0.00000	0
139	V	1.00000	0	0.00000	0
140	K	1.00000	0	0.00000	0
141	Y	1.00000	0	0.00000	0
142	N	1.00000	0	0.00000	0
143	L	1.00000	0	0.00000	0
144	K	1.00000	0	0.00000	0
145	R	1.00000	0	0.00000	0
146	T	1.00000	0	0.00000	0
147	P	1.00000	0	0.00000	0
148	K	0.99930	0	0.00070	0
149	R	0.96046	0	0.03954	0
150	I	0.09835	0	0.90165	0
151	K	0.08395	0	0.91605	0
152	R	0.04817	0	0.95183	0
153	S	0.00391	0	0.99609	0
154	I	0.00000	0	1.00000	0
155	A	0.00000	0	1.00000	0
156	I	0.00000	0	1.00000	0
157	I	0.00000	0	1.00000	0
158	W	0.00000	0	1.00000	0
159	V	0.00000	0	1.00000	0
160	V	0.00000	0	1.00000	0
161	S	0.00000	0	1.00000	0
162	A	0.00000	0	1.00000	0
163	I	0.00000	0	1.00000	0
164	I	0.00000	0	1.00000	0
165	S	0.00000	0	1.00000	0
166	F	0.00000	0	1.00000	0
167	P	0.00000	5e-05	0.99995	0
168	P	0.00000	0.00041	0.99959	0
169	L	0.00000	0.003	0.99700	0
170	L	0.00000	0.08422	0.91578	0
171	K	0.00000	0.94571	0.05429	0
172	S	0.00000	0.95912	0.04088	0
173	K	0.00000	0.99882	0.00118	0
174	H	0.00000	0.99992	0.00008	0
175	K	0.00000	1	0.00000	0
176	E	0.00000	1	0.00000	0
177	W	0.00000	1	0.00000	0
178	E	0.00000	1	0.00000	0
179	C	0.00000	1	0.00000	0
180	L	0.00000	1	0.00000	0
181	L	0.00000	1	0.00000	0
182	N	0.00000	1	0.00000	0
183	D	0.00000	1	0.00000	0
184	D	0.00000	1	0.00000	0
185	T	0.00000	0.98981	0.01019	0
186	W	0.00000	0.27308	0.72692	0
187	Y	0.00000	0.03045	0.96955	0
188	V	0.00000	0.00892	0.99108	0
189	L	0.00000	0.00296	0.99704	0
190	F	0.00000	6e-05	0.99994	0
191	S	0.00000	5e-05	0.99995	0
192	C	0.00000	4e-05	0.99996	0
193	T	0.00000	2e-05	0.99998	0
194	V	0.00000	0	1.00000	0
195	S	0.00000	0	1.00000	0
196	F	0.00000	0	1.00000	0
197	F	0.00000	0	1.00000	0
198	V	0.00000	0	1.00000	0
199	P	0.00000	0	1.00000	0
200	C	0.00000	0	1.00000	0
201	L	0.00000	0	1.00000	0
202	I	0.00000	0	1.00000	0
203	M	0.00000	0	1.00000	0
204	I	0.00000	0	1.00000	0
205	L	0.00000	0	1.00000	0
206	L	0.00000	0	1.00000	0
207	Y	0.00023	0	0.99977	0
208	C	0.01071	0	0.98929	0
209	R	0.19517	0	0.80483	0
210	I	0.21292	0	0.78708	0
211	Y	0.32938	0	0.67062	0
212	R	0.98205	0	0.01795	0
213	V	0.98700	0	0.01300	0
214	A	0.99991	0	0.00009	0
215	K	1.00000	0	0.00000	0
216	H	1.00000	0	0.00000	0
217	R	1.00000	0	0.00000	0
218	V	1.00000	0	0.00000	0
219	S	1.00000	0	0.00000	0
220	S	1.00000	0	0.00000	0
221	L	1.00000	0	0.00000	0
222	R	1.00000	0	0.00000	0
223	N	1.00000	0	0.00000	0
224	G	1.00000	0	0.00000	0
225	V	1.00000	0	0.00000	0
226	S	1.00000	0	0.00000	0
227	D	1.00000	0	0.00000	0
228	C	1.00000	0	0.00000	0
229	N	1.00000	0	0.00000	0
230	S	1.00000	0	0.00000	0
231	A	1.00000	0	0.00000	0
232	A	1.00000	0	0.00000	0
233	A	1.00000	0	0.00000	0
234	G	1.00000	0	0.00000	0
235	G	1.00000	0	0.00000	0
236	T	1.00000	0	0.00000	0
237	C	1.00000	0	0.00000	0
238	E	1.00000	0	0.00000	0
239	T	1.00000	0	0.00000	0
240	H	1.00000	0	0.00000	0
241	H	1.00000	0	0.00000	0
242	T	1.00000	0	0.00000	0
243	I	1.00000	0	0.00000	0
244	Q	1.00000	0	0.00000	0
245	N	1.00000	0	0.00000	0
246	N	1.00000	0	0.00000	0
247	H	1.00000	0	0.00000	0
248	E	1.00000	0	0.00000	0
249	A	1.00000	0	0.00000	0
250	E	1.00000	0	0.00000	0
251	E	1.00000	0	0.00000	0
252	L	1.00000	0	0.00000	0
253	D	1.00000	0	0.00000	0
254	L	1.00000	0	0.00000	0
255	E	1.00000	0	0.00000	0
256	E	1.00000	0	0.00000	0
257	S	1.00000	0	0.00000	0
258	T	1.00000	0	0.00000	0
259	S	1.00000	0	0.00000	0
260	S	1.00000	0	0.00000	0
261	V	1.00000	0	0.00000	0
262	H	1.00000	0	0.00000	0
263	K	1.00000	0	0.00000	0
264	F	1.00000	0	0.00000	0
265	P	1.00000	0	0.00000	0
266	K	1.00000	0	0.00000	0
267	K	1.00000	0	0.00000	0
268	H	1.00000	0	0.00000	0
269	H	1.00000	0	0.00000	0
270	H	1.00000	0	0.00000	0
271	K	1.00000	0	0.00000	0
272	T	1.00000	0	0.00000	0
273	K	1.00000	0	0.00000	0
274	D	1.00000	0	0.00000	0
275	K	1.00000	0	0.00000	0
276	P	1.00000	0	0.00000	0
277	S	1.00000	0	0.00000	0
278	S	1.00000	0	0.00000	0
279	A	1.00000	0	0.00000	0
280	K	1.00000	0	0.00000	0
281	A	1.00000	0	0.00000	0
282	K	1.00000	0	0.00000	0
283	R	1.00000	0	0.00000	0
284	L	1.00000	0	0.00000	0
285	S	1.00000	0	0.00000	0
286	W	1.00000	0	0.00000	0
287	S	1.00000	0	0.00000	0
288	S	1.00000	0	0.00000	0
289	N	1.00000	0	0.00000	0
290	R	1.00000	0	0.00000	0
291	G	1.00000	0	0.00000	0
292	Q	1.00000	0	0.00000	0
293	Q	1.00000	0	0.00000	0
294	H	1.00000	0	0.00000	0
295	R	1.00000	0	0.00000	0
296	D	1.00000	0	0.00000	0
297	Q	1.00000	0	0.00000	0
298	S	1.00000	0	0.00000	0
299	I	1.00000	0	0.00000	0
300	C	1.00000	0	0.00000	0
301	I	1.00000	0	0.00000	0
302	S	1.00000	0	0.00000	0
303	Q	1.00000	0	0.00000	0
304	M	1.00000	0	0.00000	0
305	R	1.00000	0	0.00000	0
306	L	1.00000	0	0.00000	0
307	T	1.00000	0	0.00000	0
308	Q	1.00000	0	0.00000	0
309	L	1.00000	0	0.00000	0
310	R	1.00000	0	0.00000	0
311	E	1.00000	0	0.00000	0
312	K	0.92593	0	0.07407	0
313	R	0.92310	0	0.07690	0
314	L	0.45361	0	0.54639	0
315	T	0.22441	0	0.77559	0
316	F	0.01555	0	0.98445	0
317	V	0.01399	0	0.98601	0
318	L	0.00023	0	0.99977	0
319	A	0.00000	0	1.00000	0
320	V	0.00000	0	1.00000	0
321	V	0.00000	0	1.00000	0
322	I	0.00000	0	1.00000	0
323	G	0.00000	0	1.00000	0
324	G	0.00000	0	1.00000	0
325	F	0.00000	0	1.00000	0
326	V	0.00000	0	1.00000	0
327	I	0.00000	0	1.00000	0
328	C	0.00000	0	1.00000	0
329	W	0.00000	0	1.00000	0
330	F	0.00000	0	1.00000	0
331	P	0.00000	0	1.00000	0
332	F	0.00000	0	1.00000	0
333	F	0.00000	2e-05	0.99998	0
334	F	0.00000	0.00318	0.99682	0
335	T	0.00000	0.04689	0.95311	0
336	Y	0.00000	0.09664	0.90336	0
337	S	0.00000	0.30484	0.69516	0
338	L	0.00000	0.42798	0.57202	0
339	E	0.00000	0.97631	0.02369	0
340	S	0.00000	0.99077	0.00923	0
341	V	0.00000	0.99662	0.00338	0
342	C	0.00000	0.99968	0.00032	0
343	R	0.00000	0.99999	0.00001	0
344	K	0.00000	1	0.00000	0
345	R	0.00000	1	0.00000	0
346	C	0.00000	1	0.00000	0
347	G	0.00000	0.99999	0.00001	0
348	I	0.00000	0.99959	0.00041	0
349	S	0.00000	0.99927	0.00073	0
350	D	0.00000	0.99601	0.00399	0
351	A	0.00000	0.87099	0.12901	0
352	L	0.00000	0.76984	0.23016	0
353	F	0.00000	0.74961	0.25039	0
354	N	0.00000	0.33049	0.66951	0
355	F	0.00000	0.00166	0.99834	0
356	F	0.00000	4e-05	0.99996	0
357	F	0.00000	0	1.00000	0
358	W	0.00000	0	1.00000	0
359	I	0.00000	0	1.00000	0
360	G	0.00000	0	1.00000	0
361	Y	0.00000	0	1.00000	0
362	C	0.00000	0	1.00000	0
363	N	0.00000	0	1.00000	0
364	S	0.00000	0	1.00000	0
365	S	0.00000	0	1.00000	0
366	L	0.00000	0	1.00000	0
367	N	0.00000	0	1.00000	0
368	P	0.00000	0	1.00000	0
369	I	0.00000	0	1.00000	0
370	I	0.00001	0	0.99999	0
371	Y	0.00076	0	0.99924	0
372	T	0.00614	0	0.99386	0
373	V	0.01847	0	0.98153	0
374	F	0.31981	0	0.68019	0
375	N	0.90876	0	0.09124	0
376	R	1.00000	0	0.00000	0
377	D	1.00000	0	0.00000	0
378	F	1.00000	0	0.00000	0
379	R	1.00000	0	0.00000	0
380	K	1.00000	0	0.00000	0
381	A	1.00000	0	0.00000	0
382	F	1.00000	0	0.00000	0
383	R	1.00000	0	0.00000	0
384	R	1.00000	0	0.00000	0
385	I	1.00000	0	0.00000	0
386	L	1.00000	0	0.00000	0
387	T	1.00000	0	0.00000	0
388	R	1.00000	0	0.00000	0
389	S	1.00000	0	0.00000	0
390	S	1.00000	0	0.00000	0
391	R	1.00000	0	0.00000	0
392	R	1.00000	0	0.00000	0
393	T	1.00000	0	0.00000	0
394	T	1.00000	0	0.00000	0
