# UNNAMED
#pos	aa	i	o	M	S
1	M	0.00000	1	0.00000	0
2	L	0.00000	1	0.00000	0
3	L	0.00000	1	0.00000	0
4	R	0.00000	1	0.00000	0
5	V	0.00000	1	0.00000	0
6	N	0.00000	1	0.00000	0
7	P	0.00000	1	0.00000	0
8	S	0.00000	1	0.00000	0
9	Q	0.00000	1	0.00000	0
10	S	0.00000	1	0.00000	0
11	M	0.00000	1	0.00000	0
12	E	0.00000	1	0.00000	0
13	H	0.00000	1	0.00000	0
14	Q	0.00000	1	0.00000	0
15	P	0.00000	1	0.00000	0
16	L	0.00000	1	0.00000	0
17	F	0.00000	1	0.00000	0
18	V	0.00000	1	0.00000	0
19	E	0.00000	1	0.00000	0
20	N	0.00000	1	0.00000	0
21	T	0.00000	1	0.00000	0
22	E	0.00000	1	0.00000	0
23	H	0.00000	1	0.00000	0
24	E	0.00000	1	0.00000	0
25	Y	0.00000	1	0.00000	0
26	P	0.00000	1	0.00000	0
27	A	0.00000	1	0.00000	0
28	P	0.00000	1	0.00000	0
29	N	0.00000	1	0.00000	0
30	S	0.00000	1	0.00000	0
31	L	0.00000	1	0.00000	0
32	P	0.00000	1	0.00000	0
33	D	0.00000	1	0.00000	0
34	P	0.00000	1	0.00000	0
35	F	0.00000	1	0.00000	0
36	M	0.00000	1	0.00000	0
37	T	0.00000	1	0.00000	0
38	E	0.00000	1	0.00000	0
39	G	0.00000	1	0.00000	0
40	P	0.00000	1	0.00000	0
41	S	0.00000	1	0.00000	0
42	A	0.00000	1	0.00000	0
43	S	0.00000	1	0.00000	0
44	A	0.00000	1	0.00000	0
45	E	0.00000	1	0.00000	0
46	P	0.00000	1	0.00000	0
47	D	0.00000	1	0.00000	0
48	P	0.00000	1	0.00000	0
49	L	0.00000	1	0.00000	0
50	S	0.00000	1	0.00000	0
51	F	0.00000	1	0.00000	0
52	N	0.00000	1	0.00000	0
53	L	0.00000	1	0.00000	0
54	T	0.00000	1	0.00000	0
55	N	0.00000	1	0.00000	0
56	S	0.00000	1	0.00000	0
57	T	0.00000	1	0.00000	0
58	D	0.00000	1	0.00000	0
59	C	0.00000	1	0.00000	0
60	G	0.00000	1	0.00000	0
61	E	0.00000	1	0.00000	0
62	E	0.00000	1	0.00000	0
63	I	0.00000	1	0.00000	0
64	L	0.00000	1	0.00000	0
65	L	0.00000	1	0.00000	0
66	Y	0.00000	1	0.00000	0
67	G	0.00000	1	0.00000	0
68	D	0.00000	1	0.00000	0
69	T	0.00000	0.99988	0.00012	0
70	E	0.00000	0.99954	0.00046	0
71	K	0.00000	0.99289	0.00711	0
72	I	0.00000	0.23858	0.76142	0
73	V	0.00000	0.07687	0.92313	0
74	I	0.00000	0.03161	0.96839	0
75	G	0.00000	0.02884	0.97116	0
76	T	0.00000	0.01901	0.98099	0
77	V	0.00000	0.00641	0.99359	0
78	L	0.00000	0.00169	0.99831	0
79	S	0.00000	0.00077	0.99923	0
80	I	0.00000	4e-05	0.99996	0
81	I	0.00000	0	1.00000	0
82	T	0.00000	0	1.00000	0
83	L	0.00000	0	1.00000	0
84	L	0.00000	0	1.00000	0
85	T	0.00000	0	1.00000	0
86	I	0.00000	0	1.00000	0
87	A	0.00000	0	1.00000	0
88	G	0.00000	0	1.00000	0
89	N	0.00000	0	1.00000	0
90	S	0.00000	0	1.00000	0
91	L	0.00000	0	1.00000	0
92	V	0.00000	0	1.00000	0
93	I	0.00001	0	0.99999	0
94	I	0.00138	0	0.99862	0
95	S	0.11936	0	0.88064	0
96	V	0.21661	0	0.78339	0
97	C	0.50224	0	0.49776	0
98	X	0.84305	0	0.15695	0
99	V	0.93240	0	0.06760	0
100	K	0.99801	0	0.00199	0
101	K	0.99998	0	0.00002	0
102	L	0.99999	0	0.00001	0
103	R	1.00000	0	0.00000	0
104	Q	1.00000	0	0.00000	0
105	P	1.00000	0	0.00000	0
106	S	0.89542	0	0.10458	0
107	N	0.24675	0	0.75325	0
108	Y	0.09395	0	0.90605	0
109	L	0.00150	0	0.99850	0
110	V	0.00006	0	0.99994	0
111	V	0.00000	0	1.00000	0
112	S	0.00000	0	1.00000	0
113	L	0.00000	0	1.00000	0
114	A	0.00000	0	1.00000	0
115	A	0.00000	0	1.00000	0
116	A	0.00000	0	1.00000	0
117	D	0.00000	0	1.00000	0
118	L	0.00000	0	1.00000	0
119	S	0.00000	0	1.00000	0
120	V	0.00000	0	1.00000	0
121	A	0.00000	0	1.00000	0
122	F	0.00000	0	1.00000	0
123	A	0.00000	0	1.00000	0
124	V	0.00000	0	1.00000	0
125	M	0.00000	1e-05	0.99999	0
126	P	0.00000	0.00031	0.99969	0
127	F	0.00000	0.00336	0.99664	0
128	V	0.00000	0.01869	0.98131	0
129	I	0.00000	0.12293	0.87707	0
130	I	0.00000	0.41469	0.58531	0
131	T	0.00000	0.99981	0.00019	0
132	D	0.00000	0.99998	0.00002	0
133	L	0.00000	0.99999	0.00001	0
134	V	0.00000	0.99999	0.00001	0
135	G	0.00000	1	0.00000	0
136	G	0.00000	1	0.00000	0
137	E	0.00000	1	0.00000	0
138	W	0.00000	1	0.00000	0
139	L	0.00000	1	0.00000	0
140	F	0.00000	1	0.00000	0
141	G	0.00000	1	0.00000	0
142	K	0.00000	1	0.00000	0
143	V	0.00000	1	0.00000	0
144	F	0.00000	0.99999	0.00001	0
145	C	0.00000	0.99999	0.00001	0
146	N	0.00000	0.99993	0.00007	0
147	V	0.00000	0.99326	0.00674	0
148	F	0.00000	0.37739	0.62261	0
149	I	0.00000	0.04512	0.95488	0
150	A	0.00000	0.0014	0.99860	0
151	M	0.00000	2e-05	0.99998	0
152	D	0.00000	0	1.00000	0
153	V	0.00000	0	1.00000	0
154	M	0.00000	0	1.00000	0
155	C	0.00000	0	1.00000	0
156	C	0.00000	0	1.00000	0
157	T	0.00000	0	1.00000	0
158	A	0.00000	0	1.00000	0
159	S	0.00000	0	1.00000	0
160	I	0.00000	0	1.00000	0
161	M	0.00000	0	1.00000	0
162	T	0.00000	0	1.00000	0
163	L	0.00000	0	1.00000	0
164	C	0.00000	0	1.00000	0
165	V	0.00000	0	1.00000	0
166	I	0.00000	0	1.00000	0
167	S	0.00000	0	1.00000	0
168	V	0.00003	0	0.99997	0
169	D	0.00011	0	0.99989	0
170	R	0.12493	0	0.87507	0
171	Y	0.42614	0	0.57386	0
172	L	0.83068	0	0.16932	0
173	G	0.95951	0	0.04049	0
174	I	0.99998	0	0.00002	0
175	T	1.00000	0	0.00000	0
176	R	1.00000	0	0.00000	0
177	P	1.00000	0	0.00000	0
178	L	1.00000	0	0.00000	0
179	T	1.00000	0	0.00000	0
180	Y	1.00000	0	0.00000	0
181	P	1.00000	0	0.00000	0
182	V	1.00000	0	0.00000	0
183	R	1.00000	0	0.00000	0
184	Q	1.00000	0	0.00000	0
185	N	0.99998	0	0.00002	0
186	G	0.99987	0	0.00013	0
187	K	0.99523	0	0.00477	0
188	L	0.53384	0	0.46616	0
189	M	0.48294	0	0.51706	0
190	A	0.45001	0	0.54999	0
191	K	0.42916	0	0.57084	0
192	M	0.04604	0	0.95396	0
193	V	0.00048	0	0.99952	0
194	F	0.00000	0	1.00000	0
195	I	0.00000	0	1.00000	0
196	V	0.00000	0	1.00000	0
197	W	0.00000	0	1.00000	0
198	L	0.00000	0	1.00000	0
199	L	0.00000	0	1.00000	0
200	S	0.00000	0	1.00000	0
201	A	0.00000	0	1.00000	0
202	S	0.00000	0	1.00000	0
203	I	0.00000	0	1.00000	0
204	T	0.00000	0	1.00000	0
205	L	0.00000	0	1.00000	0
206	P	0.00000	0.00022	0.99978	0
207	P	0.00000	0.00189	0.99811	0
208	L	0.00000	0.00867	0.99133	0
209	F	0.00000	0.08665	0.91335	0
210	G	0.00000	0.43294	0.56706	0
211	W	0.00000	0.48246	0.51754	0
212	A	0.00000	0.55614	0.44386	0
213	K	0.00000	0.99595	0.00405	0
214	N	0.00000	0.99965	0.00035	0
215	V	0.00000	0.99981	0.00019	0
216	T	0.00000	0.99999	0.00001	0
217	V	0.00000	1	0.00000	0
218	E	0.00000	1	0.00000	0
219	R	0.00000	1	0.00000	0
220	V	0.00000	1	0.00000	0
221	C	0.00000	1	0.00000	0
222	L	0.00000	1	0.00000	0
223	I	0.00000	0.99999	0.00001	0
224	S	0.00000	0.99999	0.00001	0
225	Q	0.00000	0.99998	0.00002	0
226	D	0.00000	0.9999	0.00010	0
227	F	0.00000	0.88406	0.11594	0
228	G	0.00000	0.732	0.26800	0
229	Y	0.00000	0.63972	0.36028	0
230	T	0.00000	0.05582	0.94418	0
231	V	0.00000	0.00807	0.99193	0
232	Y	0.00000	0.00263	0.99737	0
233	S	0.00000	0.00213	0.99787	0
234	T	0.00000	0.00081	0.99919	0
235	G	0.00000	0.00073	0.99927	0
236	V	0.00000	0	1.00000	0
237	A	0.00000	0	1.00000	0
238	F	0.00000	0	1.00000	0
239	Y	0.00000	0	1.00000	0
240	I	0.00000	0	1.00000	0
241	P	0.00000	0	1.00000	0
242	M	0.00000	0	1.00000	0
243	T	0.00000	0	1.00000	0
244	V	0.00000	0	1.00000	0
245	M	0.00000	0	1.00000	0
246	L	0.00000	0	1.00000	0
247	V	0.00000	0	1.00000	0
248	M	0.00020	0	0.99980	0
249	Y	0.00426	0	0.99574	0
250	N	0.11555	0	0.88445	0
251	R	0.16888	0	0.83112	0
252	I	0.17592	0	0.82408	0
253	Y	0.24096	0	0.75904	0
254	K	0.98380	0	0.01620	0
255	A	0.99096	0	0.00904	0
256	A	0.99952	0	0.00048	0
257	K	0.99978	0	0.00022	0
258	V	0.99983	0	0.00017	0
259	S	0.99999	0	0.00001	0
260	A	0.99999	0	0.00001	0
261	E	1.00000	0	0.00000	0
262	K	1.00000	0	0.00000	0
263	H	1.00000	0	0.00000	0
264	R	1.00000	0	0.00000	0
265	F	1.00000	0	0.00000	0
266	M	1.00000	0	0.00000	0
267	N	1.00000	0	0.00000	0
268	F	1.00000	0	0.00000	0
269	P	1.00000	0	0.00000	0
270	K	1.00000	0	0.00000	0
271	Q	1.00000	0	0.00000	0
272	Y	1.00000	0	0.00000	0
273	D	1.00000	0	0.00000	0
274	Q	1.00000	0	0.00000	0
275	D	1.00000	0	0.00000	0
276	G	1.00000	0	0.00000	0
277	V	1.00000	0	0.00000	0
278	Y	1.00000	0	0.00000	0
279	C	1.00000	0	0.00000	0
280	M	1.00000	0	0.00000	0
281	E	1.00000	0	0.00000	0
282	A	1.00000	0	0.00000	0
283	G	1.00000	0	0.00000	0
284	V	1.00000	0	0.00000	0
285	R	1.00000	0	0.00000	0
286	G	1.00000	0	0.00000	0
287	H	1.00000	0	0.00000	0
288	H	1.00000	0	0.00000	0
289	S	1.00000	0	0.00000	0
290	S	1.00000	0	0.00000	0
291	K	1.00000	0	0.00000	0
292	R	1.00000	0	0.00000	0
293	S	1.00000	0	0.00000	0
294	K	1.00000	0	0.00000	0
295	A	1.00000	0	0.00000	0
296	V	1.00000	0	0.00000	0
297	E	1.00000	0	0.00000	0
298	E	1.00000	0	0.00000	0
299	C	1.00000	0	0.00000	0
300	A	1.00000	0	0.00000	0
301	T	1.00000	0	0.00000	0
302	L	1.00000	0	0.00000	0
303	S	1.00000	0	0.00000	0
304	K	1.00000	0	0.00000	0
305	L	1.00000	0	0.00000	0
306	L	1.00000	0	0.00000	0
307	R	1.00000	0	0.00000	0
308	Q	1.00000	0	0.00000	0
309	D	1.00000	0	0.00000	0
310	R	1.00000	0	0.00000	0
311	K	1.00000	0	0.00000	0
312	N	1.00000	0	0.00000	0
313	I	1.00000	0	0.00000	0
314	S	1.00000	0	0.00000	0
315	I	1.00000	0	0.00000	0
316	F	1.00000	0	0.00000	0
317	K	1.00000	0	0.00000	0
318	R	1.00000	0	0.00000	0
319	E	1.00000	0	0.00000	0
320	Q	0.99453	0	0.00547	0
321	K	0.99306	0	0.00694	0
322	A	0.28107	0	0.71893	0
323	A	0.27896	0	0.72104	0
324	R	0.27766	0	0.72234	0
325	T	0.19412	0	0.80588	0
326	L	0.00233	0	0.99767	0
327	G	0.00078	0	0.99922	0
328	I	0.00036	0	0.99964	0
329	I	0.00000	0	1.00000	0
330	V	0.00000	0	1.00000	0
331	G	0.00000	0	1.00000	0
332	A	0.00000	0	1.00000	0
333	F	0.00000	0	1.00000	0
334	T	0.00000	0	1.00000	0
335	F	0.00000	0	1.00000	0
336	C	0.00000	0	1.00000	0
337	W	0.00000	0	1.00000	0
338	F	0.00000	0	1.00000	0
339	P	0.00000	0	1.00000	0
340	F	0.00000	0	1.00000	0
341	F	0.00000	0	1.00000	0
342	L	0.00000	0.00045	0.99955	0
343	M	0.00000	0.00956	0.99044	0
344	S	0.00000	0.13153	0.86847	0
345	T	0.00000	0.33637	0.66363	0
346	A	0.00000	0.47109	0.52891	0
347	R	0.00000	0.83854	0.16146	0
348	P	0.00000	0.86113	0.13887	0
349	F	0.00000	0.86603	0.13397	0
350	I	0.00000	0.8979	0.10210	0
351	C	0.00000	0.99467	0.00533	0
352	G	0.00000	0.9998	0.00020	0
353	I	0.00000	0.99984	0.00016	0
354	Q	0.00000	0.99999	0.00001	0
355	C	0.00000	1	0.00000	0
356	S	0.00000	1	0.00000	0
357	C	0.00000	1	0.00000	0
358	M	0.00000	1	0.00000	0
359	P	0.00000	1	0.00000	0
360	L	0.00000	0.99951	0.00049	0
361	R	0.00000	0.99925	0.00075	0
362	L	0.00000	0.99703	0.00297	0
363	E	0.00000	0.99608	0.00392	0
364	R	0.00000	0.71619	0.28381	0
365	T	0.00000	0.02544	0.97456	0
366	L	0.00000	0.00068	0.99932	0
367	L	0.00000	0	1.00000	0
368	W	0.00000	0	1.00000	0
369	L	0.00000	0	1.00000	0
370	G	0.00000	0	1.00000	0
371	Y	0.00000	0	1.00000	0
372	T	0.00000	0	1.00000	0
373	N	0.00000	0	1.00000	0
374	S	0.00000	0	1.00000	0
375	L	0.00000	0	1.00000	0
376	I	0.00000	0	1.00000	0
377	N	0.00000	0	1.00000	0
378	P	0.00000	0	1.00000	0
379	L	0.00000	0	1.00000	0
380	I	0.00000	0	1.00000	0
381	Y	0.00000	0	1.00000	0
382	A	0.00000	0	1.00000	0
383	F	0.00007	0	0.99993	0
384	F	0.02320	0	0.97680	0
385	N	0.50597	0	0.49403	0
386	R	1.00000	0	0.00000	0
387	D	1.00000	0	0.00000	0
388	L	1.00000	0	0.00000	0
389	R	1.00000	0	0.00000	0
390	T	1.00000	0	0.00000	0
391	T	1.00000	0	0.00000	0
392	F	1.00000	0	0.00000	0
393	W	1.00000	0	0.00000	0
394	N	1.00000	0	0.00000	0
395	L	1.00000	0	0.00000	0
396	L	1.00000	0	0.00000	0
397	W	1.00000	0	0.00000	0
398	C	1.00000	0	0.00000	0
399	R	1.00000	0	0.00000	0
400	Y	1.00000	0	0.00000	0
401	R	1.00000	0	0.00000	0
402	N	1.00000	0	0.00000	0
403	I	1.00000	0	0.00000	0
404	N	1.00000	0	0.00000	0
405	R	1.00000	0	0.00000	0
406	R	1.00000	0	0.00000	0
407	L	1.00000	0	0.00000	0
408	S	1.00000	0	0.00000	0
409	A	1.00000	0	0.00000	0
410	A	1.00000	0	0.00000	0
411	S	1.00000	0	0.00000	0
412	M	1.00000	0	0.00000	0
413	H	1.00000	0	0.00000	0
414	E	1.00000	0	0.00000	0
415	A	1.00000	0	0.00000	0
416	L	1.00000	0	0.00000	0
417	K	1.00000	0	0.00000	0
418	V	1.00000	0	0.00000	0
419	A	1.00000	0	0.00000	0
420	E	1.00000	0	0.00000	0
421	R	1.00000	0	0.00000	0
422	H	1.00000	0	0.00000	0
423	E	1.00000	0	0.00000	0
424	C	1.00000	0	0.00000	0
425	I	1.00000	0	0.00000	0
426	L	1.00000	0	0.00000	0
