# UNNAMED
#pos	aa	i	o	M	S
1	M	0.00000	0.99993	0.00000	7e-05
2	R	0.00000	0.99993	0.00000	7e-05
3	K	0.00000	0.99993	0.00000	7e-05
4	T	0.00000	0.99993	0.00000	6e-05
5	S	0.00000	0.99993	0.00000	7e-05
6	Q	0.00000	0.99993	0.00000	7e-05
7	S	0.00000	0.99993	0.00000	7e-05
8	S	0.00000	0.99993	0.00000	7e-05
9	A	0.00000	0.99993	0.00000	7e-05
10	G	0.00000	0.99993	0.00000	7e-05
11	S	0.00000	0.99993	0.00000	7e-05
12	E	0.00000	0.99993	0.00000	7e-05
13	Q	0.00000	0.99993	0.00000	7e-05
14	E	0.00000	0.99993	0.00000	7e-05
15	L	0.00000	0.99993	0.00000	7e-05
16	E	0.00000	0.99993	0.00000	7e-05
17	A	0.00000	0.99993	0.00000	7e-05
18	T	0.00000	0.99999	0.00000	1e-05
19	L	0.00000	0.99999	0.00000	1e-05
20	V	0.00000	1	0.00000	0
21	P	0.00000	1	0.00000	0
22	M	0.00000	1	0.00000	0
23	T	0.00000	1	0.00000	0
24	F	0.00000	1	0.00000	0
25	P	0.00000	1	0.00000	0
26	N	0.00000	1	0.00000	0
27	S	0.00000	1	0.00000	0
28	S	0.00000	1	0.00000	0
29	F	0.00000	1	0.00000	0
30	T	0.00000	1	0.00000	0
31	L	0.00000	1	0.00000	0
32	E	0.00000	1	0.00000	0
33	D	0.00000	1	0.00000	0
34	N	0.00000	1	0.00000	0
35	M	0.00000	1	0.00000	0
36	C	0.00000	1	0.00000	0
37	E	0.00000	1	0.00000	0
38	A	0.00000	1	0.00000	0
39	N	0.00000	1	0.00000	0
40	K	0.00000	1	0.00000	0
41	T	0.00000	1	0.00000	0
42	T	0.00000	1	0.00000	0
43	M	0.00000	1	0.00000	0
44	A	0.00000	1	0.00000	0
45	N	0.00000	1	0.00000	0
46	P	0.00000	0.99979	0.00021	0
47	K	0.00000	0.99904	0.00096	0
48	L	0.00000	0.94225	0.05775	0
49	M	0.00000	0.88948	0.11052	0
50	P	0.00000	0.65228	0.34772	0
51	L	0.00000	0.13143	0.86857	0
52	V	0.00000	0.0237	0.97630	0
53	V	0.00000	0.0036	0.99640	0
54	V	0.00000	0.00013	0.99987	0
55	L	0.00000	1e-05	0.99999	0
56	S	0.00000	0	1.00000	0
57	A	0.00000	0	1.00000	0
58	V	0.00000	0	1.00000	0
59	S	0.00000	0	1.00000	0
60	L	0.00000	0	1.00000	0
61	V	0.00000	0	1.00000	0
62	T	0.00000	0	1.00000	0
63	V	0.00000	0	1.00000	0
64	G	0.00000	0	1.00000	0
65	L	0.00000	0	1.00000	0
66	N	0.00000	0	1.00000	0
67	L	0.00000	0	1.00000	0
68	L	0.00000	0	1.00000	0
69	V	0.00000	0	1.00000	0
70	L	0.00026	0	0.99974	0
71	C	0.00359	0	0.99641	0
72	A	0.08483	0	0.91517	0
73	V	0.28542	0	0.71458	0
74	R	0.97827	0	0.02173	0
75	S	0.99800	0	0.00200	0
76	E	0.99997	0	0.00003	0
77	R	1.00000	0	0.00000	0
78	K	1.00000	0	0.00000	0
79	L	0.99991	0	0.00009	0
80	H	0.99946	0	0.00054	0
81	T	0.99862	0	0.00138	0
82	V	0.93354	0	0.06646	0
83	G	0.70615	0	0.29385	0
84	N	0.08683	0	0.91317	0
85	L	0.01063	0	0.98937	0
86	Y	0.00038	0	0.99962	0
87	I	0.00000	0	1.00000	0
88	V	0.00000	0	1.00000	0
89	S	0.00000	0	1.00000	0
90	L	0.00000	0	1.00000	0
91	S	0.00000	0	1.00000	0
92	V	0.00000	0	1.00000	0
93	A	0.00000	0	1.00000	0
94	D	0.00000	0	1.00000	0
95	L	0.00000	0	1.00000	0
96	I	0.00000	0	1.00000	0
97	V	0.00000	0	1.00000	0
98	G	0.00000	0	1.00000	0
99	A	0.00000	0	1.00000	0
100	I	0.00000	0	1.00000	0
101	V	0.00000	0.00015	0.99985	0
102	M	0.00000	0.00163	0.99837	0
103	P	0.00000	0.02206	0.97794	0
104	M	0.00000	0.06319	0.93681	0
105	N	0.00000	0.67943	0.32057	0
106	I	0.00000	0.72106	0.27894	0
107	L	0.00000	0.83143	0.16857	0
108	Y	0.00000	0.99952	0.00048	0
109	L	0.00000	0.99956	0.00044	0
110	L	0.00000	0.9996	0.00040	0
111	M	0.00000	0.99976	0.00024	0
112	S	0.00000	0.99997	0.00003	0
113	R	0.00000	1	0.00000	0
114	W	0.00000	1	0.00000	0
115	S	0.00000	1	0.00000	0
116	L	0.00000	0.99999	0.00001	0
117	G	0.00000	0.99999	0.00001	0
118	R	0.00000	0.99998	0.00002	0
119	P	0.00000	0.99992	0.00008	0
120	L	0.00000	0.99901	0.00099	0
121	C	0.00000	0.99843	0.00157	0
122	L	0.00000	0.99589	0.00411	0
123	F	0.00000	0.99512	0.00488	0
124	W	0.00000	0.95101	0.04899	0
125	L	0.00000	0.57641	0.42359	0
126	S	0.00000	0.32283	0.67717	0
127	M	0.00000	0.01277	0.98723	0
128	D	0.00000	0.00403	0.99597	0
129	Y	0.00000	0.00025	0.99975	0
130	V	0.00000	0	1.00000	0
131	A	0.00000	0	1.00000	0
132	S	0.00000	0	1.00000	0
133	T	0.00000	0	1.00000	0
134	A	0.00000	0	1.00000	0
135	S	0.00000	0	1.00000	0
136	I	0.00000	0	1.00000	0
137	F	0.00000	0	1.00000	0
138	S	0.00000	0	1.00000	0
139	V	0.00000	0	1.00000	0
140	F	0.00000	0	1.00000	0
141	I	0.00000	0	1.00000	0
142	L	0.00000	0	1.00000	0
143	C	0.00002	0	0.99998	0
144	I	0.00008	0	0.99992	0
145	D	0.00040	0	0.99960	0
146	R	0.08788	0	0.91212	0
147	Y	0.22361	0	0.77639	0
148	R	0.54570	0	0.45430	0
149	S	0.89393	0	0.10607	0
150	V	0.99995	0	0.00005	0
151	Q	1.00000	0	0.00000	0
152	Q	1.00000	0	0.00000	0
153	P	1.00000	0	0.00000	0
154	L	1.00000	0	0.00000	0
155	R	1.00000	0	0.00000	0
156	Y	1.00000	0	0.00000	0
157	L	1.00000	0	0.00000	0
158	R	1.00000	0	0.00000	0
159	Y	1.00000	0	0.00000	0
160	R	1.00000	0	0.00000	0
161	T	0.99993	0	0.00007	0
162	K	0.99974	0	0.00026	0
163	T	0.96770	0	0.03230	0
164	R	0.94099	0	0.05901	0
165	A	0.29990	0	0.70010	0
166	S	0.19745	0	0.80255	0
167	A	0.06270	0	0.93730	0
168	T	0.03806	0	0.96194	0
169	I	0.00065	0	0.99935	0
170	L	0.00002	0	0.99998	0
171	V	0.00000	0	1.00000	0
172	A	0.00000	0	1.00000	0
173	W	0.00000	0	1.00000	0
174	L	0.00000	0	1.00000	0
175	F	0.00000	0	1.00000	0
176	S	0.00000	0	1.00000	0
177	F	0.00000	0	1.00000	0
178	L	0.00000	0	1.00000	0
179	W	0.00000	0	1.00000	0
180	V	0.00000	0	1.00000	0
181	I	0.00000	0	1.00000	0
182	P	0.00000	0.00019	0.99981	0
183	I	0.00000	0.00077	0.99923	0
184	L	0.00000	0.01006	0.98994	0
185	G	0.00000	0.22579	0.77421	0
186	W	0.00000	0.42077	0.57923	0
187	H	0.00000	0.72577	0.27423	0
188	R	0.00000	0.91268	0.08732	0
189	F	0.00000	0.92027	0.07973	0
190	V	0.00000	0.9402	0.05980	0
191	S	0.00000	0.99162	0.00838	0
192	R	0.00000	0.99999	0.00001	0
193	T	0.00000	1	0.00000	0
194	S	0.00000	1	0.00000	0
195	R	0.00000	1	0.00000	0
196	R	0.00000	1	0.00000	0
197	R	0.00000	1	0.00000	0
198	E	0.00000	1	0.00000	0
199	D	0.00000	1	0.00000	0
200	K	0.00000	1	0.00000	0
201	C	0.00000	1	0.00000	0
202	E	0.00000	1	0.00000	0
203	T	0.00000	1	0.00000	0
204	D	0.00000	1	0.00000	0
205	F	0.00000	0.99995	0.00005	0
206	Y	0.00000	0.99994	0.00006	0
207	D	0.00000	0.98494	0.01506	0
208	V	0.00000	0.94358	0.05642	0
209	T	0.00000	0.88639	0.11361	0
210	W	0.00000	0.82668	0.17332	0
211	F	0.00000	0.78163	0.21837	0
212	K	0.00000	0.77792	0.22208	0
213	V	0.00000	0.61829	0.38171	0
214	M	0.00000	0.00347	0.99653	0
215	T	0.00000	0.00265	0.99735	0
216	A	0.00000	0.00016	0.99984	0
217	I	0.00000	0.00012	0.99988	0
218	I	0.00000	0	1.00000	0
219	N	0.00000	0	1.00000	0
220	F	0.00000	0	1.00000	0
221	Y	0.00000	0	1.00000	0
222	L	0.00000	0	1.00000	0
223	P	0.00000	0	1.00000	0
224	T	0.00000	0	1.00000	0
225	L	0.00000	0	1.00000	0
226	L	0.00000	0	1.00000	0
227	M	0.00000	0	1.00000	0
228	L	0.00000	0	1.00000	0
229	W	0.00000	0	1.00000	0
230	F	0.00010	0	0.99990	0
231	Y	0.00276	0	0.99724	0
232	A	0.03949	0	0.96051	0
233	K	0.10453	0	0.89547	0
234	I	0.10831	0	0.89169	0
235	Y	0.13859	0	0.86141	0
236	K	0.92624	0	0.07376	0
237	A	0.94734	0	0.05266	0
238	V	0.98158	0	0.01842	0
239	R	0.99925	0	0.00075	0
240	R	0.99999	0	0.00001	0
241	H	1.00000	0	0.00000	0
242	C	1.00000	0	0.00000	0
243	Q	1.00000	0	0.00000	0
244	H	1.00000	0	0.00000	0
245	R	1.00000	0	0.00000	0
246	E	1.00000	0	0.00000	0
247	L	1.00000	0	0.00000	0
248	I	1.00000	0	0.00000	0
249	N	1.00000	0	0.00000	0
250	G	1.00000	0	0.00000	0
251	S	1.00000	0	0.00000	0
252	L	1.00000	0	0.00000	0
253	P	1.00000	0	0.00000	0
254	S	1.00000	0	0.00000	0
255	F	1.00000	0	0.00000	0
256	S	1.00000	0	0.00000	0
257	E	1.00000	0	0.00000	0
258	I	1.00000	0	0.00000	0
259	K	1.00000	0	0.00000	0
260	L	1.00000	0	0.00000	0
261	K	1.00000	0	0.00000	0
262	P	1.00000	0	0.00000	0
263	E	1.00000	0	0.00000	0
264	N	1.00000	0	0.00000	0
265	P	1.00000	0	0.00000	0
266	K	1.00000	0	0.00000	0
267	V	1.00000	0	0.00000	0
268	G	1.00000	0	0.00000	0
269	A	1.00000	0	0.00000	0
270	K	1.00000	0	0.00000	0
271	K	1.00000	0	0.00000	0
272	A	1.00000	0	0.00000	0
273	G	1.00000	0	0.00000	0
274	K	1.00000	0	0.00000	0
275	E	1.00000	0	0.00000	0
276	S	1.00000	0	0.00000	0
277	P	1.00000	0	0.00000	0
278	W	1.00000	0	0.00000	0
279	E	1.00000	0	0.00000	0
280	V	1.00000	0	0.00000	0
281	L	1.00000	0	0.00000	0
282	K	1.00000	0	0.00000	0
283	R	1.00000	0	0.00000	0
284	K	1.00000	0	0.00000	0
285	P	1.00000	0	0.00000	0
286	K	1.00000	0	0.00000	0
287	D	1.00000	0	0.00000	0
288	A	1.00000	0	0.00000	0
289	G	1.00000	0	0.00000	0
290	G	1.00000	0	0.00000	0
291	G	1.00000	0	0.00000	0
292	P	1.00000	0	0.00000	0
293	V	1.00000	0	0.00000	0
294	L	1.00000	0	0.00000	0
295	K	1.00000	0	0.00000	0
296	P	1.00000	0	0.00000	0
297	S	1.00000	0	0.00000	0
298	S	1.00000	0	0.00000	0
299	Q	1.00000	0	0.00000	0
300	D	1.00000	0	0.00000	0
301	S	1.00000	0	0.00000	0
302	V	1.00000	0	0.00000	0
303	E	1.00000	0	0.00000	0
304	M	1.00000	0	0.00000	0
305	K	1.00000	0	0.00000	0
306	S	1.00000	0	0.00000	0
307	P	1.00000	0	0.00000	0
308	G	1.00000	0	0.00000	0
309	V	1.00000	0	0.00000	0
310	S	1.00000	0	0.00000	0
311	S	1.00000	0	0.00000	0
312	Q	1.00000	0	0.00000	0
313	E	1.00000	0	0.00000	0
314	D	1.00000	0	0.00000	0
315	G	1.00000	0	0.00000	0
316	E	1.00000	0	0.00000	0
317	L	1.00000	0	0.00000	0
318	D	1.00000	0	0.00000	0
319	K	1.00000	0	0.00000	0
320	F	1.00000	0	0.00000	0
321	H	1.00000	0	0.00000	0
322	C	1.00000	0	0.00000	0
323	F	1.00000	0	0.00000	0
324	T	1.00000	0	0.00000	0
325	L	1.00000	0	0.00000	0
326	N	1.00000	0	0.00000	0
327	I	1.00000	0	0.00000	0
328	V	1.00000	0	0.00000	0
329	Q	1.00000	0	0.00000	0
330	T	1.00000	0	0.00000	0
331	Q	1.00000	0	0.00000	0
332	M	1.00000	0	0.00000	0
333	E	1.00000	0	0.00000	0
334	A	1.00000	0	0.00000	0
335	E	1.00000	0	0.00000	0
336	G	1.00000	0	0.00000	0
337	S	1.00000	0	0.00000	0
338	S	1.00000	0	0.00000	0
339	K	1.00000	0	0.00000	0
340	G	1.00000	0	0.00000	0
341	Y	1.00000	0	0.00000	0
342	V	1.00000	0	0.00000	0
343	A	1.00000	0	0.00000	0
344	V	1.00000	0	0.00000	0
345	I	1.00000	0	0.00000	0
346	H	1.00000	0	0.00000	0
347	S	1.00000	0	0.00000	0
348	Q	1.00000	0	0.00000	0
349	S	1.00000	0	0.00000	0
350	Q	1.00000	0	0.00000	0
351	L	1.00000	0	0.00000	0
352	E	1.00000	0	0.00000	0
353	M	1.00000	0	0.00000	0
354	D	1.00000	0	0.00000	0
355	E	1.00000	0	0.00000	0
356	Q	1.00000	0	0.00000	0
357	G	1.00000	0	0.00000	0
358	L	1.00000	0	0.00000	0
359	N	1.00000	0	0.00000	0
360	M	1.00000	0	0.00000	0
361	R	1.00000	0	0.00000	0
362	G	1.00000	0	0.00000	0
363	A	1.00000	0	0.00000	0
364	N	1.00000	0	0.00000	0
365	E	1.00000	0	0.00000	0
366	I	1.00000	0	0.00000	0
367	S	1.00000	0	0.00000	0
368	E	1.00000	0	0.00000	0
369	D	1.00000	0	0.00000	0
370	Q	1.00000	0	0.00000	0
371	T	1.00000	0	0.00000	0
372	L	1.00000	0	0.00000	0
373	G	1.00000	0	0.00000	0
374	D	1.00000	0	0.00000	0
375	S	1.00000	0	0.00000	0
376	Q	1.00000	0	0.00000	0
377	S	1.00000	0	0.00000	0
378	S	1.00000	0	0.00000	0
379	R	1.00000	0	0.00000	0
380	T	1.00000	0	0.00000	0
381	D	1.00000	0	0.00000	0
382	S	1.00000	0	0.00000	0
383	D	1.00000	0	0.00000	0
384	T	1.00000	0	0.00000	0
385	P	1.00000	0	0.00000	0
386	T	1.00000	0	0.00000	0
387	E	1.00000	0	0.00000	0
388	P	1.00000	0	0.00000	0
389	V	1.00000	0	0.00000	0
390	P	1.00000	0	0.00000	0
391	G	1.00000	0	0.00000	0
392	K	1.00000	0	0.00000	0
393	S	1.00000	0	0.00000	0
394	K	1.00000	0	0.00000	0
395	P	1.00000	0	0.00000	0
396	R	1.00000	0	0.00000	0
397	S	1.00000	0	0.00000	0
398	G	1.00000	0	0.00000	0
399	S	1.00000	0	0.00000	0
400	S	1.00000	0	0.00000	0
401	T	1.00000	0	0.00000	0
402	G	1.00000	0	0.00000	0
403	L	1.00000	0	0.00000	0
404	D	1.00000	0	0.00000	0
405	Y	1.00000	0	0.00000	0
406	I	1.00000	0	0.00000	0
407	K	1.00000	0	0.00000	0
408	L	1.00000	0	0.00000	0
409	T	1.00000	0	0.00000	0
410	W	1.00000	0	0.00000	0
411	K	1.00000	0	0.00000	0
412	R	1.00000	0	0.00000	0
413	L	1.00000	0	0.00000	0
414	R	1.00000	0	0.00000	0
415	S	1.00000	0	0.00000	0
416	H	1.00000	0	0.00000	0
417	S	1.00000	0	0.00000	0
418	R	1.00000	0	0.00000	0
419	Q	1.00000	0	0.00000	0
420	Y	1.00000	0	0.00000	0
421	V	1.00000	0	0.00000	0
422	S	1.00000	0	0.00000	0
423	G	1.00000	0	0.00000	0
424	L	1.00000	0	0.00000	0
425	H	1.00000	0	0.00000	0
426	M	1.00000	0	0.00000	0
427	N	1.00000	0	0.00000	0
428	R	1.00000	0	0.00000	0
429	E	1.00000	0	0.00000	0
430	R	0.94440	0	0.05560	0
431	K	0.94413	0	0.05587	0
432	A	0.71910	0	0.28090	0
433	A	0.71779	0	0.28221	0
434	K	0.71737	0	0.28263	0
435	Q	0.67391	0	0.32609	0
436	L	0.16594	0	0.83406	0
437	G	0.03149	0	0.96851	0
438	F	0.00126	0	0.99874	0
439	I	0.00009	0	0.99991	0
440	M	0.00007	0	0.99993	0
441	A	0.00000	0	1.00000	0
442	A	0.00000	0	1.00000	0
443	F	0.00000	0	1.00000	0
444	I	0.00000	0	1.00000	0
445	L	0.00000	0	1.00000	0
446	C	0.00000	0	1.00000	0
447	W	0.00000	0	1.00000	0
448	I	0.00000	0	1.00000	0
449	P	0.00000	0	1.00000	0
450	Y	0.00000	0	1.00000	0
451	F	0.00000	0	1.00000	0
452	I	0.00000	1e-05	0.99999	0
453	F	0.00000	7e-05	0.99993	0
454	F	0.00000	0.00052	0.99948	0
455	M	0.00000	0.00602	0.99398	0
456	V	0.00000	0.0153	0.98470	0
457	I	0.00000	0.03518	0.96482	0
458	A	0.00000	0.10939	0.89061	0
459	F	0.00000	0.27576	0.72424	0
460	C	0.00000	0.95977	0.04023	0
461	K	0.00000	0.99943	0.00057	0
462	S	0.00000	0.99985	0.00015	0
463	C	0.00000	0.99999	0.00001	0
464	C	0.00000	0.99999	0.00001	0
465	N	0.00000	0.99996	0.00004	0
466	E	0.00000	0.99946	0.00054	0
467	H	0.00000	0.99631	0.00369	0
468	V	0.00000	0.98189	0.01811	0
469	H	0.00000	0.97754	0.02246	0
470	M	0.00000	0.0662	0.93380	0
471	F	0.00000	0.00039	0.99961	0
472	T	0.00000	4e-05	0.99996	0
473	I	0.00000	0	1.00000	0
474	W	0.00000	0	1.00000	0
475	L	0.00000	0	1.00000	0
476	G	0.00000	0	1.00000	0
477	Y	0.00000	0	1.00000	0
478	I	0.00000	0	1.00000	0
479	N	0.00000	0	1.00000	0
480	S	0.00000	0	1.00000	0
481	T	0.00000	0	1.00000	0
482	L	0.00000	0	1.00000	0
483	N	0.00000	0	1.00000	0
484	P	0.00000	0	1.00000	0
485	L	0.00000	0	1.00000	0
486	I	0.00000	0	1.00000	0
487	Y	0.00003	0	0.99997	0
488	P	0.00034	0	0.99966	0
489	L	0.00363	0	0.99637	0
490	C	0.17955	0	0.82045	0
491	N	0.91027	0	0.08973	0
492	E	1.00000	0	0.00000	0
493	N	1.00000	0	0.00000	0
494	F	1.00000	0	0.00000	0
495	K	1.00000	0	0.00000	0
496	K	1.00000	0	0.00000	0
497	T	1.00000	0	0.00000	0
498	F	1.00000	0	0.00000	0
499	K	1.00000	0	0.00000	0
500	K	1.00000	0	0.00000	0
501	I	1.00000	0	0.00000	0
502	L	1.00000	0	0.00000	0
503	H	1.00000	0	0.00000	0
504	I	1.00000	0	0.00000	0
505	R	1.00000	0	0.00000	0
506	S	1.00000	0	0.00000	0
