# UNNAMED
#pos	aa	i	o	M	S
1	M	0.00000	0.9999	0.00000	0.0001
2	V	0.00000	0.9999	0.00000	0.0001
3	P	0.00000	0.9999	0.00000	0.0001
4	D	0.00000	0.9999	0.00000	0.0001
5	P	0.00000	0.9999	0.00000	0.0001
6	G	0.00000	0.9999	0.00000	9e-05
7	P	0.00000	0.9999	0.00000	9e-05
8	A	0.00000	0.9999	0.00000	9e-05
9	N	0.00000	0.9999	0.00000	9e-05
10	S	0.00000	0.9999	0.00000	0.0001
11	S	0.00000	0.9999	0.00000	9e-05
12	A	0.00000	0.9999	0.00000	0.0001
13	P	0.00000	0.9999	0.00000	9e-05
14	A	0.00000	0.9999	0.00000	9e-05
15	W	0.00000	0.9999	0.00000	9e-05
16	G	0.00000	0.9999	0.00000	0.0001
17	S	0.00000	0.99996	0.00000	3e-05
18	G	0.00000	0.99996	0.00000	3e-05
19	P	0.00000	0.99996	0.00001	3e-05
20	P	0.00000	0.99993	0.00003	3e-05
21	A	0.00000	0.99986	0.00011	3e-05
22	A	0.00000	0.9998	0.00016	3e-05
23	A	0.00000	0.99976	0.00021	3e-05
24	G	0.00000	0.99481	0.00519	0
25	G	0.00000	0.97471	0.02529	0
26	S	0.00000	0.91947	0.08052	0
27	G	0.00000	0.67179	0.32821	0
28	W	0.00000	0.11091	0.88909	0
29	V	0.00000	0.01313	0.98687	0
30	A	0.00000	0.00843	0.99157	0
31	A	0.00000	0.0046	0.99540	0
32	A	0.00000	0.00224	0.99776	0
33	L	0.00000	0.0004	0.99960	0
34	C	0.00000	0.00016	0.99984	0
35	V	0.00000	1e-05	0.99999	0
36	V	0.00000	0	1.00000	0
37	I	0.00000	0	1.00000	0
38	A	0.00000	0	1.00000	0
39	L	0.00000	0	1.00000	0
40	T	0.00000	0	1.00000	0
41	A	0.00000	0	1.00000	0
42	A	0.00000	0	1.00000	0
43	A	0.00000	0	1.00000	0
44	N	0.00000	0	1.00000	0
45	S	0.00000	0	1.00000	0
46	L	0.00000	0	1.00000	0
47	L	0.00000	0	1.00000	0
48	I	0.00001	0	0.99999	0
49	A	0.00020	0	0.99980	0
50	L	0.00304	0	0.99696	0
51	I	0.04600	0	0.95400	0
52	C	0.42449	0	0.57551	0
53	T	0.96296	0	0.03704	0
54	Q	0.99941	0	0.00059	0
55	P	0.99999	0	0.00001	0
56	A	1.00000	0	0.00000	0
57	L	1.00000	0	0.00000	0
58	R	1.00000	0	0.00000	0
59	N	0.99899	0	0.00101	0
60	T	0.99506	0	0.00494	0
61	S	0.88509	0	0.11491	0
62	N	0.18939	0	0.81061	0
63	F	0.03173	0	0.96827	0
64	F	0.00317	0	0.99683	0
65	L	0.00005	0	0.99995	0
66	V	0.00000	0	1.00000	0
67	S	0.00000	0	1.00000	0
68	L	0.00000	0	1.00000	0
69	F	0.00000	0	1.00000	0
70	T	0.00000	0	1.00000	0
71	S	0.00000	0	1.00000	0
72	D	0.00000	0	1.00000	0
73	L	0.00000	0	1.00000	0
74	M	0.00000	0	1.00000	0
75	V	0.00000	0	1.00000	0
76	G	0.00000	0	1.00000	0
77	L	0.00000	0	1.00000	0
78	V	0.00000	0	1.00000	0
79	V	0.00000	2e-05	0.99998	0
80	M	0.00000	0.00034	0.99966	0
81	P	0.00000	0.00673	0.99327	0
82	P	0.00000	0.02227	0.97773	0
83	A	0.00000	0.09818	0.90182	0
84	M	0.00000	0.18971	0.81029	0
85	L	0.00000	0.50847	0.49153	0
86	N	0.00000	0.99997	0.00003	0
87	A	0.00000	1	0.00000	0
88	L	0.00000	1	0.00000	0
89	Y	0.00000	1	0.00000	0
90	G	0.00000	1	0.00000	0
91	R	0.00000	1	0.00000	0
92	W	0.00000	1	0.00000	0
93	V	0.00000	0.99999	0.00001	0
94	L	0.00000	0.99997	0.00003	0
95	A	0.00000	0.99997	0.00003	0
96	R	0.00000	0.99994	0.00006	0
97	G	0.00000	0.99985	0.00015	0
98	L	0.00000	0.99972	0.00028	0
99	C	0.00000	0.99964	0.00036	0
100	L	0.00000	0.99872	0.00128	0
101	L	0.00000	0.9977	0.00230	0
102	W	0.00000	0.88508	0.11492	0
103	A	0.00000	0.25451	0.74549	0
104	A	0.00000	0.00835	0.99165	0
105	F	0.00000	7e-05	0.99993	0
106	D	0.00000	2e-05	0.99998	0
107	V	0.00000	0	1.00000	0
108	M	0.00000	0	1.00000	0
109	C	0.00000	0	1.00000	0
110	C	0.00000	0	1.00000	0
111	S	0.00000	0	1.00000	0
112	A	0.00000	0	1.00000	0
113	S	0.00000	0	1.00000	0
114	I	0.00000	0	1.00000	0
115	L	0.00000	0	1.00000	0
116	N	0.00000	0	1.00000	0
117	L	0.00000	0	1.00000	0
118	C	0.00000	0	1.00000	0
119	L	0.00000	0	1.00000	0
120	I	0.00000	0	1.00000	0
121	S	0.00000	0	1.00000	0
122	L	0.00000	0	1.00000	0
123	D	0.00002	0	0.99998	0
124	R	0.04430	0	0.95570	0
125	Y	0.33780	0	0.66220	0
126	L	0.76272	0	0.23728	0
127	L	0.88165	0	0.11835	0
128	I	0.99995	0	0.00005	0
129	L	1.00000	0	0.00000	0
130	S	1.00000	0	0.00000	0
131	P	1.00000	0	0.00000	0
132	L	1.00000	0	0.00000	0
133	R	1.00000	0	0.00000	0
134	Y	1.00000	0	0.00000	0
135	K	1.00000	0	0.00000	0
136	L	1.00000	0	0.00000	0
137	R	1.00000	0	0.00000	0
138	M	0.99998	0	0.00002	0
139	T	0.99995	0	0.00005	0
140	P	0.99971	0	0.00029	0
141	A	0.98928	0	0.01072	0
142	R	0.95282	0	0.04718	0
143	A	0.30018	0	0.69982	0
144	L	0.01513	0	0.98487	0
145	A	0.00399	0	0.99601	0
146	L	0.00023	0	0.99977	0
147	V	0.00000	0	1.00000	0
148	L	0.00000	0	1.00000	0
149	G	0.00000	0	1.00000	0
150	A	0.00000	0	1.00000	0
151	W	0.00000	0	1.00000	0
152	S	0.00000	0	1.00000	0
153	L	0.00000	0	1.00000	0
154	A	0.00000	0	1.00000	0
155	A	0.00000	0	1.00000	0
156	L	0.00000	0	1.00000	0
157	A	0.00000	0	1.00000	0
158	S	0.00000	0	1.00000	0
159	F	0.00000	0	1.00000	0
160	L	0.00000	5e-05	0.99995	0
161	P	0.00000	0.00104	0.99896	0
162	L	0.00000	0.00225	0.99775	0
163	L	0.00000	0.01563	0.98437	0
164	L	0.00000	0.18317	0.81683	0
165	G	0.00000	0.82409	0.17591	0
166	W	0.00000	0.9205	0.07950	0
167	H	0.00000	0.99461	0.00539	0
168	E	0.00000	0.99995	0.00005	0
169	L	0.00000	0.99998	0.00002	0
170	G	0.00000	1	0.00000	0
171	H	0.00000	1	0.00000	0
172	V	0.00000	1	0.00000	0
173	R	0.00000	1	0.00000	0
174	A	0.00000	1	0.00000	0
175	P	0.00000	1	0.00000	0
176	A	0.00000	1	0.00000	0
177	P	0.00000	1	0.00000	0
178	G	0.00000	1	0.00000	0
179	Q	0.00000	1	0.00000	0
180	C	0.00000	0.99989	0.00011	0
181	R	0.00000	0.9998	0.00020	0
182	F	0.00000	0.43613	0.56387	0
183	L	0.00000	0.43192	0.56808	0
184	A	0.00000	0.42434	0.57566	0
185	S	0.00000	0.42352	0.57648	0
186	L	0.00000	0.40235	0.59765	0
187	P	0.00000	0.39578	0.60422	0
188	F	0.00000	0.08805	0.91195	0
189	V	0.00000	0.00077	0.99923	0
190	L	0.00000	0.00043	0.99957	0
191	V	0.00000	3e-05	0.99997	0
192	A	0.00000	1e-05	0.99999	0
193	S	0.00000	1e-05	0.99999	0
194	G	0.00000	0	1.00000	0
195	L	0.00000	0	1.00000	0
196	T	0.00000	0	1.00000	0
197	F	0.00000	0	1.00000	0
198	F	0.00000	0	1.00000	0
199	L	0.00000	0	1.00000	0
200	P	0.00000	0	1.00000	0
201	S	0.00000	0	1.00000	0
202	G	0.00000	0	1.00000	0
203	A	0.00000	0	1.00000	0
204	I	0.00000	0	1.00000	0
205	C	0.00004	0	0.99996	0
206	F	0.00357	0	0.99643	0
207	T	0.09539	0	0.90461	0
208	Y	0.14574	0	0.85426	0
209	C	0.31493	0	0.68507	0
210	R	0.56056	0	0.43944	0
211	I	0.56794	0	0.43206	0
212	L	0.59821	0	0.40179	0
213	L	0.79865	0	0.20135	0
214	A	0.92254	0	0.07746	0
215	A	0.99954	0	0.00046	0
216	R	0.99999	0	0.00001	0
217	R	1.00000	0	0.00000	0
218	Q	1.00000	0	0.00000	0
219	A	1.00000	0	0.00000	0
220	A	1.00000	0	0.00000	0
221	Q	1.00000	0	0.00000	0
222	V	1.00000	0	0.00000	0
223	A	1.00000	0	0.00000	0
224	S	1.00000	0	0.00000	0
225	L	1.00000	0	0.00000	0
226	T	1.00000	0	0.00000	0
227	S	1.00000	0	0.00000	0
228	G	1.00000	0	0.00000	0
229	M	1.00000	0	0.00000	0
230	A	1.00000	0	0.00000	0
231	S	1.00000	0	0.00000	0
232	Q	1.00000	0	0.00000	0
233	A	1.00000	0	0.00000	0
234	P	1.00000	0	0.00000	0
235	E	1.00000	0	0.00000	0
236	T	1.00000	0	0.00000	0
237	L	1.00000	0	0.00000	0
238	Q	1.00000	0	0.00000	0
239	V	1.00000	0	0.00000	0
240	P	1.00000	0	0.00000	0
241	R	1.00000	0	0.00000	0
242	T	1.00000	0	0.00000	0
243	P	1.00000	0	0.00000	0
244	R	1.00000	0	0.00000	0
245	P	1.00000	0	0.00000	0
246	G	1.00000	0	0.00000	0
247	V	1.00000	0	0.00000	0
248	E	1.00000	0	0.00000	0
249	S	1.00000	0	0.00000	0
250	A	1.00000	0	0.00000	0
251	G	1.00000	0	0.00000	0
252	S	1.00000	0	0.00000	0
253	R	1.00000	0	0.00000	0
254	R	1.00000	0	0.00000	0
255	L	1.00000	0	0.00000	0
256	A	1.00000	0	0.00000	0
257	T	1.00000	0	0.00000	0
258	K	1.00000	0	0.00000	0
259	H	1.00000	0	0.00000	0
260	S	0.99991	0	0.00009	0
261	R	0.99496	0	0.00504	0
262	K	0.75269	0	0.24731	0
263	A	0.75016	0	0.24984	0
264	L	0.56102	0	0.43898	0
265	K	0.56025	0	0.43975	0
266	A	0.12496	0	0.87504	0
267	S	0.09305	0	0.90695	0
268	L	0.09125	0	0.90875	0
269	T	0.09087	0	0.90913	0
270	L	0.00018	0	0.99982	0
271	G	0.00015	0	0.99985	0
272	V	0.00002	0	0.99998	0
273	L	0.00001	0	0.99999	0
274	L	0.00000	0	1.00000	0
275	G	0.00000	0	1.00000	0
276	L	0.00000	0	1.00000	0
277	F	0.00000	0	1.00000	0
278	F	0.00000	0	1.00000	0
279	V	0.00000	0	1.00000	0
280	T	0.00000	0	1.00000	0
281	W	0.00000	0	1.00000	0
282	L	0.00000	4e-05	0.99996	0
283	P	0.00000	0.00066	0.99934	0
284	F	0.00000	0.00109	0.99891	0
285	F	0.00000	0.00525	0.99475	0
286	V	0.00000	0.03254	0.96746	0
287	A	0.00000	0.11323	0.88677	0
288	N	0.00000	0.31436	0.68564	0
289	I	0.00000	0.36645	0.63355	0
290	V	0.00000	0.51803	0.48197	0
291	Q	0.00000	0.80573	0.19427	0
292	A	0.00000	0.84827	0.15173	0
293	V	0.00000	0.901	0.09900	0
294	C	0.00000	0.98767	0.01233	0
295	S	0.00000	0.99507	0.00493	0
296	C	0.00000	0.99762	0.00238	0
297	I	0.00000	0.99765	0.00235	0
298	S	0.00000	0.99769	0.00231	0
299	A	0.00000	0.99749	0.00251	0
300	S	0.00000	0.99737	0.00263	0
301	L	0.00000	0.99287	0.00713	0
302	F	0.00000	0.99178	0.00822	0
303	D	0.00000	0.94828	0.05172	0
304	I	0.00000	0.01058	0.98942	0
305	L	0.00000	0.00034	0.99966	0
306	T	0.00000	0	1.00000	0
307	W	0.00000	0	1.00000	0
308	L	0.00000	0	1.00000	0
309	G	0.00008	0	0.99992	0
310	Y	0.00028	0	0.99972	0
311	C	0.00118	0	0.99882	0
312	N	0.00174	0	0.99826	0
313	S	0.00174	0	0.99826	0
314	T	0.00175	0	0.99825	0
315	M	0.00175	0	0.99825	0
316	N	0.00175	0	0.99825	0
317	P	0.00175	0	0.99825	0
318	I	0.00175	0	0.99825	0
319	I	0.00175	0	0.99825	0
320	Y	0.00177	0	0.99823	0
321	P	0.00186	0	0.99814	0
322	L	0.00199	0	0.99801	0
323	F	0.02767	0	0.97233	0
324	M	0.16600	0	0.83400	0
325	R	1.00000	0	0.00000	0
326	D	1.00000	0	0.00000	0
327	F	1.00000	0	0.00000	0
328	K	1.00000	0	0.00000	0
329	R	1.00000	0	0.00000	0
330	A	1.00000	0	0.00000	0
331	L	1.00000	0	0.00000	0
332	G	1.00000	0	0.00000	0
333	R	1.00000	0	0.00000	0
334	F	1.00000	0	0.00000	0
335	L	1.00000	0	0.00000	0
336	P	1.00000	0	0.00000	0
337	C	1.00000	0	0.00000	0
338	S	1.00000	0	0.00000	0
339	R	1.00000	0	0.00000	0
340	C	1.00000	0	0.00000	0
341	P	1.00000	0	0.00000	0
342	R	1.00000	0	0.00000	0
343	E	1.00000	0	0.00000	0
344	H	1.00000	0	0.00000	0
345	Q	1.00000	0	0.00000	0
346	A	1.00000	0	0.00000	0
347	S	1.00000	0	0.00000	0
348	L	1.00000	0	0.00000	0
349	A	1.00000	0	0.00000	0
350	S	1.00000	0	0.00000	0
351	P	1.00000	0	0.00000	0
352	S	1.00000	0	0.00000	0
353	M	1.00000	0	0.00000	0
354	R	1.00000	0	0.00000	0
355	T	1.00000	0	0.00000	0
356	S	1.00000	0	0.00000	0
357	H	1.00000	0	0.00000	0
358	S	1.00000	0	0.00000	0
359	G	1.00000	0	0.00000	0
360	A	1.00000	0	0.00000	0
361	R	1.00000	0	0.00000	0
362	P	1.00000	0	0.00000	0
363	G	1.00000	0	0.00000	0
364	L	1.00000	0	0.00000	0
365	S	1.00000	0	0.00000	0
366	L	1.00000	0	0.00000	0
367	Q	1.00000	0	0.00000	0
368	H	1.00000	0	0.00000	0
369	V	1.00000	0	0.00000	0
370	Q	1.00000	0	0.00000	0
371	P	1.00000	0	0.00000	0
372	L	1.00000	0	0.00000	0
373	S	1.00000	0	0.00000	0
374	L	1.00000	0	0.00000	0
375	P	1.00000	0	0.00000	0
376	P	1.00000	0	0.00000	0
377	D	1.00000	0	0.00000	0
378	L	1.00000	0	0.00000	0
379	D	1.00000	0	0.00000	0
380	S	1.00000	0	0.00000	0
381	D	1.00000	0	0.00000	0
382	S	1.00000	0	0.00000	0
383	D	1.00000	0	0.00000	0
384	L	1.00000	0	0.00000	0
385	G	1.00000	0	0.00000	0
386	S	1.00000	0	0.00000	0
387	S	1.00000	0	0.00000	0
388	S	1.00000	0	0.00000	0
389	S	1.00000	0	0.00000	0
390	A	1.00000	0	0.00000	0
391	G	1.00000	0	0.00000	0
392	L	1.00000	0	0.00000	0
393	R	1.00000	0	0.00000	0
394	L	1.00000	0	0.00000	0
395	R	1.00000	0	0.00000	0
396	A	1.00000	0	0.00000	0
397	Q	1.00000	0	0.00000	0
398	L	1.00000	0	0.00000	0
399	L	1.00000	0	0.00000	0
400	L	1.00000	0	0.00000	0
401	P	1.00000	0	0.00000	0
402	G	1.00000	0	0.00000	0
403	E	1.00000	0	0.00000	0
404	A	1.00000	0	0.00000	0
405	T	1.00000	0	0.00000	0
406	R	1.00000	0	0.00000	0
407	D	1.00000	0	0.00000	0
408	L	1.00000	0	0.00000	0
409	P	1.00000	0	0.00000	0
410	P	1.00000	0	0.00000	0
411	P	1.00000	0	0.00000	0
412	A	1.00000	0	0.00000	0
413	R	1.00000	0	0.00000	0
414	P	1.00000	0	0.00000	0
415	T	1.00000	0	0.00000	0
416	V	1.00000	0	0.00000	0
417	V	1.00000	0	0.00000	0
418	I	1.00000	0	0.00000	0
419	S	1.00000	0	0.00000	0
420	K	1.00000	0	0.00000	0
421	I	1.00000	0	0.00000	0
422	E	1.00000	0	0.00000	0
423	P	1.00000	0	0.00000	0
424	L	1.00000	0	0.00000	0
425	E	1.00000	0	0.00000	0
426	P	1.00000	0	0.00000	0
427	E	1.00000	0	0.00000	0
428	L	1.00000	0	0.00000	0
429	R	1.00000	0	0.00000	0
430	R	1.00000	0	0.00000	0
431	H	1.00000	0	0.00000	0
432	L	1.00000	0	0.00000	0
433	P	1.00000	0	0.00000	0
434	D	1.00000	0	0.00000	0
435	I	1.00000	0	0.00000	0
436	P	1.00000	0	0.00000	0
437	M	1.00000	0	0.00000	0
438	N	1.00000	0	0.00000	0
