# UNNAMED
#pos	aa	i	o	M	S
1	M	0.00000	1	0.00000	0
2	I	0.00000	1	0.00000	0
3	P	0.00000	1	0.00000	0
4	V	0.00000	1	0.00000	0
5	L	0.00000	1	0.00000	0
6	D	0.00000	1	0.00000	0
7	N	0.00000	1	0.00000	0
8	M	0.00000	1	0.00000	0
9	T	0.00000	1	0.00000	0
10	P	0.00000	1	0.00000	0
11	A	0.00000	1	0.00000	0
12	P	0.00000	1	0.00000	0
13	L	0.00000	1	0.00000	0
14	T	0.00000	1	0.00000	0
15	Q	0.00000	1	0.00000	0
16	N	0.00000	1	0.00000	0
17	C	0.00000	1	0.00000	0
18	S	0.00000	1	0.00000	0
19	N	0.00000	1	0.00000	0
20	C	0.00000	1	0.00000	0
21	S	0.00000	1	0.00000	0
22	H	0.00000	0.99999	0.00000	0
23	V	0.00000	0.99999	0.00001	0
24	L	0.00000	0.99999	0.00001	0
25	V	0.00000	0.99999	0.00001	0
26	P	0.00000	0.99999	0.00001	0
27	E	0.00000	0.99999	0.00001	0
28	L	0.00000	0.99926	0.00074	0
29	N	0.00000	0.99852	0.00148	0
30	V	0.00000	0.95902	0.04098	0
31	V	0.00000	0.93021	0.06979	0
32	K	0.00000	0.91848	0.08151	0
33	A	0.00000	0.55992	0.44008	0
34	V	0.00000	0.26481	0.73519	0
35	V	0.00000	0.10454	0.89546	0
36	L	0.00000	0.05716	0.94284	0
37	G	0.00000	0.04335	0.95665	0
38	L	0.00000	0.02573	0.97427	0
39	V	0.00000	0.01002	0.98998	0
40	L	0.00000	0.00224	0.99776	0
41	G	0.00000	0.00123	0.99877	0
42	L	0.00000	7e-05	0.99993	0
43	F	0.00000	0	1.00000	0
44	I	0.00000	0	1.00000	0
45	G	0.00000	0	1.00000	0
46	F	0.00000	0	1.00000	0
47	G	0.00000	0	1.00000	0
48	V	0.00000	0	1.00000	0
49	V	0.00000	0	1.00000	0
50	G	0.00000	0	1.00000	0
51	N	0.00000	0	1.00000	0
52	I	0.00000	0	1.00000	0
53	L	0.00000	0	1.00000	0
54	V	0.00001	0	0.99999	0
55	I	0.00011	0	0.99989	0
56	L	0.00871	0	0.99129	0
57	S	0.26227	0	0.73773	0
58	V	0.30434	0	0.69566	0
59	V	0.43962	0	0.56038	0
60	C	0.71621	0	0.28379	0
61	H	0.93161	0	0.06839	0
62	R	0.99664	0	0.00336	0
63	N	0.99989	0	0.00011	0
64	L	0.99996	0	0.00004	0
65	R	1.00000	0	0.00000	0
66	T	0.99948	0	0.00052	0
67	V	0.98788	0	0.01212	0
68	T	0.94690	0	0.05310	0
69	H	0.71434	0	0.28566	0
70	Y	0.24498	0	0.75502	0
71	F	0.00280	0	0.99720	0
72	I	0.00005	0	0.99995	0
73	V	0.00000	0	1.00000	0
74	N	0.00000	0	1.00000	0
75	L	0.00000	0	1.00000	0
76	A	0.00000	0	1.00000	0
77	V	0.00000	0	1.00000	0
78	A	0.00000	0	1.00000	0
79	D	0.00000	0	1.00000	0
80	L	0.00000	0	1.00000	0
81	L	0.00000	0	1.00000	0
82	L	0.00000	0	1.00000	0
83	S	0.00000	0	1.00000	0
84	S	0.00000	0	1.00000	0
85	T	0.00000	0	1.00000	0
86	V	0.00000	0	1.00000	0
87	L	0.00000	1e-05	0.99999	0
88	P	0.00000	0.00018	0.99982	0
89	F	0.00000	0.00498	0.99502	0
90	S	0.00000	0.20337	0.79663	0
91	A	0.00000	0.29773	0.70227	0
92	I	0.00000	0.40772	0.59228	0
93	L	0.00000	0.99699	0.00301	0
94	E	0.00000	0.99834	0.00166	0
95	I	0.00000	0.99839	0.00161	0
96	L	0.00000	0.99883	0.00117	0
97	D	0.00000	0.99998	0.00002	0
98	R	0.00000	1	0.00000	0
99	W	0.00000	1	0.00000	0
100	V	0.00000	1	0.00000	0
101	F	0.00000	0.99999	0.00001	0
102	G	0.00000	0.99999	0.00001	0
103	R	0.00000	0.99999	0.00001	0
104	V	0.00000	0.99999	0.00001	0
105	F	0.00000	0.99999	0.00001	0
106	C	0.00000	0.99999	0.00001	0
107	N	0.00000	0.99999	0.00001	0
108	V	0.00000	0.99884	0.00116	0
109	W	0.00000	0.88963	0.11037	0
110	A	0.00000	0.29873	0.70127	0
111	A	0.00000	0.00808	0.99192	0
112	V	0.00000	7e-05	0.99993	0
113	D	0.00000	2e-05	0.99998	0
114	V	0.00000	0	1.00000	0
115	L	0.00000	0	1.00000	0
116	C	0.00000	0	1.00000	0
117	C	0.00000	0	1.00000	0
118	T	0.00000	0	1.00000	0
119	A	0.00000	0	1.00000	0
120	S	0.00000	0	1.00000	0
121	I	0.00000	0	1.00000	0
122	M	0.00000	0	1.00000	0
123	S	0.00000	0	1.00000	0
124	L	0.00000	0	1.00000	0
125	C	0.00000	0	1.00000	0
126	V	0.00000	0	1.00000	0
127	I	0.00000	0	1.00000	0
128	S	0.00000	0	1.00000	0
129	V	0.00001	0	0.99999	0
130	D	0.00003	0	0.99997	0
131	R	0.05842	0	0.94158	0
132	Y	0.30187	0	0.69813	0
133	I	0.87539	0	0.12461	0
134	G	0.97614	0	0.02386	0
135	V	0.99999	0	0.00001	0
136	S	1.00000	0	0.00000	0
137	Y	1.00000	0	0.00000	0
138	P	1.00000	0	0.00000	0
139	L	1.00000	0	0.00000	0
140	R	1.00000	0	0.00000	0
141	Y	1.00000	0	0.00000	0
142	P	1.00000	0	0.00000	0
143	S	1.00000	0	0.00000	0
144	I	1.00000	0	0.00000	0
145	V	1.00000	0	0.00000	0
146	T	1.00000	0	0.00000	0
147	K	1.00000	0	0.00000	0
148	R	0.99986	0	0.00014	0
149	R	0.99096	0	0.00904	0
150	A	0.41633	0	0.58367	0
151	F	0.02269	0	0.97731	0
152	L	0.00055	0	0.99945	0
153	A	0.00001	0	0.99999	0
154	L	0.00000	0	1.00000	0
155	M	0.00000	0	1.00000	0
156	L	0.00000	0	1.00000	0
157	L	0.00000	0	1.00000	0
158	W	0.00000	0	1.00000	0
159	V	0.00000	0	1.00000	0
160	L	0.00000	0	1.00000	0
161	S	0.00000	0	1.00000	0
162	V	0.00000	0	1.00000	0
163	I	0.00000	0	1.00000	0
164	I	0.00000	0	1.00000	0
165	S	0.00000	0	1.00000	0
166	I	0.00000	0	1.00000	0
167	G	0.00000	0	1.00000	0
168	P	0.00000	4e-05	0.99996	0
169	L	0.00000	0.00052	0.99948	0
170	F	0.00000	0.02428	0.97572	0
171	G	0.00000	0.48255	0.51745	0
172	W	0.00000	0.6796	0.32040	0
173	K	0.00000	0.99683	0.00317	0
174	E	0.00000	0.99997	0.00003	0
175	A	0.00000	0.99999	0.00001	0
176	P	0.00000	1	0.00000	0
177	P	0.00000	1	0.00000	0
178	E	0.00000	1	0.00000	0
179	D	0.00000	1	0.00000	0
180	E	0.00000	1	0.00000	0
181	S	0.00000	1	0.00000	0
182	I	0.00000	1	0.00000	0
183	C	0.00000	1	0.00000	0
184	K	0.00000	1	0.00000	0
185	I	0.00000	1	0.00000	0
186	T	0.00000	1	0.00000	0
187	E	0.00000	1	0.00000	0
188	E	0.00000	0.99999	0.00001	0
189	P	0.00000	0.99935	0.00065	0
190	G	0.00000	0.92349	0.07651	0
191	Y	0.00000	0.85878	0.14122	0
192	A	0.00000	0.6832	0.31680	0
193	I	0.00000	0.06073	0.93927	0
194	F	0.00000	0.00276	0.99724	0
195	S	0.00000	0.00243	0.99757	0
196	A	0.00000	9e-05	0.99991	0
197	V	0.00000	7e-05	0.99993	0
198	G	0.00000	0	1.00000	0
199	S	0.00000	0	1.00000	0
200	F	0.00000	0	1.00000	0
201	Y	0.00000	0	1.00000	0
202	L	0.00000	0	1.00000	0
203	P	0.00000	0	1.00000	0
204	L	0.00000	0	1.00000	0
205	T	0.00000	0	1.00000	0
206	I	0.00000	0	1.00000	0
207	I	0.00000	0	1.00000	0
208	L	0.00000	0	1.00000	0
209	V	0.00000	0	1.00000	0
210	M	0.00000	0	1.00000	0
211	Y	0.00002	0	0.99998	0
212	C	0.00095	0	0.99905	0
213	R	0.01310	0	0.98690	0
214	V	0.01470	0	0.98530	0
215	Y	0.02545	0	0.97455	0
216	V	0.15488	0	0.84512	0
217	V	0.29965	0	0.70035	0
218	A	0.99205	0	0.00795	0
219	H	0.99867	0	0.00133	0
220	R	0.99999	0	0.00001	0
221	E	1.00000	0	0.00000	0
222	S	1.00000	0	0.00000	0
223	Q	1.00000	0	0.00000	0
224	G	1.00000	0	0.00000	0
225	L	1.00000	0	0.00000	0
226	K	1.00000	0	0.00000	0
227	E	1.00000	0	0.00000	0
228	G	1.00000	0	0.00000	0
229	H	1.00000	0	0.00000	0
230	K	1.00000	0	0.00000	0
231	T	1.00000	0	0.00000	0
232	E	1.00000	0	0.00000	0
233	K	1.00000	0	0.00000	0
234	S	1.00000	0	0.00000	0
235	D	1.00000	0	0.00000	0
236	S	1.00000	0	0.00000	0
237	E	1.00000	0	0.00000	0
238	Q	1.00000	0	0.00000	0
239	V	1.00000	0	0.00000	0
240	I	1.00000	0	0.00000	0
241	L	1.00000	0	0.00000	0
242	R	1.00000	0	0.00000	0
243	I	1.00000	0	0.00000	0
244	H	1.00000	0	0.00000	0
245	R	1.00000	0	0.00000	0
246	G	1.00000	0	0.00000	0
247	N	1.00000	0	0.00000	0
248	A	1.00000	0	0.00000	0
249	T	1.00000	0	0.00000	0
250	V	1.00000	0	0.00000	0
251	S	1.00000	0	0.00000	0
252	D	1.00000	0	0.00000	0
253	D	1.00000	0	0.00000	0
254	E	1.00000	0	0.00000	0
255	A	1.00000	0	0.00000	0
256	L	1.00000	0	0.00000	0
257	R	1.00000	0	0.00000	0
258	N	1.00000	0	0.00000	0
259	R	1.00000	0	0.00000	0
260	T	1.00000	0	0.00000	0
261	H	1.00000	0	0.00000	0
262	F	1.00000	0	0.00000	0
263	A	1.00000	0	0.00000	0
264	L	1.00000	0	0.00000	0
265	K	1.00000	0	0.00000	0
266	L	1.00000	0	0.00000	0
267	L	1.00000	0	0.00000	0
268	K	1.00000	0	0.00000	0
269	F	1.00000	0	0.00000	0
270	S	1.00000	0	0.00000	0
271	R	1.00000	0	0.00000	0
272	E	1.00000	0	0.00000	0
273	K	0.99214	0	0.00786	0
274	K	0.99172	0	0.00828	0
275	A	0.71012	0	0.28988	0
276	A	0.70879	0	0.29121	0
277	K	0.67733	0	0.32267	0
278	T	0.57923	0	0.42077	0
279	L	0.02109	0	0.97891	0
280	G	0.00194	0	0.99806	0
281	I	0.00114	0	0.99886	0
282	V	0.00009	0	0.99991	0
283	V	0.00009	0	0.99991	0
284	G	0.00000	0	1.00000	0
285	C	0.00000	0	1.00000	0
286	F	0.00000	0	1.00000	0
287	V	0.00000	0	1.00000	0
288	L	0.00000	0	1.00000	0
289	C	0.00000	0	1.00000	0
290	W	0.00000	0	1.00000	0
291	L	0.00000	0	1.00000	0
292	P	0.00000	0	1.00000	0
293	F	0.00000	0	1.00000	0
294	F	0.00000	0	1.00000	0
295	L	0.00000	6e-05	0.99994	0
296	V	0.00000	0.00097	0.99903	0
297	L	0.00000	0.00614	0.99386	0
298	P	0.00000	0.08311	0.91689	0
299	I	0.00000	0.10964	0.89036	0
300	G	0.00000	0.19742	0.80258	0
301	S	0.00000	0.22274	0.77726	0
302	I	0.00000	0.23606	0.76394	0
303	F	0.00000	0.27392	0.72608	0
304	P	0.00000	0.56067	0.43933	0
305	A	0.00000	0.62682	0.37318	0
306	Y	0.00000	0.82999	0.17001	0
307	R	0.00000	0.99489	0.00511	0
308	P	0.00000	0.99931	0.00069	0
309	S	0.00000	0.99981	0.00019	0
310	D	0.00000	0.99935	0.00065	0
311	T	0.00000	0.97638	0.02362	0
312	I	0.00000	0.93554	0.06446	0
313	F	0.00000	0.92506	0.07494	0
314	K	0.00000	0.72441	0.27559	0
315	I	0.00000	0.00769	0.99231	0
316	T	0.00000	0.00137	0.99863	0
317	F	0.00000	1e-05	0.99999	0
318	W	0.00000	0	1.00000	0
319	L	0.00000	0	1.00000	0
320	G	0.00000	0	1.00000	0
321	Y	0.00000	0	1.00000	0
322	F	0.00000	0	1.00000	0
323	N	0.00000	0	1.00000	0
324	S	0.00000	0	1.00000	0
325	C	0.00000	0	1.00000	0
326	I	0.00000	0	1.00000	0
327	N	0.00000	0	1.00000	0
328	P	0.00000	0	1.00000	0
329	I	0.00000	0	1.00000	0
330	I	0.00001	0	0.99999	0
331	Y	0.00056	0	0.99944	0
332	P	0.00514	0	0.99486	0
333	C	0.02177	0	0.97823	0
334	S	0.27385	0	0.72615	0
335	N	0.50253	0	0.49747	0
336	Q	0.98827	0	0.01173	0
337	E	1.00000	0	0.00000	0
338	F	1.00000	0	0.00000	0
339	K	1.00000	0	0.00000	0
340	K	1.00000	0	0.00000	0
341	A	1.00000	0	0.00000	0
342	F	1.00000	0	0.00000	0
343	Q	1.00000	0	0.00000	0
344	S	1.00000	0	0.00000	0
345	L	1.00000	0	0.00000	0
346	L	1.00000	0	0.00000	0
347	G	1.00000	0	0.00000	0
348	V	1.00000	0	0.00000	0
349	H	1.00000	0	0.00000	0
350	C	1.00000	0	0.00000	0
351	L	1.00000	0	0.00000	0
352	R	1.00000	0	0.00000	0
353	T	1.00000	0	0.00000	0
354	T	1.00000	0	0.00000	0
355	P	1.00000	0	0.00000	0
356	R	1.00000	0	0.00000	0
357	P	1.00000	0	0.00000	0
358	H	1.00000	0	0.00000	0
359	H	1.00000	0	0.00000	0
360	H	1.00000	0	0.00000	0
361	H	1.00000	0	0.00000	0
362	Q	1.00000	0	0.00000	0
363	S	1.00000	0	0.00000	0
364	Q	1.00000	0	0.00000	0
365	M	1.00000	0	0.00000	0
366	Q	1.00000	0	0.00000	0
367	G	1.00000	0	0.00000	0
368	H	1.00000	0	0.00000	0
369	G	1.00000	0	0.00000	0
370	Q	1.00000	0	0.00000	0
371	P	1.00000	0	0.00000	0
372	L	1.00000	0	0.00000	0
373	T	1.00000	0	0.00000	0
374	L	1.00000	0	0.00000	0
375	G	1.00000	0	0.00000	0
376	L	1.00000	0	0.00000	0
377	D	1.00000	0	0.00000	0
378	S	1.00000	0	0.00000	0
379	R	1.00000	0	0.00000	0
380	G	1.00000	0	0.00000	0
381	P	1.00000	0	0.00000	0
382	P	1.00000	0	0.00000	0
383	S	1.00000	0	0.00000	0
384	R	1.00000	0	0.00000	0
385	L	1.00000	0	0.00000	0
386	S	1.00000	0	0.00000	0
387	P	1.00000	0	0.00000	0
388	S	1.00000	0	0.00000	0
389	S	1.00000	0	0.00000	0
390	S	1.00000	0	0.00000	0
391	M	1.00000	0	0.00000	0
392	A	1.00000	0	0.00000	0
393	L	1.00000	0	0.00000	0
394	S	1.00000	0	0.00000	0
395	R	1.00000	0	0.00000	0
396	T	1.00000	0	0.00000	0
397	P	1.00000	0	0.00000	0
398	S	1.00000	0	0.00000	0
399	S	1.00000	0	0.00000	0
400	R	1.00000	0	0.00000	0
401	D	1.00000	0	0.00000	0
402	S	1.00000	0	0.00000	0
403	R	1.00000	0	0.00000	0
404	E	1.00000	0	0.00000	0
405	W	1.00000	0	0.00000	0
406	K	1.00000	0	0.00000	0
407	V	1.00000	0	0.00000	0
408	F	1.00000	0	0.00000	0
409	S	1.00000	0	0.00000	0
410	G	1.00000	0	0.00000	0
411	A	1.00000	0	0.00000	0
412	P	1.00000	0	0.00000	0
413	A	1.00000	0	0.00000	0
414	G	1.00000	0	0.00000	0
415	D	1.00000	0	0.00000	0
416	S	1.00000	0	0.00000	0
417	G	1.00000	0	0.00000	0
418	P	1.00000	0	0.00000	0
419	A	1.00000	0	0.00000	0
420	E	1.00000	0	0.00000	0
421	T	1.00000	0	0.00000	0
422	S	1.00000	0	0.00000	0
423	R	1.00000	0	0.00000	0
424	A	1.00000	0	0.00000	0
425	K	1.00000	0	0.00000	0
426	V	1.00000	0	0.00000	0
427	A	1.00000	0	0.00000	0
428	K	1.00000	0	0.00000	0
429	L	1.00000	0	0.00000	0
430	C	1.00000	0	0.00000	0
431	N	1.00000	0	0.00000	0
432	K	1.00000	0	0.00000	0
433	S	1.00000	0	0.00000	0
434	L	1.00000	0	0.00000	0
435	H	1.00000	0	0.00000	0
436	R	1.00000	0	0.00000	0
437	T	1.00000	0	0.00000	0
438	C	1.00000	0	0.00000	0
439	C	1.00000	0	0.00000	0
440	C	1.00000	0	0.00000	0
441	I	1.00000	0	0.00000	0
442	L	1.00000	0	0.00000	0
443	R	1.00000	0	0.00000	0
444	A	1.00000	0	0.00000	0
445	R	1.00000	0	0.00000	0
446	T	1.00000	0	0.00000	0
447	P	1.00000	0	0.00000	0
448	P	1.00000	0	0.00000	0
449	R	1.00000	0	0.00000	0
450	E	1.00000	0	0.00000	0
451	S	1.00000	0	0.00000	0
452	G	1.00000	0	0.00000	0
453	C	1.00000	0	0.00000	0
454	A	1.00000	0	0.00000	0
455	H	1.00000	0	0.00000	0
456	P	1.00000	0	0.00000	0
457	T	1.00000	0	0.00000	0
458	S	1.00000	0	0.00000	0
459	T	1.00000	0	0.00000	0
460	R	1.00000	0	0.00000	0
461	N	1.00000	0	0.00000	0
462	L	1.00000	0	0.00000	0
463	P	1.00000	0	0.00000	0
464	T	1.00000	0	0.00000	0
465	I	1.00000	0	0.00000	0
466	K	1.00000	0	0.00000	0
467	I	1.00000	0	0.00000	0
468	H	1.00000	0	0.00000	0
469	Q	1.00000	0	0.00000	0
470	L	1.00000	0	0.00000	0
471	S	1.00000	0	0.00000	0
472	L	1.00000	0	0.00000	0
473	S	1.00000	0	0.00000	0
474	E	1.00000	0	0.00000	0
475	K	1.00000	0	0.00000	0
476	G	1.00000	0	0.00000	0
477	E	1.00000	0	0.00000	0
478	P	1.00000	0	0.00000	0
479	V	1.00000	0	0.00000	0
