# UNNAMED
#pos	aa	i	o	M	S
1	M	0.00000	1	0.00000	0
2	V	0.00000	1	0.00000	0
3	P	0.00000	1	0.00000	0
4	D	0.00000	1	0.00000	0
5	P	0.00000	1	0.00000	0
6	G	0.00000	1	0.00000	0
7	P	0.00000	1	0.00000	0
8	A	0.00000	1	0.00000	0
9	N	0.00000	1	0.00000	0
10	N	0.00000	1	0.00000	0
11	S	0.00000	1	0.00000	0
12	T	0.00000	1	0.00000	0
13	L	0.00000	1	0.00000	0
14	D	0.00000	1	0.00000	0
15	S	0.00000	1	0.00000	0
16	G	0.00000	1	0.00000	0
17	S	0.00000	1	0.00000	0
18	G	0.00000	1	0.00000	0
19	P	0.00000	1	0.00000	0
20	P	0.00000	1	0.00000	0
21	S	0.00000	1	0.00000	0
22	D	0.00000	1	0.00000	0
23	P	0.00000	1	0.00000	0
24	E	0.00000	0.99926	0.00074	0
25	G	0.00000	0.95441	0.04559	0
26	S	0.00000	0.83116	0.16884	0
27	V	0.00000	0.27849	0.72151	0
28	W	0.00000	0.04613	0.95387	0
29	V	0.00000	0.00562	0.99438	0
30	A	0.00000	0.00368	0.99632	0
31	A	0.00000	0.00209	0.99791	0
32	A	0.00000	0.00111	0.99889	0
33	L	0.00000	0.00035	0.99965	0
34	C	0.00000	0.00014	0.99986	0
35	V	0.00000	0	1.00000	0
36	V	0.00000	0	1.00000	0
37	I	0.00000	0	1.00000	0
38	T	0.00000	0	1.00000	0
39	L	0.00000	0	1.00000	0
40	T	0.00000	0	1.00000	0
41	A	0.00000	0	1.00000	0
42	A	0.00000	0	1.00000	0
43	A	0.00000	0	1.00000	0
44	N	0.00000	0	1.00000	0
45	S	0.00000	0	1.00000	0
46	L	0.00000	0	1.00000	0
47	L	0.00000	0	1.00000	0
48	I	0.00001	0	0.99999	0
49	A	0.00029	0	0.99971	0
50	L	0.00383	0	0.99617	0
51	I	0.05234	0	0.94766	0
52	C	0.44520	0	0.55480	0
53	T	0.96629	0	0.03371	0
54	Q	0.99950	0	0.00050	0
55	P	0.99999	0	0.00001	0
56	A	1.00000	0	0.00000	0
57	L	1.00000	0	0.00000	0
58	R	1.00000	0	0.00000	0
59	N	0.99895	0	0.00105	0
60	T	0.99495	0	0.00505	0
61	S	0.88396	0	0.11604	0
62	N	0.18787	0	0.81213	0
63	F	0.03128	0	0.96872	0
64	F	0.00311	0	0.99689	0
65	L	0.00005	0	0.99995	0
66	V	0.00000	0	1.00000	0
67	S	0.00000	0	1.00000	0
68	L	0.00000	0	1.00000	0
69	F	0.00000	0	1.00000	0
70	T	0.00000	0	1.00000	0
71	S	0.00000	0	1.00000	0
72	D	0.00000	0	1.00000	0
73	L	0.00000	0	1.00000	0
74	M	0.00000	0	1.00000	0
75	V	0.00000	0	1.00000	0
76	G	0.00000	0	1.00000	0
77	L	0.00000	0	1.00000	0
78	V	0.00000	0	1.00000	0
79	V	0.00000	2e-05	0.99998	0
80	M	0.00000	0.00034	0.99966	0
81	P	0.00000	0.00677	0.99323	0
82	P	0.00000	0.02234	0.97766	0
83	A	0.00000	0.09836	0.90164	0
84	M	0.00000	0.18996	0.81004	0
85	L	0.00000	0.50874	0.49126	0
86	N	0.00000	0.99997	0.00003	0
87	A	0.00000	1	0.00000	0
88	L	0.00000	1	0.00000	0
89	Y	0.00000	1	0.00000	0
90	G	0.00000	1	0.00000	0
91	R	0.00000	1	0.00000	0
92	W	0.00000	1	0.00000	0
93	V	0.00000	1	0.00000	0
94	L	0.00000	0.99999	0.00001	0
95	A	0.00000	0.99999	0.00001	0
96	R	0.00000	0.99998	0.00002	0
97	D	0.00000	0.99995	0.00005	0
98	L	0.00000	0.99981	0.00019	0
99	C	0.00000	0.99973	0.00027	0
100	L	0.00000	0.99881	0.00119	0
101	L	0.00000	0.9978	0.00220	0
102	W	0.00000	0.88528	0.11472	0
103	A	0.00000	0.25469	0.74531	0
104	A	0.00000	0.00836	0.99164	0
105	F	0.00000	7e-05	0.99993	0
106	D	0.00000	2e-05	0.99998	0
107	V	0.00000	0	1.00000	0
108	M	0.00000	0	1.00000	0
109	C	0.00000	0	1.00000	0
110	C	0.00000	0	1.00000	0
111	S	0.00000	0	1.00000	0
112	A	0.00000	0	1.00000	0
113	S	0.00000	0	1.00000	0
114	I	0.00000	0	1.00000	0
115	L	0.00000	0	1.00000	0
116	N	0.00000	0	1.00000	0
117	L	0.00000	0	1.00000	0
118	C	0.00000	0	1.00000	0
119	L	0.00000	0	1.00000	0
120	I	0.00000	0	1.00000	0
121	S	0.00000	0	1.00000	0
122	L	0.00000	0	1.00000	0
123	D	0.00002	0	0.99998	0
124	R	0.04378	0	0.95622	0
125	Y	0.33666	0	0.66334	0
126	L	0.76246	0	0.23754	0
127	L	0.88168	0	0.11832	0
128	I	0.99995	0	0.00005	0
129	L	1.00000	0	0.00000	0
130	S	1.00000	0	0.00000	0
131	P	1.00000	0	0.00000	0
132	L	1.00000	0	0.00000	0
133	R	1.00000	0	0.00000	0
134	Y	1.00000	0	0.00000	0
135	R	1.00000	0	0.00000	0
136	L	1.00000	0	0.00000	0
137	R	1.00000	0	0.00000	0
138	M	1.00000	0	0.00000	0
139	T	1.00000	0	0.00000	0
140	P	0.99998	0	0.00002	0
141	P	0.99966	0	0.00034	0
142	R	0.96126	0	0.03874	0
143	A	0.29301	0	0.70699	0
144	L	0.01325	0	0.98675	0
145	A	0.00324	0	0.99676	0
146	L	0.00022	0	0.99978	0
147	V	0.00000	0	1.00000	0
148	L	0.00000	0	1.00000	0
149	G	0.00000	0	1.00000	0
150	A	0.00000	0	1.00000	0
151	W	0.00000	0	1.00000	0
152	S	0.00000	0	1.00000	0
153	L	0.00000	0	1.00000	0
154	A	0.00000	0	1.00000	0
155	A	0.00000	0	1.00000	0
156	L	0.00000	0	1.00000	0
157	A	0.00000	0	1.00000	0
158	S	0.00000	0	1.00000	0
159	F	0.00000	0	1.00000	0
160	L	0.00000	0	1.00000	0
161	P	0.00000	0.00017	0.99983	0
162	L	0.00000	0.00096	0.99904	0
163	L	0.00000	0.01484	0.98516	0
164	L	0.00000	0.19515	0.80485	0
165	G	0.00000	0.8481	0.15190	0
166	W	0.00000	0.93726	0.06274	0
167	H	0.00000	0.99653	0.00347	0
168	E	0.00000	0.99998	0.00002	0
169	L	0.00000	0.99999	0.00001	0
170	G	0.00000	1	0.00000	0
171	R	0.00000	1	0.00000	0
172	A	0.00000	1	0.00000	0
173	R	0.00000	1	0.00000	0
174	A	0.00000	1	0.00000	0
175	P	0.00000	1	0.00000	0
176	A	0.00000	1	0.00000	0
177	P	0.00000	1	0.00000	0
178	G	0.00000	1	0.00000	0
179	Q	0.00000	1	0.00000	0
180	C	0.00000	0.99976	0.00024	0
181	R	0.00000	0.99958	0.00042	0
182	L	0.00000	0.09337	0.90663	0
183	L	0.00000	0.0878	0.91220	0
184	A	0.00000	0.08086	0.91914	0
185	S	0.00000	0.0804	0.91960	0
186	L	0.00000	0.0741	0.92590	0
187	P	0.00000	0.07285	0.92715	0
188	F	0.00000	0.01748	0.98252	0
189	V	0.00000	0.00019	0.99981	0
190	L	0.00000	0.00011	0.99989	0
191	V	0.00000	1e-05	0.99999	0
192	A	0.00000	0	1.00000	0
193	S	0.00000	0	1.00000	0
194	G	0.00000	0	1.00000	0
195	L	0.00000	0	1.00000	0
196	T	0.00000	0	1.00000	0
197	F	0.00000	0	1.00000	0
198	F	0.00000	0	1.00000	0
199	L	0.00000	0	1.00000	0
200	P	0.00000	0	1.00000	0
201	S	0.00000	0	1.00000	0
202	G	0.00000	0	1.00000	0
203	A	0.00000	0	1.00000	0
204	I	0.00001	0	0.99999	0
205	C	0.00010	0	0.99990	0
206	F	0.01005	0	0.98995	0
207	T	0.26869	0	0.73131	0
208	Y	0.41059	0	0.58941	0
209	S	0.88799	0	0.11201	0
210	R	0.92138	0	0.07862	0
211	I	0.92240	0	0.07760	0
212	L	0.92672	0	0.07328	0
213	L	0.95575	0	0.04425	0
214	A	0.97376	0	0.02624	0
215	A	0.99984	0	0.00016	0
216	R	1.00000	0	0.00000	0
217	K	1.00000	0	0.00000	0
218	Q	1.00000	0	0.00000	0
219	A	1.00000	0	0.00000	0
220	V	1.00000	0	0.00000	0
221	Q	1.00000	0	0.00000	0
222	V	1.00000	0	0.00000	0
223	A	1.00000	0	0.00000	0
224	S	1.00000	0	0.00000	0
225	L	1.00000	0	0.00000	0
226	T	1.00000	0	0.00000	0
227	T	1.00000	0	0.00000	0
228	G	1.00000	0	0.00000	0
229	T	1.00000	0	0.00000	0
230	A	1.00000	0	0.00000	0
231	G	1.00000	0	0.00000	0
232	Q	1.00000	0	0.00000	0
233	A	1.00000	0	0.00000	0
234	L	1.00000	0	0.00000	0
235	E	1.00000	0	0.00000	0
236	T	1.00000	0	0.00000	0
237	L	1.00000	0	0.00000	0
238	Q	1.00000	0	0.00000	0
239	V	1.00000	0	0.00000	0
240	P	1.00000	0	0.00000	0
241	R	1.00000	0	0.00000	0
242	T	1.00000	0	0.00000	0
243	P	1.00000	0	0.00000	0
244	R	1.00000	0	0.00000	0
245	P	1.00000	0	0.00000	0
246	G	1.00000	0	0.00000	0
247	A	1.00000	0	0.00000	0
248	E	1.00000	0	0.00000	0
249	S	1.00000	0	0.00000	0
250	A	1.00000	0	0.00000	0
251	D	1.00000	0	0.00000	0
252	S	1.00000	0	0.00000	0
253	R	1.00000	0	0.00000	0
254	R	1.00000	0	0.00000	0
255	L	1.00000	0	0.00000	0
256	A	1.00000	0	0.00000	0
257	T	1.00000	0	0.00000	0
258	K	1.00000	0	0.00000	0
259	H	1.00000	0	0.00000	0
260	S	0.99991	0	0.00009	0
261	R	0.99496	0	0.00504	0
262	K	0.75308	0	0.24692	0
263	A	0.75057	0	0.24943	0
264	L	0.56256	0	0.43744	0
265	K	0.56180	0	0.43820	0
266	A	0.13129	0	0.86871	0
267	S	0.12968	0	0.87032	0
268	L	0.12722	0	0.87278	0
269	T	0.12670	0	0.87330	0
270	L	0.00308	0	0.99692	0
271	G	0.00032	0	0.99968	0
272	I	0.00001	0	0.99999	0
273	L	0.00001	0	0.99999	0
274	L	0.00000	0	1.00000	0
275	G	0.00000	0	1.00000	0
276	M	0.00000	0	1.00000	0
277	F	0.00000	0	1.00000	0
278	F	0.00000	0	1.00000	0
279	V	0.00000	0	1.00000	0
280	T	0.00000	0	1.00000	0
281	W	0.00000	0	1.00000	0
282	L	0.00000	4e-05	0.99996	0
283	P	0.00000	0.00063	0.99937	0
284	F	0.00000	0.00105	0.99895	0
285	F	0.00000	0.00511	0.99489	0
286	V	0.00000	0.032	0.96800	0
287	A	0.00000	0.11186	0.88814	0
288	N	0.00000	0.31084	0.68916	0
289	I	0.00000	0.36271	0.63729	0
290	V	0.00000	0.50904	0.49096	0
291	Q	0.00000	0.78699	0.21301	0
292	A	0.00000	0.82961	0.17039	0
293	V	0.00000	0.88627	0.11373	0
294	C	0.00000	0.98681	0.01319	0
295	S	0.00000	0.99596	0.00404	0
296	C	0.00000	0.99926	0.00074	0
297	I	0.00000	0.99935	0.00065	0
298	S	0.00000	0.99946	0.00054	0
299	P	0.00000	0.99948	0.00052	0
300	G	0.00000	0.99929	0.00071	0
301	L	0.00000	0.99342	0.00658	0
302	F	0.00000	0.99187	0.00813	0
303	D	0.00000	0.94571	0.05429	0
304	V	0.00000	0.00891	0.99109	0
305	L	0.00000	0.00028	0.99972	0
306	T	0.00000	0	1.00000	0
307	W	0.00000	0	1.00000	0
308	L	0.00000	0	1.00000	0
309	G	0.00002	0	0.99998	0
310	Y	0.00007	0	0.99993	0
311	C	0.00030	0	0.99970	0
312	N	0.00045	0	0.99955	0
313	S	0.00045	0	0.99955	0
314	T	0.00045	0	0.99955	0
315	M	0.00045	0	0.99955	0
316	N	0.00045	0	0.99955	0
317	P	0.00045	0	0.99955	0
318	I	0.00045	0	0.99955	0
319	I	0.00045	0	0.99955	0
320	Y	0.00046	0	0.99954	0
321	P	0.00053	0	0.99947	0
322	L	0.00074	0	0.99926	0
323	F	0.04548	0	0.95452	0
324	M	0.18136	0	0.81864	0
325	R	1.00000	0	0.00000	0
326	D	1.00000	0	0.00000	0
327	F	1.00000	0	0.00000	0
328	K	1.00000	0	0.00000	0
329	R	1.00000	0	0.00000	0
330	A	1.00000	0	0.00000	0
331	L	1.00000	0	0.00000	0
332	G	1.00000	0	0.00000	0
333	R	1.00000	0	0.00000	0
334	F	1.00000	0	0.00000	0
335	L	1.00000	0	0.00000	0
336	P	1.00000	0	0.00000	0
337	C	1.00000	0	0.00000	0
338	P	1.00000	0	0.00000	0
339	R	1.00000	0	0.00000	0
340	C	1.00000	0	0.00000	0
341	P	1.00000	0	0.00000	0
342	R	1.00000	0	0.00000	0
343	E	1.00000	0	0.00000	0
344	H	1.00000	0	0.00000	0
345	Q	1.00000	0	0.00000	0
346	A	1.00000	0	0.00000	0
347	S	1.00000	0	0.00000	0
348	L	1.00000	0	0.00000	0
349	A	1.00000	0	0.00000	0
350	S	1.00000	0	0.00000	0
351	P	1.00000	0	0.00000	0
352	S	1.00000	0	0.00000	0
353	M	1.00000	0	0.00000	0
354	R	1.00000	0	0.00000	0
355	T	1.00000	0	0.00000	0
356	S	1.00000	0	0.00000	0
357	H	1.00000	0	0.00000	0
358	S	1.00000	0	0.00000	0
359	G	1.00000	0	0.00000	0
360	P	1.00000	0	0.00000	0
361	R	1.00000	0	0.00000	0
362	P	1.00000	0	0.00000	0
363	G	1.00000	0	0.00000	0
364	L	1.00000	0	0.00000	0
365	S	1.00000	0	0.00000	0
366	L	1.00000	0	0.00000	0
367	Q	1.00000	0	0.00000	0
368	H	1.00000	0	0.00000	0
369	V	1.00000	0	0.00000	0
370	L	1.00000	0	0.00000	0
371	P	1.00000	0	0.00000	0
372	L	1.00000	0	0.00000	0
373	P	1.00000	0	0.00000	0
374	L	1.00000	0	0.00000	0
375	P	1.00000	0	0.00000	0
376	P	1.00000	0	0.00000	0
377	G	1.00000	0	0.00000	0
378	S	1.00000	0	0.00000	0
379	D	1.00000	0	0.00000	0
380	S	1.00000	0	0.00000	0
381	D	1.00000	0	0.00000	0
382	S	1.00000	0	0.00000	0
383	G	1.00000	0	0.00000	0
384	S	1.00000	0	0.00000	0
385	G	1.00000	0	0.00000	0
386	C	1.00000	0	0.00000	0
387	S	1.00000	0	0.00000	0
388	S	1.00000	0	0.00000	0
389	G	1.00000	0	0.00000	0
390	L	1.00000	0	0.00000	0
391	Q	1.00000	0	0.00000	0
392	L	1.00000	0	0.00000	0
393	R	1.00000	0	0.00000	0
394	A	1.00000	0	0.00000	0
395	Q	1.00000	0	0.00000	0
396	L	1.00000	0	0.00000	0
397	L	1.00000	0	0.00000	0
398	L	1.00000	0	0.00000	0
399	P	1.00000	0	0.00000	0
400	G	1.00000	0	0.00000	0
401	E	1.00000	0	0.00000	0
402	A	1.00000	0	0.00000	0
403	A	1.00000	0	0.00000	0
404	R	1.00000	0	0.00000	0
405	D	1.00000	0	0.00000	0
406	P	1.00000	0	0.00000	0
407	L	1.00000	0	0.00000	0
408	P	1.00000	0	0.00000	0
409	P	1.00000	0	0.00000	0
410	A	1.00000	0	0.00000	0
411	R	1.00000	0	0.00000	0
412	A	1.00000	0	0.00000	0
413	T	1.00000	0	0.00000	0
414	A	1.00000	0	0.00000	0
415	T	1.00000	0	0.00000	0
416	V	1.00000	0	0.00000	0
417	S	1.00000	0	0.00000	0
418	F	1.00000	0	0.00000	0
419	F	1.00000	0	0.00000	0
420	N	1.00000	0	0.00000	0
421	M	1.00000	0	0.00000	0
422	D	1.00000	0	0.00000	0
423	P	1.00000	0	0.00000	0
424	V	1.00000	0	0.00000	0
425	E	1.00000	0	0.00000	0
426	P	1.00000	0	0.00000	0
427	E	1.00000	0	0.00000	0
428	L	1.00000	0	0.00000	0
429	R	1.00000	0	0.00000	0
430	L	1.00000	0	0.00000	0
431	R	1.00000	0	0.00000	0
432	P	1.00000	0	0.00000	0
433	L	1.00000	0	0.00000	0
434	G	1.00000	0	0.00000	0
435	T	1.00000	0	0.00000	0
436	P	1.00000	0	0.00000	0
437	T	1.00000	0	0.00000	0
438	N	1.00000	0	0.00000	0
