# UNNAMED
#pos	aa	i	o	M	S
1	M	0.00000	0.99988	0.00000	0.00012
2	E	0.00000	0.99988	0.00000	0.00011
3	S	0.00000	0.99988	0.00000	0.00012
4	S	0.00000	0.99988	0.00000	0.00012
5	N	0.00000	0.99988	0.00000	0.00012
6	V	0.00000	0.99988	0.00000	0.00012
7	S	0.00000	0.99988	0.00000	0.00012
8	T	0.00000	0.99988	0.00000	0.00012
9	S	0.00000	0.99988	0.00000	0.00012
10	A	0.00000	0.99988	0.00000	0.00011
11	A	0.00000	0.99988	0.00000	0.00012
12	L	0.00000	0.99988	0.00000	0.00012
13	T	0.00000	0.99988	0.00000	0.00012
14	F	0.00000	0.99996	0.00000	4e-05
15	T	0.00000	0.99996	0.00000	4e-05
16	S	0.00000	0.99997	0.00000	3e-05
17	G	0.00000	0.99997	0.00000	3e-05
18	P	0.00000	0.99997	0.00000	3e-05
19	E	0.00000	0.99997	0.00000	3e-05
20	G	0.00000	0.99999	0.00000	1e-05
21	Y	0.00000	0.99999	0.00000	1e-05
22	N	0.00000	0.99999	0.00000	1e-05
23	S	0.00000	0.99999	0.00000	1e-05
24	S	0.00000	0.99999	0.00000	1e-05
25	P	0.00000	0.99999	0.00000	1e-05
26	S	0.00000	0.99999	0.00000	1e-05
27	S	0.00000	1	0.00000	0
28	F	0.00000	1	0.00000	0
29	R	0.00000	1	0.00000	0
30	A	0.00000	1	0.00000	0
31	V	0.00000	1	0.00000	0
32	G	0.00000	1	0.00000	0
33	K	0.00000	1	0.00000	0
34	Q	0.00000	1	0.00000	0
35	G	0.00000	1	0.00000	0
36	D	0.00000	1	0.00000	0
37	V	0.00000	1	0.00000	0
38	G	0.00000	1	0.00000	0
39	E	0.00000	1	0.00000	0
40	V	0.00000	1	0.00000	0
41	E	0.00000	1	0.00000	0
42	G	0.00000	1	0.00000	0
43	I	0.00000	1	0.00000	0
44	L	0.00000	1	0.00000	0
45	H	0.00000	1	0.00000	0
46	S	0.00000	1	0.00000	0
47	K	0.00000	1	0.00000	0
48	E	0.00000	0.99998	0.00002	0
49	P	0.00000	0.99888	0.00112	0
50	P	0.00000	0.9871	0.01290	0
51	F	0.00000	0.86551	0.13449	0
52	S	0.00000	0.80269	0.19731	0
53	V	0.00000	0.56445	0.43555	0
54	F	0.00000	0.28865	0.71135	0
55	T	0.00000	0.21675	0.78325	0
56	V	0.00000	0.07122	0.92878	0
57	L	0.00000	0.02661	0.97339	0
58	I	0.00000	0.00547	0.99453	0
59	L	0.00000	0.00196	0.99804	0
60	T	0.00000	0.00075	0.99925	0
61	L	0.00000	0.00031	0.99969	0
62	L	0.00000	6e-05	0.99994	0
63	V	0.00000	0	1.00000	0
64	L	0.00000	0	1.00000	0
65	L	0.00000	0	1.00000	0
66	I	0.00000	0	1.00000	0
67	V	0.00000	0	1.00000	0
68	A	0.00000	0	1.00000	0
69	T	0.00000	0	1.00000	0
70	F	0.00000	0	1.00000	0
71	L	0.00000	0	1.00000	0
72	W	0.00000	0	1.00000	0
73	N	0.00004	0	0.99996	0
74	L	0.00010	0	0.99990	0
75	L	0.00216	0	0.99784	0
76	V	0.01975	0	0.98025	0
77	L	0.16562	0	0.83438	0
78	A	0.18279	0	0.81721	0
79	T	0.34293	0	0.65707	0
80	I	0.37830	0	0.62170	0
81	L	0.61653	0	0.38347	0
82	R	0.98589	0	0.01411	0
83	V	0.99250	0	0.00750	0
84	R	0.99984	0	0.00016	0
85	A	0.99997	0	0.00003	0
86	F	0.99999	0	0.00001	0
87	H	1.00000	0	0.00000	0
88	R	1.00000	0	0.00000	0
89	V	0.99998	0	0.00002	0
90	P	0.99997	0	0.00003	0
91	H	0.08524	0	0.91476	0
92	N	0.01172	0	0.98828	0
93	L	0.00017	0	0.99983	0
94	V	0.00002	0	0.99998	0
95	A	0.00000	0	1.00000	0
96	S	0.00000	0	1.00000	0
97	T	0.00000	0	1.00000	0
98	A	0.00000	0	1.00000	0
99	V	0.00000	0	1.00000	0
100	S	0.00000	0	1.00000	0
101	D	0.00000	0	1.00000	0
102	V	0.00000	0	1.00000	0
103	L	0.00000	0	1.00000	0
104	V	0.00000	0	1.00000	0
105	A	0.00000	0	1.00000	0
106	A	0.00000	0	1.00000	0
107	L	0.00000	0	1.00000	0
108	V	0.00000	0	1.00000	0
109	M	0.00000	4e-05	0.99996	0
110	P	0.00000	0.00186	0.99814	0
111	L	0.00000	0.02537	0.97463	0
112	S	0.00000	0.28982	0.71018	0
113	L	0.00000	0.39808	0.60192	0
114	V	0.00000	0.63985	0.36015	0
115	S	0.00000	0.99992	0.00008	0
116	E	0.00000	0.99997	0.00003	0
117	V	0.00000	0.99997	0.00003	0
118	S	0.00000	1	0.00000	0
119	T	0.00000	1	0.00000	0
120	G	0.00000	1	0.00000	0
121	K	0.00000	1	0.00000	0
122	R	0.00000	1	0.00000	0
123	W	0.00000	1	0.00000	0
124	R	0.00000	1	0.00000	0
125	L	0.00000	1	0.00000	0
126	G	0.00000	1	0.00000	0
127	R	0.00000	0.99999	0.00001	0
128	V	0.00000	0.99989	0.00011	0
129	L	0.00000	0.99987	0.00013	0
130	C	0.00000	0.99982	0.00018	0
131	H	0.00000	0.99958	0.00042	0
132	V	0.00000	0.9989	0.00110	0
133	W	0.00000	0.91473	0.08527	0
134	I	0.00000	0.2415	0.75850	0
135	S	0.00000	0.04656	0.95344	0
136	F	0.00000	0.00071	0.99929	0
137	D	0.00000	0.00029	0.99971	0
138	V	0.00000	1e-05	0.99999	0
139	L	0.00000	0	1.00000	0
140	C	0.00000	0	1.00000	0
141	C	0.00000	0	1.00000	0
142	T	0.00000	0	1.00000	0
143	A	0.00000	0	1.00000	0
144	S	0.00000	0	1.00000	0
145	I	0.00000	0	1.00000	0
146	W	0.00000	0	1.00000	0
147	N	0.00000	0	1.00000	0
148	V	0.00000	0	1.00000	0
149	A	0.00000	0	1.00000	0
150	A	0.00000	0	1.00000	0
151	I	0.00000	0	1.00000	0
152	A	0.00000	0	1.00000	0
153	L	0.00000	0	1.00000	0
154	D	0.00001	0	0.99999	0
155	R	0.00869	0	0.99131	0
156	Y	0.07015	0	0.92985	0
157	W	0.16460	0	0.83540	0
158	T	0.44080	0	0.55920	0
159	I	0.99986	0	0.00014	0
160	T	1.00000	0	0.00000	0
161	R	1.00000	0	0.00000	0
162	H	1.00000	0	0.00000	0
163	I	1.00000	0	0.00000	0
164	Q	1.00000	0	0.00000	0
165	Y	1.00000	0	0.00000	0
166	T	1.00000	0	0.00000	0
167	L	1.00000	0	0.00000	0
168	R	1.00000	0	0.00000	0
169	T	1.00000	0	0.00000	0
170	R	1.00000	0	0.00000	0
171	S	0.99988	0	0.00012	0
172	R	0.99883	0	0.00117	0
173	A	0.84469	0	0.15531	0
174	S	0.74217	0	0.25783	0
175	N	0.41143	0	0.58857	0
176	L	0.02647	0	0.97353	0
177	M	0.00301	0	0.99699	0
178	I	0.00003	0	0.99997	0
179	V	0.00000	0	1.00000	0
180	L	0.00000	0	1.00000	0
181	T	0.00000	0	1.00000	0
182	W	0.00000	0	1.00000	0
183	A	0.00000	0	1.00000	0
184	L	0.00000	0	1.00000	0
185	S	0.00000	0	1.00000	0
186	A	0.00000	0	1.00000	0
187	L	0.00000	0	1.00000	0
188	I	0.00000	0	1.00000	0
189	A	0.00000	0	1.00000	0
190	F	0.00000	0	1.00000	0
191	A	0.00000	2e-05	0.99998	0
192	P	0.00000	0.00056	0.99944	0
193	L	0.00000	0.0021	0.99790	0
194	L	0.00000	0.02319	0.97681	0
195	F	0.00000	0.11463	0.88537	0
196	G	0.00000	0.65808	0.34192	0
197	W	0.00000	0.78136	0.21864	0
198	G	0.00000	0.97782	0.02218	0
199	E	0.00000	0.99976	0.00024	0
200	V	0.00000	0.99992	0.00008	0
201	Y	0.00000	0.99998	0.00002	0
202	S	0.00000	1	0.00000	0
203	A	0.00000	1	0.00000	0
204	E	0.00000	1	0.00000	0
205	L	0.00000	1	0.00000	0
206	Q	0.00000	1	0.00000	0
207	R	0.00000	1	0.00000	0
208	C	0.00000	1	0.00000	0
209	Q	0.00000	1	0.00000	0
210	V	0.00000	1	0.00000	0
211	S	0.00000	0.99999	0.00001	0
212	Q	0.00000	0.99996	0.00004	0
213	E	0.00000	0.9996	0.00040	0
214	P	0.00000	0.99369	0.00631	0
215	S	0.00000	0.49581	0.50419	0
216	Y	0.00000	0.28784	0.71216	0
217	V	0.00000	0.0333	0.96670	0
218	V	0.00000	0.00033	0.99967	0
219	F	0.00000	8e-05	0.99992	0
220	S	0.00000	8e-05	0.99992	0
221	T	0.00000	6e-05	0.99994	0
222	C	0.00000	6e-05	0.99994	0
223	G	0.00000	0	1.00000	0
224	A	0.00000	0	1.00000	0
225	F	0.00000	0	1.00000	0
226	Y	0.00000	0	1.00000	0
227	V	0.00000	0	1.00000	0
228	P	0.00000	0	1.00000	0
229	L	0.00000	0	1.00000	0
230	G	0.00000	0	1.00000	0
231	V	0.00000	0	1.00000	0
232	V	0.00000	0	1.00000	0
233	L	0.00000	0	1.00000	0
234	F	0.00000	0	1.00000	0
235	V	0.00000	0	1.00000	0
236	Y	0.00008	0	0.99992	0
237	W	0.00362	0	0.99638	0
238	K	0.15490	0	0.84510	0
239	I	0.16873	0	0.83127	0
240	Y	0.28481	0	0.71519	0
241	K	0.99194	0	0.00806	0
242	A	0.99710	0	0.00290	0
243	A	0.99981	0	0.00019	0
244	K	0.99996	0	0.00004	0
245	F	0.99996	0	0.00004	0
246	R	1.00000	0	0.00000	0
247	I	1.00000	0	0.00000	0
248	G	1.00000	0	0.00000	0
249	R	1.00000	0	0.00000	0
250	R	1.00000	0	0.00000	0
251	R	1.00000	0	0.00000	0
252	V	1.00000	0	0.00000	0
253	A	1.00000	0	0.00000	0
254	V	1.00000	0	0.00000	0
255	L	1.00000	0	0.00000	0
256	P	1.00000	0	0.00000	0
257	L	1.00000	0	0.00000	0
258	P	1.00000	0	0.00000	0
259	E	1.00000	0	0.00000	0
260	T	1.00000	0	0.00000	0
261	V	1.00000	0	0.00000	0
262	Q	1.00000	0	0.00000	0
263	A	1.00000	0	0.00000	0
264	K	1.00000	0	0.00000	0
265	E	1.00000	0	0.00000	0
266	A	1.00000	0	0.00000	0
267	P	1.00000	0	0.00000	0
268	Q	1.00000	0	0.00000	0
269	E	1.00000	0	0.00000	0
270	A	1.00000	0	0.00000	0
271	Q	1.00000	0	0.00000	0
272	M	1.00000	0	0.00000	0
273	V	1.00000	0	0.00000	0
274	F	1.00000	0	0.00000	0
275	T	1.00000	0	0.00000	0
276	A	1.00000	0	0.00000	0
277	R	1.00000	0	0.00000	0
278	H	1.00000	0	0.00000	0
279	A	1.00000	0	0.00000	0
280	T	1.00000	0	0.00000	0
281	L	1.00000	0	0.00000	0
282	A	1.00000	0	0.00000	0
283	V	1.00000	0	0.00000	0
284	Q	1.00000	0	0.00000	0
285	T	1.00000	0	0.00000	0
286	H	1.00000	0	0.00000	0
287	G	1.00000	0	0.00000	0
288	E	1.00000	0	0.00000	0
289	T	1.00000	0	0.00000	0
290	W	1.00000	0	0.00000	0
291	R	1.00000	0	0.00000	0
292	E	1.00000	0	0.00000	0
293	Q	1.00000	0	0.00000	0
294	K	1.00000	0	0.00000	0
295	E	1.00000	0	0.00000	0
296	K	0.96964	0	0.03036	0
297	R	0.87928	0	0.12072	0
298	A	0.01220	0	0.98780	0
299	A	0.00949	0	0.99051	0
300	L	0.00881	0	0.99119	0
301	M	0.00839	0	0.99161	0
302	V	0.00018	0	0.99982	0
303	G	0.00002	0	0.99998	0
304	I	0.00001	0	0.99999	0
305	L	0.00000	0	1.00000	0
306	I	0.00000	0	1.00000	0
307	G	0.00000	0	1.00000	0
308	V	0.00000	0	1.00000	0
309	F	0.00000	0	1.00000	0
310	V	0.00000	0	1.00000	0
311	L	0.00000	0	1.00000	0
312	C	0.00000	0	1.00000	0
313	W	0.00000	0	1.00000	0
314	I	0.00000	0	1.00000	0
315	P	0.00000	0	1.00000	0
316	F	0.00000	0	1.00000	0
317	F	0.00000	4e-05	0.99996	0
318	L	0.00000	0.00957	0.99043	0
319	T	0.00000	0.1677	0.83230	0
320	E	0.00000	0.39264	0.60736	0
321	L	0.00000	0.41545	0.58455	0
322	I	0.00000	0.51915	0.48085	0
323	T	0.00000	0.81285	0.18715	0
324	P	0.00000	0.92948	0.07052	0
325	L	0.00000	0.95416	0.04584	0
326	C	0.00000	0.99688	0.00312	0
327	S	0.00000	0.99928	0.00072	0
328	C	0.00000	0.9999	0.00010	0
329	S	0.00000	0.99993	0.00007	0
330	I	0.00000	0.99994	0.00006	0
331	P	0.00000	0.99991	0.00009	0
332	P	0.00000	0.99984	0.00016	0
333	I	0.00000	0.99864	0.00136	0
334	W	0.00000	0.99811	0.00189	0
335	K	0.00000	0.99777	0.00223	0
336	S	0.00000	0.82269	0.17731	0
337	I	0.00000	0.0069	0.99310	0
338	F	0.00000	0.00026	0.99974	0
339	L	0.00000	0	1.00000	0
340	W	0.00000	0	1.00000	0
341	L	0.00000	0	1.00000	0
342	G	0.00000	0	1.00000	0
343	Y	0.00000	0	1.00000	0
344	S	0.00000	0	1.00000	0
345	N	0.00000	0	1.00000	0
346	S	0.00000	0	1.00000	0
347	F	0.00000	0	1.00000	0
348	F	0.00000	0	1.00000	0
349	N	0.00000	0	1.00000	0
350	P	0.00000	0	1.00000	0
351	L	0.00000	0	1.00000	0
352	I	0.00000	0	1.00000	0
353	Y	0.00002	0	0.99998	0
354	T	0.00013	0	0.99987	0
355	A	0.00100	0	0.99900	0
356	F	0.04649	0	0.95351	0
357	N	0.51719	0	0.48281	0
358	K	0.99999	0	0.00001	0
359	N	0.99999	0	0.00001	0
360	Y	0.99999	0	0.00001	0
361	N	0.99999	0	0.00001	0
362	S	0.99999	0	0.00001	0
363	A	0.99999	0	0.00001	0
364	F	0.99999	0	0.00001	0
365	K	1.00000	0	0.00000	0
366	S	1.00000	0	0.00000	0
367	F	1.00000	0	0.00000	0
368	F	1.00000	0	0.00000	0
369	T	1.00000	0	0.00000	0
370	K	1.00000	0	0.00000	0
371	Q	1.00000	0	0.00000	0
372	R	1.00000	0	0.00000	0
