# UNNAMED
#pos	aa	i	o	M	S
1	M	0.00000	0.73429	0.00000	0.26571
2	L	0.00000	0.73429	0.00000	0.26571
3	P	0.00000	0.73429	0.00000	0.26571
4	P	0.00000	0.73424	0.00005	0.26571
5	I	0.00000	0.73374	0.00055	0.26571
6	V	0.00000	0.73358	0.00071	0.26571
7	K	0.00000	0.73356	0.00073	0.26571
8	I	0.00000	0.73278	0.00152	0.2657
9	I	0.00000	0.73271	0.00158	0.2657
10	I	0.00000	0.73271	0.00158	0.2657
11	M	0.00000	0.73271	0.00158	0.2657
12	T	0.00000	0.73271	0.00158	0.26571
13	I	0.00000	0.73272	0.00158	0.2657
14	E	0.00000	0.73272	0.00158	0.2657
15	S	0.00000	0.73407	0.00158	0.26435
16	A	0.00000	0.73859	0.00158	0.25984
17	G	0.00000	0.73864	0.00158	0.25979
18	Q	0.00000	0.97721	0.00158	0.02122
19	F	0.00000	0.99814	0.00158	0.00028
20	C	0.00000	0.99814	0.00158	0.00028
21	T	0.00000	0.99814	0.00158	0.00028
22	P	0.00000	0.99815	0.00158	0.00028
23	S	0.00001	0.99815	0.00157	0.00027
24	G	0.00008	0.99842	0.00150	0
25	N	0.00019	0.9984	0.00140	0
26	L	0.00023	0.99771	0.00207	0
27	K	0.00113	0.99765	0.00123	0
28	R	0.00139	0.99749	0.00111	0
29	P	0.00152	0.997	0.00148	0
30	P	0.00156	0.99646	0.00197	0
31	S	0.00158	0.99498	0.00345	0
32	E	0.00158	0.99331	0.00511	0
33	G	0.00157	0.92772	0.07071	0
34	L	0.00138	0.69502	0.30360	0
35	L	0.00135	0.64109	0.35756	0
36	E	0.00135	0.63547	0.36319	0
37	V	0.00107	0.05425	0.94468	0
38	F	0.00065	0.01692	0.98243	0
39	G	0.00063	0.01665	0.98272	0
40	E	0.00055	0.01639	0.98306	0
41	K	0.00039	0.01319	0.98642	0
42	M	0.00000	0.00095	0.99905	0
43	C	0.00000	7e-05	0.99993	0
44	I	0.00000	7e-05	0.99993	0
45	F	0.00000	7e-05	0.99993	0
46	L	0.00054	7e-05	0.99939	0
47	G	0.00082	7e-05	0.99911	0
48	D	0.00130	7e-05	0.99863	0
49	S	0.00133	7e-05	0.99860	0
50	S	0.00134	7e-05	0.99859	0
51	L	0.00135	7e-05	0.99858	0
52	E	0.00165	7e-05	0.99828	0
53	V	0.00214	7e-05	0.99779	0
54	D	0.01658	7e-05	0.98335	0
55	F	0.01855	7e-05	0.98137	0
56	L	0.11774	0.00011	0.88216	0
57	K	0.77677	0.00036	0.22287	0
58	N	0.94111	0.00054	0.05835	0
59	L	0.95092	0.00049	0.04859	0
60	H	0.98436	0.00144	0.01420	0
61	K	0.99669	0.00149	0.00182	0
62	K	0.99696	0.00157	0.00147	0
63	Y	0.99695	0.00157	0.00148	0
64	C	0.99695	0.00158	0.00148	0
65	P	0.99696	0.00158	0.00146	0
66	V	0.24488	0.00158	0.75354	0
67	L	0.00169	0.00158	0.99673	0
68	V	0.00022	0.00158	0.99820	0
69	I	0.00013	0.00158	0.99829	0
70	E	0.00013	0.00158	0.99829	0
71	L	0.00010	0.00158	0.99833	0
72	T	0.00007	0.00158	0.99835	0
73	L	0.00003	0.00158	0.99839	0
74	Q	0.00003	0.00158	0.99839	0
75	L	0.00002	0.00158	0.99840	0
76	Y	0.00002	0.00158	0.99840	0
77	G	0.00003	0.00159	0.99837	0
78	V	0.00005	0.00167	0.99827	0
79	E	0.00009	0.00265	0.99726	0
80	L	0.00007	0.00268	0.99725	0
81	K	0.00007	0.00283	0.99710	0
82	M	0.00006	0.00286	0.99707	0
83	K	0.00004	0.00446	0.99549	0
84	Y	0.00000	0.06482	0.93518	0
85	R	0.00000	0.44225	0.55775	0
86	T	0.00000	0.96741	0.03259	0
87	N	0.00000	0.99673	0.00327	0
88	T	0.00000	0.9995	0.00050	0
89	V	0.00000	0.99957	0.00043	0
90	N	0.00000	0.99973	0.00027	0
91	T	0.00000	0.99974	0.00026	0
92	V	0.00000	0.99975	0.00025	0
93	L	0.00000	0.99978	0.00022	0
94	D	0.00000	0.99988	0.00012	0
95	Y	0.00000	0.99989	0.00011	0
96	V	0.00000	0.99989	0.00011	0
97	W	0.00000	0.99989	0.00011	0
98	P	0.00000	0.9999	0.00010	0
99	L	0.00000	0.9999	0.00010	0
100	P	0.00000	0.99993	0.00007	0
101	R	0.00000	0.99996	0.00004	0
102	Y	0.00000	0.99999	0.00001	0
103	L	0.00000	0.99999	0.00001	0
104	C	0.00000	0.99998	0.00002	0
105	P	0.00000	0.99994	0.00006	0
106	V	0.00000	0.99888	0.00112	0
107	W	0.00000	0.90242	0.09758	0
108	I	0.00000	0.39687	0.60313	0
109	S	0.00000	0.31102	0.68898	0
110	L	0.00000	0.01385	0.98615	0
111	D	0.00000	0.00456	0.99544	0
112	V	0.00000	0.00014	0.99986	0
113	L	0.00000	0	1.00000	0
114	F	0.00000	0	1.00000	0
115	S	0.00000	0	1.00000	0
116	T	0.00000	0	1.00000	0
117	A	0.00000	0	1.00000	0
118	S	0.00000	0	1.00000	0
119	I	0.00000	0	1.00000	0
120	M	0.00000	0	1.00000	0
121	H	0.00000	0	1.00000	0
122	L	0.00000	0	1.00000	0
123	C	0.00000	0	1.00000	0
124	A	0.00000	0	1.00000	0
125	I	0.00000	0	1.00000	0
126	S	0.00000	0	1.00000	0
127	L	0.00000	0	1.00000	0
128	D	0.00001	0	0.99999	0
129	R	0.02168	0	0.97832	0
130	Y	0.23625	0	0.76375	0
131	V	0.77101	0	0.22899	0
132	A	0.85527	0	0.14473	0
133	I	0.99999	0	0.00001	0
134	R	1.00000	0	0.00000	0
135	N	1.00000	0	0.00000	0
136	P	1.00000	0	0.00000	0
137	I	1.00000	0	0.00000	0
138	E	1.00000	0	0.00000	0
139	H	1.00000	0	0.00000	0
140	S	1.00000	0	0.00000	0
141	R	1.00000	0	0.00000	0
142	F	1.00000	0	0.00000	0
143	N	1.00000	0	0.00000	0
144	S	1.00000	0	0.00000	0
145	R	1.00000	0	0.00000	0
146	T	0.99991	0	0.00009	0
147	K	0.99805	0	0.00195	0
148	A	0.55543	0	0.44457	0
149	I	0.13079	0	0.86921	0
150	M	0.07897	0	0.92103	0
151	K	0.06651	0	0.93349	0
152	I	0.00024	0	0.99976	0
153	A	0.00000	0	1.00000	0
154	I	0.00000	0	1.00000	0
155	V	0.00000	0	1.00000	0
156	W	0.00000	0	1.00000	0
157	A	0.00000	0	1.00000	0
158	I	0.00000	0	1.00000	0
159	S	0.00000	0	1.00000	0
160	L	0.00000	0	1.00000	0
161	G	0.00000	0	1.00000	0
162	V	0.00000	0	1.00000	0
163	S	0.00000	0	1.00000	0
164	V	0.00000	0	1.00000	0
165	P	0.00000	0	1.00000	0
166	I	0.00000	1e-05	0.99999	0
167	P	0.00000	0.00191	0.99809	0
168	V	0.00000	0.00952	0.99048	0
169	I	0.00000	0.08743	0.91257	0
170	G	0.00000	0.47027	0.52973	0
171	L	0.00000	0.62847	0.37153	0
172	R	0.00000	0.97883	0.02117	0
173	D	0.00000	0.99997	0.00003	0
174	E	0.00000	1	0.00000	0
175	D	0.00000	1	0.00000	0
176	K	0.00000	1	0.00000	0
177	V	0.00000	1	0.00000	0
178	F	0.00000	1	0.00000	0
179	V	0.00000	1	0.00000	0
180	N	0.00000	1	0.00000	0
181	N	0.00000	1	0.00000	0
182	N	0.00000	1	0.00000	0
183	T	0.00000	1	0.00000	0
184	C	0.00000	1	0.00000	0
185	V	0.00000	1	0.00000	0
186	L	0.00000	1	0.00000	0
187	N	0.00000	1	0.00000	0
188	D	0.00000	1	0.00000	0
189	P	0.00000	0.99888	0.00112	0
190	N	0.00000	0.81914	0.18086	0
191	F	0.00000	0.03854	0.96146	0
192	V	0.00000	0.02761	0.97239	0
193	L	0.00000	0.00841	0.99159	0
194	I	0.00000	0.00438	0.99562	0
195	G	0.00000	0.00377	0.99623	0
196	S	0.00000	0.00239	0.99761	0
197	F	0.00000	0.00153	0.99847	0
198	V	0.00000	0	1.00000	0
199	A	0.00000	0	1.00000	0
200	F	0.00000	0	1.00000	0
201	F	0.00000	0	1.00000	0
202	I	0.00000	0	1.00000	0
203	P	0.00000	0	1.00000	0
204	L	0.00000	0	1.00000	0
205	T	0.00000	0	1.00000	0
206	I	0.00000	0	1.00000	0
207	M	0.00000	0	1.00000	0
208	V	0.00000	0	1.00000	0
209	I	0.00000	0	1.00000	0
210	T	0.00000	0	1.00000	0
211	Y	0.00001	0	0.99999	0
212	C	0.00054	0	0.99946	0
213	L	0.01288	0	0.98712	0
214	T	0.13328	0	0.86672	0
215	I	0.18641	0	0.81359	0
216	H	0.72524	0	0.27476	0
217	V	0.75713	0	0.24287	0
218	L	0.84292	0	0.15708	0
219	R	0.99314	0	0.00686	0
220	R	0.99977	0	0.00023	0
221	Q	1.00000	0	0.00000	0
222	A	1.00000	0	0.00000	0
223	L	1.00000	0	0.00000	0
224	M	1.00000	0	0.00000	0
225	L	1.00000	0	0.00000	0
226	L	1.00000	0	0.00000	0
227	H	1.00000	0	0.00000	0
228	G	1.00000	0	0.00000	0
229	H	1.00000	0	0.00000	0
230	T	1.00000	0	0.00000	0
231	E	1.00000	0	0.00000	0
232	E	1.00000	0	0.00000	0
233	P	1.00000	0	0.00000	0
234	P	1.00000	0	0.00000	0
235	G	1.00000	0	0.00000	0
236	I	1.00000	0	0.00000	0
237	N	1.00000	0	0.00000	0
238	L	1.00000	0	0.00000	0
239	N	1.00000	0	0.00000	0
240	F	1.00000	0	0.00000	0
241	L	1.00000	0	0.00000	0
242	K	1.00000	0	0.00000	0
243	C	1.00000	0	0.00000	0
244	C	1.00000	0	0.00000	0
245	K	1.00000	0	0.00000	0
246	T	1.00000	0	0.00000	0
247	N	1.00000	0	0.00000	0
248	T	1.00000	0	0.00000	0
249	D	1.00000	0	0.00000	0
250	E	1.00000	0	0.00000	0
251	E	1.00000	0	0.00000	0
252	N	1.00000	0	0.00000	0
253	S	1.00000	0	0.00000	0
254	A	1.00000	0	0.00000	0
255	N	1.00000	0	0.00000	0
256	P	1.00000	0	0.00000	0
257	N	1.00000	0	0.00000	0
258	Q	1.00000	0	0.00000	0
259	D	1.00000	0	0.00000	0
260	L	1.00000	0	0.00000	0
261	N	1.00000	0	0.00000	0
262	P	1.00000	0	0.00000	0
263	R	1.00000	0	0.00000	0
264	R	1.00000	0	0.00000	0
265	R	1.00000	0	0.00000	0
266	K	1.00000	0	0.00000	0
267	K	1.00000	0	0.00000	0
268	K	1.00000	0	0.00000	0
269	E	1.00000	0	0.00000	0
270	R	1.00000	0	0.00000	0
271	R	1.00000	0	0.00000	0
272	P	1.00000	0	0.00000	0
273	R	1.00000	0	0.00000	0
274	G	1.00000	0	0.00000	0
275	T	1.00000	0	0.00000	0
276	M	1.00000	0	0.00000	0
277	Q	1.00000	0	0.00000	0
278	A	1.00000	0	0.00000	0
279	I	1.00000	0	0.00000	0
280	N	1.00000	0	0.00000	0
281	N	1.00000	0	0.00000	0
282	E	1.00000	0	0.00000	0
283	R	0.99246	0	0.00754	0
284	K	0.99171	0	0.00829	0
285	A	0.42420	0	0.57580	0
286	S	0.42130	0	0.57870	0
287	K	0.05905	0	0.94095	0
288	V	0.01114	0	0.98886	0
289	L	0.00607	0	0.99393	0
290	G	0.00044	0	0.99956	0
291	I	0.00001	0	0.99999	0
292	V	0.00000	0	1.00000	0
293	F	0.00000	0	1.00000	0
294	F	0.00000	0	1.00000	0
295	V	0.00000	0	1.00000	0
296	F	0.00000	0	1.00000	0
297	L	0.00000	0	1.00000	0
298	I	0.00000	0	1.00000	0
299	M	0.00000	0	1.00000	0
300	W	0.00000	0	1.00000	0
301	C	0.00000	0	1.00000	0
302	P	0.00000	0	1.00000	0
303	F	0.00000	0	1.00000	0
304	F	0.00000	1e-05	0.99999	0
305	I	0.00000	0.00014	0.99986	0
306	T	0.00000	0.00205	0.99795	0
307	N	0.00000	0.02592	0.97408	0
308	I	0.00000	0.03672	0.96328	0
309	L	0.00000	0.08043	0.91957	0
310	S	0.00000	0.26216	0.73784	0
311	V	0.00000	0.34709	0.65291	0
312	L	0.00000	0.51887	0.48113	0
313	C	0.00000	0.9617	0.03830	0
314	G	0.00000	0.99472	0.00528	0
315	K	0.00000	0.99989	0.00011	0
316	A	0.00000	0.99994	0.00006	0
317	C	0.00000	1	0.00000	0
318	N	0.00000	1	0.00000	0
319	Q	0.00000	1	0.00000	0
320	K	0.00000	0.99996	0.00004	0
321	L	0.00000	0.99851	0.00149	0
322	M	0.00000	0.99697	0.00303	0
323	E	0.00000	0.99662	0.00338	0
324	K	0.00000	0.99166	0.00834	0
325	L	0.00000	0.94628	0.05372	0
326	L	0.00000	0.92276	0.07724	0
327	N	0.00000	0.48823	0.51177	0
328	V	0.00000	0.0035	0.99650	0
329	F	0.00000	0.00013	0.99987	0
330	V	0.00000	0	1.00000	0
331	W	0.00000	0	1.00000	0
332	I	0.00000	0	1.00000	0
333	G	0.00000	0	1.00000	0
334	Y	0.00000	0	1.00000	0
335	V	0.00000	0	1.00000	0
336	C	0.00000	0	1.00000	0
337	S	0.00000	0	1.00000	0
338	G	0.00000	0	1.00000	0
339	I	0.00000	0	1.00000	0
340	N	0.00000	0	1.00000	0
341	P	0.00000	0	1.00000	0
342	L	0.00000	0	1.00000	0
343	V	0.00002	0	0.99998	0
344	Y	0.00008	0	0.99992	0
345	T	0.00023	0	0.99977	0
346	L	0.00162	0	0.99838	0
347	F	0.09669	0	0.90331	0
348	N	0.59583	0	0.40417	0
349	K	1.00000	0	0.00000	0
350	V	1.00000	0	0.00000	0
351	Y	1.00000	0	0.00000	0
352	R	1.00000	0	0.00000	0
353	R	1.00000	0	0.00000	0
354	A	1.00000	0	0.00000	0
355	F	1.00000	0	0.00000	0
356	S	1.00000	0	0.00000	0
357	N	1.00000	0	0.00000	0
358	Y	1.00000	0	0.00000	0
359	L	1.00000	0	0.00000	0
360	R	1.00000	0	0.00000	0
361	C	1.00000	0	0.00000	0
362	N	1.00000	0	0.00000	0
363	Y	1.00000	0	0.00000	0
364	K	1.00000	0	0.00000	0
365	A	1.00000	0	0.00000	0
366	D	1.00000	0	0.00000	0
367	R	1.00000	0	0.00000	0
368	K	1.00000	0	0.00000	0
369	P	1.00000	0	0.00000	0
370	P	1.00000	0	0.00000	0
371	I	1.00000	0	0.00000	0
372	R	1.00000	0	0.00000	0
373	Q	1.00000	0	0.00000	0
374	I	1.00000	0	0.00000	0
375	P	1.00000	0	0.00000	0
376	R	1.00000	0	0.00000	0
377	V	1.00000	0	0.00000	0
378	A	1.00000	0	0.00000	0
379	A	1.00000	0	0.00000	0
380	T	1.00000	0	0.00000	0
381	A	1.00000	0	0.00000	0
382	L	1.00000	0	0.00000	0
383	S	1.00000	0	0.00000	0
384	G	1.00000	0	0.00000	0
385	R	1.00000	0	0.00000	0
386	E	1.00000	0	0.00000	0
387	L	1.00000	0	0.00000	0
388	N	1.00000	0	0.00000	0
389	V	1.00000	0	0.00000	0
390	N	1.00000	0	0.00000	0
391	I	1.00000	0	0.00000	0
392	Y	1.00000	0	0.00000	0
393	R	1.00000	0	0.00000	0
394	H	1.00000	0	0.00000	0
395	T	1.00000	0	0.00000	0
396	N	1.00000	0	0.00000	0
397	E	1.00000	0	0.00000	0
398	P	1.00000	0	0.00000	0
399	V	1.00000	0	0.00000	0
400	I	1.00000	0	0.00000	0
401	K	1.00000	0	0.00000	0
402	K	1.00000	0	0.00000	0
403	A	1.00000	0	0.00000	0
404	D	1.00000	0	0.00000	0
405	D	1.00000	0	0.00000	0
406	K	1.00000	0	0.00000	0
407	E	1.00000	0	0.00000	0
408	P	1.00000	0	0.00000	0
409	D	1.00000	0	0.00000	0
410	I	1.00000	0	0.00000	0
411	E	1.00000	0	0.00000	0
412	M	1.00000	0	0.00000	0
413	Q	1.00000	0	0.00000	0
414	V	1.00000	0	0.00000	0
415	E	1.00000	0	0.00000	0
416	N	1.00000	0	0.00000	0
417	L	1.00000	0	0.00000	0
418	E	1.00000	0	0.00000	0
419	L	1.00000	0	0.00000	0
420	P	1.00000	0	0.00000	0
421	V	1.00000	0	0.00000	0
422	N	1.00000	0	0.00000	0
423	P	1.00000	0	0.00000	0
424	S	1.00000	0	0.00000	0
425	N	1.00000	0	0.00000	0
426	V	1.00000	0	0.00000	0
427	I	1.00000	0	0.00000	0
428	S	1.00000	0	0.00000	0
429	E	1.00000	0	0.00000	0
430	R	1.00000	0	0.00000	0
431	I	1.00000	0	0.00000	0
432	S	1.00000	0	0.00000	0
433	S	1.00000	0	0.00000	0
434	V	1.00000	0	0.00000	0
