# UNNAMED
#pos	aa	i	o	M	S
1	M	0.00000	0.99069	0.00000	0.00931
2	I	0.00000	0.99069	0.00000	0.00931
3	P	0.00000	0.99069	0.00000	0.00931
4	G	0.00000	0.99069	0.00000	0.00931
5	K	0.00000	0.99069	0.00000	0.00931
6	L	0.00000	0.99069	0.00000	0.00931
7	I	0.00000	0.99069	0.00000	0.00931
8	S	0.00000	0.99069	0.00000	0.00931
9	R	0.00000	0.99069	0.00000	0.00931
10	D	0.00000	0.99069	0.00000	0.00931
11	S	0.00000	0.99069	0.00000	0.00931
12	T	0.00000	0.99069	0.00000	0.00931
13	V	0.00000	0.99069	0.00000	0.00931
14	D	0.00000	0.99069	0.00000	0.00931
15	D	0.00000	0.99069	0.00000	0.00931
16	F	0.00000	0.99069	0.00000	0.00931
17	G	0.00000	0.99069	0.00000	0.00931
18	Y	0.00000	0.99069	0.00000	0.00931
19	G	0.00000	0.99069	0.00000	0.00931
20	I	0.00000	0.99069	0.00000	0.00931
21	W	0.00000	0.99069	0.00000	0.00931
22	L	0.00000	0.99069	0.00000	0.00931
23	C	0.00000	0.99069	0.00000	0.00931
24	F	0.00000	0.99069	0.00000	0.00931
25	L	0.00000	0.99069	0.00000	0.00931
26	G	0.00000	0.99069	0.00000	0.00931
27	G	0.00000	0.99069	0.00000	0.00931
28	F	0.00000	0.99083	0.00000	0.00918
29	G	0.00000	0.99083	0.00000	0.00917
30	I	0.00000	0.99271	0.00000	0.0073
31	N	0.00000	0.99271	0.00000	0.00729
32	L	0.00000	0.99271	0.00000	0.00729
33	L	0.00000	0.99271	0.00000	0.00729
34	D	0.00000	0.99698	0.00000	0.00302
35	S	0.00000	0.99698	0.00000	0.00302
36	L	0.00000	0.99925	0.00000	0.00075
37	E	0.00000	0.99925	0.00000	0.00075
38	I	0.00000	1	0.00000	1e-05
39	F	0.00000	0.99999	0.00000	0
40	V	0.00000	1	0.00000	0
41	L	0.00000	1	0.00000	0
42	F	0.00000	1	0.00000	0
43	Y	0.00000	1	0.00000	0
44	L	0.00000	1	0.00000	0
45	I	0.00000	1	0.00000	0
46	E	0.00000	1	0.00000	0
47	K	0.00000	1	0.00000	0
48	G	0.00000	1	0.00000	0
49	R	0.00000	1	0.00000	0
50	T	0.00000	1	0.00000	0
51	F	0.00000	1	0.00000	0
52	S	0.00000	1	0.00000	0
53	G	0.00000	1	0.00000	0
54	C	0.00000	1	0.00000	0
55	L	0.00000	1	0.00000	0
56	R	0.00000	1	0.00000	0
57	A	0.00000	1	0.00000	0
58	I	0.00000	1	0.00000	0
59	Y	0.00000	1	0.00000	0
60	S	0.00000	1	0.00000	0
61	S	0.00000	1	0.00000	0
62	T	0.00000	1	0.00000	0
63	M	0.00000	1	0.00000	0
64	N	0.00000	1	0.00000	0
65	S	0.00000	1	0.00000	0
66	S	0.00000	1	0.00000	0
67	S	0.00000	1	0.00000	0
68	S	0.00000	1	0.00000	0
69	T	0.00000	1	0.00000	0
70	V	0.00000	1	0.00000	0
71	A	0.00000	1	0.00000	0
72	A	0.00000	1	0.00000	0
73	V	0.00000	1	0.00000	0
74	Q	0.00000	1	0.00000	0
75	L	0.00000	1	0.00000	0
76	C	0.00000	1	0.00000	0
77	Y	0.00000	1	0.00000	0
78	E	0.00000	1	0.00000	0
79	H	0.00000	1	0.00000	0
80	L	0.00000	1	0.00000	0
81	N	0.00000	1	0.00000	0
82	G	0.00000	1	0.00000	0
83	S	0.00000	1	0.00000	0
84	C	0.00000	1	0.00000	0
85	V	0.00000	1	0.00000	0
86	K	0.00000	1	0.00000	0
87	I	0.00000	1	0.00000	0
88	P	0.00000	1	0.00000	0
89	Y	0.00000	1	0.00000	0
90	S	0.00000	1	0.00000	0
91	P	0.00000	1	0.00000	0
92	A	0.00000	0.99998	0.00002	0
93	P	0.00000	0.99996	0.00004	0
94	R	0.00000	0.99593	0.00407	0
95	L	0.00000	0.63302	0.36698	0
96	I	0.00000	0.30619	0.69381	0
97	L	0.00000	0.20815	0.79185	0
98	Y	0.00000	0.07808	0.92192	0
99	T	0.00000	0.01921	0.98079	0
100	V	0.00000	0.0033	0.99670	0
101	F	0.00000	0.00043	0.99957	0
102	I	0.00000	2e-05	0.99998	0
103	F	0.00000	0	1.00000	0
104	G	0.00000	0	1.00000	0
105	A	0.00000	0	1.00000	0
106	V	0.00000	0	1.00000	0
107	L	0.00000	0	1.00000	0
108	A	0.00000	0	1.00000	0
109	V	0.00000	0	1.00000	0
110	F	0.00000	0	1.00000	0
111	G	0.00000	0	1.00000	0
112	N	0.00000	0	1.00000	0
113	L	0.00000	0	1.00000	0
114	L	0.00000	0	1.00000	0
115	V	0.00001	0	0.99999	0
116	M	0.00013	0	0.99987	0
117	I	0.00137	0	0.99863	0
118	S	0.10746	0	0.89254	0
119	I	0.13466	0	0.86534	0
120	L	0.36682	0	0.63318	0
121	H	0.80565	0	0.19435	0
122	F	0.88340	0	0.11660	0
123	K	0.99707	0	0.00293	0
124	Q	0.99998	0	0.00002	0
125	L	1.00000	0	0.00000	0
126	H	1.00000	0	0.00000	0
127	S	1.00000	0	0.00000	0
128	P	1.00000	0	0.00000	0
129	T	0.59876	0	0.40124	0
130	N	0.11154	0	0.88846	0
131	C	0.03735	0	0.96265	0
132	L	0.00042	0	0.99958	0
133	I	0.00001	0	0.99999	0
134	A	0.00000	0	1.00000	0
135	S	0.00000	0	1.00000	0
136	L	0.00000	0	1.00000	0
137	A	0.00000	0	1.00000	0
138	C	0.00000	0	1.00000	0
139	A	0.00000	0	1.00000	0
140	D	0.00000	0	1.00000	0
141	F	0.00000	0	1.00000	0
142	L	0.00000	0	1.00000	0
143	V	0.00000	0	1.00000	0
144	G	0.00000	0	1.00000	0
145	V	0.00000	0	1.00000	0
146	T	0.00000	0	1.00000	0
147	V	0.00000	6e-05	0.99994	0
148	M	0.00000	0.00323	0.99677	0
149	P	0.00000	0.05699	0.94301	0
150	F	0.00000	0.1676	0.83240	0
151	S	0.00000	0.68034	0.31966	0
152	T	0.00000	0.85872	0.14128	0
153	V	0.00000	0.91615	0.08385	0
154	K	0.00000	0.99997	0.00003	0
155	S	0.00000	0.99999	0.00001	0
156	V	0.00000	0.99999	0.00001	0
157	E	0.00000	1	0.00000	0
158	S	0.00000	1	0.00000	0
159	C	0.00000	1	0.00000	0
160	W	0.00000	1	0.00000	0
161	Y	0.00000	1	0.00000	0
162	F	0.00000	1	0.00000	0
163	G	0.00000	1	0.00000	0
164	E	0.00000	1	0.00000	0
165	S	0.00000	1	0.00000	0
166	Y	0.00000	0.99989	0.00011	0
167	C	0.00000	0.99982	0.00018	0
168	K	0.00000	0.99974	0.00026	0
169	F	0.00000	0.98917	0.01083	0
170	H	0.00000	0.50181	0.49819	0
171	T	0.00000	0.26945	0.73055	0
172	C	0.00000	0.21194	0.78806	0
173	F	0.00000	0.00087	0.99913	0
174	D	0.00000	0.00057	0.99943	0
175	G	0.00000	6e-05	0.99994	0
176	S	0.00000	0	1.00000	0
177	F	0.00000	0	1.00000	0
178	C	0.00000	0	1.00000	0
179	Y	0.00000	0	1.00000	0
180	A	0.00000	0	1.00000	0
181	S	0.00000	0	1.00000	0
182	I	0.00000	0	1.00000	0
183	Y	0.00000	0	1.00000	0
184	H	0.00000	0	1.00000	0
185	L	0.00000	0	1.00000	0
186	C	0.00000	0	1.00000	0
187	F	0.00000	0	1.00000	0
188	I	0.00001	0	0.99999	0
189	S	0.00002	0	0.99998	0
190	L	0.00004	0	0.99996	0
191	D	0.00048	0	0.99952	0
192	R	0.37540	0	0.62460	0
193	Y	0.94061	0	0.05939	0
194	V	0.99024	0	0.00976	0
195	A	0.99695	0	0.00305	0
196	I	0.99999	0	0.00001	0
197	T	1.00000	0	0.00000	0
198	D	1.00000	0	0.00000	0
199	P	1.00000	0	0.00000	0
200	L	1.00000	0	0.00000	0
201	V	1.00000	0	0.00000	0
202	Y	1.00000	0	0.00000	0
203	P	1.00000	0	0.00000	0
204	T	0.99994	0	0.00006	0
205	R	0.99934	0	0.00066	0
206	F	0.81470	0	0.18530	0
207	A	0.71297	0	0.28703	0
208	M	0.63628	0	0.36372	0
209	S	0.44880	0	0.55120	0
210	V	0.09649	0	0.90351	0
211	S	0.08371	0	0.91629	0
212	G	0.03285	0	0.96715	0
213	M	0.00352	0	0.99648	0
214	C	0.00002	0	0.99998	0
215	V	0.00000	0	1.00000	0
216	A	0.00000	0	1.00000	0
217	F	0.00000	0	1.00000	0
218	S	0.00000	0	1.00000	0
219	W	0.00000	0	1.00000	0
220	L	0.00000	0	1.00000	0
221	F	0.00000	0	1.00000	0
222	S	0.00000	0	1.00000	0
223	I	0.00000	0	1.00000	0
224	I	0.00000	0	1.00000	0
225	Y	0.00000	0.00082	0.99918	0
226	S	0.00000	0.01162	0.98838	0
227	F	0.00000	0.02595	0.97405	0
228	S	0.00000	0.14789	0.85211	0
229	L	0.00000	0.2012	0.79880	0
230	L	0.00000	0.43958	0.56042	0
231	G	0.00000	0.7758	0.22420	0
232	T	0.00000	0.90152	0.09848	0
233	G	0.00000	0.9516	0.04840	0
234	A	0.00000	0.96907	0.03093	0
235	N	0.00000	0.99536	0.00464	0
236	A	0.00000	0.99671	0.00329	0
237	A	0.00000	0.99878	0.00122	0
238	G	0.00000	0.99986	0.00014	0
239	L	0.00000	0.99996	0.00004	0
240	E	0.00000	1	0.00000	0
241	D	0.00000	1	0.00000	0
242	L	0.00000	1	0.00000	0
243	I	0.00000	1	0.00000	0
244	S	0.00000	1	0.00000	0
245	A	0.00000	1	0.00000	0
246	L	0.00000	1	0.00000	0
247	T	0.00000	1	0.00000	0
248	C	0.00000	1	0.00000	0
249	V	0.00000	1	0.00000	0
250	G	0.00000	1	0.00000	0
251	G	0.00000	1	0.00000	0
252	C	0.00000	0.99992	0.00008	0
253	Q	0.00000	0.99929	0.00071	0
254	V	0.00000	0.96485	0.03515	0
255	A	0.00000	0.96173	0.03827	0
256	V	0.00000	0.96045	0.03955	0
257	N	0.00000	0.96037	0.03963	0
258	Q	0.00000	0.95377	0.04623	0
259	S	0.00000	0.309	0.69100	0
260	W	0.00000	0.19186	0.80814	0
261	V	0.00000	0.05932	0.94068	0
262	L	0.00000	0.02665	0.97335	0
263	V	0.00000	0.01382	0.98618	0
264	N	0.00000	0.01111	0.98889	0
265	F	0.00000	0.00621	0.99379	0
266	I	0.00000	0	1.00000	0
267	L	0.00000	0	1.00000	0
268	F	0.00000	0	1.00000	0
269	F	0.00000	0	1.00000	0
270	I	0.00000	0	1.00000	0
271	P	0.00000	0	1.00000	0
272	T	0.00000	0	1.00000	0
273	L	0.00000	0	1.00000	0
274	V	0.00000	0	1.00000	0
275	V	0.00000	0	1.00000	0
276	I	0.00000	0	1.00000	0
277	V	0.00011	0	0.99989	0
278	L	0.00159	0	0.99841	0
279	Y	0.00812	0	0.99188	0
280	S	0.03879	0	0.96121	0
281	N	0.04504	0	0.95496	0
282	V	0.04660	0	0.95340	0
283	F	0.05635	0	0.94365	0
284	L	0.14681	0	0.85319	0
285	I	0.20474	0	0.79526	0
286	A	0.68851	0	0.31149	0
287	K	0.99328	0	0.00672	0
288	Q	0.99982	0	0.00018	0
289	Q	0.99999	0	0.00001	0
290	A	1.00000	0	0.00000	0
291	R	1.00000	0	0.00000	0
292	K	1.00000	0	0.00000	0
293	I	1.00000	0	0.00000	0
294	E	1.00000	0	0.00000	0
295	N	1.00000	0	0.00000	0
296	L	1.00000	0	0.00000	0
297	R	1.00000	0	0.00000	0
298	S	1.00000	0	0.00000	0
299	K	1.00000	0	0.00000	0
300	T	1.00000	0	0.00000	0
301	G	1.00000	0	0.00000	0
302	R	1.00000	0	0.00000	0
303	C	1.00000	0	0.00000	0
304	S	1.00000	0	0.00000	0
305	N	1.00000	0	0.00000	0
306	S	1.00000	0	0.00000	0
307	Y	1.00000	0	0.00000	0
308	Q	1.00000	0	0.00000	0
309	D	1.00000	0	0.00000	0
310	R	1.00000	0	0.00000	0
311	V	1.00000	0	0.00000	0
312	A	1.00000	0	0.00000	0
313	K	1.00000	0	0.00000	0
314	R	1.00000	0	0.00000	0
315	E	1.00000	0	0.00000	0
316	R	0.91306	0	0.08694	0
317	K	0.90913	0	0.09087	0
318	A	0.04960	0	0.95040	0
319	A	0.04874	0	0.95126	0
320	K	0.04575	0	0.95425	0
321	T	0.02422	0	0.97578	0
322	L	0.02351	0	0.97649	0
323	G	0.01392	0	0.98608	0
324	I	0.00842	0	0.99158	0
325	A	0.00827	0	0.99173	0
326	V	0.00785	0	0.99215	0
327	L	0.00004	0	0.99996	0
328	A	0.00000	0	1.00000	0
329	F	0.00000	0	1.00000	0
330	L	0.00000	0	1.00000	0
331	I	0.00000	0	1.00000	0
332	S	0.00000	0	1.00000	0
333	W	0.00000	0	1.00000	0
334	L	0.00000	0	1.00000	0
335	P	0.00000	2e-05	0.99998	0
336	Y	0.00000	0.00013	0.99987	0
337	F	0.00000	0.00116	0.99884	0
338	L	0.00000	0.04748	0.95252	0
339	D	0.00000	0.89925	0.10075	0
340	S	0.00000	0.90393	0.09607	0
341	I	0.00000	0.91158	0.08842	0
342	I	0.00000	0.92097	0.07903	0
343	D	0.00000	0.95101	0.04899	0
344	A	0.00000	0.95107	0.04893	0
345	F	0.00000	0.95146	0.04854	0
346	L	0.00000	0.95337	0.04663	0
347	G	0.00000	0.95981	0.04019	0
348	F	0.00000	0.96122	0.03878	0
349	I	0.00000	0.97443	0.02557	0
350	T	0.00000	0.99271	0.00729	0
351	P	0.00000	0.99813	0.00187	0
352	T	0.00000	0.999	0.00100	0
353	Y	0.00000	0.99945	0.00055	0
354	V	0.00000	0.99927	0.00073	0
355	Y	0.00000	0.99901	0.00099	0
356	E	0.00000	0.86742	0.13258	0
357	I	0.00000	0.2172	0.78280	0
358	L	0.00000	0.05036	0.94964	0
359	V	0.00000	0.00881	0.99119	0
360	W	0.00000	0.00066	0.99934	0
361	I	0.00000	0	1.00000	0
362	A	0.00000	0	1.00000	0
363	Y	0.00000	0	1.00000	0
364	Y	0.00000	0	1.00000	0
365	N	0.00000	0	1.00000	0
366	S	0.00000	0	1.00000	0
367	A	0.00000	0	1.00000	0
368	M	0.00000	0	1.00000	0
369	N	0.00000	0	1.00000	0
370	P	0.00000	0	1.00000	0
371	L	0.00000	0	1.00000	0
372	I	0.00000	0	1.00000	0
373	Y	0.00000	0	1.00000	0
374	A	0.00001	0	0.99999	0
375	F	0.00004	0	0.99996	0
376	F	0.00105	0	0.99895	0
377	Y	0.02875	0	0.97125	0
378	P	0.11711	0	0.88289	0
379	W	0.19589	0	0.80411	0
380	F	0.70613	0	0.29387	0
381	Q	0.99777	0	0.00223	0
382	K	1.00000	0	0.00000	0
383	A	1.00000	0	0.00000	0
384	I	1.00000	0	0.00000	0
385	K	1.00000	0	0.00000	0
386	L	1.00000	0	0.00000	0
387	I	1.00000	0	0.00000	0
388	V	1.00000	0	0.00000	0
389	T	1.00000	0	0.00000	0
390	G	1.00000	0	0.00000	0
391	K	1.00000	0	0.00000	0
392	V	1.00000	0	0.00000	0
393	F	1.00000	0	0.00000	0
394	R	1.00000	0	0.00000	0
395	E	1.00000	0	0.00000	0
396	N	1.00000	0	0.00000	0
397	S	1.00000	0	0.00000	0
398	S	1.00000	0	0.00000	0
399	T	1.00000	0	0.00000	0
400	V	1.00000	0	0.00000	0
401	N	1.00000	0	0.00000	0
402	L	1.00000	0	0.00000	0
403	F	1.00000	0	0.00000	0
404	S	1.00000	0	0.00000	0
405	G	1.00000	0	0.00000	0
406	V	1.00000	0	0.00000	0
407	C	1.00000	0	0.00000	0
408	Q	1.00000	0	0.00000	0
409	A	1.00000	0	0.00000	0
410	T	1.00000	0	0.00000	0
411	V	1.00000	0	0.00000	0
412	T	1.00000	0	0.00000	0
413	H	1.00000	0	0.00000	0
414	S	1.00000	0	0.00000	0
415	A	1.00000	0	0.00000	0
416	G	1.00000	0	0.00000	0
417	L	1.00000	0	0.00000	0
418	E	1.00000	0	0.00000	0
419	E	1.00000	0	0.00000	0
420	D	1.00000	0	0.00000	0
421	A	1.00000	0	0.00000	0
422	E	1.00000	0	0.00000	0
423	K	1.00000	0	0.00000	0
424	G	1.00000	0	0.00000	0
425	Q	1.00000	0	0.00000	0
426	T	1.00000	0	0.00000	0
427	S	1.00000	0	0.00000	0
428	T	1.00000	0	0.00000	0
429	D	1.00000	0	0.00000	0
430	H	1.00000	0	0.00000	0
431	K	1.00000	0	0.00000	0
432	D	1.00000	0	0.00000	0
433	E	1.00000	0	0.00000	0
434	G	1.00000	0	0.00000	0
435	P	1.00000	0	0.00000	0
436	G	1.00000	0	0.00000	0
437	E	1.00000	0	0.00000	0
438	P	1.00000	0	0.00000	0
439	G	1.00000	0	0.00000	0
440	L	1.00000	0	0.00000	0
441	H	1.00000	0	0.00000	0
442	L	1.00000	0	0.00000	0
443	R	1.00000	0	0.00000	0
444	T	1.00000	0	0.00000	0
445	L	1.00000	0	0.00000	0
446	L	1.00000	0	0.00000	0
447	S	1.00000	0	0.00000	0
448	G	1.00000	0	0.00000	0
449	V	1.00000	0	0.00000	0
450	R	1.00000	0	0.00000	0
451	A	1.00000	0	0.00000	0
452	N	1.00000	0	0.00000	0
453	E	1.00000	0	0.00000	0
454	V	1.00000	0	0.00000	0
455	A	1.00000	0	0.00000	0
456	S	1.00000	0	0.00000	0
457	S	1.00000	0	0.00000	0
458	V	1.00000	0	0.00000	0
459	F	1.00000	0	0.00000	0
460	L	1.00000	0	0.00000	0
461	M	1.00000	0	0.00000	0
462	V	1.00000	0	0.00000	0
463	V	1.00000	0	0.00000	0
464	E	1.00000	0	0.00000	0
465	H	1.00000	0	0.00000	0
466	S	1.00000	0	0.00000	0
467	P	1.00000	0	0.00000	0
468	S	1.00000	0	0.00000	0
469	I	1.00000	0	0.00000	0
470	T	1.00000	0	0.00000	0
471	P	1.00000	0	0.00000	0
472	V	1.00000	0	0.00000	0
473	P	1.00000	0	0.00000	0
474	P	1.00000	0	0.00000	0
475	R	1.00000	0	0.00000	0
476	S	1.00000	0	0.00000	0
477	L	1.00000	0	0.00000	0
478	H	1.00000	0	0.00000	0
479	R	1.00000	0	0.00000	0
480	E	1.00000	0	0.00000	0
481	K	1.00000	0	0.00000	0
482	G	1.00000	0	0.00000	0
483	T	1.00000	0	0.00000	0
484	S	1.00000	0	0.00000	0
485	V	1.00000	0	0.00000	0
486	K	1.00000	0	0.00000	0
487	Y	1.00000	0	0.00000	0
488	F	1.00000	0	0.00000	0
489	E	1.00000	0	0.00000	0
490	C	1.00000	0	0.00000	0
491	T	1.00000	0	0.00000	0
492	S	1.00000	0	0.00000	0
493	E	1.00000	0	0.00000	0
494	V	1.00000	0	0.00000	0
495	C	1.00000	0	0.00000	0
496	E	1.00000	0	0.00000	0
497	A	1.00000	0	0.00000	0
498	F	1.00000	0	0.00000	0
499	V	1.00000	0	0.00000	0
500	I	1.00000	0	0.00000	0
501	N	1.00000	0	0.00000	0
502	A	1.00000	0	0.00000	0
503	I	1.00000	0	0.00000	0
504	I	1.00000	0	0.00000	0
505	S	1.00000	0	0.00000	0
506	A	1.00000	0	0.00000	0
507	P	1.00000	0	0.00000	0
508	K	1.00000	0	0.00000	0
509	H	1.00000	0	0.00000	0
510	E	1.00000	0	0.00000	0
511	P	1.00000	0	0.00000	0
512	S	1.00000	0	0.00000	0
513	E	1.00000	0	0.00000	0
514	G	1.00000	0	0.00000	0
515	L	1.00000	0	0.00000	0
516	V	1.00000	0	0.00000	0
517	R	1.00000	0	0.00000	0
518	N	1.00000	0	0.00000	0
519	K	1.00000	0	0.00000	0
520	H	1.00000	0	0.00000	0
