# UNNAMED
#pos	aa	i	o	M	S
1	M	0.00000	0.99741	0.00000	0.00259
2	E	0.00000	0.99741	0.00000	0.0026
3	V	0.00000	0.99741	0.00000	0.0026
4	N	0.00000	0.99741	0.00000	0.0026
5	T	0.00000	0.99741	0.00000	0.0026
6	S	0.00000	0.99741	0.00000	0.0026
7	G	0.00000	0.99741	0.00000	0.0026
8	P	0.00000	0.99741	0.00000	0.0026
9	P	0.00000	0.99741	0.00000	0.0026
10	D	0.00000	0.99741	0.00000	0.0026
11	L	0.00000	0.99741	0.00000	0.0026
12	Y	0.00000	0.99741	0.00000	0.00259
13	G	0.00000	0.99741	0.00000	0.0026
14	H	0.00000	0.99744	0.00000	0.00257
15	F	0.00000	0.99743	0.00000	0.00257
16	Q	0.00000	0.99743	0.00000	0.00257
17	S	0.00000	0.99743	0.00000	0.00257
18	L	0.00000	0.99743	0.00000	0.00257
19	L	0.00000	0.99743	0.00000	0.00257
20	L	0.00000	0.99743	0.00000	0.00256
21	P	0.00000	0.99743	0.00000	0.00257
22	E	0.00000	0.99743	0.00000	0.00257
23	V	0.00000	0.99743	0.00000	0.00257
24	T	0.00000	0.99743	0.00000	0.00257
25	Q	0.00000	0.99743	0.00000	0.00257
26	G	0.00000	0.99868	0.00000	0.00131
27	L	0.00000	1	0.00000	0
28	P	0.00000	1	0.00000	0
29	E	0.00000	1	0.00000	0
30	M	0.00000	1	0.00000	0
31	I	0.00000	1	0.00000	0
32	P	0.00000	1	0.00000	0
33	D	0.00000	1	0.00000	0
34	G	0.00000	1	0.00000	0
35	G	0.00000	1	0.00000	0
36	T	0.00000	1	0.00000	0
37	D	0.00000	1	0.00000	0
38	P	0.00000	1	0.00000	0
39	S	0.00000	1	0.00000	0
40	S	0.00000	1	0.00000	0
41	R	0.00000	1	0.00000	0
42	A	0.00000	1	0.00000	0
43	W	0.00000	1	0.00000	0
44	S	0.00000	1	0.00000	0
45	P	0.00000	1	0.00000	0
46	H	0.00000	1	0.00000	0
47	L	0.00000	1	0.00000	0
48	M	0.00000	1	0.00000	0
49	H	0.00000	1	0.00000	0
50	G	0.00000	1	0.00000	0
51	S	0.00000	1	0.00000	0
52	S	0.00000	1	0.00000	0
53	E	0.00000	1	0.00000	0
54	V	0.00000	1	0.00000	0
55	T	0.00000	1	0.00000	0
56	S	0.00000	1	0.00000	0
57	T	0.00000	1	0.00000	0
58	S	0.00000	1	0.00000	0
59	A	0.00000	1	0.00000	0
60	P	0.00000	1	0.00000	0
61	T	0.00000	1	0.00000	0
62	S	0.00000	1	0.00000	0
63	W	0.00000	1	0.00000	0
64	D	0.00000	1	0.00000	0
65	A	0.00000	1	0.00000	0
66	L	0.00000	1	0.00000	0
67	A	0.00000	1	0.00000	0
68	D	0.00000	1	0.00000	0
69	N	0.00000	1	0.00000	0
70	A	0.00000	1	0.00000	0
71	S	0.00000	1	0.00000	0
72	G	0.00000	1	0.00000	0
73	C	0.00000	1	0.00000	0
74	G	0.00000	1	0.00000	0
75	E	0.00000	1	0.00000	0
76	Q	0.00000	1	0.00000	0
77	I	0.00000	1	0.00000	0
78	N	0.00000	1	0.00000	0
79	Y	0.00000	1	0.00000	0
80	G	0.00000	1	0.00000	0
81	R	0.00000	1	0.00000	0
82	A	0.00000	0.99983	0.00017	0
83	E	0.00000	0.99933	0.00067	0
84	K	0.00000	0.98957	0.01043	0
85	V	0.00000	0.72205	0.27795	0
86	V	0.00000	0.44639	0.55361	0
87	I	0.00000	0.36086	0.63914	0
88	G	0.00000	0.33473	0.66527	0
89	S	0.00000	0.29854	0.70146	0
90	I	0.00000	0.0599	0.94010	0
91	L	0.00000	0.01371	0.98629	0
92	T	0.00000	0.00289	0.99711	0
93	L	0.00000	0.00056	0.99944	0
94	I	0.00000	2e-05	0.99998	0
95	T	0.00000	0	1.00000	0
96	L	0.00000	0	1.00000	0
97	L	0.00000	0	1.00000	0
98	T	0.00000	0	1.00000	0
99	I	0.00000	0	1.00000	0
100	A	0.00000	0	1.00000	0
101	G	0.00000	0	1.00000	0
102	N	0.00000	0	1.00000	0
103	C	0.00000	0	1.00000	0
104	L	0.00000	0	1.00000	0
105	V	0.00000	0	1.00000	0
106	V	0.00002	0	0.99998	0
107	I	0.00104	0	0.99896	0
108	S	0.09398	0	0.90602	0
109	V	0.11760	0	0.88240	0
110	C	0.19399	0	0.80601	0
111	F	0.29953	0	0.70047	0
112	V	0.66447	0	0.33553	0
113	K	0.98861	0	0.01139	0
114	K	0.99989	0	0.00011	0
115	L	0.99996	0	0.00004	0
116	R	1.00000	0	0.00000	0
117	Q	1.00000	0	0.00000	0
118	P	1.00000	0	0.00000	0
119	S	0.90558	0	0.09442	0
120	N	0.25987	0	0.74013	0
121	Y	0.09715	0	0.90285	0
122	L	0.00140	0	0.99860	0
123	I	0.00006	0	0.99994	0
124	V	0.00000	0	1.00000	0
125	S	0.00000	0	1.00000	0
126	L	0.00000	0	1.00000	0
127	A	0.00000	0	1.00000	0
128	L	0.00000	0	1.00000	0
129	A	0.00000	0	1.00000	0
130	D	0.00000	0	1.00000	0
131	L	0.00000	0	1.00000	0
132	S	0.00000	0	1.00000	0
133	V	0.00000	0	1.00000	0
134	A	0.00000	0	1.00000	0
135	V	0.00000	0	1.00000	0
136	A	0.00000	0	1.00000	0
137	V	0.00000	0	1.00000	0
138	M	0.00000	6e-05	0.99994	0
139	P	0.00000	0.00154	0.99846	0
140	F	0.00000	0.01772	0.98228	0
141	V	0.00000	0.10602	0.89398	0
142	S	0.00000	0.73931	0.26069	0
143	V	0.00000	0.84104	0.15896	0
144	T	0.00000	0.99993	0.00007	0
145	D	0.00000	0.99998	0.00002	0
146	L	0.00000	0.99998	0.00002	0
147	I	0.00000	0.99998	0.00002	0
148	G	0.00000	0.99999	0.00001	0
149	G	0.00000	1	0.00000	0
150	K	0.00000	1	0.00000	0
151	W	0.00000	1	0.00000	0
152	I	0.00000	0.99998	0.00002	0
153	F	0.00000	0.99992	0.00008	0
154	G	0.00000	0.99991	0.00009	0
155	H	0.00000	0.99991	0.00009	0
156	F	0.00000	0.9999	0.00010	0
157	F	0.00000	0.9999	0.00010	0
158	C	0.00000	0.99989	0.00011	0
159	N	0.00000	0.99981	0.00019	0
160	V	0.00000	0.9918	0.00820	0
161	F	0.00000	0.3365	0.66350	0
162	I	0.00000	0.03348	0.96652	0
163	A	0.00000	0.0008	0.99920	0
164	M	0.00000	1e-05	0.99999	0
165	D	0.00000	0	1.00000	0
166	V	0.00000	0	1.00000	0
167	M	0.00000	0	1.00000	0
168	C	0.00000	0	1.00000	0
169	C	0.00000	0	1.00000	0
170	T	0.00000	0	1.00000	0
171	A	0.00000	0	1.00000	0
172	S	0.00000	0	1.00000	0
173	I	0.00000	0	1.00000	0
174	M	0.00000	0	1.00000	0
175	T	0.00000	0	1.00000	0
176	L	0.00000	0	1.00000	0
177	C	0.00000	0	1.00000	0
178	V	0.00000	0	1.00000	0
179	I	0.00000	0	1.00000	0
180	S	0.00000	0	1.00000	0
181	I	0.00005	0	0.99995	0
182	D	0.00019	0	0.99981	0
183	R	0.20263	0	0.79737	0
184	Y	0.58985	0	0.41015	0
185	L	0.93348	0	0.06652	0
186	G	0.99361	0	0.00639	0
187	I	1.00000	0	0.00000	0
188	T	1.00000	0	0.00000	0
189	R	1.00000	0	0.00000	0
190	P	1.00000	0	0.00000	0
191	L	1.00000	0	0.00000	0
192	T	1.00000	0	0.00000	0
193	Y	1.00000	0	0.00000	0
194	P	1.00000	0	0.00000	0
195	V	1.00000	0	0.00000	0
196	R	1.00000	0	0.00000	0
197	Q	1.00000	0	0.00000	0
198	N	0.99996	0	0.00004	0
199	G	0.99972	0	0.00028	0
200	K	0.99023	0	0.00977	0
201	C	0.05007	0	0.94993	0
202	M	0.04560	0	0.95440	0
203	A	0.04235	0	0.95765	0
204	K	0.04054	0	0.95946	0
205	M	0.00594	0	0.99406	0
206	I	0.00120	0	0.99880	0
207	L	0.00002	0	0.99998	0
208	A	0.00000	0	1.00000	0
209	V	0.00000	0	1.00000	0
210	W	0.00000	0	1.00000	0
211	L	0.00000	0	1.00000	0
212	L	0.00000	0	1.00000	0
213	S	0.00000	0	1.00000	0
214	A	0.00000	0	1.00000	0
215	S	0.00000	0	1.00000	0
216	I	0.00000	0	1.00000	0
217	T	0.00000	0	1.00000	0
218	L	0.00000	0	1.00000	0
219	P	0.00000	0.00046	0.99954	0
220	P	0.00000	0.00394	0.99606	0
221	L	0.00000	0.01785	0.98215	0
222	F	0.00000	0.17272	0.82728	0
223	G	0.00000	0.8094	0.19060	0
224	W	0.00000	0.88387	0.11613	0
225	A	0.00000	0.92866	0.07134	0
226	Q	0.00000	0.99443	0.00557	0
227	N	0.00000	0.9993	0.00070	0
228	V	0.00000	0.99956	0.00044	0
229	N	0.00000	0.99999	0.00001	0
230	D	0.00000	1	0.00000	0
231	N	0.00000	1	0.00000	0
232	K	0.00000	1	0.00000	0
233	V	0.00000	1	0.00000	0
234	C	0.00000	1	0.00000	0
235	L	0.00000	1	0.00000	0
236	I	0.00000	1	0.00000	0
237	S	0.00000	1	0.00000	0
238	Q	0.00000	0.99999	0.00001	0
239	D	0.00000	0.99997	0.00003	0
240	F	0.00000	0.84099	0.15901	0
241	G	0.00000	0.56293	0.43707	0
242	Y	0.00000	0.39149	0.60851	0
243	T	0.00000	0.27106	0.72894	0
244	I	0.00000	0.02838	0.97162	0
245	Y	0.00000	0.00951	0.99049	0
246	S	0.00000	0.0079	0.99210	0
247	T	0.00000	0.00256	0.99744	0
248	A	0.00000	0.00187	0.99813	0
249	V	0.00000	1e-05	0.99999	0
250	A	0.00000	0	1.00000	0
251	F	0.00000	0	1.00000	0
252	Y	0.00000	0	1.00000	0
253	I	0.00000	0	1.00000	0
254	P	0.00000	0	1.00000	0
255	M	0.00000	0	1.00000	0
256	S	0.00000	0	1.00000	0
257	V	0.00000	0	1.00000	0
258	M	0.00000	0	1.00000	0
259	L	0.00000	0	1.00000	0
260	F	0.00000	0	1.00000	0
261	M	0.00001	0	0.99999	0
262	Y	0.00042	0	0.99958	0
263	Y	0.01130	0	0.98870	0
264	Q	0.22982	0	0.77018	0
265	I	0.23799	0	0.76201	0
266	Y	0.30581	0	0.69419	0
267	K	0.98211	0	0.01789	0
268	A	0.98959	0	0.01041	0
269	A	0.99145	0	0.00855	0
270	K	0.99919	0	0.00081	0
271	K	0.99998	0	0.00002	0
272	S	1.00000	0	0.00000	0
273	A	1.00000	0	0.00000	0
274	A	1.00000	0	0.00000	0
275	K	1.00000	0	0.00000	0
276	H	1.00000	0	0.00000	0
277	K	1.00000	0	0.00000	0
278	F	1.00000	0	0.00000	0
279	P	1.00000	0	0.00000	0
280	G	1.00000	0	0.00000	0
281	F	1.00000	0	0.00000	0
282	P	1.00000	0	0.00000	0
283	R	1.00000	0	0.00000	0
284	R	1.00000	0	0.00000	0
285	L	1.00000	0	0.00000	0
286	E	1.00000	0	0.00000	0
287	E	1.00000	0	0.00000	0
288	P	1.00000	0	0.00000	0
289	E	1.00000	0	0.00000	0
290	T	1.00000	0	0.00000	0
291	V	1.00000	0	0.00000	0
292	I	1.00000	0	0.00000	0
293	S	1.00000	0	0.00000	0
294	L	1.00000	0	0.00000	0
295	N	1.00000	0	0.00000	0
296	G	1.00000	0	0.00000	0
297	G	1.00000	0	0.00000	0
298	V	1.00000	0	0.00000	0
299	V	1.00000	0	0.00000	0
300	K	1.00000	0	0.00000	0
301	T	1.00000	0	0.00000	0
302	Q	1.00000	0	0.00000	0
303	K	1.00000	0	0.00000	0
304	E	1.00000	0	0.00000	0
305	V	1.00000	0	0.00000	0
306	E	1.00000	0	0.00000	0
307	D	1.00000	0	0.00000	0
308	C	1.00000	0	0.00000	0
309	A	1.00000	0	0.00000	0
310	N	1.00000	0	0.00000	0
311	I	1.00000	0	0.00000	0
312	S	1.00000	0	0.00000	0
313	R	1.00000	0	0.00000	0
314	L	1.00000	0	0.00000	0
315	I	1.00000	0	0.00000	0
316	K	1.00000	0	0.00000	0
317	H	1.00000	0	0.00000	0
318	E	1.00000	0	0.00000	0
319	R	1.00000	0	0.00000	0
320	K	1.00000	0	0.00000	0
321	N	1.00000	0	0.00000	0
322	I	1.00000	0	0.00000	0
323	S	1.00000	0	0.00000	0
324	I	1.00000	0	0.00000	0
325	F	1.00000	0	0.00000	0
326	K	1.00000	0	0.00000	0
327	R	1.00000	0	0.00000	0
328	E	1.00000	0	0.00000	0
329	Q	0.99351	0	0.00649	0
330	K	0.99177	0	0.00823	0
331	A	0.14474	0	0.85526	0
332	A	0.14220	0	0.85780	0
333	T	0.14057	0	0.85943	0
334	T	0.10215	0	0.89785	0
335	L	0.00142	0	0.99858	0
336	G	0.00049	0	0.99951	0
337	I	0.00023	0	0.99977	0
338	I	0.00000	0	1.00000	0
339	V	0.00000	0	1.00000	0
340	G	0.00000	0	1.00000	0
341	A	0.00000	0	1.00000	0
342	F	0.00000	0	1.00000	0
343	T	0.00000	0	1.00000	0
344	F	0.00000	0	1.00000	0
345	C	0.00000	0	1.00000	0
346	W	0.00000	0	1.00000	0
347	L	0.00000	0	1.00000	0
348	P	0.00000	0	1.00000	0
349	F	0.00000	0	1.00000	0
350	F	0.00000	0	1.00000	0
351	L	0.00000	0.00066	0.99934	0
352	L	0.00000	0.01413	0.98587	0
353	S	0.00000	0.15704	0.84296	0
354	T	0.00000	0.39397	0.60603	0
355	A	0.00000	0.54042	0.45958	0
356	R	0.00000	0.87899	0.12101	0
357	P	0.00000	0.89538	0.10462	0
358	F	0.00000	0.89988	0.10012	0
359	I	0.00000	0.92534	0.07466	0
360	C	0.00000	0.99637	0.00363	0
361	G	0.00000	0.99995	0.00005	0
362	T	0.00000	0.99998	0.00002	0
363	S	0.00000	1	0.00000	0
364	C	0.00000	1	0.00000	0
365	S	0.00000	1	0.00000	0
366	C	0.00000	1	0.00000	0
367	I	0.00000	1	0.00000	0
368	P	0.00000	0.99999	0.00001	0
369	L	0.00000	0.99037	0.00963	0
370	W	0.00000	0.98586	0.01414	0
371	V	0.00000	0.98342	0.01658	0
372	E	0.00000	0.98229	0.01771	0
373	R	0.00000	0.68845	0.31155	0
374	T	0.00000	0.02404	0.97596	0
375	F	0.00000	0.00091	0.99909	0
376	L	0.00000	0	1.00000	0
377	W	0.00000	0	1.00000	0
378	L	0.00000	0	1.00000	0
379	G	0.00000	0	1.00000	0
380	Y	0.00000	0	1.00000	0
381	A	0.00000	0	1.00000	0
382	N	0.00000	0	1.00000	0
383	S	0.00000	0	1.00000	0
384	L	0.00000	0	1.00000	0
385	I	0.00000	0	1.00000	0
386	N	0.00000	0	1.00000	0
387	P	0.00000	0	1.00000	0
388	F	0.00000	0	1.00000	0
389	I	0.00001	0	0.99999	0
390	Y	0.00010	0	0.99990	0
391	A	0.00041	0	0.99959	0
392	F	0.00090	0	0.99910	0
393	F	0.08309	0	0.91691	0
394	N	0.53790	0	0.46210	0
395	R	1.00000	0	0.00000	0
396	D	1.00000	0	0.00000	0
397	L	1.00000	0	0.00000	0
398	R	1.00000	0	0.00000	0
399	T	1.00000	0	0.00000	0
400	T	1.00000	0	0.00000	0
401	Y	1.00000	0	0.00000	0
402	R	1.00000	0	0.00000	0
403	S	1.00000	0	0.00000	0
404	L	1.00000	0	0.00000	0
405	L	1.00000	0	0.00000	0
406	Q	1.00000	0	0.00000	0
407	C	1.00000	0	0.00000	0
408	Q	1.00000	0	0.00000	0
409	Y	1.00000	0	0.00000	0
410	R	1.00000	0	0.00000	0
411	N	1.00000	0	0.00000	0
412	I	1.00000	0	0.00000	0
413	N	1.00000	0	0.00000	0
414	R	1.00000	0	0.00000	0
415	K	1.00000	0	0.00000	0
416	L	1.00000	0	0.00000	0
417	S	1.00000	0	0.00000	0
418	A	1.00000	0	0.00000	0
419	A	1.00000	0	0.00000	0
420	G	1.00000	0	0.00000	0
421	M	1.00000	0	0.00000	0
422	H	1.00000	0	0.00000	0
423	E	1.00000	0	0.00000	0
424	A	1.00000	0	0.00000	0
425	L	1.00000	0	0.00000	0
426	R	1.00000	0	0.00000	0
427	L	1.00000	0	0.00000	0
428	A	1.00000	0	0.00000	0
429	E	1.00000	0	0.00000	0
430	R	1.00000	0	0.00000	0
431	P	1.00000	0	0.00000	0
432	E	1.00000	0	0.00000	0
433	R	1.00000	0	0.00000	0
434	P	1.00000	0	0.00000	0
435	E	1.00000	0	0.00000	0
436	F	1.00000	0	0.00000	0
437	V	1.00000	0	0.00000	0
438	L	1.00000	0	0.00000	0
