# UNNAMED
#pos	aa	i	o	M	S
1	M	0.00000	1	0.00000	0
2	K	0.00000	1	0.00000	0
3	T	0.00000	1	0.00000	0
4	D	0.00000	1	0.00000	0
5	A	0.00000	0.01229	0.98771	0
6	P	0.00000	0.00289	0.99711	0
7	V	0.00000	5e-05	0.99995	0
8	V	0.00000	0	1.00000	0
9	G	0.00000	0	1.00000	0
10	N	0.00000	0	1.00000	0
11	V	0.00000	0	1.00000	0
12	L	0.00000	0	1.00000	0
13	V	0.00000	0	1.00000	0
14	V	0.00000	0	1.00000	0
15	I	0.00000	0	1.00000	0
16	A	0.00000	0	1.00000	0
17	V	0.00000	0	1.00000	0
18	L	0.00000	0	1.00000	0
19	T	0.00000	0	1.00000	0
20	S	0.00000	0	1.00000	0
21	R	0.00000	0	1.00000	0
22	A	0.00104	0	0.99896	0
23	L	0.08869	0	0.91131	0
24	R	0.92249	0	0.07751	0
25	A	0.96364	0	0.03636	0
26	P	1.00000	0	0.00000	0
27	Q	0.99886	0	0.00114	0
28	N	0.78149	0	0.21851	0
29	L	0.43071	0	0.56929	0
30	F	0.01956	0	0.98044	0
31	L	0.00119	0	0.99881	0
32	V	0.00013	0	0.99987	0
33	S	0.00006	0	0.99994	0
34	L	0.00005	0	0.99995	0
35	A	0.00004	0	0.99996	0
36	S	0.00003	0	0.99997	0
37	A	0.00001	0	0.99999	0
38	D	0.00000	0	1.00000	0
39	I	0.00000	0	1.00000	0
40	L	0.00000	0	1.00000	0
41	V	0.00000	0	1.00000	0
42	A	0.00000	0	1.00000	0
43	T	0.00000	0	1.00000	0
44	L	0.00000	0	1.00000	0
45	V	0.00000	0	1.00000	0
46	M	0.00000	2e-05	0.99998	0
47	P	0.00000	0.00073	0.99927	0
48	F	0.00000	0.01292	0.98708	0
49	S	0.00000	0.20346	0.79654	0
50	L	0.00000	0.31925	0.68075	0
51	A	0.00000	0.68046	0.31954	0
52	N	0.00000	0.99986	0.00014	0
53	E	0.00000	0.99988	0.00012	0
54	L	0.00000	0.99988	0.00012	0
55	M	0.00000	0.99989	0.00011	0
56	A	0.00000	0.99992	0.00008	0
57	Y	0.00000	0.99995	0.00005	0
58	W	0.00000	0.99997	0.00003	0
59	Y	0.00000	0.99999	0.00001	0
60	F	0.00000	1	0.00000	0
61	G	0.00000	1	0.00000	0
62	Q	0.00000	1	0.00000	0
63	V	0.00000	1	0.00000	0
64	W	0.00000	1	0.00000	0
65	C	0.00000	0.99998	0.00002	0
66	G	0.00000	0.99974	0.00026	0
67	V	0.00000	0.99894	0.00106	0
68	Y	0.00000	0.87817	0.12183	0
69	L	0.00000	0.43376	0.56624	0
70	A	0.00000	0.265	0.73500	0
71	L	0.00000	0.0069	0.99310	0
72	D	0.00000	0.00278	0.99722	0
73	V	0.00000	4e-05	0.99996	0
74	L	0.00000	0	1.00000	0
75	F	0.00000	0	1.00000	0
76	C	0.00000	0	1.00000	0
77	T	0.00000	0	1.00000	0
78	S	0.00000	0	1.00000	0
79	S	0.00000	0	1.00000	0
80	I	0.00000	0	1.00000	0
81	V	0.00000	0	1.00000	0
82	H	0.00000	0	1.00000	0
83	L	0.00000	0	1.00000	0
84	C	0.00000	0	1.00000	0
85	A	0.00000	0	1.00000	0
86	I	0.00000	0	1.00000	0
87	S	0.00000	0	1.00000	0
88	L	0.00000	0	1.00000	0
89	D	0.00000	0	1.00000	0
90	R	0.00148	0	0.99852	0
91	Y	0.01473	0	0.98527	0
92	W	0.02854	0	0.97146	0
93	S	0.36597	0	0.63403	0
94	V	0.99998	0	0.00002	0
95	T	1.00000	0	0.00000	0
96	Q	1.00000	0	0.00000	0
97	A	1.00000	0	0.00000	0
98	V	1.00000	0	0.00000	0
99	E	1.00000	0	0.00000	0
100	Y	1.00000	0	0.00000	0
101	N	1.00000	0	0.00000	0
102	L	1.00000	0	0.00000	0
103	K	1.00000	0	0.00000	0
104	R	1.00000	0	0.00000	0
105	T	1.00000	0	0.00000	0
106	P	1.00000	0	0.00000	0
107	R	0.99998	0	0.00002	0
108	R	0.99782	0	0.00218	0
109	V	0.89528	0	0.10472	0
110	K	0.88002	0	0.11998	0
111	A	0.38144	0	0.61856	0
112	T	0.07643	0	0.92357	0
113	I	0.00017	0	0.99983	0
114	V	0.00000	0	1.00000	0
115	A	0.00000	0	1.00000	0
116	V	0.00000	0	1.00000	0
117	W	0.00000	0	1.00000	0
118	L	0.00000	0	1.00000	0
119	I	0.00000	0	1.00000	0
120	S	0.00000	0	1.00000	0
121	A	0.00000	0	1.00000	0
122	V	0.00000	0	1.00000	0
123	I	0.00000	0	1.00000	0
124	S	0.00000	0	1.00000	0
125	F	0.00000	0	1.00000	0
126	P	0.00000	0	1.00000	0
127	P	0.00000	1e-05	0.99999	0
128	L	0.00000	0.00011	0.99989	0
129	V	0.00000	0.00396	0.99604	0
130	S	0.00000	0.03682	0.96318	0
131	L	0.00000	0.05754	0.94246	0
132	Y	0.00000	0.32896	0.67104	0
133	R	0.00000	0.97801	0.02199	0
134	Q	0.00000	0.9984	0.00160	0
135	P	0.00000	0.99986	0.00014	0
136	D	0.00000	1	0.00000	0
137	S	0.00000	1	0.00000	0
138	A	0.00000	1	0.00000	0
139	A	0.00000	1	0.00000	0
140	Y	0.00000	1	0.00000	0
141	P	0.00000	1	0.00000	0
142	Q	0.00000	1	0.00000	0
143	C	0.00000	1	0.00000	0
144	G	0.00000	1	0.00000	0
145	L	0.00000	1	0.00000	0
146	N	0.00000	1	0.00000	0
147	D	0.00000	1	0.00000	0
148	E	0.00000	0.99989	0.00011	0
149	T	0.00000	0.75876	0.24124	0
150	W	0.00000	0.18724	0.81276	0
151	Y	0.00000	0.01901	0.98099	0
152	I	0.00000	0.01607	0.98393	0
153	L	0.00000	0.00053	0.99947	0
154	S	0.00000	5e-05	0.99995	0
155	S	0.00000	4e-05	0.99996	0
156	C	0.00000	3e-05	0.99997	0
157	I	0.00000	1e-05	0.99999	0
158	G	0.00000	0	1.00000	0
159	S	0.00000	0	1.00000	0
160	F	0.00000	0	1.00000	0
161	F	0.00000	0	1.00000	0
162	A	0.00000	0	1.00000	0
163	P	0.00000	0	1.00000	0
164	C	0.00000	0	1.00000	0
165	L	0.00000	0	1.00000	0
166	I	0.00000	0	1.00000	0
167	M	0.00000	0	1.00000	0
168	G	0.00000	0	1.00000	0
169	L	0.00000	0	1.00000	0
170	V	0.00005	0	0.99995	0
171	Y	0.00201	0	0.99799	0
172	A	0.05046	0	0.94954	0
173	R	0.18295	0	0.81705	0
174	I	0.20934	0	0.79066	0
175	Y	0.35401	0	0.64599	0
176	R	0.98707	0	0.01293	0
177	V	0.99143	0	0.00857	0
178	A	0.99994	0	0.00006	0
179	K	1.00000	0	0.00000	0
180	L	1.00000	0	0.00000	0
181	R	1.00000	0	0.00000	0
182	T	1.00000	0	0.00000	0
183	R	1.00000	0	0.00000	0
184	T	1.00000	0	0.00000	0
185	L	1.00000	0	0.00000	0
186	S	1.00000	0	0.00000	0
187	E	1.00000	0	0.00000	0
188	K	1.00000	0	0.00000	0
189	R	1.00000	0	0.00000	0
190	A	1.00000	0	0.00000	0
191	P	1.00000	0	0.00000	0
192	A	1.00000	0	0.00000	0
193	G	1.00000	0	0.00000	0
194	P	1.00000	0	0.00000	0
195	D	1.00000	0	0.00000	0
196	G	1.00000	0	0.00000	0
197	A	1.00000	0	0.00000	0
198	S	1.00000	0	0.00000	0
199	P	1.00000	0	0.00000	0
200	T	1.00000	0	0.00000	0
201	T	1.00000	0	0.00000	0
202	E	1.00000	0	0.00000	0
203	N	1.00000	0	0.00000	0
204	G	1.00000	0	0.00000	0
205	L	1.00000	0	0.00000	0
206	G	1.00000	0	0.00000	0
207	A	1.00000	0	0.00000	0
208	A	1.00000	0	0.00000	0
209	A	1.00000	0	0.00000	0
210	G	1.00000	0	0.00000	0
211	A	1.00000	0	0.00000	0
212	G	1.00000	0	0.00000	0
213	E	1.00000	0	0.00000	0
214	N	1.00000	0	0.00000	0
215	G	1.00000	0	0.00000	0
216	S	1.00000	0	0.00000	0
217	V	1.00000	0	0.00000	0
218	C	1.00000	0	0.00000	0
219	R	1.00000	0	0.00000	0
220	R	1.00000	0	0.00000	0
221	K	1.00000	0	0.00000	0
222	V	1.00000	0	0.00000	0
223	A	1.00000	0	0.00000	0
224	Q	1.00000	0	0.00000	0
225	A	1.00000	0	0.00000	0
226	R	1.00000	0	0.00000	0
227	E	1.00000	0	0.00000	0
228	K	0.96892	0	0.03108	0
229	R	0.96758	0	0.03242	0
230	F	0.70380	0	0.29620	0
231	T	0.47122	0	0.52878	0
232	F	0.18335	0	0.81665	0
233	V	0.08676	0	0.91324	0
234	L	0.00108	0	0.99892	0
235	A	0.00003	0	0.99997	0
236	V	0.00001	0	0.99999	0
237	V	0.00000	0	1.00000	0
238	M	0.00000	0	1.00000	0
239	G	0.00000	0	1.00000	0
240	V	0.00000	0	1.00000	0
241	F	0.00000	0	1.00000	0
242	V	0.00000	0	1.00000	0
243	L	0.00000	0	1.00000	0
244	C	0.00000	0	1.00000	0
245	W	0.00000	0	1.00000	0
246	F	0.00000	0	1.00000	0
247	P	0.00000	0	1.00000	0
248	F	0.00000	0	1.00000	0
249	F	0.00000	1e-05	0.99999	0
250	F	0.00000	0.0013	0.99870	0
251	S	0.00000	0.02003	0.97997	0
252	Y	0.00000	0.03953	0.96047	0
253	S	0.00000	0.1278	0.87220	0
254	L	0.00000	0.18508	0.81492	0
255	Y	0.00000	0.46892	0.53108	0
256	G	0.00000	0.77659	0.22341	0
257	I	0.00000	0.89561	0.10439	0
258	C	0.00000	0.98953	0.01047	0
259	R	0.00000	0.99968	0.00032	0
260	E	0.00000	0.99999	0.00001	0
261	A	0.00000	1	0.00000	0
262	C	0.00000	1	0.00000	0
263	Q	0.00000	1	0.00000	0
264	V	0.00000	1	0.00000	0
265	P	0.00000	1	0.00000	0
266	D	0.00000	0.99995	0.00005	0
267	P	0.00000	0.99744	0.00256	0
268	L	0.00000	0.9664	0.03360	0
269	F	0.00000	0.9583	0.04170	0
270	K	0.00000	0.72403	0.27597	0
271	F	0.00000	0.00641	0.99359	0
272	F	0.00000	0.00031	0.99969	0
273	F	0.00000	0	1.00000	0
274	W	0.00000	0	1.00000	0
275	I	0.00000	0	1.00000	0
276	G	0.00000	0	1.00000	0
277	Y	0.00000	0	1.00000	0
278	C	0.00000	0	1.00000	0
279	N	0.00000	0	1.00000	0
280	S	0.00000	0	1.00000	0
281	S	0.00000	0	1.00000	0
282	L	0.00000	0	1.00000	0
283	N	0.00000	0	1.00000	0
284	P	0.00000	0	1.00000	0
285	V	0.00000	0	1.00000	0
286	I	0.00000	0	1.00000	0
287	Y	0.00000	0	1.00000	0
288	T	0.00003	0	0.99997	0
289	V	0.00064	0	0.99936	0
290	F	0.03277	0	0.96723	0
291	N	0.52426	0	0.47574	0
292	Q	0.98382	0	0.01618	0
293	D	0.99723	0	0.00277	0
294	F	0.99901	0	0.00099	0
295	R	1.00000	0	0.00000	0
296	R	1.00000	0	0.00000	0
297	S	1.00000	0	0.00000	0
298	F	1.00000	0	0.00000	0
299	K	1.00000	0	0.00000	0
300	H	1.00000	0	0.00000	0
301	I	1.00000	0	0.00000	0
302	L	1.00000	0	0.00000	0
303	F	1.00000	0	0.00000	0
304	R	1.00000	0	0.00000	0
305	R	1.00000	0	0.00000	0
306	R	1.00000	0	0.00000	0
307	R	1.00000	0	0.00000	0
308	R	1.00000	0	0.00000	0
309	G	1.00000	0	0.00000	0
310	F	1.00000	0	0.00000	0
311	R	1.00000	0	0.00000	0
312	Q	1.00000	0	0.00000	0
