# UNNAMED
#pos	aa	i	o	M	S
1	M	0.00000	1	0.00000	0
2	E	0.00000	1	0.00000	0
3	V	0.00000	1	0.00000	0
4	L	0.00000	1	0.00000	0
5	D	0.00000	1	0.00000	0
6	T	0.00000	1	0.00000	0
7	G	0.00000	1	0.00000	0
8	R	0.00000	1	0.00000	0
9	G	0.00000	1	0.00000	0
10	N	0.00000	1	0.00000	0
11	N	0.00000	1	0.00000	0
12	T	0.00000	1	0.00000	0
13	T	0.00000	1	0.00000	0
14	S	0.00000	1	0.00000	0
15	S	0.00000	1	0.00000	0
16	Q	0.00000	1	0.00000	0
17	D	0.00000	1	0.00000	0
18	P	0.00000	1	0.00000	0
19	L	0.00000	1	0.00000	0
20	G	0.00000	1	0.00000	0
21	T	0.00000	1	0.00000	0
22	G	0.00000	1	0.00000	0
23	S	0.00000	1	0.00000	0
24	N	0.00000	1	0.00000	0
25	A	0.00000	1	0.00000	0
26	T	0.00000	1	0.00000	0
27	G	0.00000	1	0.00000	0
28	I	0.00000	1	0.00000	0
29	S	0.00000	1	0.00000	0
30	D	0.00000	1	0.00000	0
31	V	0.00000	0.99146	0.00854	0
32	T	0.00000	0.97697	0.02303	0
33	F	0.00000	0.94934	0.05066	0
34	S	0.00000	0.92022	0.07978	0
35	Y	0.00000	0.60209	0.39791	0
36	Q	0.00000	0.53876	0.46124	0
37	V	0.00000	0.19549	0.80451	0
38	I	0.00000	0.07763	0.92237	0
39	T	0.00000	0.06282	0.93718	0
40	S	0.00000	0.05688	0.94312	0
41	L	0.00000	0.02279	0.97721	0
42	L	0.00000	0.01194	0.98806	0
43	L	0.00000	0.00376	0.99624	0
44	G	0.00000	0.00021	0.99979	0
45	T	0.00000	1e-05	0.99999	0
46	L	0.00000	0	1.00000	0
47	I	0.00000	0	1.00000	0
48	F	0.00000	0	1.00000	0
49	C	0.00000	0	1.00000	0
50	A	0.00000	0	1.00000	0
51	V	0.00000	0	1.00000	0
52	L	0.00000	0	1.00000	0
53	G	0.00000	0	1.00000	0
54	N	0.00000	0	1.00000	0
55	A	0.00000	0	1.00000	0
56	C	0.00001	0	0.99999	0
57	V	0.00003	0	0.99997	0
58	V	0.00020	0	0.99980	0
59	A	0.00359	0	0.99641	0
60	A	0.03389	0	0.96611	0
61	I	0.08845	0	0.91155	0
62	A	0.43141	0	0.56859	0
63	L	0.67935	0	0.32065	0
64	E	0.99413	0	0.00587	0
65	R	0.99991	0	0.00009	0
66	S	0.99999	0	0.00001	0
67	L	0.99998	0	0.00002	0
68	Q	0.99990	0	0.00010	0
69	N	0.99147	0	0.00853	0
70	V	0.95878	0	0.04122	0
71	A	0.76814	0	0.23186	0
72	N	0.22079	0	0.77921	0
73	Y	0.08549	0	0.91451	0
74	L	0.00136	0	0.99864	0
75	I	0.00003	0	0.99997	0
76	G	0.00001	0	0.99999	0
77	S	0.00000	0	1.00000	0
78	L	0.00000	0	1.00000	0
79	A	0.00000	0	1.00000	0
80	V	0.00000	0	1.00000	0
81	T	0.00000	0	1.00000	0
82	D	0.00000	0	1.00000	0
83	L	0.00000	0	1.00000	0
84	M	0.00000	0	1.00000	0
85	V	0.00000	0	1.00000	0
86	S	0.00000	0	1.00000	0
87	V	0.00000	0	1.00000	0
88	L	0.00000	0	1.00000	0
89	V	0.00000	1e-05	0.99999	0
90	L	0.00000	0.00012	0.99988	0
91	P	0.00000	0.00087	0.99913	0
92	M	0.00000	0.01492	0.98508	0
93	A	0.00000	0.09474	0.90526	0
94	A	0.00000	0.27596	0.72404	0
95	L	0.00000	0.43812	0.56188	0
96	Y	0.00000	0.99967	0.00033	0
97	Q	0.00000	0.9998	0.00020	0
98	V	0.00000	0.99982	0.00018	0
99	L	0.00000	0.99987	0.00013	0
100	N	0.00000	0.99999	0.00001	0
101	K	0.00000	1	0.00000	0
102	W	0.00000	1	0.00000	0
103	T	0.00000	1	0.00000	0
104	L	0.00000	1	0.00000	0
105	G	0.00000	1	0.00000	0
106	Q	0.00000	1	0.00000	0
107	V	0.00000	1	0.00000	0
108	T	0.00000	0.99999	0.00001	0
109	C	0.00000	0.99988	0.00012	0
110	D	0.00000	0.99865	0.00135	0
111	L	0.00000	0.9916	0.00840	0
112	F	0.00000	0.32526	0.67474	0
113	I	0.00000	0.03645	0.96355	0
114	A	0.00000	0.00071	0.99929	0
115	L	0.00000	1e-05	0.99999	0
116	D	0.00000	0	1.00000	0
117	V	0.00000	0	1.00000	0
118	L	0.00000	0	1.00000	0
119	C	0.00000	0	1.00000	0
120	C	0.00000	0	1.00000	0
121	T	0.00000	0	1.00000	0
122	S	0.00000	0	1.00000	0
123	S	0.00000	0	1.00000	0
124	I	0.00000	0	1.00000	0
125	L	0.00000	0	1.00000	0
126	H	0.00000	0	1.00000	0
127	L	0.00000	0	1.00000	0
128	C	0.00000	0	1.00000	0
129	A	0.00000	0	1.00000	0
130	I	0.00000	0	1.00000	0
131	A	0.00000	0	1.00000	0
132	L	0.00001	0	0.99999	0
133	D	0.00009	0	0.99991	0
134	R	0.14637	0	0.85363	0
135	Y	0.91051	0	0.08949	0
136	W	0.96181	0	0.03819	0
137	A	0.98321	0	0.01679	0
138	I	1.00000	0	0.00000	0
139	T	1.00000	0	0.00000	0
140	D	1.00000	0	0.00000	0
141	P	1.00000	0	0.00000	0
142	I	1.00000	0	0.00000	0
143	D	1.00000	0	0.00000	0
144	Y	1.00000	0	0.00000	0
145	V	1.00000	0	0.00000	0
146	N	1.00000	0	0.00000	0
147	K	1.00000	0	0.00000	0
148	R	1.00000	0	0.00000	0
149	T	1.00000	0	0.00000	0
150	P	0.99999	0	0.00001	0
151	R	0.99902	0	0.00098	0
152	R	0.94835	0	0.05165	0
153	A	0.05075	0	0.94925	0
154	A	0.00783	0	0.99217	0
155	A	0.00060	0	0.99940	0
156	L	0.00000	0	1.00000	0
157	I	0.00000	0	1.00000	0
158	S	0.00000	0	1.00000	0
159	L	0.00000	0	1.00000	0
160	T	0.00000	0	1.00000	0
161	W	0.00000	0	1.00000	0
162	L	0.00000	0	1.00000	0
163	I	0.00000	0	1.00000	0
164	G	0.00000	0	1.00000	0
165	F	0.00000	0	1.00000	0
166	L	0.00000	0	1.00000	0
167	I	0.00000	0	1.00000	0
168	S	0.00000	0	1.00000	0
169	I	0.00000	0	1.00000	0
170	P	0.00000	2e-05	0.99998	0
171	P	0.00000	0.00018	0.99982	0
172	M	0.00000	0.00105	0.99895	0
173	L	0.00000	0.04177	0.95823	0
174	G	0.00000	0.61202	0.38798	0
175	W	0.00000	0.79019	0.20981	0
176	R	0.00000	0.99296	0.00704	0
177	T	0.00000	0.99952	0.00048	0
178	P	0.00000	0.99998	0.00002	0
179	E	0.00000	1	0.00000	0
180	D	0.00000	1	0.00000	0
181	R	0.00000	1	0.00000	0
182	S	0.00000	1	0.00000	0
183	D	0.00000	1	0.00000	0
184	P	0.00000	1	0.00000	0
185	D	0.00000	1	0.00000	0
186	A	0.00000	1	0.00000	0
187	C	0.00000	1	0.00000	0
188	T	0.00000	1	0.00000	0
189	I	0.00000	1	0.00000	0
190	S	0.00000	1	0.00000	0
191	K	0.00000	1	0.00000	0
192	D	0.00000	1	0.00000	0
193	Q	0.00000	0.99698	0.00302	0
194	G	0.00000	0.84898	0.15102	0
195	Y	0.00000	0.75288	0.24712	0
196	T	0.00000	0.72779	0.27221	0
197	I	0.00000	0.00673	0.99327	0
198	Y	0.00000	0.00242	0.99758	0
199	S	0.00000	0.00197	0.99803	0
200	T	0.00000	0.00036	0.99964	0
201	F	0.00000	0.00023	0.99977	0
202	G	0.00000	0	1.00000	0
203	A	0.00000	0	1.00000	0
204	F	0.00000	0	1.00000	0
205	Y	0.00000	0	1.00000	0
206	I	0.00000	0	1.00000	0
207	P	0.00000	0	1.00000	0
208	L	0.00000	0	1.00000	0
209	L	0.00000	0	1.00000	0
210	L	0.00000	0	1.00000	0
211	M	0.00000	0	1.00000	0
212	L	0.00000	0	1.00000	0
213	V	0.00000	0	1.00000	0
214	L	0.00000	0	1.00000	0
215	Y	0.00022	0	0.99978	0
216	G	0.01211	0	0.98789	0
217	R	0.04317	0	0.95683	0
218	I	0.04746	0	0.95254	0
219	F	0.09264	0	0.90736	0
220	R	0.94423	0	0.05577	0
221	A	0.96060	0	0.03940	0
222	A	0.99920	0	0.00080	0
223	R	0.99966	0	0.00034	0
224	F	0.99968	0	0.00032	0
225	R	1.00000	0	0.00000	0
226	I	1.00000	0	0.00000	0
227	R	1.00000	0	0.00000	0
228	K	1.00000	0	0.00000	0
229	T	1.00000	0	0.00000	0
230	V	1.00000	0	0.00000	0
231	K	1.00000	0	0.00000	0
232	K	1.00000	0	0.00000	0
233	V	1.00000	0	0.00000	0
234	E	1.00000	0	0.00000	0
235	K	1.00000	0	0.00000	0
236	K	1.00000	0	0.00000	0
237	G	1.00000	0	0.00000	0
238	A	1.00000	0	0.00000	0
239	D	1.00000	0	0.00000	0
240	T	1.00000	0	0.00000	0
241	H	1.00000	0	0.00000	0
242	T	1.00000	0	0.00000	0
243	R	1.00000	0	0.00000	0
244	C	1.00000	0	0.00000	0
245	A	1.00000	0	0.00000	0
246	A	1.00000	0	0.00000	0
247	A	1.00000	0	0.00000	0
248	S	1.00000	0	0.00000	0
249	P	1.00000	0	0.00000	0
250	A	1.00000	0	0.00000	0
251	P	1.00000	0	0.00000	0
252	P	1.00000	0	0.00000	0
253	P	1.00000	0	0.00000	0
254	R	1.00000	0	0.00000	0
255	R	1.00000	0	0.00000	0
256	S	1.00000	0	0.00000	0
257	V	1.00000	0	0.00000	0
258	N	1.00000	0	0.00000	0
259	G	1.00000	0	0.00000	0
260	E	1.00000	0	0.00000	0
261	P	1.00000	0	0.00000	0
262	G	1.00000	0	0.00000	0
263	S	1.00000	0	0.00000	0
264	T	1.00000	0	0.00000	0
265	D	1.00000	0	0.00000	0
266	W	1.00000	0	0.00000	0
267	R	1.00000	0	0.00000	0
268	R	1.00000	0	0.00000	0
269	G	1.00000	0	0.00000	0
270	V	1.00000	0	0.00000	0
271	E	1.00000	0	0.00000	0
272	S	1.00000	0	0.00000	0
273	K	1.00000	0	0.00000	0
274	A	1.00000	0	0.00000	0
275	A	1.00000	0	0.00000	0
276	G	1.00000	0	0.00000	0
277	A	1.00000	0	0.00000	0
278	V	1.00000	0	0.00000	0
279	C	1.00000	0	0.00000	0
280	A	1.00000	0	0.00000	0
281	N	1.00000	0	0.00000	0
282	G	1.00000	0	0.00000	0
283	A	1.00000	0	0.00000	0
284	V	1.00000	0	0.00000	0
285	R	1.00000	0	0.00000	0
286	Q	1.00000	0	0.00000	0
287	G	1.00000	0	0.00000	0
288	D	1.00000	0	0.00000	0
289	E	1.00000	0	0.00000	0
290	G	1.00000	0	0.00000	0
291	A	1.00000	0	0.00000	0
292	A	1.00000	0	0.00000	0
293	L	1.00000	0	0.00000	0
294	E	1.00000	0	0.00000	0
295	V	1.00000	0	0.00000	0
296	I	1.00000	0	0.00000	0
297	E	1.00000	0	0.00000	0
298	V	1.00000	0	0.00000	0
299	H	1.00000	0	0.00000	0
300	R	1.00000	0	0.00000	0
301	V	1.00000	0	0.00000	0
302	G	1.00000	0	0.00000	0
303	H	1.00000	0	0.00000	0
304	S	1.00000	0	0.00000	0
305	K	1.00000	0	0.00000	0
306	E	1.00000	0	0.00000	0
307	H	1.00000	0	0.00000	0
308	L	1.00000	0	0.00000	0
309	P	1.00000	0	0.00000	0
310	L	1.00000	0	0.00000	0
311	P	1.00000	0	0.00000	0
312	S	1.00000	0	0.00000	0
313	E	1.00000	0	0.00000	0
314	T	1.00000	0	0.00000	0
315	G	1.00000	0	0.00000	0
316	T	1.00000	0	0.00000	0
317	A	1.00000	0	0.00000	0
318	A	1.00000	0	0.00000	0
319	C	1.00000	0	0.00000	0
320	A	1.00000	0	0.00000	0
321	A	1.00000	0	0.00000	0
322	A	1.00000	0	0.00000	0
323	S	1.00000	0	0.00000	0
324	F	1.00000	0	0.00000	0
325	E	1.00000	0	0.00000	0
326	R	1.00000	0	0.00000	0
327	K	1.00000	0	0.00000	0
328	N	1.00000	0	0.00000	0
329	E	1.00000	0	0.00000	0
330	R	1.00000	0	0.00000	0
331	N	1.00000	0	0.00000	0
332	A	1.00000	0	0.00000	0
333	E	1.00000	0	0.00000	0
334	A	1.00000	0	0.00000	0
335	K	1.00000	0	0.00000	0
336	R	1.00000	0	0.00000	0
337	K	1.00000	0	0.00000	0
338	M	1.00000	0	0.00000	0
339	A	1.00000	0	0.00000	0
340	L	1.00000	0	0.00000	0
341	A	1.00000	0	0.00000	0
342	R	1.00000	0	0.00000	0
343	E	1.00000	0	0.00000	0
344	R	0.99684	0	0.00316	0
345	K	0.99647	0	0.00353	0
346	T	0.71205	0	0.28795	0
347	V	0.70917	0	0.29083	0
348	K	0.70789	0	0.29211	0
349	T	0.59391	0	0.40609	0
350	L	0.01078	0	0.98922	0
351	G	0.00075	0	0.99925	0
352	I	0.00002	0	0.99998	0
353	I	0.00000	0	1.00000	0
354	M	0.00000	0	1.00000	0
355	G	0.00000	0	1.00000	0
356	T	0.00000	0	1.00000	0
357	F	0.00000	0	1.00000	0
358	I	0.00000	0	1.00000	0
359	L	0.00000	0	1.00000	0
360	C	0.00000	0	1.00000	0
361	W	0.00000	0	1.00000	0
362	L	0.00000	0	1.00000	0
363	P	0.00000	0	1.00000	0
364	F	0.00000	0	1.00000	0
365	F	0.00000	0	1.00000	0
366	I	0.00000	1e-05	0.99999	0
367	V	0.00000	8e-05	0.99992	0
368	A	0.00000	0.00054	0.99946	0
369	L	0.00000	0.0044	0.99560	0
370	V	0.00000	0.02399	0.97601	0
371	L	0.00000	0.07816	0.92184	0
372	P	0.00000	0.40366	0.59634	0
373	F	0.00000	0.53988	0.46012	0
374	C	0.00000	0.96134	0.03866	0
375	E	0.00000	0.99861	0.00139	0
376	S	0.00000	0.99956	0.00044	0
377	S	0.00000	0.99982	0.00018	0
378	C	0.00000	0.99996	0.00004	0
379	H	0.00000	0.99994	0.00006	0
380	M	0.00000	0.99949	0.00051	0
381	P	0.00000	0.99948	0.00052	0
382	A	0.00000	0.99919	0.00081	0
383	Q	0.00000	0.99876	0.00124	0
384	L	0.00000	0.99604	0.00396	0
385	G	0.00000	0.99547	0.00453	0
386	A	0.00000	0.33747	0.66253	0
387	I	0.00000	0.00309	0.99691	0
388	I	0.00000	0.00013	0.99987	0
389	N	0.00000	0	1.00000	0
390	W	0.00000	0	1.00000	0
391	L	0.00000	0	1.00000	0
392	G	0.00000	0	1.00000	0
393	Y	0.00000	0	1.00000	0
394	S	0.00000	0	1.00000	0
395	N	0.00000	0	1.00000	0
396	S	0.00000	0	1.00000	0
397	L	0.00000	0	1.00000	0
398	L	0.00000	0	1.00000	0
399	N	0.00000	0	1.00000	0
400	P	0.00000	0	1.00000	0
401	V	0.00000	0	1.00000	0
402	I	0.00000	0	1.00000	0
403	Y	0.00001	0	0.99999	0
404	A	0.00002	0	0.99998	0
405	Y	0.00016	0	0.99984	0
406	F	0.02786	0	0.97214	0
407	N	0.53021	0	0.46979	0
408	K	1.00000	0	0.00000	0
409	D	1.00000	0	0.00000	0
410	F	1.00000	0	0.00000	0
411	Q	1.00000	0	0.00000	0
412	N	1.00000	0	0.00000	0
413	A	1.00000	0	0.00000	0
414	F	1.00000	0	0.00000	0
415	K	1.00000	0	0.00000	0
416	K	1.00000	0	0.00000	0
417	I	1.00000	0	0.00000	0
418	I	1.00000	0	0.00000	0
419	K	1.00000	0	0.00000	0
420	C	1.00000	0	0.00000	0
421	K	1.00000	0	0.00000	0
422	F	1.00000	0	0.00000	0
423	C	1.00000	0	0.00000	0
424	R	1.00000	0	0.00000	0
425	R	1.00000	0	0.00000	0
