# UNNAMED
#pos	aa	i	o	M	S
1	M	0.00000	0.83677	0.00000	0.16323
2	S	0.00000	0.83677	0.00000	0.16324
3	S	0.00000	0.83677	0.00000	0.16323
4	N	0.00000	0.83677	0.00000	0.16323
5	S	0.00000	0.83677	0.00000	0.16324
6	S	0.00000	0.83677	0.00000	0.16323
7	L	0.00000	0.83677	0.00000	0.16323
8	L	0.00000	0.83677	0.00000	0.16323
9	A	0.00000	0.83677	0.00000	0.16322
10	A	0.00000	0.83677	0.00000	0.16323
11	V	0.00000	0.83677	0.00000	0.16323
12	Q	0.00000	0.83677	0.00000	0.16323
13	L	0.00000	0.83677	0.00000	0.16324
14	C	0.00000	0.83702	0.00000	0.16299
15	Y	0.00000	0.83702	0.00000	0.16298
16	A	0.00000	0.83702	0.00000	0.16298
17	N	0.00000	0.98041	0.00000	0.01958
18	V	0.00000	0.98041	0.00000	0.01959
19	N	0.00000	0.98041	0.00000	0.01959
20	G	0.00000	0.98041	0.00000	0.01959
21	S	0.00000	0.98105	0.00000	0.01895
22	C	0.00000	0.99068	0.00000	0.00932
23	V	0.00000	0.99999	0.00000	0
24	K	0.00000	1	0.00000	0
25	I	0.00000	1	0.00000	0
26	P	0.00000	1	0.00000	0
27	Y	0.00000	1	0.00000	0
28	S	0.00000	1	0.00000	0
29	P	0.00000	1	0.00000	0
30	G	0.00000	0.99999	0.00001	0
31	S	0.00000	0.99997	0.00003	0
32	R	0.00000	0.99516	0.00484	0
33	V	0.00000	0.44793	0.55207	0
34	I	0.00000	0.14088	0.85912	0
35	L	0.00000	0.0429	0.95710	0
36	Y	0.00000	0.01448	0.98552	0
37	I	0.00000	0.00084	0.99916	0
38	V	0.00000	0.00016	0.99984	0
39	F	0.00000	3e-05	0.99997	0
40	G	0.00000	1e-05	0.99999	0
41	F	0.00000	0	1.00000	0
42	G	0.00000	0	1.00000	0
43	A	0.00000	0	1.00000	0
44	V	0.00000	0	1.00000	0
45	L	0.00000	0	1.00000	0
46	A	0.00000	0	1.00000	0
47	V	0.00000	0	1.00000	0
48	F	0.00000	0	1.00000	0
49	G	0.00000	0	1.00000	0
50	N	0.00000	0	1.00000	0
51	L	0.00000	0	1.00000	0
52	L	0.00000	0	1.00000	0
53	V	0.00001	0	0.99999	0
54	M	0.00016	0	0.99984	0
55	I	0.00165	0	0.99835	0
56	S	0.12496	0	0.87504	0
57	I	0.15519	0	0.84481	0
58	L	0.39908	0	0.60092	0
59	H	0.83061	0	0.16939	0
60	F	0.90170	0	0.09830	0
61	K	0.99774	0	0.00226	0
62	Q	0.99999	0	0.00001	0
63	L	1.00000	0	0.00000	0
64	H	1.00000	0	0.00000	0
65	S	1.00000	0	0.00000	0
66	P	1.00000	0	0.00000	0
67	T	0.66250	0	0.33750	0
68	N	0.13790	0	0.86210	0
69	F	0.02288	0	0.97712	0
70	L	0.00037	0	0.99963	0
71	I	0.00001	0	0.99999	0
72	A	0.00000	0	1.00000	0
73	S	0.00000	0	1.00000	0
74	L	0.00000	0	1.00000	0
75	A	0.00000	0	1.00000	0
76	C	0.00000	0	1.00000	0
77	A	0.00000	0	1.00000	0
78	D	0.00000	0	1.00000	0
79	F	0.00000	0	1.00000	0
80	L	0.00000	0	1.00000	0
81	V	0.00000	0	1.00000	0
82	G	0.00000	0	1.00000	0
83	V	0.00000	0	1.00000	0
84	T	0.00000	0	1.00000	0
85	V	0.00000	3e-05	0.99997	0
86	M	0.00000	0.0015	0.99850	0
87	P	0.00000	0.02621	0.97379	0
88	F	0.00000	0.07651	0.92349	0
89	S	0.00000	0.3055	0.69450	0
90	M	0.00000	0.38276	0.61724	0
91	V	0.00000	0.63967	0.36033	0
92	R	0.00000	0.99985	0.00015	0
93	T	0.00000	0.9999	0.00010	0
94	M	0.00000	0.99991	0.00009	0
95	E	0.00000	1	0.00000	0
96	S	0.00000	1	0.00000	0
97	C	0.00000	1	0.00000	0
98	W	0.00000	0.99998	0.00002	0
99	Y	0.00000	0.99988	0.00012	0
100	F	0.00000	0.9993	0.00070	0
101	G	0.00000	0.99926	0.00074	0
102	R	0.00000	0.9992	0.00080	0
103	S	0.00000	0.99874	0.00126	0
104	F	0.00000	0.94187	0.05813	0
105	C	0.00000	0.93201	0.06799	0
106	T	0.00000	0.92017	0.07983	0
107	F	0.00000	0.91718	0.08282	0
108	H	0.00000	0.77489	0.22511	0
109	T	0.00000	0.59445	0.40555	0
110	C	0.00000	0.48595	0.51405	0
111	C	0.00000	0.07719	0.92281	0
112	D	0.00000	0.04848	0.95152	0
113	V	0.00000	0.00033	0.99967	0
114	A	0.00000	0	1.00000	0
115	F	0.00000	0	1.00000	0
116	C	0.00000	0	1.00000	0
117	Y	0.00000	0	1.00000	0
118	S	0.00000	0	1.00000	0
119	S	0.00000	0	1.00000	0
120	L	0.00000	0	1.00000	0
121	F	0.00000	0	1.00000	0
122	H	0.00002	0	0.99998	0
123	L	0.00004	0	0.99996	0
124	C	0.00048	0	0.99952	0
125	F	0.00055	0	0.99945	0
126	I	0.00130	0	0.99870	0
127	S	0.00219	0	0.99781	0
128	I	0.00246	0	0.99754	0
129	D	0.00309	0	0.99691	0
130	R	0.25819	0	0.74181	0
131	Y	0.84655	0	0.15345	0
132	I	0.93820	0	0.06180	0
133	A	0.98050	0	0.01950	0
134	V	0.99996	0	0.00004	0
135	T	1.00000	0	0.00000	0
136	D	1.00000	0	0.00000	0
137	P	1.00000	0	0.00000	0
138	L	1.00000	0	0.00000	0
139	V	1.00000	0	0.00000	0
140	Y	1.00000	0	0.00000	0
141	P	1.00000	0	0.00000	0
142	T	0.99991	0	0.00009	0
143	K	0.99939	0	0.00061	0
144	F	0.87643	0	0.12357	0
145	T	0.81304	0	0.18696	0
146	I	0.56580	0	0.43420	0
147	S	0.46772	0	0.53228	0
148	V	0.16840	0	0.83160	0
149	S	0.13219	0	0.86781	0
150	G	0.04543	0	0.95457	0
151	I	0.00165	0	0.99835	0
152	C	0.00001	0	0.99999	0
153	I	0.00000	0	1.00000	0
154	S	0.00000	0	1.00000	0
155	M	0.00000	0	1.00000	0
156	S	0.00000	0	1.00000	0
157	W	0.00000	0	1.00000	0
158	I	0.00000	0	1.00000	0
159	L	0.00000	0	1.00000	0
160	P	0.00000	0	1.00000	0
161	L	0.00000	0	1.00000	0
162	V	0.00000	1e-05	0.99999	0
163	Y	0.00000	0.00145	0.99855	0
164	S	0.00000	0.02405	0.97595	0
165	G	0.00000	0.05623	0.94377	0
166	A	0.00000	0.08659	0.91341	0
167	V	0.00000	0.16082	0.83918	0
168	F	0.00000	0.35031	0.64969	0
169	Y	0.00000	0.54911	0.45089	0
170	T	0.00000	0.7645	0.23550	0
171	G	0.00000	0.92869	0.07131	0
172	V	0.00000	0.95044	0.04956	0
173	Y	0.00000	0.98583	0.01417	0
174	S	0.00000	0.99952	0.00048	0
175	D	0.00000	1	0.00000	0
176	G	0.00000	1	0.00000	0
177	L	0.00000	1	0.00000	0
178	E	0.00000	1	0.00000	0
179	E	0.00000	1	0.00000	0
180	L	0.00000	1	0.00000	0
181	S	0.00000	1	0.00000	0
182	D	0.00000	1	0.00000	0
183	A	0.00000	1	0.00000	0
184	L	0.00000	1	0.00000	0
185	N	0.00000	1	0.00000	0
186	C	0.00000	1	0.00000	0
187	I	0.00000	1	0.00000	0
188	G	0.00000	1	0.00000	0
189	G	0.00000	1	0.00000	0
190	C	0.00000	1	0.00000	0
191	Q	0.00000	1	0.00000	0
192	T	0.00000	0.99987	0.00013	0
193	I	0.00000	0.99981	0.00019	0
194	V	0.00000	0.99979	0.00021	0
195	N	0.00000	0.99979	0.00021	0
196	Q	0.00000	0.99973	0.00027	0
197	N	0.00000	0.06239	0.93761	0
198	W	0.00000	0.05837	0.94163	0
199	V	0.00000	0.05562	0.94438	0
200	L	0.00000	0.01286	0.98714	0
201	I	0.00000	0.01252	0.98748	0
202	D	0.00000	0.01246	0.98754	0
203	F	0.00000	0.00716	0.99284	0
204	L	0.00000	0	1.00000	0
205	S	0.00000	0	1.00000	0
206	F	0.00000	0	1.00000	0
207	F	0.00000	0	1.00000	0
208	I	0.00000	0	1.00000	0
209	P	0.00000	0	1.00000	0
210	T	0.00000	0	1.00000	0
211	L	0.00000	0	1.00000	0
212	V	0.00000	0	1.00000	0
213	M	0.00000	0	1.00000	0
214	I	0.00000	0	1.00000	0
215	I	0.00000	0	1.00000	0
216	L	0.00001	0	0.99999	0
217	Y	0.00003	0	0.99997	0
218	G	0.00118	0	0.99882	0
219	N	0.00691	0	0.99309	0
220	I	0.00918	0	0.99082	0
221	F	0.02666	0	0.97334	0
222	L	0.18370	0	0.81630	0
223	V	0.27722	0	0.72278	0
224	A	0.73808	0	0.26192	0
225	R	0.99291	0	0.00709	0
226	R	0.99943	0	0.00057	0
227	Q	0.99997	0	0.00003	0
228	A	0.99999	0	0.00001	0
229	K	1.00000	0	0.00000	0
230	K	1.00000	0	0.00000	0
231	I	1.00000	0	0.00000	0
232	E	1.00000	0	0.00000	0
233	N	1.00000	0	0.00000	0
234	T	1.00000	0	0.00000	0
235	G	1.00000	0	0.00000	0
236	S	1.00000	0	0.00000	0
237	K	1.00000	0	0.00000	0
238	T	1.00000	0	0.00000	0
239	E	1.00000	0	0.00000	0
240	S	1.00000	0	0.00000	0
241	S	1.00000	0	0.00000	0
242	S	1.00000	0	0.00000	0
243	E	1.00000	0	0.00000	0
244	S	1.00000	0	0.00000	0
245	Y	1.00000	0	0.00000	0
246	K	1.00000	0	0.00000	0
247	A	1.00000	0	0.00000	0
248	R	1.00000	0	0.00000	0
249	V	1.00000	0	0.00000	0
250	A	1.00000	0	0.00000	0
251	R	1.00000	0	0.00000	0
252	R	1.00000	0	0.00000	0
253	E	1.00000	0	0.00000	0
254	R	0.92157	0	0.07843	0
255	K	0.91825	0	0.08175	0
256	A	0.19235	0	0.80765	0
257	A	0.17555	0	0.82445	0
258	K	0.16842	0	0.83158	0
259	T	0.14605	0	0.85395	0
260	L	0.09966	0	0.90034	0
261	G	0.09157	0	0.90843	0
262	V	0.08691	0	0.91309	0
263	T	0.06858	0	0.93142	0
264	V	0.02752	0	0.97248	0
265	V	0.00020	0	0.99980	0
266	A	0.00001	0	0.99999	0
267	F	0.00001	0	0.99999	0
268	M	0.00000	0	1.00000	0
269	V	0.00000	0	1.00000	0
270	S	0.00000	0	1.00000	0
271	W	0.00000	0	1.00000	0
272	L	0.00000	0	1.00000	0
273	P	0.00000	0.00037	0.99963	0
274	Y	0.00000	0.00134	0.99866	0
275	S	0.00000	0.01158	0.98842	0
276	I	0.00000	0.05835	0.94165	0
277	D	0.00000	0.74544	0.25456	0
278	S	0.00000	0.74927	0.25073	0
279	L	0.00000	0.75556	0.24444	0
280	I	0.00000	0.76543	0.23457	0
281	D	0.00000	0.81514	0.18486	0
282	A	0.00000	0.81508	0.18492	0
283	F	0.00000	0.81581	0.18419	0
284	M	0.00000	0.81986	0.18014	0
285	G	0.00000	0.83648	0.16352	0
286	F	0.00000	0.84057	0.15943	0
287	I	0.00000	0.88668	0.11332	0
288	T	0.00000	0.96515	0.03485	0
289	P	0.00000	0.99287	0.00713	0
290	P	0.00000	0.99571	0.00429	0
291	Y	0.00000	0.99054	0.00946	0
292	I	0.00000	0.98724	0.01276	0
293	Y	0.00000	0.9877	0.01230	0
294	E	0.00000	0.84367	0.15633	0
295	I	0.00000	0.67297	0.32703	0
296	C	0.00000	0.62502	0.37498	0
297	C	0.00000	0.44833	0.55167	0
298	W	0.00000	0.03741	0.96259	0
299	C	0.00000	0.00144	0.99856	0
300	A	0.00002	1e-05	0.99997	0
301	Y	0.00005	0	0.99995	0
302	Y	0.00007	0	0.99993	0
303	N	0.00049	0	0.99951	0
304	S	0.00049	0	0.99951	0
305	A	0.00050	0	0.99950	0
306	V	0.00052	0	0.99948	0
307	N	0.00052	0	0.99948	0
308	P	0.00053	0	0.99947	0
309	L	0.00053	0	0.99947	0
310	I	0.00053	0	0.99947	0
311	Y	0.00080	0	0.99920	0
312	A	0.00174	0	0.99826	0
313	L	0.00288	0	0.99712	0
314	F	0.00799	0	0.99201	0
315	Y	0.02712	0	0.97288	0
316	P	0.06999	0	0.93001	0
317	W	0.09091	0	0.90909	0
318	F	0.36989	0	0.63011	0
319	R	1.00000	0	0.00000	0
320	K	1.00000	0	0.00000	0
321	A	1.00000	0	0.00000	0
322	I	1.00000	0	0.00000	0
323	K	1.00000	0	0.00000	0
324	V	1.00000	0	0.00000	0
325	I	1.00000	0	0.00000	0
326	V	1.00000	0	0.00000	0
327	T	1.00000	0	0.00000	0
328	G	1.00000	0	0.00000	0
329	Q	1.00000	0	0.00000	0
330	V	1.00000	0	0.00000	0
331	L	1.00000	0	0.00000	0
332	K	1.00000	0	0.00000	0
333	N	1.00000	0	0.00000	0
334	S	1.00000	0	0.00000	0
335	S	1.00000	0	0.00000	0
336	A	1.00000	0	0.00000	0
337	T	1.00000	0	0.00000	0
338	M	1.00000	0	0.00000	0
339	N	1.00000	0	0.00000	0
340	L	1.00000	0	0.00000	0
341	F	1.00000	0	0.00000	0
342	S	1.00000	0	0.00000	0
343	E	1.00000	0	0.00000	0
344	H	1.00000	0	0.00000	0
345	V	1.00000	0	0.00000	0
