# UNNAMED
#pos	aa	i	o	M	S
1	M	0.00000	0.97916	0.00000	0.02084
2	T	0.00000	0.97916	0.00000	0.02084
3	F	0.00000	0.97916	0.00000	0.02084
4	Q	0.00000	0.97916	0.00000	0.02084
5	D	0.00000	0.97916	0.00000	0.02084
6	L	0.00000	0.97916	0.00000	0.02085
7	L	0.00000	0.97916	0.00000	0.02084
8	S	0.00000	0.97916	0.00000	0.02084
9	V	0.00000	0.97916	0.00000	0.02084
10	T	0.00000	0.97916	0.00000	0.02084
11	F	0.00000	0.97916	0.00000	0.02084
12	E	0.00000	0.97916	0.00000	0.02085
13	G	0.00000	0.97916	0.00000	0.02084
14	P	0.00000	0.97916	0.00000	0.02085
15	R	0.00000	0.97916	0.00000	0.02084
16	P	0.00000	0.97916	0.00000	0.02084
17	D	0.00000	0.97916	0.00000	0.02084
18	S	0.00000	0.97916	0.00000	0.02084
19	S	0.00000	0.97917	0.00000	0.02084
20	A	0.00000	0.97917	0.00000	0.02083
21	G	0.00000	0.9928	0.00000	0.0072
22	G	0.00000	0.99547	0.00000	0.00453
23	C	0.00000	0.9995	0.00000	0.0005
24	G	0.00000	0.99968	0.00000	0.00031
25	A	0.00000	0.99986	0.00000	0.00013
26	G	0.00000	1	0.00000	0
27	G	0.00000	0.99999	0.00000	0
28	S	0.00000	1	0.00000	0
29	G	0.00000	1	0.00000	0
30	S	0.00000	1	0.00000	0
31	G	0.00000	1	0.00000	0
32	A	0.00000	1	0.00000	0
33	G	0.00000	1	0.00000	0
34	S	0.00000	1	0.00000	0
35	T	0.00000	1	0.00000	0
36	A	0.00000	1	0.00000	0
37	A	0.00000	1	0.00000	0
38	S	0.00000	1	0.00000	0
39	E	0.00000	1	0.00000	0
40	G	0.00000	1	0.00000	0
41	P	0.00000	1	0.00000	0
42	A	0.00000	1	0.00000	0
43	V	0.00000	1	0.00000	0
44	G	0.00000	1	0.00000	0
45	G	0.00000	1	0.00000	0
46	V	0.00000	1	0.00000	0
47	P	0.00000	1	0.00000	0
48	G	0.00000	1	0.00000	0
49	A	0.00000	1	0.00000	0
50	A	0.00000	1	0.00000	0
51	G	0.00000	1	0.00000	0
52	G	0.00000	1	0.00000	0
53	S	0.00000	1	0.00000	0
54	G	0.00000	1	0.00000	0
55	G	0.00000	1	0.00000	0
56	V	0.00000	1	0.00000	0
57	V	0.00000	1	0.00000	0
58	G	0.00000	1	0.00000	0
59	A	0.00000	1	0.00000	0
60	G	0.00000	1	0.00000	0
61	G	0.00000	1	0.00000	0
62	G	0.00000	1	0.00000	0
63	E	0.00000	1	0.00000	0
64	D	0.00000	1	0.00000	0
65	N	0.00000	1	0.00000	0
66	R	0.00000	1	0.00000	0
67	S	0.00000	1	0.00000	0
68	T	0.00000	1	0.00000	0
69	A	0.00000	1	0.00000	0
70	A	0.00000	1	0.00000	0
71	E	0.00000	1	0.00000	0
72	P	0.00000	1	0.00000	0
73	G	0.00000	1	0.00000	0
74	G	0.00000	1	0.00000	0
75	A	0.00000	1	0.00000	0
76	G	0.00000	1	0.00000	0
77	A	0.00000	1	0.00000	0
78	G	0.00000	1	0.00000	0
79	G	0.00000	1	0.00000	0
80	E	0.00000	1	0.00000	0
81	V	0.00000	1	0.00000	0
82	N	0.00000	1	0.00000	0
83	G	0.00000	1	0.00000	0
84	T	0.00000	0.99996	0.00004	0
85	A	0.00000	0.9995	0.00050	0
86	A	0.00000	0.99905	0.00095	0
87	V	0.00000	0.99785	0.00215	0
88	G	0.00000	0.99673	0.00327	0
89	G	0.00000	0.9948	0.00520	0
90	L	0.00000	0.9886	0.01140	0
91	V	0.00000	0.97173	0.02827	0
92	V	0.00000	0.96683	0.03317	0
93	S	0.00000	0.96326	0.03674	0
94	A	0.00000	0.95433	0.04567	0
95	Q	0.00000	0.94087	0.05913	0
96	G	0.00000	0.89706	0.10294	0
97	V	0.00000	0.65907	0.34093	0
98	G	0.00000	0.47569	0.52431	0
99	V	0.00000	0.21144	0.78856	0
100	G	0.00000	0.13382	0.86618	0
101	I	0.00000	0.0269	0.97310	0
102	F	0.00000	0.0073	0.99270	0
103	L	0.00000	0.00132	0.99868	0
104	A	0.00000	0.00036	0.99964	0
105	A	0.00000	3e-05	0.99997	0
106	F	0.00000	0	1.00000	0
107	I	0.00000	0	1.00000	0
108	L	0.00000	0	1.00000	0
109	T	0.00000	0	1.00000	0
110	A	0.00000	0	1.00000	0
111	V	0.00000	0	1.00000	0
112	A	0.00000	0	1.00000	0
113	G	0.00000	0	1.00000	0
114	N	0.00000	0	1.00000	0
115	L	0.00000	0	1.00000	0
116	L	0.00000	0	1.00000	0
117	V	0.00001	0	0.99999	0
118	I	0.00006	0	0.99994	0
119	L	0.00514	0	0.99486	0
120	S	0.17736	0	0.82264	0
121	V	0.23338	0	0.76662	0
122	A	0.45885	0	0.54115	0
123	C	0.73124	0	0.26876	0
124	N	0.98591	0	0.01409	0
125	R	0.99910	0	0.00090	0
126	H	0.99981	0	0.00019	0
127	L	0.99991	0	0.00009	0
128	Q	0.99999	0	0.00001	0
129	T	0.99949	0	0.00051	0
130	V	0.98861	0	0.01139	0
131	T	0.95181	0	0.04819	0
132	N	0.76700	0	0.23300	0
133	Y	0.20080	0	0.79920	0
134	F	0.00151	0	0.99849	0
135	I	0.00002	0	0.99998	0
136	V	0.00000	0	1.00000	0
137	N	0.00000	0	1.00000	0
138	L	0.00000	0	1.00000	0
139	A	0.00000	0	1.00000	0
140	V	0.00000	0	1.00000	0
141	A	0.00000	0	1.00000	0
142	D	0.00000	0	1.00000	0
143	L	0.00000	0	1.00000	0
144	L	0.00000	0	1.00000	0
145	L	0.00000	0	1.00000	0
146	S	0.00000	0	1.00000	0
147	T	0.00000	0	1.00000	0
148	T	0.00000	0	1.00000	0
149	V	0.00000	0	1.00000	0
150	L	0.00000	3e-05	0.99997	0
151	P	0.00000	0.00078	0.99922	0
152	F	0.00000	0.02643	0.97357	0
153	S	0.00000	0.40143	0.59857	0
154	A	0.00000	0.59758	0.40242	0
155	T	0.00000	0.83907	0.16093	0
156	M	0.00000	0.99841	0.00159	0
157	E	0.00000	0.99901	0.00099	0
158	V	0.00000	0.99903	0.00097	0
159	L	0.00000	0.99918	0.00082	0
160	G	0.00000	0.99958	0.00042	0
161	F	0.00000	0.99976	0.00024	0
162	W	0.00000	0.9999	0.00010	0
163	A	0.00000	0.99999	0.00001	0
164	F	0.00000	1	0.00000	0
165	G	0.00000	1	0.00000	0
166	R	0.00000	1	0.00000	0
167	A	0.00000	0.99998	0.00002	0
168	F	0.00000	0.99996	0.00004	0
169	C	0.00000	0.99996	0.00004	0
170	D	0.00000	0.9999	0.00010	0
171	V	0.00000	0.99881	0.00119	0
172	W	0.00000	0.89441	0.10559	0
173	A	0.00000	0.31601	0.68399	0
174	A	0.00000	0.0102	0.98980	0
175	V	0.00000	0.00013	0.99987	0
176	D	0.00000	4e-05	0.99996	0
177	V	0.00000	0	1.00000	0
178	L	0.00000	0	1.00000	0
179	C	0.00000	0	1.00000	0
180	C	0.00000	0	1.00000	0
181	T	0.00000	0	1.00000	0
182	A	0.00000	0	1.00000	0
183	S	0.00000	0	1.00000	0
184	I	0.00000	0	1.00000	0
185	L	0.00000	0	1.00000	0
186	S	0.00000	0	1.00000	0
187	L	0.00000	0	1.00000	0
188	C	0.00000	0	1.00000	0
189	T	0.00000	0	1.00000	0
190	I	0.00000	0	1.00000	0
191	S	0.00000	0	1.00000	0
192	V	0.00000	0	1.00000	0
193	D	0.00002	0	0.99998	0
194	R	0.02593	0	0.97407	0
195	Y	0.36382	0	0.63618	0
196	V	0.65364	0	0.34636	0
197	G	0.93430	0	0.06570	0
198	V	0.99999	0	0.00001	0
199	R	1.00000	0	0.00000	0
200	H	1.00000	0	0.00000	0
201	S	1.00000	0	0.00000	0
202	L	1.00000	0	0.00000	0
203	K	1.00000	0	0.00000	0
204	Y	1.00000	0	0.00000	0
205	P	1.00000	0	0.00000	0
206	A	1.00000	0	0.00000	0
207	I	1.00000	0	0.00000	0
208	M	1.00000	0	0.00000	0
209	T	1.00000	0	0.00000	0
210	E	1.00000	0	0.00000	0
211	R	0.99988	0	0.00012	0
212	K	0.99188	0	0.00812	0
213	A	0.29767	0	0.70233	0
214	A	0.06333	0	0.93667	0
215	A	0.01518	0	0.98482	0
216	I	0.00003	0	0.99997	0
217	L	0.00000	0	1.00000	0
218	A	0.00000	0	1.00000	0
219	L	0.00000	0	1.00000	0
220	L	0.00000	0	1.00000	0
221	W	0.00000	0	1.00000	0
222	A	0.00000	0	1.00000	0
223	V	0.00000	0	1.00000	0
224	A	0.00000	0	1.00000	0
225	L	0.00000	0	1.00000	0
226	V	0.00000	0	1.00000	0
227	V	0.00000	0	1.00000	0
228	S	0.00000	0	1.00000	0
229	V	0.00000	0	1.00000	0
230	G	0.00000	0	1.00000	0
231	P	0.00000	4e-05	0.99996	0
232	L	0.00000	0.00064	0.99936	0
233	L	0.00000	0.03137	0.96863	0
234	G	0.00000	0.51985	0.48015	0
235	W	0.00000	0.70891	0.29109	0
236	K	0.00000	0.99661	0.00339	0
237	E	0.00000	0.99996	0.00004	0
238	P	0.00000	1	0.00000	0
239	V	0.00000	1	0.00000	0
240	P	0.00000	1	0.00000	0
241	P	0.00000	1	0.00000	0
242	D	0.00000	1	0.00000	0
243	E	0.00000	1	0.00000	0
244	R	0.00000	1	0.00000	0
245	F	0.00000	1	0.00000	0
246	C	0.00000	1	0.00000	0
247	G	0.00000	1	0.00000	0
248	I	0.00000	1	0.00000	0
249	T	0.00000	1	0.00000	0
250	E	0.00000	0.99999	0.00001	0
251	E	0.00000	0.99953	0.00047	0
252	A	0.00000	0.99105	0.00895	0
253	G	0.00000	0.86723	0.13277	0
254	Y	0.00000	0.25287	0.74713	0
255	A	0.00000	0.11778	0.88222	0
256	V	0.00000	0.01504	0.98496	0
257	F	0.00000	0.00073	0.99927	0
258	S	0.00000	0.00065	0.99935	0
259	S	0.00000	8e-05	0.99992	0
260	V	0.00000	6e-05	0.99994	0
261	C	0.00000	0	1.00000	0
262	S	0.00000	0	1.00000	0
263	F	0.00000	0	1.00000	0
264	Y	0.00000	0	1.00000	0
265	L	0.00000	0	1.00000	0
266	P	0.00000	0	1.00000	0
267	M	0.00000	0	1.00000	0
268	A	0.00000	0	1.00000	0
269	V	0.00000	0	1.00000	0
270	I	0.00000	0	1.00000	0
271	V	0.00000	0	1.00000	0
272	V	0.00000	0	1.00000	0
273	M	0.00001	0	0.99999	0
274	Y	0.00007	0	0.99993	0
275	C	0.00264	0	0.99736	0
276	R	0.03963	0	0.96037	0
277	V	0.04445	0	0.95555	0
278	Y	0.07370	0	0.92630	0
279	V	0.31687	0	0.68313	0
280	V	0.48449	0	0.51551	0
281	A	0.99648	0	0.00352	0
282	R	0.99992	0	0.00008	0
283	S	1.00000	0	0.00000	0
284	T	1.00000	0	0.00000	0
285	T	1.00000	0	0.00000	0
286	R	1.00000	0	0.00000	0
287	S	1.00000	0	0.00000	0
288	L	1.00000	0	0.00000	0
289	E	1.00000	0	0.00000	0
290	A	1.00000	0	0.00000	0
291	G	1.00000	0	0.00000	0
292	V	1.00000	0	0.00000	0
293	K	1.00000	0	0.00000	0
294	R	1.00000	0	0.00000	0
295	E	1.00000	0	0.00000	0
296	R	1.00000	0	0.00000	0
297	G	1.00000	0	0.00000	0
298	K	1.00000	0	0.00000	0
299	A	1.00000	0	0.00000	0
300	S	1.00000	0	0.00000	0
301	E	1.00000	0	0.00000	0
302	V	1.00000	0	0.00000	0
303	V	1.00000	0	0.00000	0
304	L	1.00000	0	0.00000	0
305	R	1.00000	0	0.00000	0
306	I	1.00000	0	0.00000	0
307	H	1.00000	0	0.00000	0
308	C	1.00000	0	0.00000	0
309	R	1.00000	0	0.00000	0
310	G	1.00000	0	0.00000	0
311	A	1.00000	0	0.00000	0
312	A	1.00000	0	0.00000	0
313	P	1.00000	0	0.00000	0
314	G	1.00000	0	0.00000	0
315	V	1.00000	0	0.00000	0
316	D	1.00000	0	0.00000	0
317	G	1.00000	0	0.00000	0
318	T	1.00000	0	0.00000	0
319	R	1.00000	0	0.00000	0
320	S	1.00000	0	0.00000	0
321	G	1.00000	0	0.00000	0
322	T	1.00000	0	0.00000	0
323	R	1.00000	0	0.00000	0
324	S	1.00000	0	0.00000	0
325	T	1.00000	0	0.00000	0
326	K	1.00000	0	0.00000	0
327	G	1.00000	0	0.00000	0
328	H	1.00000	0	0.00000	0
329	A	1.00000	0	0.00000	0
330	F	1.00000	0	0.00000	0
331	R	1.00000	0	0.00000	0
332	S	1.00000	0	0.00000	0
333	S	1.00000	0	0.00000	0
334	L	1.00000	0	0.00000	0
335	S	1.00000	0	0.00000	0
336	V	1.00000	0	0.00000	0
337	R	1.00000	0	0.00000	0
338	L	1.00000	0	0.00000	0
339	L	1.00000	0	0.00000	0
340	K	1.00000	0	0.00000	0
341	F	1.00000	0	0.00000	0
342	S	1.00000	0	0.00000	0
343	R	1.00000	0	0.00000	0
344	E	1.00000	0	0.00000	0
345	K	0.99722	0	0.00278	0
346	K	0.99707	0	0.00293	0
347	A	0.97766	0	0.02234	0
348	A	0.97520	0	0.02480	0
349	K	0.92073	0	0.07927	0
350	T	0.76850	0	0.23150	0
351	L	0.01948	0	0.98052	0
352	A	0.00125	0	0.99875	0
353	I	0.00065	0	0.99935	0
354	V	0.00004	0	0.99996	0
355	V	0.00003	0	0.99997	0
356	G	0.00000	0	1.00000	0
357	V	0.00000	0	1.00000	0
358	F	0.00000	0	1.00000	0
359	V	0.00000	0	1.00000	0
360	L	0.00000	0	1.00000	0
361	C	0.00000	0	1.00000	0
362	W	0.00000	0	1.00000	0
363	F	0.00000	0	1.00000	0
364	P	0.00000	0	1.00000	0
365	F	0.00000	0	1.00000	0
366	F	0.00000	0	1.00000	0
367	F	0.00000	1e-05	0.99999	0
368	V	0.00000	0.00011	0.99989	0
369	L	0.00000	0.0006	0.99940	0
370	P	0.00000	0.00941	0.99059	0
371	L	0.00000	0.01461	0.98539	0
372	G	0.00000	0.05845	0.94155	0
373	S	0.00000	0.07974	0.92026	0
374	L	0.00000	0.09577	0.90423	0
375	F	0.00000	0.16639	0.83361	0
376	P	0.00000	0.76338	0.23662	0
377	Q	0.00000	0.88828	0.11172	0
378	L	0.00000	0.91456	0.08544	0
379	K	0.00000	0.99946	0.00054	0
380	P	0.00000	0.99993	0.00007	0
381	S	0.00000	0.99998	0.00002	0
382	E	0.00000	0.99989	0.00011	0
383	G	0.00000	0.99841	0.00159	0
384	V	0.00000	0.97189	0.02811	0
385	F	0.00000	0.96478	0.03522	0
386	K	0.00000	0.7931	0.20690	0
387	V	0.00000	0.00698	0.99302	0
388	I	0.00000	0.00031	0.99969	0
389	F	0.00000	0	1.00000	0
390	W	0.00000	0	1.00000	0
391	L	0.00000	0	1.00000	0
392	G	0.00000	0	1.00000	0
393	Y	0.00000	0	1.00000	0
394	F	0.00000	0	1.00000	0
395	N	0.00000	0	1.00000	0
396	S	0.00000	0	1.00000	0
397	C	0.00000	0	1.00000	0
398	V	0.00000	0	1.00000	0
399	N	0.00000	0	1.00000	0
400	P	0.00000	0	1.00000	0
401	L	0.00000	0	1.00000	0
402	I	0.00000	0	1.00000	0
403	Y	0.00001	0	0.99999	0
404	P	0.00009	0	0.99991	0
405	C	0.00187	0	0.99813	0
406	S	0.14143	0	0.85857	0
407	S	0.34464	0	0.65536	0
408	R	1.00000	0	0.00000	0
409	E	1.00000	0	0.00000	0
410	F	1.00000	0	0.00000	0
411	K	1.00000	0	0.00000	0
412	R	1.00000	0	0.00000	0
413	A	1.00000	0	0.00000	0
414	F	1.00000	0	0.00000	0
415	L	1.00000	0	0.00000	0
416	R	1.00000	0	0.00000	0
417	L	1.00000	0	0.00000	0
418	L	1.00000	0	0.00000	0
419	R	1.00000	0	0.00000	0
420	C	1.00000	0	0.00000	0
421	Q	1.00000	0	0.00000	0
422	C	1.00000	0	0.00000	0
423	R	1.00000	0	0.00000	0
424	R	1.00000	0	0.00000	0
425	R	1.00000	0	0.00000	0
426	R	1.00000	0	0.00000	0
427	R	1.00000	0	0.00000	0
428	R	1.00000	0	0.00000	0
429	R	1.00000	0	0.00000	0
430	P	1.00000	0	0.00000	0
431	L	1.00000	0	0.00000	0
432	W	1.00000	0	0.00000	0
433	R	1.00000	0	0.00000	0
434	V	1.00000	0	0.00000	0
435	Y	1.00000	0	0.00000	0
436	G	1.00000	0	0.00000	0
437	H	1.00000	0	0.00000	0
438	H	1.00000	0	0.00000	0
439	W	1.00000	0	0.00000	0
440	R	1.00000	0	0.00000	0
441	A	1.00000	0	0.00000	0
442	S	1.00000	0	0.00000	0
443	T	1.00000	0	0.00000	0
444	S	1.00000	0	0.00000	0
445	G	1.00000	0	0.00000	0
446	P	1.00000	0	0.00000	0
447	H	1.00000	0	0.00000	0
448	P	1.00000	0	0.00000	0
449	D	1.00000	0	0.00000	0
450	Y	1.00000	0	0.00000	0
451	A	1.00000	0	0.00000	0
452	P	1.00000	0	0.00000	0
453	S	1.00000	0	0.00000	0
454	P	1.00000	0	0.00000	0
455	G	1.00000	0	0.00000	0
456	A	1.00000	0	0.00000	0
457	A	1.00000	0	0.00000	0
458	P	1.00000	0	0.00000	0
459	P	1.00000	0	0.00000	0
460	G	1.00000	0	0.00000	0
461	A	1.00000	0	0.00000	0
462	P	1.00000	0	0.00000	0
463	L	1.00000	0	0.00000	0
464	A	1.00000	0	0.00000	0
465	L	1.00000	0	0.00000	0
466	T	1.00000	0	0.00000	0
467	A	1.00000	0	0.00000	0
468	P	1.00000	0	0.00000	0
469	L	1.00000	0	0.00000	0
470	A	1.00000	0	0.00000	0
471	P	1.00000	0	0.00000	0
472	G	1.00000	0	0.00000	0
473	T	1.00000	0	0.00000	0
474	P	1.00000	0	0.00000	0
475	E	1.00000	0	0.00000	0
476	A	1.00000	0	0.00000	0
477	R	1.00000	0	0.00000	0
478	A	1.00000	0	0.00000	0
479	A	1.00000	0	0.00000	0
480	V	1.00000	0	0.00000	0
481	P	1.00000	0	0.00000	0
482	G	1.00000	0	0.00000	0
483	R	1.00000	0	0.00000	0
484	R	1.00000	0	0.00000	0
485	K	1.00000	0	0.00000	0
486	L	1.00000	0	0.00000	0
487	P	1.00000	0	0.00000	0
488	S	1.00000	0	0.00000	0
489	T	1.00000	0	0.00000	0
490	F	1.00000	0	0.00000	0
491	R	1.00000	0	0.00000	0
492	E	1.00000	0	0.00000	0
493	W	1.00000	0	0.00000	0
494	R	1.00000	0	0.00000	0
495	L	1.00000	0	0.00000	0
496	L	1.00000	0	0.00000	0
497	G	1.00000	0	0.00000	0
498	P	1.00000	0	0.00000	0
499	F	1.00000	0	0.00000	0
500	R	1.00000	0	0.00000	0
501	R	1.00000	0	0.00000	0
502	P	1.00000	0	0.00000	0
503	T	1.00000	0	0.00000	0
504	T	1.00000	0	0.00000	0
505	Q	1.00000	0	0.00000	0
506	L	1.00000	0	0.00000	0
507	R	1.00000	0	0.00000	0
508	A	1.00000	0	0.00000	0
509	K	1.00000	0	0.00000	0
510	V	1.00000	0	0.00000	0
511	S	1.00000	0	0.00000	0
512	S	1.00000	0	0.00000	0
513	L	1.00000	0	0.00000	0
514	S	1.00000	0	0.00000	0
515	H	1.00000	0	0.00000	0
516	K	1.00000	0	0.00000	0
517	I	1.00000	0	0.00000	0
518	R	1.00000	0	0.00000	0
519	A	1.00000	0	0.00000	0
520	G	1.00000	0	0.00000	0
521	G	1.00000	0	0.00000	0
522	A	1.00000	0	0.00000	0
523	Q	1.00000	0	0.00000	0
524	R	1.00000	0	0.00000	0
525	A	1.00000	0	0.00000	0
526	E	1.00000	0	0.00000	0
527	A	1.00000	0	0.00000	0
528	A	1.00000	0	0.00000	0
529	C	1.00000	0	0.00000	0
530	A	1.00000	0	0.00000	0
531	L	1.00000	0	0.00000	0
532	R	1.00000	0	0.00000	0
533	A	1.00000	0	0.00000	0
534	E	1.00000	0	0.00000	0
535	V	1.00000	0	0.00000	0
536	E	1.00000	0	0.00000	0
537	A	1.00000	0	0.00000	0
538	V	1.00000	0	0.00000	0
539	S	1.00000	0	0.00000	0
540	L	1.00000	0	0.00000	0
541	G	1.00000	0	0.00000	0
542	V	1.00000	0	0.00000	0
543	P	1.00000	0	0.00000	0
544	Q	1.00000	0	0.00000	0
545	D	1.00000	0	0.00000	0
546	V	1.00000	0	0.00000	0
547	A	1.00000	0	0.00000	0
548	E	1.00000	0	0.00000	0
549	G	1.00000	0	0.00000	0
550	A	1.00000	0	0.00000	0
551	T	1.00000	0	0.00000	0
552	C	1.00000	0	0.00000	0
553	Q	1.00000	0	0.00000	0
554	G	1.00000	0	0.00000	0
555	Y	1.00000	0	0.00000	0
556	D	1.00000	0	0.00000	0
557	E	1.00000	0	0.00000	0
558	A	1.00000	0	0.00000	0
559	D	1.00000	0	0.00000	0
560	Y	1.00000	0	0.00000	0
561	T	1.00000	0	0.00000	0
562	N	1.00000	0	0.00000	0
563	L	1.00000	0	0.00000	0
564	R	1.00000	0	0.00000	0
565	E	1.00000	0	0.00000	0
566	T	1.00000	0	0.00000	0
567	D	1.00000	0	0.00000	0
568	I	1.00000	0	0.00000	0
