# UNNAMED
#pos	aa	i	o	M	S
1	M	0.00000	0.99996	0.00000	4e-05
2	S	0.00000	0.99996	0.00000	4e-05
3	Y	0.00000	0.99996	0.00000	4e-05
4	K	0.00000	0.99996	0.00000	4e-05
5	Y	0.00000	0.99996	0.00000	4e-05
6	A	0.00000	0.99996	0.00000	4e-05
7	L	0.00000	0.99996	0.00000	4e-05
8	D	0.00000	0.99996	0.00000	4e-05
9	T	0.00000	0.99996	0.00000	4e-05
10	K	0.00000	0.99996	0.00000	4e-05
11	K	0.00000	0.99996	0.00000	4e-05
12	A	0.00000	0.99996	0.00000	4e-05
13	I	0.00000	0.99996	0.00000	4e-05
14	G	0.00000	0.99996	0.00000	4e-05
15	M	0.00000	0.99996	0.00000	4e-05
16	L	0.00000	0.99996	0.00000	4e-05
17	D	0.00000	0.99996	0.00000	4e-05
18	C	0.00000	0.99996	0.00000	4e-05
19	I	0.00000	0.99996	0.00000	4e-05
20	R	0.00000	0.99996	0.00000	4e-05
21	Q	0.00000	0.99996	0.00000	4e-05
22	S	0.00000	0.99996	0.00000	4e-05
23	I	0.00000	0.99996	0.00000	4e-05
24	A	0.00000	0.99996	0.00000	5e-05
25	N	0.00000	0.99996	0.00000	4e-05
26	S	0.00000	0.99996	0.00000	4e-05
27	L	0.00000	0.99996	0.00000	4e-05
28	G	0.00000	0.99996	0.00000	4e-05
29	L	0.00000	0.99996	0.00000	4e-05
30	G	0.00000	0.99996	0.00000	4e-05
31	I	0.00000	0.99996	0.00000	4e-05
32	F	0.00000	0.99996	0.00000	4e-05
33	W	0.00000	0.99996	0.00000	4e-05
34	K	0.00000	0.99996	0.00000	5e-05
35	L	0.00000	0.99996	0.00000	5e-05
36	M	0.00000	0.99996	0.00000	4e-05
37	K	0.00000	0.99996	0.00000	4e-05
38	I	0.00000	0.99996	0.00000	4e-05
39	V	0.00000	0.99996	0.00000	4e-05
40	S	0.00000	0.99996	0.00000	4e-05
41	T	0.00000	0.99996	0.00000	4e-05
42	Y	0.00000	1	0.00000	0
43	M	0.00000	1	0.00000	0
44	S	0.00000	1	0.00000	0
45	A	0.00000	1	0.00000	0
46	Y	0.00000	1	0.00000	0
47	P	0.00000	1	0.00000	0
48	T	0.00000	1	0.00000	0
49	E	0.00000	1	0.00000	0
50	K	0.00000	1	0.00000	0
51	S	0.00000	1	0.00000	0
52	D	0.00000	1	0.00000	0
53	Q	0.00000	1	0.00000	0
54	G	0.00000	1	0.00000	0
55	F	0.00000	1	0.00000	0
56	I	0.00000	1	0.00000	0
57	M	0.00000	1	0.00000	0
58	L	0.00000	1	0.00000	0
59	S	0.00000	1	0.00000	0
60	V	0.00000	1	0.00000	0
61	N	0.00000	1	0.00000	0
62	T	0.00000	1	0.00000	0
63	S	0.00000	1	0.00000	0
64	T	0.00000	1	0.00000	0
65	D	0.00000	1	0.00000	0
66	L	0.00000	1	0.00000	0
67	T	0.00000	1	0.00000	0
68	D	0.00000	1	0.00000	0
69	C	0.00000	1	0.00000	0
70	S	0.00000	1	0.00000	0
71	E	0.00000	1	0.00000	0
72	F	0.00000	1	0.00000	0
73	G	0.00000	1	0.00000	0
74	N	0.00000	1	0.00000	0
75	R	0.00000	1	0.00000	0
76	S	0.00000	1	0.00000	0
77	C	0.00000	1	0.00000	0
78	S	0.00000	1	0.00000	0
79	G	0.00000	1	0.00000	0
80	S	0.00000	1	0.00000	0
81	S	0.00000	1	0.00000	0
82	R	0.00000	1	0.00000	0
83	S	0.00000	1	0.00000	0
84	P	0.00000	0.99999	0.00001	0
85	G	0.00000	0.99996	0.00004	0
86	A	0.00000	0.99988	0.00012	0
87	R	0.00000	0.99551	0.00449	0
88	G	0.00000	0.8545	0.14550	0
89	V	0.00000	0.28593	0.71407	0
90	L	0.00000	0.16161	0.83839	0
91	Y	0.00000	0.03795	0.96205	0
92	L	0.00000	0.01444	0.98556	0
93	F	0.00000	0.0062	0.99380	0
94	M	0.00000	0.00385	0.99615	0
95	T	0.00000	0.00094	0.99906	0
96	A	0.00000	0.00027	0.99973	0
97	A	0.00000	4e-05	0.99996	0
98	F	0.00000	0	1.00000	0
99	L	0.00000	0	1.00000	0
100	L	0.00000	0	1.00000	0
101	T	0.00000	0	1.00000	0
102	I	0.00000	0	1.00000	0
103	S	0.00000	0	1.00000	0
104	G	0.00000	0	1.00000	0
105	N	0.00000	0	1.00000	0
106	L	0.00000	0	1.00000	0
107	A	0.00000	0	1.00000	0
108	I	0.00000	0	1.00000	0
109	I	0.00003	0	0.99997	0
110	V	0.00409	0	0.99591	0
111	S	0.15492	0	0.84508	0
112	I	0.20206	0	0.79794	0
113	S	0.78342	0	0.21658	0
114	Y	0.83646	0	0.16354	0
115	F	0.88657	0	0.11343	0
116	K	0.99678	0	0.00322	0
117	Q	0.99996	0	0.00004	0
118	L	0.99998	0	0.00002	0
119	Q	1.00000	0	0.00000	0
120	S	1.00000	0	0.00000	0
121	P	1.00000	0	0.00000	0
122	T	0.92279	0	0.07721	0
123	N	0.14577	0	0.85423	0
124	F	0.03287	0	0.96713	0
125	L	0.00050	0	0.99950	0
126	I	0.00000	0	1.00000	0
127	L	0.00000	0	1.00000	0
128	S	0.00000	0	1.00000	0
129	M	0.00000	0	1.00000	0
130	A	0.00000	0	1.00000	0
131	A	0.00000	0	1.00000	0
132	T	0.00000	0	1.00000	0
133	D	0.00000	0	1.00000	0
134	F	0.00000	0	1.00000	0
135	L	0.00000	0	1.00000	0
136	L	0.00000	0	1.00000	0
137	G	0.00000	0	1.00000	0
138	F	0.00000	0	1.00000	0
139	A	0.00000	0	1.00000	0
140	I	0.00000	1e-05	0.99999	0
141	M	0.00000	0.00149	0.99851	0
142	P	0.00000	0.09025	0.90975	0
143	Y	0.00000	0.33973	0.66027	0
144	S	0.00000	0.46458	0.53542	0
145	M	0.00000	0.52778	0.47222	0
146	V	0.00000	0.71898	0.28102	0
147	R	0.00000	0.99994	0.00006	0
148	S	0.00000	0.99997	0.00003	0
149	V	0.00000	0.99998	0.00002	0
150	E	0.00000	1	0.00000	0
151	N	0.00000	1	0.00000	0
152	C	0.00000	1	0.00000	0
153	W	0.00000	1	0.00000	0
154	Y	0.00000	1	0.00000	0
155	F	0.00000	1	0.00000	0
156	G	0.00000	1	0.00000	0
157	M	0.00000	1	0.00000	0
158	A	0.00000	1	0.00000	0
159	F	0.00000	1	0.00000	0
160	C	0.00000	0.99999	0.00001	0
161	K	0.00000	0.99997	0.00003	0
162	V	0.00000	0.99596	0.00404	0
163	H	0.00000	0.58375	0.41625	0
164	Y	0.00000	0.30792	0.69208	0
165	S	0.00000	0.19806	0.80194	0
166	F	0.00000	0.00247	0.99753	0
167	D	0.00000	0.00133	0.99867	0
168	L	0.00000	0.00017	0.99983	0
169	M	0.00000	0	1.00000	0
170	L	0.00000	0	1.00000	0
171	C	0.00000	0	1.00000	0
172	L	0.00000	0	1.00000	0
173	V	0.00000	0	1.00000	0
174	S	0.00000	0	1.00000	0
175	I	0.00000	0	1.00000	0
176	F	0.00000	0	1.00000	0
177	H	0.00000	0	1.00000	0
178	L	0.00000	0	1.00000	0
179	C	0.00000	0	1.00000	0
180	S	0.00000	0	1.00000	0
181	I	0.00000	0	1.00000	0
182	A	0.00000	0	1.00000	0
183	V	0.00000	0	1.00000	0
184	D	0.00001	0	0.99999	0
185	R	0.01112	0	0.98888	0
186	F	0.24976	0	0.75024	0
187	Y	0.68775	0	0.31225	0
188	A	0.90917	0	0.09083	0
189	I	0.99996	0	0.00004	0
190	C	1.00000	0	0.00000	0
191	H	1.00000	0	0.00000	0
192	P	1.00000	0	0.00000	0
193	L	1.00000	0	0.00000	0
194	H	1.00000	0	0.00000	0
195	Y	1.00000	0	0.00000	0
196	A	1.00000	0	0.00000	0
197	Y	1.00000	0	0.00000	0
198	L	0.99999	0	0.00001	0
199	M	0.99997	0	0.00003	0
200	T	0.99985	0	0.00015	0
201	M	0.99210	0	0.00790	0
202	N	0.98109	0	0.01891	0
203	A	0.85630	0	0.14370	0
204	I	0.66419	0	0.33581	0
205	K	0.65667	0	0.34333	0
206	Q	0.59420	0	0.40580	0
207	I	0.04358	0	0.95642	0
208	I	0.00079	0	0.99921	0
209	A	0.00018	0	0.99982	0
210	V	0.00000	0	1.00000	0
211	C	0.00000	0	1.00000	0
212	W	0.00000	0	1.00000	0
213	S	0.00000	0	1.00000	0
214	A	0.00000	0	1.00000	0
215	P	0.00000	0	1.00000	0
216	A	0.00000	0	1.00000	0
217	A	0.00000	0	1.00000	0
218	F	0.00000	0	1.00000	0
219	A	0.00000	0	1.00000	0
220	F	0.00000	2e-05	0.99998	0
221	G	0.00000	0.0017	0.99830	0
222	V	0.00000	0.00302	0.99698	0
223	V	0.00000	0.01006	0.98994	0
224	F	0.00000	0.05299	0.94701	0
225	S	0.00000	0.26708	0.73292	0
226	E	0.00000	0.38703	0.61297	0
227	A	0.00000	0.4101	0.58990	0
228	Y	0.00000	0.55391	0.44609	0
229	A	0.00000	0.74099	0.25901	0
230	S	0.00000	0.95359	0.04641	0
231	G	0.00000	0.99739	0.00261	0
232	I	0.00000	0.99931	0.00069	0
233	E	0.00000	1	0.00000	0
234	G	0.00000	1	0.00000	0
235	Y	0.00000	1	0.00000	0
236	E	0.00000	1	0.00000	0
237	N	0.00000	1	0.00000	0
238	L	0.00000	1	0.00000	0
239	V	0.00000	1	0.00000	0
240	K	0.00000	1	0.00000	0
241	C	0.00000	1	0.00000	0
242	S	0.00000	1	0.00000	0
243	S	0.00000	1	0.00000	0
244	L	0.00000	1	0.00000	0
245	C	0.00000	0.99999	0.00001	0
246	P	0.00000	0.99248	0.00752	0
247	V	0.00000	0.99213	0.00787	0
248	M	0.00000	0.99177	0.00823	0
249	F	0.00000	0.99086	0.00914	0
250	N	0.00000	0.99084	0.00916	0
251	K	0.00000	0.99033	0.00967	0
252	V	0.00000	0.97998	0.02002	0
253	W	0.00000	0.96356	0.03644	0
254	G	0.00000	0.88198	0.11802	0
255	A	0.00000	0.60496	0.39504	0
256	V	0.00000	0.00152	0.99848	0
257	L	0.00000	0.00024	0.99976	0
258	F	0.00000	5e-05	0.99995	0
259	T	0.00000	4e-05	0.99996	0
260	V	0.00000	0	1.00000	0
261	G	0.00000	0	1.00000	0
262	L	0.00000	0	1.00000	0
263	F	0.00000	0	1.00000	0
264	A	0.00000	0	1.00000	0
265	P	0.00000	0	1.00000	0
266	A	0.00000	0	1.00000	0
267	C	0.00000	0	1.00000	0
268	V	0.00000	0	1.00000	0
269	M	0.00001	0	0.99999	0
270	I	0.00002	0	0.99998	0
271	G	0.00080	0	0.99920	0
272	I	0.00111	0	0.99889	0
273	Y	0.00214	0	0.99786	0
274	C	0.00471	0	0.99529	0
275	K	0.01027	0	0.98973	0
276	I	0.01046	0	0.98954	0
277	F	0.01491	0	0.98509	0
278	L	0.08922	0	0.91078	0
279	V	0.20774	0	0.79226	0
280	S	0.98589	0	0.01411	0
281	Q	0.99983	0	0.00017	0
282	K	0.99999	0	0.00001	0
283	H	0.99999	0	0.00001	0
284	V	0.99999	0	0.00001	0
285	C	0.99999	0	0.00001	0
286	E	1.00000	0	0.00000	0
287	L	1.00000	0	0.00000	0
288	S	1.00000	0	0.00000	0
289	Q	1.00000	0	0.00000	0
290	A	1.00000	0	0.00000	0
291	H	1.00000	0	0.00000	0
292	K	1.00000	0	0.00000	0
293	H	1.00000	0	0.00000	0
294	T	1.00000	0	0.00000	0
295	K	1.00000	0	0.00000	0
296	S	1.00000	0	0.00000	0
297	D	1.00000	0	0.00000	0
298	M	1.00000	0	0.00000	0
299	K	1.00000	0	0.00000	0
300	N	1.00000	0	0.00000	0
301	E	1.00000	0	0.00000	0
302	L	1.00000	0	0.00000	0
303	S	1.00000	0	0.00000	0
304	K	1.00000	0	0.00000	0
305	S	1.00000	0	0.00000	0
306	K	1.00000	0	0.00000	0
307	D	1.00000	0	0.00000	0
308	R	0.99083	0	0.00917	0
309	K	0.98980	0	0.01020	0
310	A	0.35842	0	0.64158	0
311	A	0.26890	0	0.73110	0
312	R	0.22021	0	0.77979	0
313	T	0.04282	0	0.95718	0
314	L	0.04021	0	0.95979	0
315	S	0.00076	0	0.99924	0
316	V	0.00024	0	0.99976	0
317	V	0.00022	0	0.99978	0
318	M	0.00020	0	0.99980	0
319	L	0.00000	0	1.00000	0
320	G	0.00000	0	1.00000	0
321	F	0.00000	0	1.00000	0
322	L	0.00000	0	1.00000	0
323	I	0.00000	0	1.00000	0
324	C	0.00000	0	1.00000	0
325	W	0.00000	0	1.00000	0
326	F	0.00000	0	1.00000	0
327	P	0.00000	0	1.00000	0
328	C	0.00000	0	1.00000	0
329	F	0.00000	0	1.00000	0
330	F	0.00000	0	1.00000	0
331	A	0.00000	6e-05	0.99994	0
332	I	0.00000	0.00038	0.99962	0
333	L	0.00000	0.00439	0.99561	0
334	I	0.00000	0.21628	0.78372	0
335	D	0.00000	0.97337	0.02663	0
336	P	0.00000	0.97512	0.02488	0
337	F	0.00000	0.9755	0.02450	0
338	L	0.00000	0.97751	0.02249	0
339	N	0.00000	0.98494	0.01506	0
340	F	0.00000	0.98574	0.01426	0
341	S	0.00000	0.99381	0.00619	0
342	T	0.00000	0.99847	0.00153	0
343	P	0.00000	0.99964	0.00036	0
344	V	0.00000	0.99967	0.00033	0
345	S	0.00000	0.99975	0.00025	0
346	L	0.00000	0.99852	0.00148	0
347	F	0.00000	0.99804	0.00196	0
348	D	0.00000	0.97351	0.02649	0
349	A	0.00000	0.06641	0.93359	0
350	L	0.00000	0.01846	0.98154	0
351	T	0.00000	0.00965	0.99035	0
352	W	0.00000	0.00065	0.99935	0
353	L	0.00000	0	1.00000	0
354	G	0.00000	0	1.00000	0
355	Y	0.00000	0	1.00000	0
356	L	0.00000	0	1.00000	0
357	N	0.00000	0	1.00000	0
358	S	0.00000	0	1.00000	0
359	L	0.00000	0	1.00000	0
360	C	0.00000	0	1.00000	0
361	N	0.00000	0	1.00000	0
362	P	0.00000	0	1.00000	0
363	L	0.00000	0	1.00000	0
364	I	0.00000	0	1.00000	0
365	Y	0.00000	0	1.00000	0
366	G	0.00001	0	0.99999	0
367	F	0.00004	0	0.99996	0
368	F	0.00108	0	0.99892	0
369	Y	0.04567	0	0.95433	0
370	P	0.34319	0	0.65681	0
371	W	0.62394	0	0.37606	0
372	F	0.89359	0	0.10641	0
373	R	1.00000	0	0.00000	0
374	K	1.00000	0	0.00000	0
375	A	1.00000	0	0.00000	0
376	F	1.00000	0	0.00000	0
377	K	1.00000	0	0.00000	0
378	Y	1.00000	0	0.00000	0
379	I	1.00000	0	0.00000	0
380	V	1.00000	0	0.00000	0
381	T	1.00000	0	0.00000	0
382	G	1.00000	0	0.00000	0
383	K	1.00000	0	0.00000	0
384	I	1.00000	0	0.00000	0
385	F	1.00000	0	0.00000	0
386	N	1.00000	0	0.00000	0
387	S	1.00000	0	0.00000	0
388	R	1.00000	0	0.00000	0
389	F	1.00000	0	0.00000	0
390	R	1.00000	0	0.00000	0
391	T	1.00000	0	0.00000	0
392	T	1.00000	0	0.00000	0
393	K	1.00000	0	0.00000	0
394	L	1.00000	0	0.00000	0
395	V	1.00000	0	0.00000	0
396	A	1.00000	0	0.00000	0
397	E	1.00000	0	0.00000	0
398	E	1.00000	0	0.00000	0
399	Q	1.00000	0	0.00000	0
400	S	1.00000	0	0.00000	0
401	H	1.00000	0	0.00000	0
