# UNNAMED
#pos	aa	i	o	M	S
1	M	0.00000	0.99961	0.00000	0.00039
2	K	0.00000	0.99961	0.00000	0.00038
3	A	0.00000	0.99961	0.00000	0.00038
4	L	0.00000	0.99961	0.00000	0.00039
5	K	0.00000	0.99961	0.00000	0.00038
6	L	0.00000	0.99961	0.00000	0.00039
7	Y	0.00000	0.99961	0.00000	0.00039
8	E	0.00000	0.99961	0.00000	0.00039
9	Q	0.00000	0.99961	0.00000	0.00039
10	T	0.00000	0.99961	0.00000	0.00039
11	G	0.00000	0.99961	0.00000	0.00039
12	A	0.00000	0.99961	0.00000	0.00039
13	N	0.00000	0.99961	0.00000	0.00039
14	A	0.00000	0.99961	0.00000	0.00039
15	S	0.00000	0.99961	0.00000	0.00039
16	A	0.00000	0.99965	0.00000	0.00035
17	A	0.00000	0.99989	0.00000	0.00011
18	N	0.00000	0.99999	0.00000	0
19	E	0.00000	1	0.00000	0
20	D	0.00000	1	0.00000	0
21	A	0.00000	1	0.00000	0
22	V	0.00000	1	0.00000	0
23	V	0.00000	1	0.00000	0
24	K	0.00000	1	0.00000	0
25	R	0.00000	1	0.00000	0
26	Q	0.00000	0.99998	0.00002	0
27	S	0.00000	0.99986	0.00014	0
28	E	0.00000	0.9981	0.00190	0
29	G	0.00000	0.92831	0.07169	0
30	I	0.00000	0.75439	0.24561	0
31	S	0.00000	0.67367	0.32633	0
32	I	0.00000	0.14824	0.85176	0
33	L	0.00000	0.06889	0.93111	0
34	L	0.00000	0.02378	0.97622	0
35	T	0.00000	0.01009	0.98991	0
36	V	0.00000	0.00218	0.99782	0
37	L	0.00000	0.00083	0.99917	0
38	L	0.00000	0.00026	0.99974	0
39	S	0.00000	9e-05	0.99991	0
40	L	0.00000	1e-05	0.99999	0
41	M	0.00000	0	1.00000	0
42	V	0.00000	0	1.00000	0
43	V	0.00000	0	1.00000	0
44	L	0.00000	0	1.00000	0
45	I	0.00000	0	1.00000	0
46	V	0.00000	0	1.00000	0
47	L	0.00000	0	1.00000	0
48	G	0.00000	0	1.00000	0
49	N	0.00000	0	1.00000	0
50	S	0.00000	0	1.00000	0
51	V	0.00000	0	1.00000	0
52	V	0.00000	0	1.00000	0
53	I	0.00000	0	1.00000	0
54	L	0.00006	0	0.99994	0
55	A	0.00195	0	0.99805	0
56	F	0.01470	0	0.98530	0
57	I	0.08974	0	0.91026	0
58	V	0.52403	0	0.47597	0
59	D	0.99725	0	0.00275	0
60	R	0.99996	0	0.00004	0
61	R	1.00000	0	0.00000	0
62	L	1.00000	0	0.00000	0
63	R	1.00000	0	0.00000	0
64	T	1.00000	0	0.00000	0
65	R	0.99999	0	0.00001	0
66	S	0.99480	0	0.00520	0
67	N	0.89215	0	0.10785	0
68	F	0.19079	0	0.80921	0
69	F	0.00695	0	0.99305	0
70	L	0.00160	0	0.99840	0
71	L	0.00008	0	0.99992	0
72	N	0.00000	0	1.00000	0
73	L	0.00000	0	1.00000	0
74	S	0.00000	0	1.00000	0
75	I	0.00000	0	1.00000	0
76	C	0.00000	0	1.00000	0
77	D	0.00000	0	1.00000	0
78	F	0.00000	0	1.00000	0
79	L	0.00000	0	1.00000	0
80	V	0.00000	0	1.00000	0
81	G	0.00000	0	1.00000	0
82	A	0.00000	0	1.00000	0
83	V	0.00000	0	1.00000	0
84	S	0.00000	1e-05	0.99999	0
85	I	0.00000	7e-05	0.99993	0
86	S	0.00000	0.00217	0.99783	0
87	I	0.00000	0.0033	0.99670	0
88	Y	0.00000	0.02721	0.97279	0
89	I	0.00000	0.03867	0.96133	0
90	P	0.00000	0.2871	0.71290	0
91	Y	0.00000	0.55354	0.44646	0
92	K	0.00000	0.88816	0.11184	0
93	F	0.00000	0.92721	0.07279	0
94	T	0.00000	0.99165	0.00835	0
95	G	0.00000	1	0.00000	0
96	K	0.00000	1	0.00000	0
97	W	0.00000	1	0.00000	0
98	M	0.00000	1	0.00000	0
99	L	0.00000	1	0.00000	0
100	G	0.00000	1	0.00000	0
101	K	0.00000	1	0.00000	0
102	F	0.00000	1	0.00000	0
103	L	0.00000	1	0.00000	0
104	C	0.00000	1	0.00000	0
105	K	0.00000	1	0.00000	0
106	L	0.00000	0.99963	0.00037	0
107	W	0.00000	0.94111	0.05889	0
108	I	0.00000	0.11235	0.88765	0
109	I	0.00000	0.0096	0.99040	0
110	F	0.00000	0.00056	0.99944	0
111	D	0.00000	0.00019	0.99981	0
112	Y	0.00000	1e-05	0.99999	0
113	T	0.00000	0	1.00000	0
114	T	0.00000	0	1.00000	0
115	T	0.00000	0	1.00000	0
116	T	0.00000	0	1.00000	0
117	A	0.00000	0	1.00000	0
118	S	0.00000	0	1.00000	0
119	A	0.00000	0	1.00000	0
120	Y	0.00000	0	1.00000	0
121	S	0.00000	0	1.00000	0
122	V	0.00000	0	1.00000	0
123	V	0.00000	0	1.00000	0
124	L	0.00000	0	1.00000	0
125	I	0.00000	0	1.00000	0
126	S	0.00000	0	1.00000	0
127	Y	0.00000	0	1.00000	0
128	D	0.00001	0	0.99999	0
129	R	0.00449	0	0.99551	0
130	F	0.04960	0	0.95040	0
131	L	0.13535	0	0.86465	0
132	S	0.86329	0	0.13671	0
133	V	0.99995	0	0.00005	0
134	N	1.00000	0	0.00000	0
135	K	1.00000	0	0.00000	0
136	A	1.00000	0	0.00000	0
137	V	1.00000	0	0.00000	0
138	L	1.00000	0	0.00000	0
139	H	1.00000	0	0.00000	0
140	H	1.00000	0	0.00000	0
141	S	1.00000	0	0.00000	0
142	L	1.00000	0	0.00000	0
143	Q	1.00000	0	0.00000	0
144	K	1.00000	0	0.00000	0
145	R	1.00000	0	0.00000	0
146	H	0.99994	0	0.00006	0
147	S	0.99926	0	0.00074	0
148	Q	0.98874	0	0.01126	0
149	T	0.54789	0	0.45211	0
150	A	0.06935	0	0.93065	0
151	L	0.00594	0	0.99406	0
152	N	0.00257	0	0.99743	0
153	M	0.00055	0	0.99945	0
154	T	0.00011	0	0.99989	0
155	L	0.00000	0	1.00000	0
156	V	0.00000	0	1.00000	0
157	W	0.00000	0	1.00000	0
158	I	0.00000	0	1.00000	0
159	C	0.00000	0	1.00000	0
160	S	0.00000	0	1.00000	0
161	F	0.00000	0	1.00000	0
162	I	0.00000	0	1.00000	0
163	I	0.00000	0	1.00000	0
164	Y	0.00000	0	1.00000	0
165	G	0.00000	0	1.00000	0
166	P	0.00000	1e-05	0.99999	0
167	A	0.00000	2e-05	0.99998	0
168	V	0.00000	0.00039	0.99961	0
169	L	0.00000	0.00813	0.99187	0
170	L	0.00000	0.03619	0.96381	0
171	W	0.00000	0.3842	0.61580	0
172	E	0.00000	0.99063	0.00937	0
173	T	0.00000	0.99635	0.00365	0
174	I	0.00000	0.99773	0.00227	0
175	T	0.00000	0.99955	0.00045	0
176	G	0.00000	0.99995	0.00005	0
177	T	0.00000	1	0.00000	0
178	N	0.00000	1	0.00000	0
179	N	0.00000	1	0.00000	0
180	L	0.00000	1	0.00000	0
181	P	0.00000	1	0.00000	0
182	E	0.00000	1	0.00000	0
183	D	0.00000	1	0.00000	0
184	S	0.00000	1	0.00000	0
185	C	0.00000	1	0.00000	0
186	R	0.00000	0.99999	0.00001	0
187	A	0.00000	0.99999	0.00001	0
188	G	0.00000	0.99998	0.00002	0
189	F	0.00000	0.99969	0.00031	0
190	L	0.00000	0.99963	0.00037	0
191	E	0.00000	0.9996	0.00040	0
192	T	0.00000	0.99855	0.00145	0
193	W	0.00000	0.75398	0.24602	0
194	Y	0.00000	0.72454	0.27546	0
195	F	0.00000	0.27484	0.72516	0
196	I	0.00000	0.25424	0.74576	0
197	L	0.00000	0.25346	0.74654	0
198	G	0.00000	0.00014	0.99986	0
199	A	0.00000	6e-05	0.99994	0
200	S	0.00000	5e-05	0.99995	0
201	T	0.00000	5e-05	0.99995	0
202	L	0.00000	0	1.00000	0
203	D	0.00000	0	1.00000	0
204	F	0.00000	0	1.00000	0
205	I	0.00000	0	1.00000	0
206	L	0.00000	0	1.00000	0
207	P	0.00000	0	1.00000	0
208	L	0.00000	0	1.00000	0
209	L	0.00000	0	1.00000	0
210	S	0.00000	0	1.00000	0
211	I	0.00000	0	1.00000	0
212	S	0.00000	0	1.00000	0
213	F	0.00001	0	0.99999	0
214	F	0.00007	0	0.99993	0
215	N	0.00250	0	0.99750	0
216	L	0.00569	0	0.99431	0
217	R	0.02722	0	0.97278	0
218	I	0.03169	0	0.96831	0
219	Y	0.05820	0	0.94180	0
220	L	0.22009	0	0.77991	0
221	E	0.97584	0	0.02416	0
222	I	0.99506	0	0.00494	0
223	I	0.99629	0	0.00371	0
224	K	0.99998	0	0.00002	0
225	R	1.00000	0	0.00000	0
226	S	1.00000	0	0.00000	0
227	T	1.00000	0	0.00000	0
228	K	1.00000	0	0.00000	0
229	R	1.00000	0	0.00000	0
230	N	1.00000	0	0.00000	0
231	N	1.00000	0	0.00000	0
232	S	1.00000	0	0.00000	0
233	S	1.00000	0	0.00000	0
234	I	1.00000	0	0.00000	0
235	F	1.00000	0	0.00000	0
236	S	1.00000	0	0.00000	0
237	S	0.99999	0	0.00001	0
238	S	0.99797	0	0.00203	0
239	K	0.99797	0	0.00203	0
240	K	0.99797	0	0.00203	0
241	A	0.99797	0	0.00203	0
242	K	0.99797	0	0.00203	0
243	D	0.99797	0	0.00203	0
244	I	0.99797	0	0.00203	0
245	M	0.99797	0	0.00203	0
246	P	0.99797	0	0.00203	0
247	F	0.99797	0	0.00203	0
248	T	0.99797	0	0.00203	0
249	I	0.99797	0	0.00203	0
250	A	0.99797	0	0.00203	0
251	N	0.99797	0	0.00203	0
252	N	0.99797	0	0.00203	0
253	I	0.99797	0	0.00203	0
254	V	0.99797	0	0.00203	0
255	F	0.99797	0	0.00203	0
256	P	0.99797	0	0.00203	0
257	S	0.99797	8e-05	0.00195	0
258	P	0.99797	0.0005	0.00153	0
259	Q	0.99797	0.00124	0.00079	0
260	T	0.99797	0.00161	0.00042	0
261	N	0.99797	0.00192	0.00011	0
262	E	0.99797	0.00203	0.00000	0
263	K	0.99797	0.00203	0.00000	0
264	G	0.99797	0.00203	0.00000	0
265	D	0.99797	0.00203	0.00000	0
266	S	0.99797	0.00203	0.00000	0
267	N	0.99797	0.00203	0.00000	0
268	S	0.99797	0.00203	0.00000	0
269	V	0.99797	0.00203	0.00000	0
270	P	0.99797	0.00203	0.00000	0
271	C	0.99797	0.00203	0.00000	0
272	T	0.99797	0.00203	0.00000	0
273	D	0.99797	0.00203	0.00000	0
274	P	0.99797	0.00203	0.00000	0
275	K	0.99797	0.00203	0.00000	0
276	I	0.99797	0.00203	0.00000	0
277	T	0.99797	0.00203	0.00000	0
278	S	0.99797	0.00203	0.00000	0
279	N	0.99797	0.00203	0.00000	0
280	S	0.99797	0.00203	0.00000	0
281	P	0.99797	0.00203	0.00000	0
282	Q	0.99797	0.00203	0.00000	0
283	N	0.99797	0.00203	0.00000	0
284	P	0.99797	0.00203	0.00000	0
285	K	0.99797	0.00203	0.00000	0
286	R	0.99797	0.00203	0.00000	0
287	C	0.99797	0.00203	0.00000	0
288	S	0.99797	0.00203	0.00000	0
289	R	0.99797	0.00203	0.00000	0
290	N	0.99797	0.00203	0.00000	0
291	T	0.99797	0.00203	0.00000	0
292	N	0.99797	0.00203	0.00000	0
293	S	0.99797	0.00203	0.00000	0
294	N	0.99797	0.00203	0.00000	0
295	K	0.99797	0.00203	0.00000	0
296	L	0.99797	0.00203	0.00000	0
297	S	0.99797	0.00203	0.00000	0
298	Q	0.99797	0.00203	0.00000	0
299	D	0.99797	0.00203	0.00000	0
300	K	0.69874	0.00135	0.29991	0
301	K	0.69641	0.00109	0.30250	0
302	A	0.49986	0.00034	0.49980	0
303	A	0.48685	0.00028	0.51287	0
304	K	0.48496	0.00027	0.51477	0
305	S	0.36263	0.00023	0.63715	0
306	L	0.00316	0	0.99684	0
307	A	0.00001	0	0.99998	0
308	I	0.00000	0	1.00000	0
309	L	0.00000	0	1.00000	0
310	V	0.00000	0	1.00000	0
311	S	0.00000	0	1.00000	0
312	V	0.00000	0	1.00000	0
313	F	0.00000	0	1.00000	0
314	I	0.00000	0	1.00000	0
315	L	0.00000	0	1.00000	0
316	C	0.00000	0	1.00000	0
317	W	0.00000	0	1.00000	0
318	T	0.00000	0	1.00000	0
319	P	0.00001	1e-05	0.99999	0
320	Y	0.00008	3e-05	0.99989	0
321	S	0.00051	0.00016	0.99932	0
322	F	0.00158	0.0016	0.99682	0
323	L	0.00163	0.01332	0.98505	0
324	A	0.00171	0.08332	0.91497	0
325	Q	0.00182	0.51141	0.48676	0
326	I	0.00182	0.54584	0.45234	0
327	C	0.00196	0.91961	0.07843	0
328	G	0.00200	0.98091	0.01709	0
329	K	0.00203	0.99774	0.00023	0
330	A	0.00203	0.86198	0.13599	0
331	T	0.00203	0.60477	0.39319	0
332	K	0.00203	0.12346	0.87451	0
333	A	0.00203	0.00135	0.99662	0
334	R	0.00203	0.00016	0.99781	0
335	V	0.00203	7e-05	0.99790	0
336	L	0.00203	7e-05	0.99790	0
337	G	0.00203	7e-05	0.99790	0
338	S	0.00203	7e-05	0.99790	0
339	T	0.00203	7e-05	0.99790	0
340	N	0.00203	7e-05	0.99790	0
341	L	0.00203	7e-05	0.99790	0
342	G	0.00203	7e-05	0.99790	0
343	A	0.00203	7e-05	0.99790	0
344	A	0.00203	7e-05	0.99790	0
345	C	0.00203	7e-05	0.99790	0
346	H	0.00203	7e-05	0.99790	0
347	P	0.00203	7e-05	0.99790	0
348	P	0.00203	7e-05	0.99790	0
349	A	0.00206	7e-05	0.99787	0
350	S	0.00495	7e-05	0.99498	0
351	H	0.01486	7e-05	0.98507	0
352	I	0.06116	7e-05	0.93877	0
353	R	0.99989	7e-05	0.00004	0
354	N	0.99990	7e-05	0.00004	0
355	T	0.99990	7e-05	0.00004	0
356	G	0.99990	7e-05	0.00003	0
357	E	0.99993	7e-05	0.00000	0
358	R	0.99993	7e-05	0.00000	0
359	M	0.99993	7e-05	0.00000	0
360	R	0.99993	7e-05	0.00000	0
361	R	0.99993	7e-05	0.00000	0
362	T	0.99993	7e-05	0.00000	0
363	P	0.99993	7e-05	0.00000	0
364	W	0.99993	7e-05	0.00000	0
365	L	0.99993	7e-05	0.00000	0
366	R	0.99993	7e-05	0.00000	0
367	M	0.99993	7e-05	0.00000	0
368	R	0.99993	7e-05	0.00000	0
369	N	0.99993	6e-05	0.00001	0
370	K	0.99993	2e-05	0.00005	0
371	W	0.99993	0	0.00007	0
372	M	0.99993	0	0.00007	0
373	R	0.99993	0	0.00007	0
374	M	0.99993	0	0.00007	0
375	C	0.99993	0	0.00007	0
376	A	0.99993	0	0.00007	0
377	I	0.99993	0	0.00007	0
378	L	0.99993	0	0.00007	0
379	S	0.99993	0	0.00007	0
380	W	0.99993	0	0.00007	0
381	G	0.99993	0	0.00007	0
382	W	0.99993	0	0.00007	0
383	G	0.99993	0	0.00007	0
384	R	0.99993	0	0.00007	0
385	P	0.99993	0	0.00007	0
386	L	0.99993	0	0.00007	0
387	A	0.99993	0	0.00007	0
388	P	0.99993	0	0.00007	0
389	Y	0.99993	0	0.00007	0
390	L	0.99994	0	0.00006	0
391	E	1.00000	0	0.00000	0
392	I	1.00000	0	0.00000	0
393	Q	1.00000	0	0.00000	0
394	R	1.00000	0	0.00000	0
