# UNNAMED
#pos	aa	i	o	M	S
1	M	0.00000	1	0.00000	0
2	R	0.00000	1	0.00000	0
3	R	0.00000	1	0.00000	0
4	F	0.00000	1	0.00000	0
5	A	0.00000	1	0.00000	0
6	D	0.00000	1	0.00000	0
7	E	0.00000	0.99919	0.00081	0
8	K	0.00000	0.94054	0.05946	0
9	I	0.00000	0.00491	0.99509	0
10	V	0.00000	0.00491	0.99509	0
11	T	0.00000	0.00491	0.99509	0
12	Q	0.00000	0.00491	0.99509	0
13	G	0.00000	0.00491	0.99509	0
14	D	0.00000	0.00491	0.99509	0
15	G	0.00000	0.00163	0.99837	0
16	A	0.00000	1e-05	0.99999	0
17	A	0.00000	0	1.00000	0
18	G	0.00000	0	1.00000	0
19	P	0.00000	0	1.00000	0
20	K	0.00000	0	1.00000	0
21	S	0.00000	0	1.00000	0
22	T	0.00000	0	1.00000	0
23	E	0.00000	0	1.00000	0
24	L	0.00000	0	1.00000	0
25	G	0.00000	0	1.00000	0
26	A	0.00001	0	0.99999	0
27	G	0.00093	0	0.99907	0
28	V	0.00856	0	0.99144	0
29	S	0.42252	0	0.57748	0
30	A	0.52868	0	0.47132	0
31	P	0.97004	0	0.02996	0
32	W	0.97974	0	0.02026	0
33	T	0.99684	0	0.00316	0
34	R	0.99949	0	0.00051	0
35	T	0.98660	0	0.01340	0
36	K	0.91789	0	0.08211	0
37	S	0.63156	0	0.36844	0
38	R	0.46835	0	0.53165	0
39	C	0.01077	0	0.98923	0
40	F	0.00004	0	0.99996	0
41	E	0.00002	0	0.99998	0
42	E	0.00000	0	1.00000	0
43	A	0.00000	0	1.00000	0
44	G	0.00000	0	1.00000	0
45	R	0.00000	0	1.00000	0
46	E	0.00000	0	1.00000	0
47	R	0.00000	0	1.00000	0
48	Q	0.00000	0	1.00000	0
49	G	0.00000	0	1.00000	0
50	W	0.00000	0	1.00000	0
51	K	0.00000	0	1.00000	0
52	V	0.00000	1e-05	0.99999	0
53	P	0.00000	0.00242	0.99758	0
54	R	0.00000	0.05169	0.94831	0
55	T	0.00000	0.25978	0.74022	0
56	P	0.00000	0.41227	0.58773	0
57	R	0.00000	0.66443	0.33557	0
58	P	0.00000	0.99077	0.00923	0
59	G	0.00000	0.99293	0.00707	0
60	T	0.00000	0.99674	0.00326	0
61	E	0.00000	1	0.00000	0
62	S	0.00000	1	0.00000	0
63	A	0.00000	1	0.00000	0
64	D	0.00000	1	0.00000	0
65	S	0.00000	1	0.00000	0
66	R	0.00000	1	0.00000	0
67	R	0.00000	1	0.00000	0
68	L	0.00000	1	0.00000	0
69	A	0.00000	1	0.00000	0
70	T	0.00000	1	0.00000	0
71	K	0.00000	1	0.00000	0
72	H	0.00000	0.99996	0.00004	0
73	S	0.00000	0.99992	0.00008	0
74	R	0.00000	0.99964	0.00036	0
75	K	0.00000	0.99923	0.00077	0
76	A	0.00000	0.98654	0.01346	0
77	L	0.00000	0.96977	0.03023	0
78	K	0.00000	0.96651	0.03349	0
79	A	0.00000	0.78637	0.21363	0
80	S	0.00000	0.65374	0.34626	0
81	L	0.00000	0.07932	0.92068	0
82	T	0.00000	0.02332	0.97668	0
83	L	0.00000	0.00075	0.99925	0
84	G	0.00000	7e-05	0.99993	0
85	I	0.00000	1e-05	0.99999	0
86	L	0.00000	0	1.00000	0
87	L	0.00000	0	1.00000	0
88	G	0.00000	0	1.00000	0
89	M	0.00000	0	1.00000	0
90	F	0.00000	0	1.00000	0
91	F	0.00000	0	1.00000	0
92	V	0.00000	0	1.00000	0
93	T	0.00000	0	1.00000	0
94	W	0.00000	0	1.00000	0
95	L	0.00001	0	0.99999	0
96	P	0.00012	0	0.99988	0
97	F	0.00012	0	0.99988	0
98	F	0.00012	0	0.99988	0
99	V	0.00012	0	0.99988	0
100	A	0.00012	0	0.99988	0
101	N	0.00012	0	0.99988	0
102	I	0.47496	0	0.52504	0
103	A	0.99165	0	0.00835	0
104	Q	0.99560	0	0.00440	0
105	A	0.99915	0	0.00085	0
106	V	0.99995	0	0.00005	0
107	C	1.00000	0	0.00000	0
108	D	1.00000	0	0.00000	0
109	C	1.00000	0	0.00000	0
110	V	1.00000	0	0.00000	0
111	S	1.00000	0	0.00000	0
112	P	1.00000	0	0.00000	0
113	G	1.00000	0	0.00000	0
114	L	0.99992	0	0.00008	0
115	F	0.99467	0	0.00533	0
116	D	0.98173	0	0.01827	0
117	V	0.07440	0	0.92560	0
118	L	0.01234	0	0.98766	0
119	T	0.00164	0	0.99836	0
120	W	0.00033	0	0.99967	0
121	L	0.00000	0	1.00000	0
122	G	0.00000	0	1.00000	0
123	Y	0.00000	0	1.00000	0
124	C	0.00000	0	1.00000	0
125	N	0.00000	0	1.00000	0
126	S	0.00000	0	1.00000	0
127	T	0.00000	0	1.00000	0
128	M	0.00000	0	1.00000	0
129	N	0.00000	0	1.00000	0
130	P	0.00000	0	1.00000	0
131	I	0.00000	0	1.00000	0
132	I	0.00000	0	1.00000	0
133	Y	0.00000	0	1.00000	0
134	P	0.00000	0	1.00000	0
135	L	0.00000	2e-05	0.99998	0
136	F	0.00000	0.00117	0.99883	0
137	M	0.00000	0.05442	0.94558	0
138	R	0.00000	0.98226	0.01774	0
139	D	0.00000	0.99905	0.00095	0
140	F	0.00000	0.99915	0.00085	0
141	K	0.00000	0.99999	0.00001	0
142	R	0.00000	1	0.00000	0
143	A	0.00000	1	0.00000	0
144	L	0.00000	1	0.00000	0
145	G	0.00000	1	0.00000	0
146	R	0.00000	1	0.00000	0
147	L	0.00000	1	0.00000	0
148	L	0.00000	1	0.00000	0
149	P	0.00000	1	0.00000	0
150	C	0.00000	1	0.00000	0
151	P	0.00000	0.99994	0.00006	0
152	H	0.00000	0.99991	0.00009	0
153	W	0.00000	0.99724	0.00276	0
154	P	0.00000	0.9972	0.00280	0
155	Q	0.00000	0.99647	0.00353	0
156	E	0.00000	0.99617	0.00383	0
157	H	0.00000	0.99428	0.00572	0
158	R	0.00000	0.98501	0.01499	0
159	A	0.00000	0.83865	0.16135	0
160	S	0.00000	0.82768	0.17232	0
161	V	0.00000	0.81901	0.18099	0
162	A	0.00000	0.44246	0.55754	0
163	S	0.00000	0.43658	0.56342	0
164	P	0.00000	0.41187	0.58813	0
165	S	0.00000	0.19154	0.80846	0
166	M	0.00000	0.05171	0.94829	0
167	R	0.00000	0.04808	0.95192	0
168	T	0.00000	0.0477	0.95230	0
169	S	0.00000	0.0063	0.99370	0
170	H	0.00000	0.00043	0.99957	0
171	S	0.00001	1e-05	0.99998	0
172	G	0.00006	1e-05	0.99993	0
173	A	0.00009	0	0.99991	0
174	R	0.00116	0	0.99884	0
175	P	0.00244	0	0.99756	0
176	G	0.00246	0	0.99754	0
177	L	0.00252	0	0.99748	0
178	S	0.00516	0	0.99484	0
179	L	0.01500	0	0.98500	0
180	Q	0.02390	0	0.97610	0
181	Q	0.03996	0	0.96004	0
182	V	0.04202	0	0.95798	0
183	L	0.05562	0	0.94438	0
184	P	0.28635	0	0.71365	0
185	L	0.30880	0	0.69120	0
186	P	0.56984	0	0.43016	0
187	L	0.62440	0	0.37560	0
188	P	0.92423	0	0.07577	0
189	P	0.94543	0	0.05457	0
190	D	0.98706	0	0.01294	0
191	S	0.98951	0	0.01049	0
192	D	0.99956	0	0.00044	0
193	S	0.99968	0	0.00032	0
194	D	0.99996	0	0.00004	0
195	P	1.00000	0	0.00000	0
196	D	1.00000	0	0.00000	0
197	S	0.74693	0	0.25307	0
198	G	0.45604	0	0.54396	0
199	S	0.29338	0	0.70662	0
200	G	0.29314	0	0.70686	0
201	G	0.02748	0	0.97252	0
202	S	0.02732	0	0.97268	0
203	S	0.02150	0	0.97850	0
204	G	0.02129	0	0.97871	0
205	L	0.00135	0	0.99865	0
206	Q	0.00135	0	0.99865	0
207	L	0.00134	0	0.99866	0
208	P	0.00134	0	0.99866	0
209	A	0.00004	0	0.99996	0
210	Q	0.00000	0	1.00000	0
211	L	0.00000	0	1.00000	0
212	L	0.00000	0	1.00000	0
213	L	0.00000	0	1.00000	0
214	P	0.00000	4e-05	0.99996	0
215	G	0.00000	0.01168	0.98832	0
216	E	0.00000	0.03403	0.96597	0
217	A	0.00000	0.03437	0.96563	0
218	T	0.00000	0.19883	0.80117	0
219	R	0.00000	0.58889	0.41111	0
220	D	0.00000	0.81279	0.18721	0
221	T	0.00000	0.82082	0.17918	0
222	L	0.00000	0.83335	0.16665	0
223	P	0.00000	0.9193	0.08070	0
224	P	0.00000	0.96501	0.03499	0
225	A	0.00000	0.96531	0.03469	0
226	R	0.00000	0.9801	0.01990	0
227	T	0.00000	0.96411	0.03589	0
228	S	0.00000	0.93747	0.06253	0
229	A	0.00000	0.75484	0.24516	0
230	T	0.00000	0.6735	0.32650	0
231	V	0.00000	0.62172	0.37828	0
232	N	0.00000	0.1381	0.86190	0
233	F	0.00000	0.00052	0.99948	0
234	F	0.00000	1e-05	0.99999	0
235	N	0.00041	0	0.99959	0
236	R	0.01163	0	0.98837	0
237	D	0.01163	0	0.98837	0
238	P	0.01163	0	0.98837	0
239	V	0.01163	0	0.98837	0
240	E	0.01163	0	0.98837	0
241	P	0.01163	0	0.98837	0
242	Q	0.01163	0	0.98837	0
243	L	0.01163	0	0.98837	0
244	R	0.01163	0	0.98837	0
245	L	0.01163	0	0.98837	0
246	H	0.01163	0	0.98837	0
247	L	0.01163	0	0.98837	0
248	L	0.01163	0	0.98837	0
249	G	0.01163	0	0.98837	0
250	A	0.16240	0	0.83760	0
251	P	0.25862	0	0.74138	0
252	T	0.55483	0	0.44517	0
253	N	1.00000	0	0.00000	0
