# UNNAMED
#pos	aa	i	o	M	S
1	M	0.00000	0.919	0.00000	0.081
2	T	0.00000	0.919	0.00000	0.081
3	F	0.00000	0.919	0.00000	0.081
4	R	0.00000	0.919	0.00000	0.081
5	D	0.00000	0.919	0.00000	0.081
6	L	0.00000	0.919	0.00000	0.081
7	L	0.00000	0.919	0.00000	0.081
8	S	0.00000	0.919	0.00000	0.081
9	V	0.00000	0.919	0.00000	0.081
10	S	0.00000	0.919	0.00000	0.081
11	F	0.00000	0.919	0.00000	0.081
12	E	0.00000	0.919	0.00000	0.08099
13	G	0.00000	0.919	0.00000	0.081
14	P	0.00000	0.919	0.00000	0.081
15	R	0.00000	0.919	0.00000	0.081
16	P	0.00000	0.919	0.00000	0.081
17	D	0.00000	0.919	0.00000	0.081
18	S	0.00000	0.919	0.00000	0.081
19	S	0.00000	0.91902	0.00000	0.08098
20	A	0.00000	0.91904	0.00000	0.08096
21	G	0.00000	0.95704	0.00000	0.04297
22	G	0.00000	0.96449	0.00000	0.0355
23	S	0.00000	0.99724	0.00000	0.00276
24	S	0.00000	0.99919	0.00000	0.00082
25	A	0.00000	0.99962	0.00000	0.00038
26	G	0.00000	0.99995	0.00000	5e-05
27	G	0.00000	1	0.00000	0
28	G	0.00000	1	0.00000	0
29	G	0.00000	1	0.00000	0
30	G	0.00000	1	0.00000	0
31	G	0.00000	1	0.00000	0
32	A	0.00000	1	0.00000	0
33	G	0.00000	1	0.00000	0
34	G	0.00000	1	0.00000	0
35	A	0.00000	1	0.00000	0
36	A	0.00000	1	0.00000	0
37	A	0.00000	1	0.00000	0
38	S	0.00000	1	0.00000	0
39	E	0.00000	1	0.00000	0
40	G	0.00000	1	0.00000	0
41	P	0.00000	1	0.00000	0
42	A	0.00000	1	0.00000	0
43	V	0.00000	1	0.00000	0
44	G	0.00000	1	0.00000	0
45	G	0.00000	1	0.00000	0
46	V	0.00000	1	0.00000	0
47	P	0.00000	1	0.00000	0
48	G	0.00000	1	0.00000	0
49	A	0.00000	1	0.00000	0
50	A	0.00000	1	0.00000	0
51	G	0.00000	1	0.00000	0
52	G	0.00000	1	0.00000	0
53	G	0.00000	1	0.00000	0
54	G	0.00000	1	0.00000	0
55	G	0.00000	1	0.00000	0
56	G	0.00000	1	0.00000	0
57	V	0.00000	1	0.00000	0
58	V	0.00000	1	0.00000	0
59	G	0.00000	1	0.00000	0
60	A	0.00000	1	0.00000	0
61	G	0.00000	1	0.00000	0
62	G	0.00000	1	0.00000	0
63	G	0.00000	1	0.00000	0
64	E	0.00000	1	0.00000	0
65	D	0.00000	1	0.00000	0
66	N	0.00000	1	0.00000	0
67	R	0.00000	1	0.00000	0
68	S	0.00000	1	0.00000	0
69	S	0.00000	1	0.00000	0
70	A	0.00000	1	0.00000	0
71	G	0.00000	1	0.00000	0
72	E	0.00000	1	0.00000	0
73	P	0.00000	1	0.00000	0
74	G	0.00000	1	0.00000	0
75	G	0.00000	1	0.00000	0
76	A	0.00000	1	0.00000	0
77	G	0.00000	1	0.00000	0
78	A	0.00000	1	0.00000	0
79	G	0.00000	1	0.00000	0
80	G	0.00000	1	0.00000	0
81	E	0.00000	1	0.00000	0
82	V	0.00000	1	0.00000	0
83	N	0.00000	1	0.00000	0
84	G	0.00000	1	0.00000	0
85	T	0.00000	0.99993	0.00007	0
86	A	0.00000	0.99919	0.00081	0
87	A	0.00000	0.99846	0.00154	0
88	V	0.00000	0.99651	0.00349	0
89	G	0.00000	0.99468	0.00532	0
90	G	0.00000	0.99153	0.00847	0
91	L	0.00000	0.98143	0.01857	0
92	V	0.00000	0.95391	0.04609	0
93	V	0.00000	0.94591	0.05409	0
94	S	0.00000	0.94009	0.05991	0
95	A	0.00000	0.92552	0.07448	0
96	Q	0.00000	0.90355	0.09645	0
97	G	0.00000	0.83198	0.16802	0
98	V	0.00000	0.62064	0.37936	0
99	G	0.00000	0.4577	0.54230	0
100	V	0.00000	0.22279	0.77721	0
101	G	0.00000	0.15375	0.84625	0
102	V	0.00000	0.05861	0.94139	0
103	F	0.00000	0.01592	0.98408	0
104	L	0.00000	0.00288	0.99712	0
105	A	0.00000	0.0008	0.99920	0
106	A	0.00000	7e-05	0.99993	0
107	F	0.00000	0	1.00000	0
108	I	0.00000	0	1.00000	0
109	L	0.00000	0	1.00000	0
110	T	0.00000	0	1.00000	0
111	A	0.00000	0	1.00000	0
112	V	0.00000	0	1.00000	0
113	A	0.00000	0	1.00000	0
114	G	0.00000	0	1.00000	0
115	N	0.00000	0	1.00000	0
116	L	0.00000	0	1.00000	0
117	L	0.00000	0	1.00000	0
118	V	0.00001	0	0.99999	0
119	I	0.00009	0	0.99991	0
120	L	0.00613	0	0.99387	0
121	S	0.19056	0	0.80944	0
122	V	0.24674	0	0.75326	0
123	A	0.46597	0	0.53403	0
124	C	0.73077	0	0.26923	0
125	N	0.98512	0	0.01488	0
126	R	0.99896	0	0.00104	0
127	H	0.99976	0	0.00024	0
128	L	0.99989	0	0.00011	0
129	Q	0.99999	0	0.00001	0
130	T	0.99948	0	0.00052	0
131	V	0.98848	0	0.01152	0
132	T	0.95149	0	0.04851	0
133	N	0.76648	0	0.23352	0
134	Y	0.20056	0	0.79944	0
135	F	0.00150	0	0.99850	0
136	I	0.00002	0	0.99998	0
137	V	0.00000	0	1.00000	0
138	N	0.00000	0	1.00000	0
139	L	0.00000	0	1.00000	0
140	A	0.00000	0	1.00000	0
141	V	0.00000	0	1.00000	0
142	A	0.00000	0	1.00000	0
143	D	0.00000	0	1.00000	0
144	L	0.00000	0	1.00000	0
145	L	0.00000	0	1.00000	0
146	L	0.00000	0	1.00000	0
147	S	0.00000	0	1.00000	0
148	A	0.00000	0	1.00000	0
149	T	0.00000	0	1.00000	0
150	V	0.00000	0	1.00000	0
151	L	0.00000	3e-05	0.99997	0
152	P	0.00000	0.00059	0.99941	0
153	F	0.00000	0.01991	0.98009	0
154	S	0.00000	0.39823	0.60177	0
155	A	0.00000	0.59565	0.40435	0
156	T	0.00000	0.83838	0.16162	0
157	M	0.00000	0.99841	0.00159	0
158	E	0.00000	0.99901	0.00099	0
159	V	0.00000	0.99903	0.00097	0
160	L	0.00000	0.99918	0.00082	0
161	G	0.00000	0.99958	0.00042	0
162	F	0.00000	0.99976	0.00024	0
163	W	0.00000	0.9999	0.00010	0
164	A	0.00000	0.99999	0.00001	0
165	F	0.00000	1	0.00000	0
166	G	0.00000	1	0.00000	0
167	R	0.00000	1	0.00000	0
168	A	0.00000	0.99998	0.00002	0
169	F	0.00000	0.99996	0.00004	0
170	C	0.00000	0.99996	0.00004	0
171	D	0.00000	0.9999	0.00010	0
172	V	0.00000	0.99881	0.00119	0
173	W	0.00000	0.89444	0.10556	0
174	A	0.00000	0.31605	0.68395	0
175	A	0.00000	0.01021	0.98979	0
176	V	0.00000	0.00013	0.99987	0
177	D	0.00000	4e-05	0.99996	0
178	V	0.00000	0	1.00000	0
179	L	0.00000	0	1.00000	0
180	C	0.00000	0	1.00000	0
181	C	0.00000	0	1.00000	0
182	T	0.00000	0	1.00000	0
183	A	0.00000	0	1.00000	0
184	S	0.00000	0	1.00000	0
185	I	0.00000	0	1.00000	0
186	L	0.00000	0	1.00000	0
187	S	0.00000	0	1.00000	0
188	L	0.00000	0	1.00000	0
189	C	0.00000	0	1.00000	0
190	T	0.00000	0	1.00000	0
191	I	0.00000	0	1.00000	0
192	S	0.00000	0	1.00000	0
193	V	0.00000	0	1.00000	0
194	D	0.00002	0	0.99998	0
195	R	0.02593	0	0.97407	0
196	Y	0.36381	0	0.63619	0
197	V	0.65363	0	0.34637	0
198	G	0.93429	0	0.06571	0
199	V	0.99999	0	0.00001	0
200	R	1.00000	0	0.00000	0
201	H	1.00000	0	0.00000	0
202	S	1.00000	0	0.00000	0
203	L	1.00000	0	0.00000	0
204	K	1.00000	0	0.00000	0
205	Y	1.00000	0	0.00000	0
206	P	1.00000	0	0.00000	0
207	A	1.00000	0	0.00000	0
208	I	1.00000	0	0.00000	0
209	M	1.00000	0	0.00000	0
210	T	1.00000	0	0.00000	0
211	E	1.00000	0	0.00000	0
212	R	0.99988	0	0.00012	0
213	K	0.99188	0	0.00812	0
214	A	0.29767	0	0.70233	0
215	A	0.06333	0	0.93667	0
216	A	0.01517	0	0.98483	0
217	I	0.00003	0	0.99997	0
218	L	0.00000	0	1.00000	0
219	A	0.00000	0	1.00000	0
220	L	0.00000	0	1.00000	0
221	L	0.00000	0	1.00000	0
222	W	0.00000	0	1.00000	0
223	A	0.00000	0	1.00000	0
224	V	0.00000	0	1.00000	0
225	A	0.00000	0	1.00000	0
226	L	0.00000	0	1.00000	0
227	V	0.00000	0	1.00000	0
228	V	0.00000	0	1.00000	0
229	S	0.00000	0	1.00000	0
230	V	0.00000	0	1.00000	0
231	G	0.00000	0	1.00000	0
232	P	0.00000	4e-05	0.99996	0
233	L	0.00000	0.00064	0.99936	0
234	L	0.00000	0.03137	0.96863	0
235	G	0.00000	0.51986	0.48014	0
236	W	0.00000	0.70892	0.29108	0
237	K	0.00000	0.99661	0.00339	0
238	E	0.00000	0.99996	0.00004	0
239	P	0.00000	1	0.00000	0
240	V	0.00000	1	0.00000	0
241	P	0.00000	1	0.00000	0
242	P	0.00000	1	0.00000	0
243	D	0.00000	1	0.00000	0
244	E	0.00000	1	0.00000	0
245	R	0.00000	1	0.00000	0
246	F	0.00000	1	0.00000	0
247	C	0.00000	1	0.00000	0
248	G	0.00000	1	0.00000	0
249	I	0.00000	1	0.00000	0
250	T	0.00000	1	0.00000	0
251	E	0.00000	0.99999	0.00001	0
252	E	0.00000	0.99953	0.00047	0
253	A	0.00000	0.99101	0.00899	0
254	G	0.00000	0.86696	0.13304	0
255	Y	0.00000	0.25257	0.74743	0
256	A	0.00000	0.1176	0.88240	0
257	V	0.00000	0.01501	0.98499	0
258	F	0.00000	0.00073	0.99927	0
259	S	0.00000	0.00065	0.99935	0
260	S	0.00000	8e-05	0.99992	0
261	V	0.00000	6e-05	0.99994	0
262	C	0.00000	0	1.00000	0
263	S	0.00000	0	1.00000	0
264	F	0.00000	0	1.00000	0
265	Y	0.00000	0	1.00000	0
266	L	0.00000	0	1.00000	0
267	P	0.00000	0	1.00000	0
268	M	0.00000	0	1.00000	0
269	A	0.00000	0	1.00000	0
270	V	0.00000	0	1.00000	0
271	I	0.00000	0	1.00000	0
272	V	0.00000	0	1.00000	0
273	V	0.00000	0	1.00000	0
274	M	0.00001	0	0.99999	0
275	Y	0.00007	0	0.99993	0
276	C	0.00267	0	0.99733	0
277	R	0.03999	0	0.96001	0
278	V	0.04484	0	0.95516	0
279	Y	0.07423	0	0.92577	0
280	V	0.31800	0	0.68200	0
281	V	0.48564	0	0.51436	0
282	A	0.99650	0	0.00350	0
283	R	0.99992	0	0.00008	0
284	S	1.00000	0	0.00000	0
285	T	1.00000	0	0.00000	0
286	T	1.00000	0	0.00000	0
287	R	1.00000	0	0.00000	0
288	S	1.00000	0	0.00000	0
289	L	1.00000	0	0.00000	0
290	E	1.00000	0	0.00000	0
291	A	1.00000	0	0.00000	0
292	G	1.00000	0	0.00000	0
293	V	1.00000	0	0.00000	0
294	K	1.00000	0	0.00000	0
295	R	1.00000	0	0.00000	0
296	E	1.00000	0	0.00000	0
297	R	1.00000	0	0.00000	0
298	S	1.00000	0	0.00000	0
299	K	1.00000	0	0.00000	0
300	A	1.00000	0	0.00000	0
301	S	1.00000	0	0.00000	0
302	E	1.00000	0	0.00000	0
303	V	1.00000	0	0.00000	0
304	V	1.00000	0	0.00000	0
305	L	1.00000	0	0.00000	0
306	R	1.00000	0	0.00000	0
307	I	1.00000	0	0.00000	0
308	H	1.00000	0	0.00000	0
309	C	1.00000	0	0.00000	0
310	R	1.00000	0	0.00000	0
311	G	1.00000	0	0.00000	0
312	A	1.00000	0	0.00000	0
313	S	1.00000	0	0.00000	0
314	T	1.00000	0	0.00000	0
315	G	1.00000	0	0.00000	0
316	A	1.00000	0	0.00000	0
317	A	1.00000	0	0.00000	0
318	D	1.00000	0	0.00000	0
319	G	1.00000	0	0.00000	0
320	V	1.00000	0	0.00000	0
321	R	1.00000	0	0.00000	0
322	S	1.00000	0	0.00000	0
323	A	1.00000	0	0.00000	0
324	K	1.00000	0	0.00000	0
325	G	1.00000	0	0.00000	0
326	H	1.00000	0	0.00000	0
327	T	1.00000	0	0.00000	0
328	F	1.00000	0	0.00000	0
329	R	1.00000	0	0.00000	0
330	S	1.00000	0	0.00000	0
331	S	1.00000	0	0.00000	0
332	L	1.00000	0	0.00000	0
333	S	1.00000	0	0.00000	0
334	L	1.00000	0	0.00000	0
335	R	1.00000	0	0.00000	0
336	L	1.00000	0	0.00000	0
337	L	1.00000	0	0.00000	0
338	K	1.00000	0	0.00000	0
339	F	1.00000	0	0.00000	0
340	S	1.00000	0	0.00000	0
341	R	1.00000	0	0.00000	0
342	E	1.00000	0	0.00000	0
343	K	0.99726	0	0.00274	0
344	K	0.99711	0	0.00289	0
345	A	0.97788	0	0.02212	0
346	A	0.97543	0	0.02457	0
347	K	0.92118	0	0.07882	0
348	T	0.76918	0	0.23082	0
349	L	0.01955	0	0.98045	0
350	A	0.00126	0	0.99874	0
351	I	0.00065	0	0.99935	0
352	V	0.00004	0	0.99996	0
353	V	0.00003	0	0.99997	0
354	G	0.00000	0	1.00000	0
355	V	0.00000	0	1.00000	0
356	F	0.00000	0	1.00000	0
357	V	0.00000	0	1.00000	0
358	L	0.00000	0	1.00000	0
359	C	0.00000	0	1.00000	0
360	W	0.00000	0	1.00000	0
361	F	0.00000	0	1.00000	0
362	P	0.00000	0	1.00000	0
363	F	0.00000	0	1.00000	0
364	F	0.00000	0	1.00000	0
365	F	0.00000	1e-05	0.99999	0
366	V	0.00000	0.00011	0.99989	0
367	L	0.00000	0.0006	0.99940	0
368	P	0.00000	0.00934	0.99066	0
369	L	0.00000	0.01451	0.98549	0
370	G	0.00000	0.05826	0.94174	0
371	S	0.00000	0.07952	0.92048	0
372	L	0.00000	0.09555	0.90445	0
373	F	0.00000	0.16617	0.83383	0
374	P	0.00000	0.76328	0.23672	0
375	Q	0.00000	0.88822	0.11178	0
376	L	0.00000	0.91452	0.08548	0
377	K	0.00000	0.99946	0.00054	0
378	P	0.00000	0.99993	0.00007	0
379	S	0.00000	0.99998	0.00002	0
380	E	0.00000	0.99989	0.00011	0
381	G	0.00000	0.99841	0.00159	0
382	V	0.00000	0.97189	0.02811	0
383	F	0.00000	0.96478	0.03522	0
384	K	0.00000	0.79311	0.20689	0
385	V	0.00000	0.00698	0.99302	0
386	I	0.00000	0.00031	0.99969	0
387	F	0.00000	0	1.00000	0
388	W	0.00000	0	1.00000	0
389	L	0.00000	0	1.00000	0
390	G	0.00000	0	1.00000	0
391	Y	0.00000	0	1.00000	0
392	F	0.00000	0	1.00000	0
393	N	0.00000	0	1.00000	0
394	S	0.00000	0	1.00000	0
395	C	0.00000	0	1.00000	0
396	V	0.00000	0	1.00000	0
397	N	0.00000	0	1.00000	0
398	P	0.00000	0	1.00000	0
399	L	0.00000	0	1.00000	0
400	I	0.00000	0	1.00000	0
401	Y	0.00001	0	0.99999	0
402	P	0.00009	0	0.99991	0
403	C	0.00187	0	0.99813	0
404	S	0.14143	0	0.85857	0
405	S	0.34464	0	0.65536	0
406	R	1.00000	0	0.00000	0
407	E	1.00000	0	0.00000	0
408	F	1.00000	0	0.00000	0
409	K	1.00000	0	0.00000	0
410	R	1.00000	0	0.00000	0
411	A	1.00000	0	0.00000	0
412	F	1.00000	0	0.00000	0
413	L	1.00000	0	0.00000	0
414	R	1.00000	0	0.00000	0
415	L	1.00000	0	0.00000	0
416	L	1.00000	0	0.00000	0
417	R	1.00000	0	0.00000	0
418	C	1.00000	0	0.00000	0
419	Q	1.00000	0	0.00000	0
420	C	1.00000	0	0.00000	0
421	R	1.00000	0	0.00000	0
422	R	1.00000	0	0.00000	0
423	R	1.00000	0	0.00000	0
424	R	1.00000	0	0.00000	0
425	R	1.00000	0	0.00000	0
426	R	1.00000	0	0.00000	0
427	R	1.00000	0	0.00000	0
428	P	1.00000	0	0.00000	0
429	L	1.00000	0	0.00000	0
430	W	1.00000	0	0.00000	0
431	R	1.00000	0	0.00000	0
432	V	1.00000	0	0.00000	0
433	Y	1.00000	0	0.00000	0
434	G	1.00000	0	0.00000	0
435	H	1.00000	0	0.00000	0
436	H	1.00000	0	0.00000	0
437	W	1.00000	0	0.00000	0
438	R	1.00000	0	0.00000	0
439	G	1.00000	0	0.00000	0
440	S	1.00000	0	0.00000	0
441	T	1.00000	0	0.00000	0
442	G	1.00000	0	0.00000	0
443	G	1.00000	0	0.00000	0
444	P	1.00000	0	0.00000	0
445	R	1.00000	0	0.00000	0
446	P	1.00000	0	0.00000	0
447	D	1.00000	0	0.00000	0
448	F	1.00000	0	0.00000	0
449	A	1.00000	0	0.00000	0
450	P	1.00000	0	0.00000	0
451	G	1.00000	0	0.00000	0
452	R	1.00000	0	0.00000	0
453	D	1.00000	0	0.00000	0
454	A	1.00000	0	0.00000	0
455	A	1.00000	0	0.00000	0
456	P	1.00000	0	0.00000	0
457	P	1.00000	0	0.00000	0
458	G	1.00000	0	0.00000	0
459	A	1.00000	0	0.00000	0
460	P	1.00000	0	0.00000	0
461	L	1.00000	0	0.00000	0
462	A	1.00000	0	0.00000	0
463	L	1.00000	0	0.00000	0
464	T	1.00000	0	0.00000	0
465	A	1.00000	0	0.00000	0
466	P	1.00000	0	0.00000	0
467	S	1.00000	0	0.00000	0
468	A	1.00000	0	0.00000	0
469	P	1.00000	0	0.00000	0
470	G	1.00000	0	0.00000	0
471	S	1.00000	0	0.00000	0
472	P	1.00000	0	0.00000	0
473	G	1.00000	0	0.00000	0
474	T	1.00000	0	0.00000	0
475	P	1.00000	0	0.00000	0
476	E	1.00000	0	0.00000	0
477	A	1.00000	0	0.00000	0
478	Q	1.00000	0	0.00000	0
479	A	1.00000	0	0.00000	0
480	P	1.00000	0	0.00000	0
481	V	1.00000	0	0.00000	0
482	A	1.00000	0	0.00000	0
483	G	1.00000	0	0.00000	0
484	R	1.00000	0	0.00000	0
485	R	1.00000	0	0.00000	0
486	K	1.00000	0	0.00000	0
487	P	1.00000	0	0.00000	0
488	P	1.00000	0	0.00000	0
489	C	1.00000	0	0.00000	0
490	A	1.00000	0	0.00000	0
491	F	1.00000	0	0.00000	0
492	R	1.00000	0	0.00000	0
493	E	1.00000	0	0.00000	0
494	W	1.00000	0	0.00000	0
495	R	1.00000	0	0.00000	0
496	L	1.00000	0	0.00000	0
497	L	1.00000	0	0.00000	0
498	G	1.00000	0	0.00000	0
499	P	1.00000	0	0.00000	0
500	F	1.00000	0	0.00000	0
501	R	1.00000	0	0.00000	0
502	R	1.00000	0	0.00000	0
503	P	1.00000	0	0.00000	0
504	T	1.00000	0	0.00000	0
505	T	1.00000	0	0.00000	0
506	Q	1.00000	0	0.00000	0
507	L	1.00000	0	0.00000	0
508	R	1.00000	0	0.00000	0
509	A	1.00000	0	0.00000	0
510	K	1.00000	0	0.00000	0
511	V	1.00000	0	0.00000	0
512	S	1.00000	0	0.00000	0
513	S	1.00000	0	0.00000	0
514	L	1.00000	0	0.00000	0
515	S	1.00000	0	0.00000	0
516	H	1.00000	0	0.00000	0
517	K	1.00000	0	0.00000	0
518	I	1.00000	0	0.00000	0
519	R	1.00000	0	0.00000	0
520	A	1.00000	0	0.00000	0
521	G	1.00000	0	0.00000	0
522	S	1.00000	0	0.00000	0
523	A	1.00000	0	0.00000	0
524	Q	1.00000	0	0.00000	0
525	R	1.00000	0	0.00000	0
526	A	1.00000	0	0.00000	0
527	E	1.00000	0	0.00000	0
528	A	1.00000	0	0.00000	0
529	A	1.00000	0	0.00000	0
530	A	1.00000	0	0.00000	0
531	T	1.00000	0	0.00000	0
532	L	1.00000	0	0.00000	0
533	R	1.00000	0	0.00000	0
534	A	1.00000	0	0.00000	0
535	E	1.00000	0	0.00000	0
536	V	1.00000	0	0.00000	0
537	E	1.00000	0	0.00000	0
538	A	1.00000	0	0.00000	0
539	V	1.00000	0	0.00000	0
540	S	1.00000	0	0.00000	0
541	L	1.00000	0	0.00000	0
542	G	1.00000	0	0.00000	0
543	V	1.00000	0	0.00000	0
544	P	1.00000	0	0.00000	0
545	H	1.00000	0	0.00000	0
546	D	1.00000	0	0.00000	0
547	V	1.00000	0	0.00000	0
548	A	1.00000	0	0.00000	0
549	E	1.00000	0	0.00000	0
550	G	1.00000	0	0.00000	0
551	A	1.00000	0	0.00000	0
552	T	1.00000	0	0.00000	0
553	C	1.00000	0	0.00000	0
554	Q	1.00000	0	0.00000	0
555	A	1.00000	0	0.00000	0
556	Y	1.00000	0	0.00000	0
557	E	1.00000	0	0.00000	0
558	L	1.00000	0	0.00000	0
559	A	1.00000	0	0.00000	0
560	D	1.00000	0	0.00000	0
561	Y	1.00000	0	0.00000	0
562	S	1.00000	0	0.00000	0
563	N	1.00000	0	0.00000	0
564	L	1.00000	0	0.00000	0
565	R	1.00000	0	0.00000	0
566	E	1.00000	0	0.00000	0
567	T	1.00000	0	0.00000	0
568	D	1.00000	0	0.00000	0
569	I	1.00000	0	0.00000	0
