# UNNAMED
#pos	aa	i	o	M	S
1	M	0.00000	1	0.00000	0
2	N	0.00000	1	0.00000	0
3	N	0.00000	1	0.00000	0
4	L	0.00000	1	0.00000	0
5	G	0.00000	1	0.00000	0
6	D	0.00000	1	0.00000	0
7	C	0.00000	1	0.00000	0
8	F	0.00000	1	0.00000	0
9	P	0.00000	1	0.00000	0
10	R	0.00000	1	0.00000	0
11	D	0.00000	1	0.00000	0
12	Q	0.00000	1	0.00000	0
13	V	0.00000	1	0.00000	0
14	K	0.00000	1	0.00000	0
15	I	0.00000	1	0.00000	0
16	M	0.00000	1	0.00000	0
17	S	0.00000	1	0.00000	0
18	E	0.00000	1	0.00000	0
19	D	0.00000	1	0.00000	0
20	L	0.00000	1	0.00000	0
21	V	0.00000	1	0.00000	0
22	P	0.00000	1	0.00000	0
23	P	0.00000	1	0.00000	0
24	T	0.00000	1	0.00000	0
25	S	0.00000	1	0.00000	0
26	V	0.00000	1	0.00000	0
27	Q	0.00000	1	0.00000	0
28	L	0.00000	1	0.00000	0
29	C	0.00000	1	0.00000	0
30	Y	0.00000	1	0.00000	0
31	E	0.00000	1	0.00000	0
32	N	0.00000	1	0.00000	0
33	L	0.00000	1	0.00000	0
34	N	0.00000	1	0.00000	0
35	G	0.00000	1	0.00000	0
36	S	0.00000	1	0.00000	0
37	C	0.00000	1	0.00000	0
38	V	0.00000	1	0.00000	0
39	R	0.00000	1	0.00000	0
40	N	0.00000	1	0.00000	0
41	P	0.00000	1	0.00000	0
42	Y	0.00000	1	0.00000	0
43	S	0.00000	1	0.00000	0
44	P	0.00000	1	0.00000	0
45	G	0.00000	0.99998	0.00002	0
46	P	0.00000	0.99993	0.00007	0
47	R	0.00000	0.98958	0.01042	0
48	L	0.00000	0.55446	0.44554	0
49	I	0.00000	0.16588	0.83412	0
50	L	0.00000	0.05011	0.94989	0
51	Y	0.00000	0.01867	0.98133	0
52	A	0.00000	0.00456	0.99544	0
53	V	0.00000	0.00079	0.99921	0
54	F	0.00000	0.00014	0.99986	0
55	G	0.00000	4e-05	0.99996	0
56	F	0.00000	0	1.00000	0
57	G	0.00000	0	1.00000	0
58	A	0.00000	0	1.00000	0
59	V	0.00000	0	1.00000	0
60	L	0.00000	0	1.00000	0
61	A	0.00000	0	1.00000	0
62	V	0.00000	0	1.00000	0
63	C	0.00000	0	1.00000	0
64	G	0.00000	0	1.00000	0
65	N	0.00000	0	1.00000	0
66	L	0.00000	0	1.00000	0
67	L	0.00000	0	1.00000	0
68	V	0.00011	0	0.99989	0
69	M	0.00191	0	0.99809	0
70	M	0.02036	0	0.97964	0
71	S	0.15967	0	0.84033	0
72	I	0.19259	0	0.80741	0
73	L	0.44538	0	0.55462	0
74	H	0.86494	0	0.13506	0
75	F	0.92869	0	0.07131	0
76	R	0.99806	0	0.00194	0
77	Q	0.99999	0	0.00001	0
78	L	1.00000	0	0.00000	0
79	H	1.00000	0	0.00000	0
80	S	1.00000	0	0.00000	0
81	P	1.00000	0	0.00000	0
82	A	0.41048	0	0.58952	0
83	N	0.05885	0	0.94115	0
84	F	0.00630	0	0.99370	0
85	L	0.00008	0	0.99992	0
86	V	0.00001	0	0.99999	0
87	A	0.00000	0	1.00000	0
88	S	0.00000	0	1.00000	0
89	L	0.00000	0	1.00000	0
90	A	0.00000	0	1.00000	0
91	C	0.00000	0	1.00000	0
92	A	0.00000	0	1.00000	0
93	D	0.00000	0	1.00000	0
94	F	0.00000	0	1.00000	0
95	L	0.00000	0	1.00000	0
96	V	0.00000	0	1.00000	0
97	G	0.00000	0	1.00000	0
98	L	0.00000	0	1.00000	0
99	T	0.00000	0	1.00000	0
100	V	0.00000	5e-05	0.99995	0
101	M	0.00000	0.00278	0.99722	0
102	P	0.00000	0.04309	0.95691	0
103	F	0.00000	0.1153	0.88470	0
104	S	0.00000	0.70574	0.29426	0
105	T	0.00000	0.88576	0.11424	0
106	V	0.00000	0.93626	0.06374	0
107	R	0.00000	0.99999	0.00001	0
108	S	0.00000	1	0.00000	0
109	V	0.00000	1	0.00000	0
110	E	0.00000	1	0.00000	0
111	S	0.00000	1	0.00000	0
112	C	0.00000	1	0.00000	0
113	W	0.00000	1	0.00000	0
114	Y	0.00000	1	0.00000	0
115	F	0.00000	0.99999	0.00001	0
116	G	0.00000	0.99999	0.00001	0
117	D	0.00000	0.99998	0.00002	0
118	S	0.00000	0.99987	0.00013	0
119	Y	0.00000	0.9865	0.01350	0
120	C	0.00000	0.98064	0.01936	0
121	K	0.00000	0.97375	0.02625	0
122	F	0.00000	0.00277	0.99723	0
123	H	0.00000	0.00276	0.99724	0
124	S	0.00000	0.00276	0.99724	0
125	C	0.00000	0.00276	0.99724	0
126	F	0.00000	0.00276	0.99724	0
127	E	0.00000	0.00276	0.99724	0
128	G	0.00000	0.00015	0.99985	0
129	S	0.00000	1e-05	0.99999	0
130	F	0.00000	0	1.00000	0
131	C	0.00000	0	1.00000	0
132	Y	0.00000	0	1.00000	0
133	S	0.00000	0	1.00000	0
134	S	0.00000	0	1.00000	0
135	I	0.00000	0	1.00000	0
136	F	0.00000	0	1.00000	0
137	H	0.00000	0	1.00000	0
138	L	0.00000	0	1.00000	0
139	C	0.00001	0	0.99999	0
140	F	0.00001	0	0.99999	0
141	I	0.00004	0	0.99996	0
142	S	0.00017	0	0.99983	0
143	V	0.00037	0	0.99963	0
144	D	0.00131	0	0.99869	0
145	R	0.47867	0	0.52133	0
146	Y	0.97491	0	0.02509	0
147	I	0.99534	0	0.00466	0
148	A	0.99818	0	0.00182	0
149	V	1.00000	0	0.00000	0
150	S	1.00000	0	0.00000	0
151	D	1.00000	0	0.00000	0
152	P	1.00000	0	0.00000	0
153	L	1.00000	0	0.00000	0
154	L	1.00000	0	0.00000	0
155	Y	1.00000	0	0.00000	0
156	P	1.00000	0	0.00000	0
157	T	1.00000	0	0.00000	0
158	R	0.99997	0	0.00003	0
159	F	0.99171	0	0.00829	0
160	T	0.98745	0	0.01255	0
161	A	0.97386	0	0.02614	0
162	S	0.74726	0	0.25274	0
163	V	0.20532	0	0.79468	0
164	S	0.17614	0	0.82386	0
165	G	0.10591	0	0.89409	0
166	K	0.08012	0	0.91988	0
167	C	0.00012	0	0.99988	0
168	I	0.00000	0	1.00000	0
169	T	0.00000	0	1.00000	0
170	F	0.00000	0	1.00000	0
171	S	0.00000	0	1.00000	0
172	W	0.00000	0	1.00000	0
173	L	0.00000	0	1.00000	0
174	L	0.00000	0	1.00000	0
175	S	0.00000	0	1.00000	0
176	I	0.00000	0	1.00000	0
177	I	0.00000	0	1.00000	0
178	Y	0.00000	4e-05	0.99996	0
179	S	0.00000	0.0005	0.99950	0
180	F	0.00000	0.00114	0.99886	0
181	S	0.00000	0.0077	0.99230	0
182	L	0.00000	0.01599	0.98401	0
183	L	0.00000	0.13518	0.86482	0
184	Y	0.00000	0.3875	0.61250	0
185	T	0.00000	0.74758	0.25242	0
186	G	0.00000	0.86287	0.13713	0
187	A	0.00000	0.90013	0.09987	0
188	N	0.00000	0.99172	0.00828	0
189	E	0.00000	0.99994	0.00006	0
190	A	0.00000	0.99998	0.00002	0
191	G	0.00000	1	0.00000	0
192	L	0.00000	1	0.00000	0
193	E	0.00000	1	0.00000	0
194	D	0.00000	1	0.00000	0
195	L	0.00000	1	0.00000	0
196	V	0.00000	1	0.00000	0
197	S	0.00000	1	0.00000	0
198	A	0.00000	1	0.00000	0
199	L	0.00000	1	0.00000	0
200	T	0.00000	1	0.00000	0
201	C	0.00000	1	0.00000	0
202	V	0.00000	1	0.00000	0
203	G	0.00000	1	0.00000	0
204	G	0.00000	1	0.00000	0
205	C	0.00000	0.99985	0.00015	0
206	Q	0.00000	0.99872	0.00128	0
207	I	0.00000	0.93861	0.06139	0
208	A	0.00000	0.93457	0.06543	0
209	V	0.00000	0.93289	0.06711	0
210	N	0.00000	0.93269	0.06731	0
211	Q	0.00000	0.93076	0.06924	0
212	S	0.00000	0.22423	0.77577	0
213	W	0.00000	0.10838	0.89162	0
214	V	0.00000	0.03741	0.96259	0
215	F	0.00000	0.01002	0.98998	0
216	I	0.00000	0.00241	0.99759	0
217	N	0.00000	0.00161	0.99839	0
218	F	0.00000	0.00071	0.99929	0
219	L	0.00000	0	1.00000	0
220	L	0.00000	0	1.00000	0
221	F	0.00000	0	1.00000	0
222	F	0.00000	0	1.00000	0
223	I	0.00000	0	1.00000	0
224	P	0.00000	0	1.00000	0
225	T	0.00000	0	1.00000	0
226	L	0.00000	0	1.00000	0
227	V	0.00000	0	1.00000	0
228	M	0.00000	0	1.00000	0
229	I	0.00001	0	0.99999	0
230	T	0.00219	0	0.99781	0
231	V	0.00454	0	0.99546	0
232	Y	0.01522	0	0.98478	0
233	S	0.06417	0	0.93583	0
234	K	0.07661	0	0.92339	0
235	I	0.07755	0	0.92245	0
236	F	0.09302	0	0.90698	0
237	L	0.22064	0	0.77936	0
238	I	0.30164	0	0.69836	0
239	A	0.96873	0	0.03127	0
240	K	0.99938	0	0.00062	0
241	Q	0.99998	0	0.00002	0
242	Q	1.00000	0	0.00000	0
243	A	1.00000	0	0.00000	0
244	Q	1.00000	0	0.00000	0
245	K	1.00000	0	0.00000	0
246	I	1.00000	0	0.00000	0
247	E	1.00000	0	0.00000	0
248	R	1.00000	0	0.00000	0
249	M	1.00000	0	0.00000	0
250	G	1.00000	0	0.00000	0
251	D	1.00000	0	0.00000	0
252	Q	1.00000	0	0.00000	0
253	T	1.00000	0	0.00000	0
254	A	1.00000	0	0.00000	0
255	R	1.00000	0	0.00000	0
256	A	1.00000	0	0.00000	0
257	S	1.00000	0	0.00000	0
258	D	1.00000	0	0.00000	0
259	S	1.00000	0	0.00000	0
260	Y	1.00000	0	0.00000	0
261	K	1.00000	0	0.00000	0
262	D	1.00000	0	0.00000	0
263	R	1.00000	0	0.00000	0
264	V	1.00000	0	0.00000	0
265	A	1.00000	0	0.00000	0
266	K	1.00000	0	0.00000	0
267	R	1.00000	0	0.00000	0
268	E	1.00000	0	0.00000	0
269	R	0.91551	0	0.08449	0
270	K	0.91175	0	0.08825	0
271	A	0.09470	0	0.90530	0
272	A	0.09387	0	0.90613	0
273	K	0.09065	0	0.90935	0
274	T	0.06581	0	0.93419	0
275	L	0.03711	0	0.96289	0
276	G	0.02166	0	0.97834	0
277	I	0.01279	0	0.98721	0
278	A	0.01255	0	0.98745	0
279	V	0.01233	0	0.98767	0
280	A	0.00035	0	0.99965	0
281	A	0.00015	0	0.99985	0
282	F	0.00001	0	0.99999	0
283	L	0.00000	0	1.00000	0
284	L	0.00000	0	1.00000	0
285	S	0.00000	0	1.00000	0
286	W	0.00000	0	1.00000	0
287	T	0.00000	0	1.00000	0
288	P	0.00000	4e-05	0.99996	0
289	Y	0.00000	0.00018	0.99982	0
290	F	0.00000	0.0014	0.99860	0
291	I	0.00000	0.0563	0.94370	0
292	D	0.00000	0.85153	0.14847	0
293	S	0.00000	0.85632	0.14368	0
294	I	0.00000	0.86417	0.13583	0
295	I	0.00000	0.87389	0.12611	0
296	D	0.00000	0.90597	0.09403	0
297	A	0.00000	0.90605	0.09395	0
298	F	0.00000	0.90663	0.09337	0
299	L	0.00000	0.90982	0.09018	0
300	G	0.00000	0.92163	0.07837	0
301	F	0.00000	0.92438	0.07562	0
302	I	0.00000	0.95062	0.04938	0
303	T	0.00000	0.98644	0.01356	0
304	P	0.00000	0.99666	0.00334	0
305	T	0.00000	0.99823	0.00177	0
306	Y	0.00000	0.999	0.00100	0
307	V	0.00000	0.99847	0.00153	0
308	Y	0.00000	0.99832	0.00168	0
309	E	0.00000	0.86029	0.13971	0
310	I	0.00000	0.21008	0.78992	0
311	L	0.00000	0.0492	0.95080	0
312	I	0.00000	0.00971	0.99029	0
313	W	0.00000	0.00072	0.99928	0
314	I	0.00000	0	1.00000	0
315	A	0.00000	0	1.00000	0
316	Y	0.00000	0	1.00000	0
317	Y	0.00000	0	1.00000	0
318	N	0.00000	0	1.00000	0
319	S	0.00000	0	1.00000	0
320	A	0.00000	0	1.00000	0
321	M	0.00000	0	1.00000	0
322	N	0.00000	0	1.00000	0
323	P	0.00000	0	1.00000	0
324	L	0.00000	0	1.00000	0
325	I	0.00000	0	1.00000	0
326	Y	0.00001	0	0.99999	0
327	A	0.00002	0	0.99998	0
328	F	0.00007	0	0.99993	0
329	F	0.00146	0	0.99854	0
330	Y	0.02660	0	0.97340	0
331	P	0.16414	0	0.83586	0
332	W	0.23873	0	0.76127	0
333	F	0.72249	0	0.27751	0
334	R	1.00000	0	0.00000	0
335	K	1.00000	0	0.00000	0
336	A	1.00000	0	0.00000	0
337	I	1.00000	0	0.00000	0
338	K	1.00000	0	0.00000	0
339	M	1.00000	0	0.00000	0
340	I	1.00000	0	0.00000	0
341	V	1.00000	0	0.00000	0
342	T	1.00000	0	0.00000	0
343	G	1.00000	0	0.00000	0
344	R	1.00000	0	0.00000	0
345	I	1.00000	0	0.00000	0
346	L	1.00000	0	0.00000	0
347	R	1.00000	0	0.00000	0
348	E	1.00000	0	0.00000	0
349	N	1.00000	0	0.00000	0
350	S	1.00000	0	0.00000	0
351	S	1.00000	0	0.00000	0
352	A	1.00000	0	0.00000	0
353	T	1.00000	0	0.00000	0
354	N	1.00000	0	0.00000	0
355	L	1.00000	0	0.00000	0
356	F	1.00000	0	0.00000	0
357	P	1.00000	0	0.00000	0
358	E	1.00000	0	0.00000	0
