# UNNAMED
#pos	aa	i	o	M	S
1	M	0.00000	0.99996	0.00000	4e-05
2	S	0.00000	0.99996	0.00000	4e-05
3	N	0.00000	0.99996	0.00000	5e-05
4	F	0.00000	0.99996	0.00000	4e-05
5	T	0.00000	0.99996	0.00000	4e-05
6	P	0.00000	0.99996	0.00000	5e-05
7	V	0.00000	0.99996	0.00000	5e-05
8	N	0.00000	0.99996	0.00000	5e-05
9	G	0.00000	0.99996	0.00000	5e-05
10	S	0.00000	0.99996	0.00000	4e-05
11	S	0.00000	0.99996	0.00000	4e-05
12	A	0.00000	0.99996	0.00000	4e-05
13	N	0.00000	0.99996	0.00000	5e-05
14	Q	0.00000	0.99996	0.00000	4e-05
15	S	0.00000	0.99996	0.00000	4e-05
16	V	0.00000	0.99996	0.00000	4e-05
17	R	0.00000	0.99996	0.00000	4e-05
18	L	0.00000	0.99996	0.00000	4e-05
19	V	0.00000	0.99997	0.00000	3e-05
20	T	0.00000	0.99997	0.00000	3e-05
21	A	0.00000	0.99997	0.00000	3e-05
22	S	0.00000	1	0.00000	0
23	H	0.00000	1	0.00000	0
24	N	0.00000	1	0.00000	0
25	H	0.00000	0.99997	0.00003	0
26	L	0.00000	0.99995	0.00005	0
27	E	0.00000	0.99994	0.00006	0
28	T	0.00000	0.99917	0.00083	0
29	V	0.00000	0.99726	0.00274	0
30	E	0.00000	0.99504	0.00496	0
31	M	0.00000	0.91941	0.08059	0
32	V	0.00000	0.35879	0.64121	0
33	F	0.00000	0.11185	0.88815	0
34	I	0.00000	0.00628	0.99372	0
35	A	0.00000	0.00129	0.99871	0
36	T	0.00000	0.00026	0.99974	0
37	V	0.00000	1e-05	0.99999	0
38	T	0.00000	0	1.00000	0
39	G	0.00000	0	1.00000	0
40	S	0.00000	0	1.00000	0
41	L	0.00000	0	1.00000	0
42	S	0.00000	0	1.00000	0
43	L	0.00000	0	1.00000	0
44	V	0.00000	0	1.00000	0
45	T	0.00000	0	1.00000	0
46	V	0.00000	0	1.00000	0
47	V	0.00000	0	1.00000	0
48	G	0.00000	0	1.00000	0
49	N	0.00000	0	1.00000	0
50	I	0.00000	0	1.00000	0
51	L	0.00001	0	0.99999	0
52	V	0.00023	0	0.99977	0
53	M	0.00263	0	0.99737	0
54	L	0.02172	0	0.97828	0
55	S	0.49167	0	0.50833	0
56	I	0.55287	0	0.44713	0
57	K	0.98758	0	0.01242	0
58	V	0.99454	0	0.00546	0
59	N	0.99982	0	0.00018	0
60	R	0.99999	0	0.00001	0
61	Q	0.99999	0	0.00001	0
62	L	0.99952	0	0.00048	0
63	Q	0.99845	0	0.00155	0
64	T	0.96697	0	0.03303	0
65	V	0.65492	0	0.34508	0
66	N	0.35142	0	0.64858	0
67	N	0.08154	0	0.91846	0
68	Y	0.03216	0	0.96784	0
69	F	0.00051	0	0.99949	0
70	L	0.00004	0	0.99996	0
71	F	0.00000	0	1.00000	0
72	S	0.00000	0	1.00000	0
73	L	0.00000	0	1.00000	0
74	A	0.00000	0	1.00000	0
75	C	0.00000	0	1.00000	0
76	A	0.00000	0	1.00000	0
77	D	0.00000	0	1.00000	0
78	L	0.00000	0	1.00000	0
79	I	0.00000	0	1.00000	0
80	I	0.00000	0	1.00000	0
81	G	0.00000	0	1.00000	0
82	V	0.00000	0	1.00000	0
83	F	0.00000	0.00149	0.99851	0
84	S	0.00000	0.0786	0.92140	0
85	M	0.00000	0.12272	0.87728	0
86	N	0.00000	0.48293	0.51707	0
87	L	0.00000	0.50969	0.49031	0
88	Y	0.00000	0.59097	0.40903	0
89	T	0.00000	0.61339	0.38661	0
90	V	0.00000	0.65397	0.34603	0
91	Y	0.00000	0.70874	0.29126	0
92	I	0.00000	0.73781	0.26219	0
93	I	0.00000	0.8295	0.17050	0
94	K	0.00000	0.96846	0.03154	0
95	G	0.00000	0.99328	0.00672	0
96	Y	0.00000	0.9992	0.00080	0
97	W	0.00000	0.99977	0.00023	0
98	P	0.00000	0.99996	0.00004	0
99	L	0.00000	1	0.00000	0
100	G	0.00000	1	0.00000	0
101	A	0.00000	0.99996	0.00004	0
102	V	0.00000	0.99986	0.00014	0
103	V	0.00000	0.99985	0.00015	0
104	C	0.00000	0.99984	0.00016	0
105	D	0.00000	0.99973	0.00027	0
106	L	0.00000	0.99914	0.00086	0
107	W	0.00000	0.94518	0.05482	0
108	L	0.00000	0.52466	0.47534	0
109	A	0.00000	0.27862	0.72138	0
110	L	0.00000	0.00859	0.99141	0
111	D	0.00000	0.00028	0.99972	0
112	Y	0.00000	2e-05	0.99998	0
113	V	0.00000	0	1.00000	0
114	V	0.00000	0	1.00000	0
115	S	0.00000	0	1.00000	0
116	N	0.00000	0	1.00000	0
117	A	0.00000	0	1.00000	0
118	S	0.00000	0	1.00000	0
119	V	0.00000	0	1.00000	0
120	M	0.00000	0	1.00000	0
121	N	0.00000	0	1.00000	0
122	L	0.00000	0	1.00000	0
123	L	0.00000	0	1.00000	0
124	I	0.00000	0	1.00000	0
125	I	0.00000	0	1.00000	0
126	S	0.00000	0	1.00000	0
127	F	0.00000	0	1.00000	0
128	D	0.00021	0	0.99979	0
129	R	0.11011	0	0.88989	0
130	Y	0.39413	0	0.60587	0
131	F	0.67801	0	0.32199	0
132	C	0.93881	0	0.06119	0
133	V	0.99998	0	0.00002	0
134	T	1.00000	0	0.00000	0
135	K	1.00000	0	0.00000	0
136	P	1.00000	0	0.00000	0
137	L	1.00000	0	0.00000	0
138	T	1.00000	0	0.00000	0
139	Y	1.00000	0	0.00000	0
140	P	1.00000	0	0.00000	0
141	A	1.00000	0	0.00000	0
142	R	1.00000	0	0.00000	0
143	R	1.00000	0	0.00000	0
144	T	0.99995	0	0.00005	0
145	T	0.99972	0	0.00028	0
146	K	0.99587	0	0.00413	0
147	M	0.64200	0	0.35800	0
148	A	0.25511	0	0.74489	0
149	G	0.13362	0	0.86638	0
150	L	0.01905	0	0.98095	0
151	M	0.00700	0	0.99300	0
152	I	0.00035	0	0.99965	0
153	A	0.00005	0	0.99995	0
154	A	0.00000	0	1.00000	0
155	A	0.00000	0	1.00000	0
156	W	0.00000	0	1.00000	0
157	V	0.00000	0	1.00000	0
158	L	0.00000	0	1.00000	0
159	S	0.00000	0	1.00000	0
160	F	0.00000	0	1.00000	0
161	V	0.00000	0	1.00000	0
162	L	0.00000	0	1.00000	0
163	W	0.00000	0	1.00000	0
164	A	0.00000	0	1.00000	0
165	P	0.00000	5e-05	0.99995	0
166	A	0.00000	0.00016	0.99984	0
167	I	0.00000	0.00309	0.99691	0
168	L	0.00000	0.0306	0.96940	0
169	F	0.00000	0.18274	0.81726	0
170	W	0.00000	0.51926	0.48074	0
171	Q	0.00000	0.92472	0.07528	0
172	F	0.00000	0.94225	0.05775	0
173	V	0.00000	0.97231	0.02769	0
174	V	0.00000	0.99096	0.00904	0
175	G	0.00000	0.99958	0.00042	0
176	K	0.00000	1	0.00000	0
177	R	0.00000	1	0.00000	0
178	T	0.00000	1	0.00000	0
179	V	0.00000	1	0.00000	0
180	P	0.00000	1	0.00000	0
181	D	0.00000	1	0.00000	0
182	N	0.00000	1	0.00000	0
183	Q	0.00000	1	0.00000	0
184	C	0.00000	1	0.00000	0
185	F	0.00000	0.99946	0.00054	0
186	I	0.00000	0.99866	0.00134	0
187	Q	0.00000	0.9966	0.00340	0
188	F	0.00000	0.99482	0.00518	0
189	L	0.00000	0.99261	0.00739	0
190	S	0.00000	0.99127	0.00873	0
191	N	0.00000	0.98943	0.01057	0
192	P	0.00000	0.34402	0.65598	0
193	A	0.00000	0.13905	0.86095	0
194	V	0.00000	0.07014	0.92986	0
195	T	0.00000	0.06106	0.93894	0
196	F	0.00000	0.0291	0.97090	0
197	G	0.00000	0.02369	0.97631	0
198	T	0.00000	0.01956	0.98044	0
199	A	0.00000	0.00042	0.99958	0
200	I	0.00000	0.00025	0.99975	0
201	A	0.00000	0	1.00000	0
202	A	0.00000	0	1.00000	0
203	F	0.00000	0	1.00000	0
204	Y	0.00000	0	1.00000	0
205	L	0.00000	0	1.00000	0
206	P	0.00000	0	1.00000	0
207	V	0.00000	0	1.00000	0
208	V	0.00000	0	1.00000	0
209	I	0.00002	0	0.99998	0
210	M	0.00005	0	0.99995	0
211	T	0.00008	0	0.99992	0
212	V	0.00019	0	0.99981	0
213	L	0.00048	0	0.99952	0
214	Y	0.00155	0	0.99845	0
215	I	0.01391	0	0.98609	0
216	H	0.15532	0	0.84468	0
217	I	0.28704	0	0.71296	0
218	S	0.83740	0	0.16260	0
219	L	0.91332	0	0.08668	0
220	A	0.95841	0	0.04159	0
221	S	0.99895	0	0.00105	0
222	R	0.99980	0	0.00020	0
223	S	0.99988	0	0.00012	0
224	R	0.99996	0	0.00004	0
225	V	0.99996	0	0.00004	0
226	H	0.99998	0	0.00002	0
227	K	1.00000	0	0.00000	0
228	H	1.00000	0	0.00000	0
229	R	1.00000	0	0.00000	0
230	P	1.00000	0	0.00000	0
231	E	1.00000	0	0.00000	0
232	G	1.00000	0	0.00000	0
233	P	1.00000	0	0.00000	0
234	K	1.00000	0	0.00000	0
235	E	1.00000	0	0.00000	0
236	K	1.00000	0	0.00000	0
237	K	1.00000	0	0.00000	0
238	A	1.00000	0	0.00000	0
239	K	1.00000	0	0.00000	0
240	T	1.00000	0	0.00000	0
241	L	1.00000	0	0.00000	0
242	A	1.00000	0	0.00000	0
243	F	1.00000	0	0.00000	0
244	L	1.00000	0	0.00000	0
245	K	1.00000	0	0.00000	0
246	S	1.00000	0	0.00000	0
247	P	1.00000	0	0.00000	0
248	L	1.00000	0	0.00000	0
249	M	1.00000	0	0.00000	0
250	K	1.00000	0	0.00000	0
251	P	1.00000	0	0.00000	0
252	S	1.00000	0	0.00000	0
253	I	1.00000	0	0.00000	0
254	K	1.00000	0	0.00000	0
255	K	1.00000	0	0.00000	0
256	P	1.00000	0	0.00000	0
257	P	1.00000	0	0.00000	0
258	P	1.00000	0	0.00000	0
259	G	1.00000	0	0.00000	0
260	G	1.00000	0	0.00000	0
261	A	1.00000	0	0.00000	0
262	S	1.00000	0	0.00000	0
263	R	1.00000	0	0.00000	0
264	E	1.00000	0	0.00000	0
265	E	1.00000	0	0.00000	0
266	L	1.00000	0	0.00000	0
267	R	1.00000	0	0.00000	0
268	N	1.00000	0	0.00000	0
269	G	1.00000	0	0.00000	0
270	K	1.00000	0	0.00000	0
271	L	1.00000	0	0.00000	0
272	E	1.00000	0	0.00000	0
273	E	1.00000	0	0.00000	0
274	A	1.00000	0	0.00000	0
275	P	1.00000	0	0.00000	0
276	P	1.00000	0	0.00000	0
277	P	1.00000	0	0.00000	0
278	A	1.00000	0	0.00000	0
279	L	1.00000	0	0.00000	0
280	P	1.00000	0	0.00000	0
281	P	1.00000	0	0.00000	0
282	P	1.00000	0	0.00000	0
283	P	1.00000	0	0.00000	0
284	R	1.00000	0	0.00000	0
285	P	1.00000	0	0.00000	0
286	V	1.00000	0	0.00000	0
287	A	1.00000	0	0.00000	0
288	D	1.00000	0	0.00000	0
289	K	1.00000	0	0.00000	0
290	D	1.00000	0	0.00000	0
291	T	1.00000	0	0.00000	0
292	S	1.00000	0	0.00000	0
293	N	1.00000	0	0.00000	0
294	E	1.00000	0	0.00000	0
295	S	1.00000	0	0.00000	0
296	S	1.00000	0	0.00000	0
297	S	1.00000	0	0.00000	0
298	G	1.00000	0	0.00000	0
299	S	1.00000	0	0.00000	0
300	A	1.00000	0	0.00000	0
301	T	1.00000	0	0.00000	0
302	Q	1.00000	0	0.00000	0
303	N	1.00000	0	0.00000	0
304	T	1.00000	0	0.00000	0
305	K	1.00000	0	0.00000	0
306	E	1.00000	0	0.00000	0
307	R	1.00000	0	0.00000	0
308	P	1.00000	0	0.00000	0
309	P	1.00000	0	0.00000	0
310	T	1.00000	0	0.00000	0
311	E	1.00000	0	0.00000	0
312	L	1.00000	0	0.00000	0
313	S	1.00000	0	0.00000	0
314	T	1.00000	0	0.00000	0
315	T	1.00000	0	0.00000	0
316	E	1.00000	0	0.00000	0
317	A	1.00000	0	0.00000	0
318	T	1.00000	0	0.00000	0
319	P	1.00000	0	0.00000	0
320	A	1.00000	0	0.00000	0
321	L	1.00000	0	0.00000	0
322	P	1.00000	0	0.00000	0
323	A	1.00000	0	0.00000	0
324	P	1.00000	0	0.00000	0
325	T	1.00000	0	0.00000	0
326	L	1.00000	0	0.00000	0
327	Q	1.00000	0	0.00000	0
328	P	1.00000	0	0.00000	0
329	R	1.00000	0	0.00000	0
330	T	1.00000	0	0.00000	0
331	L	1.00000	0	0.00000	0
332	N	1.00000	0	0.00000	0
333	P	1.00000	0	0.00000	0
334	A	1.00000	0	0.00000	0
335	S	1.00000	0	0.00000	0
336	K	1.00000	0	0.00000	0
337	W	1.00000	0	0.00000	0
338	S	1.00000	0	0.00000	0
339	K	1.00000	0	0.00000	0
340	I	1.00000	0	0.00000	0
341	Q	1.00000	0	0.00000	0
342	I	1.00000	0	0.00000	0
343	V	1.00000	0	0.00000	0
344	T	1.00000	0	0.00000	0
345	K	1.00000	0	0.00000	0
346	Q	1.00000	0	0.00000	0
347	T	1.00000	0	0.00000	0
348	G	1.00000	0	0.00000	0
349	N	1.00000	0	0.00000	0
350	E	1.00000	0	0.00000	0
351	C	1.00000	0	0.00000	0
352	V	1.00000	0	0.00000	0
353	T	1.00000	0	0.00000	0
354	A	1.00000	0	0.00000	0
355	I	1.00000	0	0.00000	0
356	E	1.00000	0	0.00000	0
357	I	1.00000	0	0.00000	0
358	V	1.00000	0	0.00000	0
359	P	1.00000	0	0.00000	0
360	A	1.00000	0	0.00000	0
361	T	1.00000	0	0.00000	0
362	P	1.00000	0	0.00000	0
363	A	1.00000	0	0.00000	0
364	G	1.00000	0	0.00000	0
365	M	1.00000	0	0.00000	0
366	R	1.00000	0	0.00000	0
367	P	1.00000	0	0.00000	0
368	A	1.00000	0	0.00000	0
369	A	1.00000	0	0.00000	0
370	N	1.00000	0	0.00000	0
371	V	1.00000	0	0.00000	0
372	A	1.00000	0	0.00000	0
373	R	1.00000	0	0.00000	0
374	K	1.00000	0	0.00000	0
375	F	1.00000	0	0.00000	0
376	A	1.00000	0	0.00000	0
377	S	1.00000	0	0.00000	0
378	I	1.00000	0	0.00000	0
379	A	1.00000	0	0.00000	0
380	R	1.00000	0	0.00000	0
381	N	1.00000	0	0.00000	0
382	Q	1.00000	0	0.00000	0
383	V	1.00000	0	0.00000	0
384	R	1.00000	0	0.00000	0
385	K	1.00000	0	0.00000	0
386	K	1.00000	0	0.00000	0
387	R	1.00000	0	0.00000	0
388	Q	1.00000	0	0.00000	0
389	M	1.00000	0	0.00000	0
390	A	1.00000	0	0.00000	0
391	A	1.00000	0	0.00000	0
392	R	1.00000	0	0.00000	0
393	E	1.00000	0	0.00000	0
394	R	0.79547	0	0.20453	0
395	K	0.73962	0	0.26038	0
396	V	0.54027	0	0.45973	0
397	T	0.31811	0	0.68189	0
398	R	0.28109	0	0.71891	0
399	T	0.23703	0	0.76297	0
400	I	0.19227	0	0.80773	0
401	F	0.00481	0	0.99519	0
402	A	0.00047	0	0.99953	0
403	I	0.00005	0	0.99995	0
404	L	0.00005	0	0.99995	0
405	L	0.00000	0	1.00000	0
406	A	0.00000	0	1.00000	0
407	F	0.00000	0	1.00000	0
408	I	0.00000	0	1.00000	0
409	L	0.00000	0	1.00000	0
410	T	0.00000	0	1.00000	0
411	W	0.00000	0	1.00000	0
412	T	0.00000	0	1.00000	0
413	P	0.00000	4e-05	0.99996	0
414	Y	0.00000	0.00024	0.99976	0
415	N	0.00000	0.00131	0.99869	0
416	V	0.00000	0.0017	0.99830	0
417	M	0.00000	0.00363	0.99637	0
418	V	0.00000	0.02134	0.97866	0
419	L	0.00000	0.142	0.85800	0
420	V	0.00000	0.31057	0.68943	0
421	N	0.00000	0.70275	0.29725	0
422	T	0.00000	0.768	0.23200	0
423	F	0.00000	0.79551	0.20449	0
424	C	0.00000	0.97617	0.02383	0
425	Q	0.00000	0.99561	0.00439	0
426	S	0.00000	0.99873	0.00127	0
427	C	0.00000	0.99966	0.00034	0
428	I	0.00000	0.99972	0.00028	0
429	P	0.00000	0.99974	0.00026	0
430	E	0.00000	0.99966	0.00034	0
431	R	0.00000	0.99784	0.00216	0
432	V	0.00000	0.99678	0.00322	0
433	W	0.00000	0.99627	0.00373	0
434	S	0.00000	0.97391	0.02609	0
435	I	0.00000	0.76202	0.23798	0
436	G	0.00000	0.74638	0.25362	0
437	Y	0.00000	0.52519	0.47481	0
438	W	0.00000	0.04497	0.95503	0
439	L	0.00000	0.00015	0.99985	0
440	C	0.00000	1e-05	0.99999	0
441	Y	0.00000	0	1.00000	0
442	V	0.00000	0	1.00000	0
443	N	0.00000	0	1.00000	0
444	S	0.00000	0	1.00000	0
445	T	0.00000	0	1.00000	0
446	I	0.00000	0	1.00000	0
447	N	0.00000	0	1.00000	0
448	P	0.00000	0	1.00000	0
449	A	0.00000	0	1.00000	0
450	C	0.00000	0	1.00000	0
451	Y	0.00001	0	0.99999	0
452	A	0.00003	0	0.99997	0
453	L	0.00009	0	0.99991	0
454	C	0.00340	0	0.99660	0
455	N	0.04081	0	0.95919	0
456	A	0.10964	0	0.89036	0
457	T	0.14302	0	0.85698	0
458	F	0.26113	0	0.73887	0
459	K	1.00000	0	0.00000	0
460	K	1.00000	0	0.00000	0
461	T	1.00000	0	0.00000	0
462	F	1.00000	0	0.00000	0
463	R	1.00000	0	0.00000	0
464	H	1.00000	0	0.00000	0
465	L	1.00000	0	0.00000	0
466	L	1.00000	0	0.00000	0
467	L	1.00000	0	0.00000	0
468	C	1.00000	0	0.00000	0
469	Q	1.00000	0	0.00000	0
470	Y	1.00000	0	0.00000	0
471	R	1.00000	0	0.00000	0
472	N	1.00000	0	0.00000	0
473	I	1.00000	0	0.00000	0
474	G	1.00000	0	0.00000	0
475	T	1.00000	0	0.00000	0
476	A	1.00000	0	0.00000	0
477	R	1.00000	0	0.00000	0
