# UNNAMED
#pos	aa	i	o	M	S
1	M	0.00000	0.99999	0.00000	1e-05
2	A	0.00000	0.99999	0.00000	0
3	N	0.00000	0.99999	0.00000	0
4	F	0.00000	0.99999	0.00000	0
5	T	0.00000	0.99999	0.00000	0
6	P	0.00000	0.99999	0.00000	0
7	V	0.00000	0.99999	0.00000	0
8	N	0.00000	0.99999	0.00000	0
9	G	0.00000	0.99999	0.00000	0
10	S	0.00000	0.99999	0.00000	0
11	S	0.00000	0.99999	0.00000	0
12	G	0.00000	0.99999	0.00000	0
13	N	0.00000	0.99999	0.00000	0
14	Q	0.00000	0.99999	0.00000	0
15	S	0.00000	0.99999	0.00000	0
16	V	0.00000	0.99999	0.00000	0
17	G	0.00000	1	0.00000	0
18	P	0.00000	1	0.00000	0
19	V	0.00000	1	0.00000	0
20	T	0.00000	1	0.00000	0
21	S	0.00000	1	0.00000	0
22	T	0.00000	1	0.00000	0
23	H	0.00000	1	0.00000	0
24	N	0.00000	1	0.00000	0
25	R	0.00000	1	0.00000	0
26	Y	0.00000	0.99996	0.00004	0
27	E	0.00000	0.99995	0.00005	0
28	T	0.00000	0.99922	0.00078	0
29	V	0.00000	0.99741	0.00259	0
30	E	0.00000	0.99528	0.00472	0
31	M	0.00000	0.92164	0.07836	0
32	V	0.00000	0.36655	0.63345	0
33	F	0.00000	0.11663	0.88337	0
34	I	0.00000	0.00681	0.99319	0
35	A	0.00000	0.00144	0.99856	0
36	T	0.00000	0.0003	0.99970	0
37	V	0.00000	1e-05	0.99999	0
38	T	0.00000	0	1.00000	0
39	G	0.00000	0	1.00000	0
40	S	0.00000	0	1.00000	0
41	L	0.00000	0	1.00000	0
42	S	0.00000	0	1.00000	0
43	L	0.00000	0	1.00000	0
44	V	0.00000	0	1.00000	0
45	T	0.00000	0	1.00000	0
46	V	0.00000	0	1.00000	0
47	V	0.00000	0	1.00000	0
48	G	0.00000	0	1.00000	0
49	N	0.00000	0	1.00000	0
50	I	0.00000	0	1.00000	0
51	L	0.00001	0	0.99999	0
52	V	0.00015	0	0.99985	0
53	M	0.00189	0	0.99811	0
54	L	0.01719	0	0.98281	0
55	S	0.43604	0	0.56396	0
56	I	0.49706	0	0.50294	0
57	K	0.98359	0	0.01641	0
58	V	0.99232	0	0.00768	0
59	N	0.99972	0	0.00028	0
60	R	0.99999	0	0.00001	0
61	Q	1.00000	0	0.00000	0
62	L	0.99984	0	0.00016	0
63	Q	0.99947	0	0.00053	0
64	T	0.98713	0	0.01287	0
65	V	0.82197	0	0.17803	0
66	N	0.54934	0	0.45066	0
67	N	0.14935	0	0.85065	0
68	Y	0.06000	0	0.94000	0
69	F	0.00095	0	0.99905	0
70	L	0.00007	0	0.99993	0
71	F	0.00000	0	1.00000	0
72	S	0.00000	0	1.00000	0
73	L	0.00000	0	1.00000	0
74	A	0.00000	0	1.00000	0
75	C	0.00000	0	1.00000	0
76	A	0.00000	0	1.00000	0
77	D	0.00000	0	1.00000	0
78	L	0.00000	0	1.00000	0
79	I	0.00000	0	1.00000	0
80	I	0.00000	0	1.00000	0
81	G	0.00000	0	1.00000	0
82	A	0.00000	0	1.00000	0
83	F	0.00000	0.00048	0.99952	0
84	S	0.00000	0.02517	0.97483	0
85	M	0.00000	0.0393	0.96070	0
86	N	0.00000	0.15466	0.84534	0
87	L	0.00000	0.16323	0.83677	0
88	Y	0.00000	0.22885	0.77115	0
89	A	0.00000	0.24696	0.75304	0
90	V	0.00000	0.34029	0.65971	0
91	Y	0.00000	0.46627	0.53373	0
92	V	0.00000	0.53312	0.46688	0
93	I	0.00000	0.68984	0.31016	0
94	K	0.00000	0.92735	0.07265	0
95	G	0.00000	0.98445	0.01555	0
96	Y	0.00000	0.99807	0.00193	0
97	W	0.00000	0.99936	0.00064	0
98	P	0.00000	0.99989	0.00011	0
99	L	0.00000	1	0.00000	0
100	G	0.00000	1	0.00000	0
101	A	0.00000	0.99998	0.00002	0
102	V	0.00000	0.99995	0.00005	0
103	L	0.00000	0.99994	0.00006	0
104	C	0.00000	0.99993	0.00007	0
105	D	0.00000	0.99985	0.00015	0
106	L	0.00000	0.99937	0.00063	0
107	W	0.00000	0.9508	0.04920	0
108	L	0.00000	0.54586	0.45414	0
109	A	0.00000	0.29589	0.70411	0
110	L	0.00000	0.00945	0.99055	0
111	D	0.00000	0.00032	0.99968	0
112	Y	0.00000	2e-05	0.99998	0
113	V	0.00000	0	1.00000	0
114	V	0.00000	0	1.00000	0
115	S	0.00000	0	1.00000	0
116	N	0.00000	0	1.00000	0
117	A	0.00000	0	1.00000	0
118	S	0.00000	0	1.00000	0
119	V	0.00000	0	1.00000	0
120	M	0.00000	0	1.00000	0
121	N	0.00000	0	1.00000	0
122	L	0.00000	0	1.00000	0
123	L	0.00000	0	1.00000	0
124	I	0.00000	0	1.00000	0
125	I	0.00000	0	1.00000	0
126	S	0.00000	0	1.00000	0
127	F	0.00000	0	1.00000	0
128	D	0.00019	0	0.99981	0
129	R	0.10593	0	0.89407	0
130	Y	0.38501	0	0.61499	0
131	F	0.67012	0	0.32988	0
132	C	0.93670	0	0.06330	0
133	V	0.99998	0	0.00002	0
134	T	1.00000	0	0.00000	0
135	K	1.00000	0	0.00000	0
136	P	1.00000	0	0.00000	0
137	L	1.00000	0	0.00000	0
138	T	1.00000	0	0.00000	0
139	Y	1.00000	0	0.00000	0
140	P	1.00000	0	0.00000	0
141	A	1.00000	0	0.00000	0
142	R	1.00000	0	0.00000	0
143	R	1.00000	0	0.00000	0
144	T	0.99993	0	0.00007	0
145	T	0.99967	0	0.00033	0
146	K	0.99584	0	0.00416	0
147	M	0.64409	0	0.35591	0
148	A	0.25728	0	0.74272	0
149	G	0.13514	0	0.86486	0
150	L	0.01937	0	0.98063	0
151	M	0.00714	0	0.99286	0
152	I	0.00035	0	0.99965	0
153	A	0.00005	0	0.99995	0
154	A	0.00000	0	1.00000	0
155	A	0.00000	0	1.00000	0
156	W	0.00000	0	1.00000	0
157	V	0.00000	0	1.00000	0
158	L	0.00000	0	1.00000	0
159	S	0.00000	0	1.00000	0
160	F	0.00000	0	1.00000	0
161	M	0.00000	0	1.00000	0
162	L	0.00000	0	1.00000	0
163	W	0.00000	0	1.00000	0
164	A	0.00000	0	1.00000	0
165	P	0.00000	9e-05	0.99991	0
166	A	0.00000	0.00031	0.99969	0
167	I	0.00000	0.00322	0.99678	0
168	L	0.00000	0.03058	0.96942	0
169	F	0.00000	0.18213	0.81787	0
170	W	0.00000	0.51805	0.48195	0
171	Q	0.00000	0.92405	0.07595	0
172	F	0.00000	0.94168	0.05832	0
173	V	0.00000	0.97198	0.02802	0
174	V	0.00000	0.99084	0.00916	0
175	G	0.00000	0.99958	0.00042	0
176	E	0.00000	1	0.00000	0
177	R	0.00000	1	0.00000	0
178	T	0.00000	1	0.00000	0
179	V	0.00000	1	0.00000	0
180	P	0.00000	1	0.00000	0
181	D	0.00000	1	0.00000	0
182	D	0.00000	1	0.00000	0
183	K	0.00000	1	0.00000	0
184	C	0.00000	1	0.00000	0
185	F	0.00000	0.99946	0.00054	0
186	I	0.00000	0.99866	0.00134	0
187	Q	0.00000	0.99661	0.00339	0
188	F	0.00000	0.99483	0.00517	0
189	L	0.00000	0.99262	0.00738	0
190	S	0.00000	0.99128	0.00872	0
191	N	0.00000	0.98944	0.01056	0
192	P	0.00000	0.34408	0.65592	0
193	A	0.00000	0.13911	0.86089	0
194	V	0.00000	0.07019	0.92981	0
195	T	0.00000	0.0611	0.93890	0
196	F	0.00000	0.02912	0.97088	0
197	G	0.00000	0.02371	0.97629	0
198	T	0.00000	0.01957	0.98043	0
199	A	0.00000	0.00042	0.99958	0
200	I	0.00000	0.00025	0.99975	0
201	A	0.00000	0	1.00000	0
202	A	0.00000	0	1.00000	0
203	F	0.00000	0	1.00000	0
204	Y	0.00000	0	1.00000	0
205	L	0.00000	0	1.00000	0
206	P	0.00000	0	1.00000	0
207	V	0.00000	0	1.00000	0
208	V	0.00000	0	1.00000	0
209	I	0.00002	0	0.99998	0
210	M	0.00005	0	0.99995	0
211	T	0.00008	0	0.99992	0
212	V	0.00019	0	0.99981	0
213	L	0.00048	0	0.99952	0
214	Y	0.00155	0	0.99845	0
215	I	0.01391	0	0.98609	0
216	H	0.15528	0	0.84472	0
217	I	0.28699	0	0.71301	0
218	S	0.83735	0	0.16265	0
219	L	0.91327	0	0.08673	0
220	A	0.95839	0	0.04161	0
221	S	0.99894	0	0.00106	0
222	R	0.99980	0	0.00020	0
223	S	0.99988	0	0.00012	0
224	R	0.99996	0	0.00004	0
225	V	0.99996	0	0.00004	0
226	H	0.99998	0	0.00002	0
227	K	1.00000	0	0.00000	0
228	H	1.00000	0	0.00000	0
229	R	1.00000	0	0.00000	0
230	P	1.00000	0	0.00000	0
231	K	1.00000	0	0.00000	0
232	G	1.00000	0	0.00000	0
233	P	1.00000	0	0.00000	0
234	K	1.00000	0	0.00000	0
235	E	1.00000	0	0.00000	0
236	K	1.00000	0	0.00000	0
237	K	1.00000	0	0.00000	0
238	A	1.00000	0	0.00000	0
239	K	1.00000	0	0.00000	0
240	T	1.00000	0	0.00000	0
241	L	1.00000	0	0.00000	0
242	A	1.00000	0	0.00000	0
243	F	1.00000	0	0.00000	0
244	L	1.00000	0	0.00000	0
245	K	1.00000	0	0.00000	0
246	S	1.00000	0	0.00000	0
247	P	1.00000	0	0.00000	0
248	L	1.00000	0	0.00000	0
249	M	1.00000	0	0.00000	0
250	K	1.00000	0	0.00000	0
251	Q	1.00000	0	0.00000	0
252	S	1.00000	0	0.00000	0
253	V	1.00000	0	0.00000	0
254	K	1.00000	0	0.00000	0
255	K	1.00000	0	0.00000	0
256	P	1.00000	0	0.00000	0
257	P	1.00000	0	0.00000	0
258	S	1.00000	0	0.00000	0
259	G	1.00000	0	0.00000	0
260	E	1.00000	0	0.00000	0
261	G	1.00000	0	0.00000	0
262	A	1.00000	0	0.00000	0
263	R	1.00000	0	0.00000	0
264	E	1.00000	0	0.00000	0
265	E	1.00000	0	0.00000	0
266	L	1.00000	0	0.00000	0
267	H	1.00000	0	0.00000	0
268	N	1.00000	0	0.00000	0
269	G	1.00000	0	0.00000	0
270	K	1.00000	0	0.00000	0
271	L	1.00000	0	0.00000	0
272	E	1.00000	0	0.00000	0
273	E	1.00000	0	0.00000	0
274	A	1.00000	0	0.00000	0
275	P	1.00000	0	0.00000	0
276	P	1.00000	0	0.00000	0
277	P	1.00000	0	0.00000	0
278	A	1.00000	0	0.00000	0
279	L	1.00000	0	0.00000	0
280	P	1.00000	0	0.00000	0
281	P	1.00000	0	0.00000	0
282	P	1.00000	0	0.00000	0
283	P	1.00000	0	0.00000	0
284	C	1.00000	0	0.00000	0
285	P	1.00000	0	0.00000	0
286	M	1.00000	0	0.00000	0
287	A	1.00000	0	0.00000	0
288	E	1.00000	0	0.00000	0
289	K	1.00000	0	0.00000	0
290	D	1.00000	0	0.00000	0
291	T	1.00000	0	0.00000	0
292	S	1.00000	0	0.00000	0
293	N	1.00000	0	0.00000	0
294	E	1.00000	0	0.00000	0
295	S	1.00000	0	0.00000	0
296	S	1.00000	0	0.00000	0
297	S	1.00000	0	0.00000	0
298	G	1.00000	0	0.00000	0
299	S	1.00000	0	0.00000	0
300	A	1.00000	0	0.00000	0
301	T	1.00000	0	0.00000	0
302	Q	1.00000	0	0.00000	0
303	N	1.00000	0	0.00000	0
304	T	1.00000	0	0.00000	0
305	K	1.00000	0	0.00000	0
306	E	1.00000	0	0.00000	0
307	R	1.00000	0	0.00000	0
308	P	1.00000	0	0.00000	0
309	P	1.00000	0	0.00000	0
310	T	1.00000	0	0.00000	0
311	E	1.00000	0	0.00000	0
312	L	1.00000	0	0.00000	0
313	S	1.00000	0	0.00000	0
314	T	1.00000	0	0.00000	0
315	T	1.00000	0	0.00000	0
316	E	1.00000	0	0.00000	0
317	A	1.00000	0	0.00000	0
318	T	1.00000	0	0.00000	0
319	V	1.00000	0	0.00000	0
320	P	1.00000	0	0.00000	0
321	A	1.00000	0	0.00000	0
322	T	1.00000	0	0.00000	0
323	P	1.00000	0	0.00000	0
324	A	1.00000	0	0.00000	0
325	P	1.00000	0	0.00000	0
326	S	1.00000	0	0.00000	0
327	R	1.00000	0	0.00000	0
328	Q	1.00000	0	0.00000	0
329	P	1.00000	0	0.00000	0
330	R	1.00000	0	0.00000	0
331	A	1.00000	0	0.00000	0
332	L	1.00000	0	0.00000	0
333	N	1.00000	0	0.00000	0
334	P	1.00000	0	0.00000	0
335	A	1.00000	0	0.00000	0
336	S	1.00000	0	0.00000	0
337	K	1.00000	0	0.00000	0
338	W	1.00000	0	0.00000	0
339	S	1.00000	0	0.00000	0
340	K	1.00000	0	0.00000	0
341	I	1.00000	0	0.00000	0
342	Q	1.00000	0	0.00000	0
343	I	1.00000	0	0.00000	0
344	V	1.00000	0	0.00000	0
345	T	1.00000	0	0.00000	0
346	K	1.00000	0	0.00000	0
347	Q	1.00000	0	0.00000	0
348	T	1.00000	0	0.00000	0
349	G	1.00000	0	0.00000	0
350	N	1.00000	0	0.00000	0
351	E	1.00000	0	0.00000	0
352	C	1.00000	0	0.00000	0
353	V	1.00000	0	0.00000	0
354	T	1.00000	0	0.00000	0
355	A	1.00000	0	0.00000	0
356	I	1.00000	0	0.00000	0
357	E	1.00000	0	0.00000	0
358	I	1.00000	0	0.00000	0
359	V	1.00000	0	0.00000	0
360	P	1.00000	0	0.00000	0
361	A	1.00000	0	0.00000	0
362	T	1.00000	0	0.00000	0
363	P	1.00000	0	0.00000	0
364	A	1.00000	0	0.00000	0
365	G	1.00000	0	0.00000	0
366	M	1.00000	0	0.00000	0
367	R	1.00000	0	0.00000	0
368	P	1.00000	0	0.00000	0
369	A	1.00000	0	0.00000	0
370	A	1.00000	0	0.00000	0
371	N	1.00000	0	0.00000	0
372	V	1.00000	0	0.00000	0
373	A	1.00000	0	0.00000	0
374	R	1.00000	0	0.00000	0
375	K	1.00000	0	0.00000	0
376	F	1.00000	0	0.00000	0
377	A	1.00000	0	0.00000	0
378	S	1.00000	0	0.00000	0
379	I	1.00000	0	0.00000	0
380	A	1.00000	0	0.00000	0
381	R	1.00000	0	0.00000	0
382	N	1.00000	0	0.00000	0
383	Q	1.00000	0	0.00000	0
384	V	1.00000	0	0.00000	0
385	R	1.00000	0	0.00000	0
386	K	1.00000	0	0.00000	0
387	K	1.00000	0	0.00000	0
388	R	1.00000	0	0.00000	0
389	Q	1.00000	0	0.00000	0
390	M	1.00000	0	0.00000	0
391	A	1.00000	0	0.00000	0
392	A	1.00000	0	0.00000	0
393	R	1.00000	0	0.00000	0
394	E	1.00000	0	0.00000	0
395	R	0.79454	0	0.20546	0
396	K	0.73844	0	0.26156	0
397	V	0.53825	0	0.46175	0
398	T	0.31524	0	0.68476	0
399	R	0.27810	0	0.72190	0
400	T	0.23397	0	0.76603	0
401	I	0.18936	0	0.81064	0
402	F	0.00458	0	0.99542	0
403	A	0.00040	0	0.99960	0
404	I	0.00002	0	0.99998	0
405	L	0.00001	0	0.99999	0
406	L	0.00000	0	1.00000	0
407	A	0.00000	0	1.00000	0
408	F	0.00000	0	1.00000	0
409	I	0.00000	0	1.00000	0
410	L	0.00000	0	1.00000	0
411	T	0.00000	0	1.00000	0
412	W	0.00000	0	1.00000	0
413	T	0.00000	0	1.00000	0
414	P	0.00000	4e-05	0.99996	0
415	Y	0.00000	0.00024	0.99976	0
416	N	0.00000	0.00131	0.99869	0
417	V	0.00000	0.00171	0.99829	0
418	M	0.00000	0.00365	0.99635	0
419	V	0.00000	0.02144	0.97856	0
420	L	0.00000	0.14263	0.85737	0
421	V	0.00000	0.31195	0.68805	0
422	N	0.00000	0.70583	0.29417	0
423	T	0.00000	0.77137	0.22863	0
424	F	0.00000	0.799	0.20100	0
425	C	0.00000	0.98042	0.01958	0
426	D	0.00000	0.99994	0.00006	0
427	S	0.00000	0.99998	0.00002	0
428	C	0.00000	0.99999	0.00001	0
429	I	0.00000	1	0.00000	0
430	P	0.00000	0.99994	0.00006	0
431	E	0.00000	0.99982	0.00018	0
432	K	0.00000	0.99885	0.00115	0
433	V	0.00000	0.99779	0.00221	0
434	W	0.00000	0.99728	0.00272	0
435	S	0.00000	0.97488	0.02512	0
436	I	0.00000	0.7627	0.23730	0
437	G	0.00000	0.74704	0.25296	0
438	Y	0.00000	0.52563	0.47437	0
439	W	0.00000	0.045	0.95500	0
440	L	0.00000	0.00015	0.99985	0
441	C	0.00000	1e-05	0.99999	0
442	Y	0.00000	0	1.00000	0
443	V	0.00000	0	1.00000	0
444	N	0.00000	0	1.00000	0
445	S	0.00000	0	1.00000	0
446	T	0.00000	0	1.00000	0
447	I	0.00000	0	1.00000	0
448	N	0.00000	0	1.00000	0
449	P	0.00000	0	1.00000	0
450	A	0.00000	0	1.00000	0
451	C	0.00000	0	1.00000	0
452	Y	0.00000	0	1.00000	0
453	A	0.00001	0	0.99999	0
454	L	0.00006	0	0.99994	0
455	C	0.00304	0	0.99696	0
456	N	0.04003	0	0.95997	0
457	A	0.10882	0	0.89118	0
458	T	0.14222	0	0.85778	0
459	F	0.26045	0	0.73955	0
460	K	1.00000	0	0.00000	0
461	K	1.00000	0	0.00000	0
462	T	1.00000	0	0.00000	0
463	F	1.00000	0	0.00000	0
464	R	1.00000	0	0.00000	0
465	H	1.00000	0	0.00000	0
466	L	1.00000	0	0.00000	0
467	L	1.00000	0	0.00000	0
468	L	1.00000	0	0.00000	0
469	C	1.00000	0	0.00000	0
470	Q	1.00000	0	0.00000	0
471	Y	1.00000	0	0.00000	0
472	R	1.00000	0	0.00000	0
473	N	1.00000	0	0.00000	0
474	I	1.00000	0	0.00000	0
475	G	1.00000	0	0.00000	0
476	T	1.00000	0	0.00000	0
477	T	1.00000	0	0.00000	0
478	R	1.00000	0	0.00000	0
