# UNNAMED
#pos	aa	i	o	M	S
1	M	0.00000	1	0.00000	0
2	D	0.00000	1	0.00000	0
3	F	0.00000	1	0.00000	0
4	L	0.00000	1	0.00000	0
5	N	0.00000	1	0.00000	0
6	S	0.00000	1	0.00000	0
7	S	0.00000	1	0.00000	0
8	Y	0.00000	1	0.00000	0
9	Q	0.00000	1	0.00000	0
10	N	0.00000	1	0.00000	0
11	L	0.00000	1	0.00000	0
12	T	0.00000	1	0.00000	0
13	S	0.00000	1	0.00000	0
14	E	0.00000	1	0.00000	0
15	E	0.00000	1	0.00000	0
16	L	0.00000	1	0.00000	0
17	L	0.00000	1	0.00000	0
18	N	0.00000	1	0.00000	0
19	R	0.00000	1	0.00000	0
20	M	0.00000	0.99988	0.00012	0
21	P	0.00000	0.99931	0.00069	0
22	S	0.00000	0.99523	0.00477	0
23	K	0.00000	0.98463	0.01537	0
24	I	0.00000	0.43106	0.56894	0
25	L	0.00000	0.20813	0.79187	0
26	V	0.00000	0.07913	0.92087	0
27	S	0.00000	0.05584	0.94416	0
28	L	0.00000	0.01999	0.98001	0
29	T	0.00000	0.00747	0.99253	0
30	L	0.00000	0.00187	0.99813	0
31	S	0.00000	0.00083	0.99917	0
32	G	0.00000	0.00028	0.99972	0
33	L	0.00000	2e-05	0.99998	0
34	A	0.00000	0	1.00000	0
35	L	0.00000	0	1.00000	0
36	M	0.00000	0	1.00000	0
37	T	0.00000	0	1.00000	0
38	T	0.00000	0	1.00000	0
39	T	0.00000	0	1.00000	0
40	I	0.00000	0	1.00000	0
41	N	0.00000	0	1.00000	0
42	S	0.00000	0	1.00000	0
43	L	0.00000	0	1.00000	0
44	V	0.00000	0	1.00000	0
45	I	0.00001	0	0.99999	0
46	A	0.00012	0	0.99988	0
47	A	0.00165	0	0.99835	0
48	I	0.01156	0	0.98844	0
49	I	0.09636	0	0.90364	0
50	V	0.53508	0	0.46492	0
51	T	0.95769	0	0.04231	0
52	R	0.99937	0	0.00063	0
53	K	1.00000	0	0.00000	0
54	L	1.00000	0	0.00000	0
55	H	1.00000	0	0.00000	0
56	H	1.00000	0	0.00000	0
57	P	1.00000	0	0.00000	0
58	A	0.87182	0	0.12818	0
59	N	0.24975	0	0.75025	0
60	Y	0.09662	0	0.90338	0
61	L	0.00156	0	0.99844	0
62	I	0.00003	0	0.99997	0
63	C	0.00000	0	1.00000	0
64	S	0.00000	0	1.00000	0
65	L	0.00000	0	1.00000	0
66	A	0.00000	0	1.00000	0
67	V	0.00000	0	1.00000	0
68	T	0.00000	0	1.00000	0
69	D	0.00000	0	1.00000	0
70	F	0.00000	0	1.00000	0
71	L	0.00000	0	1.00000	0
72	V	0.00000	0	1.00000	0
73	A	0.00000	0	1.00000	0
74	V	0.00000	0	1.00000	0
75	L	0.00000	0	1.00000	0
76	V	0.00000	0	1.00000	0
77	M	0.00000	0.00019	0.99981	0
78	P	0.00000	0.00437	0.99563	0
79	F	0.00000	0.04725	0.95275	0
80	S	0.00000	0.27069	0.72931	0
81	I	0.00000	0.36058	0.63942	0
82	V	0.00000	0.61536	0.38464	0
83	Y	0.00000	0.99871	0.00129	0
84	I	0.00000	0.99881	0.00119	0
85	V	0.00000	0.99896	0.00104	0
86	R	0.00000	0.99995	0.00005	0
87	E	0.00000	1	0.00000	0
88	S	0.00000	1	0.00000	0
89	W	0.00000	1	0.00000	0
90	I	0.00000	1	0.00000	0
91	M	0.00000	1	0.00000	0
92	G	0.00000	1	0.00000	0
93	Q	0.00000	0.99999	0.00001	0
94	V	0.00000	0.99984	0.00016	0
95	V	0.00000	0.9998	0.00020	0
96	C	0.00000	0.99978	0.00022	0
97	D	0.00000	0.99966	0.00034	0
98	I	0.00000	0.99744	0.00256	0
99	W	0.00000	0.80928	0.19072	0
100	L	0.00000	0.07822	0.92178	0
101	S	0.00000	0.01093	0.98907	0
102	V	0.00000	0.00019	0.99981	0
103	D	0.00000	7e-05	0.99993	0
104	I	0.00000	0	1.00000	0
105	T	0.00000	0	1.00000	0
106	C	0.00000	0	1.00000	0
107	C	0.00000	0	1.00000	0
108	T	0.00000	0	1.00000	0
109	C	0.00000	0	1.00000	0
110	S	0.00000	0	1.00000	0
111	I	0.00000	0	1.00000	0
112	L	0.00000	0	1.00000	0
113	H	0.00000	0	1.00000	0
114	L	0.00000	0	1.00000	0
115	S	0.00000	0	1.00000	0
116	A	0.00000	0	1.00000	0
117	I	0.00000	0	1.00000	0
118	A	0.00000	0	1.00000	0
119	L	0.00000	0	1.00000	0
120	D	0.00009	0	0.99991	0
121	R	0.08917	0	0.91083	0
122	Y	0.63232	0	0.36768	0
123	R	0.67249	0	0.32751	0
124	A	0.87896	0	0.12104	0
125	I	1.00000	0	0.00000	0
126	T	1.00000	0	0.00000	0
127	D	1.00000	0	0.00000	0
128	A	1.00000	0	0.00000	0
129	V	1.00000	0	0.00000	0
130	E	1.00000	0	0.00000	0
131	Y	1.00000	0	0.00000	0
132	A	1.00000	0	0.00000	0
133	R	1.00000	0	0.00000	0
134	K	1.00000	0	0.00000	0
135	R	1.00000	0	0.00000	0
136	T	0.99989	0	0.00011	0
137	P	0.99968	0	0.00032	0
138	K	0.98658	0	0.01342	0
139	H	0.68774	0	0.31226	0
140	A	0.06955	0	0.93045	0
141	G	0.01981	0	0.98019	0
142	I	0.00049	0	0.99951	0
143	M	0.00005	0	0.99995	0
144	I	0.00000	0	1.00000	0
145	T	0.00000	0	1.00000	0
146	V	0.00000	0	1.00000	0
147	V	0.00000	0	1.00000	0
148	W	0.00000	0	1.00000	0
149	I	0.00000	0	1.00000	0
150	I	0.00000	0	1.00000	0
151	S	0.00000	0	1.00000	0
152	I	0.00000	0	1.00000	0
153	F	0.00000	0	1.00000	0
154	I	0.00000	0	1.00000	0
155	S	0.00000	0	1.00000	0
156	I	0.00000	1e-05	0.99999	0
157	P	0.00000	0.00035	0.99965	0
158	P	0.00000	0.00204	0.99796	0
159	L	0.00000	0.00549	0.99451	0
160	F	0.00000	0.05641	0.94359	0
161	W	0.00000	0.52891	0.47109	0
162	R	0.00000	0.9723	0.02770	0
163	H	0.00000	0.99451	0.00549	0
164	Q	0.00000	0.99978	0.00022	0
165	G	0.00000	0.99999	0.00001	0
166	T	0.00000	1	0.00000	0
167	S	0.00000	1	0.00000	0
168	R	0.00000	1	0.00000	0
169	D	0.00000	1	0.00000	0
170	D	0.00000	1	0.00000	0
171	E	0.00000	1	0.00000	0
172	C	0.00000	1	0.00000	0
173	I	0.00000	1	0.00000	0
174	I	0.00000	1	0.00000	0
175	K	0.00000	1	0.00000	0
176	H	0.00000	0.99999	0.00001	0
177	D	0.00000	0.99997	0.00003	0
178	H	0.00000	0.99658	0.00342	0
179	I	0.00000	0.82851	0.17149	0
180	V	0.00000	0.45869	0.54131	0
181	S	0.00000	0.43329	0.56671	0
182	T	0.00000	0.41839	0.58161	0
183	I	0.00000	0.00268	0.99732	0
184	Y	0.00000	0.0004	0.99960	0
185	S	0.00000	0.00023	0.99977	0
186	T	0.00000	1e-05	0.99999	0
187	F	0.00000	1e-05	0.99999	0
188	G	0.00000	0	1.00000	0
189	A	0.00000	0	1.00000	0
190	F	0.00000	0	1.00000	0
191	Y	0.00000	0	1.00000	0
192	I	0.00000	0	1.00000	0
193	P	0.00000	0	1.00000	0
194	L	0.00000	0	1.00000	0
195	A	0.00000	0	1.00000	0
196	L	0.00000	0	1.00000	0
197	I	0.00000	0	1.00000	0
198	L	0.00000	0	1.00000	0
199	I	0.00000	0	1.00000	0
200	L	0.00002	0	0.99998	0
201	Y	0.00072	0	0.99928	0
202	Y	0.01961	0	0.98039	0
203	K	0.25745	0	0.74255	0
204	I	0.27238	0	0.72762	0
205	Y	0.34972	0	0.65028	0
206	R	0.98929	0	0.01071	0
207	A	0.99830	0	0.00170	0
208	A	0.99988	0	0.00012	0
209	K	1.00000	0	0.00000	0
210	T	1.00000	0	0.00000	0
211	L	1.00000	0	0.00000	0
212	Y	1.00000	0	0.00000	0
213	H	1.00000	0	0.00000	0
214	K	1.00000	0	0.00000	0
215	R	1.00000	0	0.00000	0
216	Q	1.00000	0	0.00000	0
217	A	1.00000	0	0.00000	0
218	S	1.00000	0	0.00000	0
219	R	1.00000	0	0.00000	0
220	I	1.00000	0	0.00000	0
221	A	1.00000	0	0.00000	0
222	K	1.00000	0	0.00000	0
223	E	1.00000	0	0.00000	0
224	E	1.00000	0	0.00000	0
225	L	0.99994	0	0.00006	0
226	N	0.99993	0	0.00007	0
227	G	0.47101	0	0.52899	0
228	Q	0.47101	0	0.52899	0
229	V	0.47101	0	0.52899	0
230	L	0.47101	0	0.52899	0
231	L	0.47101	0	0.52899	0
232	D	0.47101	0	0.52899	0
233	S	0.47101	0	0.52899	0
234	G	0.47101	0	0.52899	0
235	E	0.47101	0	0.52899	0
236	K	0.28953	0	0.71047	0
237	G	0.03426	0	0.96574	0
238	S	0.00565	0	0.99435	0
239	R	0.00001	0	0.99999	0
240	L	0.00001	0	0.99999	0
241	V	0.00000	0	1.00000	0
242	S	0.00000	0	1.00000	0
243	T	0.00000	0	1.00000	0
244	P	0.00000	0	1.00000	0
245	F	0.00000	0	1.00000	0
246	V	0.00000	0.00037	0.99963	0
247	L	0.00000	0.01552	0.98448	0
248	E	0.00000	0.48046	0.51954	0
249	K	0.00000	0.52019	0.47981	0
250	S	0.00000	0.52193	0.47807	0
251	L	0.00000	0.52285	0.47715	0
252	S	0.00000	0.52737	0.47263	0
253	D	0.00000	0.52901	0.47099	0
254	P	0.00000	0.52926	0.47074	0
255	S	0.00000	0.53427	0.46573	0
256	T	0.00000	0.59574	0.40426	0
257	D	0.00000	0.85235	0.14765	0
258	F	0.00000	0.8559	0.14410	0
259	D	0.00000	0.99813	0.00187	0
260	K	0.00000	0.99944	0.00056	0
261	I	0.00000	0.99948	0.00052	0
262	H	0.00000	0.99961	0.00039	0
263	S	0.00000	0.99974	0.00026	0
264	T	0.00000	0.99979	0.00021	0
265	M	0.00000	0.99984	0.00016	0
266	K	0.00000	1	0.00000	0
267	S	0.00000	1	0.00000	0
268	P	0.00000	1	0.00000	0
269	R	0.00000	1	0.00000	0
270	S	0.00000	1	0.00000	0
271	E	0.00000	1	0.00000	0
272	F	0.00000	1	0.00000	0
273	K	0.00000	1	0.00000	0
274	H	0.00000	1	0.00000	0
275	E	0.00000	1	0.00000	0
276	K	0.00000	1	0.00000	0
277	S	0.00000	1	0.00000	0
278	W	0.00000	1	0.00000	0
279	R	0.00000	1	0.00000	0
280	R	0.00000	1	0.00000	0
281	Q	0.00000	1	0.00000	0
282	K	0.00000	1	0.00000	0
283	I	0.00000	1	0.00000	0
284	S	0.00000	1	0.00000	0
285	G	0.00000	0.99829	0.00171	0
286	T	0.00000	0.42063	0.57937	0
287	R	0.00000	0.17253	0.82747	0
288	E	0.00000	0.04539	0.95461	0
289	R	0.00000	0.00246	0.99754	0
290	K	0.00000	1e-05	0.99999	0
291	A	0.00000	0	1.00000	0
292	A	0.00000	0	1.00000	0
293	T	0.00000	0	1.00000	0
294	T	0.00000	0	1.00000	0
295	L	0.00000	0	1.00000	0
296	G	0.00000	0	1.00000	0
297	L	0.00000	0	1.00000	0
298	I	0.00000	0	1.00000	0
299	L	0.00000	0	1.00000	0
300	G	0.00000	0	1.00000	0
301	L	0.00000	0	1.00000	0
302	I	0.00000	0	1.00000	0
303	Y	0.00000	0	1.00000	0
304	T	0.00000	0	1.00000	0
305	I	0.00025	0	0.99975	0
306	F	0.03226	0	0.96774	0
307	N	0.51699	0	0.48301	0
308	E	1.00000	0	0.00000	0
309	D	1.00000	0	0.00000	0
310	F	1.00000	0	0.00000	0
311	K	1.00000	0	0.00000	0
312	K	1.00000	0	0.00000	0
313	A	1.00000	0	0.00000	0
314	F	1.00000	0	0.00000	0
315	Q	1.00000	0	0.00000	0
316	K	1.00000	0	0.00000	0
317	L	1.00000	0	0.00000	0
318	V	1.00000	0	0.00000	0
319	R	1.00000	0	0.00000	0
320	C	1.00000	0	0.00000	0
321	R	1.00000	0	0.00000	0
322	Y	1.00000	0	0.00000	0
323	K	1.00000	0	0.00000	0
324	F	1.00000	0	0.00000	0
