# UNNAMED
#pos	aa	i	o	M	S
1	M	0.00000	0.61978	0.00000	0.38022
2	S	0.00000	0.61978	0.00000	0.38022
3	T	0.00000	0.61978	0.00000	0.38021
4	L	0.00000	0.61978	0.00000	0.38022
5	S	0.00000	0.61978	0.00000	0.38021
6	S	0.00000	0.61978	0.00000	0.38021
7	P	0.00000	0.61978	0.00000	0.38022
8	G	0.00000	0.61978	0.00000	0.38021
9	I	0.00000	0.61978	0.00000	0.38022
10	L	0.00000	0.61978	0.00000	0.38021
11	L	0.00000	0.61978	0.00000	0.38022
12	S	0.00000	0.61978	0.00000	0.38021
13	L	0.00000	0.61978	0.00000	0.38022
14	T	0.00000	0.61983	0.00000	0.38018
15	T	0.00000	0.61994	0.00000	0.38006
16	V	0.00000	0.62147	0.00000	0.37853
17	S	0.00000	0.62155	0.00000	0.37846
18	V	0.00000	0.62165	0.00000	0.37835
19	T	0.00000	0.62171	0.00000	0.37829
20	L	0.00000	0.62174	0.00000	0.37826
21	D	0.00000	0.77789	0.00000	0.22211
22	F	0.00000	0.778	0.00000	0.22199
23	S	0.00000	0.77806	0.00000	0.22194
24	L	0.00000	0.77814	0.00000	0.22187
25	H	0.00000	0.77816	0.00000	0.22184
26	G	0.00000	0.77827	0.00000	0.22173
27	G	0.00000	0.99999	0.00000	1e-05
28	L	0.00000	0.99999	0.00000	1e-05
29	M	0.00000	0.99999	0.00000	1e-05
30	A	0.00000	0.99999	0.00000	1e-05
31	W	0.00000	1	0.00000	0
32	S	0.00000	1	0.00000	0
33	L	0.00000	1	0.00000	0
34	S	0.00000	1	0.00000	0
35	S	0.00000	1	0.00000	0
36	N	0.00000	1	0.00000	0
37	L	0.00000	1	0.00000	0
38	T	0.00000	1	0.00000	0
39	L	0.00000	1	0.00000	0
40	N	0.00000	1	0.00000	0
41	Q	0.00000	1	0.00000	0
42	S	0.00000	1	0.00000	0
43	L	0.00000	1	0.00000	0
44	S	0.00000	1	0.00000	0
45	T	0.00000	1	0.00000	0
46	S	0.00000	1	0.00000	0
47	D	0.00000	1	0.00000	0
48	P	0.00000	1	0.00000	0
49	L	0.00000	1	0.00000	0
50	N	0.00000	1	0.00000	0
51	A	0.00000	1	0.00000	0
52	S	0.00000	1	0.00000	0
53	E	0.00000	1	0.00000	0
54	K	0.00000	1	0.00000	0
55	G	0.00000	1	0.00000	0
56	E	0.00000	1	0.00000	0
57	V	0.00000	1	0.00000	0
58	S	0.00000	1	0.00000	0
59	R	0.00000	1	0.00000	0
60	M	0.00000	1	0.00000	0
61	S	0.00000	1	0.00000	0
62	V	0.00000	1	0.00000	0
63	R	0.00000	1	0.00000	0
64	E	0.00000	0.99999	0.00001	0
65	K	0.00000	0.99961	0.00039	0
66	N	0.00000	0.98416	0.01584	0
67	W	0.00000	0.67841	0.32159	0
68	P	0.00000	0.54079	0.45921	0
69	A	0.00000	0.27906	0.72094	0
70	L	0.00000	0.10298	0.89702	0
71	L	0.00000	0.03617	0.96383	0
72	I	0.00000	0.00116	0.99884	0
73	L	0.00000	9e-05	0.99991	0
74	V	0.00000	0	1.00000	0
75	V	0.00000	0	1.00000	0
76	I	0.00000	0	1.00000	0
77	L	0.00000	0	1.00000	0
78	L	0.00000	0	1.00000	0
79	T	0.00000	0	1.00000	0
80	I	0.00000	0	1.00000	0
81	G	0.00000	0	1.00000	0
82	G	0.00000	0	1.00000	0
83	N	0.00000	0	1.00000	0
84	I	0.00000	0	1.00000	0
85	L	0.00000	0	1.00000	0
86	V	0.00000	0	1.00000	0
87	I	0.00002	0	0.99998	0
88	M	0.00470	0	0.99530	0
89	A	0.06483	0	0.93517	0
90	V	0.18623	0	0.81377	0
91	S	0.75205	0	0.24795	0
92	L	0.84785	0	0.15215	0
93	E	0.99815	0	0.00185	0
94	K	0.99997	0	0.00003	0
95	K	1.00000	0	0.00000	0
96	L	0.99998	0	0.00002	0
97	Q	0.99992	0	0.00008	0
98	N	0.99850	0	0.00150	0
99	A	0.99501	0	0.00499	0
100	T	0.96306	0	0.03694	0
101	N	0.16489	0	0.83511	0
102	F	0.02291	0	0.97709	0
103	F	0.00023	0	0.99977	0
104	L	0.00001	0	0.99999	0
105	M	0.00000	0	1.00000	0
106	S	0.00000	0	1.00000	0
107	L	0.00000	0	1.00000	0
108	A	0.00000	0	1.00000	0
109	V	0.00000	0	1.00000	0
110	A	0.00000	0	1.00000	0
111	D	0.00000	0	1.00000	0
112	M	0.00000	0	1.00000	0
113	L	0.00000	0	1.00000	0
114	V	0.00000	0	1.00000	0
115	G	0.00000	0	1.00000	0
116	I	0.00000	0	1.00000	0
117	L	0.00000	0	1.00000	0
118	V	0.00000	2e-05	0.99998	0
119	M	0.00000	0.00076	0.99924	0
120	P	0.00000	0.02214	0.97786	0
121	V	0.00000	0.084	0.91600	0
122	S	0.00000	0.3006	0.69940	0
123	L	0.00000	0.38982	0.61018	0
124	I	0.00000	0.59109	0.40891	0
125	T	0.00000	0.99827	0.00173	0
126	V	0.00000	0.99839	0.00161	0
127	L	0.00000	0.99855	0.00145	0
128	Y	0.00000	0.9997	0.00030	0
129	D	0.00000	0.99999	0.00001	0
130	Y	0.00000	1	0.00000	0
131	A	0.00000	1	0.00000	0
132	W	0.00000	1	0.00000	0
133	P	0.00000	1	0.00000	0
134	L	0.00000	1	0.00000	0
135	P	0.00000	1	0.00000	0
136	K	0.00000	1	0.00000	0
137	Q	0.00000	1	0.00000	0
138	L	0.00000	1	0.00000	0
139	C	0.00000	0.99999	0.00001	0
140	P	0.00000	0.99996	0.00004	0
141	I	0.00000	0.99899	0.00101	0
142	W	0.00000	0.90915	0.09085	0
143	I	0.00000	0.41547	0.58453	0
144	S	0.00000	0.32817	0.67183	0
145	L	0.00000	0.01512	0.98488	0
146	D	0.00000	0.00503	0.99497	0
147	V	0.00000	0.00015	0.99985	0
148	L	0.00000	0	1.00000	0
149	F	0.00000	0	1.00000	0
150	S	0.00000	0	1.00000	0
151	T	0.00000	0	1.00000	0
152	A	0.00000	0	1.00000	0
153	S	0.00000	0	1.00000	0
154	I	0.00000	0	1.00000	0
155	M	0.00000	0	1.00000	0
156	H	0.00000	0	1.00000	0
157	L	0.00000	0	1.00000	0
158	C	0.00000	0	1.00000	0
159	A	0.00000	0	1.00000	0
160	I	0.00000	0	1.00000	0
161	S	0.00000	0	1.00000	0
162	L	0.00000	0	1.00000	0
163	D	0.00001	0	0.99999	0
164	R	0.02101	0	0.97899	0
165	Y	0.23135	0	0.76865	0
166	V	0.76453	0	0.23547	0
167	A	0.85013	0	0.14987	0
168	I	0.99999	0	0.00001	0
169	R	1.00000	0	0.00000	0
170	N	1.00000	0	0.00000	0
171	P	1.00000	0	0.00000	0
172	I	1.00000	0	0.00000	0
173	E	1.00000	0	0.00000	0
174	H	1.00000	0	0.00000	0
175	S	1.00000	0	0.00000	0
176	R	1.00000	0	0.00000	0
177	F	1.00000	0	0.00000	0
178	N	1.00000	0	0.00000	0
179	S	1.00000	0	0.00000	0
180	R	1.00000	0	0.00000	0
181	T	0.99990	0	0.00010	0
182	K	0.99790	0	0.00210	0
183	A	0.54939	0	0.45061	0
184	I	0.13030	0	0.86970	0
185	M	0.08522	0	0.91478	0
186	K	0.07363	0	0.92637	0
187	I	0.00020	0	0.99980	0
188	A	0.00000	0	1.00000	0
189	A	0.00000	0	1.00000	0
190	V	0.00000	0	1.00000	0
191	W	0.00000	0	1.00000	0
192	T	0.00000	0	1.00000	0
193	I	0.00000	0	1.00000	0
194	S	0.00000	0	1.00000	0
195	I	0.00000	0	1.00000	0
196	G	0.00000	0	1.00000	0
197	I	0.00000	0	1.00000	0
198	S	0.00000	0	1.00000	0
199	T	0.00000	0	1.00000	0
200	P	0.00000	0	1.00000	0
201	I	0.00000	1e-05	0.99999	0
202	P	0.00000	0.00246	0.99754	0
203	V	0.00000	0.01156	0.98844	0
204	I	0.00000	0.10217	0.89783	0
205	G	0.00000	0.48593	0.51407	0
206	L	0.00000	0.63733	0.36267	0
207	Q	0.00000	0.94835	0.05165	0
208	D	0.00000	0.99993	0.00007	0
209	D	0.00000	1	0.00000	0
210	S	0.00000	1	0.00000	0
211	R	0.00000	1	0.00000	0
212	V	0.00000	1	0.00000	0
213	F	0.00000	1	0.00000	0
214	V	0.00000	1	0.00000	0
215	N	0.00000	1	0.00000	0
216	G	0.00000	1	0.00000	0
217	T	0.00000	1	0.00000	0
218	C	0.00000	1	0.00000	0
219	V	0.00000	1	0.00000	0
220	L	0.00000	1	0.00000	0
221	N	0.00000	1	0.00000	0
222	D	0.00000	1	0.00000	0
223	E	0.00000	0.99986	0.00014	0
224	N	0.00000	0.79294	0.20706	0
225	F	0.00000	0.03308	0.96692	0
226	V	0.00000	0.02562	0.97438	0
227	L	0.00000	0.00173	0.99827	0
228	I	0.00000	0.00056	0.99944	0
229	G	0.00000	0.00046	0.99954	0
230	S	0.00000	0.00027	0.99973	0
231	F	0.00000	0.00017	0.99983	0
232	M	0.00000	0	1.00000	0
233	A	0.00000	0	1.00000	0
234	F	0.00000	0	1.00000	0
235	F	0.00000	0	1.00000	0
236	I	0.00000	0	1.00000	0
237	P	0.00000	0	1.00000	0
238	L	0.00000	0	1.00000	0
239	I	0.00000	0	1.00000	0
240	I	0.00000	0	1.00000	0
241	M	0.00000	0	1.00000	0
242	V	0.00000	0	1.00000	0
243	I	0.00000	0	1.00000	0
244	T	0.00000	0	1.00000	0
245	Y	0.00001	0	0.99999	0
246	C	0.00080	0	0.99920	0
247	L	0.01955	0	0.98045	0
248	T	0.20507	0	0.79493	0
249	V	0.28801	0	0.71199	0
250	Q	0.97841	0	0.02159	0
251	V	0.98067	0	0.01933	0
252	L	0.98716	0	0.01284	0
253	Q	0.99973	0	0.00027	0
254	R	0.99999	0	0.00001	0
255	Q	1.00000	0	0.00000	0
256	A	1.00000	0	0.00000	0
257	T	1.00000	0	0.00000	0
258	V	1.00000	0	0.00000	0
259	F	1.00000	0	0.00000	0
260	M	1.00000	0	0.00000	0
261	C	1.00000	0	0.00000	0
262	G	1.00000	0	0.00000	0
263	E	1.00000	0	0.00000	0
264	V	1.00000	0	0.00000	0
265	P	1.00000	0	0.00000	0
266	K	1.00000	0	0.00000	0
267	Q	1.00000	0	0.00000	0
268	R	1.00000	0	0.00000	0
269	R	1.00000	0	0.00000	0
270	S	1.00000	0	0.00000	0
271	S	1.00000	0	0.00000	0
272	V	1.00000	0	0.00000	0
273	N	1.00000	0	0.00000	0
274	C	1.00000	0	0.00000	0
275	L	1.00000	0	0.00000	0
276	K	1.00000	0	0.00000	0
277	K	1.00000	0	0.00000	0
278	E	1.00000	0	0.00000	0
279	N	1.00000	0	0.00000	0
280	N	1.00000	0	0.00000	0
281	T	1.00000	0	0.00000	0
282	E	1.00000	0	0.00000	0
283	N	1.00000	0	0.00000	0
284	I	1.00000	0	0.00000	0
285	S	1.00000	0	0.00000	0
286	M	1.00000	0	0.00000	0
287	L	1.00000	0	0.00000	0
288	H	1.00000	0	0.00000	0
289	N	1.00000	0	0.00000	0
290	H	1.00000	0	0.00000	0
291	E	1.00000	0	0.00000	0
292	G	1.00000	0	0.00000	0
293	A	1.00000	0	0.00000	0
294	S	1.00000	0	0.00000	0
295	H	1.00000	0	0.00000	0
296	L	1.00000	0	0.00000	0
297	N	1.00000	0	0.00000	0
298	S	1.00000	0	0.00000	0
299	P	1.00000	0	0.00000	0
300	V	1.00000	0	0.00000	0
301	N	1.00000	0	0.00000	0
302	K	1.00000	0	0.00000	0
303	E	1.00000	0	0.00000	0
304	A	1.00000	0	0.00000	0
305	V	1.00000	0	0.00000	0
306	L	1.00000	0	0.00000	0
307	F	1.00000	0	0.00000	0
308	R	1.00000	0	0.00000	0
309	K	1.00000	0	0.00000	0
310	G	1.00000	0	0.00000	0
311	T	1.00000	0	0.00000	0
312	M	1.00000	0	0.00000	0
313	Q	1.00000	0	0.00000	0
314	S	1.00000	0	0.00000	0
315	I	1.00000	0	0.00000	0
316	N	1.00000	0	0.00000	0
317	N	1.00000	0	0.00000	0
318	E	1.00000	0	0.00000	0
319	R	0.99573	0	0.00427	0
320	R	0.99530	0	0.00470	0
321	A	0.42370	0	0.57630	0
322	S	0.42077	0	0.57923	0
323	K	0.05418	0	0.94582	0
324	V	0.00577	0	0.99423	0
325	L	0.00067	0	0.99933	0
326	G	0.00057	0	0.99943	0
327	I	0.00001	0	0.99999	0
328	V	0.00000	0	1.00000	0
329	F	0.00000	0	1.00000	0
330	F	0.00000	0	1.00000	0
331	L	0.00000	0	1.00000	0
332	F	0.00000	0	1.00000	0
333	L	0.00000	0	1.00000	0
334	I	0.00000	0	1.00000	0
335	M	0.00000	0	1.00000	0
336	W	0.00000	0	1.00000	0
337	C	0.00000	0	1.00000	0
338	P	0.00000	0	1.00000	0
339	F	0.00000	0	1.00000	0
340	F	0.00000	1e-05	0.99999	0
341	I	0.00000	0.00013	0.99987	0
342	T	0.00000	0.00201	0.99799	0
343	N	0.00000	0.02623	0.97377	0
344	V	0.00000	0.03732	0.96268	0
345	M	0.00000	0.07054	0.92946	0
346	S	0.00000	0.25458	0.74542	0
347	V	0.00000	0.34084	0.65916	0
348	L	0.00000	0.51546	0.48454	0
349	C	0.00000	0.96487	0.03513	0
350	K	0.00000	0.99985	0.00015	0
351	E	0.00000	0.99999	0.00001	0
352	A	0.00000	1	0.00000	0
353	C	0.00000	1	0.00000	0
354	D	0.00000	1	0.00000	0
355	K	0.00000	1	0.00000	0
356	D	0.00000	1	0.00000	0
357	L	0.00000	0.99988	0.00012	0
358	L	0.00000	0.99975	0.00025	0
359	S	0.00000	0.99972	0.00028	0
360	E	0.00000	0.99882	0.00118	0
361	L	0.00000	0.99438	0.00562	0
362	L	0.00000	0.99205	0.00795	0
363	D	0.00000	0.94872	0.05128	0
364	V	0.00000	0.00681	0.99319	0
365	F	0.00000	0.00026	0.99974	0
366	V	0.00000	0	1.00000	0
367	W	0.00000	0	1.00000	0
368	V	0.00000	0	1.00000	0
369	G	0.00000	0	1.00000	0
370	Y	0.00000	0	1.00000	0
371	V	0.00000	0	1.00000	0
372	C	0.00000	0	1.00000	0
373	S	0.00000	0	1.00000	0
374	G	0.00000	0	1.00000	0
375	I	0.00000	0	1.00000	0
376	N	0.00000	0	1.00000	0
377	P	0.00000	0	1.00000	0
378	L	0.00000	0	1.00000	0
379	V	0.00000	0	1.00000	0
380	Y	0.00001	0	0.99999	0
381	T	0.00002	0	0.99998	0
382	L	0.00018	0	0.99982	0
383	F	0.03602	0	0.96398	0
384	N	0.48815	0	0.51185	0
385	K	1.00000	0	0.00000	0
386	T	1.00000	0	0.00000	0
387	Y	1.00000	0	0.00000	0
388	R	1.00000	0	0.00000	0
389	R	1.00000	0	0.00000	0
390	A	1.00000	0	0.00000	0
391	F	1.00000	0	0.00000	0
392	S	1.00000	0	0.00000	0
393	N	1.00000	0	0.00000	0
394	Y	1.00000	0	0.00000	0
395	I	1.00000	0	0.00000	0
396	R	1.00000	0	0.00000	0
397	C	1.00000	0	0.00000	0
398	Q	1.00000	0	0.00000	0
399	Y	1.00000	0	0.00000	0
400	K	1.00000	0	0.00000	0
401	T	1.00000	0	0.00000	0
402	S	1.00000	0	0.00000	0
403	K	1.00000	0	0.00000	0
404	K	1.00000	0	0.00000	0
405	S	1.00000	0	0.00000	0
406	A	1.00000	0	0.00000	0
407	L	1.00000	0	0.00000	0
408	R	1.00000	0	0.00000	0
409	Q	1.00000	0	0.00000	0
410	N	1.00000	0	0.00000	0
411	Q	1.00000	0	0.00000	0
412	C	1.00000	0	0.00000	0
413	L	1.00000	0	0.00000	0
414	N	1.00000	0	0.00000	0
415	V	1.00000	0	0.00000	0
416	A	1.00000	0	0.00000	0
417	S	1.00000	0	0.00000	0
418	T	1.00000	0	0.00000	0
419	A	1.00000	0	0.00000	0
420	L	1.00000	0	0.00000	0
421	Y	1.00000	0	0.00000	0
422	G	1.00000	0	0.00000	0
423	K	1.00000	0	0.00000	0
424	D	1.00000	0	0.00000	0
425	L	1.00000	0	0.00000	0
426	T	1.00000	0	0.00000	0
427	L	1.00000	0	0.00000	0
428	T	1.00000	0	0.00000	0
429	S	1.00000	0	0.00000	0
430	Y	1.00000	0	0.00000	0
431	R	1.00000	0	0.00000	0
432	N	1.00000	0	0.00000	0
433	G	1.00000	0	0.00000	0
434	N	1.00000	0	0.00000	0
435	E	1.00000	0	0.00000	0
436	L	1.00000	0	0.00000	0
437	N	1.00000	0	0.00000	0
438	S	1.00000	0	0.00000	0
439	M	1.00000	0	0.00000	0
440	E	1.00000	0	0.00000	0
441	L	1.00000	0	0.00000	0
442	D	1.00000	0	0.00000	0
443	E	1.00000	0	0.00000	0
444	A	1.00000	0	0.00000	0
445	E	1.00000	0	0.00000	0
446	E	1.00000	0	0.00000	0
447	G	1.00000	0	0.00000	0
448	L	1.00000	0	0.00000	0
449	E	1.00000	0	0.00000	0
450	M	1.00000	0	0.00000	0
451	Q	1.00000	0	0.00000	0
452	P	1.00000	0	0.00000	0
453	G	1.00000	0	0.00000	0
454	T	1.00000	0	0.00000	0
455	S	1.00000	0	0.00000	0
456	E	1.00000	0	0.00000	0
457	L	1.00000	0	0.00000	0
458	S	1.00000	0	0.00000	0
459	I	1.00000	0	0.00000	0
460	N	1.00000	0	0.00000	0
461	S	1.00000	0	0.00000	0
462	C	1.00000	0	0.00000	0
463	N	1.00000	0	0.00000	0
464	V	1.00000	0	0.00000	0
465	V	1.00000	0	0.00000	0
466	S	1.00000	0	0.00000	0
467	E	1.00000	0	0.00000	0
468	R	1.00000	0	0.00000	0
469	V	1.00000	0	0.00000	0
470	S	1.00000	0	0.00000	0
471	C	1.00000	0	0.00000	0
472	V	1.00000	0	0.00000	0
