# UNNAMED
#pos	aa	i	o	M	S
1	M	0.00000	1	0.00000	0
2	G	0.00000	1	0.00000	0
3	D	0.00000	1	0.00000	0
4	G	0.00000	1	0.00000	0
5	W	0.00000	1	0.00000	0
6	V	0.00000	1	0.00000	0
7	F	0.00000	1	0.00000	0
8	L	0.00000	1	0.00000	0
9	S	0.00000	1	0.00000	0
10	D	0.00000	1	0.00000	0
11	S	0.00000	1	0.00000	0
12	L	0.00000	1	0.00000	0
13	Q	0.00000	1	0.00000	0
14	N	0.00000	1	0.00000	0
15	R	0.00000	1	0.00000	0
16	T	0.00000	1	0.00000	0
17	N	0.00000	1	0.00000	0
18	S	0.00000	1	0.00000	0
19	S	0.00000	1	0.00000	0
20	S	0.00000	1	0.00000	0
21	S	0.00000	1	0.00000	0
22	N	0.00000	1	0.00000	0
23	T	0.00000	1	0.00000	0
24	S	0.00000	1	0.00000	0
25	S	0.00000	1	0.00000	0
26	L	0.00000	1	0.00000	0
27	P	0.00000	1	0.00000	0
28	S	0.00000	1	0.00000	0
29	P	0.00000	1	0.00000	0
30	G	0.00000	1	0.00000	0
31	A	0.00000	1	0.00000	0
32	L	0.00000	1	0.00000	0
33	P	0.00000	1	0.00000	0
34	L	0.00000	1	0.00000	0
35	A	0.00000	1	0.00000	0
36	P	0.00000	1	0.00000	0
37	K	0.00000	1	0.00000	0
38	E	0.00000	1	0.00000	0
39	L	0.00000	0.99705	0.00295	0
40	S	0.00000	0.99289	0.00711	0
41	Q	0.00000	0.96152	0.03848	0
42	Q	0.00000	0.83434	0.16566	0
43	W	0.00000	0.18514	0.81486	0
44	V	0.00000	0.0973	0.90270	0
45	V	0.00000	0.06674	0.93326	0
46	G	0.00000	0.05728	0.94272	0
47	M	0.00000	0.04558	0.95442	0
48	S	0.00000	0.03076	0.96924	0
49	L	0.00000	0.00613	0.99387	0
50	L	0.00000	0.00168	0.99832	0
51	M	0.00000	0.0007	0.99930	0
52	S	0.00000	0.00023	0.99977	0
53	L	0.00000	1e-05	0.99999	0
54	M	0.00000	0	1.00000	0
55	V	0.00000	0	1.00000	0
56	A	0.00000	0	1.00000	0
57	F	0.00000	0	1.00000	0
58	I	0.00000	0	1.00000	0
59	V	0.00000	0	1.00000	0
60	V	0.00000	0	1.00000	0
61	G	0.00000	0	1.00000	0
62	N	0.00000	0	1.00000	0
63	G	0.00000	0	1.00000	0
64	L	0.00000	0	1.00000	0
65	V	0.00002	0	0.99998	0
66	I	0.00009	0	0.99991	0
67	A	0.00363	0	0.99637	0
68	A	0.03002	0	0.96998	0
69	I	0.15179	0	0.84821	0
70	G	0.86069	0	0.13931	0
71	R	0.99818	0	0.00182	0
72	T	0.99981	0	0.00019	0
73	Q	1.00000	0	0.00000	0
74	R	1.00000	0	0.00000	0
75	L	0.99992	0	0.00008	0
76	Q	0.99940	0	0.00060	0
77	T	0.99320	0	0.00680	0
78	L	0.80715	0	0.19285	0
79	T	0.63077	0	0.36923	0
80	N	0.12184	0	0.87816	0
81	V	0.04798	0	0.95202	0
82	F	0.00029	0	0.99971	0
83	I	0.00000	0	1.00000	0
84	T	0.00000	0	1.00000	0
85	S	0.00000	0	1.00000	0
86	L	0.00000	0	1.00000	0
87	A	0.00000	0	1.00000	0
88	C	0.00000	0	1.00000	0
89	A	0.00000	0	1.00000	0
90	D	0.00000	0	1.00000	0
91	L	0.00000	0	1.00000	0
92	V	0.00000	0	1.00000	0
93	M	0.00000	0	1.00000	0
94	G	0.00000	0	1.00000	0
95	S	0.00000	0	1.00000	0
96	V	0.00000	1e-05	0.99999	0
97	V	0.00000	0.00023	0.99977	0
98	V	0.00000	0.00218	0.99782	0
99	P	0.00000	0.0116	0.98840	0
100	F	0.00000	0.02657	0.97343	0
101	G	0.00000	0.41127	0.58873	0
102	A	0.00000	0.68721	0.31279	0
103	T	0.00000	0.93433	0.06567	0
104	L	0.00000	0.99959	0.00041	0
105	V	0.00000	0.99972	0.00028	0
106	V	0.00000	0.99988	0.00012	0
107	R	0.00000	0.99998	0.00002	0
108	D	0.00000	1	0.00000	0
109	T	0.00000	1	0.00000	0
110	W	0.00000	1	0.00000	0
111	L	0.00000	1	0.00000	0
112	W	0.00000	1	0.00000	0
113	G	0.00000	1	0.00000	0
114	S	0.00000	1	0.00000	0
115	F	0.00000	1	0.00000	0
116	L	0.00000	1	0.00000	0
117	C	0.00000	1	0.00000	0
118	E	0.00000	1	0.00000	0
119	C	0.00000	0.99998	0.00002	0
120	W	0.00000	0.9397	0.06030	0
121	T	0.00000	0.61475	0.38525	0
122	S	0.00000	0.08825	0.91175	0
123	V	0.00000	0.02218	0.97782	0
124	D	0.00000	0.0053	0.99470	0
125	V	0.00000	9e-05	0.99991	0
126	L	0.00000	0	1.00000	0
127	C	0.00000	0	1.00000	0
128	V	0.00000	0	1.00000	0
129	T	0.00000	0	1.00000	0
130	A	0.00000	0	1.00000	0
131	S	0.00000	0	1.00000	0
132	I	0.00000	0	1.00000	0
133	E	0.00000	0	1.00000	0
134	T	0.00000	0	1.00000	0
135	L	0.00000	0	1.00000	0
136	C	0.00000	0	1.00000	0
137	V	0.00000	0	1.00000	0
138	I	0.00000	0	1.00000	0
139	A	0.00000	0	1.00000	0
140	I	0.00000	0	1.00000	0
141	D	0.00001	0	0.99999	0
142	R	0.03263	0	0.96737	0
143	Y	0.23487	0	0.76513	0
144	L	0.75654	0	0.24346	0
145	A	0.97558	0	0.02442	0
146	I	0.99998	0	0.00002	0
147	T	1.00000	0	0.00000	0
148	S	1.00000	0	0.00000	0
149	P	1.00000	0	0.00000	0
150	F	1.00000	0	0.00000	0
151	R	1.00000	0	0.00000	0
152	Y	1.00000	0	0.00000	0
153	Q	1.00000	0	0.00000	0
154	S	1.00000	0	0.00000	0
155	L	1.00000	0	0.00000	0
156	M	1.00000	0	0.00000	0
157	T	1.00000	0	0.00000	0
158	K	1.00000	0	0.00000	0
159	K	0.99999	0	0.00001	0
160	R	0.99838	0	0.00162	0
161	A	0.84321	0	0.15679	0
162	K	0.78676	0	0.21324	0
163	I	0.02340	0	0.97660	0
164	I	0.00047	0	0.99953	0
165	V	0.00000	0	1.00000	0
166	C	0.00000	0	1.00000	0
167	V	0.00000	0	1.00000	0
168	V	0.00000	0	1.00000	0
169	W	0.00000	0	1.00000	0
170	A	0.00000	0	1.00000	0
171	I	0.00000	0	1.00000	0
172	S	0.00000	0	1.00000	0
173	A	0.00000	0	1.00000	0
174	L	0.00000	0	1.00000	0
175	V	0.00000	0	1.00000	0
176	S	0.00000	0	1.00000	0
177	F	0.00000	0	1.00000	0
178	L	0.00000	0	1.00000	0
179	P	0.00000	0	1.00000	0
180	I	0.00000	3e-05	0.99997	0
181	M	0.00000	0.0011	0.99890	0
182	M	0.00000	0.03017	0.96983	0
183	Q	0.00000	0.44296	0.55704	0
184	W	0.00000	0.56399	0.43601	0
185	W	0.00000	0.83267	0.16733	0
186	R	0.00000	0.99846	0.00154	0
187	D	0.00000	1	0.00000	0
188	D	0.00000	1	0.00000	0
189	D	0.00000	1	0.00000	0
190	P	0.00000	1	0.00000	0
191	E	0.00000	1	0.00000	0
192	A	0.00000	1	0.00000	0
193	L	0.00000	1	0.00000	0
194	L	0.00000	1	0.00000	0
195	C	0.00000	1	0.00000	0
196	Y	0.00000	1	0.00000	0
197	D	0.00000	1	0.00000	0
198	D	0.00000	1	0.00000	0
199	P	0.00000	1	0.00000	0
200	G	0.00000	1	0.00000	0
201	C	0.00000	1	0.00000	0
202	C	0.00000	1	0.00000	0
203	D	0.00000	1	0.00000	0
204	F	0.00000	0.99997	0.00003	0
205	V	0.00000	0.99987	0.00013	0
206	T	0.00000	0.99978	0.00022	0
207	N	0.00000	0.99966	0.00034	0
208	R	0.00000	0.99583	0.00417	0
209	A	0.00000	0.24478	0.75522	0
210	Y	0.00000	0.00952	0.99048	0
211	A	0.00000	0.00332	0.99668	0
212	I	0.00000	0.00205	0.99795	0
213	A	0.00000	1e-05	0.99999	0
214	S	0.00000	0	1.00000	0
215	S	0.00000	0	1.00000	0
216	I	0.00000	0	1.00000	0
217	I	0.00000	0	1.00000	0
218	S	0.00000	0	1.00000	0
219	F	0.00000	0	1.00000	0
220	Y	0.00000	0	1.00000	0
221	V	0.00000	0	1.00000	0
222	P	0.00000	0	1.00000	0
223	L	0.00000	0	1.00000	0
224	F	0.00000	0	1.00000	0
225	V	0.00000	0	1.00000	0
226	M	0.00000	0	1.00000	0
227	I	0.00000	0	1.00000	0
228	F	0.00000	0	1.00000	0
229	V	0.00000	0	1.00000	0
230	Y	0.00022	0	0.99978	0
231	I	0.01040	0	0.98960	0
232	R	0.24168	0	0.75832	0
233	V	0.26348	0	0.73652	0
234	Y	0.38979	0	0.61021	0
235	R	0.99559	0	0.00441	0
236	E	0.99995	0	0.00005	0
237	A	1.00000	0	0.00000	0
238	K	1.00000	0	0.00000	0
239	E	1.00000	0	0.00000	0
240	Q	1.00000	0	0.00000	0
241	M	1.00000	0	0.00000	0
242	K	1.00000	0	0.00000	0
243	K	1.00000	0	0.00000	0
244	I	1.00000	0	0.00000	0
245	D	1.00000	0	0.00000	0
246	K	1.00000	0	0.00000	0
247	C	1.00000	0	0.00000	0
248	E	1.00000	0	0.00000	0
249	G	1.00000	0	0.00000	0
250	R	1.00000	0	0.00000	0
251	F	1.00000	0	0.00000	0
252	Y	1.00000	0	0.00000	0
253	N	1.00000	0	0.00000	0
254	N	1.00000	0	0.00000	0
255	H	1.00000	0	0.00000	0
256	H	1.00000	0	0.00000	0
257	Q	1.00000	0	0.00000	0
258	Q	1.00000	0	0.00000	0
259	Q	1.00000	0	0.00000	0
260	Q	1.00000	0	0.00000	0
261	H	1.00000	0	0.00000	0
262	Q	1.00000	0	0.00000	0
263	H	1.00000	0	0.00000	0
264	P	1.00000	0	0.00000	0
265	P	1.00000	0	0.00000	0
266	T	1.00000	0	0.00000	0
267	H	1.00000	0	0.00000	0
268	Q	1.00000	0	0.00000	0
269	Q	1.00000	0	0.00000	0
270	L	1.00000	0	0.00000	0
271	P	1.00000	0	0.00000	0
272	I	1.00000	0	0.00000	0
273	L	1.00000	0	0.00000	0
274	G	1.00000	0	0.00000	0
275	N	1.00000	0	0.00000	0
276	G	1.00000	0	0.00000	0
277	P	1.00000	0	0.00000	0
278	A	1.00000	0	0.00000	0
279	T	1.00000	0	0.00000	0
280	R	1.00000	0	0.00000	0
281	R	1.00000	0	0.00000	0
282	K	1.00000	0	0.00000	0
283	T	1.00000	0	0.00000	0
284	S	1.00000	0	0.00000	0
285	R	1.00000	0	0.00000	0
286	I	1.00000	0	0.00000	0
287	L	1.00000	0	0.00000	0
288	A	1.00000	0	0.00000	0
289	V	1.00000	0	0.00000	0
290	R	1.00000	0	0.00000	0
291	E	1.00000	0	0.00000	0
292	Q	0.99338	0	0.00662	0
293	K	0.99163	0	0.00837	0
294	A	0.12489	0	0.87511	0
295	L	0.12216	0	0.87784	0
296	K	0.12162	0	0.87838	0
297	T	0.09213	0	0.90787	0
298	L	0.00101	0	0.99899	0
299	G	0.00009	0	0.99991	0
300	I	0.00003	0	0.99997	0
301	I	0.00000	0	1.00000	0
302	M	0.00000	0	1.00000	0
303	G	0.00000	0	1.00000	0
304	V	0.00000	0	1.00000	0
305	F	0.00000	0	1.00000	0
306	T	0.00000	0	1.00000	0
307	L	0.00000	0	1.00000	0
308	C	0.00000	0	1.00000	0
309	W	0.00000	0	1.00000	0
310	L	0.00000	0	1.00000	0
311	P	0.00000	0	1.00000	0
312	F	0.00000	0	1.00000	0
313	F	0.00000	0	1.00000	0
314	L	0.00000	0.00141	0.99859	0
315	V	0.00000	0.02967	0.97033	0
316	N	0.00000	0.19916	0.80084	0
317	V	0.00000	0.27141	0.72859	0
318	V	0.00000	0.46961	0.53039	0
319	K	0.00000	0.92896	0.07104	0
320	V	0.00000	0.93402	0.06598	0
321	F	0.00000	0.94771	0.05229	0
322	N	0.00000	0.99465	0.00535	0
323	R	0.00000	0.99967	0.00033	0
324	G	0.00000	0.99985	0.00015	0
325	L	0.00000	0.99939	0.00061	0
326	V	0.00000	0.99895	0.00105	0
327	P	0.00000	0.99869	0.00131	0
328	D	0.00000	0.98992	0.01008	0
329	Q	0.00000	0.75615	0.24385	0
330	L	0.00000	0.18389	0.81611	0
331	F	0.00000	0.14973	0.85027	0
332	V	0.00000	0.00114	0.99886	0
333	F	0.00000	0	1.00000	0
334	F	0.00000	0	1.00000	0
335	N	0.00000	0	1.00000	0
336	W	0.00000	0	1.00000	0
337	L	0.00000	0	1.00000	0
338	G	0.00000	0	1.00000	0
339	Y	0.00000	0	1.00000	0
340	A	0.00000	0	1.00000	0
341	N	0.00000	0	1.00000	0
342	S	0.00000	0	1.00000	0
343	A	0.00000	0	1.00000	0
344	F	0.00000	0	1.00000	0
345	N	0.00000	0	1.00000	0
346	P	0.00000	0	1.00000	0
347	I	0.00000	0	1.00000	0
348	I	0.00002	0	0.99998	0
349	Y	0.00148	0	0.99852	0
350	C	0.03009	0	0.96991	0
351	R	1.00000	0	0.00000	0
352	S	1.00000	0	0.00000	0
353	P	1.00000	0	0.00000	0
354	D	1.00000	0	0.00000	0
355	F	1.00000	0	0.00000	0
356	R	1.00000	0	0.00000	0
357	K	1.00000	0	0.00000	0
358	A	1.00000	0	0.00000	0
359	F	1.00000	0	0.00000	0
360	K	1.00000	0	0.00000	0
361	R	1.00000	0	0.00000	0
362	M	1.00000	0	0.00000	0
363	L	1.00000	0	0.00000	0
364	C	1.00000	0	0.00000	0
365	C	1.00000	0	0.00000	0
366	P	1.00000	0	0.00000	0
367	R	1.00000	0	0.00000	0
368	K	1.00000	0	0.00000	0
369	A	1.00000	0	0.00000	0
370	D	1.00000	0	0.00000	0
371	R	1.00000	0	0.00000	0
372	R	1.00000	0	0.00000	0
373	L	1.00000	0	0.00000	0
374	H	1.00000	0	0.00000	0
375	A	1.00000	0	0.00000	0
376	S	1.00000	0	0.00000	0
377	A	1.00000	0	0.00000	0
378	G	1.00000	0	0.00000	0
379	E	1.00000	0	0.00000	0
380	L	1.00000	0	0.00000	0
381	S	1.00000	0	0.00000	0
382	R	1.00000	0	0.00000	0
383	Y	1.00000	0	0.00000	0
384	P	1.00000	0	0.00000	0
385	G	1.00000	0	0.00000	0
386	G	1.00000	0	0.00000	0
387	F	1.00000	0	0.00000	0
388	I	1.00000	0	0.00000	0
389	S	1.00000	0	0.00000	0
390	T	1.00000	0	0.00000	0
391	L	1.00000	0	0.00000	0
392	G	1.00000	0	0.00000	0
393	D	1.00000	0	0.00000	0
394	T	1.00000	0	0.00000	0
395	A	1.00000	0	0.00000	0
396	P	1.00000	0	0.00000	0
397	C	1.00000	0	0.00000	0
398	T	1.00000	0	0.00000	0
399	L	1.00000	0	0.00000	0
400	G	1.00000	0	0.00000	0
401	G	1.00000	0	0.00000	0
402	T	1.00000	0	0.00000	0
403	W	1.00000	0	0.00000	0
404	S	1.00000	0	0.00000	0
405	D	1.00000	0	0.00000	0
406	Y	1.00000	0	0.00000	0
407	N	1.00000	0	0.00000	0
408	G	1.00000	0	0.00000	0
409	G	1.00000	0	0.00000	0
410	A	1.00000	0	0.00000	0
411	R	1.00000	0	0.00000	0
412	D	1.00000	0	0.00000	0
413	G	1.00000	0	0.00000	0
414	S	1.00000	0	0.00000	0
415	D	1.00000	0	0.00000	0
416	S	1.00000	0	0.00000	0
417	S	1.00000	0	0.00000	0
418	L	1.00000	0	0.00000	0
419	E	1.00000	0	0.00000	0
420	D	1.00000	0	0.00000	0
421	R	1.00000	0	0.00000	0
422	N	1.00000	0	0.00000	0
423	S	1.00000	0	0.00000	0
424	K	1.00000	0	0.00000	0
425	T	1.00000	0	0.00000	0
426	S	1.00000	0	0.00000	0
427	H	1.00000	0	0.00000	0
428	S	1.00000	0	0.00000	0
429	E	1.00000	0	0.00000	0
430	S	1.00000	0	0.00000	0
431	K	1.00000	0	0.00000	0
432	V	1.00000	0	0.00000	0
