# UNNAMED
#pos	aa	i	o	M	S
1	M	0.00000	1	0.00000	0
2	D	0.00000	1	0.00000	0
3	F	0.00000	1	0.00000	0
4	L	0.00000	1	0.00000	0
5	N	0.00000	1	0.00000	0
6	L	0.00000	1	0.00000	0
7	T	0.00000	1	0.00000	0
8	D	0.00000	1	0.00000	0
9	Q	0.00000	1	0.00000	0
10	N	0.00000	1	0.00000	0
11	F	0.00000	1	0.00000	0
12	T	0.00000	1	0.00000	0
13	S	0.00000	1	0.00000	0
14	E	0.00000	1	0.00000	0
15	E	0.00000	1	0.00000	0
16	T	0.00000	1	0.00000	0
17	V	0.00000	1	0.00000	0
18	N	0.00000	1	0.00000	0
19	R	0.00000	1	0.00000	0
20	M	0.00000	0.99988	0.00012	0
21	P	0.00000	0.99934	0.00066	0
22	S	0.00000	0.99541	0.00459	0
23	K	0.00000	0.98519	0.01481	0
24	I	0.00000	0.4509	0.54910	0
25	L	0.00000	0.23519	0.76481	0
26	V	0.00000	0.10987	0.89013	0
27	S	0.00000	0.0871	0.91290	0
28	L	0.00000	0.0316	0.96840	0
29	T	0.00000	0.01194	0.98806	0
30	L	0.00000	0.00293	0.99707	0
31	S	0.00000	0.0012	0.99880	0
32	L	0.00000	0.00019	0.99981	0
33	L	0.00000	1e-05	0.99999	0
34	A	0.00000	0	1.00000	0
35	L	0.00000	0	1.00000	0
36	M	0.00000	0	1.00000	0
37	T	0.00000	0	1.00000	0
38	T	0.00000	0	1.00000	0
39	A	0.00000	0	1.00000	0
40	I	0.00000	0	1.00000	0
41	N	0.00000	0	1.00000	0
42	S	0.00000	0	1.00000	0
43	L	0.00000	0	1.00000	0
44	V	0.00000	0	1.00000	0
45	I	0.00004	0	0.99996	0
46	T	0.00074	0	0.99926	0
47	A	0.00220	0	0.99780	0
48	I	0.01159	0	0.98841	0
49	I	0.09253	0	0.90747	0
50	V	0.51645	0	0.48355	0
51	T	0.93264	0	0.06736	0
52	R	0.99897	0	0.00103	0
53	K	0.99999	0	0.00001	0
54	L	1.00000	0	0.00000	0
55	H	1.00000	0	0.00000	0
56	H	1.00000	0	0.00000	0
57	P	1.00000	0	0.00000	0
58	A	0.87376	0	0.12624	0
59	N	0.25417	0	0.74583	0
60	Y	0.09941	0	0.90059	0
61	L	0.00163	0	0.99837	0
62	I	0.00003	0	0.99997	0
63	C	0.00000	0	1.00000	0
64	S	0.00000	0	1.00000	0
65	L	0.00000	0	1.00000	0
66	A	0.00000	0	1.00000	0
67	V	0.00000	0	1.00000	0
68	T	0.00000	0	1.00000	0
69	D	0.00000	0	1.00000	0
70	F	0.00000	0	1.00000	0
71	L	0.00000	0	1.00000	0
72	V	0.00000	0	1.00000	0
73	A	0.00000	0	1.00000	0
74	V	0.00000	0	1.00000	0
75	L	0.00000	0	1.00000	0
76	V	0.00000	0	1.00000	0
77	M	0.00000	0.00019	0.99981	0
78	P	0.00000	0.00433	0.99567	0
79	F	0.00000	0.04689	0.95311	0
80	S	0.00000	0.26926	0.73074	0
81	I	0.00000	0.35897	0.64103	0
82	V	0.00000	0.61395	0.38605	0
83	Y	0.00000	0.99867	0.00133	0
84	I	0.00000	0.99876	0.00124	0
85	V	0.00000	0.99892	0.00108	0
86	K	0.00000	0.99992	0.00008	0
87	E	0.00000	1	0.00000	0
88	T	0.00000	1	0.00000	0
89	W	0.00000	1	0.00000	0
90	L	0.00000	1	0.00000	0
91	M	0.00000	1	0.00000	0
92	G	0.00000	1	0.00000	0
93	Q	0.00000	1	0.00000	0
94	V	0.00000	0.99986	0.00014	0
95	V	0.00000	0.99983	0.00017	0
96	C	0.00000	0.99981	0.00019	0
97	D	0.00000	0.9997	0.00030	0
98	I	0.00000	0.99769	0.00231	0
99	W	0.00000	0.82084	0.17916	0
100	L	0.00000	0.08843	0.91157	0
101	S	0.00000	0.01369	0.98631	0
102	V	0.00000	0.00026	0.99974	0
103	D	0.00000	0.0001	0.99990	0
104	I	0.00000	0	1.00000	0
105	T	0.00000	0	1.00000	0
106	C	0.00000	0	1.00000	0
107	C	0.00000	0	1.00000	0
108	T	0.00000	0	1.00000	0
109	C	0.00000	0	1.00000	0
110	S	0.00000	0	1.00000	0
111	I	0.00000	0	1.00000	0
112	L	0.00000	0	1.00000	0
113	H	0.00000	0	1.00000	0
114	L	0.00000	0	1.00000	0
115	S	0.00000	0	1.00000	0
116	A	0.00000	0	1.00000	0
117	I	0.00000	0	1.00000	0
118	A	0.00000	0	1.00000	0
119	L	0.00000	0	1.00000	0
120	D	0.00007	0	0.99993	0
121	R	0.07215	0	0.92785	0
122	Y	0.55639	0	0.44361	0
123	R	0.59538	0	0.40462	0
124	A	0.81144	0	0.18856	0
125	I	1.00000	0	0.00000	0
126	T	1.00000	0	0.00000	0
127	D	1.00000	0	0.00000	0
128	A	1.00000	0	0.00000	0
129	I	1.00000	0	0.00000	0
130	E	1.00000	0	0.00000	0
131	Y	1.00000	0	0.00000	0
132	A	1.00000	0	0.00000	0
133	R	1.00000	0	0.00000	0
134	K	1.00000	0	0.00000	0
135	R	1.00000	0	0.00000	0
136	T	0.99999	0	0.00001	0
137	P	0.99996	0	0.00004	0
138	K	0.99846	0	0.00154	0
139	Q	0.96430	0	0.03570	0
140	A	0.10095	0	0.89905	0
141	G	0.03025	0	0.96975	0
142	I	0.00072	0	0.99928	0
143	M	0.00006	0	0.99994	0
144	I	0.00000	0	1.00000	0
145	T	0.00000	0	1.00000	0
146	I	0.00000	0	1.00000	0
147	V	0.00000	0	1.00000	0
148	W	0.00000	0	1.00000	0
149	T	0.00000	0	1.00000	0
150	I	0.00000	0	1.00000	0
151	S	0.00000	0	1.00000	0
152	V	0.00000	0	1.00000	0
153	F	0.00000	0	1.00000	0
154	I	0.00000	0	1.00000	0
155	S	0.00000	0	1.00000	0
156	I	0.00000	0	1.00000	0
157	P	0.00000	4e-05	0.99996	0
158	P	0.00000	0.00026	0.99974	0
159	L	0.00000	0.00117	0.99883	0
160	F	0.00000	0.0325	0.96750	0
161	W	0.00000	0.47465	0.52535	0
162	R	0.00000	0.96698	0.03302	0
163	H	0.00000	0.99342	0.00658	0
164	Q	0.00000	0.99975	0.00025	0
165	G	0.00000	0.99999	0.00001	0
166	T	0.00000	1	0.00000	0
167	S	0.00000	1	0.00000	0
168	K	0.00000	1	0.00000	0
169	E	0.00000	1	0.00000	0
170	D	0.00000	1	0.00000	0
171	E	0.00000	1	0.00000	0
172	C	0.00000	1	0.00000	0
173	I	0.00000	1	0.00000	0
174	I	0.00000	1	0.00000	0
175	K	0.00000	1	0.00000	0
176	H	0.00000	1	0.00000	0
177	D	0.00000	0.99998	0.00002	0
178	H	0.00000	0.99533	0.00467	0
179	I	0.00000	0.74587	0.25413	0
180	V	0.00000	0.13124	0.86876	0
181	F	0.00000	0.08473	0.91527	0
182	T	0.00000	0.08186	0.91814	0
183	I	0.00000	0.00054	0.99946	0
184	Y	0.00000	9e-05	0.99991	0
185	S	0.00000	5e-05	0.99995	0
186	T	0.00000	0	1.00000	0
187	F	0.00000	0	1.00000	0
188	G	0.00000	0	1.00000	0
189	A	0.00000	0	1.00000	0
190	F	0.00000	0	1.00000	0
191	Y	0.00000	0	1.00000	0
192	I	0.00000	0	1.00000	0
193	P	0.00000	0	1.00000	0
194	L	0.00000	0	1.00000	0
195	T	0.00000	0	1.00000	0
196	L	0.00000	0	1.00000	0
197	I	0.00000	0	1.00000	0
198	L	0.00000	0	1.00000	0
199	I	0.00000	0	1.00000	0
200	L	0.00001	0	0.99999	0
201	Y	0.00076	0	0.99924	0
202	Y	0.02324	0	0.97676	0
203	K	0.33851	0	0.66149	0
204	I	0.35994	0	0.64006	0
205	Y	0.46011	0	0.53989	0
206	R	0.99471	0	0.00529	0
207	A	0.99933	0	0.00067	0
208	A	0.99996	0	0.00004	0
209	K	1.00000	0	0.00000	0
210	T	1.00000	0	0.00000	0
211	L	1.00000	0	0.00000	0
212	Y	1.00000	0	0.00000	0
213	H	1.00000	0	0.00000	0
214	K	1.00000	0	0.00000	0
215	R	1.00000	0	0.00000	0
216	N	1.00000	0	0.00000	0
217	A	1.00000	0	0.00000	0
218	S	1.00000	0	0.00000	0
219	W	1.00000	0	0.00000	0
220	I	1.00000	0	0.00000	0
221	T	1.00000	0	0.00000	0
222	K	1.00000	0	0.00000	0
223	G	1.00000	0	0.00000	0
224	E	1.00000	0	0.00000	0
225	L	1.00000	0	0.00000	0
226	N	1.00000	0	0.00000	0
227	G	1.00000	0	0.00000	0
228	Q	1.00000	0	0.00000	0
229	V	1.00000	0	0.00000	0
230	L	1.00000	0	0.00000	0
231	S	1.00000	0	0.00000	0
232	E	1.00000	0	0.00000	0
233	S	1.00000	0	0.00000	0
234	G	1.00000	0	0.00000	0
235	E	1.00000	0	0.00000	0
236	R	1.00000	0	0.00000	0
237	S	1.00000	0	0.00000	0
238	T	1.00000	0	0.00000	0
239	H	1.00000	0	0.00000	0
240	L	1.00000	0	0.00000	0
241	V	1.00000	0	0.00000	0
242	S	1.00000	0	0.00000	0
243	T	1.00000	0	0.00000	0
244	P	1.00000	0	0.00000	0
245	Y	1.00000	0	0.00000	0
246	V	1.00000	0	0.00000	0
247	K	1.00000	0	0.00000	0
248	E	1.00000	0	0.00000	0
249	K	1.00000	0	0.00000	0
250	S	1.00000	0	0.00000	0
251	L	1.00000	0	0.00000	0
252	S	1.00000	0	0.00000	0
253	D	1.00000	0	0.00000	0
254	P	1.00000	0	0.00000	0
255	S	1.00000	0	0.00000	0
256	A	1.00000	0	0.00000	0
257	D	1.00000	0	0.00000	0
258	F	1.00000	0	0.00000	0
259	D	1.00000	0	0.00000	0
260	K	1.00000	0	0.00000	0
261	I	1.00000	0	0.00000	0
262	Q	1.00000	0	0.00000	0
263	N	1.00000	0	0.00000	0
264	N	1.00000	0	0.00000	0
265	V	1.00000	0	0.00000	0
266	K	1.00000	0	0.00000	0
267	S	1.00000	0	0.00000	0
268	P	1.00000	0	0.00000	0
269	K	1.00000	0	0.00000	0
270	S	1.00000	0	0.00000	0
271	E	1.00000	0	0.00000	0
272	F	1.00000	0	0.00000	0
273	K	1.00000	0	0.00000	0
274	P	1.00000	0	0.00000	0
275	E	1.00000	0	0.00000	0
276	K	1.00000	0	0.00000	0
277	S	1.00000	0	0.00000	0
278	W	1.00000	0	0.00000	0
279	R	1.00000	0	0.00000	0
280	R	1.00000	0	0.00000	0
281	Q	1.00000	0	0.00000	0
282	K	1.00000	0	0.00000	0
283	I	1.00000	0	0.00000	0
284	S	1.00000	0	0.00000	0
285	G	1.00000	0	0.00000	0
286	T	1.00000	0	0.00000	0
287	R	1.00000	0	0.00000	0
288	E	1.00000	0	0.00000	0
289	K	0.99150	0	0.00850	0
290	K	0.98660	0	0.01340	0
291	A	0.00397	0	0.99603	0
292	A	0.00365	0	0.99635	0
293	T	0.00336	0	0.99664	0
294	I	0.00324	0	0.99676	0
295	L	0.00003	0	0.99997	0
296	G	0.00000	0	1.00000	0
297	L	0.00000	0	1.00000	0
298	I	0.00000	0	1.00000	0
299	L	0.00000	0	1.00000	0
300	G	0.00000	0	1.00000	0
301	A	0.00000	0	1.00000	0
302	F	0.00000	0	1.00000	0
303	V	0.00000	0	1.00000	0
304	I	0.00000	0	1.00000	0
305	C	0.00000	0	1.00000	0
306	W	0.00000	0	1.00000	0
307	L	0.00000	0	1.00000	0
308	P	0.00000	0	1.00000	0
309	F	0.00000	0	1.00000	0
310	F	0.00000	0.00013	0.99987	0
311	V	0.00000	0.06836	0.93164	0
312	K	0.00000	0.90709	0.09291	0
313	E	0.00000	0.93199	0.06801	0
314	V	0.00000	0.93465	0.06535	0
315	V	0.00000	0.94188	0.05812	0
316	V	0.00000	0.9574	0.04260	0
317	N	0.00000	0.99368	0.00632	0
318	I	0.00000	0.9961	0.00390	0
319	C	0.00000	0.99972	0.00028	0
320	E	0.00000	0.99999	0.00001	0
321	K	0.00000	1	0.00000	0
322	C	0.00000	1	0.00000	0
323	Q	0.00000	1	0.00000	0
324	I	0.00000	0.99996	0.00004	0
325	S	0.00000	0.99996	0.00004	0
326	E	0.00000	0.9999	0.00010	0
327	E	0.00000	0.99953	0.00047	0
328	L	0.00000	0.99648	0.00352	0
329	S	0.00000	0.99564	0.00436	0
330	N	0.00000	0.57554	0.42446	0
331	F	0.00000	0.00275	0.99725	0
332	L	0.00000	4e-05	0.99996	0
333	T	0.00000	0	1.00000	0
334	W	0.00000	0	1.00000	0
335	L	0.00000	0	1.00000	0
336	G	0.00000	0	1.00000	0
337	Y	0.00000	0	1.00000	0
338	L	0.00000	0	1.00000	0
339	N	0.00000	0	1.00000	0
340	S	0.00000	0	1.00000	0
341	L	0.00000	0	1.00000	0
342	I	0.00000	0	1.00000	0
343	N	0.00000	0	1.00000	0
344	P	0.00000	0	1.00000	0
345	L	0.00000	0	1.00000	0
346	I	0.00000	0	1.00000	0
347	Y	0.00000	0	1.00000	0
348	T	0.00000	0	1.00000	0
349	I	0.00013	0	0.99987	0
350	F	0.04515	0	0.95485	0
351	N	0.91040	0	0.08960	0
352	K	1.00000	0	0.00000	0
353	D	1.00000	0	0.00000	0
354	F	1.00000	0	0.00000	0
355	K	1.00000	0	0.00000	0
356	K	1.00000	0	0.00000	0
357	A	1.00000	0	0.00000	0
358	F	1.00000	0	0.00000	0
359	Q	1.00000	0	0.00000	0
360	K	1.00000	0	0.00000	0
361	L	1.00000	0	0.00000	0
362	V	1.00000	0	0.00000	0
363	R	1.00000	0	0.00000	0
364	C	1.00000	0	0.00000	0
365	R	1.00000	0	0.00000	0
366	P	1.00000	0	0.00000	0
367	Y	1.00000	0	0.00000	0
368	L	1.00000	0	0.00000	0
