# UNNAMED
#pos	aa	i	o	M	S
1	M	0.00000	1	0.00000	0
2	Q	0.00000	1	0.00000	0
3	F	0.00000	1	0.00000	0
4	L	0.00000	1	0.00000	0
5	K	0.00000	1	0.00000	0
6	S	0.00000	1	0.00000	0
7	A	0.00000	1	0.00000	0
8	K	0.00000	1	0.00000	0
9	Q	0.00000	1	0.00000	0
10	K	0.00000	0.99993	0.00007	0
11	P	0.00000	0.95225	0.04775	0
12	N	0.00000	0.79913	0.20087	0
13	Y	0.00000	0.03654	0.96346	0
14	Y	0.00000	0.00122	0.99878	0
15	H	0.00000	4e-05	0.99996	0
16	I	0.00000	2e-05	0.99998	0
17	M	0.00000	2e-05	0.99998	0
18	L	0.00000	2e-05	0.99998	0
19	V	0.00000	2e-05	0.99998	0
20	E	0.00000	2e-05	0.99998	0
21	D	0.00000	2e-05	0.99998	0
22	Q	0.00000	2e-05	0.99998	0
23	E	0.00000	2e-05	0.99998	0
24	E	0.00000	2e-05	0.99998	0
25	G	0.00000	2e-05	0.99998	0
26	T	0.00000	2e-05	0.99998	0
27	L	0.00000	2e-05	0.99998	0
28	H	0.00000	2e-05	0.99998	0
29	Q	0.00011	2e-05	0.99986	0
30	F	0.00060	2e-05	0.99938	0
31	N	0.12994	2e-05	0.87004	0
32	Y	0.25800	2e-05	0.74198	0
33	C	0.94199	2e-05	0.05799	0
34	E	0.99753	2e-05	0.00245	0
35	R	0.99995	2e-05	0.00003	0
36	C	0.99883	2e-05	0.00115	0
37	S	0.99645	2e-05	0.00352	0
38	E	0.98970	2e-05	0.01028	0
39	S	0.70835	2e-05	0.29162	0
40	Q	0.37867	2e-05	0.62131	0
41	N	0.00862	2e-05	0.99136	0
42	N	0.00058	2e-05	0.99940	0
43	K	0.00023	2e-05	0.99974	0
44	C	0.00000	2e-05	0.99998	0
45	I	0.00000	2e-05	0.99998	0
46	S	0.00000	2e-05	0.99998	0
47	C	0.00000	2e-05	0.99998	0
48	V	0.00000	2e-05	0.99998	0
49	D	0.00000	2e-05	0.99998	0
50	P	0.00000	2e-05	0.99998	0
51	E	0.00000	2e-05	0.99998	0
52	D	0.00000	2e-05	0.99998	0
53	K	0.00000	2e-05	0.99998	0
54	W	0.00000	2e-05	0.99998	0
55	Y	0.00000	0.00574	0.99426	0
56	R	0.00000	0.00598	0.99402	0
57	W	0.00000	0.00987	0.99013	0
58	P	0.00000	0.54922	0.45078	0
59	L	0.00000	0.78867	0.21133	0
60	P	0.00000	0.94308	0.05692	0
61	S	0.00000	0.99467	0.00533	0
62	K	0.00000	0.99998	0.00002	0
63	L	0.00000	0.99998	0.00002	0
64	C	0.00000	0.99998	0.00002	0
65	A	0.00000	0.99998	0.00002	0
66	V	0.00000	0.99997	0.00003	0
67	W	0.00000	0.99928	0.00072	0
68	I	0.00000	0.72897	0.27103	0
69	Y	0.00000	0.53755	0.46245	0
70	L	0.00000	0.10208	0.89792	0
71	D	0.00001	0.05387	0.94612	0
72	V	0.00001	0.00272	0.99727	0
73	L	0.00001	2e-05	0.99997	0
74	F	0.00002	0	0.99998	0
75	S	0.00002	0	0.99998	0
76	T	0.00002	0	0.99998	0
77	A	0.00001	0	0.99999	0
78	S	0.00001	0	0.99999	0
79	I	0.00000	0	1.00000	0
80	M	0.00000	0	1.00000	0
81	H	0.00000	0	1.00000	0
82	L	0.00000	0	1.00000	0
83	C	0.00000	0	1.00000	0
84	A	0.00000	0	1.00000	0
85	I	0.00000	0	1.00000	0
86	S	0.00000	0	1.00000	0
87	L	0.00000	0	1.00000	0
88	D	0.00000	0	1.00000	0
89	R	0.01977	0	0.98023	0
90	Y	0.16214	0	0.83786	0
91	V	0.66555	0	0.33445	0
92	A	0.77025	0	0.22975	0
93	I	0.99986	0	0.00014	0
94	Q	0.99998	0	0.00002	0
95	N	0.99998	0	0.00002	0
96	P	0.99998	0	0.00002	0
97	I	0.99998	0	0.00001	0
98	H	0.99998	1e-05	0.00000	0
99	H	0.99998	2e-05	0.00000	0
100	S	0.99998	2e-05	0.00000	0
101	R	0.99998	2e-05	0.00000	0
102	F	0.99998	2e-05	0.00000	0
103	N	0.99998	2e-05	0.00000	0
104	S	0.99998	2e-05	0.00000	0
105	R	0.99998	2e-05	0.00000	0
106	T	0.99989	2e-05	0.00009	0
107	K	0.99805	2e-05	0.00194	0
108	A	0.58753	1e-05	0.41246	0
109	F	0.13557	1e-05	0.86441	0
110	L	0.04104	1e-05	0.95895	0
111	K	0.03583	1e-05	0.96416	0
112	I	0.00010	0	0.99989	0
113	I	0.00000	0	1.00000	0
114	A	0.00000	0	1.00000	0
115	V	0.00000	0	1.00000	0
116	W	0.00000	0	1.00000	0
117	T	0.00000	0	1.00000	0
118	I	0.00000	0	1.00000	0
119	S	0.00000	0	1.00000	0
120	V	0.00000	0	1.00000	0
121	G	0.00000	0	1.00000	0
122	I	0.00000	0	1.00000	0
123	S	0.00000	0	1.00000	0
124	M	0.00000	0	1.00000	0
125	P	0.00000	0	1.00000	0
126	I	0.00000	1e-05	0.99999	0
127	P	0.00000	0.0027	0.99730	0
128	V	0.00000	0.01286	0.98714	0
129	F	0.00000	0.11742	0.88258	0
130	G	0.00000	0.48772	0.51228	0
131	L	0.00000	0.64375	0.35625	0
132	Q	0.00000	0.96052	0.03948	0
133	D	0.00000	0.99995	0.00005	0
134	D	0.00000	0.99998	0.00001	0
135	S	0.00001	0.99998	0.00000	0
136	K	0.00002	0.99998	0.00000	0
137	V	0.00002	0.99998	0.00000	0
138	F	0.00002	0.99998	0.00000	0
139	K	0.00002	0.99998	0.00000	0
140	E	0.00002	0.99998	0.00000	0
141	G	0.00002	0.99998	0.00000	0
142	S	0.00002	0.99998	0.00000	0
143	C	0.00002	0.99998	0.00000	0
144	L	0.00002	0.99998	0.00000	0
145	L	0.00002	0.99998	0.00000	0
146	A	0.00002	0.99998	0.00000	0
147	D	0.00002	0.99998	0.00000	0
148	D	0.00002	0.99997	0.00001	0
149	N	0.00001	0.79383	0.20615	0
150	F	0.00000	0.01638	0.98362	0
151	V	0.00000	0.00876	0.99124	0
152	L	0.00000	0.00234	0.99766	0
153	I	0.00000	2e-05	0.99998	0
154	G	0.00000	1e-05	0.99999	0
155	S	0.00000	1e-05	0.99999	0
156	F	0.00000	0	1.00000	0
157	V	0.00000	0	1.00000	0
158	S	0.00000	0	1.00000	0
159	F	0.00000	0	1.00000	0
160	F	0.00000	0	1.00000	0
161	I	0.00000	0	1.00000	0
162	P	0.00000	0	1.00000	0
163	L	0.00000	0	1.00000	0
164	T	0.00000	0	1.00000	0
165	I	0.00000	0	1.00000	0
166	M	0.00000	0	1.00000	0
167	V	0.00000	0	1.00000	0
168	I	0.00000	0	1.00000	0
169	T	0.00000	0	1.00000	0
170	Y	0.00001	0	0.99999	0
171	F	0.00034	0	0.99966	0
172	L	0.01715	1e-05	0.98284	0
173	T	0.18208	1e-05	0.81791	0
174	I	0.25491	1e-05	0.74507	0
175	K	0.99354	2e-05	0.00644	0
176	S	0.99834	2e-05	0.00165	0
177	L	0.99891	2e-05	0.00107	0
178	Q	0.99997	2e-05	0.00002	0
179	K	0.99998	2e-05	0.00000	0
180	E	0.99998	2e-05	0.00000	0
181	A	0.99998	2e-05	0.00000	0
182	T	0.99998	2e-05	0.00000	0
183	L	0.99998	2e-05	0.00000	0
184	C	0.99998	2e-05	0.00000	0
185	V	0.99998	2e-05	0.00000	0
186	S	0.99998	2e-05	0.00000	0
187	D	0.99998	2e-05	0.00000	0
188	L	0.99998	0	0.00001	0
189	G	0.99998	0	0.00002	0
190	T	0.99998	0	0.00002	0
191	R	0.99998	0	0.00002	0
192	A	0.99998	0	0.00002	0
193	K	0.99998	0	0.00002	0
194	L	0.99998	0	0.00002	0
195	A	0.99998	0	0.00002	0
196	S	0.99998	0	0.00002	0
197	F	0.99998	0	0.00002	0
198	S	0.99998	0	0.00002	0
199	F	0.99998	0	0.00002	0
200	L	0.99998	0	0.00002	0
201	P	0.99998	0	0.00002	0
202	Q	0.99998	0	0.00002	0
203	S	0.99998	0	0.00002	0
204	S	0.99998	0	0.00002	0
205	L	0.99998	0	0.00002	0
206	S	0.99998	0	0.00002	0
207	S	0.99998	0	0.00002	0
208	E	0.99998	0	0.00002	0
209	K	0.99998	0	0.00002	0
210	L	0.99998	0	0.00002	0
211	F	0.99998	0	0.00002	0
212	Q	0.99999	0	0.00000	0
213	R	0.99999	1e-05	0.00000	0
214	S	0.99999	1e-05	0.00000	0
215	I	0.99999	1e-05	0.00000	0
216	H	0.99999	1e-05	0.00000	0
217	R	0.99999	1e-05	0.00000	0
218	E	0.99999	1e-05	0.00000	0
219	P	0.99999	1e-05	0.00000	0
220	G	0.99999	1e-05	0.00000	0
221	S	0.99999	1e-05	0.00000	0
222	Y	0.99999	1e-05	0.00000	0
223	T	0.99999	1e-05	0.00000	0
224	G	0.99999	1e-05	0.00000	0
225	R	0.99999	1e-05	0.00000	0
226	R	0.99999	1e-05	0.00000	0
227	T	0.99999	1e-05	0.00000	0
228	M	0.99999	1e-05	0.00000	0
229	Q	0.99999	1e-05	0.00000	0
230	S	0.99999	1e-05	0.00000	0
231	I	0.99999	1e-05	0.00000	0
232	S	0.99999	1e-05	0.00000	0
233	N	0.99999	1e-05	0.00000	0
234	E	0.99999	1e-05	0.00000	0
235	Q	0.99766	1e-05	0.00233	0
236	K	0.99669	1e-05	0.00330	0
237	A	0.14709	1e-05	0.85290	0
238	C	0.14223	1e-05	0.85777	0
239	K	0.01928	1e-05	0.98072	0
240	V	0.00219	0	0.99780	0
241	L	0.00035	0	0.99965	0
242	G	0.00031	0	0.99969	0
243	I	0.00011	0	0.99989	0
244	V	0.00001	0	0.99999	0
245	F	0.00000	0	1.00000	0
246	F	0.00000	0	1.00000	0
247	L	0.00000	0	1.00000	0
248	F	0.00000	0	1.00000	0
249	V	0.00000	0	1.00000	0
250	V	0.00000	0	1.00000	0
251	M	0.00000	0	1.00000	0
252	W	0.00000	0	1.00000	0
253	C	0.00000	0	1.00000	0
254	P	0.00000	0	1.00000	0
255	F	0.00000	0	1.00000	0
256	F	0.00000	0	1.00000	0
257	I	0.00000	4e-05	0.99996	0
258	T	0.00000	0.00065	0.99935	0
259	N	0.00000	0.00853	0.99147	0
260	I	0.00000	0.01199	0.98801	0
261	M	0.00000	0.02512	0.97488	0
262	A	0.00000	0.09116	0.90884	0
263	V	0.00000	0.23466	0.76534	0
264	I	0.00000	0.49448	0.50552	0
265	C	0.00000	0.96805	0.03194	0
266	K	0.00001	0.99987	0.00012	0
267	E	0.00001	0.99999	0.00000	0
268	S	0.00001	0.99999	0.00000	0
269	C	0.00001	0.99999	0.00000	0
270	N	0.00001	0.99999	0.00000	0
271	E	0.00001	0.99999	0.00000	0
272	D	0.00001	0.99998	0.00001	0
273	I	0.00001	0.99898	0.00101	0
274	I	0.00001	0.99748	0.00251	0
275	G	0.00001	0.99659	0.00341	0
276	A	0.00001	0.95142	0.04857	0
277	L	0.00000	0.90894	0.09106	0
278	L	0.00000	0.88669	0.11331	0
279	N	0.00000	0.47097	0.52902	0
280	V	0.00000	0.00339	0.99661	0
281	F	0.00000	0.00013	0.99987	0
282	V	0.00000	0	1.00000	0
283	W	0.00000	0	1.00000	0
284	I	0.00000	0	1.00000	0
285	G	0.00000	0	1.00000	0
286	Y	0.00000	0	1.00000	0
287	L	0.00000	0	1.00000	0
288	S	0.00000	0	1.00000	0
289	S	0.00000	0	1.00000	0
290	A	0.00000	0	1.00000	0
291	V	0.00000	0	1.00000	0
292	N	0.00000	0	1.00000	0
293	P	0.00000	0	1.00000	0
294	L	0.00000	0	1.00000	0
295	V	0.00001	0	0.99999	0
296	Y	0.00018	0	0.99982	0
297	T	0.00087	0	0.99913	0
298	L	0.00314	0	0.99686	0
299	F	0.10570	0	0.89430	0
300	N	0.60606	1e-05	0.39394	0
301	K	0.99999	1e-05	0.00000	0
302	T	0.99999	1e-05	0.00000	0
303	Y	0.99999	1e-05	0.00000	0
304	R	0.99999	1e-05	0.00000	0
305	S	0.99999	1e-05	0.00000	0
306	A	0.99999	1e-05	0.00000	0
307	F	0.99999	1e-05	0.00000	0
308	S	0.99999	1e-05	0.00000	0
309	R	0.99999	1e-05	0.00000	0
310	Y	0.99999	1e-05	0.00000	0
311	I	0.99999	1e-05	0.00000	0
312	Q	0.99999	1e-05	0.00000	0
313	C	0.99999	1e-05	0.00000	0
314	Q	0.99999	1e-05	0.00000	0
315	Y	0.99999	1e-05	0.00000	0
316	K	0.99999	0	0.00000	0
317	E	0.99999	0	0.00000	0
318	N	0.99999	0	0.00000	0
319	K	0.99999	0	0.00000	0
320	K	0.99999	0	0.00000	0
321	P	0.99999	0	0.00000	0
322	L	0.99999	0	0.00001	0
323	Q	0.99999	0	0.00001	0
324	L	0.99999	0	0.00001	0
325	I	0.99999	0	0.00001	0
326	L	0.99999	0	0.00001	0
327	V	0.99999	0	0.00001	0
328	N	0.99999	0	0.00001	0
329	T	0.99999	0	0.00001	0
330	I	0.99999	0	0.00001	0
331	P	0.99999	0	0.00001	0
332	A	0.99999	0	0.00001	0
333	L	0.99999	0	0.00001	0
334	A	0.99999	0	0.00001	0
335	Y	0.99999	0	0.00001	0
336	K	1.00000	0	0.00000	0
337	S	1.00000	0	0.00000	0
338	S	1.00000	0	0.00000	0
339	Q	1.00000	0	0.00000	0
340	L	1.00000	0	0.00000	0
341	Q	1.00000	0	0.00000	0
342	M	1.00000	0	0.00000	0
343	G	1.00000	0	0.00000	0
344	Q	1.00000	0	0.00000	0
345	K	1.00000	0	0.00000	0
346	K	1.00000	0	0.00000	0
347	N	1.00000	0	0.00000	0
348	S	1.00000	0	0.00000	0
349	K	1.00000	0	0.00000	0
350	Q	1.00000	0	0.00000	0
351	D	1.00000	0	0.00000	0
352	A	1.00000	0	0.00000	0
353	K	1.00000	0	0.00000	0
354	T	1.00000	0	0.00000	0
355	T	1.00000	0	0.00000	0
356	D	1.00000	0	0.00000	0
357	N	1.00000	0	0.00000	0
358	D	1.00000	0	0.00000	0
359	C	1.00000	0	0.00000	0
360	S	1.00000	0	0.00000	0
361	M	1.00000	0	0.00000	0
362	V	1.00000	0	0.00000	0
363	A	1.00000	0	0.00000	0
364	L	1.00000	0	0.00000	0
365	G	1.00000	0	0.00000	0
366	K	1.00000	0	0.00000	0
367	Q	1.00000	0	0.00000	0
368	H	1.00000	0	0.00000	0
369	S	1.00000	0	0.00000	0
370	E	1.00000	0	0.00000	0
371	E	1.00000	0	0.00000	0
372	A	1.00000	0	0.00000	0
373	S	1.00000	0	0.00000	0
374	K	1.00000	0	0.00000	0
375	D	1.00000	0	0.00000	0
376	N	1.00000	0	0.00000	0
377	S	1.00000	0	0.00000	0
378	D	1.00000	0	0.00000	0
379	G	1.00000	0	0.00000	0
380	V	1.00000	0	0.00000	0
381	N	1.00000	0	0.00000	0
382	E	1.00000	0	0.00000	0
383	K	1.00000	0	0.00000	0
384	V	1.00000	0	0.00000	0
385	S	1.00000	0	0.00000	0
386	C	1.00000	0	0.00000	0
387	V	1.00000	0	0.00000	0
