# UNNAMED
#pos	aa	i	o	M	S
1	M	0.00000	0.985	0.00000	0.015
2	V	0.00000	0.985	0.00000	0.01501
3	L	0.00000	0.985	0.00000	0.015
4	A	0.00000	0.985	0.00000	0.015
5	L	0.00000	0.985	0.00000	0.015
6	N	0.00000	0.985	0.00000	0.015
7	G	0.00000	0.985	0.00000	0.015
8	S	0.00000	0.985	0.00000	0.01501
9	H	0.00000	0.985	0.00000	0.015
10	L	0.00000	0.985	0.00000	0.01501
11	Y	0.00000	0.985	0.00000	0.015
12	G	0.00000	0.985	0.00000	0.015
13	N	0.00000	0.985	0.00000	0.015
14	L	0.00000	0.985	0.00000	0.015
15	R	0.00000	0.985	0.00000	0.015
16	P	0.00000	0.985	0.00000	0.01501
17	L	0.00000	0.985	0.00000	0.015
18	A	0.00000	0.985	0.00000	0.015
19	L	0.00000	0.985	0.00000	0.015
20	E	0.00000	0.99487	0.00000	0.00512
21	E	0.00000	0.99994	0.00000	6e-05
22	P	0.00000	0.99993	0.00000	7e-05
23	R	0.00000	0.99993	0.00000	7e-05
24	A	0.00000	0.99993	0.00000	7e-05
25	L	0.00000	0.99993	0.00000	7e-05
26	G	0.00000	0.99993	0.00000	7e-05
27	G	0.00000	0.99998	0.00000	2e-05
28	G	0.00000	0.99999	0.00000	1e-05
29	R	0.00000	1	0.00000	0
30	M	0.00000	1	0.00000	0
31	I	0.00000	1	0.00000	0
32	A	0.00000	1	0.00000	0
33	G	0.00000	1	0.00000	0
34	S	0.00000	1	0.00000	0
35	W	0.00000	1	0.00000	0
36	P	0.00000	1	0.00000	0
37	P	0.00000	1	0.00000	0
38	R	0.00000	1	0.00000	0
39	S	0.00000	1	0.00000	0
40	L	0.00000	1	0.00000	0
41	A	0.00000	1	0.00000	0
42	K	0.00000	1	0.00000	0
43	L	0.00000	1	0.00000	0
44	G	0.00000	1	0.00000	0
45	P	0.00000	1	0.00000	0
46	S	0.00000	1	0.00000	0
47	P	0.00000	1	0.00000	0
48	P	0.00000	1	0.00000	0
49	P	0.00000	1	0.00000	0
50	S	0.00000	1	0.00000	0
51	A	0.00000	1	0.00000	0
52	L	0.00000	1	0.00000	0
53	P	0.00000	1	0.00000	0
54	T	0.00000	1	0.00000	0
55	A	0.00000	1	0.00000	0
56	S	0.00000	1	0.00000	0
57	P	0.00000	1	0.00000	0
58	L	0.00000	1	0.00000	0
59	P	0.00000	1	0.00000	0
60	A	0.00000	1	0.00000	0
61	N	0.00000	1	0.00000	0
62	D	0.00000	1	0.00000	0
63	S	0.00000	1	0.00000	0
64	Q	0.00000	1	0.00000	0
65	C	0.00000	1	0.00000	0
66	G	0.00000	1	0.00000	0
67	E	0.00000	1	0.00000	0
68	Q	0.00000	1	0.00000	0
69	I	0.00000	0.99999	0.00001	0
70	L	0.00000	0.99999	0.00001	0
71	S	0.00000	0.99999	0.00001	0
72	Y	0.00000	0.99998	0.00002	0
73	G	0.00000	0.99997	0.00003	0
74	S	0.00000	0.99993	0.00007	0
75	A	0.00000	0.99977	0.00023	0
76	E	0.00000	0.9993	0.00070	0
77	K	0.00000	0.98996	0.01004	0
78	V	0.00000	0.46988	0.53012	0
79	L	0.00000	0.17789	0.82211	0
80	I	0.00000	0.02256	0.97744	0
81	G	0.00000	0.01913	0.98087	0
82	A	0.00000	0.01436	0.98564	0
83	V	0.00000	0.00667	0.99333	0
84	L	0.00000	0.00302	0.99698	0
85	C	0.00000	0.00216	0.99784	0
86	L	0.00000	0.00042	0.99958	0
87	I	0.00000	1e-05	0.99999	0
88	T	0.00000	0	1.00000	0
89	L	0.00000	0	1.00000	0
90	L	0.00000	0	1.00000	0
91	T	0.00000	0	1.00000	0
92	I	0.00000	0	1.00000	0
93	A	0.00000	0	1.00000	0
94	G	0.00000	0	1.00000	0
95	N	0.00000	0	1.00000	0
96	C	0.00000	0	1.00000	0
97	L	0.00000	0	1.00000	0
98	V	0.00000	0	1.00000	0
99	V	0.00004	0	0.99996	0
100	I	0.00168	0	0.99832	0
101	S	0.14760	0	0.85240	0
102	V	0.18315	0	0.81685	0
103	C	0.28882	0	0.71118	0
104	F	0.41384	0	0.58616	0
105	V	0.75874	0	0.24126	0
106	K	0.99367	0	0.00633	0
107	K	0.99995	0	0.00005	0
108	L	0.99999	0	0.00001	0
109	R	1.00000	0	0.00000	0
110	Q	1.00000	0	0.00000	0
111	P	1.00000	0	0.00000	0
112	S	0.89141	0	0.10859	0
113	N	0.23525	0	0.76475	0
114	Y	0.08443	0	0.91557	0
115	L	0.00116	0	0.99884	0
116	I	0.00005	0	0.99995	0
117	V	0.00000	0	1.00000	0
118	S	0.00000	0	1.00000	0
119	L	0.00000	0	1.00000	0
120	A	0.00000	0	1.00000	0
121	L	0.00000	0	1.00000	0
122	A	0.00000	0	1.00000	0
123	D	0.00000	0	1.00000	0
124	L	0.00000	0	1.00000	0
125	S	0.00000	0	1.00000	0
126	V	0.00000	0	1.00000	0
127	A	0.00000	0	1.00000	0
128	L	0.00000	0	1.00000	0
129	A	0.00000	0	1.00000	0
130	V	0.00000	0	1.00000	0
131	M	0.00000	3e-05	0.99997	0
132	P	0.00000	0.00083	0.99917	0
133	F	0.00000	0.00928	0.99072	0
134	V	0.00000	0.10033	0.89967	0
135	S	0.00000	0.74215	0.25785	0
136	V	0.00000	0.84362	0.15638	0
137	T	0.00000	0.99993	0.00007	0
138	D	0.00000	0.99998	0.00002	0
139	L	0.00000	0.99998	0.00002	0
140	I	0.00000	0.99998	0.00002	0
141	G	0.00000	1	0.00000	0
142	G	0.00000	1	0.00000	0
143	E	0.00000	1	0.00000	0
144	W	0.00000	1	0.00000	0
145	I	0.00000	0.99999	0.00001	0
146	F	0.00000	0.99997	0.00003	0
147	G	0.00000	0.99996	0.00004	0
148	R	0.00000	0.99996	0.00004	0
149	L	0.00000	0.99996	0.00004	0
150	F	0.00000	0.99995	0.00005	0
151	C	0.00000	0.99994	0.00006	0
152	N	0.00000	0.99986	0.00014	0
153	V	0.00000	0.99185	0.00815	0
154	F	0.00000	0.33632	0.66368	0
155	I	0.00000	0.03342	0.96658	0
156	A	0.00000	0.0008	0.99920	0
157	M	0.00000	1e-05	0.99999	0
158	D	0.00000	0	1.00000	0
159	V	0.00000	0	1.00000	0
160	M	0.00000	0	1.00000	0
161	C	0.00000	0	1.00000	0
162	C	0.00000	0	1.00000	0
163	T	0.00000	0	1.00000	0
164	A	0.00000	0	1.00000	0
165	S	0.00000	0	1.00000	0
166	I	0.00000	0	1.00000	0
167	M	0.00000	0	1.00000	0
168	T	0.00000	0	1.00000	0
169	L	0.00000	0	1.00000	0
170	C	0.00000	0	1.00000	0
171	V	0.00000	0	1.00000	0
172	I	0.00000	0	1.00000	0
173	S	0.00000	0	1.00000	0
174	I	0.00004	0	0.99996	0
175	D	0.00018	0	0.99982	0
176	R	0.20307	0	0.79693	0
177	Y	0.59086	0	0.40914	0
178	L	0.93412	0	0.06588	0
179	G	0.99376	0	0.00624	0
180	I	1.00000	0	0.00000	0
181	T	1.00000	0	0.00000	0
182	R	1.00000	0	0.00000	0
183	P	1.00000	0	0.00000	0
184	L	1.00000	0	0.00000	0
185	T	1.00000	0	0.00000	0
186	Y	1.00000	0	0.00000	0
187	P	1.00000	0	0.00000	0
188	V	1.00000	0	0.00000	0
189	R	1.00000	0	0.00000	0
190	Q	1.00000	0	0.00000	0
191	N	0.99996	0	0.00004	0
192	G	0.99973	0	0.00027	0
193	K	0.99036	0	0.00964	0
194	C	0.04756	0	0.95244	0
195	M	0.04290	0	0.95710	0
196	A	0.03929	0	0.96071	0
197	K	0.03761	0	0.96239	0
198	M	0.00551	0	0.99449	0
199	I	0.00111	0	0.99889	0
200	L	0.00001	0	0.99999	0
201	C	0.00000	0	1.00000	0
202	V	0.00000	0	1.00000	0
203	W	0.00000	0	1.00000	0
204	L	0.00000	0	1.00000	0
205	L	0.00000	0	1.00000	0
206	S	0.00000	0	1.00000	0
207	A	0.00000	0	1.00000	0
208	S	0.00000	0	1.00000	0
209	I	0.00000	0	1.00000	0
210	T	0.00000	0	1.00000	0
211	I	0.00000	0	1.00000	0
212	P	0.00000	0.00045	0.99955	0
213	P	0.00000	0.00385	0.99615	0
214	L	0.00000	0.01744	0.98256	0
215	F	0.00000	0.16875	0.83125	0
216	G	0.00000	0.79068	0.20932	0
217	W	0.00000	0.87606	0.12394	0
218	A	0.00000	0.9267	0.07330	0
219	Q	0.00000	0.99472	0.00528	0
220	N	0.00000	0.99935	0.00065	0
221	V	0.00000	0.99959	0.00041	0
222	N	0.00000	0.99999	0.00001	0
223	D	0.00000	1	0.00000	0
224	E	0.00000	1	0.00000	0
225	K	0.00000	1	0.00000	0
226	V	0.00000	1	0.00000	0
227	C	0.00000	1	0.00000	0
228	L	0.00000	1	0.00000	0
229	I	0.00000	1	0.00000	0
230	S	0.00000	1	0.00000	0
231	Q	0.00000	0.99999	0.00001	0
232	D	0.00000	0.99997	0.00003	0
233	F	0.00000	0.8409	0.15910	0
234	G	0.00000	0.56291	0.43709	0
235	Y	0.00000	0.39167	0.60833	0
236	T	0.00000	0.27133	0.72867	0
237	I	0.00000	0.0286	0.97140	0
238	Y	0.00000	0.0097	0.99030	0
239	S	0.00000	0.00809	0.99191	0
240	T	0.00000	0.00271	0.99729	0
241	A	0.00000	0.00201	0.99799	0
242	V	0.00000	1e-05	0.99999	0
243	A	0.00000	0	1.00000	0
244	F	0.00000	0	1.00000	0
245	Y	0.00000	0	1.00000	0
246	I	0.00000	0	1.00000	0
247	P	0.00000	0	1.00000	0
248	M	0.00000	0	1.00000	0
249	S	0.00000	0	1.00000	0
250	V	0.00000	0	1.00000	0
251	M	0.00000	0	1.00000	0
252	L	0.00000	0	1.00000	0
253	F	0.00000	0	1.00000	0
254	M	0.00001	0	0.99999	0
255	Y	0.00043	0	0.99957	0
256	Y	0.01139	0	0.98861	0
257	Q	0.23109	0	0.76891	0
258	I	0.23928	0	0.76072	0
259	Y	0.30712	0	0.69288	0
260	K	0.98198	0	0.01802	0
261	A	0.98942	0	0.01058	0
262	A	0.99127	0	0.00873	0
263	R	0.99894	0	0.00106	0
264	R	0.99997	0	0.00003	0
265	S	1.00000	0	0.00000	0
266	A	1.00000	0	0.00000	0
267	A	1.00000	0	0.00000	0
268	K	1.00000	0	0.00000	0
269	H	1.00000	0	0.00000	0
270	K	1.00000	0	0.00000	0
271	F	1.00000	0	0.00000	0
272	T	1.00000	0	0.00000	0
273	G	1.00000	0	0.00000	0
274	F	1.00000	0	0.00000	0
275	P	1.00000	0	0.00000	0
276	R	1.00000	0	0.00000	0
277	L	1.00000	0	0.00000	0
278	E	1.00000	0	0.00000	0
279	E	1.00000	0	0.00000	0
280	I	1.00000	0	0.00000	0
281	E	1.00000	0	0.00000	0
282	G	1.00000	0	0.00000	0
283	I	1.00000	0	0.00000	0
284	S	1.00000	0	0.00000	0
285	V	1.00000	0	0.00000	0
286	N	1.00000	0	0.00000	0
287	G	1.00000	0	0.00000	0
288	L	1.00000	0	0.00000	0
289	V	1.00000	0	0.00000	0
290	K	1.00000	0	0.00000	0
291	H	1.00000	0	0.00000	0
292	K	1.00000	0	0.00000	0
293	E	1.00000	0	0.00000	0
294	S	1.00000	0	0.00000	0
295	E	1.00000	0	0.00000	0
296	E	1.00000	0	0.00000	0
297	C	1.00000	0	0.00000	0
298	T	1.00000	0	0.00000	0
299	N	1.00000	0	0.00000	0
300	F	1.00000	0	0.00000	0
301	S	1.00000	0	0.00000	0
302	R	1.00000	0	0.00000	0
303	L	1.00000	0	0.00000	0
304	L	1.00000	0	0.00000	0
305	K	1.00000	0	0.00000	0
306	H	1.00000	0	0.00000	0
307	D	1.00000	0	0.00000	0
308	K	1.00000	0	0.00000	0
309	K	1.00000	0	0.00000	0
310	N	1.00000	0	0.00000	0
311	I	1.00000	0	0.00000	0
312	S	1.00000	0	0.00000	0
313	I	1.00000	0	0.00000	0
314	F	1.00000	0	0.00000	0
315	K	1.00000	0	0.00000	0
316	R	1.00000	0	0.00000	0
317	E	1.00000	0	0.00000	0
318	Q	0.99358	0	0.00642	0
319	K	0.99185	0	0.00815	0
320	A	0.14651	0	0.85349	0
321	A	0.14396	0	0.85604	0
322	T	0.14233	0	0.85767	0
323	T	0.10354	0	0.89646	0
324	L	0.00146	0	0.99854	0
325	G	0.00052	0	0.99948	0
326	I	0.00025	0	0.99975	0
327	I	0.00002	0	0.99998	0
328	V	0.00000	0	1.00000	0
329	G	0.00000	0	1.00000	0
330	A	0.00000	0	1.00000	0
331	F	0.00000	0	1.00000	0
332	T	0.00000	0	1.00000	0
333	V	0.00000	0	1.00000	0
334	C	0.00000	0	1.00000	0
335	W	0.00000	0	1.00000	0
336	L	0.00000	0	1.00000	0
337	P	0.00000	0	1.00000	0
338	F	0.00000	0	1.00000	0
339	F	0.00000	0	1.00000	0
340	L	0.00000	0.00066	0.99934	0
341	L	0.00000	0.01409	0.98591	0
342	S	0.00000	0.15667	0.84333	0
343	T	0.00000	0.39309	0.60691	0
344	A	0.00000	0.53933	0.46067	0
345	R	0.00000	0.87792	0.12208	0
346	P	0.00000	0.89434	0.10566	0
347	F	0.00000	0.89887	0.10113	0
348	I	0.00000	0.92454	0.07546	0
349	C	0.00000	0.99631	0.00369	0
350	G	0.00000	0.99994	0.00006	0
351	T	0.00000	0.99996	0.00004	0
352	A	0.00000	0.99998	0.00002	0
353	C	0.00000	1	0.00000	0
354	S	0.00000	1	0.00000	0
355	C	0.00000	1	0.00000	0
356	I	0.00000	1	0.00000	0
357	P	0.00000	0.99999	0.00001	0
358	L	0.00000	0.99366	0.00634	0
359	W	0.00000	0.99045	0.00955	0
360	V	0.00000	0.98856	0.01144	0
361	E	0.00000	0.98758	0.01242	0
362	R	0.00000	0.70667	0.29333	0
363	T	0.00000	0.02523	0.97477	0
364	F	0.00000	0.00096	0.99904	0
365	L	0.00000	0	1.00000	0
366	W	0.00000	0	1.00000	0
367	L	0.00000	0	1.00000	0
368	G	0.00000	0	1.00000	0
369	Y	0.00000	0	1.00000	0
370	A	0.00000	0	1.00000	0
371	N	0.00000	0	1.00000	0
372	S	0.00000	0	1.00000	0
373	L	0.00000	0	1.00000	0
374	I	0.00000	0	1.00000	0
375	N	0.00000	0	1.00000	0
376	P	0.00000	0	1.00000	0
377	F	0.00000	0	1.00000	0
378	I	0.00000	0	1.00000	0
379	Y	0.00004	0	0.99996	0
380	A	0.00018	0	0.99982	0
381	F	0.00039	0	0.99961	0
382	F	0.03601	0	0.96399	0
383	N	0.51417	0	0.48583	0
384	R	1.00000	0	0.00000	0
385	D	1.00000	0	0.00000	0
386	L	1.00000	0	0.00000	0
387	R	1.00000	0	0.00000	0
388	T	1.00000	0	0.00000	0
389	T	1.00000	0	0.00000	0
390	Y	1.00000	0	0.00000	0
391	R	1.00000	0	0.00000	0
392	N	1.00000	0	0.00000	0
393	L	1.00000	0	0.00000	0
394	L	1.00000	0	0.00000	0
395	Q	1.00000	0	0.00000	0
396	C	1.00000	0	0.00000	0
397	R	1.00000	0	0.00000	0
398	Y	1.00000	0	0.00000	0
399	R	1.00000	0	0.00000	0
400	N	1.00000	0	0.00000	0
401	I	1.00000	0	0.00000	0
402	N	1.00000	0	0.00000	0
403	R	1.00000	0	0.00000	0
404	K	1.00000	0	0.00000	0
405	L	1.00000	0	0.00000	0
406	S	1.00000	0	0.00000	0
407	A	1.00000	0	0.00000	0
408	A	1.00000	0	0.00000	0
409	G	1.00000	0	0.00000	0
410	M	1.00000	0	0.00000	0
411	H	1.00000	0	0.00000	0
412	E	1.00000	0	0.00000	0
413	A	1.00000	0	0.00000	0
414	L	1.00000	0	0.00000	0
415	K	1.00000	0	0.00000	0
416	L	1.00000	0	0.00000	0
417	A	1.00000	0	0.00000	0
418	E	1.00000	0	0.00000	0
419	K	1.00000	0	0.00000	0
420	P	1.00000	0	0.00000	0
421	E	1.00000	0	0.00000	0
422	F	1.00000	0	0.00000	0
423	V	1.00000	0	0.00000	0
424	L	1.00000	0	0.00000	0
