# UNNAMED
#pos	aa	i	o	M	S
1	M	0.00000	1	0.00000	0
2	T	0.00000	1	0.00000	0
3	L	0.00000	1	0.00000	0
4	K	0.00000	1	0.00000	0
5	A	0.00000	1	0.00000	0
6	N	0.00000	1	0.00000	0
7	S	0.00000	1	0.00000	0
8	S	0.00000	1	0.00000	0
9	G	0.00000	0.99999	0.00000	0
10	S	0.00000	0.99996	0.00004	0
11	L	0.00000	0.9997	0.00030	0
12	T	0.00000	0.99678	0.00321	0
13	L	0.00000	0.99027	0.00973	0
14	T	0.00000	0.98665	0.01335	0
15	A	0.00000	0.98244	0.01756	0
16	K	0.00000	0.97681	0.02319	0
17	V	0.00000	0.67388	0.32612	0
18	S	0.00000	0.55688	0.44312	0
19	L	0.00000	0.22486	0.77514	0
20	A	0.00000	0.12084	0.87915	0
21	L	0.00000	0.05883	0.94117	0
22	L	0.00000	0.0371	0.96290	0
23	M	0.00000	0.03007	0.96993	0
24	S	0.00000	0.01252	0.98748	0
25	L	0.00000	0.00114	0.99886	0
26	L	0.00000	1e-05	0.99999	0
27	A	0.00000	0	1.00000	0
28	F	0.00000	0	1.00000	0
29	A	0.00000	0	1.00000	0
30	I	0.00000	0	1.00000	0
31	M	0.00000	0	1.00000	0
32	L	0.00000	0	1.00000	0
33	G	0.00000	0	1.00000	0
34	N	0.00000	0	1.00000	0
35	A	0.00000	0	1.00000	0
36	V	0.00000	0	1.00000	0
37	V	0.00000	0	1.00000	0
38	I	0.00000	0	1.00000	0
39	L	0.00012	0	0.99988	0
40	A	0.00501	0	0.99499	0
41	F	0.02194	0	0.97806	0
42	V	0.15342	0	0.84658	0
43	V	0.49441	0	0.50559	0
44	D	0.99547	0	0.00453	0
45	K	0.99989	0	0.00011	0
46	N	0.99999	0	0.00001	0
47	L	1.00000	0	0.00000	0
48	R	1.00000	0	0.00000	0
49	H	0.99999	0	0.00001	0
50	R	0.99998	0	0.00002	0
51	S	0.99462	0	0.00538	0
52	N	0.90017	0	0.09983	0
53	Y	0.35337	0	0.64663	0
54	F	0.00471	0	0.99529	0
55	L	0.00066	0	0.99934	0
56	L	0.00000	0	1.00000	0
57	N	0.00000	0	1.00000	0
58	L	0.00000	0	1.00000	0
59	A	0.00000	0	1.00000	0
60	I	0.00000	0	1.00000	0
61	S	0.00000	0	1.00000	0
62	D	0.00000	0	1.00000	0
63	F	0.00000	0	1.00000	0
64	F	0.00000	0	1.00000	0
65	V	0.00000	0	1.00000	0
66	G	0.00000	0	1.00000	0
67	A	0.00000	0	1.00000	0
68	I	0.00000	0	1.00000	0
69	S	0.00000	0	1.00000	0
70	I	0.00000	2e-05	0.99998	0
71	P	0.00000	0.00055	0.99945	0
72	L	0.00000	0.00307	0.99693	0
73	Y	0.00000	0.04744	0.95256	0
74	I	0.00000	0.06669	0.93331	0
75	P	0.00000	0.50805	0.49195	0
76	H	0.00000	0.99999	0.00001	0
77	T	0.00000	0.99999	0.00001	0
78	V	0.00000	0.99999	0.00001	0
79	F	0.00000	1	0.00000	0
80	T	0.00000	1	0.00000	0
81	W	0.00000	1	0.00000	0
82	N	0.00000	1	0.00000	0
83	F	0.00000	1	0.00000	0
84	G	0.00000	1	0.00000	0
85	S	0.00000	1	0.00000	0
86	E	0.00000	1	0.00000	0
87	I	0.00000	1	0.00000	0
88	C	0.00000	1	0.00000	0
89	T	0.00000	0.99997	0.00003	0
90	F	0.00000	0.99947	0.00053	0
91	W	0.00000	0.95136	0.04864	0
92	L	0.00000	0.27004	0.72996	0
93	I	0.00000	0.04509	0.95491	0
94	V	0.00000	0.00073	0.99927	0
95	D	0.00000	0.00025	0.99975	0
96	Y	0.00000	2e-05	0.99998	0
97	L	0.00000	0	1.00000	0
98	L	0.00000	0	1.00000	0
99	C	0.00000	0	1.00000	0
100	T	0.00000	0	1.00000	0
101	A	0.00000	0	1.00000	0
102	S	0.00000	0	1.00000	0
103	V	0.00000	0	1.00000	0
104	Y	0.00000	0	1.00000	0
105	N	0.00000	0	1.00000	0
106	I	0.00000	0	1.00000	0
107	V	0.00000	0	1.00000	0
108	L	0.00000	0	1.00000	0
109	I	0.00000	0	1.00000	0
110	S	0.00000	0	1.00000	0
111	Y	0.00000	0	1.00000	0
112	D	0.00001	0	0.99999	0
113	R	0.00529	0	0.99471	0
114	Y	0.03925	0	0.96075	0
115	Q	0.11214	0	0.88786	0
116	S	0.87050	0	0.12950	0
117	V	0.99996	0	0.00004	0
118	S	1.00000	0	0.00000	0
119	N	1.00000	0	0.00000	0
120	A	1.00000	0	0.00000	0
121	V	1.00000	0	0.00000	0
122	S	1.00000	0	0.00000	0
123	Y	1.00000	0	0.00000	0
124	R	1.00000	0	0.00000	0
125	A	1.00000	0	0.00000	0
126	K	1.00000	0	0.00000	0
127	H	0.99999	0	0.00001	0
128	T	0.99971	0	0.00029	0
129	G	0.99875	0	0.00125	0
130	S	0.99564	0	0.00436	0
131	L	0.93272	0	0.06728	0
132	K	0.91881	0	0.08119	0
133	I	0.08884	0	0.91116	0
134	V	0.01733	0	0.98267	0
135	A	0.01000	0	0.99000	0
136	Q	0.00878	0	0.99122	0
137	M	0.00098	0	0.99902	0
138	A	0.00009	0	0.99991	0
139	A	0.00000	0	1.00000	0
140	V	0.00000	0	1.00000	0
141	W	0.00000	0	1.00000	0
142	I	0.00000	0	1.00000	0
143	L	0.00000	0	1.00000	0
144	A	0.00000	0	1.00000	0
145	F	0.00000	0	1.00000	0
146	L	0.00000	0	1.00000	0
147	V	0.00000	1e-05	0.99999	0
148	N	0.00000	0.00035	0.99965	0
149	G	0.00000	0.00066	0.99934	0
150	P	0.00000	0.00091	0.99909	0
151	M	0.00000	0.00115	0.99885	0
152	I	0.00000	0.00399	0.99601	0
153	L	0.00000	0.02307	0.97693	0
154	V	0.00000	0.13574	0.86426	0
155	S	0.00000	0.69558	0.30442	0
156	N	0.00000	0.98476	0.01524	0
157	S	0.00000	0.99359	0.00641	0
158	W	0.00000	0.9969	0.00310	0
159	K	0.00000	0.99997	0.00003	0
160	S	0.00000	0.99999	0.00001	0
161	N	0.00000	1	0.00000	0
162	S	0.00000	1	0.00000	0
163	T	0.00000	1	0.00000	0
164	V	0.00000	1	0.00000	0
165	T	0.00000	1	0.00000	0
166	N	0.00000	1	0.00000	0
167	E	0.00000	1	0.00000	0
168	C	0.00000	1	0.00000	0
169	E	0.00000	1	0.00000	0
170	P	0.00000	0.99998	0.00002	0
171	G	0.00000	0.99998	0.00002	0
172	F	0.00000	0.99994	0.00006	0
173	V	0.00000	0.99994	0.00006	0
174	S	0.00000	0.99994	0.00006	0
175	K	0.00000	0.9999	0.00010	0
176	W	0.00000	0.99826	0.00174	0
177	Y	0.00000	0.98756	0.01244	0
178	I	0.00000	0.96421	0.03579	0
179	L	0.00000	0.95917	0.04083	0
180	A	0.00000	0.95781	0.04219	0
181	I	0.00000	0.01669	0.98331	0
182	T	0.00000	0.01534	0.98466	0
183	T	0.00000	0.01414	0.98586	0
184	F	0.00000	0.00584	0.99416	0
185	L	0.00000	2e-05	0.99998	0
186	E	0.00000	1e-05	0.99999	0
187	F	0.00000	1e-05	0.99999	0
188	L	0.00000	0	1.00000	0
189	V	0.00000	0	1.00000	0
190	P	0.00000	0	1.00000	0
191	V	0.00000	0	1.00000	0
192	I	0.00000	0	1.00000	0
193	S	0.00000	0	1.00000	0
194	V	0.00000	0	1.00000	0
195	A	0.00000	0	1.00000	0
196	Y	0.00000	0	1.00000	0
197	F	0.00001	0	0.99999	0
198	N	0.00016	0	0.99984	0
199	V	0.00041	0	0.99959	0
200	Q	0.00325	0	0.99675	0
201	I	0.00337	0	0.99663	0
202	Y	0.00354	0	0.99646	0
203	W	0.00508	0	0.99492	0
204	S	0.04676	0	0.95324	0
205	L	0.05703	0	0.94297	0
206	W	0.16068	0	0.83932	0
207	K	0.99549	0	0.00451	0
208	R	0.99978	0	0.00022	0
209	G	0.99989	0	0.00011	0
210	S	0.99997	0	0.00003	0
211	L	0.99998	0	0.00002	0
212	N	1.00000	0	0.00000	0
213	R	1.00000	0	0.00000	0
214	C	1.00000	0	0.00000	0
215	C	1.00000	0	0.00000	0
216	S	1.00000	0	0.00000	0
217	H	1.00000	0	0.00000	0
218	V	1.00000	0	0.00000	0
219	G	1.00000	0	0.00000	0
220	F	1.00000	0	0.00000	0
221	I	1.00000	0	0.00000	0
222	P	1.00000	0	0.00000	0
223	T	1.00000	0	0.00000	0
224	S	1.00000	0	0.00000	0
225	S	1.00000	0	0.00000	0
226	S	1.00000	0	0.00000	0
227	D	1.00000	0	0.00000	0
228	S	1.00000	0	0.00000	0
229	G	1.00000	0	0.00000	0
230	H	1.00000	0	0.00000	0
231	L	1.00000	0	0.00000	0
232	P	1.00000	0	0.00000	0
233	R	1.00000	0	0.00000	0
234	A	1.00000	0	0.00000	0
235	G	1.00000	0	0.00000	0
236	G	1.00000	0	0.00000	0
237	V	1.00000	0	0.00000	0
238	S	1.00000	0	0.00000	0
239	R	1.00000	0	0.00000	0
240	T	1.00000	0	0.00000	0
241	P	1.00000	0	0.00000	0
242	L	1.00000	0	0.00000	0
243	P	1.00000	0	0.00000	0
244	A	1.00000	0	0.00000	0
245	S	1.00000	0	0.00000	0
246	K	1.00000	0	0.00000	0
247	E	1.00000	0	0.00000	0
248	S	1.00000	0	0.00000	0
249	A	1.00000	0	0.00000	0
250	T	1.00000	0	0.00000	0
251	S	1.00000	0	0.00000	0
252	L	1.00000	0	0.00000	0
253	H	1.00000	0	0.00000	0
254	S	1.00000	0	0.00000	0
255	K	1.00000	0	0.00000	0
256	C	1.00000	0	0.00000	0
257	P	1.00000	0	0.00000	0
258	R	1.00000	0	0.00000	0
259	R	1.00000	0	0.00000	0
260	K	1.00000	0	0.00000	0
261	S	1.00000	0	0.00000	0
262	S	1.00000	0	0.00000	0
263	L	1.00000	0	0.00000	0
264	L	1.00000	0	0.00000	0
265	V	1.00000	0	0.00000	0
266	S	1.00000	0	0.00000	0
267	L	1.00000	0	0.00000	0
268	R	1.00000	0	0.00000	0
269	T	1.00000	0	0.00000	0
270	H	1.00000	0	0.00000	0
271	T	1.00000	0	0.00000	0
272	N	1.00000	0	0.00000	0
273	S	1.00000	0	0.00000	0
274	N	1.00000	0	0.00000	0
275	V	1.00000	0	0.00000	0
276	F	1.00000	0	0.00000	0
277	K	1.00000	0	0.00000	0
278	V	1.00000	0	0.00000	0
279	G	1.00000	0	0.00000	0
280	S	1.00000	0	0.00000	0
281	L	1.00000	0	0.00000	0
282	S	1.00000	0	0.00000	0
283	Q	1.00000	0	0.00000	0
284	S	1.00000	0	0.00000	0
285	E	1.00000	0	0.00000	0
286	A	1.00000	0	0.00000	0
287	S	1.00000	0	0.00000	0
288	A	1.00000	0	0.00000	0
289	L	1.00000	0	0.00000	0
290	H	1.00000	0	0.00000	0
291	R	1.00000	0	0.00000	0
292	R	1.00000	0	0.00000	0
293	E	1.00000	0	0.00000	0
294	H	1.00000	0	0.00000	0
295	T	1.00000	0	0.00000	0
296	E	1.00000	0	0.00000	0
297	L	1.00000	0	0.00000	0
298	L	1.00000	0	0.00000	0
299	R	1.00000	0	0.00000	0
300	G	0.99997	0	0.00003	0
301	R	0.99817	0	0.00183	0
302	K	0.99813	0	0.00187	0
303	L	0.99097	0	0.00903	0
304	A	0.99063	0	0.00937	0
305	R	0.99049	0	0.00951	0
306	S	0.98953	0	0.01047	0
307	L	0.01480	0	0.98520	0
308	A	0.00192	0	0.99808	0
309	I	0.00068	0	0.99932	0
310	L	0.00004	0	0.99996	0
311	L	0.00002	0	0.99998	0
312	G	0.00000	0	1.00000	0
313	A	0.00000	0	1.00000	0
314	F	0.00000	0	1.00000	0
315	A	0.00000	0	1.00000	0
316	I	0.00000	0	1.00000	0
317	C	0.00000	0	1.00000	0
318	W	0.00000	0	1.00000	0
319	A	0.00000	0	1.00000	0
320	P	0.00000	0	1.00000	0
321	Y	0.00000	0	1.00000	0
322	C	0.00000	0	1.00000	0
323	L	0.00000	1e-05	0.99999	0
324	S	0.00000	9e-05	0.99991	0
325	T	0.00000	0.00012	0.99988	0
326	I	0.00000	0.00018	0.99982	0
327	V	0.00000	0.00028	0.99972	0
328	L	0.00000	0.0067	0.99330	0
329	S	0.00000	0.06744	0.93256	0
330	A	0.00000	0.13059	0.86941	0
331	Y	0.00000	0.31802	0.68198	0
332	A	0.00000	0.53269	0.46731	0
333	E	0.00000	0.99127	0.00873	0
334	E	0.00000	0.9998	0.00020	0
335	E	0.00000	1	0.00000	0
336	R	0.00000	1	0.00000	0
337	P	0.00000	1	0.00000	0
338	K	0.00000	0.99994	0.00006	0
339	S	0.00000	0.999	0.00100	0
340	I	0.00000	0.98595	0.01405	0
341	W	0.00000	0.98148	0.01852	0
342	Y	0.00000	0.97952	0.02048	0
343	T	0.00000	0.683	0.31700	0
344	I	0.00000	0.319	0.68100	0
345	A	0.00000	0.28273	0.71727	0
346	F	0.00000	0.0015	0.99850	0
347	W	0.00000	0	1.00000	0
348	L	0.00000	0	1.00000	0
349	Q	0.00000	0	1.00000	0
350	W	0.00000	0	1.00000	0
351	F	0.00000	0	1.00000	0
352	N	0.00000	0	1.00000	0
353	S	0.00000	0	1.00000	0
354	F	0.00000	0	1.00000	0
355	V	0.00000	0	1.00000	0
356	N	0.00000	0	1.00000	0
357	P	0.00000	0	1.00000	0
358	F	0.00000	0	1.00000	0
359	L	0.00000	0	1.00000	0
360	Y	0.00001	0	0.99999	0
361	P	0.00012	0	0.99988	0
362	L	0.00256	0	0.99744	0
363	C	0.04428	0	0.95572	0
364	H	0.26872	0	0.73128	0
365	R	1.00000	0	0.00000	0
366	S	1.00000	0	0.00000	0
367	F	1.00000	0	0.00000	0
368	Q	1.00000	0	0.00000	0
369	K	1.00000	0	0.00000	0
370	A	1.00000	0	0.00000	0
371	F	1.00000	0	0.00000	0
372	W	1.00000	0	0.00000	0
373	K	1.00000	0	0.00000	0
374	I	1.00000	0	0.00000	0
375	F	1.00000	0	0.00000	0
376	C	1.00000	0	0.00000	0
377	V	1.00000	0	0.00000	0
378	K	1.00000	0	0.00000	0
379	R	1.00000	0	0.00000	0
380	Q	1.00000	0	0.00000	0
381	H	1.00000	0	0.00000	0
382	A	1.00000	0	0.00000	0
383	P	1.00000	0	0.00000	0
384	S	1.00000	0	0.00000	0
385	Q	1.00000	0	0.00000	0
386	N	1.00000	0	0.00000	0
387	Q	1.00000	0	0.00000	0
388	S	1.00000	0	0.00000	0
389	I	1.00000	0	0.00000	0
390	S	1.00000	0	0.00000	0
391	S	1.00000	0	0.00000	0
