# UNNAMED
#pos	aa	i	o	M	S
1	M	0.00000	0.99826	0.00000	0.00174
2	M	0.00000	0.99826	0.00000	0.00174
3	S	0.00000	0.99826	0.00000	0.00174
4	F	0.00000	0.99826	0.00000	0.00174
5	C	0.00000	0.99826	0.00000	0.00174
6	H	0.00000	0.99826	0.00000	0.00174
7	N	0.00000	0.99826	0.00000	0.00174
8	V	0.00000	0.99826	0.00000	0.00174
9	I	0.00000	0.99826	0.00000	0.00174
10	N	0.00000	0.99826	0.00000	0.00174
11	I	0.00000	0.99826	0.00000	0.00174
12	S	0.00000	0.99826	0.00000	0.00174
13	C	0.00000	0.99826	0.00000	0.00174
14	E	0.00000	0.99861	0.00000	0.00139
15	K	0.00000	0.9988	0.00000	0.00119
16	S	0.00000	0.99881	0.00000	0.00119
17	S	0.00000	0.99881	0.00000	0.00119
18	W	0.00000	0.99881	0.00000	0.00119
19	S	0.00000	0.99881	0.00000	0.00119
20	N	0.00000	0.99999	0.00000	0
21	D	0.00000	1	0.00000	0
22	V	0.00000	0.99967	0.00032	0
23	R	0.00000	0.99111	0.00889	0
24	A	0.00000	0.81669	0.18331	0
25	S	0.00000	0.69638	0.30362	0
26	L	0.00000	0.44396	0.55604	0
27	Y	0.00000	0.28671	0.71329	0
28	S	0.00000	0.2639	0.73610	0
29	L	0.00000	0.1637	0.83630	0
30	M	0.00000	0.09722	0.90278	0
31	V	0.00000	0.02417	0.97583	0
32	L	0.00000	0.00524	0.99476	0
33	I	0.00000	0.0001	0.99990	0
34	I	0.00000	0	1.00000	0
35	L	0.00000	0	1.00000	0
36	T	0.00000	0	1.00000	0
37	T	0.00000	0	1.00000	0
38	V	0.00000	0	1.00000	0
39	V	0.00000	0	1.00000	0
40	G	0.00000	0	1.00000	0
41	N	0.00000	0	1.00000	0
42	L	0.00000	0	1.00000	0
43	I	0.00000	0	1.00000	0
44	V	0.00000	0	1.00000	0
45	I	0.00001	0	0.99999	0
46	I	0.00120	0	0.99880	0
47	S	0.14673	0	0.85327	0
48	I	0.20213	0	0.79787	0
49	S	0.67614	0	0.32386	0
50	H	0.77059	0	0.22941	0
51	F	0.81397	0	0.18603	0
52	K	0.98642	0	0.01358	0
53	E	0.99926	0	0.00074	0
54	L	0.99943	0	0.00057	0
55	H	1.00000	0	0.00000	0
56	T	1.00000	0	0.00000	0
57	P	1.00000	0	0.00000	0
58	T	0.98820	0	0.01180	0
59	N	0.42494	0	0.57506	0
60	W	0.31464	0	0.68536	0
61	L	0.00488	0	0.99512	0
62	I	0.00005	0	0.99995	0
63	Y	0.00000	0	1.00000	0
64	S	0.00000	0	1.00000	0
65	M	0.00000	0	1.00000	0
66	A	0.00000	0	1.00000	0
67	T	0.00000	0	1.00000	0
68	V	0.00000	0	1.00000	0
69	D	0.00000	0	1.00000	0
70	F	0.00000	0	1.00000	0
71	L	0.00000	0	1.00000	0
72	L	0.00000	0	1.00000	0
73	G	0.00000	0	1.00000	0
74	C	0.00000	0	1.00000	0
75	L	0.00000	0	1.00000	0
76	V	0.00000	0	1.00000	0
77	M	0.00000	0	1.00000	0
78	P	0.00000	0.00018	0.99982	0
79	Y	0.00000	0.00072	0.99928	0
80	S	0.00000	0.15333	0.84667	0
81	M	0.00000	0.22332	0.77668	0
82	V	0.00000	0.51212	0.48788	0
83	R	0.00000	0.99987	0.00013	0
84	S	0.00000	0.99994	0.00006	0
85	V	0.00000	0.99995	0.00005	0
86	E	0.00000	1	0.00000	0
87	H	0.00000	1	0.00000	0
88	C	0.00000	1	0.00000	0
89	W	0.00000	1	0.00000	0
90	Y	0.00000	1	0.00000	0
91	F	0.00000	1	0.00000	0
92	G	0.00000	1	0.00000	0
93	E	0.00000	1	0.00000	0
94	V	0.00000	0.99998	0.00002	0
95	F	0.00000	0.99981	0.00019	0
96	C	0.00000	0.99978	0.00022	0
97	K	0.00000	0.99965	0.00035	0
98	I	0.00000	0.99568	0.00432	0
99	H	0.00000	0.70397	0.29603	0
100	T	0.00000	0.38756	0.61244	0
101	S	0.00000	0.16358	0.83642	0
102	T	0.00000	0.01076	0.98924	0
103	D	0.00000	0.00075	0.99925	0
104	I	0.00000	1e-05	0.99999	0
105	M	0.00000	0	1.00000	0
106	L	0.00000	0	1.00000	0
107	S	0.00000	0	1.00000	0
108	S	0.00000	0	1.00000	0
109	A	0.00000	0	1.00000	0
110	S	0.00000	0	1.00000	0
111	I	0.00000	0	1.00000	0
112	F	0.00000	0	1.00000	0
113	H	0.00000	0	1.00000	0
114	L	0.00000	0	1.00000	0
115	S	0.00000	0	1.00000	0
116	F	0.00001	0	0.99999	0
117	I	0.00002	0	0.99998	0
118	S	0.00006	0	0.99994	0
119	I	0.00011	0	0.99989	0
120	D	0.00073	0	0.99927	0
121	R	0.19588	0	0.80412	0
122	Y	0.94305	0	0.05695	0
123	Y	0.98700	0	0.01300	0
124	A	0.99882	0	0.00118	0
125	V	1.00000	0	0.00000	0
126	C	1.00000	0	0.00000	0
127	D	1.00000	0	0.00000	0
128	P	1.00000	0	0.00000	0
129	L	1.00000	0	0.00000	0
130	R	1.00000	0	0.00000	0
131	Y	1.00000	0	0.00000	0
132	K	1.00000	0	0.00000	0
133	T	1.00000	0	0.00000	0
134	K	0.99979	0	0.00021	0
135	I	0.87432	0	0.12568	0
136	N	0.84378	0	0.15622	0
137	I	0.23973	0	0.76027	0
138	L	0.07394	0	0.92606	0
139	V	0.01193	0	0.98807	0
140	I	0.00143	0	0.99857	0
141	F	0.00009	0	0.99991	0
142	V	0.00000	0	1.00000	0
143	M	0.00000	0	1.00000	0
144	I	0.00000	0	1.00000	0
145	F	0.00000	0	1.00000	0
146	I	0.00000	0	1.00000	0
147	G	0.00000	0	1.00000	0
148	W	0.00000	0	1.00000	0
149	S	0.00000	0	1.00000	0
150	I	0.00000	0	1.00000	0
151	P	0.00000	0	1.00000	0
152	A	0.00000	0	1.00000	0
153	L	0.00000	0	1.00000	0
154	F	0.00000	1e-05	0.99999	0
155	A	0.00000	0.00091	0.99909	0
156	F	0.00000	0.00854	0.99146	0
157	G	0.00000	0.12278	0.87722	0
158	M	0.00000	0.15017	0.84983	0
159	I	0.00000	0.27909	0.72091	0
160	F	0.00000	0.49645	0.50355	0
161	L	0.00000	0.74133	0.25867	0
162	K	0.00000	0.9979	0.00210	0
163	L	0.00000	0.99931	0.00069	0
164	N	0.00000	0.99998	0.00002	0
165	F	0.00000	0.99999	0.00001	0
166	K	0.00000	1	0.00000	0
167	G	0.00000	1	0.00000	0
168	T	0.00000	1	0.00000	0
169	E	0.00000	1	0.00000	0
170	E	0.00000	1	0.00000	0
171	M	0.00000	1	0.00000	0
172	Y	0.00000	1	0.00000	0
173	Y	0.00000	1	0.00000	0
174	K	0.00000	1	0.00000	0
175	Y	0.00000	1	0.00000	0
176	V	0.00000	1	0.00000	0
177	H	0.00000	1	0.00000	0
178	C	0.00000	1	0.00000	0
179	I	0.00000	1	0.00000	0
180	G	0.00000	1	0.00000	0
181	G	0.00000	1	0.00000	0
182	C	0.00000	1	0.00000	0
183	S	0.00000	0.99733	0.00267	0
184	V	0.00000	0.99724	0.00276	0
185	F	0.00000	0.99687	0.00313	0
186	L	0.00000	0.99671	0.00329	0
187	S	0.00000	0.99671	0.00329	0
188	K	0.00000	0.9967	0.00330	0
189	T	0.00000	0.99472	0.00528	0
190	S	0.00000	0.99086	0.00914	0
191	G	0.00000	0.83653	0.16347	0
192	V	0.00000	0.50914	0.49086	0
193	L	0.00000	0.00604	0.99396	0
194	A	0.00000	0.00327	0.99673	0
195	F	0.00000	3e-05	0.99997	0
196	M	0.00000	1e-05	0.99999	0
197	T	0.00000	0	1.00000	0
198	S	0.00000	0	1.00000	0
199	F	0.00000	0	1.00000	0
200	Y	0.00000	0	1.00000	0
201	I	0.00000	0	1.00000	0
202	P	0.00000	0	1.00000	0
203	G	0.00000	0	1.00000	0
204	L	0.00000	0	1.00000	0
205	I	0.00000	0	1.00000	0
206	M	0.00000	0	1.00000	0
207	L	0.00000	0	1.00000	0
208	C	0.00003	0	0.99997	0
209	V	0.00021	0	0.99979	0
210	Y	0.00063	0	0.99937	0
211	C	0.00160	0	0.99840	0
212	R	0.00351	0	0.99649	0
213	I	0.00364	0	0.99636	0
214	Y	0.00614	0	0.99386	0
215	F	0.04203	0	0.95797	0
216	I	0.15282	0	0.84718	0
217	A	0.99018	0	0.00982	0
218	E	0.99985	0	0.00015	0
219	G	0.99999	0	0.00001	0
220	Q	1.00000	0	0.00000	0
221	A	1.00000	0	0.00000	0
222	R	1.00000	0	0.00000	0
223	S	1.00000	0	0.00000	0
224	I	1.00000	0	0.00000	0
225	D	1.00000	0	0.00000	0
226	A	1.00000	0	0.00000	0
227	N	1.00000	0	0.00000	0
228	Q	1.00000	0	0.00000	0
229	K	1.00000	0	0.00000	0
230	L	1.00000	0	0.00000	0
231	Q	1.00000	0	0.00000	0
232	I	1.00000	0	0.00000	0
233	G	1.00000	0	0.00000	0
234	L	1.00000	0	0.00000	0
235	E	1.00000	0	0.00000	0
236	E	1.00000	0	0.00000	0
237	K	1.00000	0	0.00000	0
238	T	1.00000	0	0.00000	0
239	R	1.00000	0	0.00000	0
240	I	1.00000	0	0.00000	0
241	S	1.00000	0	0.00000	0
242	Q	1.00000	0	0.00000	0
243	S	1.00000	0	0.00000	0
244	R	1.00000	0	0.00000	0
245	E	1.00000	0	0.00000	0
246	R	0.98942	0	0.01058	0
247	K	0.98835	0	0.01165	0
248	A	0.28430	0	0.71570	0
249	A	0.28147	0	0.71853	0
250	K	0.23741	0	0.76259	0
251	T	0.16886	0	0.83114	0
252	L	0.00257	0	0.99743	0
253	G	0.00025	0	0.99975	0
254	I	0.00004	0	0.99996	0
255	V	0.00003	0	0.99997	0
256	V	0.00000	0	1.00000	0
257	G	0.00000	0	1.00000	0
258	V	0.00000	0	1.00000	0
259	F	0.00000	0	1.00000	0
260	L	0.00000	0	1.00000	0
261	T	0.00000	0	1.00000	0
262	C	0.00000	0	1.00000	0
263	W	0.00000	0	1.00000	0
264	C	0.00000	0	1.00000	0
265	P	0.00000	0	1.00000	0
266	F	0.00000	0	1.00000	0
267	F	0.00000	0	1.00000	0
268	V	0.00000	0.00081	0.99919	0
269	C	0.00000	0.00946	0.99054	0
270	T	0.00000	0.03096	0.96904	0
271	V	0.00000	0.07217	0.92783	0
272	M	0.00000	0.1907	0.80930	0
273	D	0.00000	0.87199	0.12801	0
274	P	0.00000	0.87395	0.12605	0
275	F	0.00000	0.87944	0.12056	0
276	L	0.00000	0.9035	0.09650	0
277	D	0.00000	0.99939	0.00061	0
278	Y	0.00000	0.99948	0.00052	0
279	T	0.00000	0.99968	0.00032	0
280	I	0.00000	0.9998	0.00020	0
281	P	0.00000	0.99997	0.00003	0
282	P	0.00000	0.99999	0.00001	0
283	T	0.00000	0.99999	0.00001	0
284	L	0.00000	0.99993	0.00007	0
285	N	0.00000	0.99988	0.00012	0
286	D	0.00000	0.97554	0.02446	0
287	A	0.00000	0.10833	0.89167	0
288	L	0.00000	0.03067	0.96933	0
289	V	0.00000	0.00752	0.99248	0
290	W	0.00000	0.00065	0.99935	0
291	F	0.00000	0	1.00000	0
292	G	0.00000	0	1.00000	0
293	Y	0.00000	0	1.00000	0
294	L	0.00000	0	1.00000	0
295	N	0.00000	0	1.00000	0
296	S	0.00000	0	1.00000	0
297	T	0.00000	0	1.00000	0
298	F	0.00000	0	1.00000	0
299	N	0.00000	0	1.00000	0
300	P	0.00000	0	1.00000	0
301	M	0.00000	0	1.00000	0
302	V	0.00000	0	1.00000	0
303	Y	0.00000	0	1.00000	0
304	A	0.00000	0	1.00000	0
305	F	0.00001	0	0.99999	0
306	F	0.00046	0	0.99954	0
307	Y	0.01452	0	0.98548	0
308	P	0.10343	0	0.89657	0
309	W	0.18666	0	0.81334	0
310	F	0.40510	0	0.59490	0
311	R	1.00000	0	0.00000	0
312	R	1.00000	0	0.00000	0
313	A	1.00000	0	0.00000	0
314	L	1.00000	0	0.00000	0
315	R	1.00000	0	0.00000	0
316	M	1.00000	0	0.00000	0
317	I	1.00000	0	0.00000	0
318	L	1.00000	0	0.00000	0
319	F	1.00000	0	0.00000	0
320	G	1.00000	0	0.00000	0
321	K	1.00000	0	0.00000	0
322	I	1.00000	0	0.00000	0
323	F	1.00000	0	0.00000	0
324	Q	1.00000	0	0.00000	0
325	K	1.00000	0	0.00000	0
326	D	1.00000	0	0.00000	0
327	S	1.00000	0	0.00000	0
328	S	1.00000	0	0.00000	0
329	R	1.00000	0	0.00000	0
330	C	1.00000	0	0.00000	0
331	K	1.00000	0	0.00000	0
332	L	1.00000	0	0.00000	0
333	F	1.00000	0	0.00000	0
334	L	1.00000	0	0.00000	0
335	E	1.00000	0	0.00000	0
336	S	1.00000	0	0.00000	0
337	N	1.00000	0	0.00000	0
338	P	1.00000	0	0.00000	0
