# UNNAMED
#pos	aa	i	o	M	S
1	M	0.00000	0.99999	0.00000	1e-05
2	T	0.00000	0.99999	0.00000	1e-05
3	P	0.00000	0.99999	0.00000	1e-05
4	G	0.00000	0.99999	0.00000	1e-05
5	P	0.00000	0.99999	0.00000	1e-05
6	I	0.00000	0.99999	0.00000	1e-05
7	R	0.00000	0.99999	0.00000	1e-05
8	D	0.00000	0.99999	0.00000	1e-05
9	A	0.00000	0.99999	0.00000	1e-05
10	P	0.00000	0.99999	0.00000	1e-05
11	R	0.00000	0.99999	0.00000	1e-05
12	D	0.00000	0.99999	0.00000	1e-05
13	N	0.00000	0.99999	0.00000	1e-05
14	T	0.00000	0.99999	0.00000	0
15	S	0.00000	0.99999	0.00000	1e-05
16	G	0.00000	0.99999	0.00000	1e-05
17	C	0.00000	0.99999	0.00000	1e-05
18	W	0.00000	0.99999	0.00000	1e-05
19	E	0.00000	0.99999	0.00000	1e-05
20	Q	0.00000	0.99999	0.00000	1e-05
21	I	0.00000	0.99999	0.00000	0
22	N	0.00000	0.99999	0.00000	1e-05
23	Y	0.00000	0.99999	0.00000	1e-05
24	G	0.00000	0.99999	0.00000	1e-05
25	R	0.00000	0.99999	0.00000	1e-05
26	A	0.00000	0.99986	0.00013	1e-05
27	E	0.00000	0.99947	0.00053	0
28	K	0.00000	0.99116	0.00884	0
29	V	0.00000	0.75095	0.24905	0
30	V	0.00000	0.4908	0.50920	0
31	I	0.00000	0.40616	0.59384	0
32	G	0.00000	0.37911	0.62089	0
33	S	0.00000	0.33997	0.66003	0
34	I	0.00000	0.07103	0.92897	0
35	L	0.00000	0.01685	0.98315	0
36	T	0.00000	0.00368	0.99632	0
37	L	0.00000	0.00073	0.99927	0
38	I	0.00000	2e-05	0.99998	0
39	T	0.00000	0	1.00000	0
40	L	0.00000	0	1.00000	0
41	L	0.00000	0	1.00000	0
42	T	0.00000	0	1.00000	0
43	I	0.00000	0	1.00000	0
44	A	0.00000	0	1.00000	0
45	G	0.00000	0	1.00000	0
46	N	0.00000	0	1.00000	0
47	C	0.00000	0	1.00000	0
48	L	0.00000	0	1.00000	0
49	V	0.00000	0	1.00000	0
50	V	0.00002	0	0.99998	0
51	I	0.00095	0	0.99905	0
52	S	0.08652	0	0.91348	0
53	V	0.10847	0	0.89153	0
54	C	0.18068	0	0.81932	0
55	F	0.28332	0	0.71668	0
56	V	0.65064	0	0.34936	0
57	K	0.98781	0	0.01219	0
58	K	0.99988	0	0.00012	0
59	L	0.99996	0	0.00004	0
60	R	1.00000	0	0.00000	0
61	Q	1.00000	0	0.00000	0
62	P	1.00000	0	0.00000	0
63	S	0.90721	0	0.09279	0
64	N	0.26275	0	0.73725	0
65	Y	0.09867	0	0.90133	0
66	L	0.00143	0	0.99857	0
67	I	0.00006	0	0.99994	0
68	V	0.00000	0	1.00000	0
69	S	0.00000	0	1.00000	0
70	L	0.00000	0	1.00000	0
71	A	0.00000	0	1.00000	0
72	L	0.00000	0	1.00000	0
73	A	0.00000	0	1.00000	0
74	D	0.00000	0	1.00000	0
75	L	0.00000	0	1.00000	0
76	S	0.00000	0	1.00000	0
77	V	0.00000	0	1.00000	0
78	A	0.00000	0	1.00000	0
79	V	0.00000	0	1.00000	0
80	A	0.00000	0	1.00000	0
81	V	0.00000	0	1.00000	0
82	M	0.00000	8e-05	0.99992	0
83	P	0.00000	0.00192	0.99808	0
84	L	0.00000	0.02218	0.97782	0
85	V	0.00000	0.10979	0.89021	0
86	S	0.00000	0.73976	0.26024	0
87	V	0.00000	0.84118	0.15882	0
88	T	0.00000	0.99991	0.00009	0
89	D	0.00000	0.99996	0.00004	0
90	L	0.00000	0.99996	0.00004	0
91	I	0.00000	0.99996	0.00004	0
92	G	0.00000	0.99999	0.00001	0
93	G	0.00000	1	0.00000	0
94	E	0.00000	1	0.00000	0
95	W	0.00000	1	0.00000	0
96	I	0.00000	0.99999	0.00001	0
97	F	0.00000	0.99994	0.00006	0
98	G	0.00000	0.99994	0.00006	0
99	R	0.00000	0.99994	0.00006	0
100	F	0.00000	0.99993	0.00007	0
101	F	0.00000	0.99992	0.00008	0
102	C	0.00000	0.99991	0.00009	0
103	N	0.00000	0.99983	0.00017	0
104	V	0.00000	0.99176	0.00824	0
105	F	0.00000	0.33439	0.66561	0
106	I	0.00000	0.03288	0.96712	0
107	A	0.00000	0.00077	0.99923	0
108	M	0.00000	1e-05	0.99999	0
109	D	0.00000	0	1.00000	0
110	V	0.00000	0	1.00000	0
111	M	0.00000	0	1.00000	0
112	C	0.00000	0	1.00000	0
113	C	0.00000	0	1.00000	0
114	T	0.00000	0	1.00000	0
115	A	0.00000	0	1.00000	0
116	S	0.00000	0	1.00000	0
117	I	0.00000	0	1.00000	0
118	M	0.00000	0	1.00000	0
119	T	0.00000	0	1.00000	0
120	L	0.00000	0	1.00000	0
121	C	0.00000	0	1.00000	0
122	V	0.00000	0	1.00000	0
123	I	0.00000	0	1.00000	0
124	S	0.00000	0	1.00000	0
125	I	0.00005	0	0.99995	0
126	D	0.00019	0	0.99981	0
127	R	0.20733	0	0.79267	0
128	Y	0.59989	0	0.40011	0
129	L	0.93952	0	0.06048	0
130	G	0.99502	0	0.00498	0
131	I	1.00000	0	0.00000	0
132	T	1.00000	0	0.00000	0
133	R	1.00000	0	0.00000	0
134	P	1.00000	0	0.00000	0
135	L	1.00000	0	0.00000	0
136	T	1.00000	0	0.00000	0
137	Y	1.00000	0	0.00000	0
138	P	1.00000	0	0.00000	0
139	V	1.00000	0	0.00000	0
140	R	1.00000	0	0.00000	0
141	Q	1.00000	0	0.00000	0
142	N	0.99996	0	0.00004	0
143	G	0.99971	0	0.00029	0
144	K	0.98995	0	0.01005	0
145	C	0.02308	0	0.97692	0
146	M	0.01848	0	0.98152	0
147	A	0.01514	0	0.98486	0
148	K	0.01449	0	0.98551	0
149	M	0.00213	0	0.99787	0
150	I	0.00043	0	0.99957	0
151	L	0.00001	0	0.99999	0
152	S	0.00000	0	1.00000	0
153	V	0.00000	0	1.00000	0
154	W	0.00000	0	1.00000	0
155	L	0.00000	0	1.00000	0
156	L	0.00000	0	1.00000	0
157	S	0.00000	0	1.00000	0
158	A	0.00000	0	1.00000	0
159	S	0.00000	0	1.00000	0
160	I	0.00000	0	1.00000	0
161	T	0.00000	0	1.00000	0
162	L	0.00000	0	1.00000	0
163	P	0.00000	0.00047	0.99953	0
164	P	0.00000	0.00405	0.99595	0
165	L	0.00000	0.01835	0.98165	0
166	F	0.00000	0.17764	0.82236	0
167	G	0.00000	0.83239	0.16761	0
168	W	0.00000	0.90884	0.09116	0
169	A	0.00000	0.95267	0.04733	0
170	Q	0.00000	0.99766	0.00234	0
171	N	0.00000	0.99975	0.00025	0
172	V	0.00000	0.99984	0.00016	0
173	N	0.00000	1	0.00000	0
174	D	0.00000	1	0.00000	0
175	G	0.00000	1	0.00000	0
176	K	0.00000	1	0.00000	0
177	V	0.00000	1	0.00000	0
178	C	0.00000	1	0.00000	0
179	L	0.00000	1	0.00000	0
180	I	0.00000	1	0.00000	0
181	S	0.00000	1	0.00000	0
182	Q	0.00000	0.99999	0.00001	0
183	D	0.00000	0.99997	0.00003	0
184	F	0.00000	0.83868	0.16132	0
185	G	0.00000	0.55876	0.44124	0
186	Y	0.00000	0.38744	0.61256	0
187	T	0.00000	0.26782	0.73218	0
188	I	0.00000	0.02803	0.97197	0
189	Y	0.00000	0.00946	0.99054	0
190	S	0.00000	0.00788	0.99212	0
191	T	0.00000	0.00263	0.99737	0
192	A	0.00000	0.00194	0.99806	0
193	V	0.00000	1e-05	0.99999	0
194	A	0.00000	0	1.00000	0
195	F	0.00000	0	1.00000	0
196	Y	0.00000	0	1.00000	0
197	I	0.00000	0	1.00000	0
198	P	0.00000	0	1.00000	0
199	M	0.00000	0	1.00000	0
200	S	0.00000	0	1.00000	0
201	V	0.00000	0	1.00000	0
202	M	0.00000	0	1.00000	0
203	L	0.00000	0	1.00000	0
204	F	0.00000	0	1.00000	0
205	M	0.00001	0	0.99999	0
206	Y	0.00043	0	0.99957	0
207	Y	0.01147	0	0.98853	0
208	Q	0.23262	0	0.76738	0
209	I	0.24085	0	0.75915	0
210	Y	0.30884	0	0.69116	0
211	K	0.98222	0	0.01778	0
212	A	0.98962	0	0.01038	0
213	A	0.99144	0	0.00856	0
214	R	0.99897	0	0.00103	0
215	K	0.99998	0	0.00002	0
216	S	1.00000	0	0.00000	0
217	A	1.00000	0	0.00000	0
218	A	1.00000	0	0.00000	0
219	K	1.00000	0	0.00000	0
220	H	1.00000	0	0.00000	0
221	K	1.00000	0	0.00000	0
222	F	1.00000	0	0.00000	0
223	P	1.00000	0	0.00000	0
224	G	1.00000	0	0.00000	0
225	F	1.00000	0	0.00000	0
226	P	1.00000	0	0.00000	0
227	R	1.00000	0	0.00000	0
228	P	1.00000	0	0.00000	0
229	E	1.00000	0	0.00000	0
230	E	1.00000	0	0.00000	0
231	P	1.00000	0	0.00000	0
232	D	1.00000	0	0.00000	0
233	S	1.00000	0	0.00000	0
234	V	1.00000	0	0.00000	0
235	I	1.00000	0	0.00000	0
236	S	1.00000	0	0.00000	0
237	L	1.00000	0	0.00000	0
238	N	1.00000	0	0.00000	0
239	G	1.00000	0	0.00000	0
240	M	1.00000	0	0.00000	0
241	V	1.00000	0	0.00000	0
242	K	1.00000	0	0.00000	0
243	L	1.00000	0	0.00000	0
244	Q	1.00000	0	0.00000	0
245	K	1.00000	0	0.00000	0
246	E	1.00000	0	0.00000	0
247	V	1.00000	0	0.00000	0
248	E	1.00000	0	0.00000	0
249	E	1.00000	0	0.00000	0
250	C	1.00000	0	0.00000	0
251	A	1.00000	0	0.00000	0
252	N	1.00000	0	0.00000	0
253	L	1.00000	0	0.00000	0
254	S	1.00000	0	0.00000	0
255	R	1.00000	0	0.00000	0
256	L	1.00000	0	0.00000	0
257	L	1.00000	0	0.00000	0
258	K	1.00000	0	0.00000	0
259	H	1.00000	0	0.00000	0
260	E	1.00000	0	0.00000	0
261	R	1.00000	0	0.00000	0
262	K	1.00000	0	0.00000	0
263	N	1.00000	0	0.00000	0
264	I	1.00000	0	0.00000	0
265	S	1.00000	0	0.00000	0
266	I	1.00000	0	0.00000	0
267	F	1.00000	0	0.00000	0
268	K	1.00000	0	0.00000	0
269	R	1.00000	0	0.00000	0
270	E	1.00000	0	0.00000	0
271	Q	0.99354	0	0.00646	0
272	K	0.99180	0	0.00820	0
273	A	0.14518	0	0.85482	0
274	A	0.14263	0	0.85737	0
275	T	0.14100	0	0.85900	0
276	T	0.10246	0	0.89754	0
277	L	0.00126	0	0.99874	0
278	G	0.00033	0	0.99967	0
279	I	0.00006	0	0.99994	0
280	I	0.00000	0	1.00000	0
281	V	0.00000	0	1.00000	0
282	G	0.00000	0	1.00000	0
283	A	0.00000	0	1.00000	0
284	F	0.00000	0	1.00000	0
285	P	0.00000	0	1.00000	0
286	V	0.00000	0	1.00000	0
287	C	0.00000	0	1.00000	0
288	W	0.00000	0	1.00000	0
289	L	0.00000	0	1.00000	0
290	P	0.00000	0	1.00000	0
291	F	0.00000	0	1.00000	0
292	F	0.00000	0	1.00000	0
293	L	0.00000	0.00066	0.99934	0
294	L	0.00000	0.01415	0.98585	0
295	S	0.00000	0.15717	0.84283	0
296	T	0.00000	0.39414	0.60586	0
297	A	0.00000	0.54056	0.45944	0
298	R	0.00000	0.879	0.12100	0
299	P	0.00000	0.89538	0.10462	0
300	F	0.00000	0.89988	0.10012	0
301	I	0.00000	0.92533	0.07467	0
302	C	0.00000	0.99619	0.00381	0
303	G	0.00000	0.99975	0.00025	0
304	I	0.00000	0.99978	0.00022	0
305	A	0.00000	0.99988	0.00012	0
306	C	0.00000	0.99998	0.00002	0
307	S	0.00000	0.99999	0.00001	0
308	C	0.00000	1	0.00000	0
309	I	0.00000	0.99999	0.00001	0
310	P	0.00000	0.99997	0.00003	0
311	L	0.00000	0.96182	0.03818	0
312	W	0.00000	0.94391	0.05609	0
313	V	0.00000	0.9416	0.05840	0
314	E	0.00000	0.94053	0.05947	0
315	R	0.00000	0.66132	0.33868	0
316	T	0.00000	0.03001	0.96999	0
317	C	0.00000	0.00803	0.99197	0
318	L	0.00000	2e-05	0.99998	0
319	W	0.00000	0	1.00000	0
320	L	0.00000	0	1.00000	0
321	G	0.00000	0	1.00000	0
322	Y	0.00000	0	1.00000	0
323	A	0.00000	0	1.00000	0
324	N	0.00000	0	1.00000	0
325	S	0.00000	0	1.00000	0
326	L	0.00000	0	1.00000	0
327	I	0.00000	0	1.00000	0
328	N	0.00000	0	1.00000	0
329	P	0.00000	0	1.00000	0
330	F	0.00000	0	1.00000	0
331	I	0.00004	0	0.99996	0
332	Y	0.00039	0	0.99961	0
333	A	0.00158	0	0.99842	0
334	F	0.00303	0	0.99697	0
335	F	0.10491	0	0.89509	0
336	N	0.55161	0	0.44839	0
337	R	1.00000	0	0.00000	0
338	D	1.00000	0	0.00000	0
339	L	1.00000	0	0.00000	0
340	R	1.00000	0	0.00000	0
341	T	1.00000	0	0.00000	0
342	T	1.00000	0	0.00000	0
343	Y	1.00000	0	0.00000	0
344	R	1.00000	0	0.00000	0
345	S	1.00000	0	0.00000	0
346	L	1.00000	0	0.00000	0
347	L	1.00000	0	0.00000	0
348	Q	1.00000	0	0.00000	0
349	C	1.00000	0	0.00000	0
350	Q	1.00000	0	0.00000	0
351	Y	1.00000	0	0.00000	0
352	R	1.00000	0	0.00000	0
353	N	1.00000	0	0.00000	0
354	I	1.00000	0	0.00000	0
355	N	1.00000	0	0.00000	0
356	R	1.00000	0	0.00000	0
357	K	1.00000	0	0.00000	0
358	L	1.00000	0	0.00000	0
359	S	1.00000	0	0.00000	0
360	A	1.00000	0	0.00000	0
361	A	1.00000	0	0.00000	0
362	G	1.00000	0	0.00000	0
363	M	1.00000	0	0.00000	0
364	H	1.00000	0	0.00000	0
365	E	1.00000	0	0.00000	0
366	A	1.00000	0	0.00000	0
367	L	1.00000	0	0.00000	0
368	K	1.00000	0	0.00000	0
369	L	1.00000	0	0.00000	0
370	A	1.00000	0	0.00000	0
371	E	1.00000	0	0.00000	0
372	R	1.00000	0	0.00000	0
373	P	1.00000	0	0.00000	0
374	E	1.00000	0	0.00000	0
375	R	1.00000	0	0.00000	0
376	P	1.00000	0	0.00000	0
377	E	1.00000	0	0.00000	0
378	L	1.00000	0	0.00000	0
379	V	1.00000	0	0.00000	0
380	P	1.00000	0	0.00000	0
381	Q	1.00000	0	0.00000	0
382	N	1.00000	0	0.00000	0
383	S	1.00000	0	0.00000	0
384	D	1.00000	0	0.00000	0
385	Y	1.00000	0	0.00000	0
386	C	1.00000	0	0.00000	0
387	R	1.00000	0	0.00000	0
388	K	1.00000	0	0.00000	0
389	K	1.00000	0	0.00000	0
390	S	1.00000	0	0.00000	0
391	H	1.00000	0	0.00000	0
392	D	1.00000	0	0.00000	0
393	S	1.00000	0	0.00000	0
