# UNNAMED
#pos	aa	i	o	M	S
1	M	0.00000	0.99922	0.00000	0.00078
2	T	0.00000	0.99922	0.00000	0.00078
3	P	0.00000	0.99922	0.00000	0.00078
4	L	0.00000	0.99922	0.00000	0.00078
5	S	0.00000	0.99922	0.00000	0.00078
6	G	0.00000	0.99922	0.00000	0.00078
7	V	0.00000	0.99922	0.00000	0.00078
8	E	0.00000	0.99922	0.00000	0.00078
9	R	0.00000	0.99922	0.00000	0.00078
10	N	0.00000	0.99922	0.00000	0.00078
11	V	0.00000	0.99922	0.00000	0.00078
12	S	0.00000	0.99922	0.00000	0.00078
13	G	0.00000	0.99922	0.00000	0.00078
14	N	0.00000	1	0.00000	0
15	L	0.00000	1	0.00000	0
16	T	0.00000	1	0.00000	0
17	P	0.00000	1	0.00000	0
18	P	0.00000	1	0.00000	0
19	A	0.00000	1	0.00000	0
20	A	0.00000	1	0.00000	0
21	V	0.00000	1	0.00000	0
22	Q	0.00000	1	0.00000	0
23	L	0.00000	1	0.00000	0
24	C	0.00000	1	0.00000	0
25	Y	0.00000	1	0.00000	0
26	E	0.00000	1	0.00000	0
27	N	0.00000	1	0.00000	0
28	V	0.00000	1	0.00000	0
29	N	0.00000	1	0.00000	0
30	R	0.00000	1	0.00000	0
31	S	0.00000	1	0.00000	0
32	C	0.00000	1	0.00000	0
33	I	0.00000	1	0.00000	0
34	K	0.00000	1	0.00000	0
35	A	0.00000	1	0.00000	0
36	P	0.00000	1	0.00000	0
37	Y	0.00000	1	0.00000	0
38	S	0.00000	1	0.00000	0
39	P	0.00000	0.99999	0.00001	0
40	G	0.00000	0.99998	0.00002	0
41	P	0.00000	0.99994	0.00006	0
42	R	0.00000	0.99166	0.00834	0
43	L	0.00000	0.70946	0.29054	0
44	L	0.00000	0.45213	0.54787	0
45	L	0.00000	0.11487	0.88513	0
46	Y	0.00000	0.01529	0.98471	0
47	L	0.00000	0.00346	0.99654	0
48	V	0.00000	0.00075	0.99925	0
49	F	0.00000	0.00015	0.99985	0
50	G	0.00000	8e-05	0.99992	0
51	S	0.00000	3e-05	0.99997	0
52	G	0.00000	1e-05	0.99999	0
53	A	0.00000	0	1.00000	0
54	A	0.00000	0	1.00000	0
55	L	0.00000	0	1.00000	0
56	A	0.00000	0	1.00000	0
57	V	0.00000	0	1.00000	0
58	F	0.00000	0	1.00000	0
59	G	0.00000	0	1.00000	0
60	N	0.00000	0	1.00000	0
61	L	0.00000	0	1.00000	0
62	L	0.00001	0	0.99999	0
63	V	0.00029	0	0.99971	0
64	M	0.00380	0	0.99620	0
65	T	0.04287	0	0.95713	0
66	S	0.12736	0	0.87264	0
67	I	0.14963	0	0.85037	0
68	L	0.33989	0	0.66011	0
69	H	0.68966	0	0.31034	0
70	F	0.74843	0	0.25157	0
71	K	0.99424	0	0.00576	0
72	Q	0.99997	0	0.00003	0
73	L	0.99999	0	0.00001	0
74	H	1.00000	0	0.00000	0
75	S	1.00000	0	0.00000	0
76	P	1.00000	0	0.00000	0
77	A	0.53965	0	0.46035	0
78	N	0.13178	0	0.86822	0
79	F	0.02527	0	0.97473	0
80	L	0.00048	0	0.99952	0
81	I	0.00001	0	0.99999	0
82	A	0.00000	0	1.00000	0
83	S	0.00000	0	1.00000	0
84	L	0.00000	0	1.00000	0
85	A	0.00000	0	1.00000	0
86	C	0.00000	0	1.00000	0
87	A	0.00000	0	1.00000	0
88	D	0.00000	0	1.00000	0
89	F	0.00000	0	1.00000	0
90	L	0.00000	0	1.00000	0
91	V	0.00000	0	1.00000	0
92	G	0.00000	0	1.00000	0
93	T	0.00000	0	1.00000	0
94	T	0.00000	0	1.00000	0
95	V	0.00000	2e-05	0.99998	0
96	M	0.00000	0.00114	0.99886	0
97	P	0.00000	0.01823	0.98177	0
98	F	0.00000	0.05013	0.94987	0
99	S	0.00000	0.30455	0.69545	0
100	M	0.00000	0.38622	0.61378	0
101	V	0.00000	0.64717	0.35283	0
102	R	0.00000	0.99993	0.00007	0
103	S	0.00000	0.99998	0.00002	0
104	V	0.00000	0.99998	0.00002	0
105	E	0.00000	1	0.00000	0
106	S	0.00000	1	0.00000	0
107	C	0.00000	1	0.00000	0
108	W	0.00000	1	0.00000	0
109	Y	0.00000	1	0.00000	0
110	F	0.00000	1	0.00000	0
111	G	0.00000	1	0.00000	0
112	D	0.00000	1	0.00000	0
113	N	0.00000	1	0.00000	0
114	F	0.00000	0.9999	0.00010	0
115	C	0.00000	0.99989	0.00011	0
116	K	0.00000	0.99984	0.00016	0
117	L	0.00000	0.99257	0.00743	0
118	H	0.00000	0.39507	0.60493	0
119	S	0.00000	0.08852	0.91148	0
120	S	0.00000	0.0562	0.94380	0
121	F	0.00000	0.001	0.99900	0
122	D	0.00000	0.00084	0.99916	0
123	G	0.00000	2e-05	0.99998	0
124	C	0.00000	0	1.00000	0
125	F	0.00000	0	1.00000	0
126	C	0.00000	0	1.00000	0
127	Y	0.00000	0	1.00000	0
128	C	0.00000	0	1.00000	0
129	S	0.00000	0	1.00000	0
130	I	0.00000	0	1.00000	0
131	F	0.00000	0	1.00000	0
132	H	0.00000	0	1.00000	0
133	L	0.00000	0	1.00000	0
134	C	0.00000	0	1.00000	0
135	F	0.00000	0	1.00000	0
136	I	0.00000	0	1.00000	0
137	S	0.00001	0	0.99999	0
138	M	0.00007	0	0.99993	0
139	D	0.00055	0	0.99945	0
140	R	0.37341	0	0.62659	0
141	Y	0.94051	0	0.05949	0
142	I	0.97969	0	0.02031	0
143	A	0.98648	0	0.01352	0
144	V	0.99998	0	0.00002	0
145	T	1.00000	0	0.00000	0
146	D	1.00000	0	0.00000	0
147	P	1.00000	0	0.00000	0
148	L	1.00000	0	0.00000	0
149	V	1.00000	0	0.00000	0
150	Y	1.00000	0	0.00000	0
151	P	1.00000	0	0.00000	0
152	A	0.99990	0	0.00010	0
153	R	0.99964	0	0.00036	0
154	F	0.93387	0	0.06613	0
155	T	0.89840	0	0.10160	0
156	L	0.75547	0	0.24453	0
157	S	0.65389	0	0.34611	0
158	V	0.23113	0	0.76887	0
159	S	0.20550	0	0.79450	0
160	G	0.07205	0	0.92795	0
161	M	0.01446	0	0.98554	0
162	C	0.00003	0	0.99997	0
163	I	0.00000	0	1.00000	0
164	A	0.00000	0	1.00000	0
165	F	0.00000	0	1.00000	0
166	S	0.00000	0	1.00000	0
167	W	0.00000	0	1.00000	0
168	L	0.00000	0	1.00000	0
169	L	0.00000	0	1.00000	0
170	A	0.00000	0	1.00000	0
171	V	0.00000	0	1.00000	0
172	V	0.00000	0	1.00000	0
173	F	0.00000	0.00013	0.99987	0
174	S	0.00000	0.00688	0.99312	0
175	F	0.00000	0.01633	0.98367	0
176	S	0.00000	0.05843	0.94157	0
177	V	0.00000	0.08235	0.91765	0
178	F	0.00000	0.1486	0.85140	0
179	Y	0.00000	0.41378	0.58622	0
180	T	0.00000	0.75017	0.24983	0
181	G	0.00000	0.8776	0.12240	0
182	A	0.00000	0.91939	0.08061	0
183	N	0.00000	0.99602	0.00398	0
184	E	0.00000	0.99999	0.00001	0
185	S	0.00000	1	0.00000	0
186	G	0.00000	1	0.00000	0
187	L	0.00000	1	0.00000	0
188	E	0.00000	1	0.00000	0
189	E	0.00000	1	0.00000	0
190	L	0.00000	1	0.00000	0
191	V	0.00000	1	0.00000	0
192	S	0.00000	1	0.00000	0
193	A	0.00000	1	0.00000	0
194	L	0.00000	1	0.00000	0
195	T	0.00000	1	0.00000	0
196	C	0.00000	1	0.00000	0
197	V	0.00000	1	0.00000	0
198	G	0.00000	1	0.00000	0
199	G	0.00000	1	0.00000	0
200	C	0.00000	1	0.00000	0
201	Q	0.00000	0.99998	0.00002	0
202	V	0.00000	0.99884	0.00116	0
203	A	0.00000	0.99874	0.00126	0
204	V	0.00000	0.9987	0.00130	0
205	N	0.00000	0.9987	0.00130	0
206	Q	0.00000	0.99863	0.00137	0
207	N	0.00000	0.01073	0.98927	0
208	W	0.00000	0.00677	0.99323	0
209	V	0.00000	0.00435	0.99565	0
210	L	0.00000	0.00342	0.99658	0
211	I	0.00000	0.00314	0.99686	0
212	D	0.00000	0.00311	0.99689	0
213	F	0.00000	0.00138	0.99862	0
214	L	0.00000	0	1.00000	0
215	L	0.00000	0	1.00000	0
216	F	0.00000	0	1.00000	0
217	F	0.00000	0	1.00000	0
218	I	0.00000	0	1.00000	0
219	P	0.00000	0	1.00000	0
220	T	0.00000	0	1.00000	0
221	L	0.00000	0	1.00000	0
222	V	0.00000	0	1.00000	0
223	M	0.00000	0	1.00000	0
224	I	0.00000	0	1.00000	0
225	S	0.00007	0	0.99993	0
226	V	0.00011	0	0.99989	0
227	Y	0.00033	0	0.99967	0
228	S	0.00465	0	0.99535	0
229	K	0.01123	0	0.98877	0
230	I	0.01202	0	0.98798	0
231	F	0.03210	0	0.96790	0
232	L	0.19195	0	0.80805	0
233	I	0.28604	0	0.71396	0
234	A	0.97243	0	0.02757	0
235	K	0.99937	0	0.00063	0
236	Q	0.99997	0	0.00003	0
237	Q	1.00000	0	0.00000	0
238	A	1.00000	0	0.00000	0
239	R	1.00000	0	0.00000	0
240	K	1.00000	0	0.00000	0
241	I	1.00000	0	0.00000	0
242	E	1.00000	0	0.00000	0
243	S	1.00000	0	0.00000	0
244	L	1.00000	0	0.00000	0
245	S	1.00000	0	0.00000	0
246	D	1.00000	0	0.00000	0
247	K	1.00000	0	0.00000	0
248	T	1.00000	0	0.00000	0
249	A	1.00000	0	0.00000	0
250	K	1.00000	0	0.00000	0
251	T	1.00000	0	0.00000	0
252	T	1.00000	0	0.00000	0
253	D	1.00000	0	0.00000	0
254	S	1.00000	0	0.00000	0
255	Y	1.00000	0	0.00000	0
256	K	1.00000	0	0.00000	0
257	D	1.00000	0	0.00000	0
258	R	1.00000	0	0.00000	0
259	V	1.00000	0	0.00000	0
260	A	1.00000	0	0.00000	0
261	R	1.00000	0	0.00000	0
262	R	1.00000	0	0.00000	0
263	E	1.00000	0	0.00000	0
264	R	0.91014	0	0.08986	0
265	K	0.90614	0	0.09386	0
266	A	0.03858	0	0.96142	0
267	A	0.03771	0	0.96229	0
268	T	0.03447	0	0.96553	0
269	T	0.01944	0	0.98056	0
270	L	0.01791	0	0.98209	0
271	G	0.01065	0	0.98935	0
272	I	0.00646	0	0.99354	0
273	A	0.00635	0	0.99365	0
274	V	0.00603	0	0.99397	0
275	I	0.00003	0	0.99997	0
276	A	0.00000	0	1.00000	0
277	F	0.00000	0	1.00000	0
278	L	0.00000	0	1.00000	0
279	I	0.00000	0	1.00000	0
280	S	0.00000	0	1.00000	0
281	W	0.00000	0	1.00000	0
282	L	0.00000	0	1.00000	0
283	P	0.00000	3e-05	0.99997	0
284	Y	0.00000	0.00016	0.99984	0
285	F	0.00000	0.00146	0.99854	0
286	I	0.00000	0.05997	0.94003	0
287	D	0.00000	0.90882	0.09118	0
288	S	0.00000	0.91348	0.08652	0
289	I	0.00000	0.92108	0.07892	0
290	I	0.00000	0.93027	0.06973	0
291	D	0.00000	0.95871	0.04129	0
292	A	0.00000	0.95877	0.04123	0
293	F	0.00000	0.95916	0.04084	0
294	L	0.00000	0.96097	0.03903	0
295	G	0.00000	0.96679	0.03321	0
296	F	0.00000	0.96801	0.03199	0
297	I	0.00000	0.9791	0.02090	0
298	T	0.00000	0.99406	0.00594	0
299	P	0.00000	0.99842	0.00158	0
300	T	0.00000	0.99911	0.00089	0
301	Y	0.00000	0.99947	0.00053	0
302	V	0.00000	0.99933	0.00067	0
303	Y	0.00000	0.99919	0.00081	0
304	E	0.00000	0.90904	0.09096	0
305	I	0.00000	0.46992	0.53008	0
306	L	0.00000	0.10846	0.89154	0
307	V	0.00000	0.01882	0.98118	0
308	W	0.00000	0.00139	0.99861	0
309	I	0.00000	1e-05	0.99999	0
310	V	0.00000	0	1.00000	0
311	Y	0.00000	0	1.00000	0
312	Y	0.00000	0	1.00000	0
313	N	0.00001	0	0.99999	0
314	S	0.00001	0	0.99999	0
315	A	0.00001	0	0.99999	0
316	M	0.00001	0	0.99999	0
317	N	0.00001	0	0.99999	0
318	P	0.00001	0	0.99999	0
319	L	0.00001	0	0.99999	0
320	I	0.00001	0	0.99999	0
321	Y	0.00001	0	0.99999	0
322	A	0.00003	0	0.99997	0
323	F	0.00009	0	0.99991	0
324	F	0.00255	0	0.99745	0
325	Y	0.02185	0	0.97815	0
326	P	0.08867	0	0.91133	0
327	W	0.15632	0	0.84368	0
328	F	0.66385	0	0.33615	0
329	R	1.00000	0	0.00000	0
330	K	1.00000	0	0.00000	0
331	A	1.00000	0	0.00000	0
332	V	1.00000	0	0.00000	0
333	K	1.00000	0	0.00000	0
334	L	1.00000	0	0.00000	0
335	I	1.00000	0	0.00000	0
336	V	1.00000	0	0.00000	0
337	T	1.00000	0	0.00000	0
338	G	1.00000	0	0.00000	0
339	Q	1.00000	0	0.00000	0
340	V	1.00000	0	0.00000	0
341	F	1.00000	0	0.00000	0
342	R	1.00000	0	0.00000	0
343	E	1.00000	0	0.00000	0
344	N	1.00000	0	0.00000	0
345	S	1.00000	0	0.00000	0
346	S	1.00000	0	0.00000	0
347	T	1.00000	0	0.00000	0
348	T	1.00000	0	0.00000	0
349	K	1.00000	0	0.00000	0
350	L	1.00000	0	0.00000	0
351	F	1.00000	0	0.00000	0
352	S	1.00000	0	0.00000	0
353	Q	1.00000	0	0.00000	0
