# UNNAMED
#pos	aa	i	o	M	S
1	M	0.00000	0.9999	0.00000	0.0001
2	S	0.00000	0.9999	0.00000	0.0001
3	G	0.00000	0.9999	0.00000	0.0001
4	D	0.00000	0.9999	0.00000	0.0001
5	L	0.00000	0.9999	0.00000	0.0001
6	T	0.00000	0.9999	0.00000	0.0001
7	P	0.00000	0.9999	0.00000	0.0001
8	P	0.00000	0.9999	0.00000	0.0001
9	A	0.00000	0.9999	0.00000	0.0001
10	A	0.00000	0.9999	0.00000	0.0001
11	V	0.00000	0.9999	0.00000	0.0001
12	Q	0.00000	0.9999	0.00000	9e-05
13	L	0.00000	0.9999	0.00000	9e-05
14	C	0.00000	0.9999	0.00000	9e-05
15	Y	0.00000	0.9999	0.00000	9e-05
16	E	0.00000	0.9999	0.00000	0.0001
17	N	0.00000	0.99995	0.00000	4e-05
18	V	0.00000	0.99996	0.00000	4e-05
19	N	0.00000	0.99996	0.00000	4e-05
20	G	0.00000	0.99996	0.00000	4e-05
21	S	0.00000	0.99996	0.00000	4e-05
22	C	0.00000	0.99998	0.00000	2e-05
23	V	0.00000	1	0.00000	0
24	K	0.00000	1	0.00000	0
25	A	0.00000	1	0.00000	0
26	P	0.00000	1	0.00000	0
27	Y	0.00000	1	0.00000	0
28	S	0.00000	1	0.00000	0
29	P	0.00000	1	0.00000	0
30	G	0.00000	0.99998	0.00002	0
31	P	0.00000	0.99995	0.00005	0
32	R	0.00000	0.99211	0.00789	0
33	L	0.00000	0.71147	0.28853	0
34	L	0.00000	0.44938	0.55062	0
35	L	0.00000	0.10905	0.89095	0
36	Y	0.00000	0.0131	0.98690	0
37	L	0.00000	0.00262	0.99738	0
38	V	0.00000	0.0005	0.99950	0
39	F	0.00000	0.00011	0.99989	0
40	G	0.00000	5e-05	0.99995	0
41	S	0.00000	2e-05	0.99998	0
42	G	0.00000	0	1.00000	0
43	A	0.00000	0	1.00000	0
44	V	0.00000	0	1.00000	0
45	L	0.00000	0	1.00000	0
46	A	0.00000	0	1.00000	0
47	V	0.00000	0	1.00000	0
48	L	0.00000	0	1.00000	0
49	G	0.00000	0	1.00000	0
50	N	0.00000	0	1.00000	0
51	L	0.00000	0	1.00000	0
52	L	0.00000	0	1.00000	0
53	V	0.00001	0	0.99999	0
54	M	0.00011	0	0.99989	0
55	I	0.00131	0	0.99869	0
56	S	0.10822	0	0.89178	0
57	I	0.13646	0	0.86354	0
58	L	0.37795	0	0.62205	0
59	H	0.82200	0	0.17800	0
60	F	0.89657	0	0.10343	0
61	K	0.99764	0	0.00236	0
62	Q	0.99999	0	0.00001	0
63	L	1.00000	0	0.00000	0
64	H	1.00000	0	0.00000	0
65	S	1.00000	0	0.00000	0
66	P	1.00000	0	0.00000	0
67	A	0.50815	0	0.49185	0
68	N	0.10885	0	0.89115	0
69	F	0.01836	0	0.98164	0
70	L	0.00036	0	0.99964	0
71	V	0.00007	0	0.99993	0
72	A	0.00001	0	0.99999	0
73	S	0.00000	0	1.00000	0
74	L	0.00000	0	1.00000	0
75	A	0.00000	0	1.00000	0
76	C	0.00000	0	1.00000	0
77	A	0.00000	0	1.00000	0
78	D	0.00000	0	1.00000	0
79	F	0.00000	0	1.00000	0
80	L	0.00000	0	1.00000	0
81	V	0.00000	0	1.00000	0
82	G	0.00000	0	1.00000	0
83	T	0.00000	0	1.00000	0
84	T	0.00000	0	1.00000	0
85	V	0.00000	3e-05	0.99997	0
86	M	0.00000	0.00137	0.99863	0
87	P	0.00000	0.02138	0.97862	0
88	F	0.00000	0.05745	0.94255	0
89	S	0.00000	0.33393	0.66607	0
90	M	0.00000	0.41867	0.58133	0
91	V	0.00000	0.67513	0.32487	0
92	R	0.00000	0.99995	0.00005	0
93	S	0.00000	0.99998	0.00002	0
94	V	0.00000	0.99999	0.00001	0
95	E	0.00000	1	0.00000	0
96	S	0.00000	1	0.00000	0
97	C	0.00000	1	0.00000	0
98	W	0.00000	1	0.00000	0
99	Y	0.00000	0.99997	0.00003	0
100	F	0.00000	0.99986	0.00014	0
101	G	0.00000	0.99986	0.00014	0
102	D	0.00000	0.99985	0.00015	0
103	S	0.00000	0.99967	0.00033	0
104	F	0.00000	0.98319	0.01681	0
105	C	0.00000	0.98148	0.01852	0
106	K	0.00000	0.97446	0.02554	0
107	F	0.00000	0.00022	0.99978	0
108	H	0.00000	0.00022	0.99978	0
109	S	0.00000	0.00022	0.99978	0
110	S	0.00000	0.00022	0.99978	0
111	F	0.00000	0.00022	0.99978	0
112	E	0.00000	0.00022	0.99978	0
113	G	0.00000	0	1.00000	0
114	S	0.00000	0	1.00000	0
115	F	0.00000	0	1.00000	0
116	C	0.00000	0	1.00000	0
117	Y	0.00000	0	1.00000	0
118	C	0.00000	0	1.00000	0
119	S	0.00000	0	1.00000	0
120	I	0.00000	0	1.00000	0
121	F	0.00000	0	1.00000	0
122	H	0.00000	0	1.00000	0
123	L	0.00001	0	0.99999	0
124	C	0.00047	0	0.99953	0
125	F	0.00063	0	0.99937	0
126	I	0.00166	0	0.99834	0
127	S	0.00426	0	0.99574	0
128	I	0.00481	0	0.99519	0
129	D	0.00707	0	0.99293	0
130	R	0.63771	0	0.36229	0
131	Y	0.99071	0	0.00929	0
132	T	0.99938	0	0.00062	0
133	A	0.99992	0	0.00008	0
134	V	1.00000	0	0.00000	0
135	T	1.00000	0	0.00000	0
136	D	1.00000	0	0.00000	0
137	P	1.00000	0	0.00000	0
138	L	1.00000	0	0.00000	0
139	V	1.00000	0	0.00000	0
140	Y	1.00000	0	0.00000	0
141	P	1.00000	0	0.00000	0
142	T	0.99978	0	0.00022	0
143	R	0.99848	0	0.00152	0
144	F	0.75522	0	0.24478	0
145	T	0.65636	0	0.34364	0
146	V	0.38569	0	0.61431	0
147	S	0.28526	0	0.71474	0
148	V	0.04668	0	0.95332	0
149	S	0.03413	0	0.96587	0
150	G	0.00747	0	0.99253	0
151	M	0.00083	0	0.99917	0
152	C	0.00000	0	1.00000	0
153	I	0.00000	0	1.00000	0
154	T	0.00000	0	1.00000	0
155	F	0.00000	0	1.00000	0
156	S	0.00000	0	1.00000	0
157	G	0.00000	0	1.00000	0
158	M	0.00000	0	1.00000	0
159	L	0.00000	0	1.00000	0
160	A	0.00000	0	1.00000	0
161	V	0.00000	0	1.00000	0
162	V	0.00000	1e-05	0.99999	0
163	Y	0.00000	0.00325	0.99675	0
164	S	0.00000	0.03012	0.96988	0
165	F	0.00000	0.06762	0.93238	0
166	S	0.00000	0.23115	0.76885	0
167	V	0.00000	0.31887	0.68113	0
168	F	0.00000	0.52671	0.47329	0
169	Y	0.00000	0.72942	0.27058	0
170	T	0.00000	0.92935	0.07065	0
171	G	0.00000	0.9836	0.01640	0
172	S	0.00000	0.99618	0.00382	0
173	N	0.00000	0.99983	0.00017	0
174	E	0.00000	1	0.00000	0
175	A	0.00000	1	0.00000	0
176	G	0.00000	1	0.00000	0
177	L	0.00000	1	0.00000	0
178	E	0.00000	1	0.00000	0
179	E	0.00000	1	0.00000	0
180	L	0.00000	1	0.00000	0
181	V	0.00000	1	0.00000	0
182	S	0.00000	1	0.00000	0
183	A	0.00000	1	0.00000	0
184	L	0.00000	1	0.00000	0
185	T	0.00000	1	0.00000	0
186	C	0.00000	1	0.00000	0
187	V	0.00000	1	0.00000	0
188	G	0.00000	1	0.00000	0
189	G	0.00000	1	0.00000	0
190	C	0.00000	1	0.00000	0
191	Q	0.00000	0.99997	0.00003	0
192	I	0.00000	0.9975	0.00250	0
193	A	0.00000	0.99734	0.00266	0
194	V	0.00000	0.99728	0.00272	0
195	N	0.00000	0.99728	0.00272	0
196	Q	0.00000	0.99721	0.00279	0
197	N	0.00000	0.01029	0.98971	0
198	W	0.00000	0.00642	0.99358	0
199	V	0.00000	0.00409	0.99591	0
200	L	0.00000	0.00321	0.99679	0
201	I	0.00000	0.00295	0.99705	0
202	D	0.00000	0.00292	0.99708	0
203	F	0.00000	0.00132	0.99868	0
204	L	0.00000	0	1.00000	0
205	L	0.00000	0	1.00000	0
206	F	0.00000	0	1.00000	0
207	F	0.00000	0	1.00000	0
208	I	0.00000	0	1.00000	0
209	P	0.00000	0	1.00000	0
210	T	0.00000	0	1.00000	0
211	L	0.00000	0	1.00000	0
212	V	0.00000	0	1.00000	0
213	M	0.00000	0	1.00000	0
214	V	0.00000	0	1.00000	0
215	T	0.00007	0	0.99993	0
216	I	0.00015	0	0.99985	0
217	Y	0.00062	0	0.99938	0
218	S	0.00755	0	0.99245	0
219	K	0.01724	0	0.98276	0
220	I	0.01848	0	0.98152	0
221	F	0.03963	0	0.96037	0
222	L	0.19829	0	0.80171	0
223	I	0.29168	0	0.70832	0
224	A	0.97263	0	0.02737	0
225	R	0.99921	0	0.00079	0
226	Q	0.99997	0	0.00003	0
227	Q	1.00000	0	0.00000	0
228	A	1.00000	0	0.00000	0
229	R	1.00000	0	0.00000	0
230	K	1.00000	0	0.00000	0
231	I	1.00000	0	0.00000	0
232	E	1.00000	0	0.00000	0
233	S	1.00000	0	0.00000	0
234	Q	1.00000	0	0.00000	0
235	S	1.00000	0	0.00000	0
236	N	1.00000	0	0.00000	0
237	K	1.00000	0	0.00000	0
238	T	1.00000	0	0.00000	0
239	A	1.00000	0	0.00000	0
240	K	1.00000	0	0.00000	0
241	P	1.00000	0	0.00000	0
242	S	1.00000	0	0.00000	0
243	D	1.00000	0	0.00000	0
244	S	1.00000	0	0.00000	0
245	Y	1.00000	0	0.00000	0
246	K	1.00000	0	0.00000	0
247	D	1.00000	0	0.00000	0
248	R	1.00000	0	0.00000	0
249	V	1.00000	0	0.00000	0
250	A	1.00000	0	0.00000	0
251	R	1.00000	0	0.00000	0
252	R	1.00000	0	0.00000	0
253	E	1.00000	0	0.00000	0
254	R	0.90866	0	0.09134	0
255	K	0.90460	0	0.09540	0
256	A	0.03285	0	0.96715	0
257	A	0.03202	0	0.96798	0
258	T	0.02942	0	0.97058	0
259	T	0.01798	0	0.98202	0
260	L	0.01681	0	0.98319	0
261	G	0.01128	0	0.98872	0
262	I	0.00809	0	0.99191	0
263	A	0.00801	0	0.99199	0
264	V	0.00324	0	0.99676	0
265	I	0.00001	0	0.99999	0
266	A	0.00000	0	1.00000	0
267	F	0.00000	0	1.00000	0
268	L	0.00000	0	1.00000	0
269	V	0.00000	0	1.00000	0
270	S	0.00000	0	1.00000	0
271	W	0.00000	0	1.00000	0
272	L	0.00000	0	1.00000	0
273	P	0.00000	3e-05	0.99997	0
274	Y	0.00000	0.00016	0.99984	0
275	F	0.00000	0.00148	0.99852	0
276	I	0.00000	0.06108	0.93892	0
277	D	0.00000	0.92488	0.07512	0
278	S	0.00000	0.92962	0.07038	0
279	V	0.00000	0.93734	0.06266	0
280	I	0.00000	0.94419	0.05581	0
281	D	0.00000	0.96535	0.03465	0
282	A	0.00000	0.9654	0.03460	0
283	F	0.00000	0.96569	0.03431	0
284	L	0.00000	0.96702	0.03298	0
285	G	0.00000	0.97156	0.02844	0
286	F	0.00000	0.97254	0.02746	0
287	I	0.00000	0.98175	0.01825	0
288	T	0.00000	0.99477	0.00523	0
289	P	0.00000	0.99867	0.00133	0
290	T	0.00000	0.99928	0.00072	0
291	Y	0.00000	0.99956	0.00044	0
292	V	0.00000	0.99939	0.00061	0
293	Y	0.00000	0.99916	0.00084	0
294	E	0.00000	0.88042	0.11958	0
295	I	0.00000	0.24581	0.75419	0
296	I	0.00000	0.07593	0.92407	0
297	V	0.00000	0.01324	0.98676	0
298	W	0.00000	0.00098	0.99902	0
299	I	0.00000	0	1.00000	0
300	A	0.00000	0	1.00000	0
301	Y	0.00000	0	1.00000	0
302	Y	0.00000	0	1.00000	0
303	N	0.00000	0	1.00000	0
304	S	0.00000	0	1.00000	0
305	A	0.00000	0	1.00000	0
306	M	0.00000	0	1.00000	0
307	N	0.00000	0	1.00000	0
308	P	0.00000	0	1.00000	0
309	L	0.00000	0	1.00000	0
310	I	0.00000	0	1.00000	0
311	Y	0.00000	0	1.00000	0
312	A	0.00002	0	0.99998	0
313	F	0.00007	0	0.99993	0
314	F	0.00167	0	0.99833	0
315	Y	0.01391	0	0.98609	0
316	P	0.07687	0	0.92313	0
317	W	0.13323	0	0.86677	0
318	F	0.67979	0	0.32021	0
319	R	1.00000	0	0.00000	0
320	K	1.00000	0	0.00000	0
321	A	1.00000	0	0.00000	0
322	L	1.00000	0	0.00000	0
323	K	1.00000	0	0.00000	0
324	L	1.00000	0	0.00000	0
325	I	1.00000	0	0.00000	0
326	I	1.00000	0	0.00000	0
327	S	1.00000	0	0.00000	0
328	G	1.00000	0	0.00000	0
329	Q	1.00000	0	0.00000	0
330	L	1.00000	0	0.00000	0
331	F	1.00000	0	0.00000	0
332	K	1.00000	0	0.00000	0
333	E	1.00000	0	0.00000	0
334	N	1.00000	0	0.00000	0
335	S	1.00000	0	0.00000	0
336	S	1.00000	0	0.00000	0
337	I	1.00000	0	0.00000	0
338	I	1.00000	0	0.00000	0
339	K	1.00000	0	0.00000	0
340	L	1.00000	0	0.00000	0
341	F	1.00000	0	0.00000	0
342	S	1.00000	0	0.00000	0
343	E	1.00000	0	0.00000	0
