# UNNAMED
#pos	aa	i	o	M	S
1	M	0.00000	0.99994	0.00000	6e-05
2	V	0.00000	0.99994	0.00000	6e-05
3	N	0.00000	0.99994	0.00000	6e-05
4	N	0.00000	0.99994	0.00000	6e-05
5	F	0.00000	0.99994	0.00000	6e-05
6	S	0.00000	0.99994	0.00000	6e-05
7	Q	0.00000	0.99994	0.00000	6e-05
8	A	0.00000	0.99994	0.00000	6e-05
9	E	0.00000	0.99994	0.00000	6e-05
10	A	0.00000	0.99994	0.00000	6e-05
11	V	0.00000	0.99994	0.00000	6e-05
12	E	0.00000	0.99994	0.00000	6e-05
13	L	0.00000	0.99994	0.00000	6e-05
14	C	0.00000	0.99997	0.00000	3e-05
15	Y	0.00000	0.99997	0.00000	3e-05
16	E	0.00000	0.99997	0.00000	3e-05
17	N	0.00000	1	0.00000	0
18	M	0.00000	1	0.00000	0
19	N	0.00000	1	0.00000	0
20	G	0.00000	1	0.00000	0
21	S	0.00000	1	0.00000	0
22	C	0.00000	1	0.00000	0
23	I	0.00000	1	0.00000	0
24	K	0.00000	1	0.00000	0
25	T	0.00000	1	0.00000	0
26	P	0.00000	1	0.00000	0
27	Y	0.00000	1	0.00000	0
28	S	0.00000	1	0.00000	0
29	P	0.00000	1	0.00000	0
30	G	0.00000	0.99999	0.00001	0
31	P	0.00000	0.99996	0.00004	0
32	R	0.00000	0.99216	0.00784	0
33	A	0.00000	0.61932	0.38068	0
34	I	0.00000	0.10139	0.89861	0
35	L	0.00000	0.0344	0.96560	0
36	Y	0.00000	0.01408	0.98592	0
37	A	0.00000	0.00396	0.99604	0
38	V	0.00000	0.00094	0.99906	0
39	L	0.00000	0.00034	0.99966	0
40	G	0.00000	0.00012	0.99988	0
41	F	0.00000	1e-05	0.99999	0
42	G	0.00000	0	1.00000	0
43	A	0.00000	0	1.00000	0
44	V	0.00000	0	1.00000	0
45	L	0.00000	0	1.00000	0
46	A	0.00000	0	1.00000	0
47	V	0.00000	0	1.00000	0
48	F	0.00000	0	1.00000	0
49	G	0.00000	0	1.00000	0
50	N	0.00000	0	1.00000	0
51	L	0.00000	0	1.00000	0
52	L	0.00000	0	1.00000	0
53	V	0.00000	0	1.00000	0
54	M	0.00001	0	0.99999	0
55	I	0.00012	0	0.99988	0
56	A	0.01125	0	0.98875	0
57	I	0.03619	0	0.96381	0
58	L	0.27042	0	0.72958	0
59	H	0.75423	0	0.24577	0
60	F	0.84794	0	0.15206	0
61	K	0.99837	0	0.00163	0
62	Q	0.99999	0	0.00001	0
63	L	1.00000	0	0.00000	0
64	H	1.00000	0	0.00000	0
65	T	1.00000	0	0.00000	0
66	P	1.00000	0	0.00000	0
67	T	0.92203	0	0.07797	0
68	N	0.47056	0	0.52944	0
69	F	0.05047	0	0.94953	0
70	L	0.00053	0	0.99947	0
71	I	0.00001	0	0.99999	0
72	V	0.00000	0	1.00000	0
73	L	0.00000	0	1.00000	0
74	L	0.00000	0	1.00000	0
75	A	0.00000	0	1.00000	0
76	C	0.00000	0	1.00000	0
77	A	0.00000	0	1.00000	0
78	D	0.00000	0	1.00000	0
79	F	0.00000	0	1.00000	0
80	L	0.00000	0	1.00000	0
81	V	0.00000	0	1.00000	0
82	G	0.00000	0	1.00000	0
83	V	0.00000	0	1.00000	0
84	T	0.00000	0	1.00000	0
85	V	0.00000	1e-05	0.99999	0
86	M	0.00000	0.001	0.99900	0
87	P	0.00000	0.02698	0.97302	0
88	F	0.00000	0.1061	0.89390	0
89	S	0.00000	0.6005	0.39950	0
90	T	0.00000	0.80992	0.19008	0
91	V	0.00000	0.88523	0.11477	0
92	R	0.00000	0.99998	0.00002	0
93	S	0.00000	0.99999	0.00001	0
94	V	0.00000	0.99999	0.00001	0
95	E	0.00000	1	0.00000	0
96	S	0.00000	1	0.00000	0
97	C	0.00000	1	0.00000	0
98	W	0.00000	1	0.00000	0
99	Y	0.00000	1	0.00000	0
100	F	0.00000	0.99997	0.00003	0
101	G	0.00000	0.99997	0.00003	0
102	D	0.00000	0.99996	0.00004	0
103	S	0.00000	0.9999	0.00010	0
104	Y	0.00000	0.99307	0.00693	0
105	C	0.00000	0.98823	0.01177	0
106	K	0.00000	0.982	0.01800	0
107	F	0.00000	0.01002	0.98998	0
108	H	0.00000	0.00361	0.99639	0
109	T	0.00000	0.00229	0.99771	0
110	C	0.00000	0.00188	0.99812	0
111	F	0.00000	9e-05	0.99991	0
112	N	0.00000	9e-05	0.99991	0
113	T	0.00000	1e-05	0.99999	0
114	S	0.00000	0	1.00000	0
115	F	0.00000	0	1.00000	0
116	C	0.00000	0	1.00000	0
117	F	0.00000	0	1.00000	0
118	A	0.00000	0	1.00000	0
119	S	0.00000	0	1.00000	0
120	L	0.00000	0	1.00000	0
121	F	0.00000	0	1.00000	0
122	H	0.00000	0	1.00000	0
123	L	0.00000	0	1.00000	0
124	C	0.00009	0	0.99991	0
125	C	0.00012	0	0.99988	0
126	I	0.00018	0	0.99982	0
127	S	0.00036	0	0.99964	0
128	V	0.00053	0	0.99947	0
129	D	0.00104	0	0.99896	0
130	R	0.16325	0	0.83675	0
131	Y	0.97106	0	0.02894	0
132	I	0.99747	0	0.00253	0
133	A	0.99967	0	0.00033	0
134	V	1.00000	0	0.00000	0
135	T	1.00000	0	0.00000	0
136	D	1.00000	0	0.00000	0
137	P	1.00000	0	0.00000	0
138	L	1.00000	0	0.00000	0
139	T	1.00000	0	0.00000	0
140	Y	1.00000	0	0.00000	0
141	P	1.00000	0	0.00000	0
142	T	0.99999	0	0.00001	0
143	K	0.99985	0	0.00015	0
144	F	0.88695	0	0.11305	0
145	T	0.84579	0	0.15421	0
146	V	0.66164	0	0.33836	0
147	S	0.54406	0	0.45594	0
148	V	0.23298	0	0.76702	0
149	S	0.20425	0	0.79575	0
150	G	0.05827	0	0.94173	0
151	I	0.00108	0	0.99892	0
152	C	0.00000	0	1.00000	0
153	I	0.00000	0	1.00000	0
154	V	0.00000	0	1.00000	0
155	L	0.00000	0	1.00000	0
156	S	0.00000	0	1.00000	0
157	W	0.00000	0	1.00000	0
158	F	0.00000	0	1.00000	0
159	F	0.00000	0	1.00000	0
160	S	0.00000	0	1.00000	0
161	V	0.00000	0	1.00000	0
162	T	0.00000	0	1.00000	0
163	Y	0.00000	0.00014	0.99986	0
164	S	0.00000	0.0019	0.99810	0
165	F	0.00000	0.00412	0.99588	0
166	L	0.00000	0.02185	0.97815	0
167	I	0.00000	0.09502	0.90498	0
168	F	0.00000	0.29251	0.70749	0
169	Y	0.00000	0.50985	0.49015	0
170	T	0.00000	0.78622	0.21378	0
171	G	0.00000	0.91222	0.08778	0
172	A	0.00000	0.94436	0.05564	0
173	N	0.00000	0.99769	0.00231	0
174	K	0.00000	1	0.00000	0
175	E	0.00000	1	0.00000	0
176	G	0.00000	1	0.00000	0
177	I	0.00000	1	0.00000	0
178	E	0.00000	1	0.00000	0
179	E	0.00000	1	0.00000	0
180	L	0.00000	1	0.00000	0
181	V	0.00000	1	0.00000	0
182	A	0.00000	1	0.00000	0
183	L	0.00000	1	0.00000	0
184	T	0.00000	1	0.00000	0
185	C	0.00000	1	0.00000	0
186	V	0.00000	1	0.00000	0
187	G	0.00000	1	0.00000	0
188	G	0.00000	1	0.00000	0
189	C	0.00000	0.9999	0.00010	0
190	Q	0.00000	0.99906	0.00094	0
191	A	0.00000	0.91999	0.08001	0
192	P	0.00000	0.91248	0.08752	0
193	L	0.00000	0.88865	0.11135	0
194	N	0.00000	0.88803	0.11197	0
195	Q	0.00000	0.88282	0.11718	0
196	N	0.00000	0.33064	0.66936	0
197	W	0.00000	0.15884	0.84116	0
198	V	0.00000	0.05508	0.94492	0
199	L	0.00000	0.01526	0.98474	0
200	L	0.00000	0.00337	0.99663	0
201	C	0.00000	0.00238	0.99762	0
202	F	0.00000	0.00157	0.99843	0
203	L	0.00000	0	1.00000	0
204	L	0.00000	0	1.00000	0
205	F	0.00000	0	1.00000	0
206	F	0.00000	0	1.00000	0
207	L	0.00000	0	1.00000	0
208	P	0.00000	0	1.00000	0
209	T	0.00000	0	1.00000	0
210	V	0.00000	0	1.00000	0
211	A	0.00000	0	1.00000	0
212	M	0.00000	0	1.00000	0
213	V	0.00000	0	1.00000	0
214	F	0.00010	0	0.99990	0
215	I	0.00292	0	0.99708	0
216	Y	0.01826	0	0.98174	0
217	S	0.10544	0	0.89456	0
218	K	0.13072	0	0.86928	0
219	L	0.13276	0	0.86724	0
220	F	0.14847	0	0.85153	0
221	L	0.27476	0	0.72524	0
222	V	0.35959	0	0.64041	0
223	A	0.96759	0	0.03241	0
224	K	0.99861	0	0.00139	0
225	H	0.99948	0	0.00052	0
226	Q	0.99997	0	0.00003	0
227	A	0.99999	0	0.00001	0
228	R	1.00000	0	0.00000	0
229	K	1.00000	0	0.00000	0
230	I	1.00000	0	0.00000	0
231	E	1.00000	0	0.00000	0
232	S	1.00000	0	0.00000	0
233	T	1.00000	0	0.00000	0
234	A	1.00000	0	0.00000	0
235	S	1.00000	0	0.00000	0
236	Q	1.00000	0	0.00000	0
237	A	1.00000	0	0.00000	0
238	Q	1.00000	0	0.00000	0
239	S	1.00000	0	0.00000	0
240	S	1.00000	0	0.00000	0
241	S	1.00000	0	0.00000	0
242	E	1.00000	0	0.00000	0
243	S	1.00000	0	0.00000	0
244	Y	1.00000	0	0.00000	0
245	K	1.00000	0	0.00000	0
246	E	1.00000	0	0.00000	0
247	R	1.00000	0	0.00000	0
248	V	1.00000	0	0.00000	0
249	A	1.00000	0	0.00000	0
250	K	1.00000	0	0.00000	0
251	R	1.00000	0	0.00000	0
252	E	1.00000	0	0.00000	0
253	R	0.92431	0	0.07569	0
254	K	0.92086	0	0.07914	0
255	A	0.10002	0	0.89998	0
256	A	0.09891	0	0.90109	0
257	K	0.09346	0	0.90654	0
258	T	0.05658	0	0.94342	0
259	L	0.02565	0	0.97435	0
260	G	0.01544	0	0.98456	0
261	I	0.01056	0	0.98944	0
262	A	0.01044	0	0.98956	0
263	M	0.00447	0	0.99553	0
264	A	0.00006	0	0.99994	0
265	A	0.00000	0	1.00000	0
266	F	0.00000	0	1.00000	0
267	L	0.00000	0	1.00000	0
268	V	0.00000	0	1.00000	0
269	S	0.00000	0	1.00000	0
270	W	0.00000	0	1.00000	0
271	L	0.00000	0	1.00000	0
272	P	0.00000	3e-05	0.99997	0
273	Y	0.00000	0.00017	0.99983	0
274	I	0.00000	0.00162	0.99838	0
275	I	0.00000	0.04942	0.95058	0
276	D	0.00000	0.7414	0.25860	0
277	A	0.00000	0.74519	0.25481	0
278	V	0.00000	0.77759	0.22241	0
279	I	0.00000	0.80796	0.19204	0
280	D	0.00000	0.94225	0.05775	0
281	A	0.00000	0.94263	0.05737	0
282	Y	0.00000	0.9458	0.05420	0
283	M	0.00000	0.94803	0.05197	0
284	N	0.00000	0.96068	0.03932	0
285	F	0.00000	0.96201	0.03799	0
286	I	0.00000	0.97615	0.02385	0
287	T	0.00000	0.9976	0.00240	0
288	P	0.00000	0.99971	0.00029	0
289	P	0.00000	0.99992	0.00008	0
290	Y	0.00000	0.99967	0.00033	0
291	V	0.00000	0.99832	0.00168	0
292	Y	0.00000	0.997	0.00300	0
293	E	0.00000	0.65529	0.34471	0
294	I	0.00000	0.32099	0.67901	0
295	L	0.00000	0.0698	0.93020	0
296	V	0.00000	0.01146	0.98854	0
297	W	0.00000	0.00082	0.99918	0
298	C	0.00000	3e-05	0.99997	0
299	V	0.00000	0	1.00000	0
300	Y	0.00000	0	1.00000	0
301	Y	0.00000	0	1.00000	0
302	N	0.00001	0	0.99999	0
303	S	0.00001	0	0.99999	0
304	A	0.00001	0	0.99999	0
305	T	0.00001	0	0.99999	0
306	N	0.00001	0	0.99999	0
307	P	0.00001	0	0.99999	0
308	F	0.00001	0	0.99999	0
309	I	0.00001	0	0.99999	0
310	Y	0.00001	0	0.99999	0
311	A	0.00004	0	0.99996	0
312	F	0.00017	0	0.99983	0
313	F	0.00446	0	0.99554	0
314	Y	0.06504	0	0.93496	0
315	P	0.21960	0	0.78040	0
316	W	0.29577	0	0.70423	0
317	F	0.79001	0	0.20999	0
318	R	1.00000	0	0.00000	0
319	K	1.00000	0	0.00000	0
320	A	1.00000	0	0.00000	0
321	M	1.00000	0	0.00000	0
322	K	1.00000	0	0.00000	0
323	L	1.00000	0	0.00000	0
324	I	1.00000	0	0.00000	0
325	V	1.00000	0	0.00000	0
326	S	1.00000	0	0.00000	0
327	G	1.00000	0	0.00000	0
328	K	1.00000	0	0.00000	0
329	V	1.00000	0	0.00000	0
330	L	1.00000	0	0.00000	0
331	R	1.00000	0	0.00000	0
332	S	1.00000	0	0.00000	0
333	D	1.00000	0	0.00000	0
334	S	1.00000	0	0.00000	0
335	S	1.00000	0	0.00000	0
336	T	1.00000	0	0.00000	0
337	T	1.00000	0	0.00000	0
338	N	1.00000	0	0.00000	0
339	L	1.00000	0	0.00000	0
340	F	1.00000	0	0.00000	0
341	S	1.00000	0	0.00000	0
342	E	1.00000	0	0.00000	0
343	E	1.00000	0	0.00000	0
344	V	1.00000	0	0.00000	0
345	E	1.00000	0	0.00000	0
346	T	1.00000	0	0.00000	0
347	D	1.00000	0	0.00000	0
