# UNNAMED
#pos	aa	i	o	M	S
1	M	0.00000	0.99922	0.00000	0.00078
2	L	0.00000	0.99922	0.00000	0.00078
3	P	0.00000	0.99922	0.00000	0.00078
4	P	0.00000	0.99922	0.00000	0.00078
5	G	0.00000	0.99922	0.00000	0.00077
6	S	0.00000	0.99922	0.00000	0.00078
7	N	0.00000	0.99922	0.00000	0.00078
8	G	0.00000	0.99922	0.00000	0.00078
9	T	0.00000	0.99922	0.00000	0.00078
10	T	0.00000	0.99922	0.00000	0.00078
11	Y	0.00000	0.99922	0.00000	0.00078
12	P	0.00000	0.99922	0.00000	0.00078
13	G	0.00000	0.99922	0.00000	0.00078
14	Q	0.00000	0.99922	0.00000	0.00078
15	F	0.00000	0.99922	0.00000	0.00078
16	A	0.00000	0.99922	0.00000	0.00078
17	L	0.00000	0.99922	0.00000	0.00078
18	Y	0.00000	0.99922	0.00000	0.00078
19	Q	0.00000	0.99922	0.00000	0.00078
20	Q	0.00000	0.99922	0.00000	0.00078
21	L	0.00000	0.99922	0.00000	0.00078
22	A	0.00000	0.99922	0.00000	0.00078
23	Q	0.00000	0.99922	0.00000	0.00078
24	G	0.00000	0.99929	0.00000	0.0007
25	N	0.00000	0.99957	0.00000	0.00044
26	A	0.00000	0.99957	0.00000	0.00043
27	V	0.00000	0.99957	0.00000	0.00043
28	G	0.00000	0.99957	0.00000	0.00043
29	G	0.00000	0.99957	0.00000	0.00043
30	S	0.00000	0.99988	0.00000	0.00012
31	A	0.00000	0.9999	0.00000	0.0001
32	G	0.00000	0.99991	0.00000	8e-05
33	A	0.00000	0.99999	0.00001	0
34	P	0.00000	0.99995	0.00005	0
35	P	0.00000	0.99973	0.00027	0
36	L	0.00000	0.99636	0.00364	0
37	G	0.00000	0.99169	0.00831	0
38	P	0.00000	0.97234	0.02766	0
39	A	0.00000	0.77546	0.22454	0
40	Q	0.00000	0.54693	0.45307	0
41	V	0.00000	0.31758	0.68242	0
42	V	0.00000	0.24099	0.75901	0
43	T	0.00000	0.21841	0.78159	0
44	A	0.00000	0.18368	0.81632	0
45	C	0.00000	0.167	0.83300	0
46	L	0.00000	0.11013	0.88987	0
47	L	0.00000	0.07868	0.92132	0
48	T	0.00000	0.06892	0.93108	0
49	L	0.00000	0.00564	0.99436	0
50	L	0.00000	0.00024	0.99976	0
51	I	0.00000	0	1.00000	0
52	I	0.00000	0	1.00000	0
53	W	0.00000	0	1.00000	0
54	T	0.00000	0	1.00000	0
55	L	0.00000	0	1.00000	0
56	L	0.00000	0	1.00000	0
57	G	0.00000	0	1.00000	0
58	N	0.00000	0	1.00000	0
59	V	0.00000	0	1.00000	0
60	L	0.00000	0	1.00000	0
61	V	0.00001	0	0.99999	0
62	C	0.00008	0	0.99992	0
63	A	0.00155	0	0.99845	0
64	A	0.01940	0	0.98060	0
65	I	0.04883	0	0.95117	0
66	V	0.31949	0	0.68051	0
67	R	0.94292	0	0.05708	0
68	S	0.97911	0	0.02089	0
69	R	0.99749	0	0.00251	0
70	H	0.99891	0	0.00109	0
71	L	0.99938	0	0.00062	0
72	R	1.00000	0	0.00000	0
73	A	0.99991	0	0.00009	0
74	K	0.99927	0	0.00073	0
75	M	0.93262	0	0.06738	0
76	T	0.80732	0	0.19268	0
77	N	0.15611	0	0.84389	0
78	V	0.06451	0	0.93549	0
79	F	0.00048	0	0.99952	0
80	I	0.00001	0	0.99999	0
81	V	0.00000	0	1.00000	0
82	S	0.00000	0	1.00000	0
83	L	0.00000	0	1.00000	0
84	A	0.00000	0	1.00000	0
85	V	0.00000	0	1.00000	0
86	S	0.00000	0	1.00000	0
87	D	0.00000	0	1.00000	0
88	L	0.00000	0	1.00000	0
89	F	0.00000	0	1.00000	0
90	V	0.00000	0	1.00000	0
91	A	0.00000	0	1.00000	0
92	L	0.00000	0	1.00000	0
93	L	0.00000	0	1.00000	0
94	V	0.00000	6e-05	0.99994	0
95	M	0.00000	0.00064	0.99936	0
96	P	0.00000	0.00837	0.99163	0
97	W	0.00000	0.07336	0.92664	0
98	K	0.00000	0.41421	0.58579	0
99	A	0.00000	0.59671	0.40329	0
100	V	0.00000	0.76275	0.23725	0
101	A	0.00000	0.9998	0.00020	0
102	E	0.00000	1	0.00000	0
103	V	0.00000	1	0.00000	0
104	A	0.00000	1	0.00000	0
105	G	0.00000	1	0.00000	0
106	Y	0.00000	1	0.00000	0
107	W	0.00000	1	0.00000	0
108	P	0.00000	1	0.00000	0
109	F	0.00000	1	0.00000	0
110	G	0.00000	1	0.00000	0
111	A	0.00000	0.99999	0.00001	0
112	F	0.00000	0.99998	0.00002	0
113	C	0.00000	0.99997	0.00003	0
114	D	0.00000	0.99982	0.00018	0
115	V	0.00000	0.99784	0.00216	0
116	W	0.00000	0.818	0.18200	0
117	V	0.00000	0.09631	0.90369	0
118	A	0.00000	0.0028	0.99720	0
119	F	0.00000	6e-05	0.99994	0
120	D	0.00000	2e-05	0.99998	0
121	I	0.00000	0	1.00000	0
122	M	0.00000	0	1.00000	0
123	C	0.00000	0	1.00000	0
124	S	0.00000	0	1.00000	0
125	T	0.00000	0	1.00000	0
126	A	0.00000	0	1.00000	0
127	S	0.00000	0	1.00000	0
128	I	0.00000	0	1.00000	0
129	L	0.00000	0	1.00000	0
130	N	0.00000	0	1.00000	0
131	L	0.00000	0	1.00000	0
132	C	0.00000	0	1.00000	0
133	V	0.00000	0	1.00000	0
134	I	0.00000	0	1.00000	0
135	S	0.00000	0	1.00000	0
136	V	0.00000	0	1.00000	0
137	D	0.00006	0	0.99994	0
138	R	0.11038	0	0.88962	0
139	Y	0.42826	0	0.57174	0
140	W	0.79984	0	0.20016	0
141	A	0.98725	0	0.01275	0
142	I	1.00000	0	0.00000	0
143	S	1.00000	0	0.00000	0
144	R	1.00000	0	0.00000	0
145	P	1.00000	0	0.00000	0
146	F	1.00000	0	0.00000	0
147	R	1.00000	0	0.00000	0
148	Y	1.00000	0	0.00000	0
149	E	1.00000	0	0.00000	0
150	R	1.00000	0	0.00000	0
151	K	1.00000	0	0.00000	0
152	M	0.99997	0	0.00003	0
153	T	0.99992	0	0.00008	0
154	Q	0.99954	0	0.00046	0
155	R	0.95146	0	0.04854	0
156	M	0.45911	0	0.54089	0
157	A	0.06792	0	0.93208	0
158	L	0.00561	0	0.99439	0
159	V	0.00031	0	0.99969	0
160	M	0.00003	0	0.99997	0
161	V	0.00000	0	1.00000	0
162	G	0.00000	0	1.00000	0
163	L	0.00000	0	1.00000	0
164	A	0.00000	0	1.00000	0
165	W	0.00000	0	1.00000	0
166	T	0.00000	0	1.00000	0
167	L	0.00000	0	1.00000	0
168	S	0.00000	0	1.00000	0
169	I	0.00000	0	1.00000	0
170	L	0.00000	0	1.00000	0
171	I	0.00000	0	1.00000	0
172	S	0.00000	0	1.00000	0
173	F	0.00000	0	1.00000	0
174	I	0.00000	0.0002	0.99980	0
175	P	0.00000	0.01569	0.98431	0
176	V	0.00000	0.05318	0.94682	0
177	Q	0.00000	0.39638	0.60362	0
178	L	0.00000	0.51638	0.48362	0
179	N	0.00000	0.9342	0.06580	0
180	W	0.00000	0.96667	0.03333	0
181	H	0.00000	0.99659	0.00341	0
182	R	0.00000	0.99998	0.00002	0
183	D	0.00000	1	0.00000	0
184	Q	0.00000	1	0.00000	0
185	A	0.00000	1	0.00000	0
186	V	0.00000	1	0.00000	0
187	S	0.00000	1	0.00000	0
188	W	0.00000	1	0.00000	0
189	G	0.00000	1	0.00000	0
190	G	0.00000	1	0.00000	0
191	L	0.00000	1	0.00000	0
192	D	0.00000	1	0.00000	0
193	L	0.00000	1	0.00000	0
194	P	0.00000	1	0.00000	0
195	N	0.00000	1	0.00000	0
196	N	0.00000	1	0.00000	0
197	L	0.00000	1	0.00000	0
198	A	0.00000	1	0.00000	0
199	N	0.00000	1	0.00000	0
200	W	0.00000	1	0.00000	0
201	T	0.00000	1	0.00000	0
202	P	0.00000	1	0.00000	0
203	W	0.00000	1	0.00000	0
204	E	0.00000	1	0.00000	0
205	E	0.00000	1	0.00000	0
206	D	0.00000	1	0.00000	0
207	F	0.00000	1	0.00000	0
208	W	0.00000	1	0.00000	0
209	E	0.00000	1	0.00000	0
210	P	0.00000	1	0.00000	0
211	D	0.00000	1	0.00000	0
212	V	0.00000	1	0.00000	0
213	R	0.00000	1	0.00000	0
214	A	0.00000	1	0.00000	0
215	E	0.00000	1	0.00000	0
216	N	0.00000	1	0.00000	0
217	C	0.00000	1	0.00000	0
218	D	0.00000	1	0.00000	0
219	S	0.00000	0.99976	0.00024	0
220	S	0.00000	0.99812	0.00188	0
221	L	0.00000	0.99443	0.00557	0
222	N	0.00000	0.99411	0.00589	0
223	R	0.00000	0.95785	0.04215	0
224	T	0.00000	0.54083	0.45917	0
225	Y	0.00000	0.01904	0.98096	0
226	A	0.00000	0.01083	0.98917	0
227	I	0.00000	0.0076	0.99240	0
228	S	0.00000	0.00107	0.99893	0
229	S	0.00000	0.0009	0.99910	0
230	S	0.00000	8e-05	0.99992	0
231	L	0.00000	3e-05	0.99997	0
232	I	0.00000	0	1.00000	0
233	S	0.00000	0	1.00000	0
234	F	0.00000	0	1.00000	0
235	Y	0.00000	0	1.00000	0
236	I	0.00000	0	1.00000	0
237	P	0.00000	0	1.00000	0
238	V	0.00000	0	1.00000	0
239	A	0.00000	0	1.00000	0
240	I	0.00000	0	1.00000	0
241	M	0.00000	0	1.00000	0
242	I	0.00000	0	1.00000	0
243	V	0.00015	0	0.99985	0
244	T	0.00176	0	0.99824	0
245	Y	0.00414	0	0.99586	0
246	T	0.07745	0	0.92255	0
247	R	0.17821	0	0.82179	0
248	I	0.18841	0	0.81159	0
249	Y	0.25243	0	0.74757	0
250	R	0.96442	0	0.03558	0
251	I	0.97001	0	0.02999	0
252	A	0.99977	0	0.00023	0
253	Q	0.99999	0	0.00001	0
254	V	1.00000	0	0.00000	0
255	Q	1.00000	0	0.00000	0
256	I	1.00000	0	0.00000	0
257	R	1.00000	0	0.00000	0
258	R	1.00000	0	0.00000	0
259	I	1.00000	0	0.00000	0
260	S	1.00000	0	0.00000	0
261	S	1.00000	0	0.00000	0
262	L	1.00000	0	0.00000	0
263	E	1.00000	0	0.00000	0
264	R	1.00000	0	0.00000	0
265	A	1.00000	0	0.00000	0
266	A	1.00000	0	0.00000	0
267	E	1.00000	0	0.00000	0
268	H	1.00000	0	0.00000	0
269	A	1.00000	0	0.00000	0
270	Q	1.00000	0	0.00000	0
271	R	1.00000	0	0.00000	0
272	C	1.00000	0	0.00000	0
273	R	1.00000	0	0.00000	0
274	S	1.00000	0	0.00000	0
275	S	1.00000	0	0.00000	0
276	A	1.00000	0	0.00000	0
277	A	1.00000	0	0.00000	0
278	C	1.00000	0	0.00000	0
279	A	1.00000	0	0.00000	0
280	P	1.00000	0	0.00000	0
281	D	1.00000	0	0.00000	0
282	T	1.00000	0	0.00000	0
283	S	1.00000	0	0.00000	0
284	L	1.00000	0	0.00000	0
285	R	1.00000	0	0.00000	0
286	A	1.00000	0	0.00000	0
287	S	1.00000	0	0.00000	0
288	I	1.00000	0	0.00000	0
289	K	1.00000	0	0.00000	0
290	K	1.00000	0	0.00000	0
291	E	1.00000	0	0.00000	0
292	T	0.93870	0	0.06130	0
293	K	0.93719	0	0.06281	0
294	V	0.29230	0	0.70770	0
295	L	0.25789	0	0.74211	0
296	K	0.25754	0	0.74246	0
297	T	0.22291	0	0.77709	0
298	L	0.00575	0	0.99425	0
299	S	0.00152	0	0.99848	0
300	V	0.00089	0	0.99911	0
301	I	0.00008	0	0.99992	0
302	M	0.00000	0	1.00000	0
303	G	0.00000	0	1.00000	0
304	V	0.00000	0	1.00000	0
305	F	0.00000	0	1.00000	0
306	V	0.00000	0	1.00000	0
307	C	0.00000	0	1.00000	0
308	C	0.00000	0	1.00000	0
309	W	0.00000	0	1.00000	0
310	L	0.00000	0	1.00000	0
311	P	0.00000	0	1.00000	0
312	F	0.00000	0	1.00000	0
313	F	0.00000	1e-05	0.99999	0
314	I	0.00000	0.00231	0.99769	0
315	L	0.00000	0.02887	0.97113	0
316	N	0.00000	0.28076	0.71924	0
317	C	0.00000	0.38741	0.61259	0
318	M	0.00000	0.40043	0.59957	0
319	V	0.00000	0.46955	0.53045	0
320	P	0.00000	0.64893	0.35107	0
321	F	0.00000	0.69487	0.30513	0
322	C	0.00000	0.85027	0.14973	0
323	S	0.00000	0.96909	0.03091	0
324	G	0.00000	0.99244	0.00756	0
325	H	0.00000	0.99757	0.00243	0
326	P	0.00000	0.99962	0.00038	0
327	E	0.00000	0.99986	0.00014	0
328	G	0.00000	0.99988	0.00012	0
329	P	0.00000	0.99981	0.00019	0
330	L	0.00000	0.99978	0.00022	0
331	A	0.00000	0.99978	0.00022	0
332	G	0.00000	0.99978	0.00022	0
333	F	0.00000	0.99978	0.00022	0
334	P	0.00000	0.99978	0.00022	0
335	C	0.00000	0.99978	0.00022	0
336	V	0.00000	0.99971	0.00029	0
337	S	0.00001	0.99968	0.00031	0
338	E	0.00001	0.99949	0.00050	0
339	T	0.00001	0.99753	0.00245	0
340	T	0.00001	0.99459	0.00540	0
341	F	0.00001	0.98817	0.01181	0
342	D	0.00001	0.88285	0.11713	0
343	V	0.00001	0.12253	0.87746	0
344	F	0.00001	0.11466	0.88532	0
345	V	0.00002	0.00595	0.99404	0
346	W	0.00002	0.00018	0.99980	0
347	F	0.00002	0	0.99998	0
348	G	0.00006	0	0.99994	0
349	W	0.00013	0	0.99987	0
350	A	0.00017	0	0.99983	0
351	N	0.00022	0	0.99978	0
352	S	0.00022	0	0.99978	0
353	S	0.00022	0	0.99978	0
354	L	0.00022	0	0.99978	0
355	N	0.00022	0	0.99978	0
356	P	0.00022	0	0.99978	0
357	V	0.00022	0	0.99978	0
358	I	0.00022	0	0.99978	0
359	Y	0.00027	0	0.99973	0
360	A	0.00039	0	0.99961	0
361	F	0.00439	0	0.99561	0
362	N	0.22707	0	0.77293	0
363	A	0.39806	0	0.60194	0
364	D	0.76243	0	0.23757	0
365	F	0.80358	0	0.19642	0
366	R	1.00000	0	0.00000	0
367	K	1.00000	0	0.00000	0
368	V	1.00000	0	0.00000	0
369	F	1.00000	0	0.00000	0
370	A	1.00000	0	0.00000	0
371	Q	1.00000	0	0.00000	0
372	L	1.00000	0	0.00000	0
373	L	1.00000	0	0.00000	0
374	G	1.00000	0	0.00000	0
375	C	1.00000	0	0.00000	0
376	S	1.00000	0	0.00000	0
377	H	1.00000	0	0.00000	0
378	F	1.00000	0	0.00000	0
379	C	1.00000	0	0.00000	0
380	S	1.00000	0	0.00000	0
381	R	1.00000	0	0.00000	0
382	T	1.00000	0	0.00000	0
383	P	1.00000	0	0.00000	0
384	V	1.00000	0	0.00000	0
385	E	1.00000	0	0.00000	0
386	T	1.00000	0	0.00000	0
387	V	1.00000	0	0.00000	0
388	N	1.00000	0	0.00000	0
389	I	1.00000	0	0.00000	0
390	S	1.00000	0	0.00000	0
391	N	1.00000	0	0.00000	0
392	E	1.00000	0	0.00000	0
393	L	1.00000	0	0.00000	0
394	I	1.00000	0	0.00000	0
395	S	1.00000	0	0.00000	0
396	Y	1.00000	0	0.00000	0
397	N	1.00000	0	0.00000	0
398	Q	1.00000	0	0.00000	0
399	D	1.00000	0	0.00000	0
400	I	1.00000	0	0.00000	0
401	V	1.00000	0	0.00000	0
402	F	1.00000	0	0.00000	0
403	H	1.00000	0	0.00000	0
404	K	1.00000	0	0.00000	0
405	E	1.00000	0	0.00000	0
406	I	1.00000	0	0.00000	0
407	A	1.00000	0	0.00000	0
408	A	1.00000	0	0.00000	0
409	A	1.00000	0	0.00000	0
410	Y	1.00000	0	0.00000	0
411	I	1.00000	0	0.00000	0
412	H	1.00000	0	0.00000	0
413	M	1.00000	0	0.00000	0
414	M	1.00000	0	0.00000	0
415	P	1.00000	0	0.00000	0
416	N	1.00000	0	0.00000	0
417	A	1.00000	0	0.00000	0
418	V	1.00000	0	0.00000	0
419	T	1.00000	0	0.00000	0
420	P	1.00000	0	0.00000	0
421	G	1.00000	0	0.00000	0
422	N	1.00000	0	0.00000	0
423	R	1.00000	0	0.00000	0
424	E	1.00000	0	0.00000	0
425	V	1.00000	0	0.00000	0
426	D	1.00000	0	0.00000	0
427	N	1.00000	0	0.00000	0
428	D	1.00000	0	0.00000	0
429	E	1.00000	0	0.00000	0
430	E	1.00000	0	0.00000	0
431	E	1.00000	0	0.00000	0
432	G	1.00000	0	0.00000	0
433	P	1.00000	0	0.00000	0
434	F	1.00000	0	0.00000	0
435	D	1.00000	0	0.00000	0
436	R	1.00000	0	0.00000	0
437	M	1.00000	0	0.00000	0
438	S	1.00000	0	0.00000	0
439	Q	1.00000	0	0.00000	0
440	I	1.00000	0	0.00000	0
441	Y	1.00000	0	0.00000	0
442	Q	1.00000	0	0.00000	0
443	T	1.00000	0	0.00000	0
444	S	1.00000	0	0.00000	0
445	P	1.00000	0	0.00000	0
446	D	1.00000	0	0.00000	0
447	G	1.00000	0	0.00000	0
448	D	1.00000	0	0.00000	0
449	P	1.00000	0	0.00000	0
450	V	1.00000	0	0.00000	0
451	A	1.00000	0	0.00000	0
452	E	1.00000	0	0.00000	0
453	S	1.00000	0	0.00000	0
454	V	1.00000	0	0.00000	0
455	W	1.00000	0	0.00000	0
456	E	1.00000	0	0.00000	0
457	L	1.00000	0	0.00000	0
458	D	1.00000	0	0.00000	0
459	C	1.00000	0	0.00000	0
460	E	1.00000	0	0.00000	0
461	G	1.00000	0	0.00000	0
462	E	1.00000	0	0.00000	0
463	I	1.00000	0	0.00000	0
464	S	1.00000	0	0.00000	0
465	L	1.00000	0	0.00000	0
466	D	1.00000	0	0.00000	0
467	K	1.00000	0	0.00000	0
468	I	1.00000	0	0.00000	0
469	T	1.00000	0	0.00000	0
470	P	1.00000	0	0.00000	0
471	F	1.00000	0	0.00000	0
472	T	1.00000	0	0.00000	0
473	P	1.00000	0	0.00000	0
474	N	1.00000	0	0.00000	0
475	G	1.00000	0	0.00000	0
476	F	1.00000	0	0.00000	0
477	H	1.00000	0	0.00000	0
