# UNNAMED
#pos	aa	i	o	M	S
1	M	0.00000	1	0.00000	0
2	H	0.00000	1	0.00000	0
3	N	0.00000	1	0.00000	0
4	L	0.00000	1	0.00000	0
5	S	0.00000	1	0.00000	0
6	A	0.00000	1	0.00000	0
7	Q	0.00000	1	0.00000	0
8	P	0.00000	1	0.00000	0
9	W	0.00000	1	0.00000	0
10	Q	0.00000	1	0.00000	0
11	M	0.00000	1	0.00000	0
12	K	0.00000	1	0.00000	0
13	M	0.00000	1	0.00000	0
14	A	0.00000	1	0.00000	0
15	N	0.00000	1	0.00000	0
16	L	0.00000	1	0.00000	0
17	T	0.00000	1	0.00000	0
18	Y	0.00000	1	0.00000	0
19	D	0.00000	1	0.00000	0
20	N	0.00000	1	0.00000	0
21	F	0.00000	1	0.00000	0
22	T	0.00000	1	0.00000	0
23	N	0.00000	1	0.00000	0
24	G	0.00000	1	0.00000	0
25	N	0.00000	1	0.00000	0
26	R	0.00000	1	0.00000	0
27	S	0.00000	1	0.00000	0
28	E	0.00000	1	0.00000	0
29	V	0.00000	1	0.00000	0
30	A	0.00000	1	0.00000	0
31	L	0.00000	1	0.00000	0
32	Q	0.00000	1	0.00000	0
33	H	0.00000	1	0.00000	0
34	P	0.00000	1	0.00000	0
35	S	0.00000	1	0.00000	0
36	N	0.00000	1	0.00000	0
37	H	0.00000	0.99985	0.00015	0
38	Y	0.00000	0.99975	0.00025	0
39	K	0.00000	0.99971	0.00029	0
40	T	0.00000	0.99633	0.00367	0
41	V	0.00000	0.98812	0.01188	0
42	E	0.00000	0.9788	0.02120	0
43	L	0.00000	0.66804	0.33196	0
44	V	0.00000	0.25674	0.74326	0
45	F	0.00000	0.07898	0.92102	0
46	I	0.00000	0.00435	0.99565	0
47	A	0.00000	0.00088	0.99912	0
48	T	0.00000	0.00018	0.99982	0
49	V	0.00000	1e-05	0.99999	0
50	T	0.00000	0	1.00000	0
51	G	0.00000	0	1.00000	0
52	S	0.00000	0	1.00000	0
53	L	0.00000	0	1.00000	0
54	S	0.00000	0	1.00000	0
55	L	0.00000	0	1.00000	0
56	V	0.00000	0	1.00000	0
57	T	0.00000	0	1.00000	0
58	V	0.00000	0	1.00000	0
59	V	0.00000	0	1.00000	0
60	G	0.00000	0	1.00000	0
61	N	0.00000	0	1.00000	0
62	I	0.00000	0	1.00000	0
63	L	0.00002	0	0.99998	0
64	V	0.00040	0	0.99960	0
65	M	0.00367	0	0.99633	0
66	L	0.02603	0	0.97397	0
67	S	0.52283	0	0.47717	0
68	I	0.58303	0	0.41697	0
69	K	0.98899	0	0.01101	0
70	V	0.99524	0	0.00476	0
71	N	0.99985	0	0.00015	0
72	R	0.99999	0	0.00001	0
73	Q	0.99999	0	0.00001	0
74	L	0.99948	0	0.00052	0
75	Q	0.99836	0	0.00164	0
76	T	0.96578	0	0.03422	0
77	V	0.64818	0	0.35182	0
78	N	0.34447	0	0.65553	0
79	N	0.07872	0	0.92128	0
80	Y	0.03080	0	0.96920	0
81	F	0.00048	0	0.99952	0
82	L	0.00003	0	0.99997	0
83	F	0.00000	0	1.00000	0
84	S	0.00000	0	1.00000	0
85	L	0.00000	0	1.00000	0
86	A	0.00000	0	1.00000	0
87	C	0.00000	0	1.00000	0
88	A	0.00000	0	1.00000	0
89	D	0.00000	0	1.00000	0
90	L	0.00000	0	1.00000	0
91	I	0.00000	0	1.00000	0
92	I	0.00000	0	1.00000	0
93	G	0.00000	0	1.00000	0
94	V	0.00000	1e-05	0.99999	0
95	F	0.00000	0.00153	0.99847	0
96	S	0.00000	0.08012	0.91988	0
97	M	0.00000	0.12483	0.87517	0
98	N	0.00000	0.48782	0.51218	0
99	L	0.00000	0.51465	0.48535	0
100	Y	0.00000	0.5958	0.40420	0
101	T	0.00000	0.61812	0.38188	0
102	V	0.00000	0.6584	0.34160	0
103	Y	0.00000	0.71266	0.28734	0
104	I	0.00000	0.7414	0.25860	0
105	I	0.00000	0.83192	0.16808	0
106	K	0.00000	0.96894	0.03106	0
107	G	0.00000	0.99339	0.00661	0
108	Y	0.00000	0.99922	0.00078	0
109	W	0.00000	0.99977	0.00023	0
110	P	0.00000	0.99996	0.00004	0
111	L	0.00000	1	0.00000	0
112	G	0.00000	1	0.00000	0
113	A	0.00000	0.99996	0.00004	0
114	V	0.00000	0.99986	0.00014	0
115	V	0.00000	0.99985	0.00015	0
116	C	0.00000	0.99983	0.00017	0
117	D	0.00000	0.99973	0.00027	0
118	L	0.00000	0.99914	0.00086	0
119	W	0.00000	0.94529	0.05471	0
120	L	0.00000	0.52542	0.47458	0
121	A	0.00000	0.27937	0.72063	0
122	L	0.00000	0.00864	0.99136	0
123	D	0.00000	0.00028	0.99972	0
124	Y	0.00000	2e-05	0.99998	0
125	V	0.00000	0	1.00000	0
126	V	0.00000	0	1.00000	0
127	S	0.00000	0	1.00000	0
128	N	0.00000	0	1.00000	0
129	A	0.00000	0	1.00000	0
130	S	0.00000	0	1.00000	0
131	V	0.00000	0	1.00000	0
132	M	0.00000	0	1.00000	0
133	N	0.00000	0	1.00000	0
134	L	0.00000	0	1.00000	0
135	L	0.00000	0	1.00000	0
136	I	0.00000	0	1.00000	0
137	I	0.00000	0	1.00000	0
138	S	0.00000	0	1.00000	0
139	F	0.00000	0	1.00000	0
140	D	0.00021	0	0.99979	0
141	R	0.10941	0	0.89059	0
142	Y	0.39214	0	0.60786	0
143	F	0.67567	0	0.32433	0
144	C	0.93780	0	0.06220	0
145	V	0.99998	0	0.00002	0
146	T	1.00000	0	0.00000	0
147	K	1.00000	0	0.00000	0
148	P	1.00000	0	0.00000	0
149	L	1.00000	0	0.00000	0
150	T	1.00000	0	0.00000	0
151	Y	1.00000	0	0.00000	0
152	P	1.00000	0	0.00000	0
153	A	1.00000	0	0.00000	0
154	R	1.00000	0	0.00000	0
155	R	1.00000	0	0.00000	0
156	T	0.99995	0	0.00005	0
157	T	0.99972	0	0.00028	0
158	K	0.99591	0	0.00409	0
159	M	0.64544	0	0.35456	0
160	A	0.26179	0	0.73821	0
161	G	0.14061	0	0.85939	0
162	L	0.02270	0	0.97730	0
163	M	0.00893	0	0.99107	0
164	I	0.00049	0	0.99951	0
165	A	0.00008	0	0.99992	0
166	A	0.00000	0	1.00000	0
167	A	0.00000	0	1.00000	0
168	W	0.00000	0	1.00000	0
169	I	0.00000	0	1.00000	0
170	L	0.00000	0	1.00000	0
171	S	0.00000	0	1.00000	0
172	F	0.00000	0	1.00000	0
173	V	0.00000	0	1.00000	0
174	L	0.00000	0	1.00000	0
175	W	0.00000	0	1.00000	0
176	A	0.00000	0	1.00000	0
177	P	0.00000	4e-05	0.99996	0
178	A	0.00000	0.00016	0.99984	0
179	I	0.00000	0.00306	0.99694	0
180	L	0.00000	0.03028	0.96972	0
181	F	0.00000	0.18087	0.81913	0
182	W	0.00000	0.51404	0.48596	0
183	Q	0.00000	0.91552	0.08448	0
184	F	0.00000	0.93288	0.06712	0
185	I	0.00000	0.96265	0.03735	0
186	V	0.00000	0.9878	0.01220	0
187	G	0.00000	0.99944	0.00056	0
188	K	0.00000	1	0.00000	0
189	R	0.00000	1	0.00000	0
190	T	0.00000	1	0.00000	0
191	V	0.00000	1	0.00000	0
192	P	0.00000	1	0.00000	0
193	E	0.00000	1	0.00000	0
194	R	0.00000	1	0.00000	0
195	E	0.00000	1	0.00000	0
196	C	0.00000	1	0.00000	0
197	Y	0.00000	0.99987	0.00013	0
198	I	0.00000	0.99908	0.00092	0
199	Q	0.00000	0.99704	0.00296	0
200	F	0.00000	0.99527	0.00473	0
201	L	0.00000	0.99307	0.00693	0
202	S	0.00000	0.99173	0.00827	0
203	N	0.00000	0.9899	0.01010	0
204	P	0.00000	0.3448	0.65520	0
205	A	0.00000	0.13963	0.86037	0
206	V	0.00000	0.07056	0.92944	0
207	T	0.00000	0.06144	0.93856	0
208	F	0.00000	0.02932	0.97068	0
209	G	0.00000	0.02387	0.97613	0
210	T	0.00000	0.01971	0.98029	0
211	A	0.00000	0.00042	0.99958	0
212	I	0.00000	0.00024	0.99976	0
213	A	0.00000	0	1.00000	0
214	A	0.00000	0	1.00000	0
215	F	0.00000	0	1.00000	0
216	Y	0.00000	0	1.00000	0
217	L	0.00000	0	1.00000	0
218	P	0.00000	0	1.00000	0
219	V	0.00000	0	1.00000	0
220	V	0.00000	0	1.00000	0
221	I	0.00001	0	0.99999	0
222	M	0.00002	0	0.99998	0
223	T	0.00004	0	0.99996	0
224	V	0.00012	0	0.99988	0
225	L	0.00036	0	0.99964	0
226	Y	0.00137	0	0.99863	0
227	I	0.01364	0	0.98636	0
228	H	0.15482	0	0.84518	0
229	I	0.28649	0	0.71351	0
230	S	0.83697	0	0.16303	0
231	L	0.91296	0	0.08704	0
232	A	0.95818	0	0.04182	0
233	S	0.99895	0	0.00105	0
234	R	0.99981	0	0.00019	0
235	S	0.99990	0	0.00010	0
236	R	0.99997	0	0.00003	0
237	V	0.99998	0	0.00002	0
238	R	1.00000	0	0.00000	0
239	R	1.00000	0	0.00000	0
240	H	1.00000	0	0.00000	0
241	K	1.00000	0	0.00000	0
242	P	1.00000	0	0.00000	0
243	E	1.00000	0	0.00000	0
244	S	1.00000	0	0.00000	0
245	K	1.00000	0	0.00000	0
246	K	1.00000	0	0.00000	0
247	E	1.00000	0	0.00000	0
248	K	1.00000	0	0.00000	0
249	S	1.00000	0	0.00000	0
250	A	1.00000	0	0.00000	0
251	K	1.00000	0	0.00000	0
252	P	1.00000	0	0.00000	0
253	L	1.00000	0	0.00000	0
254	S	1.00000	0	0.00000	0
255	F	1.00000	0	0.00000	0
256	F	1.00000	0	0.00000	0
257	K	1.00000	0	0.00000	0
258	S	1.00000	0	0.00000	0
259	P	1.00000	0	0.00000	0
260	L	1.00000	0	0.00000	0
261	I	1.00000	0	0.00000	0
262	K	1.00000	0	0.00000	0
263	Q	1.00000	0	0.00000	0
264	N	1.00000	0	0.00000	0
265	N	1.00000	0	0.00000	0
266	N	1.00000	0	0.00000	0
267	N	1.00000	0	0.00000	0
268	S	1.00000	0	0.00000	0
269	P	1.00000	0	0.00000	0
270	K	1.00000	0	0.00000	0
271	R	1.00000	0	0.00000	0
272	A	1.00000	0	0.00000	0
273	V	1.00000	0	0.00000	0
274	E	1.00000	0	0.00000	0
275	V	1.00000	0	0.00000	0
276	K	1.00000	0	0.00000	0
277	E	1.00000	0	0.00000	0
278	E	1.00000	0	0.00000	0
279	V	1.00000	0	0.00000	0
280	R	1.00000	0	0.00000	0
281	N	1.00000	0	0.00000	0
282	G	1.00000	0	0.00000	0
283	K	1.00000	0	0.00000	0
284	V	1.00000	0	0.00000	0
285	E	1.00000	0	0.00000	0
286	D	1.00000	0	0.00000	0
287	Q	1.00000	0	0.00000	0
288	P	1.00000	0	0.00000	0
289	L	1.00000	0	0.00000	0
290	A	1.00000	0	0.00000	0
291	Q	1.00000	0	0.00000	0
292	T	1.00000	0	0.00000	0
293	E	1.00000	0	0.00000	0
294	A	1.00000	0	0.00000	0
295	A	1.00000	0	0.00000	0
296	G	1.00000	0	0.00000	0
297	Q	1.00000	0	0.00000	0
298	Q	1.00000	0	0.00000	0
299	E	1.00000	0	0.00000	0
300	E	1.00000	0	0.00000	0
301	K	1.00000	0	0.00000	0
302	E	1.00000	0	0.00000	0
303	T	1.00000	0	0.00000	0
304	S	1.00000	0	0.00000	0
305	N	1.00000	0	0.00000	0
306	E	1.00000	0	0.00000	0
307	S	1.00000	0	0.00000	0
308	S	1.00000	0	0.00000	0
309	T	1.00000	0	0.00000	0
310	V	1.00000	0	0.00000	0
311	S	1.00000	0	0.00000	0
312	I	1.00000	0	0.00000	0
313	T	1.00000	0	0.00000	0
314	Q	1.00000	0	0.00000	0
315	T	1.00000	0	0.00000	0
316	T	1.00000	0	0.00000	0
317	K	1.00000	0	0.00000	0
318	E	1.00000	0	0.00000	0
319	K	1.00000	0	0.00000	0
320	Q	1.00000	0	0.00000	0
321	M	1.00000	0	0.00000	0
322	A	1.00000	0	0.00000	0
323	E	1.00000	0	0.00000	0
324	I	1.00000	0	0.00000	0
325	L	1.00000	0	0.00000	0
326	P	1.00000	0	0.00000	0
327	A	1.00000	0	0.00000	0
328	G	1.00000	0	0.00000	0
329	Q	1.00000	0	0.00000	0
330	G	1.00000	0	0.00000	0
331	Q	1.00000	0	0.00000	0
332	S	1.00000	0	0.00000	0
333	P	1.00000	0	0.00000	0
334	A	1.00000	0	0.00000	0
335	P	1.00000	0	0.00000	0
336	P	1.00000	0	0.00000	0
337	R	1.00000	0	0.00000	0
338	V	1.00000	0	0.00000	0
339	N	1.00000	0	0.00000	0
340	V	1.00000	0	0.00000	0
341	A	1.00000	0	0.00000	0
342	S	1.00000	0	0.00000	0
343	K	1.00000	0	0.00000	0
344	W	1.00000	0	0.00000	0
345	S	1.00000	0	0.00000	0
346	K	1.00000	0	0.00000	0
347	I	1.00000	0	0.00000	0
348	K	1.00000	0	0.00000	0
349	I	1.00000	0	0.00000	0
350	V	1.00000	0	0.00000	0
351	T	1.00000	0	0.00000	0
352	K	1.00000	0	0.00000	0
353	Q	1.00000	0	0.00000	0
354	T	1.00000	0	0.00000	0
355	G	1.00000	0	0.00000	0
356	T	1.00000	0	0.00000	0
357	E	1.00000	0	0.00000	0
358	C	1.00000	0	0.00000	0
359	V	1.00000	0	0.00000	0
360	T	1.00000	0	0.00000	0
361	A	1.00000	0	0.00000	0
362	I	1.00000	0	0.00000	0
363	E	1.00000	0	0.00000	0
364	I	1.00000	0	0.00000	0
365	V	1.00000	0	0.00000	0
366	P	1.00000	0	0.00000	0
367	A	1.00000	0	0.00000	0
368	K	1.00000	0	0.00000	0
369	T	1.00000	0	0.00000	0
370	A	1.00000	0	0.00000	0
371	A	1.00000	0	0.00000	0
372	S	1.00000	0	0.00000	0
373	A	1.00000	0	0.00000	0
374	Q	1.00000	0	0.00000	0
375	N	1.00000	0	0.00000	0
376	T	1.00000	0	0.00000	0
377	L	1.00000	0	0.00000	0
378	S	1.00000	0	0.00000	0
379	N	1.00000	0	0.00000	0
380	S	1.00000	0	0.00000	0
381	R	1.00000	0	0.00000	0
382	P	1.00000	0	0.00000	0
383	A	1.00000	0	0.00000	0
384	N	1.00000	0	0.00000	0
385	V	1.00000	0	0.00000	0
386	A	1.00000	0	0.00000	0
387	R	1.00000	0	0.00000	0
388	K	1.00000	0	0.00000	0
389	F	1.00000	0	0.00000	0
390	A	1.00000	0	0.00000	0
391	S	1.00000	0	0.00000	0
392	I	1.00000	0	0.00000	0
393	A	1.00000	0	0.00000	0
394	R	1.00000	0	0.00000	0
395	S	1.00000	0	0.00000	0
396	Q	1.00000	0	0.00000	0
397	V	1.00000	0	0.00000	0
398	R	1.00000	0	0.00000	0
399	K	1.00000	0	0.00000	0
400	K	1.00000	0	0.00000	0
401	R	1.00000	0	0.00000	0
402	Q	1.00000	0	0.00000	0
403	M	1.00000	0	0.00000	0
404	A	1.00000	0	0.00000	0
405	A	1.00000	0	0.00000	0
406	R	1.00000	0	0.00000	0
407	E	1.00000	0	0.00000	0
408	K	0.70683	0	0.29317	0
409	K	0.66061	0	0.33939	0
410	V	0.49109	0	0.50891	0
411	T	0.29645	0	0.70355	0
412	R	0.26303	0	0.73697	0
413	T	0.22221	0	0.77779	0
414	I	0.18016	0	0.81984	0
415	F	0.00439	0	0.99561	0
416	A	0.00039	0	0.99961	0
417	I	0.00003	0	0.99997	0
418	L	0.00002	0	0.99998	0
419	L	0.00000	0	1.00000	0
420	A	0.00000	0	1.00000	0
421	F	0.00000	0	1.00000	0
422	I	0.00000	0	1.00000	0
423	L	0.00000	0	1.00000	0
424	T	0.00000	0	1.00000	0
425	W	0.00000	0	1.00000	0
426	T	0.00000	0	1.00000	0
427	P	0.00000	5e-05	0.99995	0
428	Y	0.00000	0.00029	0.99971	0
429	N	0.00000	0.0016	0.99840	0
430	V	0.00000	0.00206	0.99794	0
431	M	0.00000	0.00421	0.99579	0
432	V	0.00000	0.02243	0.97757	0
433	L	0.00000	0.13606	0.86394	0
434	I	0.00000	0.28231	0.71769	0
435	N	0.00000	0.71229	0.28771	0
436	T	0.00000	0.77925	0.22075	0
437	F	0.00000	0.8063	0.19370	0
438	C	0.00000	0.9806	0.01940	0
439	E	0.00000	0.99921	0.00079	0
440	T	0.00000	0.99976	0.00024	0
441	C	0.00000	0.99994	0.00006	0
442	V	0.00000	0.99996	0.00004	0
443	P	0.00000	0.99974	0.00026	0
444	E	0.00000	0.9992	0.00080	0
445	T	0.00000	0.995	0.00500	0
446	V	0.00000	0.99394	0.00606	0
447	W	0.00000	0.99344	0.00656	0
448	S	0.00000	0.97113	0.02887	0
449	I	0.00000	0.75978	0.24022	0
450	G	0.00000	0.74418	0.25582	0
451	Y	0.00000	0.52362	0.47638	0
452	W	0.00000	0.04483	0.95517	0
453	L	0.00000	0.00014	0.99986	0
454	C	0.00000	1e-05	0.99999	0
455	Y	0.00000	0	1.00000	0
456	V	0.00000	0	1.00000	0
457	N	0.00000	0	1.00000	0
458	S	0.00000	0	1.00000	0
459	T	0.00000	0	1.00000	0
460	I	0.00000	0	1.00000	0
461	N	0.00000	0	1.00000	0
462	P	0.00000	0	1.00000	0
463	A	0.00000	0	1.00000	0
464	C	0.00000	0	1.00000	0
465	Y	0.00002	0	0.99998	0
466	A	0.00007	0	0.99993	0
467	L	0.00020	0	0.99980	0
468	C	0.00442	0	0.99558	0
469	N	0.04306	0	0.95694	0
470	A	0.11213	0	0.88787	0
471	T	0.14545	0	0.85455	0
472	F	0.26326	0	0.73674	0
473	K	1.00000	0	0.00000	0
474	K	1.00000	0	0.00000	0
475	T	1.00000	0	0.00000	0
476	F	1.00000	0	0.00000	0
477	K	1.00000	0	0.00000	0
478	H	1.00000	0	0.00000	0
479	L	1.00000	0	0.00000	0
480	L	1.00000	0	0.00000	0
481	M	1.00000	0	0.00000	0
482	C	1.00000	0	0.00000	0
483	Q	1.00000	0	0.00000	0
484	Y	1.00000	0	0.00000	0
485	R	1.00000	0	0.00000	0
486	N	1.00000	0	0.00000	0
487	I	1.00000	0	0.00000	0
488	G	1.00000	0	0.00000	0
489	T	1.00000	0	0.00000	0
490	A	1.00000	0	0.00000	0
491	R	1.00000	0	0.00000	0
