# UNNAMED
#pos	aa	i	o	M	S
1	M	0.00000	1	0.00000	0
2	K	0.00000	1	0.00000	0
3	C	0.00000	1	0.00000	0
4	D	0.00000	1	0.00000	0
5	E	0.00000	1	0.00000	0
6	Q	0.00000	1	0.00000	0
7	S	0.00000	1	0.00000	0
8	K	0.00000	1	0.00000	0
9	Y	0.00000	1	0.00000	0
10	Y	0.00000	1	0.00000	0
11	R	0.00000	1	0.00000	0
12	Q	0.00000	1	0.00000	0
13	R	0.00000	1	0.00000	0
14	K	0.00000	1	0.00000	0
15	E	0.00000	1	0.00000	0
16	K	0.00000	1	0.00000	0
17	S	0.00000	1	0.00000	0
18	F	0.00000	1	0.00000	0
19	P	0.00000	1	0.00000	0
20	E	0.00000	1	0.00000	0
21	A	0.00000	1	0.00000	0
22	V	0.00000	1	0.00000	0
23	D	0.00000	1	0.00000	0
24	G	0.00000	1	0.00000	0
25	D	0.00000	1	0.00000	0
26	D	0.00000	1	0.00000	0
27	C	0.00000	1	0.00000	0
28	E	0.00000	1	0.00000	0
29	M	0.00000	1	0.00000	0
30	K	0.00000	1	0.00000	0
31	K	0.00000	1	0.00000	0
32	G	0.00000	1	0.00000	0
33	I	0.00000	1	0.00000	0
34	S	0.00000	1	0.00000	0
35	Q	0.00000	1	0.00000	0
36	I	0.00000	1	0.00000	0
37	L	0.00000	1	0.00000	0
38	K	0.00000	1	0.00000	0
39	A	0.00000	1	0.00000	0
40	E	0.00000	1	0.00000	0
41	S	0.00000	1	0.00000	0
42	T	0.00000	1	0.00000	0
43	T	0.00000	1	0.00000	0
44	T	0.00000	1	0.00000	0
45	E	0.00000	1	0.00000	0
46	M	0.00000	1	0.00000	0
47	K	0.00000	1	0.00000	0
48	E	0.00000	1	0.00000	0
49	G	0.00000	1	0.00000	0
50	I	0.00000	1	0.00000	0
51	L	0.00000	1	0.00000	0
52	G	0.00000	1	0.00000	0
53	G	0.00000	1	0.00000	0
54	R	0.00000	1	0.00000	0
55	N	0.00000	1	0.00000	0
56	S	0.00000	1	0.00000	0
57	R	0.00000	1	0.00000	0
58	E	0.00000	1	0.00000	0
59	G	0.00000	1	0.00000	0
60	P	0.00000	1	0.00000	0
61	A	0.00000	1	0.00000	0
62	P	0.00000	1	0.00000	0
63	L	0.00000	0.99837	0.00163	0
64	S	0.00000	0.99487	0.00513	0
65	Q	0.00000	0.97581	0.02419	0
66	Q	0.00000	0.89951	0.10049	0
67	W	0.00000	0.51331	0.48669	0
68	T	0.00000	0.45881	0.54119	0
69	A	0.00000	0.41435	0.58565	0
70	G	0.00000	0.38166	0.61834	0
71	M	0.00000	0.34015	0.65985	0
72	G	0.00000	0.22847	0.77153	0
73	L	0.00000	0.1159	0.88410	0
74	L	0.00000	0.03286	0.96714	0
75	M	0.00000	0.01083	0.98917	0
76	A	0.00000	0.00048	0.99952	0
77	L	0.00000	2e-05	0.99998	0
78	I	0.00000	0	1.00000	0
79	V	0.00000	0	1.00000	0
80	L	0.00000	0	1.00000	0
81	L	0.00000	0	1.00000	0
82	I	0.00000	0	1.00000	0
83	V	0.00000	0	1.00000	0
84	A	0.00000	0	1.00000	0
85	G	0.00000	0	1.00000	0
86	N	0.00000	0	1.00000	0
87	V	0.00000	0	1.00000	0
88	L	0.00000	0	1.00000	0
89	V	0.00000	0	1.00000	0
90	I	0.00003	0	0.99997	0
91	V	0.00207	0	0.99793	0
92	A	0.04256	0	0.95744	0
93	I	0.09749	0	0.90251	0
94	A	0.54754	0	0.45246	0
95	K	0.99295	0	0.00705	0
96	T	0.99931	0	0.00069	0
97	P	0.99999	0	0.00001	0
98	R	1.00000	0	0.00000	0
99	L	0.99999	0	0.00001	0
100	Q	0.99996	0	0.00004	0
101	T	0.99902	0	0.00098	0
102	L	0.97041	0	0.02959	0
103	T	0.94138	0	0.05862	0
104	N	0.15497	0	0.84503	0
105	L	0.02266	0	0.97734	0
106	F	0.00016	0	0.99984	0
107	I	0.00000	0	1.00000	0
108	I	0.00000	0	1.00000	0
109	S	0.00000	0	1.00000	0
110	L	0.00000	0	1.00000	0
111	A	0.00000	0	1.00000	0
112	S	0.00000	0	1.00000	0
113	A	0.00000	0	1.00000	0
114	D	0.00000	0	1.00000	0
115	L	0.00000	0	1.00000	0
116	V	0.00000	0	1.00000	0
117	M	0.00000	0	1.00000	0
118	G	0.00000	0	1.00000	0
119	L	0.00000	0	1.00000	0
120	L	0.00000	0	1.00000	0
121	V	0.00000	7e-05	0.99993	0
122	V	0.00000	0.00087	0.99913	0
123	P	0.00000	0.00853	0.99147	0
124	F	0.00000	0.02814	0.97186	0
125	G	0.00000	0.23874	0.76126	0
126	A	0.00000	0.58368	0.41632	0
127	T	0.00000	0.91091	0.08909	0
128	L	0.00000	0.99911	0.00089	0
129	V	0.00000	0.99929	0.00071	0
130	V	0.00000	0.9995	0.00050	0
131	W	0.00000	0.99963	0.00037	0
132	G	0.00000	0.99988	0.00012	0
133	R	0.00000	0.99999	0.00001	0
134	W	0.00000	1	0.00000	0
135	E	0.00000	1	0.00000	0
136	Y	0.00000	1	0.00000	0
137	G	0.00000	1	0.00000	0
138	S	0.00000	1	0.00000	0
139	F	0.00000	1	0.00000	0
140	F	0.00000	1	0.00000	0
141	C	0.00000	1	0.00000	0
142	E	0.00000	1	0.00000	0
143	L	0.00000	0.99947	0.00053	0
144	W	0.00000	0.9423	0.05770	0
145	T	0.00000	0.62659	0.37341	0
146	S	0.00000	0.09776	0.90224	0
147	V	0.00000	0.02762	0.97238	0
148	D	0.00000	0.00767	0.99233	0
149	V	0.00000	0.00018	0.99982	0
150	L	0.00000	0	1.00000	0
151	C	0.00000	0	1.00000	0
152	V	0.00000	0	1.00000	0
153	T	0.00000	0	1.00000	0
154	A	0.00000	0	1.00000	0
155	S	0.00000	0	1.00000	0
156	I	0.00000	0	1.00000	0
157	E	0.00000	0	1.00000	0
158	T	0.00000	0	1.00000	0
159	L	0.00000	0	1.00000	0
160	C	0.00000	0	1.00000	0
161	V	0.00000	0	1.00000	0
162	I	0.00000	0	1.00000	0
163	A	0.00000	0	1.00000	0
164	L	0.00000	0	1.00000	0
165	D	0.00001	0	0.99999	0
166	R	0.02905	0	0.97095	0
167	Y	0.21680	0	0.78320	0
168	L	0.72057	0	0.27943	0
169	A	0.94070	0	0.05930	0
170	I	0.99995	0	0.00005	0
171	T	1.00000	0	0.00000	0
172	S	1.00000	0	0.00000	0
173	P	1.00000	0	0.00000	0
174	F	1.00000	0	0.00000	0
175	R	1.00000	0	0.00000	0
176	Y	1.00000	0	0.00000	0
177	Q	1.00000	0	0.00000	0
178	S	1.00000	0	0.00000	0
179	L	1.00000	0	0.00000	0
180	L	1.00000	0	0.00000	0
181	T	1.00000	0	0.00000	0
182	R	1.00000	0	0.00000	0
183	A	0.99963	0	0.00037	0
184	R	0.99870	0	0.00130	0
185	A	0.90400	0	0.09600	0
186	R	0.80015	0	0.19985	0
187	A	0.10786	0	0.89214	0
188	L	0.00858	0	0.99142	0
189	V	0.00007	0	0.99993	0
190	C	0.00000	0	1.00000	0
191	T	0.00000	0	1.00000	0
192	V	0.00000	0	1.00000	0
193	W	0.00000	0	1.00000	0
194	A	0.00000	0	1.00000	0
195	I	0.00000	0	1.00000	0
196	S	0.00000	0	1.00000	0
197	A	0.00000	0	1.00000	0
198	L	0.00000	0	1.00000	0
199	V	0.00000	0	1.00000	0
200	S	0.00000	0	1.00000	0
201	F	0.00000	0	1.00000	0
202	L	0.00000	0	1.00000	0
203	P	0.00000	1e-05	0.99999	0
204	I	0.00000	4e-05	0.99996	0
205	L	0.00000	0.00088	0.99912	0
206	M	0.00000	0.01911	0.98089	0
207	H	0.00000	0.27345	0.72655	0
208	W	0.00000	0.42314	0.57686	0
209	W	0.00000	0.76455	0.23545	0
210	R	0.00000	0.99484	0.00516	0
211	A	0.00000	0.99867	0.00133	0
212	E	0.00000	1	0.00000	0
213	G	0.00000	1	0.00000	0
214	D	0.00000	1	0.00000	0
215	E	0.00000	1	0.00000	0
216	A	0.00000	1	0.00000	0
217	R	0.00000	1	0.00000	0
218	R	0.00000	1	0.00000	0
219	C	0.00000	1	0.00000	0
220	Y	0.00000	1	0.00000	0
221	N	0.00000	1	0.00000	0
222	D	0.00000	1	0.00000	0
223	P	0.00000	1	0.00000	0
224	K	0.00000	1	0.00000	0
225	C	0.00000	1	0.00000	0
226	C	0.00000	1	0.00000	0
227	D	0.00000	1	0.00000	0
228	F	0.00000	0.99995	0.00005	0
229	V	0.00000	0.99982	0.00018	0
230	T	0.00000	0.99972	0.00028	0
231	N	0.00000	0.99958	0.00042	0
232	R	0.00000	0.99544	0.00456	0
233	A	0.00000	0.24922	0.75078	0
234	Y	0.00000	0.02876	0.97124	0
235	A	0.00000	0.00613	0.99387	0
236	I	0.00000	0.00172	0.99828	0
237	A	0.00000	1e-05	0.99999	0
238	S	0.00000	0	1.00000	0
239	S	0.00000	0	1.00000	0
240	V	0.00000	0	1.00000	0
241	V	0.00000	0	1.00000	0
242	S	0.00000	0	1.00000	0
243	F	0.00000	0	1.00000	0
244	Y	0.00000	0	1.00000	0
245	L	0.00000	0	1.00000	0
246	P	0.00000	0	1.00000	0
247	L	0.00000	0	1.00000	0
248	C	0.00000	0	1.00000	0
249	I	0.00000	0	1.00000	0
250	M	0.00000	0	1.00000	0
251	A	0.00000	0	1.00000	0
252	F	0.00000	0	1.00000	0
253	V	0.00001	0	0.99999	0
254	Y	0.00048	0	0.99952	0
255	L	0.01870	0	0.98130	0
256	R	0.28826	0	0.71174	0
257	V	0.31228	0	0.68772	0
258	F	0.42556	0	0.57444	0
259	R	0.99673	0	0.00327	0
260	E	0.99997	0	0.00003	0
261	A	1.00000	0	0.00000	0
262	Q	1.00000	0	0.00000	0
263	K	1.00000	0	0.00000	0
264	Q	1.00000	0	0.00000	0
265	V	1.00000	0	0.00000	0
266	K	1.00000	0	0.00000	0
267	K	1.00000	0	0.00000	0
268	R	1.00000	0	0.00000	0
269	A	1.00000	0	0.00000	0
270	L	1.00000	0	0.00000	0
271	R	1.00000	0	0.00000	0
272	E	1.00000	0	0.00000	0
273	Q	0.99666	0	0.00334	0
274	K	0.99547	0	0.00453	0
275	A	0.23288	0	0.76712	0
276	L	0.22987	0	0.77013	0
277	K	0.22915	0	0.77085	0
278	T	0.18140	0	0.81860	0
279	L	0.00305	0	0.99695	0
280	G	0.00059	0	0.99941	0
281	I	0.00034	0	0.99966	0
282	I	0.00002	0	0.99998	0
283	M	0.00002	0	0.99998	0
284	G	0.00000	0	1.00000	0
285	V	0.00000	0	1.00000	0
286	F	0.00000	0	1.00000	0
287	T	0.00000	0	1.00000	0
288	L	0.00000	0	1.00000	0
289	C	0.00000	0	1.00000	0
290	W	0.00000	0	1.00000	0
291	L	0.00000	0	1.00000	0
292	P	0.00000	0	1.00000	0
293	F	0.00000	0	1.00000	0
294	F	0.00000	0	1.00000	0
295	L	0.00000	0.00126	0.99874	0
296	A	0.00000	0.02686	0.97314	0
297	N	0.00000	0.17556	0.82444	0
298	V	0.00000	0.23946	0.76054	0
299	V	0.00000	0.42205	0.57795	0
300	K	0.00000	0.89681	0.10319	0
301	A	0.00000	0.90302	0.09698	0
302	F	0.00000	0.91394	0.08606	0
303	H	0.00000	0.95629	0.04371	0
304	A	0.00000	0.96941	0.03059	0
305	N	0.00000	0.99434	0.00566	0
306	L	0.00000	0.99553	0.00447	0
307	V	0.00000	0.9972	0.00280	0
308	P	0.00000	0.99872	0.00128	0
309	D	0.00000	0.99576	0.00424	0
310	G	0.00000	0.91607	0.08393	0
311	L	0.00000	0.224	0.77600	0
312	F	0.00000	0.18251	0.81749	0
313	V	0.00000	0.0014	0.99860	0
314	F	0.00000	0	1.00000	0
315	F	0.00000	0	1.00000	0
316	N	0.00000	0	1.00000	0
317	W	0.00001	0	0.99999	0
318	L	0.00007	0	0.99993	0
319	G	0.00015	0	0.99985	0
320	Y	0.00018	0	0.99982	0
321	A	0.00020	0	0.99980	0
322	N	0.00037	0	0.99963	0
323	S	0.00037	0	0.99963	0
324	A	0.00038	0	0.99962	0
325	F	0.00038	0	0.99962	0
326	N	0.00039	0	0.99961	0
327	P	0.00039	0	0.99961	0
328	I	0.00039	0	0.99961	0
329	I	0.00041	0	0.99959	0
330	Y	0.00129	0	0.99871	0
331	C	0.02462	0	0.97538	0
332	R	1.00000	0	0.00000	0
333	S	1.00000	0	0.00000	0
334	P	1.00000	0	0.00000	0
335	D	1.00000	0	0.00000	0
336	F	1.00000	0	0.00000	0
337	R	1.00000	0	0.00000	0
338	K	1.00000	0	0.00000	0
339	A	1.00000	0	0.00000	0
340	F	1.00000	0	0.00000	0
341	Q	1.00000	0	0.00000	0
342	H	1.00000	0	0.00000	0
343	L	1.00000	0	0.00000	0
344	L	1.00000	0	0.00000	0
345	C	1.00000	0	0.00000	0
346	C	1.00000	0	0.00000	0
347	A	1.00000	0	0.00000	0
348	H	1.00000	0	0.00000	0
349	L	1.00000	0	0.00000	0
350	Q	1.00000	0	0.00000	0
351	Q	1.00000	0	0.00000	0
352	V	1.00000	0	0.00000	0
353	N	1.00000	0	0.00000	0
354	S	1.00000	0	0.00000	0
355	K	1.00000	0	0.00000	0
356	P	1.00000	0	0.00000	0
357	T	1.00000	0	0.00000	0
358	N	1.00000	0	0.00000	0
359	L	1.00000	0	0.00000	0
360	A	1.00000	0	0.00000	0
