# UNNAMED
#pos	aa	i	o	M	S
1	M	0.00000	0.99976	0.00000	0.00024
2	E	0.00000	0.99976	0.00000	0.00024
3	E	0.00000	0.99976	0.00000	0.00024
4	P	0.00000	0.99976	0.00000	0.00024
5	G	0.00000	0.99976	0.00000	0.00025
6	T	0.00000	0.99976	0.00000	0.00024
7	Q	0.00000	0.99976	0.00000	0.00024
8	C	0.00000	0.99976	0.00000	0.00024
9	A	0.00000	0.99976	0.00000	0.00024
10	P	0.00000	0.99976	0.00000	0.00024
11	P	0.00000	0.99976	0.00000	0.00025
12	V	0.00000	0.99976	0.00000	0.00024
13	P	0.00000	0.99976	0.00000	0.00024
14	P	0.00000	0.99976	0.00000	0.00024
15	P	0.00000	0.99976	0.00000	0.00024
16	A	0.00000	0.99976	0.00000	0.00024
17	G	0.00000	0.99976	0.00000	0.00024
18	S	0.00000	0.99976	0.00000	0.00024
19	A	0.00000	0.99993	0.00000	7e-05
20	T	0.00000	0.99994	0.00000	6e-05
21	A	0.00000	0.99995	0.00000	5e-05
22	V	0.00000	1	0.00000	0
23	Q	0.00000	1	0.00000	0
24	E	0.00000	1	0.00000	0
25	A	0.00000	1	0.00000	0
26	N	0.00000	1	0.00000	0
27	L	0.00000	1	0.00000	0
28	S	0.00000	1	0.00000	0
29	V	0.00000	1	0.00000	0
30	P	0.00000	1	0.00000	0
31	R	0.00000	1	0.00000	0
32	S	0.00000	1	0.00000	0
33	P	0.00000	1	0.00000	0
34	N	0.00000	1	0.00000	0
35	C	0.00000	1	0.00000	0
36	S	0.00000	1	0.00000	0
37	A	0.00000	1	0.00000	0
38	Q	0.00000	1	0.00000	0
39	G	0.00000	1	0.00000	0
40	Y	0.00000	1	0.00000	0
41	I	0.00000	1	0.00000	0
42	Y	0.00000	1	0.00000	0
43	Q	0.00000	1	0.00000	0
44	D	0.00000	1	0.00000	0
45	S	0.00000	1	0.00000	0
46	V	0.00000	0.99907	0.00093	0
47	A	0.00000	0.99454	0.00546	0
48	L	0.00000	0.98689	0.01311	0
49	P	0.00000	0.98167	0.01833	0
50	W	0.00000	0.96425	0.03575	0
51	K	0.00000	0.95851	0.04149	0
52	V	0.00000	0.27606	0.72394	0
53	L	0.00000	0.09264	0.90736	0
54	L	0.00000	0.01896	0.98104	0
55	V	0.00000	0.00338	0.99662	0
56	I	0.00000	0.00069	0.99931	0
57	L	0.00000	0.00022	0.99978	0
58	L	0.00000	2e-05	0.99998	0
59	S	0.00000	0	1.00000	0
60	L	0.00000	0	1.00000	0
61	I	0.00000	0	1.00000	0
62	T	0.00000	0	1.00000	0
63	L	0.00000	0	1.00000	0
64	A	0.00000	0	1.00000	0
65	T	0.00000	0	1.00000	0
66	T	0.00000	0	1.00000	0
67	L	0.00000	0	1.00000	0
68	S	0.00000	0	1.00000	0
69	N	0.00000	0	1.00000	0
70	A	0.00000	0	1.00000	0
71	F	0.00000	0	1.00000	0
72	V	0.00003	0	0.99997	0
73	I	0.00043	0	0.99957	0
74	A	0.03220	0	0.96780	0
75	T	0.41400	0	0.58600	0
76	V	0.53505	0	0.46495	0
77	Y	0.73275	0	0.26725	0
78	R	0.99678	0	0.00322	0
79	T	0.99976	0	0.00024	0
80	R	1.00000	0	0.00000	0
81	K	1.00000	0	0.00000	0
82	L	1.00000	0	0.00000	0
83	H	1.00000	0	0.00000	0
84	T	1.00000	0	0.00000	0
85	P	1.00000	0	0.00000	0
86	A	0.34874	0	0.65126	0
87	N	0.04684	0	0.95316	0
88	Y	0.01107	0	0.98893	0
89	L	0.00010	0	0.99990	0
90	I	0.00000	0	1.00000	0
91	A	0.00000	0	1.00000	0
92	S	0.00000	0	1.00000	0
93	L	0.00000	0	1.00000	0
94	A	0.00000	0	1.00000	0
95	V	0.00000	0	1.00000	0
96	T	0.00000	0	1.00000	0
97	D	0.00000	0	1.00000	0
98	L	0.00000	0	1.00000	0
99	L	0.00000	0	1.00000	0
100	V	0.00000	0	1.00000	0
101	S	0.00000	0	1.00000	0
102	I	0.00000	0	1.00000	0
103	L	0.00000	0	1.00000	0
104	V	0.00000	1e-05	0.99999	0
105	M	0.00000	0.00057	0.99943	0
106	P	0.00000	0.00875	0.99125	0
107	I	0.00000	0.1574	0.84260	0
108	S	0.00000	0.66859	0.33141	0
109	T	0.00000	0.83835	0.16165	0
110	M	0.00000	0.8875	0.11250	0
111	Y	0.00000	0.99994	0.00006	0
112	T	0.00000	0.99997	0.00003	0
113	V	0.00000	0.99997	0.00003	0
114	T	0.00000	0.99999	0.00001	0
115	G	0.00000	1	0.00000	0
116	R	0.00000	1	0.00000	0
117	W	0.00000	1	0.00000	0
118	T	0.00000	1	0.00000	0
119	L	0.00000	1	0.00000	0
120	G	0.00000	1	0.00000	0
121	Q	0.00000	0.99995	0.00005	0
122	A	0.00000	0.99885	0.00115	0
123	V	0.00000	0.99817	0.00183	0
124	C	0.00000	0.99778	0.00222	0
125	D	0.00000	0.99601	0.00399	0
126	F	0.00000	0.99315	0.00685	0
127	W	0.00000	0.82132	0.17868	0
128	L	0.00000	0.09739	0.90261	0
129	S	0.00000	0.01843	0.98157	0
130	S	0.00000	0.00347	0.99653	0
131	D	0.00000	0.00131	0.99869	0
132	I	0.00000	4e-05	0.99996	0
133	T	0.00000	0	1.00000	0
134	C	0.00000	0	1.00000	0
135	C	0.00000	0	1.00000	0
136	T	0.00000	0	1.00000	0
137	A	0.00000	0	1.00000	0
138	S	0.00000	0	1.00000	0
139	I	0.00000	0	1.00000	0
140	L	0.00000	0	1.00000	0
141	H	0.00000	0	1.00000	0
142	L	0.00000	0	1.00000	0
143	C	0.00000	0	1.00000	0
144	V	0.00000	0	1.00000	0
145	I	0.00001	0	0.99999	0
146	A	0.00003	0	0.99997	0
147	L	0.00003	0	0.99997	0
148	D	0.00008	0	0.99992	0
149	R	0.10960	0	0.89040	0
150	Y	0.45155	0	0.54845	0
151	W	0.47923	0	0.52077	0
152	A	0.79604	0	0.20396	0
153	I	1.00000	0	0.00000	0
154	T	1.00000	0	0.00000	0
155	D	1.00000	0	0.00000	0
156	A	1.00000	0	0.00000	0
157	V	1.00000	0	0.00000	0
158	E	1.00000	0	0.00000	0
159	Y	1.00000	0	0.00000	0
160	S	1.00000	0	0.00000	0
161	A	1.00000	0	0.00000	0
162	K	1.00000	0	0.00000	0
163	R	1.00000	0	0.00000	0
164	T	1.00000	0	0.00000	0
165	P	0.99998	0	0.00002	0
166	K	0.99947	0	0.00053	0
167	R	0.96499	0	0.03501	0
168	A	0.15970	0	0.84030	0
169	A	0.02778	0	0.97222	0
170	G	0.00931	0	0.99069	0
171	M	0.00145	0	0.99855	0
172	I	0.00001	0	0.99999	0
173	A	0.00000	0	1.00000	0
174	L	0.00000	0	1.00000	0
175	V	0.00000	0	1.00000	0
176	W	0.00000	0	1.00000	0
177	V	0.00000	0	1.00000	0
178	F	0.00000	0	1.00000	0
179	S	0.00000	0	1.00000	0
180	I	0.00000	0	1.00000	0
181	S	0.00000	0	1.00000	0
182	I	0.00000	0	1.00000	0
183	S	0.00000	0	1.00000	0
184	L	0.00000	0	1.00000	0
185	P	0.00000	1e-05	0.99999	0
186	P	0.00000	0.0001	0.99990	0
187	F	0.00000	0.00084	0.99916	0
188	F	0.00000	0.03039	0.96961	0
189	W	0.00000	0.48207	0.51793	0
190	R	0.00000	0.95994	0.04006	0
191	Q	0.00000	0.98991	0.01009	0
192	A	0.00000	0.99484	0.00516	0
193	K	0.00000	0.99997	0.00003	0
194	A	0.00000	0.99999	0.00001	0
195	E	0.00000	1	0.00000	0
196	E	0.00000	1	0.00000	0
197	E	0.00000	1	0.00000	0
198	V	0.00000	1	0.00000	0
199	S	0.00000	1	0.00000	0
200	D	0.00000	1	0.00000	0
201	C	0.00000	1	0.00000	0
202	V	0.00000	1	0.00000	0
203	V	0.00000	1	0.00000	0
204	N	0.00000	1	0.00000	0
205	T	0.00000	0.99999	0.00001	0
206	D	0.00000	0.99996	0.00004	0
207	H	0.00000	0.97745	0.02255	0
208	I	0.00000	0.75833	0.24167	0
209	L	0.00000	0.26748	0.73252	0
210	Y	0.00000	0.24347	0.75653	0
211	T	0.00000	0.22103	0.77897	0
212	V	0.00000	0.00436	0.99564	0
213	Y	0.00000	0.00178	0.99822	0
214	S	0.00000	0.00139	0.99861	0
215	T	0.00000	0.0001	0.99990	0
216	V	0.00000	4e-05	0.99996	0
217	G	0.00000	0	1.00000	0
218	A	0.00000	0	1.00000	0
219	F	0.00000	0	1.00000	0
220	Y	0.00000	0	1.00000	0
221	F	0.00000	0	1.00000	0
222	P	0.00000	0	1.00000	0
223	T	0.00000	0	1.00000	0
224	L	0.00000	0	1.00000	0
225	L	0.00000	0	1.00000	0
226	L	0.00000	0	1.00000	0
227	I	0.00000	0	1.00000	0
228	A	0.00001	0	0.99999	0
229	L	0.00015	0	0.99985	0
230	Y	0.00455	0	0.99545	0
231	G	0.12221	0	0.87779	0
232	R	0.28393	0	0.71607	0
233	I	0.29575	0	0.70425	0
234	Y	0.35913	0	0.64087	0
235	V	0.72101	0	0.27899	0
236	E	0.98626	0	0.01374	0
237	A	0.99984	0	0.00016	0
238	R	0.99999	0	0.00001	0
239	S	1.00000	0	0.00000	0
240	R	1.00000	0	0.00000	0
241	I	1.00000	0	0.00000	0
242	L	1.00000	0	0.00000	0
243	K	1.00000	0	0.00000	0
244	Q	1.00000	0	0.00000	0
245	T	1.00000	0	0.00000	0
246	P	1.00000	0	0.00000	0
247	N	1.00000	0	0.00000	0
248	R	1.00000	0	0.00000	0
249	T	1.00000	0	0.00000	0
250	G	1.00000	0	0.00000	0
251	K	1.00000	0	0.00000	0
252	R	1.00000	0	0.00000	0
253	L	1.00000	0	0.00000	0
254	T	1.00000	0	0.00000	0
255	R	1.00000	0	0.00000	0
256	A	1.00000	0	0.00000	0
257	Q	1.00000	0	0.00000	0
258	L	1.00000	0	0.00000	0
259	I	1.00000	0	0.00000	0
260	T	1.00000	0	0.00000	0
261	D	1.00000	0	0.00000	0
262	S	1.00000	0	0.00000	0
263	P	1.00000	0	0.00000	0
264	G	1.00000	0	0.00000	0
265	S	1.00000	0	0.00000	0
266	T	1.00000	0	0.00000	0
267	S	1.00000	0	0.00000	0
268	S	1.00000	0	0.00000	0
269	V	1.00000	0	0.00000	0
270	T	1.00000	0	0.00000	0
271	S	1.00000	0	0.00000	0
272	I	1.00000	0	0.00000	0
273	N	1.00000	0	0.00000	0
274	S	1.00000	0	0.00000	0
275	R	1.00000	0	0.00000	0
276	A	1.00000	0	0.00000	0
277	P	1.00000	0	0.00000	0
278	D	1.00000	0	0.00000	0
279	V	1.00000	0	0.00000	0
280	P	1.00000	0	0.00000	0
281	S	1.00000	0	0.00000	0
282	E	1.00000	0	0.00000	0
283	S	1.00000	0	0.00000	0
284	G	1.00000	0	0.00000	0
285	S	1.00000	0	0.00000	0
286	P	1.00000	0	0.00000	0
287	V	1.00000	0	0.00000	0
288	Y	1.00000	0	0.00000	0
289	V	1.00000	0	0.00000	0
290	N	1.00000	0	0.00000	0
291	Q	1.00000	0	0.00000	0
292	V	1.00000	0	0.00000	0
293	K	1.00000	0	0.00000	0
294	V	1.00000	0	0.00000	0
295	R	1.00000	0	0.00000	0
296	V	1.00000	0	0.00000	0
297	S	1.00000	0	0.00000	0
298	D	1.00000	0	0.00000	0
299	A	1.00000	0	0.00000	0
300	L	1.00000	0	0.00000	0
301	L	1.00000	0	0.00000	0
302	E	1.00000	0	0.00000	0
303	K	1.00000	0	0.00000	0
304	K	1.00000	0	0.00000	0
305	K	1.00000	0	0.00000	0
306	L	1.00000	0	0.00000	0
307	M	1.00000	0	0.00000	0
308	A	1.00000	0	0.00000	0
309	A	1.00000	0	0.00000	0
310	R	1.00000	0	0.00000	0
311	E	1.00000	0	0.00000	0
312	R	0.99757	0	0.00243	0
313	K	0.99729	0	0.00271	0
314	A	0.77093	0	0.22907	0
315	T	0.76979	0	0.23021	0
316	K	0.76723	0	0.23277	0
317	T	0.76452	0	0.23548	0
318	L	0.00858	0	0.99142	0
319	G	0.00164	0	0.99836	0
320	I	0.00009	0	0.99991	0
321	I	0.00005	0	0.99995	0
322	L	0.00000	0	1.00000	0
323	G	0.00000	0	1.00000	0
324	A	0.00000	0	1.00000	0
325	F	0.00000	0	1.00000	0
326	I	0.00000	0	1.00000	0
327	V	0.00000	0	1.00000	0
328	C	0.00000	0	1.00000	0
329	W	0.00000	0	1.00000	0
330	L	0.00000	0	1.00000	0
331	P	0.00000	0	1.00000	0
332	F	0.00000	0	1.00000	0
333	F	0.00000	0	1.00000	0
334	I	0.00000	1e-05	0.99999	0
335	I	0.00000	0.00023	0.99977	0
336	S	0.00000	0.00191	0.99809	0
337	L	0.00000	0.00466	0.99534	0
338	V	0.00000	0.01844	0.98156	0
339	L	0.00000	0.05736	0.94264	0
340	P	0.00000	0.30665	0.69335	0
341	I	0.00000	0.41291	0.58709	0
342	C	0.00000	0.9447	0.05530	0
343	Q	0.00000	0.99326	0.00674	0
344	D	0.00000	0.99992	0.00008	0
345	A	0.00000	0.99985	0.00015	0
346	C	0.00000	0.99951	0.00049	0
347	W	0.00000	0.99664	0.00336	0
348	F	0.00000	0.99271	0.00729	0
349	H	0.00000	0.98903	0.01097	0
350	L	0.00000	0.97736	0.02264	0
351	A	0.00000	0.97234	0.02766	0
352	I	0.00000	0.96771	0.03229	0
353	F	0.00000	0.9659	0.03410	0
354	D	0.00000	0.91574	0.08426	0
355	F	0.00000	0.00889	0.99111	0
356	F	0.00000	0.00039	0.99961	0
357	T	0.00000	1e-05	0.99999	0
358	W	0.00000	0	1.00000	0
359	L	0.00000	0	1.00000	0
360	G	0.00000	0	1.00000	0
361	Y	0.00000	0	1.00000	0
362	L	0.00000	0	1.00000	0
363	N	0.00000	0	1.00000	0
364	S	0.00000	0	1.00000	0
365	L	0.00000	0	1.00000	0
366	I	0.00000	0	1.00000	0
367	N	0.00001	0	0.99999	0
368	P	0.00001	0	0.99999	0
369	I	0.00002	0	0.99998	0
370	I	0.00023	0	0.99977	0
371	Y	0.00074	0	0.99926	0
372	T	0.00157	0	0.99843	0
373	M	0.00415	0	0.99585	0
374	S	0.06323	0	0.93677	0
375	N	0.34777	0	0.65223	0
376	E	1.00000	0	0.00000	0
377	D	1.00000	0	0.00000	0
378	F	1.00000	0	0.00000	0
379	K	1.00000	0	0.00000	0
380	Q	1.00000	0	0.00000	0
381	A	1.00000	0	0.00000	0
382	F	1.00000	0	0.00000	0
383	H	1.00000	0	0.00000	0
384	K	1.00000	0	0.00000	0
385	L	1.00000	0	0.00000	0
386	I	1.00000	0	0.00000	0
387	R	1.00000	0	0.00000	0
388	F	1.00000	0	0.00000	0
389	K	1.00000	0	0.00000	0
390	C	1.00000	0	0.00000	0
391	I	1.00000	0	0.00000	0
392	L	1.00000	0	0.00000	0
393	R	1.00000	0	0.00000	0
