# UNNAMED
#pos	aa	i	o	M	S
1	M	0.00000	1	0.00000	0
2	D	0.00000	1	0.00000	0
3	H	0.00000	1	0.00000	0
4	Q	0.00000	1	0.00000	0
5	E	0.00000	1	0.00000	0
6	P	0.00000	0.99998	0.00002	0
7	Y	0.00000	0.99982	0.00018	0
8	S	0.00000	0.99957	0.00043	0
9	V	0.00000	0.99779	0.00221	0
10	Q	0.00000	0.99516	0.00484	0
11	A	0.00000	0.93521	0.06479	0
12	T	0.00000	0.85503	0.14497	0
13	A	0.00000	0.75889	0.24111	0
14	T	0.00000	0.61883	0.38117	0
15	I	0.00000	0.29275	0.70725	0
16	A	0.00000	0.19771	0.80229	0
17	A	0.00000	0.06953	0.93047	0
18	V	0.00000	0.01883	0.98117	0
19	I	0.00000	0.00062	0.99938	0
20	T	0.00000	0.00011	0.99989	0
21	F	0.00000	0	1.00000	0
22	L	0.00000	0	1.00000	0
23	I	0.00000	0	1.00000	0
24	L	0.00000	0	1.00000	0
25	F	0.00000	0	1.00000	0
26	T	0.00000	0	1.00000	0
27	I	0.00000	0	1.00000	0
28	F	0.00000	0	1.00000	0
29	G	0.00000	0	1.00000	0
30	N	0.00000	0	1.00000	0
31	A	0.00000	0	1.00000	0
32	L	0.00000	0	1.00000	0
33	V	0.00000	0	1.00000	0
34	I	0.00001	0	0.99999	0
35	L	0.00088	0	0.99912	0
36	A	0.02800	0	0.97200	0
37	V	0.10179	0	0.89821	0
38	L	0.35603	0	0.64397	0
39	T	0.94661	0	0.05339	0
40	S	0.99589	0	0.00411	0
41	R	0.99993	0	0.00007	0
42	S	1.00000	0	0.00000	0
43	L	1.00000	0	0.00000	0
44	R	1.00000	0	0.00000	0
45	A	1.00000	0	0.00000	0
46	P	1.00000	0	0.00000	0
47	Q	0.83724	0	0.16276	0
48	N	0.14450	0	0.85550	0
49	L	0.02305	0	0.97695	0
50	F	0.00019	0	0.99981	0
51	L	0.00000	0	1.00000	0
52	V	0.00000	0	1.00000	0
53	S	0.00000	0	1.00000	0
54	L	0.00000	0	1.00000	0
55	A	0.00000	0	1.00000	0
56	A	0.00000	0	1.00000	0
57	A	0.00000	0	1.00000	0
58	D	0.00000	0	1.00000	0
59	I	0.00000	0	1.00000	0
60	L	0.00000	0	1.00000	0
61	V	0.00000	0	1.00000	0
62	A	0.00000	0	1.00000	0
63	T	0.00000	0	1.00000	0
64	L	0.00000	0	1.00000	0
65	I	0.00000	0	1.00000	0
66	I	0.00000	0.00023	0.99977	0
67	P	0.00000	0.00407	0.99593	0
68	F	0.00000	0.043	0.95700	0
69	S	0.00000	0.41568	0.58432	0
70	L	0.00000	0.56116	0.43884	0
71	A	0.00000	0.82875	0.17125	0
72	N	0.00000	0.99998	0.00002	0
73	E	0.00000	0.99999	0.00001	0
74	L	0.00000	0.99999	0.00001	0
75	L	0.00000	0.99999	0.00001	0
76	G	0.00000	1	0.00000	0
77	Y	0.00000	1	0.00000	0
78	W	0.00000	1	0.00000	0
79	Y	0.00000	1	0.00000	0
80	F	0.00000	1	0.00000	0
81	W	0.00000	1	0.00000	0
82	R	0.00000	1	0.00000	0
83	T	0.00000	1	0.00000	0
84	W	0.00000	1	0.00000	0
85	C	0.00000	1	0.00000	0
86	E	0.00000	1	0.00000	0
87	V	0.00000	0.99886	0.00114	0
88	Y	0.00000	0.84759	0.15241	0
89	L	0.00000	0.36196	0.63804	0
90	A	0.00000	0.20416	0.79584	0
91	L	0.00000	0.00387	0.99613	0
92	D	0.00000	0.00132	0.99868	0
93	V	0.00000	2e-05	0.99998	0
94	L	0.00000	0	1.00000	0
95	F	0.00000	0	1.00000	0
96	C	0.00000	0	1.00000	0
97	T	0.00000	0	1.00000	0
98	S	0.00000	0	1.00000	0
99	S	0.00000	0	1.00000	0
100	I	0.00000	0	1.00000	0
101	V	0.00000	0	1.00000	0
102	H	0.00000	0	1.00000	0
103	L	0.00000	0	1.00000	0
104	C	0.00000	0	1.00000	0
105	A	0.00000	0	1.00000	0
106	I	0.00000	0	1.00000	0
107	S	0.00000	0	1.00000	0
108	L	0.00000	0	1.00000	0
109	D	0.00000	0	1.00000	0
110	R	0.00469	0	0.99531	0
111	Y	0.03722	0	0.96278	0
112	W	0.08308	0	0.91692	0
113	A	0.78593	0	0.21407	0
114	V	1.00000	0	0.00000	0
115	S	1.00000	0	0.00000	0
116	R	1.00000	0	0.00000	0
117	A	1.00000	0	0.00000	0
118	L	1.00000	0	0.00000	0
119	E	1.00000	0	0.00000	0
120	Y	1.00000	0	0.00000	0
121	N	1.00000	0	0.00000	0
122	S	1.00000	0	0.00000	0
123	K	1.00000	0	0.00000	0
124	R	1.00000	0	0.00000	0
125	T	1.00000	0	0.00000	0
126	P	1.00000	0	0.00000	0
127	R	0.99973	0	0.00027	0
128	R	0.97125	0	0.02875	0
129	I	0.11655	0	0.88345	0
130	K	0.09130	0	0.90870	0
131	C	0.00012	0	0.99988	0
132	I	0.00000	0	1.00000	0
133	I	0.00000	0	1.00000	0
134	L	0.00000	0	1.00000	0
135	T	0.00000	0	1.00000	0
136	V	0.00000	0	1.00000	0
137	W	0.00000	0	1.00000	0
138	L	0.00000	0	1.00000	0
139	I	0.00000	0	1.00000	0
140	A	0.00000	0	1.00000	0
141	A	0.00000	0	1.00000	0
142	I	0.00000	0	1.00000	0
143	I	0.00000	0	1.00000	0
144	S	0.00000	0	1.00000	0
145	L	0.00000	0	1.00000	0
146	P	0.00000	1e-05	0.99999	0
147	P	0.00000	0.00014	0.99986	0
148	L	0.00000	0.00137	0.99863	0
149	V	0.00000	0.05255	0.94745	0
150	Y	0.00000	0.48814	0.51186	0
151	K	0.00000	0.9869	0.01310	0
152	G	0.00000	0.99657	0.00343	0
153	D	0.00000	1	0.00000	0
154	Q	0.00000	1	0.00000	0
155	G	0.00000	1	0.00000	0
156	P	0.00000	1	0.00000	0
157	Q	0.00000	1	0.00000	0
158	S	0.00000	1	0.00000	0
159	H	0.00000	1	0.00000	0
160	G	0.00000	1	0.00000	0
161	R	0.00000	1	0.00000	0
162	P	0.00000	1	0.00000	0
163	Q	0.00000	1	0.00000	0
164	C	0.00000	1	0.00000	0
165	K	0.00000	1	0.00000	0
166	L	0.00000	1	0.00000	0
167	N	0.00000	1	0.00000	0
168	Q	0.00000	0.99998	0.00002	0
169	E	0.00000	0.99985	0.00015	0
170	A	0.00000	0.95352	0.04648	0
171	W	0.00000	0.63236	0.36764	0
172	Y	0.00000	0.23709	0.76291	0
173	I	0.00000	0.21657	0.78343	0
174	L	0.00000	0.0145	0.98550	0
175	A	0.00000	0.00038	0.99962	0
176	S	0.00000	0.00023	0.99977	0
177	S	0.00000	0.00012	0.99988	0
178	I	0.00000	3e-05	0.99997	0
179	G	0.00000	0	1.00000	0
180	S	0.00000	0	1.00000	0
181	F	0.00000	0	1.00000	0
182	F	0.00000	0	1.00000	0
183	A	0.00000	0	1.00000	0
184	P	0.00000	0	1.00000	0
185	C	0.00000	0	1.00000	0
186	L	0.00000	0	1.00000	0
187	I	0.00000	0	1.00000	0
188	M	0.00000	0	1.00000	0
189	I	0.00000	0	1.00000	0
190	L	0.00000	0	1.00000	0
191	V	0.00000	0	1.00000	0
192	Y	0.00015	0	0.99985	0
193	L	0.00455	0	0.99545	0
194	R	0.07155	0	0.92845	0
195	I	0.07783	0	0.92217	0
196	Y	0.12088	0	0.87912	0
197	L	0.35745	0	0.64255	0
198	I	0.50653	0	0.49347	0
199	A	0.99640	0	0.00360	0
200	K	0.99994	0	0.00006	0
201	R	1.00000	0	0.00000	0
202	S	1.00000	0	0.00000	0
203	H	1.00000	0	0.00000	0
204	R	1.00000	0	0.00000	0
205	R	1.00000	0	0.00000	0
206	G	1.00000	0	0.00000	0
207	P	1.00000	0	0.00000	0
208	R	1.00000	0	0.00000	0
209	A	1.00000	0	0.00000	0
210	K	1.00000	0	0.00000	0
211	G	1.00000	0	0.00000	0
212	G	1.00000	0	0.00000	0
213	P	1.00000	0	0.00000	0
214	G	1.00000	0	0.00000	0
215	E	1.00000	0	0.00000	0
216	G	1.00000	0	0.00000	0
217	E	1.00000	0	0.00000	0
218	S	1.00000	0	0.00000	0
219	N	1.00000	0	0.00000	0
220	Q	1.00000	0	0.00000	0
221	S	1.00000	0	0.00000	0
222	R	1.00000	0	0.00000	0
223	P	1.00000	0	0.00000	0
224	A	1.00000	0	0.00000	0
225	P	1.00000	0	0.00000	0
226	G	1.00000	0	0.00000	0
227	Q	1.00000	0	0.00000	0
228	P	1.00000	0	0.00000	0
229	P	1.00000	0	0.00000	0
230	A	1.00000	0	0.00000	0
231	P	1.00000	0	0.00000	0
232	A	1.00000	0	0.00000	0
233	K	1.00000	0	0.00000	0
234	V	1.00000	0	0.00000	0
235	P	1.00000	0	0.00000	0
236	P	1.00000	0	0.00000	0
237	L	1.00000	0	0.00000	0
238	T	1.00000	0	0.00000	0
239	S	1.00000	0	0.00000	0
240	P	1.00000	0	0.00000	0
241	L	1.00000	0	0.00000	0
242	S	1.00000	0	0.00000	0
243	S	1.00000	0	0.00000	0
244	A	1.00000	0	0.00000	0
245	G	1.00000	0	0.00000	0
246	E	1.00000	0	0.00000	0
247	A	1.00000	0	0.00000	0
248	N	1.00000	0	0.00000	0
249	G	1.00000	0	0.00000	0
250	N	1.00000	0	0.00000	0
251	H	1.00000	0	0.00000	0
252	K	1.00000	0	0.00000	0
253	P	1.00000	0	0.00000	0
254	I	1.00000	0	0.00000	0
255	G	1.00000	0	0.00000	0
256	E	1.00000	0	0.00000	0
257	K	1.00000	0	0.00000	0
258	E	1.00000	0	0.00000	0
259	E	1.00000	0	0.00000	0
260	G	1.00000	0	0.00000	0
261	E	1.00000	0	0.00000	0
262	A	1.00000	0	0.00000	0
263	P	1.00000	0	0.00000	0
264	E	1.00000	0	0.00000	0
265	D	1.00000	0	0.00000	0
266	P	1.00000	0	0.00000	0
267	G	1.00000	0	0.00000	0
268	N	1.00000	0	0.00000	0
269	R	1.00000	0	0.00000	0
270	S	1.00000	0	0.00000	0
271	L	1.00000	0	0.00000	0
272	P	1.00000	0	0.00000	0
273	P	1.00000	0	0.00000	0
274	S	1.00000	0	0.00000	0
275	W	1.00000	0	0.00000	0
276	A	1.00000	0	0.00000	0
277	A	1.00000	0	0.00000	0
278	M	1.00000	0	0.00000	0
279	P	1.00000	0	0.00000	0
280	T	1.00000	0	0.00000	0
281	S	1.00000	0	0.00000	0
282	S	1.00000	0	0.00000	0
283	Q	1.00000	0	0.00000	0
284	G	1.00000	0	0.00000	0
285	Q	1.00000	0	0.00000	0
286	K	1.00000	0	0.00000	0
287	G	1.00000	0	0.00000	0
288	V	1.00000	0	0.00000	0
289	G	1.00000	0	0.00000	0
290	I	1.00000	0	0.00000	0
291	A	1.00000	0	0.00000	0
292	P	1.00000	0	0.00000	0
293	S	1.00000	0	0.00000	0
294	E	1.00000	0	0.00000	0
295	E	1.00000	0	0.00000	0
296	E	1.00000	0	0.00000	0
297	A	1.00000	0	0.00000	0
298	E	1.00000	0	0.00000	0
299	E	1.00000	0	0.00000	0
300	E	1.00000	0	0.00000	0
301	E	1.00000	0	0.00000	0
302	E	1.00000	0	0.00000	0
303	R	1.00000	0	0.00000	0
304	E	1.00000	0	0.00000	0
305	P	1.00000	0	0.00000	0
306	Q	1.00000	0	0.00000	0
307	A	1.00000	0	0.00000	0
308	T	1.00000	0	0.00000	0
309	P	1.00000	0	0.00000	0
310	V	1.00000	0	0.00000	0
311	S	1.00000	0	0.00000	0
312	P	1.00000	0	0.00000	0
313	A	1.00000	0	0.00000	0
314	S	1.00000	0	0.00000	0
315	V	1.00000	0	0.00000	0
316	C	1.00000	0	0.00000	0
317	S	1.00000	0	0.00000	0
318	P	1.00000	0	0.00000	0
319	P	1.00000	0	0.00000	0
320	L	1.00000	0	0.00000	0
321	Q	1.00000	0	0.00000	0
322	Q	1.00000	0	0.00000	0
323	P	1.00000	0	0.00000	0
324	Q	1.00000	0	0.00000	0
325	G	1.00000	0	0.00000	0
326	S	1.00000	0	0.00000	0
327	R	1.00000	0	0.00000	0
328	V	1.00000	0	0.00000	0
329	L	1.00000	0	0.00000	0
330	A	1.00000	0	0.00000	0
331	T	1.00000	0	0.00000	0
332	L	1.00000	0	0.00000	0
333	R	1.00000	0	0.00000	0
334	G	1.00000	0	0.00000	0
335	Q	1.00000	0	0.00000	0
336	V	1.00000	0	0.00000	0
337	L	1.00000	0	0.00000	0
338	L	1.00000	0	0.00000	0
339	G	1.00000	0	0.00000	0
340	K	1.00000	0	0.00000	0
341	G	1.00000	0	0.00000	0
342	V	1.00000	0	0.00000	0
343	G	1.00000	0	0.00000	0
344	A	1.00000	0	0.00000	0
345	V	1.00000	0	0.00000	0
346	G	1.00000	0	0.00000	0
347	G	1.00000	0	0.00000	0
348	Q	1.00000	0	0.00000	0
349	W	1.00000	0	0.00000	0
350	W	1.00000	0	0.00000	0
351	R	1.00000	0	0.00000	0
352	R	1.00000	0	0.00000	0
353	R	1.00000	0	0.00000	0
354	T	1.00000	0	0.00000	0
355	Q	1.00000	0	0.00000	0
356	M	1.00000	0	0.00000	0
357	T	1.00000	0	0.00000	0
358	R	1.00000	0	0.00000	0
359	E	1.00000	0	0.00000	0
360	K	0.96111	0	0.03889	0
361	R	0.95953	0	0.04047	0
362	F	0.66139	0	0.33861	0
363	T	0.40348	0	0.59652	0
364	F	0.07686	0	0.92314	0
365	V	0.07286	0	0.92714	0
366	L	0.00107	0	0.99893	0
367	A	0.00003	0	0.99997	0
368	V	0.00002	0	0.99998	0
369	V	0.00000	0	1.00000	0
370	I	0.00000	0	1.00000	0
371	G	0.00000	0	1.00000	0
372	V	0.00000	0	1.00000	0
373	F	0.00000	0	1.00000	0
374	V	0.00000	0	1.00000	0
375	L	0.00000	0	1.00000	0
376	C	0.00000	0	1.00000	0
377	W	0.00000	0	1.00000	0
378	F	0.00000	0	1.00000	0
379	P	0.00000	0	1.00000	0
380	F	0.00000	0	1.00000	0
381	F	0.00000	1e-05	0.99999	0
382	F	0.00000	0.00164	0.99836	0
383	S	0.00000	0.0246	0.97540	0
384	Y	0.00000	0.0479	0.95210	0
385	S	0.00000	0.15039	0.84961	0
386	L	0.00000	0.21401	0.78599	0
387	G	0.00000	0.50928	0.49072	0
388	A	0.00000	0.58857	0.41143	0
389	I	0.00000	0.81511	0.18489	0
390	C	0.00000	0.97995	0.02005	0
391	P	0.00000	0.99656	0.00344	0
392	Q	0.00000	0.99942	0.00058	0
393	H	0.00000	0.99994	0.00006	0
394	C	0.00000	1	0.00000	0
395	K	0.00000	1	0.00000	0
396	V	0.00000	0.99999	0.00001	0
397	P	0.00000	0.99998	0.00002	0
398	H	0.00000	0.99976	0.00024	0
399	G	0.00000	0.99835	0.00165	0
400	L	0.00000	0.96856	0.03144	0
401	F	0.00000	0.95973	0.04027	0
402	Q	0.00000	0.65517	0.34483	0
403	F	0.00000	0.00711	0.99289	0
404	F	0.00000	0.00033	0.99967	0
405	F	0.00000	0	1.00000	0
406	W	0.00000	0	1.00000	0
407	I	0.00000	0	1.00000	0
408	G	0.00000	0	1.00000	0
409	Y	0.00000	0	1.00000	0
410	C	0.00000	0	1.00000	0
411	N	0.00000	0	1.00000	0
412	S	0.00000	0	1.00000	0
413	S	0.00000	0	1.00000	0
414	L	0.00000	0	1.00000	0
415	N	0.00000	0	1.00000	0
416	P	0.00000	0	1.00000	0
417	V	0.00000	0	1.00000	0
418	I	0.00000	0	1.00000	0
419	Y	0.00000	0	1.00000	0
420	T	0.00001	0	0.99999	0
421	I	0.00031	0	0.99969	0
422	F	0.01922	0	0.98078	0
423	N	0.25916	0	0.74084	0
424	Q	0.99420	0	0.00580	0
425	D	0.99955	0	0.00045	0
426	F	0.99983	0	0.00017	0
427	R	1.00000	0	0.00000	0
428	R	1.00000	0	0.00000	0
429	A	1.00000	0	0.00000	0
430	F	1.00000	0	0.00000	0
431	R	1.00000	0	0.00000	0
432	R	1.00000	0	0.00000	0
433	I	1.00000	0	0.00000	0
434	L	1.00000	0	0.00000	0
435	C	1.00000	0	0.00000	0
436	R	1.00000	0	0.00000	0
437	R	1.00000	0	0.00000	0
438	W	1.00000	0	0.00000	0
439	T	1.00000	0	0.00000	0
440	Q	1.00000	0	0.00000	0
441	T	1.00000	0	0.00000	0
442	A	1.00000	0	0.00000	0
443	W	1.00000	0	0.00000	0
