# UNNAMED
#pos	aa	i	o	M	S
1	M	0.00000	0.99383	0.00000	0.00617
2	D	0.00000	0.99383	0.00000	0.00617
3	L	0.00000	0.99383	0.00000	0.00617
4	P	0.00000	0.99383	0.00000	0.00617
5	V	0.00000	0.99383	0.00000	0.00618
6	N	0.00000	0.99383	0.00000	0.00617
7	L	0.00000	0.99383	0.00000	0.00618
8	T	0.00000	0.99383	0.00000	0.00617
9	Y	0.00000	0.99383	0.00000	0.00617
10	F	0.00000	0.99383	0.00000	0.00617
11	A	0.00000	0.99383	0.00000	0.00618
12	I	0.00000	0.99383	0.00000	0.00617
13	S	0.00000	0.99383	0.00000	0.00618
14	T	0.00000	0.99383	0.00000	0.00618
15	P	0.00000	0.99383	0.00000	0.00618
16	A	0.00000	0.99383	0.00000	0.00617
17	P	0.00000	0.99383	0.00000	0.00617
18	L	0.00000	0.99383	0.00000	0.00617
19	E	0.00000	0.99809	0.00000	0.00191
20	T	0.00000	0.99809	0.00000	0.00191
21	N	0.00000	0.99938	0.00000	0.00061
22	R	0.00000	0.99939	0.00000	0.00061
23	S	0.00000	0.99939	0.00000	0.00061
24	F	0.00000	1	0.00000	0
25	D	0.00000	1	0.00000	0
26	A	0.00000	1	0.00000	0
27	E	0.00000	1	0.00000	0
28	D	0.00000	1	0.00000	0
29	P	0.00000	1	0.00000	0
30	R	0.00000	1	0.00000	0
31	P	0.00000	0.99991	0.00009	0
32	S	0.00000	0.99945	0.00055	0
33	P	0.00000	0.99816	0.00184	0
34	P	0.00000	0.98853	0.01147	0
35	L	0.00000	0.88254	0.11746	0
36	L	0.00000	0.83064	0.16936	0
37	S	0.00000	0.76677	0.23323	0
38	V	0.00000	0.51776	0.48224	0
39	F	0.00000	0.35678	0.64322	0
40	G	0.00000	0.31369	0.68631	0
41	V	0.00000	0.10765	0.89235	0
42	L	0.00000	0.04303	0.95697	0
43	V	0.00000	0.01173	0.98827	0
44	L	0.00000	0.00682	0.99318	0
45	T	0.00000	0.00234	0.99766	0
46	L	0.00000	0.00067	0.99933	0
47	L	0.00000	0.00013	0.99987	0
48	G	0.00000	4e-05	0.99996	0
49	F	0.00000	0	1.00000	0
50	L	0.00000	0	1.00000	0
51	V	0.00000	0	1.00000	0
52	A	0.00000	0	1.00000	0
53	A	0.00000	0	1.00000	0
54	T	0.00000	0	1.00000	0
55	F	0.00000	0	1.00000	0
56	A	0.00000	0	1.00000	0
57	W	0.00000	0	1.00000	0
58	N	0.00006	0	0.99994	0
59	L	0.00012	0	0.99988	0
60	L	0.00208	0	0.99792	0
61	V	0.01696	0	0.98304	0
62	L	0.15769	0	0.84231	0
63	A	0.17367	0	0.82633	0
64	T	0.32197	0	0.67803	0
65	I	0.35542	0	0.64458	0
66	L	0.59079	0	0.40921	0
67	R	0.98190	0	0.01810	0
68	V	0.98966	0	0.01034	0
69	R	0.99976	0	0.00024	0
70	T	0.99999	0	0.00001	0
71	F	0.99999	0	0.00001	0
72	H	1.00000	0	0.00000	0
73	R	1.00000	0	0.00000	0
74	V	0.99998	0	0.00002	0
75	P	0.99997	0	0.00003	0
76	H	0.15824	0	0.84176	0
77	N	0.09094	0	0.90906	0
78	L	0.00185	0	0.99815	0
79	V	0.00077	0	0.99923	0
80	A	0.00008	0	0.99992	0
81	S	0.00000	0	1.00000	0
82	M	0.00000	0	1.00000	0
83	A	0.00000	0	1.00000	0
84	I	0.00000	0	1.00000	0
85	S	0.00000	0	1.00000	0
86	D	0.00000	0	1.00000	0
87	V	0.00000	0	1.00000	0
88	L	0.00000	0	1.00000	0
89	V	0.00000	0	1.00000	0
90	A	0.00000	0	1.00000	0
91	A	0.00000	0	1.00000	0
92	L	0.00000	0	1.00000	0
93	V	0.00000	0	1.00000	0
94	M	0.00000	4e-05	0.99996	0
95	P	0.00000	0.00179	0.99821	0
96	L	0.00000	0.0243	0.97570	0
97	S	0.00000	0.27826	0.72174	0
98	L	0.00000	0.38409	0.61591	0
99	V	0.00000	0.62698	0.37302	0
100	H	0.00000	0.99999	0.00001	0
101	E	0.00000	1	0.00000	0
102	L	0.00000	1	0.00000	0
103	S	0.00000	1	0.00000	0
104	G	0.00000	1	0.00000	0
105	R	0.00000	1	0.00000	0
106	R	0.00000	1	0.00000	0
107	W	0.00000	1	0.00000	0
108	Q	0.00000	1	0.00000	0
109	L	0.00000	1	0.00000	0
110	G	0.00000	1	0.00000	0
111	Q	0.00000	0.99998	0.00002	0
112	R	0.00000	0.99984	0.00016	0
113	L	0.00000	0.99972	0.00028	0
114	C	0.00000	0.99949	0.00051	0
115	Q	0.00000	0.99764	0.00236	0
116	L	0.00000	0.99685	0.00315	0
117	W	0.00000	0.89674	0.10326	0
118	I	0.00000	0.20669	0.79331	0
119	T	0.00000	0.03816	0.96184	0
120	C	0.00000	0.01382	0.98618	0
121	D	0.00000	0.00498	0.99502	0
122	V	0.00000	0.00014	0.99986	0
123	L	0.00000	0	1.00000	0
124	C	0.00000	0	1.00000	0
125	C	0.00000	0	1.00000	0
126	T	0.00000	0	1.00000	0
127	A	0.00000	0	1.00000	0
128	S	0.00000	0	1.00000	0
129	I	0.00000	0	1.00000	0
130	W	0.00000	0	1.00000	0
131	N	0.00000	0	1.00000	0
132	V	0.00000	0	1.00000	0
133	T	0.00000	0	1.00000	0
134	A	0.00000	0	1.00000	0
135	I	0.00000	0	1.00000	0
136	A	0.00000	0	1.00000	0
137	L	0.00001	0	0.99999	0
138	D	0.00002	0	0.99998	0
139	R	0.02044	0	0.97956	0
140	Y	0.14897	0	0.85103	0
141	W	0.32388	0	0.67612	0
142	S	0.78144	0	0.21856	0
143	I	0.99999	0	0.00001	0
144	T	1.00000	0	0.00000	0
145	R	1.00000	0	0.00000	0
146	H	1.00000	0	0.00000	0
147	L	1.00000	0	0.00000	0
148	E	1.00000	0	0.00000	0
149	Y	1.00000	0	0.00000	0
150	T	1.00000	0	0.00000	0
151	L	1.00000	0	0.00000	0
152	R	1.00000	0	0.00000	0
153	A	1.00000	0	0.00000	0
154	R	1.00000	0	0.00000	0
155	K	0.99998	0	0.00002	0
156	R	0.99743	0	0.00257	0
157	V	0.60874	0	0.39126	0
158	S	0.54423	0	0.45577	0
159	N	0.28198	0	0.71802	0
160	V	0.00643	0	0.99357	0
161	M	0.00068	0	0.99932	0
162	I	0.00001	0	0.99999	0
163	V	0.00000	0	1.00000	0
164	L	0.00000	0	1.00000	0
165	T	0.00000	0	1.00000	0
166	W	0.00000	0	1.00000	0
167	V	0.00000	0	1.00000	0
168	L	0.00000	0	1.00000	0
169	S	0.00000	0	1.00000	0
170	S	0.00000	0	1.00000	0
171	V	0.00000	0	1.00000	0
172	I	0.00000	0	1.00000	0
173	S	0.00000	0	1.00000	0
174	L	0.00000	0	1.00000	0
175	A	0.00000	0	1.00000	0
176	P	0.00000	0.00051	0.99949	0
177	L	0.00000	0.00234	0.99766	0
178	L	0.00000	0.02498	0.97502	0
179	F	0.00000	0.17464	0.82536	0
180	G	0.00000	0.74595	0.25405	0
181	W	0.00000	0.84447	0.15553	0
182	G	0.00000	0.98547	0.01453	0
183	E	0.00000	0.9999	0.00010	0
184	T	0.00000	0.99999	0.00001	0
185	Y	0.00000	1	0.00000	0
186	S	0.00000	1	0.00000	0
187	E	0.00000	1	0.00000	0
188	V	0.00000	1	0.00000	0
189	S	0.00000	1	0.00000	0
190	A	0.00000	1	0.00000	0
191	E	0.00000	1	0.00000	0
192	C	0.00000	1	0.00000	0
193	Q	0.00000	1	0.00000	0
194	V	0.00000	1	0.00000	0
195	S	0.00000	1	0.00000	0
196	R	0.00000	1	0.00000	0
197	K	0.00000	0.99987	0.00013	0
198	P	0.00000	0.99456	0.00544	0
199	S	0.00000	0.55346	0.44654	0
200	Y	0.00000	0.37114	0.62886	0
201	A	0.00000	0.23077	0.76923	0
202	V	0.00000	0.00188	0.99812	0
203	F	0.00000	0.00014	0.99986	0
204	S	0.00000	0.0001	0.99990	0
205	T	0.00000	3e-05	0.99997	0
206	V	0.00000	2e-05	0.99998	0
207	G	0.00000	0	1.00000	0
208	A	0.00000	0	1.00000	0
209	F	0.00000	0	1.00000	0
210	Y	0.00000	0	1.00000	0
211	L	0.00000	0	1.00000	0
212	P	0.00000	0	1.00000	0
213	L	0.00000	0	1.00000	0
214	C	0.00000	0	1.00000	0
215	V	0.00000	0	1.00000	0
216	V	0.00000	0	1.00000	0
217	L	0.00000	0	1.00000	0
218	F	0.00000	0	1.00000	0
219	V	0.00000	0	1.00000	0
220	Y	0.00007	0	0.99993	0
221	W	0.00317	0	0.99683	0
222	K	0.13583	0	0.86417	0
223	I	0.14788	0	0.85212	0
224	Y	0.25234	0	0.74766	0
225	K	0.98802	0	0.01198	0
226	A	0.99491	0	0.00509	0
227	A	0.99966	0	0.00034	0
228	K	0.99997	0	0.00003	0
229	F	0.99998	0	0.00002	0
230	R	1.00000	0	0.00000	0
231	V	1.00000	0	0.00000	0
232	G	1.00000	0	0.00000	0
233	P	1.00000	0	0.00000	0
234	R	1.00000	0	0.00000	0
235	K	1.00000	0	0.00000	0
236	T	1.00000	0	0.00000	0
237	N	1.00000	0	0.00000	0
238	S	1.00000	0	0.00000	0
239	V	1.00000	0	0.00000	0
240	S	1.00000	0	0.00000	0
241	P	1.00000	0	0.00000	0
242	I	1.00000	0	0.00000	0
243	S	1.00000	0	0.00000	0
244	E	1.00000	0	0.00000	0
245	A	1.00000	0	0.00000	0
246	V	1.00000	0	0.00000	0
247	E	1.00000	0	0.00000	0
248	A	1.00000	0	0.00000	0
249	K	1.00000	0	0.00000	0
250	A	1.00000	0	0.00000	0
251	S	1.00000	0	0.00000	0
252	A	1.00000	0	0.00000	0
253	Q	1.00000	0	0.00000	0
254	Q	1.00000	0	0.00000	0
255	P	1.00000	0	0.00000	0
256	E	1.00000	0	0.00000	0
257	M	1.00000	0	0.00000	0
258	V	1.00000	0	0.00000	0
259	F	1.00000	0	0.00000	0
260	T	1.00000	0	0.00000	0
261	A	1.00000	0	0.00000	0
262	R	1.00000	0	0.00000	0
263	H	1.00000	0	0.00000	0
264	A	1.00000	0	0.00000	0
265	T	1.00000	0	0.00000	0
266	V	1.00000	0	0.00000	0
267	T	1.00000	0	0.00000	0
268	F	1.00000	0	0.00000	0
269	Q	1.00000	0	0.00000	0
270	T	1.00000	0	0.00000	0
271	E	1.00000	0	0.00000	0
272	G	1.00000	0	0.00000	0
273	D	1.00000	0	0.00000	0
274	T	1.00000	0	0.00000	0
275	W	1.00000	0	0.00000	0
276	R	1.00000	0	0.00000	0
277	E	1.00000	0	0.00000	0
278	Q	1.00000	0	0.00000	0
279	K	1.00000	0	0.00000	0
280	E	1.00000	0	0.00000	0
281	Q	0.99361	0	0.00639	0
282	R	0.90388	0	0.09612	0
283	A	0.01856	0	0.98144	0
284	A	0.01600	0	0.98400	0
285	L	0.01546	0	0.98454	0
286	T	0.01520	0	0.98480	0
287	V	0.00023	0	0.99977	0
288	G	0.00002	0	0.99998	0
289	I	0.00000	0	1.00000	0
290	L	0.00000	0	1.00000	0
291	I	0.00000	0	1.00000	0
292	G	0.00000	0	1.00000	0
293	V	0.00000	0	1.00000	0
294	F	0.00000	0	1.00000	0
295	A	0.00000	0	1.00000	0
296	L	0.00000	0	1.00000	0
297	C	0.00000	0	1.00000	0
298	W	0.00000	0	1.00000	0
299	T	0.00000	0	1.00000	0
300	P	0.00000	0	1.00000	0
301	F	0.00000	0	1.00000	0
302	F	0.00000	2e-05	0.99998	0
303	A	0.00000	0.0055	0.99450	0
304	A	0.00000	0.06084	0.93916	0
305	E	0.00000	0.39701	0.60299	0
306	L	0.00000	0.43155	0.56845	0
307	V	0.00000	0.58992	0.41008	0
308	G	0.00000	0.92433	0.07567	0
309	P	0.00000	0.9769	0.02310	0
310	L	0.00000	0.98442	0.01558	0
311	C	0.00000	0.99877	0.00123	0
312	S	0.00000	0.99968	0.00032	0
313	C	0.00000	0.99997	0.00003	0
314	D	0.00000	1	0.00000	0
315	A	0.00000	1	0.00000	0
316	P	0.00000	0.99997	0.00003	0
317	A	0.00000	0.99992	0.00008	0
318	P	0.00000	0.99983	0.00017	0
319	W	0.00000	0.99899	0.00101	0
320	K	0.00000	0.99852	0.00148	0
321	S	0.00000	0.79413	0.20587	0
322	V	0.00000	0.00447	0.99553	0
323	F	0.00000	0.00014	0.99986	0
324	L	0.00000	0	1.00000	0
325	W	0.00000	0	1.00000	0
326	L	0.00000	0	1.00000	0
327	G	0.00000	0	1.00000	0
328	Y	0.00000	0	1.00000	0
329	S	0.00000	0	1.00000	0
330	N	0.00000	0	1.00000	0
331	S	0.00000	0	1.00000	0
332	F	0.00000	0	1.00000	0
333	F	0.00000	0	1.00000	0
334	N	0.00000	0	1.00000	0
335	P	0.00000	0	1.00000	0
336	L	0.00000	0	1.00000	0
337	I	0.00000	0	1.00000	0
338	Y	0.00001	0	0.99999	0
339	T	0.00010	0	0.99990	0
340	A	0.00211	0	0.99789	0
341	F	0.08645	0	0.91355	0
342	S	0.71317	0	0.28683	0
343	K	0.99998	0	0.00002	0
344	S	0.99998	0	0.00002	0
345	Y	0.99998	0	0.00002	0
346	S	0.99998	0	0.00002	0
347	S	0.99998	0	0.00002	0
348	A	0.99998	0	0.00002	0
349	F	0.99999	0	0.00001	0
350	R	1.00000	0	0.00000	0
351	N	1.00000	0	0.00000	0
352	L	1.00000	0	0.00000	0
353	F	1.00000	0	0.00000	0
354	S	1.00000	0	0.00000	0
355	R	1.00000	0	0.00000	0
356	H	1.00000	0	0.00000	0
357	H	1.00000	0	0.00000	0
