# UNNAMED
#pos	aa	i	o	M	S
1	M	0.00000	1	0.00000	0
2	Q	0.00000	1	0.00000	0
3	F	0.00000	1	0.00000	0
4	L	0.00000	1	0.00000	0
5	K	0.00000	1	0.00000	0
6	S	0.00000	1	0.00000	0
7	A	0.00000	1	0.00000	0
8	K	0.00000	1	0.00000	0
9	Q	0.00000	1	0.00000	0
10	K	0.00000	0.99961	0.00039	0
11	P	0.00000	0.81181	0.18819	0
12	N	0.00000	0.47109	0.52891	0
13	Y	0.00000	0.00245	0.99755	0
14	Y	0.00000	2e-05	0.99998	0
15	H	0.00000	0	1.00000	0
16	I	0.00000	0	1.00000	0
17	M	0.00000	0	1.00000	0
18	L	0.00000	0	1.00000	0
19	V	0.00000	0	1.00000	0
20	E	0.00000	0	1.00000	0
21	A	0.00000	0	1.00000	0
22	Q	0.00000	0	1.00000	0
23	E	0.00000	0	1.00000	0
24	E	0.00000	0	1.00000	0
25	G	0.00000	0	1.00000	0
26	T	0.00000	0	1.00000	0
27	L	0.00000	0	1.00000	0
28	H	0.00002	0	0.99998	0
29	Q	0.00705	0	0.99295	0
30	F	0.01823	0	0.98177	0
31	N	0.85054	0	0.14946	0
32	Y	0.98757	0	0.01243	0
33	C	0.99990	0	0.00010	0
34	E	0.99999	0	0.00001	0
35	R	0.99048	0	0.00952	0
36	Y	0.04702	0	0.95298	0
37	T	0.00886	0	0.99114	0
38	C	0.00058	0	0.99942	0
39	Y	0.00011	0	0.99989	0
40	S	0.00007	0	0.99993	0
41	A	0.00002	0	0.99998	0
42	T	0.00001	0	0.99999	0
43	R	0.00001	0	0.99999	0
44	C	0.00000	0	1.00000	0
45	I	0.00000	0	1.00000	0
46	S	0.00000	0	1.00000	0
47	C	0.00000	0	1.00000	0
48	V	0.00000	0	1.00000	0
49	D	0.00000	0	1.00000	0
50	P	0.00000	0	1.00000	0
51	E	0.00000	0	1.00000	0
52	D	0.00000	0	1.00000	0
53	K	0.00000	0.00035	0.99965	0
54	W	0.00000	0.0082	0.99180	0
55	Y	0.00000	0.98978	0.01022	0
56	R	0.00000	0.9909	0.00910	0
57	W	0.00000	0.99144	0.00856	0
58	P	0.00000	0.99957	0.00043	0
59	L	0.00000	0.99992	0.00008	0
60	P	0.00000	0.99998	0.00002	0
61	S	0.00000	0.99999	0.00001	0
62	K	0.00000	1	0.00000	0
63	L	0.00000	1	0.00000	0
64	C	0.00000	1	0.00000	0
65	A	0.00000	0.99978	0.00022	0
66	V	0.00000	0.99919	0.00081	0
67	W	0.00000	0.91189	0.08811	0
68	I	0.00000	0.2742	0.72580	0
69	Y	0.00000	0.13564	0.86436	0
70	L	0.00000	0.00722	0.99278	0
71	D	0.00000	0.00256	0.99744	0
72	V	0.00000	9e-05	0.99991	0
73	L	0.00000	0	1.00000	0
74	F	0.00000	0	1.00000	0
75	S	0.00000	0	1.00000	0
76	T	0.00000	0	1.00000	0
77	A	0.00000	0	1.00000	0
78	S	0.00000	0	1.00000	0
79	I	0.00000	0	1.00000	0
80	M	0.00000	0	1.00000	0
81	H	0.00000	0	1.00000	0
82	L	0.00000	0	1.00000	0
83	C	0.00000	0	1.00000	0
84	A	0.00000	0	1.00000	0
85	I	0.00000	0	1.00000	0
86	S	0.00000	0	1.00000	0
87	L	0.00000	0	1.00000	0
88	D	0.00002	0	0.99998	0
89	R	0.04927	0	0.95073	0
90	Y	0.29016	0	0.70984	0
91	V	0.82953	0	0.17047	0
92	A	0.90066	0	0.09934	0
93	I	0.99997	0	0.00003	0
94	Q	1.00000	0	0.00000	0
95	N	1.00000	0	0.00000	0
96	P	1.00000	0	0.00000	0
97	I	1.00000	0	0.00000	0
98	H	1.00000	0	0.00000	0
99	H	1.00000	0	0.00000	0
100	S	1.00000	0	0.00000	0
101	R	1.00000	0	0.00000	0
102	F	1.00000	0	0.00000	0
103	N	1.00000	0	0.00000	0
104	S	1.00000	0	0.00000	0
105	R	1.00000	0	0.00000	0
106	T	0.99988	0	0.00012	0
107	K	0.99766	0	0.00234	0
108	A	0.55067	0	0.44933	0
109	F	0.10984	0	0.89016	0
110	L	0.02804	0	0.97196	0
111	K	0.02407	0	0.97593	0
112	I	0.00006	0	0.99994	0
113	I	0.00000	0	1.00000	0
114	A	0.00000	0	1.00000	0
115	V	0.00000	0	1.00000	0
116	W	0.00000	0	1.00000	0
117	T	0.00000	0	1.00000	0
118	I	0.00000	0	1.00000	0
119	S	0.00000	0	1.00000	0
120	V	0.00000	0	1.00000	0
121	G	0.00000	0	1.00000	0
122	I	0.00000	0	1.00000	0
123	S	0.00000	0	1.00000	0
124	M	0.00000	0	1.00000	0
125	P	0.00000	0	1.00000	0
126	I	0.00000	1e-05	0.99999	0
127	P	0.00000	0.00297	0.99703	0
128	V	0.00000	0.01399	0.98601	0
129	F	0.00000	0.12511	0.87489	0
130	G	0.00000	0.50785	0.49215	0
131	L	0.00000	0.66424	0.33576	0
132	Q	0.00000	0.96659	0.03341	0
133	D	0.00000	0.99997	0.00003	0
134	D	0.00000	1	0.00000	0
135	S	0.00000	1	0.00000	0
136	K	0.00000	1	0.00000	0
137	V	0.00000	1	0.00000	0
138	F	0.00000	1	0.00000	0
139	K	0.00000	1	0.00000	0
140	E	0.00000	1	0.00000	0
141	G	0.00000	1	0.00000	0
142	S	0.00000	1	0.00000	0
143	C	0.00000	1	0.00000	0
144	L	0.00000	1	0.00000	0
145	L	0.00000	1	0.00000	0
146	A	0.00000	1	0.00000	0
147	D	0.00000	1	0.00000	0
148	D	0.00000	0.99999	0.00001	0
149	N	0.00000	0.79336	0.20664	0
150	F	0.00000	0.01631	0.98369	0
151	V	0.00000	0.00872	0.99128	0
152	L	0.00000	0.00233	0.99767	0
153	I	0.00000	2e-05	0.99998	0
154	G	0.00000	1e-05	0.99999	0
155	S	0.00000	1e-05	0.99999	0
156	F	0.00000	0	1.00000	0
157	V	0.00000	0	1.00000	0
158	S	0.00000	0	1.00000	0
159	F	0.00000	0	1.00000	0
160	F	0.00000	0	1.00000	0
161	I	0.00000	0	1.00000	0
162	P	0.00000	0	1.00000	0
163	L	0.00000	0	1.00000	0
164	T	0.00000	0	1.00000	0
165	I	0.00000	0	1.00000	0
166	M	0.00000	0	1.00000	0
167	V	0.00000	0	1.00000	0
168	I	0.00000	0	1.00000	0
169	T	0.00000	0	1.00000	0
170	Y	0.00001	0	0.99999	0
171	F	0.00034	0	0.99966	0
172	L	0.01716	0	0.98284	0
173	T	0.18217	0	0.81783	0
174	I	0.25501	0	0.74499	0
175	K	0.99356	0	0.00644	0
176	S	0.99835	0	0.00165	0
177	L	0.99893	0	0.00107	0
178	Q	0.99998	0	0.00002	0
179	K	1.00000	0	0.00000	0
180	E	1.00000	0	0.00000	0
181	A	1.00000	0	0.00000	0
182	T	1.00000	0	0.00000	0
183	L	1.00000	0	0.00000	0
184	C	1.00000	0	0.00000	0
185	V	1.00000	0	0.00000	0
186	S	1.00000	0	0.00000	0
187	D	1.00000	0	0.00000	0
188	L	1.00000	0	0.00000	0
189	G	1.00000	0	0.00000	0
190	T	1.00000	0	0.00000	0
191	R	1.00000	0	0.00000	0
192	A	1.00000	0	0.00000	0
193	K	1.00000	0	0.00000	0
194	L	1.00000	0	0.00000	0
195	A	1.00000	0	0.00000	0
196	S	1.00000	0	0.00000	0
197	F	1.00000	0	0.00000	0
198	S	1.00000	0	0.00000	0
199	F	1.00000	0	0.00000	0
200	L	1.00000	0	0.00000	0
201	P	1.00000	0	0.00000	0
202	Q	1.00000	0	0.00000	0
203	S	1.00000	0	0.00000	0
204	S	1.00000	0	0.00000	0
205	L	1.00000	0	0.00000	0
206	S	1.00000	0	0.00000	0
207	S	1.00000	0	0.00000	0
208	E	1.00000	0	0.00000	0
209	K	1.00000	0	0.00000	0
210	L	1.00000	0	0.00000	0
211	F	1.00000	0	0.00000	0
212	Q	1.00000	0	0.00000	0
213	R	1.00000	0	0.00000	0
214	S	1.00000	0	0.00000	0
215	I	1.00000	0	0.00000	0
216	H	1.00000	0	0.00000	0
217	R	1.00000	0	0.00000	0
218	D	1.00000	0	0.00000	0
219	P	1.00000	0	0.00000	0
220	G	1.00000	0	0.00000	0
221	S	1.00000	0	0.00000	0
222	Y	1.00000	0	0.00000	0
223	T	1.00000	0	0.00000	0
224	G	1.00000	0	0.00000	0
225	R	1.00000	0	0.00000	0
226	R	1.00000	0	0.00000	0
227	T	1.00000	0	0.00000	0
228	M	1.00000	0	0.00000	0
229	Q	1.00000	0	0.00000	0
230	S	1.00000	0	0.00000	0
231	I	1.00000	0	0.00000	0
232	S	1.00000	0	0.00000	0
233	N	1.00000	0	0.00000	0
234	E	1.00000	0	0.00000	0
235	Q	0.99767	0	0.00233	0
236	K	0.99670	0	0.00330	0
237	A	0.14709	0	0.85291	0
238	C	0.14223	0	0.85777	0
239	K	0.01928	0	0.98072	0
240	V	0.00219	0	0.99781	0
241	L	0.00035	0	0.99965	0
242	G	0.00031	0	0.99969	0
243	I	0.00011	0	0.99989	0
244	V	0.00001	0	0.99999	0
245	F	0.00000	0	1.00000	0
246	F	0.00000	0	1.00000	0
247	L	0.00000	0	1.00000	0
248	F	0.00000	0	1.00000	0
249	V	0.00000	0	1.00000	0
250	V	0.00000	0	1.00000	0
251	M	0.00000	0	1.00000	0
252	W	0.00000	0	1.00000	0
253	C	0.00000	0	1.00000	0
254	P	0.00000	0	1.00000	0
255	F	0.00000	0	1.00000	0
256	F	0.00000	0	1.00000	0
257	I	0.00000	4e-05	0.99996	0
258	T	0.00000	0.00065	0.99935	0
259	N	0.00000	0.00853	0.99147	0
260	I	0.00000	0.01199	0.98801	0
261	M	0.00000	0.02513	0.97487	0
262	A	0.00000	0.09116	0.90884	0
263	V	0.00000	0.23467	0.76533	0
264	I	0.00000	0.49449	0.50551	0
265	C	0.00000	0.96806	0.03194	0
266	K	0.00000	0.99988	0.00012	0
267	E	0.00000	1	0.00000	0
268	S	0.00000	1	0.00000	0
269	C	0.00000	1	0.00000	0
270	N	0.00000	1	0.00000	0
271	E	0.00000	1	0.00000	0
272	D	0.00000	0.99999	0.00001	0
273	V	0.00000	0.99882	0.00118	0
274	I	0.00000	0.99732	0.00268	0
275	G	0.00000	0.99643	0.00357	0
276	A	0.00000	0.95127	0.04873	0
277	L	0.00000	0.90879	0.09121	0
278	L	0.00000	0.88655	0.11345	0
279	N	0.00000	0.4709	0.52910	0
280	V	0.00000	0.00339	0.99661	0
281	F	0.00000	0.00013	0.99987	0
282	V	0.00000	0	1.00000	0
283	W	0.00000	0	1.00000	0
284	I	0.00000	0	1.00000	0
285	G	0.00000	0	1.00000	0
286	Y	0.00000	0	1.00000	0
287	L	0.00000	0	1.00000	0
288	S	0.00000	0	1.00000	0
289	S	0.00000	0	1.00000	0
290	A	0.00000	0	1.00000	0
291	V	0.00000	0	1.00000	0
292	N	0.00000	0	1.00000	0
293	P	0.00000	0	1.00000	0
294	L	0.00000	0	1.00000	0
295	V	0.00001	0	0.99999	0
296	Y	0.00019	0	0.99981	0
297	T	0.00089	0	0.99911	0
298	L	0.00318	0	0.99682	0
299	F	0.10580	0	0.89420	0
300	N	0.60612	0	0.39388	0
301	K	1.00000	0	0.00000	0
302	T	1.00000	0	0.00000	0
303	Y	1.00000	0	0.00000	0
304	R	1.00000	0	0.00000	0
305	S	1.00000	0	0.00000	0
306	A	1.00000	0	0.00000	0
307	F	1.00000	0	0.00000	0
308	S	1.00000	0	0.00000	0
309	R	1.00000	0	0.00000	0
310	Y	1.00000	0	0.00000	0
311	I	1.00000	0	0.00000	0
312	Q	1.00000	0	0.00000	0
313	C	1.00000	0	0.00000	0
314	Q	1.00000	0	0.00000	0
315	Y	1.00000	0	0.00000	0
316	K	1.00000	0	0.00000	0
317	E	1.00000	0	0.00000	0
318	N	1.00000	0	0.00000	0
319	K	1.00000	0	0.00000	0
320	K	1.00000	0	0.00000	0
321	P	1.00000	0	0.00000	0
322	L	1.00000	0	0.00000	0
323	Q	1.00000	0	0.00000	0
324	L	1.00000	0	0.00000	0
325	I	1.00000	0	0.00000	0
326	L	1.00000	0	0.00000	0
327	V	1.00000	0	0.00000	0
328	N	1.00000	0	0.00000	0
329	T	1.00000	0	0.00000	0
330	I	1.00000	0	0.00000	0
331	P	1.00000	0	0.00000	0
332	A	1.00000	0	0.00000	0
333	L	1.00000	0	0.00000	0
334	A	1.00000	0	0.00000	0
335	Y	1.00000	0	0.00000	0
336	K	1.00000	0	0.00000	0
337	S	1.00000	0	0.00000	0
338	S	1.00000	0	0.00000	0
339	Q	1.00000	0	0.00000	0
340	L	1.00000	0	0.00000	0
341	Q	1.00000	0	0.00000	0
342	M	1.00000	0	0.00000	0
343	G	1.00000	0	0.00000	0
344	Q	1.00000	0	0.00000	0
345	K	1.00000	0	0.00000	0
346	K	1.00000	0	0.00000	0
347	N	1.00000	0	0.00000	0
348	S	1.00000	0	0.00000	0
349	K	1.00000	0	0.00000	0
350	Q	1.00000	0	0.00000	0
351	D	1.00000	0	0.00000	0
352	A	1.00000	0	0.00000	0
353	K	1.00000	0	0.00000	0
354	T	1.00000	0	0.00000	0
355	T	1.00000	0	0.00000	0
356	D	1.00000	0	0.00000	0
357	N	1.00000	0	0.00000	0
358	D	1.00000	0	0.00000	0
359	C	1.00000	0	0.00000	0
360	S	1.00000	0	0.00000	0
361	M	1.00000	0	0.00000	0
362	V	1.00000	0	0.00000	0
363	A	1.00000	0	0.00000	0
364	L	1.00000	0	0.00000	0
365	G	1.00000	0	0.00000	0
366	K	1.00000	0	0.00000	0
367	Q	1.00000	0	0.00000	0
368	H	1.00000	0	0.00000	0
369	S	1.00000	0	0.00000	0
370	E	1.00000	0	0.00000	0
371	D	1.00000	0	0.00000	0
372	A	1.00000	0	0.00000	0
373	S	1.00000	0	0.00000	0
374	K	1.00000	0	0.00000	0
375	D	1.00000	0	0.00000	0
376	N	1.00000	0	0.00000	0
377	S	1.00000	0	0.00000	0
378	D	1.00000	0	0.00000	0
379	G	1.00000	0	0.00000	0
380	V	1.00000	0	0.00000	0
381	N	1.00000	0	0.00000	0
382	E	1.00000	0	0.00000	0
383	K	1.00000	0	0.00000	0
384	V	1.00000	0	0.00000	0
385	S	1.00000	0	0.00000	0
386	C	1.00000	0	0.00000	0
387	V	1.00000	0	0.00000	0
