# UNNAMED
#pos	aa	i	o	M	S
1	M	0.00000	0.99968	0.00000	0.00032
2	K	0.00000	0.99968	0.00000	0.00031
3	P	0.00000	0.99968	0.00000	0.00032
4	L	0.00000	0.99968	0.00000	0.00031
5	K	0.00000	0.99968	0.00000	0.00032
6	L	0.00000	0.99968	0.00000	0.00032
7	Y	0.00000	0.99968	0.00000	0.00032
8	E	0.00000	0.99968	0.00000	0.00032
9	Q	0.00000	0.99968	0.00000	0.00031
10	T	0.00000	0.99968	0.00000	0.00032
11	G	0.00000	0.99968	0.00000	0.00031
12	G	0.00000	0.99968	0.00000	0.00032
13	N	0.00000	0.99968	0.00000	0.00032
14	A	0.00000	0.99968	0.00000	0.00032
15	S	0.00000	0.99968	0.00000	0.00032
16	A	0.00000	0.9997	0.00000	0.0003
17	A	0.00000	0.99993	0.00000	7e-05
18	N	0.00000	1	0.00000	0
19	E	0.00000	1	0.00000	0
20	Y	0.00000	1	0.00000	0
21	T	0.00000	1	0.00000	0
22	A	0.00000	1	0.00000	0
23	V	0.00000	1	0.00000	0
24	K	0.00000	1	0.00000	0
25	R	0.00000	1	0.00000	0
26	Q	0.00000	0.99999	0.00001	0
27	S	0.00000	0.99997	0.00003	0
28	E	0.00000	0.99957	0.00043	0
29	G	0.00000	0.98386	0.01614	0
30	T	0.00000	0.94467	0.05533	0
31	S	0.00000	0.84057	0.15943	0
32	I	0.00000	0.16255	0.83745	0
33	L	0.00000	0.06007	0.93993	0
34	L	0.00000	0.02459	0.97541	0
35	T	0.00000	0.01382	0.98618	0
36	V	0.00000	0.00758	0.99242	0
37	L	0.00000	0.00374	0.99626	0
38	S	0.00000	0.00209	0.99791	0
39	S	0.00000	0.00075	0.99925	0
40	L	0.00000	7e-05	0.99993	0
41	I	0.00000	0	1.00000	0
42	V	0.00000	0	1.00000	0
43	M	0.00000	0	1.00000	0
44	L	0.00000	0	1.00000	0
45	I	0.00000	0	1.00000	0
46	V	0.00000	0	1.00000	0
47	I	0.00000	0	1.00000	0
48	G	0.00000	0	1.00000	0
49	N	0.00000	0	1.00000	0
50	S	0.00000	0	1.00000	0
51	V	0.00000	0	1.00000	0
52	V	0.00000	0	1.00000	0
53	I	0.00000	0	1.00000	0
54	L	0.00004	0	0.99996	0
55	A	0.00152	0	0.99848	0
56	F	0.01253	0	0.98747	0
57	I	0.08227	0	0.91773	0
58	V	0.50894	0	0.49106	0
59	D	0.99700	0	0.00300	0
60	R	0.99995	0	0.00005	0
61	R	1.00000	0	0.00000	0
62	L	1.00000	0	0.00000	0
63	R	1.00000	0	0.00000	0
64	T	1.00000	0	0.00000	0
65	R	0.99999	0	0.00001	0
66	S	0.99617	0	0.00383	0
67	N	0.91253	0	0.08747	0
68	F	0.23402	0	0.76598	0
69	F	0.00734	0	0.99266	0
70	L	0.00228	0	0.99772	0
71	L	0.00017	0	0.99983	0
72	N	0.00001	0	0.99999	0
73	L	0.00000	0	1.00000	0
74	A	0.00000	0	1.00000	0
75	I	0.00000	0	1.00000	0
76	C	0.00000	0	1.00000	0
77	D	0.00000	0	1.00000	0
78	F	0.00000	0	1.00000	0
79	L	0.00000	0	1.00000	0
80	V	0.00000	0	1.00000	0
81	G	0.00000	0	1.00000	0
82	A	0.00000	0	1.00000	0
83	V	0.00000	0	1.00000	0
84	S	0.00000	1e-05	0.99999	0
85	I	0.00000	7e-05	0.99993	0
86	S	0.00000	0.00208	0.99792	0
87	L	0.00000	0.00317	0.99683	0
88	S	0.00000	0.02147	0.97853	0
89	I	0.00000	0.02652	0.97348	0
90	P	0.00000	0.13617	0.86383	0
91	Y	0.00000	0.25402	0.74598	0
92	T	0.00000	0.40239	0.59761	0
93	L	0.00000	0.46567	0.53433	0
94	T	0.00000	0.9382	0.06180	0
95	G	0.00000	0.99998	0.00002	0
96	K	0.00000	1	0.00000	0
97	W	0.00000	1	0.00000	0
98	M	0.00000	1	0.00000	0
99	F	0.00000	1	0.00000	0
100	G	0.00000	1	0.00000	0
101	K	0.00000	1	0.00000	0
102	F	0.00000	1	0.00000	0
103	L	0.00000	1	0.00000	0
104	C	0.00000	1	0.00000	0
105	K	0.00000	1	0.00000	0
106	L	0.00000	0.99972	0.00028	0
107	W	0.00000	0.95058	0.04942	0
108	I	0.00000	0.19304	0.80696	0
109	T	0.00000	0.09272	0.90728	0
110	F	0.00000	0.00569	0.99431	0
111	D	0.00000	0.00203	0.99797	0
112	Y	0.00000	0.00014	0.99986	0
113	T	0.00000	1e-05	0.99999	0
114	T	0.00000	0	1.00000	0
115	T	0.00000	0	1.00000	0
116	T	0.00000	0	1.00000	0
117	A	0.00000	0	1.00000	0
118	S	0.00000	0	1.00000	0
119	A	0.00000	0	1.00000	0
120	Y	0.00000	0	1.00000	0
121	S	0.00000	0	1.00000	0
122	V	0.00000	0	1.00000	0
123	V	0.00000	0	1.00000	0
124	L	0.00000	0	1.00000	0
125	I	0.00000	0	1.00000	0
126	S	0.00000	0	1.00000	0
127	Y	0.00000	0	1.00000	0
128	D	0.00001	0	0.99999	0
129	R	0.00323	0	0.99677	0
130	F	0.03899	0	0.96101	0
131	L	0.11465	0	0.88535	0
132	S	0.84216	0	0.15784	0
133	V	0.99993	0	0.00007	0
134	N	1.00000	0	0.00000	0
135	K	1.00000	0	0.00000	0
136	A	1.00000	0	0.00000	0
137	V	1.00000	0	0.00000	0
138	L	1.00000	0	0.00000	0
139	H	1.00000	0	0.00000	0
140	R	1.00000	0	0.00000	0
141	S	1.00000	0	0.00000	0
142	L	1.00000	0	0.00000	0
143	Q	1.00000	0	0.00000	0
144	V	1.00000	0	0.00000	0
145	R	1.00000	0	0.00000	0
146	H	0.99998	0	0.00002	0
147	S	0.99980	0	0.00020	0
148	Q	0.99512	0	0.00488	0
149	T	0.79715	0	0.20285	0
150	A	0.09819	0	0.90181	0
151	L	0.00504	0	0.99496	0
152	I	0.00008	0	0.99992	0
153	M	0.00002	0	0.99998	0
154	T	0.00000	0	1.00000	0
155	L	0.00000	0	1.00000	0
156	V	0.00000	0	1.00000	0
157	W	0.00000	0	1.00000	0
158	I	0.00000	0	1.00000	0
159	F	0.00000	0	1.00000	0
160	S	0.00000	0	1.00000	0
161	F	0.00000	0	1.00000	0
162	V	0.00000	0	1.00000	0
163	V	0.00000	0	1.00000	0
164	Y	0.00000	0	1.00000	0
165	G	0.00000	0	1.00000	0
166	P	0.00000	1e-05	0.99999	0
167	A	0.00000	1e-05	0.99999	0
168	V	0.00000	0.00016	0.99984	0
169	L	0.00000	0.00398	0.99602	0
170	L	0.00000	0.02248	0.97752	0
171	W	0.00000	0.33117	0.66883	0
172	E	0.00000	0.99047	0.00953	0
173	T	0.00000	0.99732	0.00268	0
174	I	0.00000	0.99877	0.00123	0
175	T	0.00000	0.99989	0.00011	0
176	G	0.00000	0.99999	0.00001	0
177	T	0.00000	1	0.00000	0
178	N	0.00000	1	0.00000	0
179	N	0.00000	1	0.00000	0
180	L	0.00000	1	0.00000	0
181	P	0.00000	1	0.00000	0
182	E	0.00000	1	0.00000	0
183	D	0.00000	1	0.00000	0
184	S	0.00000	1	0.00000	0
185	C	0.00000	1	0.00000	0
186	R	0.00000	1	0.00000	0
187	A	0.00000	0.99999	0.00001	0
188	G	0.00000	0.99998	0.00002	0
189	F	0.00000	0.99975	0.00025	0
190	L	0.00000	0.9997	0.00030	0
191	E	0.00000	0.99968	0.00032	0
192	T	0.00000	0.99872	0.00128	0
193	W	0.00000	0.76647	0.23353	0
194	Y	0.00000	0.7376	0.26240	0
195	F	0.00000	0.28674	0.71326	0
196	I	0.00000	0.26573	0.73427	0
197	L	0.00000	0.26492	0.73508	0
198	G	0.00000	0.00014	0.99986	0
199	A	0.00000	6e-05	0.99994	0
200	S	0.00000	6e-05	0.99994	0
201	T	0.00000	5e-05	0.99995	0
202	L	0.00000	0	1.00000	0
203	D	0.00000	0	1.00000	0
204	F	0.00000	0	1.00000	0
205	I	0.00000	0	1.00000	0
206	L	0.00000	0	1.00000	0
207	P	0.00000	0	1.00000	0
208	I	0.00000	0	1.00000	0
209	L	0.00000	0	1.00000	0
210	S	0.00000	0	1.00000	0
211	I	0.00000	0	1.00000	0
212	S	0.00000	0	1.00000	0
213	F	0.00000	0	1.00000	0
214	F	0.00005	0	0.99995	0
215	N	0.00202	0	0.99798	0
216	L	0.00459	0	0.99541	0
217	R	0.02201	0	0.97799	0
218	I	0.02564	0	0.97436	0
219	Y	0.04717	0	0.95283	0
220	I	0.17903	0	0.82097	0
221	E	0.97449	0	0.02551	0
222	I	0.99477	0	0.00523	0
223	I	0.99607	0	0.00393	0
224	K	0.99998	0	0.00002	0
225	R	1.00000	0	0.00000	0
226	S	1.00000	0	0.00000	0
227	T	1.00000	0	0.00000	0
228	K	1.00000	0	0.00000	0
229	R	1.00000	0	0.00000	0
230	Q	1.00000	0	0.00000	0
231	N	1.00000	0	0.00000	0
232	S	1.00000	0	0.00000	0
233	S	1.00000	0	0.00000	0
234	P	1.00000	0	0.00000	0
235	S	1.00000	0	0.00000	0
236	S	1.00000	0	0.00000	0
237	S	1.00000	0	0.00000	0
238	S	1.00000	0	0.00000	0
239	K	1.00000	0	0.00000	0
240	E	1.00000	0	0.00000	0
241	I	0.99997	0	0.00003	0
242	A	0.99997	0	0.00003	0
243	N	0.99997	0	0.00003	0
244	N	0.99997	0	0.00003	0
245	I	0.99997	0	0.00003	0
246	M	0.99997	0	0.00003	0
247	S	0.99997	0	0.00003	0
248	F	0.99997	0	0.00003	0
249	T	0.99997	0	0.00003	0
250	I	0.99997	0	0.00003	0
251	A	0.99997	0	0.00003	0
252	N	0.99997	0	0.00003	0
253	N	0.99997	0	0.00003	0
254	T	0.99997	0	0.00003	0
255	V	0.99997	0	0.00003	0
256	L	0.99997	0	0.00003	0
257	S	0.99997	0	0.00003	0
258	S	0.99997	0	0.00003	0
259	P	0.99997	0	0.00003	0
260	Q	0.99997	0	0.00003	0
261	T	0.99997	1e-05	0.00002	0
262	N	0.99997	2e-05	0.00001	0
263	E	0.99997	3e-05	0.00000	0
264	K	0.99997	3e-05	0.00000	0
265	E	0.99997	3e-05	0.00000	0
266	D	0.99997	3e-05	0.00000	0
267	S	0.99997	3e-05	0.00000	0
268	N	0.99997	3e-05	0.00000	0
269	P	0.99997	3e-05	0.00000	0
270	V	0.99997	3e-05	0.00000	0
271	P	0.99997	3e-05	0.00000	0
272	C	0.99997	3e-05	0.00000	0
273	S	0.99997	3e-05	0.00000	0
274	D	0.99997	3e-05	0.00000	0
275	L	0.99997	3e-05	0.00000	0
276	K	0.99997	3e-05	0.00000	0
277	I	0.99997	3e-05	0.00000	0
278	K	0.99997	3e-05	0.00000	0
279	S	0.99997	3e-05	0.00000	0
280	D	0.99997	3e-05	0.00000	0
281	S	0.99997	3e-05	0.00000	0
282	P	0.99997	3e-05	0.00000	0
283	Q	0.99997	3e-05	0.00000	0
284	N	0.99997	3e-05	0.00000	0
285	P	0.99997	3e-05	0.00000	0
286	E	0.99997	3e-05	0.00000	0
287	R	0.99997	3e-05	0.00000	0
288	L	0.99997	3e-05	0.00000	0
289	D	0.99997	3e-05	0.00000	0
290	R	0.99997	3e-05	0.00000	0
291	H	0.99997	3e-05	0.00000	0
292	N	0.99997	3e-05	0.00000	0
293	N	0.99997	3e-05	0.00000	0
294	S	0.99997	3e-05	0.00000	0
295	N	0.99997	3e-05	0.00000	0
296	K	0.99997	3e-05	0.00000	0
297	L	0.99997	3e-05	0.00000	0
298	S	0.99997	3e-05	0.00000	0
299	Q	0.99997	3e-05	0.00000	0
300	D	0.99997	3e-05	0.00000	0
301	K	0.76892	3e-05	0.23105	0
302	K	0.76742	3e-05	0.23255	0
303	A	0.65237	3e-05	0.34760	0
304	A	0.64504	3e-05	0.35493	0
305	K	0.64393	3e-05	0.35604	0
306	S	0.55111	3e-05	0.44886	0
307	L	0.01514	0	0.98486	0
308	A	0.00037	0	0.99963	0
309	I	0.00002	0	0.99998	0
310	L	0.00001	0	0.99999	0
311	V	0.00001	0	0.99999	0
312	S	0.00000	0	1.00000	0
313	V	0.00000	0	1.00000	0
314	F	0.00000	0	1.00000	0
315	I	0.00000	0	1.00000	0
316	L	0.00000	0	1.00000	0
317	C	0.00000	0	1.00000	0
318	W	0.00000	0	1.00000	0
319	T	0.00000	4e-05	0.99996	0
320	P	0.00000	0.0014	0.99860	0
321	Y	0.00000	0.00586	0.99414	0
322	S	0.00000	0.01895	0.98105	0
323	I	0.00000	0.03907	0.96093	0
324	F	0.00000	0.05366	0.94634	0
325	V	0.00000	0.09629	0.90371	0
326	C	0.00000	0.30354	0.69645	0
327	I	0.00000	0.28572	0.71428	0
328	R	0.00003	0.45298	0.54699	0
329	A	0.00003	0.473	0.52696	0
330	V	0.00003	0.53532	0.46465	0
331	C	0.00003	0.72412	0.27585	0
332	H	0.00003	0.87045	0.12951	0
333	G	0.00003	0.89486	0.10511	0
334	A	0.00003	0.74981	0.25015	0
335	F	0.00003	0.6738	0.32616	0
336	A	0.00003	0.63212	0.36784	0
337	Q	0.00003	0.61556	0.38441	0
338	N	0.00003	0.53627	0.46370	0
339	A	0.00003	0.15881	0.84116	0
340	L	0.00003	0.00756	0.99241	0
341	H	0.00003	0.00217	0.99780	0
342	Y	0.00003	0.00042	0.99954	0
343	M	0.00005	0.0001	0.99986	0
344	L	0.00118	0.0001	0.99872	0
345	N	0.02252	0.0001	0.97738	0
346	Y	0.03238	0.0001	0.96753	0
347	E	0.09138	0.0001	0.90852	0
348	N	0.09138	0.0001	0.90852	0
349	H	0.09138	0.0001	0.90852	0
350	S	0.09138	0.0001	0.90852	0
351	L	0.09138	0.0001	0.90852	0
352	I	0.09138	0.0001	0.90852	0
353	A	0.09150	0.0001	0.90840	0
354	G	0.09245	0.0001	0.90746	0
355	L	0.10018	0.0001	0.89973	0
356	T	0.24879	0.0001	0.75111	0
357	S	0.29197	0.0001	0.70794	0
358	L	0.29745	0.0001	0.70245	0
359	A	0.48412	0.0001	0.51578	0
360	T	0.84457	0.0001	0.15534	0
361	E	0.99990	0.0001	0.00000	0
362	K	0.99990	0.0001	0.00000	0
363	T	0.99990	0.0001	0.00000	0
364	Q	0.99990	0.0001	0.00000	0
365	S	0.99990	9e-05	0.00000	0
366	D	0.99990	9e-05	0.00001	0
367	S	0.99990	7e-05	0.00003	0
368	I	0.99990	7e-05	0.00003	0
369	R	0.99990	7e-05	0.00003	0
370	Y	0.99990	6e-05	0.00003	0
371	D	0.99990	6e-05	0.00004	0
372	S	0.99990	1e-05	0.00008	0
373	C	0.99990	0	0.00009	0
374	L	0.99990	0	0.00010	0
375	D	0.99990	0	0.00010	0
376	T	0.99990	0	0.00010	0
377	G	0.99990	0	0.00010	0
378	I	0.99990	0	0.00010	0
379	P	0.99990	0	0.00010	0
380	C	0.99990	0	0.00010	0
381	L	0.99990	0	0.00010	0
382	W	0.99990	0	0.00010	0
383	T	0.99990	0	0.00010	0
384	S	0.99990	0	0.00010	0
385	S	0.99991	0	0.00009	0
386	S	0.99991	0	0.00009	0
387	S	0.99992	0	0.00008	0
388	V	0.99992	0	0.00008	0
389	G	0.99992	0	0.00008	0
390	D	0.99993	0	0.00007	0
391	H	0.99993	0	0.00007	0
392	Y	0.99993	0	0.00007	0
393	R	1.00000	0	0.00000	0
394	Y	1.00000	0	0.00000	0
