# UNNAMED
#pos	aa	i	o	M	S
1	M	0.00000	0.99993	0.00000	7e-05
2	S	0.00000	0.99993	0.00000	7e-05
3	E	0.00000	0.99993	0.00000	7e-05
4	R	0.00000	0.99993	0.00000	7e-05
5	G	0.00000	0.99993	0.00000	7e-05
6	G	0.00000	0.99993	0.00000	7e-05
7	P	0.00000	0.99993	0.00000	7e-05
8	G	0.00000	0.99993	0.00000	7e-05
9	K	0.00000	0.99993	0.00000	7e-05
10	L	0.00000	0.99993	0.00000	7e-05
11	R	0.00000	0.99993	0.00000	7e-05
12	P	0.00000	0.99993	0.00000	7e-05
13	Y	0.00000	0.99993	0.00000	7e-05
14	W	0.00000	0.99993	0.00000	7e-05
15	E	0.00000	0.99993	0.00000	7e-05
16	Q	0.00000	0.99993	0.00000	7e-05
17	T	0.00000	0.99993	0.00000	7e-05
18	V	0.00000	0.99993	0.00000	7e-05
19	Y	0.00000	0.99993	0.00000	7e-05
20	V	0.00000	0.99993	0.00000	6e-05
21	V	0.00000	0.99993	0.00000	6e-05
22	K	0.00000	0.99993	0.00000	6e-05
23	Q	0.00000	0.99993	0.00000	6e-05
24	Q	0.00000	0.99999	0.00000	1e-05
25	C	0.00000	0.99999	0.00000	1e-05
26	Y	0.00000	0.99999	0.00000	1e-05
27	M	0.00000	0.99999	0.00000	1e-05
28	F	0.00000	0.99999	0.00000	1e-05
29	H	0.00000	0.99999	0.00000	1e-05
30	M	0.00000	0.99999	0.00000	1e-05
31	Y	0.00000	0.99999	0.00000	0
32	V	0.00000	0.99999	0.00000	0
33	G	0.00000	0.99999	0.00000	0
34	V	0.00000	0.99999	0.00000	1e-05
35	R	0.00000	0.99999	0.00000	1e-05
36	A	0.00000	0.99999	0.00000	1e-05
37	G	0.00000	0.99999	0.00000	0
38	G	0.00000	1	0.00000	0
39	G	0.00000	1	0.00000	0
40	I	0.00000	1	0.00000	0
41	G	0.00000	1	0.00000	0
42	D	0.00000	1	0.00000	0
43	Q	0.00000	1	0.00000	0
44	I	0.00000	1	0.00000	0
45	E	0.00000	1	0.00000	0
46	D	0.00000	1	0.00000	0
47	P	0.00000	1	0.00000	0
48	A	0.00000	1	0.00000	0
49	G	0.00000	1	0.00000	0
50	D	0.00000	1	0.00000	0
51	E	0.00000	1	0.00000	0
52	Y	0.00000	1	0.00000	0
53	E	0.00000	1	0.00000	0
54	I	0.00000	1	0.00000	0
55	Y	0.00000	1	0.00000	0
56	R	0.00000	1	0.00000	0
57	I	0.00000	1	0.00000	0
58	I	0.00000	1	0.00000	0
59	F	0.00000	1	0.00000	0
60	D	0.00000	1	0.00000	0
61	I	0.00000	1	0.00000	0
62	T	0.00000	1	0.00000	0
63	F	0.00000	1	0.00000	0
64	F	0.00000	1	0.00000	0
65	F	0.00000	1	0.00000	0
66	F	0.00000	1	0.00000	0
67	V	0.00000	1	0.00000	0
68	I	0.00000	1	0.00000	0
69	V	0.00000	1	0.00000	0
70	I	0.00000	1	0.00000	0
71	L	0.00000	1	0.00000	0
72	L	0.00000	1	0.00000	0
73	A	0.00000	1	0.00000	0
74	I	0.00000	1	0.00000	0
75	I	0.00000	1	0.00000	0
76	Q	0.00000	1	0.00000	0
77	E	0.00000	1	0.00000	0
78	R	0.00000	1	0.00000	0
79	S	0.00000	1	0.00000	0
80	K	0.00000	1	0.00000	0
81	A	0.00000	1	0.00000	0
82	L	0.00000	1	0.00000	0
83	V	0.00000	1	0.00000	0
84	K	0.00000	1	0.00000	0
85	G	0.00000	1	0.00000	0
86	G	0.00000	1	0.00000	0
87	A	0.00000	1	0.00000	0
88	G	0.00000	1	0.00000	0
89	G	0.00000	1	0.00000	0
90	F	0.00000	1	0.00000	0
91	R	0.00000	1	0.00000	0
92	H	0.00000	1	0.00000	0
93	S	0.00000	1	0.00000	0
94	P	0.00000	1	0.00000	0
95	T	0.00000	1	0.00000	0
96	E	0.00000	1	0.00000	0
97	L	0.00000	1	0.00000	0
98	Q	0.00000	1	0.00000	0
99	K	0.00000	1	0.00000	0
100	K	0.00000	1	0.00000	0
101	T	0.00000	1	0.00000	0
102	L	0.00000	1	0.00000	0
103	R	0.00000	1	0.00000	0
104	C	0.00000	1	0.00000	0
105	M	0.00000	1	0.00000	0
106	S	0.00000	1	0.00000	0
107	R	0.00000	1	0.00000	0
108	A	0.00000	1	0.00000	0
109	K	0.00000	1	0.00000	0
110	F	0.00000	1	0.00000	0
111	P	0.00000	1	0.00000	0
112	I	0.00000	1	0.00000	0
113	R	0.00000	1	0.00000	0
114	I	0.00000	1	0.00000	0
115	S	0.00000	1	0.00000	0
116	Q	0.00000	1	0.00000	0
117	C	0.00000	1	0.00000	0
118	V	0.00000	1	0.00000	0
119	M	0.00000	1	0.00000	0
120	V	0.00000	1	0.00000	0
121	K	0.00000	1	0.00000	0
122	M	0.00000	1	0.00000	0
123	N	0.00000	1	0.00000	0
124	L	0.00000	1	0.00000	0
125	T	0.00000	1	0.00000	0
126	S	0.00000	1	0.00000	0
127	S	0.00000	1	0.00000	0
128	S	0.00000	1	0.00000	0
129	D	0.00000	1	0.00000	0
130	P	0.00000	1	0.00000	0
131	V	0.00000	1	0.00000	0
132	Y	0.00000	1	0.00000	0
133	F	0.00000	1	0.00000	0
134	L	0.00000	1	0.00000	0
135	T	0.00000	1	0.00000	0
136	S	0.00000	1	0.00000	0
137	R	0.00000	1	0.00000	0
138	F	0.00000	1	0.00000	0
139	P	0.00000	1	0.00000	0
140	G	0.00000	1	0.00000	0
141	M	0.00000	1	0.00000	0
142	R	0.00000	1	0.00000	0
143	D	0.00000	1	0.00000	0
144	Q	0.00000	1	0.00000	0
145	P	0.00000	1	0.00000	0
146	D	0.00000	1	0.00000	0
147	T	0.00000	1	0.00000	0
148	I	0.00000	1	0.00000	0
149	I	0.00000	1	0.00000	0
150	K	0.00000	1	0.00000	0
151	A	0.00000	1	0.00000	0
152	D	0.00000	1	0.00000	0
153	S	0.00000	1	0.00000	0
154	A	0.00000	1	0.00000	0
155	I	0.00000	1	0.00000	0
156	L	0.00000	1	0.00000	0
157	G	0.00000	1	0.00000	0
158	G	0.00000	1	0.00000	0
159	S	0.00000	1	0.00000	0
160	Y	0.00000	1	0.00000	0
161	Q	0.00000	1	0.00000	0
162	S	0.00000	1	0.00000	0
163	M	0.00000	1	0.00000	0
164	G	0.00000	1	0.00000	0
165	N	0.00000	1	0.00000	0
166	S	0.00000	1	0.00000	0
167	A	0.00000	1	0.00000	0
168	D	0.00000	1	0.00000	0
169	N	0.00000	1	0.00000	0
170	R	0.00000	1	0.00000	0
171	T	0.00000	1	0.00000	0
172	L	0.00000	1	0.00000	0
173	M	0.00000	1	0.00000	0
174	L	0.00000	1	0.00000	0
175	P	0.00000	1	0.00000	0
176	P	0.00000	1	0.00000	0
177	D	0.00000	1	0.00000	0
178	E	0.00000	1	0.00000	0
179	F	0.00000	1	0.00000	0
180	N	0.00000	1	0.00000	0
181	P	0.00000	1	0.00000	0
182	L	0.00000	1	0.00000	0
183	G	0.00000	0.99999	0.00001	0
184	G	0.00000	0.99739	0.00261	0
185	H	0.00000	0.97597	0.02403	0
186	T	0.00000	0.91303	0.08697	0
187	I	0.00000	0.72645	0.27355	0
188	W	0.00000	0.63632	0.36368	0
189	Q	0.00000	0.57928	0.42072	0
190	V	0.00000	0.13959	0.86041	0
191	I	0.00000	0.01531	0.98469	0
192	I	0.00000	0.00288	0.99712	0
193	I	0.00000	0.00013	0.99987	0
194	V	0.00000	1e-05	0.99999	0
195	L	0.00000	0	1.00000	0
196	L	0.00000	0	1.00000	0
197	T	0.00000	0	1.00000	0
198	G	0.00000	0	1.00000	0
199	S	0.00000	0	1.00000	0
200	L	0.00000	0	1.00000	0
201	S	0.00000	0	1.00000	0
202	L	0.00000	0	1.00000	0
203	V	0.00000	0	1.00000	0
204	T	0.00000	0	1.00000	0
205	I	0.00000	0	1.00000	0
206	V	0.00000	0	1.00000	0
207	G	0.00000	0	1.00000	0
208	N	0.00000	0	1.00000	0
209	I	0.00000	0	1.00000	0
210	L	0.00008	0	0.99992	0
211	V	0.00050	0	0.99950	0
212	L	0.00263	0	0.99737	0
213	V	0.04189	0	0.95811	0
214	S	0.66124	0	0.33876	0
215	F	0.72296	0	0.27704	0
216	K	0.99169	0	0.00831	0
217	V	0.99540	0	0.00460	0
218	N	0.99988	0	0.00012	0
219	K	1.00000	0	0.00000	0
220	A	1.00000	0	0.00000	0
221	L	0.99998	0	0.00002	0
222	K	0.99994	0	0.00006	0
223	T	0.99192	0	0.00808	0
224	V	0.70607	0	0.29393	0
225	N	0.38980	0	0.61020	0
226	N	0.08510	0	0.91490	0
227	Y	0.03283	0	0.96717	0
228	Y	0.00166	0	0.99834	0
229	L	0.00025	0	0.99975	0
230	L	0.00000	0	1.00000	0
231	S	0.00000	0	1.00000	0
232	L	0.00000	0	1.00000	0
233	A	0.00000	0	1.00000	0
234	F	0.00000	0	1.00000	0
235	A	0.00000	0	1.00000	0
236	D	0.00000	0	1.00000	0
237	L	0.00000	0	1.00000	0
238	T	0.00000	0	1.00000	0
239	I	0.00000	0	1.00000	0
240	G	0.00000	0	1.00000	0
241	T	0.00000	0	1.00000	0
242	L	0.00000	0.00052	0.99948	0
243	S	0.00000	0.02731	0.97269	0
244	M	0.00000	0.06286	0.93714	0
245	N	0.00000	0.35262	0.64738	0
246	L	0.00000	0.37382	0.62618	0
247	Y	0.00000	0.4923	0.50770	0
248	T	0.00000	0.55879	0.44121	0
249	T	0.00000	0.67715	0.32285	0
250	Y	0.00000	0.70238	0.29762	0
251	I	0.00000	0.71557	0.28443	0
252	I	0.00000	0.75652	0.24348	0
253	M	0.00000	0.81751	0.18249	0
254	D	0.00000	0.99349	0.00651	0
255	Q	0.00000	0.99914	0.00086	0
256	W	0.00000	0.99977	0.00023	0
257	A	0.00000	0.99997	0.00003	0
258	L	0.00000	1	0.00000	0
259	G	0.00000	1	0.00000	0
260	P	0.00000	1	0.00000	0
261	V	0.00000	0.99998	0.00002	0
262	V	0.00000	0.99998	0.00002	0
263	C	0.00000	0.99997	0.00003	0
264	D	0.00000	0.99994	0.00006	0
265	L	0.00000	0.99949	0.00051	0
266	W	0.00000	0.94954	0.05046	0
267	L	0.00000	0.46528	0.53472	0
268	A	0.00000	0.10695	0.89305	0
269	I	0.00000	0.00327	0.99673	0
270	D	0.00000	0.00012	0.99988	0
271	Y	0.00000	1e-05	0.99999	0
272	V	0.00000	0	1.00000	0
273	A	0.00000	0	1.00000	0
274	S	0.00000	0	1.00000	0
275	N	0.00000	0	1.00000	0
276	A	0.00000	0	1.00000	0
277	S	0.00000	0	1.00000	0
278	V	0.00000	0	1.00000	0
279	M	0.00000	0	1.00000	0
280	N	0.00000	0	1.00000	0
281	L	0.00000	0	1.00000	0
282	L	0.00000	0	1.00000	0
283	V	0.00000	0	1.00000	0
284	I	0.00000	0	1.00000	0
285	S	0.00000	0	1.00000	0
286	F	0.00000	0	1.00000	0
287	D	0.00008	0	0.99992	0
288	R	0.04927	0	0.95073	0
289	Y	0.25131	0	0.74869	0
290	F	0.61601	0	0.38399	0
291	S	0.91065	0	0.08935	0
292	V	0.99997	0	0.00003	0
293	T	1.00000	0	0.00000	0
294	R	1.00000	0	0.00000	0
295	P	1.00000	0	0.00000	0
296	L	1.00000	0	0.00000	0
297	T	1.00000	0	0.00000	0
298	Y	1.00000	0	0.00000	0
299	R	1.00000	0	0.00000	0
300	A	1.00000	0	0.00000	0
301	K	1.00000	0	0.00000	0
302	R	1.00000	0	0.00000	0
303	T	0.99999	0	0.00001	0
304	T	0.99991	0	0.00009	0
305	K	0.99971	0	0.00029	0
306	R	0.97990	0	0.02010	0
307	A	0.22105	0	0.77895	0
308	M	0.11875	0	0.88125	0
309	T	0.06043	0	0.93957	0
310	M	0.01609	0	0.98391	0
311	I	0.00017	0	0.99983	0
312	G	0.00006	0	0.99994	0
313	L	0.00000	0	1.00000	0
314	A	0.00000	0	1.00000	0
315	W	0.00000	0	1.00000	0
316	S	0.00000	0	1.00000	0
317	I	0.00000	0	1.00000	0
318	S	0.00000	0	1.00000	0
319	F	0.00000	0	1.00000	0
320	I	0.00000	0	1.00000	0
321	L	0.00000	0	1.00000	0
322	W	0.00000	0	1.00000	0
323	A	0.00000	0	1.00000	0
324	P	0.00000	1e-05	0.99999	0
325	A	0.00000	2e-05	0.99998	0
326	I	0.00000	0.00044	0.99956	0
327	L	0.00000	0.01117	0.98883	0
328	F	0.00000	0.12528	0.87472	0
329	W	0.00000	0.47329	0.52671	0
330	Q	0.00000	0.93609	0.06391	0
331	Y	0.00000	0.95857	0.04143	0
332	I	0.00000	0.97171	0.02829	0
333	V	0.00000	0.98867	0.01133	0
334	G	0.00000	0.99939	0.00061	0
335	E	0.00000	1	0.00000	0
336	R	0.00000	1	0.00000	0
337	T	0.00000	1	0.00000	0
338	V	0.00000	1	0.00000	0
339	Q	0.00000	1	0.00000	0
340	P	0.00000	1	0.00000	0
341	N	0.00000	1	0.00000	0
342	E	0.00000	1	0.00000	0
343	C	0.00000	1	0.00000	0
344	Y	0.00000	0.99975	0.00025	0
345	I	0.00000	0.97067	0.02933	0
346	Q	0.00000	0.96413	0.03587	0
347	F	0.00000	0.9625	0.03750	0
348	L	0.00000	0.96147	0.03853	0
349	S	0.00000	0.95915	0.04085	0
350	E	0.00000	0.95648	0.04352	0
351	P	0.00000	0.29097	0.70903	0
352	I	0.00000	0.08401	0.91599	0
353	I	0.00000	0.03109	0.96891	0
354	T	0.00000	0.02513	0.97487	0
355	F	0.00000	0.00497	0.99503	0
356	C	0.00000	0.00292	0.99708	0
357	T	0.00000	0.00147	0.99853	0
358	A	0.00000	1e-05	0.99999	0
359	I	0.00000	0	1.00000	0
360	A	0.00000	0	1.00000	0
361	A	0.00000	0	1.00000	0
362	F	0.00000	0	1.00000	0
363	Y	0.00000	0	1.00000	0
364	L	0.00000	0	1.00000	0
365	P	0.00000	0	1.00000	0
366	V	0.00000	0	1.00000	0
367	T	0.00001	0	0.99999	0
368	I	0.00002	0	0.99998	0
369	M	0.00004	0	0.99996	0
370	A	0.00006	0	0.99994	0
371	I	0.00033	0	0.99967	0
372	L	0.00105	0	0.99895	0
373	F	0.00399	0	0.99601	0
374	W	0.02412	0	0.97588	0
375	K	0.48101	0	0.51899	0
376	I	0.50405	0	0.49595	0
377	Y	0.59344	0	0.40656	0
378	Q	0.99327	0	0.00673	0
379	E	0.99975	0	0.00025	0
380	T	0.99998	0	0.00002	0
381	E	1.00000	0	0.00000	0
382	K	1.00000	0	0.00000	0
383	R	1.00000	0	0.00000	0
384	A	1.00000	0	0.00000	0
385	K	1.00000	0	0.00000	0
386	D	1.00000	0	0.00000	0
387	V	1.00000	0	0.00000	0
388	Q	1.00000	0	0.00000	0
389	G	1.00000	0	0.00000	0
390	L	1.00000	0	0.00000	0
391	K	1.00000	0	0.00000	0
392	G	1.00000	0	0.00000	0
393	S	1.00000	0	0.00000	0
394	G	1.00000	0	0.00000	0
395	S	1.00000	0	0.00000	0
396	G	1.00000	0	0.00000	0
397	N	1.00000	0	0.00000	0
398	N	1.00000	0	0.00000	0
399	P	1.00000	0	0.00000	0
400	N	1.00000	0	0.00000	0
401	Q	1.00000	0	0.00000	0
402	A	1.00000	0	0.00000	0
403	P	1.00000	0	0.00000	0
404	H	1.00000	0	0.00000	0
405	E	1.00000	0	0.00000	0
406	R	1.00000	0	0.00000	0
407	G	1.00000	0	0.00000	0
408	S	1.00000	0	0.00000	0
409	S	1.00000	0	0.00000	0
410	G	1.00000	0	0.00000	0
411	K	1.00000	0	0.00000	0
412	K	1.00000	0	0.00000	0
413	G	1.00000	0	0.00000	0
414	G	1.00000	0	0.00000	0
415	E	1.00000	0	0.00000	0
416	S	1.00000	0	0.00000	0
417	T	1.00000	0	0.00000	0
418	P	1.00000	0	0.00000	0
419	N	1.00000	0	0.00000	0
420	N	1.00000	0	0.00000	0
421	Q	1.00000	0	0.00000	0
422	N	1.00000	0	0.00000	0
423	I	1.00000	0	0.00000	0
424	S	1.00000	0	0.00000	0
425	A	1.00000	0	0.00000	0
426	A	1.00000	0	0.00000	0
427	M	1.00000	0	0.00000	0
428	L	1.00000	0	0.00000	0
429	H	1.00000	0	0.00000	0
430	Q	1.00000	0	0.00000	0
431	V	1.00000	0	0.00000	0
432	R	1.00000	0	0.00000	0
433	S	1.00000	0	0.00000	0
434	Q	1.00000	0	0.00000	0
435	N	1.00000	0	0.00000	0
436	Y	1.00000	0	0.00000	0
437	S	1.00000	0	0.00000	0
438	S	1.00000	0	0.00000	0
439	Y	1.00000	0	0.00000	0
440	G	1.00000	0	0.00000	0
441	L	1.00000	0	0.00000	0
442	N	1.00000	0	0.00000	0
443	H	1.00000	0	0.00000	0
444	L	1.00000	0	0.00000	0
445	S	1.00000	0	0.00000	0
446	S	1.00000	0	0.00000	0
447	E	1.00000	0	0.00000	0
448	K	1.00000	0	0.00000	0
449	N	1.00000	0	0.00000	0
450	N	1.00000	0	0.00000	0
451	A	1.00000	0	0.00000	0
452	S	1.00000	0	0.00000	0
453	L	1.00000	0	0.00000	0
454	P	1.00000	0	0.00000	0
455	G	1.00000	0	0.00000	0
456	G	1.00000	0	0.00000	0
457	V	1.00000	0	0.00000	0
458	E	1.00000	0	0.00000	0
459	S	1.00000	0	0.00000	0
460	R	1.00000	0	0.00000	0
461	G	1.00000	0	0.00000	0
462	K	1.00000	0	0.00000	0
463	C	1.00000	0	0.00000	0
464	N	1.00000	0	0.00000	0
465	M	1.00000	0	0.00000	0
466	F	1.00000	0	0.00000	0
467	C	1.00000	0	0.00000	0
468	F	1.00000	0	0.00000	0
469	E	1.00000	0	0.00000	0
470	I	1.00000	0	0.00000	0
471	S	1.00000	0	0.00000	0
472	S	1.00000	0	0.00000	0
473	L	1.00000	0	0.00000	0
474	L	1.00000	0	0.00000	0
475	P	1.00000	0	0.00000	0
476	V	1.00000	0	0.00000	0
477	H	1.00000	0	0.00000	0
478	H	1.00000	0	0.00000	0
479	A	1.00000	0	0.00000	0
480	S	1.00000	0	0.00000	0
481	K	1.00000	0	0.00000	0
482	R	1.00000	0	0.00000	0
483	L	1.00000	0	0.00000	0
484	N	1.00000	0	0.00000	0
485	A	1.00000	0	0.00000	0
486	T	1.00000	0	0.00000	0
487	S	1.00000	0	0.00000	0
488	P	1.00000	0	0.00000	0
489	P	1.00000	0	0.00000	0
490	A	1.00000	0	0.00000	0
491	E	1.00000	0	0.00000	0
492	Q	1.00000	0	0.00000	0
493	S	1.00000	0	0.00000	0
494	S	1.00000	0	0.00000	0
495	C	1.00000	0	0.00000	0
496	D	1.00000	0	0.00000	0
497	S	1.00000	0	0.00000	0
498	F	1.00000	0	0.00000	0
499	N	1.00000	0	0.00000	0
500	N	1.00000	0	0.00000	0
501	N	1.00000	0	0.00000	0
502	E	1.00000	0	0.00000	0
503	A	1.00000	0	0.00000	0
504	W	1.00000	0	0.00000	0
505	D	1.00000	0	0.00000	0
506	S	1.00000	0	0.00000	0
507	E	1.00000	0	0.00000	0
508	D	1.00000	0	0.00000	0
509	Q	1.00000	0	0.00000	0
510	S	1.00000	0	0.00000	0
511	G	1.00000	0	0.00000	0
512	S	1.00000	0	0.00000	0
513	E	1.00000	0	0.00000	0
514	A	1.00000	0	0.00000	0
515	E	1.00000	0	0.00000	0
516	V	1.00000	0	0.00000	0
517	D	1.00000	0	0.00000	0
518	A	1.00000	0	0.00000	0
519	R	1.00000	0	0.00000	0
520	S	1.00000	0	0.00000	0
521	S	1.00000	0	0.00000	0
522	K	1.00000	0	0.00000	0
523	D	1.00000	0	0.00000	0
524	G	1.00000	0	0.00000	0
525	K	1.00000	0	0.00000	0
526	K	1.00000	0	0.00000	0
527	S	1.00000	0	0.00000	0
528	R	1.00000	0	0.00000	0
529	K	1.00000	0	0.00000	0
530	G	1.00000	0	0.00000	0
531	K	1.00000	0	0.00000	0
532	E	1.00000	0	0.00000	0
533	N	1.00000	0	0.00000	0
534	K	1.00000	0	0.00000	0
535	E	1.00000	0	0.00000	0
536	K	1.00000	0	0.00000	0
537	Y	1.00000	0	0.00000	0
538	P	1.00000	0	0.00000	0
539	L	1.00000	0	0.00000	0
540	S	1.00000	0	0.00000	0
541	T	1.00000	0	0.00000	0
542	N	1.00000	0	0.00000	0
543	I	1.00000	0	0.00000	0
544	S	1.00000	0	0.00000	0
545	P	1.00000	0	0.00000	0
546	R	1.00000	0	0.00000	0
547	G	1.00000	0	0.00000	0
548	S	1.00000	0	0.00000	0
549	N	1.00000	0	0.00000	0
550	A	1.00000	0	0.00000	0
551	A	1.00000	0	0.00000	0
552	T	1.00000	0	0.00000	0
553	S	1.00000	0	0.00000	0
554	C	1.00000	0	0.00000	0
555	S	1.00000	0	0.00000	0
556	A	1.00000	0	0.00000	0
557	D	1.00000	0	0.00000	0
558	L	1.00000	0	0.00000	0
559	S	1.00000	0	0.00000	0
560	P	1.00000	0	0.00000	0
561	T	1.00000	0	0.00000	0
562	A	1.00000	0	0.00000	0
563	I	1.00000	0	0.00000	0
564	T	1.00000	0	0.00000	0
565	M	1.00000	0	0.00000	0
566	K	1.00000	0	0.00000	0
567	D	1.00000	0	0.00000	0
568	A	1.00000	0	0.00000	0
569	A	1.00000	0	0.00000	0
570	V	1.00000	0	0.00000	0
571	A	1.00000	0	0.00000	0
572	K	1.00000	0	0.00000	0
573	R	1.00000	0	0.00000	0
574	F	1.00000	0	0.00000	0
575	A	1.00000	0	0.00000	0
576	S	1.00000	0	0.00000	0
577	K	1.00000	0	0.00000	0
578	A	1.00000	0	0.00000	0
579	K	1.00000	0	0.00000	0
580	T	1.00000	0	0.00000	0
581	E	1.00000	0	0.00000	0
582	I	1.00000	0	0.00000	0
583	S	1.00000	0	0.00000	0
584	K	1.00000	0	0.00000	0
585	R	1.00000	0	0.00000	0
586	K	1.00000	0	0.00000	0
587	N	1.00000	0	0.00000	0
588	E	1.00000	0	0.00000	0
589	K	1.00000	0	0.00000	0
590	K	1.00000	0	0.00000	0
591	A	1.00000	0	0.00000	0
592	N	1.00000	0	0.00000	0
593	E	1.00000	0	0.00000	0
594	K	0.96608	0	0.03392	0
595	K	0.96436	0	0.03564	0
596	A	0.09871	0	0.90129	0
597	A	0.03783	0	0.96217	0
598	R	0.03300	0	0.96700	0
599	T	0.02740	0	0.97260	0
600	L	0.00997	0	0.99003	0
601	S	0.00265	0	0.99735	0
602	A	0.00048	0	0.99952	0
603	I	0.00028	0	0.99972	0
604	L	0.00001	0	0.99999	0
605	F	0.00000	0	1.00000	0
606	A	0.00000	0	1.00000	0
607	F	0.00000	0	1.00000	0
608	I	0.00000	0	1.00000	0
609	T	0.00000	0	1.00000	0
610	T	0.00000	0	1.00000	0
611	W	0.00000	0	1.00000	0
612	L	0.00000	0	1.00000	0
613	P	0.00000	1e-05	0.99999	0
614	Y	0.00000	3e-05	0.99997	0
615	N	0.00000	0.00022	0.99978	0
616	I	0.00000	0.00034	0.99966	0
617	M	0.00000	0.00179	0.99821	0
618	V	0.00000	0.02031	0.97969	0
619	L	0.00000	0.17684	0.82316	0
620	V	0.00000	0.40707	0.59293	0
621	N	0.00000	0.88377	0.11623	0
622	T	0.00000	0.93645	0.06355	0
623	F	0.00000	0.94906	0.05094	0
624	C	0.00000	0.99622	0.00378	0
625	Q	0.00000	0.99957	0.00043	0
626	D	0.00000	1	0.00000	0
627	C	0.00000	1	0.00000	0
628	I	0.00000	0.99998	0.00002	0
629	P	0.00000	0.99835	0.00165	0
630	E	0.00000	0.97896	0.02104	0
631	T	0.00000	0.78579	0.21421	0
632	L	0.00000	0.74395	0.25605	0
633	W	0.00000	0.73072	0.26928	0
634	A	0.00000	0.27271	0.72729	0
635	L	0.00000	0.01245	0.98755	0
636	G	0.00000	0.00809	0.99191	0
637	Y	0.00000	0.00044	0.99956	0
638	W	0.00000	0	1.00000	0
639	L	0.00000	0	1.00000	0
640	C	0.00000	0	1.00000	0
641	Y	0.00000	0	1.00000	0
642	V	0.00000	0	1.00000	0
643	N	0.00000	0	1.00000	0
644	S	0.00000	0	1.00000	0
645	T	0.00000	0	1.00000	0
646	V	0.00000	0	1.00000	0
647	N	0.00000	0	1.00000	0
648	P	0.00000	0	1.00000	0
649	M	0.00000	0	1.00000	0
650	C	0.00008	0	0.99992	0
651	Y	0.00087	0	0.99913	0
652	A	0.00483	0	0.99517	0
653	L	0.01445	0	0.98555	0
654	C	0.25501	0	0.74499	0
655	N	0.41894	0	0.58106	0
656	K	1.00000	0	0.00000	0
657	T	1.00000	0	0.00000	0
658	F	1.00000	0	0.00000	0
659	R	1.00000	0	0.00000	0
660	T	1.00000	0	0.00000	0
661	T	1.00000	0	0.00000	0
662	F	1.00000	0	0.00000	0
663	R	1.00000	0	0.00000	0
664	D	1.00000	0	0.00000	0
665	I	1.00000	0	0.00000	0
666	L	1.00000	0	0.00000	0
667	M	1.00000	0	0.00000	0
668	C	1.00000	0	0.00000	0
669	Q	1.00000	0	0.00000	0
670	W	1.00000	0	0.00000	0
671	N	1.00000	0	0.00000	0
672	Q	1.00000	0	0.00000	0
673	R	1.00000	0	0.00000	0
674	K	1.00000	0	0.00000	0
675	N	1.00000	0	0.00000	0
676	K	1.00000	0	0.00000	0
677	P	1.00000	0	0.00000	0
678	H	1.00000	0	0.00000	0
679	F	1.00000	0	0.00000	0
680	Y	1.00000	0	0.00000	0
681	Q	1.00000	0	0.00000	0
682	R	1.00000	0	0.00000	0
683	Q	1.00000	0	0.00000	0
684	A	1.00000	0	0.00000	0
685	V	1.00000	0	0.00000	0
686	A	1.00000	0	0.00000	0
687	F	1.00000	0	0.00000	0
688	H	1.00000	0	0.00000	0
689	K	1.00000	0	0.00000	0
690	K	1.00000	0	0.00000	0
691	D	1.00000	0	0.00000	0
692	P	1.00000	0	0.00000	0
693	M	1.00000	0	0.00000	0
