# UNNAMED
#pos	aa	i	o	M	S
1	M	0.00000	1	0.00000	0
2	E	0.00000	1	0.00000	0
3	E	0.00000	1	0.00000	0
4	L	0.00000	1	0.00000	0
5	D	0.00000	1	0.00000	0
6	V	0.00000	1	0.00000	0
7	N	0.00000	1	0.00000	0
8	V	0.00000	1	0.00000	0
9	S	0.00000	1	0.00000	0
10	S	0.00000	1	0.00000	0
11	T	0.00000	1	0.00000	0
12	E	0.00000	1	0.00000	0
13	G	0.00000	1	0.00000	0
14	F	0.00000	0.99999	0.00001	0
15	G	0.00000	0.99998	0.00002	0
16	V	0.00000	0.99983	0.00017	0
17	A	0.00000	0.99975	0.00025	0
18	E	0.00000	0.99966	0.00034	0
19	K	0.00000	0.99654	0.00346	0
20	I	0.00000	0.6017	0.39830	0
21	A	0.00000	0.4582	0.54180	0
22	L	0.00000	0.14588	0.85412	0
23	L	0.00000	0.06314	0.93686	0
24	T	0.00000	0.02722	0.97278	0
25	F	0.00000	0.00532	0.99468	0
26	I	0.00000	0.00014	0.99986	0
27	S	0.00000	2e-05	0.99998	0
28	A	0.00000	0	1.00000	0
29	V	0.00000	0	1.00000	0
30	I	0.00000	0	1.00000	0
31	L	0.00000	0	1.00000	0
32	M	0.00000	0	1.00000	0
33	A	0.00000	0	1.00000	0
34	I	0.00000	0	1.00000	0
35	L	0.00000	0	1.00000	0
36	G	0.00000	0	1.00000	0
37	N	0.00000	0	1.00000	0
38	L	0.00000	0	1.00000	0
39	L	0.00000	0	1.00000	0
40	V	0.00000	0	1.00000	0
41	M	0.00005	0	0.99995	0
42	V	0.00071	0	0.99929	0
43	A	0.02795	0	0.97205	0
44	V	0.10583	0	0.89417	0
45	C	0.43229	0	0.56771	0
46	R	0.99002	0	0.00998	0
47	D	0.99994	0	0.00006	0
48	R	1.00000	0	0.00000	0
49	Q	1.00000	0	0.00000	0
50	L	1.00000	0	0.00000	0
51	R	1.00000	0	0.00000	0
52	K	0.99999	0	0.00001	0
53	I	0.99698	0	0.00302	0
54	K	0.99609	0	0.00391	0
55	T	0.87219	0	0.12781	0
56	N	0.15877	0	0.84123	0
57	Y	0.04523	0	0.95477	0
58	F	0.00035	0	0.99965	0
59	I	0.00001	0	0.99999	0
60	V	0.00000	0	1.00000	0
61	S	0.00000	0	1.00000	0
62	L	0.00000	0	1.00000	0
63	A	0.00000	0	1.00000	0
64	F	0.00000	0	1.00000	0
65	A	0.00000	0	1.00000	0
66	D	0.00000	0	1.00000	0
67	L	0.00000	0	1.00000	0
68	L	0.00000	0	1.00000	0
69	V	0.00000	0	1.00000	0
70	S	0.00000	0	1.00000	0
71	V	0.00000	0	1.00000	0
72	L	0.00000	0	1.00000	0
73	V	0.00000	0	1.00000	0
74	M	0.00000	6e-05	0.99994	0
75	P	0.00000	0.00112	0.99888	0
76	F	0.00000	0.02751	0.97249	0
77	G	0.00000	0.16331	0.83669	0
78	A	0.00000	0.3816	0.61840	0
79	I	0.00000	0.58771	0.41229	0
80	E	0.00000	0.99993	0.00007	0
81	L	0.00000	0.99995	0.00005	0
82	V	0.00000	0.99997	0.00003	0
83	Q	0.00000	0.99999	0.00001	0
84	D	0.00000	1	0.00000	0
85	K	0.00000	1	0.00000	0
86	W	0.00000	1	0.00000	0
87	I	0.00000	1	0.00000	0
88	Y	0.00000	1	0.00000	0
89	G	0.00000	1	0.00000	0
90	E	0.00000	1	0.00000	0
91	M	0.00000	1	0.00000	0
92	F	0.00000	0.99967	0.00033	0
93	C	0.00000	0.9996	0.00040	0
94	L	0.00000	0.99914	0.00086	0
95	V	0.00000	0.99887	0.00113	0
96	R	0.00000	0.96641	0.03359	0
97	T	0.00000	0.8451	0.15490	0
98	S	0.00000	0.58119	0.41881	0
99	L	0.00000	0.03902	0.96098	0
100	D	0.00000	0.01035	0.98965	0
101	V	0.00000	0.00016	0.99984	0
102	L	0.00000	0	1.00000	0
103	L	0.00000	0	1.00000	0
104	T	0.00000	0	1.00000	0
105	T	0.00000	0	1.00000	0
106	A	0.00000	0	1.00000	0
107	S	0.00000	0	1.00000	0
108	I	0.00000	0	1.00000	0
109	L	0.00000	0	1.00000	0
110	H	0.00000	0	1.00000	0
111	L	0.00000	0	1.00000	0
112	C	0.00000	0	1.00000	0
113	C	0.00000	0	1.00000	0
114	I	0.00000	0	1.00000	0
115	S	0.00000	0	1.00000	0
116	L	0.00000	0	1.00000	0
117	D	0.00000	0	1.00000	0
118	R	0.00042	0	0.99958	0
119	Y	0.03448	0	0.96552	0
120	Y	0.25731	0	0.74269	0
121	A	0.96347	0	0.03653	0
122	I	0.99997	0	0.00003	0
123	C	1.00000	0	0.00000	0
124	C	1.00000	0	0.00000	0
125	Q	1.00000	0	0.00000	0
126	P	1.00000	0	0.00000	0
127	L	1.00000	0	0.00000	0
128	V	1.00000	0	0.00000	0
129	Y	1.00000	0	0.00000	0
130	R	1.00000	0	0.00000	0
131	N	1.00000	0	0.00000	0
132	K	1.00000	0	0.00000	0
133	M	0.99995	0	0.00005	0
134	T	0.99910	0	0.00090	0
135	P	0.99562	0	0.00438	0
136	L	0.89178	0	0.10822	0
137	R	0.83890	0	0.16110	0
138	I	0.01556	0	0.98444	0
139	S	0.00372	0	0.99628	0
140	L	0.00041	0	0.99959	0
141	M	0.00013	0	0.99987	0
142	L	0.00000	0	1.00000	0
143	G	0.00000	0	1.00000	0
144	G	0.00000	0	1.00000	0
145	C	0.00000	0	1.00000	0
146	W	0.00000	0	1.00000	0
147	T	0.00000	0	1.00000	0
148	I	0.00000	0	1.00000	0
149	P	0.00000	0	1.00000	0
150	T	0.00000	0	1.00000	0
151	F	0.00000	0	1.00000	0
152	I	0.00000	0	1.00000	0
153	S	0.00000	0	1.00000	0
154	F	0.00000	1e-05	0.99999	0
155	L	0.00000	0.00027	0.99973	0
156	P	0.00000	0.00704	0.99296	0
157	I	0.00000	0.01263	0.98737	0
158	M	0.00000	0.06468	0.93532	0
159	Q	0.00000	0.85562	0.14438	0
160	G	0.00000	0.96773	0.03227	0
161	W	0.00000	0.985	0.01500	0
162	N	0.00000	0.9994	0.00060	0
163	S	0.00000	0.99994	0.00006	0
164	I	0.00000	0.99998	0.00002	0
165	G	0.00000	1	0.00000	0
166	I	0.00000	1	0.00000	0
167	L	0.00000	1	0.00000	0
168	D	0.00000	1	0.00000	0
169	L	0.00000	1	0.00000	0
170	I	0.00000	1	0.00000	0
171	Q	0.00000	1	0.00000	0
172	Q	0.00000	1	0.00000	0
173	R	0.00000	1	0.00000	0
174	Q	0.00000	1	0.00000	0
175	F	0.00000	1	0.00000	0
176	N	0.00000	1	0.00000	0
177	K	0.00000	1	0.00000	0
178	T	0.00000	1	0.00000	0
179	S	0.00000	1	0.00000	0
180	N	0.00000	1	0.00000	0
181	S	0.00000	1	0.00000	0
182	T	0.00000	1	0.00000	0
183	Y	0.00000	0.99999	0.00001	0
184	C	0.00000	0.9998	0.00020	0
185	I	0.00000	0.79095	0.20905	0
186	F	0.00000	0.78151	0.21849	0
187	M	0.00000	0.78098	0.21902	0
188	V	0.00000	0.7808	0.21920	0
189	N	0.00000	0.78076	0.21924	0
190	K	0.00000	0.77876	0.22124	0
191	P	0.00000	0.4934	0.50660	0
192	Y	0.00000	0.07326	0.92674	0
193	A	0.00000	0.02058	0.97942	0
194	I	0.00000	0.00703	0.99297	0
195	T	0.00000	0.00562	0.99438	0
196	C	0.00000	0.00523	0.99477	0
197	S	0.00000	0.00031	0.99969	0
198	V	0.00000	0.00011	0.99989	0
199	V	0.00000	0	1.00000	0
200	A	0.00000	0	1.00000	0
201	F	0.00000	0	1.00000	0
202	Y	0.00000	0	1.00000	0
203	I	0.00000	0	1.00000	0
204	P	0.00000	0	1.00000	0
205	F	0.00000	0	1.00000	0
206	L	0.00000	0	1.00000	0
207	L	0.00003	0	0.99997	0
208	M	0.00013	0	0.99987	0
209	V	0.00029	0	0.99971	0
210	L	0.01045	0	0.98955	0
211	A	0.04460	0	0.95540	0
212	Y	0.06141	0	0.93859	0
213	Y	0.10784	0	0.89216	0
214	R	0.29052	0	0.70948	0
215	I	0.30036	0	0.69964	0
216	Y	0.36284	0	0.63716	0
217	I	0.72113	0	0.27887	0
218	T	0.98842	0	0.01158	0
219	A	0.99980	0	0.00020	0
220	R	0.99998	0	0.00002	0
221	E	1.00000	0	0.00000	0
222	H	1.00000	0	0.00000	0
223	A	1.00000	0	0.00000	0
224	H	1.00000	0	0.00000	0
225	Q	1.00000	0	0.00000	0
226	I	1.00000	0	0.00000	0
227	Q	1.00000	0	0.00000	0
228	I	1.00000	0	0.00000	0
229	L	1.00000	0	0.00000	0
230	Q	1.00000	0	0.00000	0
231	R	1.00000	0	0.00000	0
232	A	1.00000	0	0.00000	0
233	G	1.00000	0	0.00000	0
234	A	1.00000	0	0.00000	0
235	P	1.00000	0	0.00000	0
236	T	1.00000	0	0.00000	0
237	E	1.00000	0	0.00000	0
238	G	1.00000	0	0.00000	0
239	R	1.00000	0	0.00000	0
240	Q	1.00000	0	0.00000	0
241	H	1.00000	0	0.00000	0
242	H	1.00000	0	0.00000	0
243	P	1.00000	0	0.00000	0
244	D	1.00000	0	0.00000	0
245	Q	1.00000	0	0.00000	0
246	H	1.00000	0	0.00000	0
247	S	1.00000	0	0.00000	0
248	S	1.00000	0	0.00000	0
249	H	1.00000	0	0.00000	0
250	R	1.00000	0	0.00000	0
251	M	1.00000	0	0.00000	0
252	K	1.00000	0	0.00000	0
253	T	1.00000	0	0.00000	0
254	E	1.00000	0	0.00000	0
255	T	0.85635	0	0.14365	0
256	K	0.85331	0	0.14669	0
257	A	0.36662	0	0.63338	0
258	A	0.36334	0	0.63666	0
259	K	0.36129	0	0.63871	0
260	T	0.25729	0	0.74271	0
261	L	0.00196	0	0.99804	0
262	C	0.00002	0	0.99998	0
263	I	0.00001	0	0.99999	0
264	I	0.00000	0	1.00000	0
265	M	0.00000	0	1.00000	0
266	G	0.00000	0	1.00000	0
267	C	0.00000	0	1.00000	0
268	F	0.00000	0	1.00000	0
269	C	0.00000	0	1.00000	0
270	L	0.00000	0	1.00000	0
271	C	0.00000	0	1.00000	0
272	W	0.00000	0	1.00000	0
273	A	0.00000	0	1.00000	0
274	P	0.00000	0	1.00000	0
275	F	0.00000	0	1.00000	0
276	F	0.00000	0.00012	0.99988	0
277	I	0.00000	0.01671	0.98329	0
278	T	0.00000	0.16824	0.83176	0
279	N	0.00000	0.27711	0.72289	0
280	V	0.00000	0.32055	0.67945	0
281	V	0.00000	0.45978	0.54022	0
282	D	0.00000	0.97009	0.02991	0
283	P	0.00000	0.97226	0.02774	0
284	F	0.00000	0.9732	0.02680	0
285	I	0.00000	0.9773	0.02270	0
286	N	0.00000	0.99135	0.00865	0
287	Y	0.00000	0.9928	0.00720	0
288	T	0.00000	0.99594	0.00406	0
289	V	0.00000	0.99782	0.00218	0
290	P	0.00000	0.99967	0.00033	0
291	G	0.00000	0.99871	0.00129	0
292	Q	0.00000	0.9811	0.01890	0
293	L	0.00000	0.90295	0.09705	0
294	W	0.00000	0.87867	0.12133	0
295	T	0.00000	0.34279	0.65721	0
296	A	0.00000	0.00328	0.99672	0
297	F	0.00000	8e-05	0.99992	0
298	L	0.00000	0	1.00000	0
299	W	0.00000	0	1.00000	0
300	L	0.00000	0	1.00000	0
301	G	0.00000	0	1.00000	0
302	Y	0.00000	0	1.00000	0
303	I	0.00000	0	1.00000	0
304	N	0.00000	0	1.00000	0
305	S	0.00000	0	1.00000	0
306	G	0.00000	0	1.00000	0
307	L	0.00000	0	1.00000	0
308	N	0.00000	0	1.00000	0
309	P	0.00000	0	1.00000	0
310	F	0.00000	0	1.00000	0
311	L	0.00000	0	1.00000	0
312	Y	0.00001	0	0.99999	0
313	A	0.00015	0	0.99985	0
314	F	0.00260	0	0.99740	0
315	L	0.38607	0	0.61393	0
316	N	0.89589	0	0.10411	0
317	K	1.00000	0	0.00000	0
318	S	1.00000	0	0.00000	0
319	F	1.00000	0	0.00000	0
320	R	1.00000	0	0.00000	0
321	R	1.00000	0	0.00000	0
322	A	1.00000	0	0.00000	0
323	F	1.00000	0	0.00000	0
324	L	1.00000	0	0.00000	0
325	I	1.00000	0	0.00000	0
326	I	1.00000	0	0.00000	0
327	L	1.00000	0	0.00000	0
328	C	1.00000	0	0.00000	0
329	C	1.00000	0	0.00000	0
330	G	1.00000	0	0.00000	0
331	D	1.00000	0	0.00000	0
332	E	1.00000	0	0.00000	0
333	R	1.00000	0	0.00000	0
334	Y	1.00000	0	0.00000	0
335	R	1.00000	0	0.00000	0
336	R	1.00000	0	0.00000	0
337	P	1.00000	0	0.00000	0
338	S	1.00000	0	0.00000	0
339	I	1.00000	0	0.00000	0
340	L	1.00000	0	0.00000	0
341	G	1.00000	0	0.00000	0
342	Q	1.00000	0	0.00000	0
343	T	1.00000	0	0.00000	0
344	V	1.00000	0	0.00000	0
345	P	1.00000	0	0.00000	0
346	C	1.00000	0	0.00000	0
347	S	1.00000	0	0.00000	0
348	T	1.00000	0	0.00000	0
349	T	1.00000	0	0.00000	0
350	T	1.00000	0	0.00000	0
351	I	1.00000	0	0.00000	0
352	N	1.00000	0	0.00000	0
353	G	1.00000	0	0.00000	0
354	S	1.00000	0	0.00000	0
355	T	1.00000	0	0.00000	0
356	H	1.00000	0	0.00000	0
357	V	1.00000	0	0.00000	0
358	L	1.00000	0	0.00000	0
359	R	1.00000	0	0.00000	0
360	Y	1.00000	0	0.00000	0
361	T	1.00000	0	0.00000	0
362	V	1.00000	0	0.00000	0
363	L	1.00000	0	0.00000	0
364	H	1.00000	0	0.00000	0
365	N	1.00000	0	0.00000	0
366	G	1.00000	0	0.00000	0
367	H	1.00000	0	0.00000	0
368	H	1.00000	0	0.00000	0
369	Q	1.00000	0	0.00000	0
370	E	1.00000	0	0.00000	0
371	H	1.00000	0	0.00000	0
372	D	1.00000	0	0.00000	0
373	K	1.00000	0	0.00000	0
374	L	1.00000	0	0.00000	0
375	P	1.00000	0	0.00000	0
376	I	1.00000	0	0.00000	0
377	H	1.00000	0	0.00000	0
378	N	1.00000	0	0.00000	0
379	D	1.00000	0	0.00000	0
380	P	1.00000	0	0.00000	0
381	E	1.00000	0	0.00000	0
382	S	1.00000	0	0.00000	0
383	Q	1.00000	0	0.00000	0
384	E	1.00000	0	0.00000	0
385	S	1.00000	0	0.00000	0
386	C	1.00000	0	0.00000	0
387	F	1.00000	0	0.00000	0
