# UNNAMED
#pos	aa	i	o	M	S
1	M	0.00000	0.99998	0.00000	2e-05
2	N	0.00000	0.99998	0.00000	2e-05
3	N	0.00000	0.99998	0.00000	2e-05
4	K	0.00000	0.99998	0.00000	2e-05
5	S	0.00000	0.99998	0.00000	2e-05
6	Y	0.00000	0.99998	0.00000	2e-05
7	T	0.00000	0.99998	0.00000	2e-05
8	F	0.00000	0.99998	0.00000	2e-05
9	T	0.00000	0.99998	0.00000	2e-05
10	T	0.00000	0.99998	0.00000	2e-05
11	F	0.00000	0.99998	0.00000	2e-05
12	G	0.00000	0.99998	0.00000	2e-05
13	K	0.00000	0.99998	0.00000	1e-05
14	E	0.00000	0.99998	0.00000	1e-05
15	E	0.00000	0.99998	0.00000	2e-05
16	Y	0.00000	0.99998	0.00000	2e-05
17	S	0.00000	0.99998	0.00000	2e-05
18	P	0.00000	0.99998	0.00000	2e-05
19	Y	0.00000	0.99998	0.00000	2e-05
20	I	0.00000	0.99998	0.00000	2e-05
21	D	0.00000	0.99998	0.00000	2e-05
22	Q	0.00000	0.99998	0.00000	2e-05
23	Q	0.00000	1	0.00000	0
24	H	0.00000	1	0.00000	0
25	H	0.00000	1	0.00000	0
26	E	0.00000	1	0.00000	0
27	Q	0.00000	1	0.00000	0
28	Q	0.00000	1	0.00000	0
29	L	0.00000	1	0.00000	0
30	P	0.00000	1	0.00000	0
31	S	0.00000	1	0.00000	0
32	V	0.00000	1	0.00000	0
33	A	0.00000	1	0.00000	0
34	A	0.00000	1	0.00000	0
35	V	0.00000	1	0.00000	0
36	Q	0.00000	1	0.00000	0
37	L	0.00000	1	0.00000	0
38	C	0.00000	1	0.00000	0
39	Y	0.00000	1	0.00000	0
40	E	0.00000	1	0.00000	0
41	H	0.00000	1	0.00000	0
42	L	0.00000	1	0.00000	0
43	N	0.00000	1	0.00000	0
44	G	0.00000	1	0.00000	0
45	S	0.00000	1	0.00000	0
46	C	0.00000	1	0.00000	0
47	V	0.00000	1	0.00000	0
48	K	0.00000	1	0.00000	0
49	T	0.00000	1	0.00000	0
50	P	0.00000	1	0.00000	0
51	Y	0.00000	1	0.00000	0
52	S	0.00000	1	0.00000	0
53	L	0.00000	0.99999	0.00001	0
54	G	0.00000	0.99999	0.00001	0
55	P	0.00000	0.99997	0.00003	0
56	R	0.00000	0.99531	0.00469	0
57	L	0.00000	0.56747	0.43253	0
58	I	0.00000	0.17445	0.82555	0
59	L	0.00000	0.05419	0.94581	0
60	Y	0.00000	0.02069	0.97931	0
61	T	0.00000	0.00522	0.99478	0
62	V	0.00000	0.00096	0.99904	0
63	F	0.00000	0.00018	0.99982	0
64	G	0.00000	6e-05	0.99994	0
65	F	0.00000	1e-05	0.99999	0
66	G	0.00000	0	1.00000	0
67	A	0.00000	0	1.00000	0
68	V	0.00000	0	1.00000	0
69	L	0.00000	0	1.00000	0
70	T	0.00000	0	1.00000	0
71	V	0.00000	0	1.00000	0
72	F	0.00000	0	1.00000	0
73	G	0.00000	0	1.00000	0
74	N	0.00000	0	1.00000	0
75	L	0.00000	0	1.00000	0
76	L	0.00000	0	1.00000	0
77	V	0.00001	0	0.99999	0
78	M	0.00014	0	0.99986	0
79	I	0.00150	0	0.99850	0
80	S	0.11782	0	0.88218	0
81	I	0.14712	0	0.85288	0
82	L	0.38876	0	0.61124	0
83	H	0.82445	0	0.17555	0
84	F	0.89744	0	0.10256	0
85	K	0.99761	0	0.00239	0
86	Q	0.99999	0	0.00001	0
87	L	1.00000	0	0.00000	0
88	H	1.00000	0	0.00000	0
89	S	1.00000	0	0.00000	0
90	P	1.00000	0	0.00000	0
91	T	0.65622	0	0.34378	0
92	N	0.13354	0	0.86646	0
93	F	0.02179	0	0.97821	0
94	L	0.00035	0	0.99965	0
95	I	0.00001	0	0.99999	0
96	A	0.00000	0	1.00000	0
97	S	0.00000	0	1.00000	0
98	L	0.00000	0	1.00000	0
99	A	0.00000	0	1.00000	0
100	C	0.00000	0	1.00000	0
101	A	0.00000	0	1.00000	0
102	D	0.00000	0	1.00000	0
103	F	0.00000	0	1.00000	0
104	M	0.00000	0	1.00000	0
105	V	0.00000	0	1.00000	0
106	G	0.00000	0	1.00000	0
107	V	0.00000	0	1.00000	0
108	T	0.00000	0	1.00000	0
109	V	0.00000	7e-05	0.99993	0
110	M	0.00000	0.0017	0.99830	0
111	P	0.00000	0.0293	0.97070	0
112	F	0.00000	0.08609	0.91391	0
113	S	0.00000	0.3473	0.65270	0
114	I	0.00000	0.43633	0.56367	0
115	V	0.00000	0.66981	0.33019	0
116	R	0.00000	0.99993	0.00007	0
117	S	0.00000	0.99997	0.00003	0
118	V	0.00000	0.99998	0.00002	0
119	E	0.00000	1	0.00000	0
120	S	0.00000	1	0.00000	0
121	C	0.00000	1	0.00000	0
122	W	0.00000	1	0.00000	0
123	Y	0.00000	1	0.00000	0
124	F	0.00000	1	0.00000	0
125	G	0.00000	1	0.00000	0
126	E	0.00000	1	0.00000	0
127	S	0.00000	0.99999	0.00001	0
128	Y	0.00000	0.99898	0.00102	0
129	C	0.00000	0.99853	0.00147	0
130	Q	0.00000	0.99799	0.00201	0
131	F	0.00000	0.9934	0.00660	0
132	H	0.00000	0.77285	0.22715	0
133	S	0.00000	0.48898	0.51102	0
134	C	0.00000	0.38909	0.61091	0
135	F	0.00000	0.0009	0.99910	0
136	D	0.00000	0.00027	0.99973	0
137	V	0.00000	1e-05	0.99999	0
138	S	0.00000	0	1.00000	0
139	F	0.00000	0	1.00000	0
140	C	0.00000	0	1.00000	0
141	L	0.00000	0	1.00000	0
142	A	0.00000	0	1.00000	0
143	S	0.00000	0	1.00000	0
144	I	0.00000	0	1.00000	0
145	Y	0.00000	0	1.00000	0
146	H	0.00000	0	1.00000	0
147	L	0.00000	0	1.00000	0
148	C	0.00001	0	0.99999	0
149	F	0.00002	0	0.99998	0
150	I	0.00005	0	0.99995	0
151	S	0.00006	0	0.99994	0
152	L	0.00008	0	0.99992	0
153	D	0.00038	0	0.99962	0
154	R	0.25440	0	0.74560	0
155	Y	0.89628	0	0.10372	0
156	I	0.97317	0	0.02683	0
157	A	0.99156	0	0.00844	0
158	V	0.99999	0	0.00001	0
159	S	1.00000	0	0.00000	0
160	D	1.00000	0	0.00000	0
161	P	1.00000	0	0.00000	0
162	L	1.00000	0	0.00000	0
163	V	1.00000	0	0.00000	0
164	Y	1.00000	0	0.00000	0
165	P	1.00000	0	0.00000	0
166	I	0.99922	0	0.00078	0
167	R	0.99888	0	0.00112	0
168	F	0.89101	0	0.10899	0
169	T	0.82937	0	0.17063	0
170	V	0.62598	0	0.37402	0
171	S	0.55103	0	0.44897	0
172	V	0.12572	0	0.87428	0
173	S	0.10884	0	0.89116	0
174	G	0.03964	0	0.96036	0
175	M	0.00989	0	0.99011	0
176	C	0.00006	0	0.99994	0
177	I	0.00001	0	0.99999	0
178	A	0.00000	0	1.00000	0
179	F	0.00000	0	1.00000	0
180	S	0.00000	0	1.00000	0
181	W	0.00000	0	1.00000	0
182	L	0.00000	0	1.00000	0
183	F	0.00000	0	1.00000	0
184	S	0.00000	0	1.00000	0
185	I	0.00000	0	1.00000	0
186	I	0.00000	3e-05	0.99997	0
187	Y	0.00000	0.00076	0.99924	0
188	S	0.00000	0.00752	0.99248	0
189	F	0.00000	0.01626	0.98374	0
190	S	0.00000	0.09913	0.90087	0
191	L	0.00000	0.1456	0.85440	0
192	L	0.00000	0.38493	0.61507	0
193	G	0.00000	0.73823	0.26177	0
194	T	0.00000	0.879	0.12100	0
195	G	0.00000	0.93902	0.06098	0
196	A	0.00000	0.96024	0.03976	0
197	N	0.00000	0.99308	0.00692	0
198	A	0.00000	0.99491	0.00509	0
199	V	0.00000	0.99796	0.00204	0
200	G	0.00000	0.99975	0.00025	0
201	L	0.00000	0.99994	0.00006	0
202	E	0.00000	1	0.00000	0
203	D	0.00000	1	0.00000	0
204	L	0.00000	1	0.00000	0
205	V	0.00000	1	0.00000	0
206	S	0.00000	1	0.00000	0
207	A	0.00000	1	0.00000	0
208	L	0.00000	1	0.00000	0
209	T	0.00000	1	0.00000	0
210	C	0.00000	1	0.00000	0
211	V	0.00000	1	0.00000	0
212	G	0.00000	1	0.00000	0
213	G	0.00000	1	0.00000	0
214	C	0.00000	0.99965	0.00035	0
215	Q	0.00000	0.99679	0.00321	0
216	I	0.00000	0.83977	0.16023	0
217	A	0.00000	0.82938	0.17062	0
218	I	0.00000	0.82532	0.17468	0
219	N	0.00000	0.82519	0.17481	0
220	Q	0.00000	0.8172	0.18280	0
221	S	0.00000	0.19307	0.80693	0
222	W	0.00000	0.09319	0.90681	0
223	V	0.00000	0.03273	0.96727	0
224	L	0.00000	0.00964	0.99036	0
225	V	0.00000	0.00282	0.99718	0
226	N	0.00000	0.00185	0.99815	0
227	F	0.00000	0.0008	0.99920	0
228	L	0.00000	0	1.00000	0
229	L	0.00000	0	1.00000	0
230	F	0.00000	0	1.00000	0
231	F	0.00000	0	1.00000	0
232	I	0.00000	0	1.00000	0
233	P	0.00000	0	1.00000	0
234	T	0.00000	0	1.00000	0
235	L	0.00000	0	1.00000	0
236	V	0.00000	0	1.00000	0
237	M	0.00000	0	1.00000	0
238	I	0.00000	0	1.00000	0
239	V	0.00048	0	0.99952	0
240	L	0.00709	0	0.99291	0
241	Y	0.03602	0	0.96398	0
242	S	0.16510	0	0.83490	0
243	K	0.19189	0	0.80811	0
244	I	0.19356	0	0.80644	0
245	F	0.20594	0	0.79406	0
246	L	0.31886	0	0.68114	0
247	I	0.38998	0	0.61002	0
248	A	0.97267	0	0.02733	0
249	E	0.99961	0	0.00039	0
250	Q	0.99999	0	0.00001	0
251	Q	1.00000	0	0.00000	0
252	A	1.00000	0	0.00000	0
253	R	1.00000	0	0.00000	0
254	K	1.00000	0	0.00000	0
255	I	1.00000	0	0.00000	0
256	E	1.00000	0	0.00000	0
257	S	1.00000	0	0.00000	0
258	L	1.00000	0	0.00000	0
259	N	1.00000	0	0.00000	0
260	I	1.00000	0	0.00000	0
261	K	1.00000	0	0.00000	0
262	T	1.00000	0	0.00000	0
263	G	1.00000	0	0.00000	0
264	Q	1.00000	0	0.00000	0
265	C	1.00000	0	0.00000	0
266	S	1.00000	0	0.00000	0
267	E	1.00000	0	0.00000	0
268	S	1.00000	0	0.00000	0
269	Y	1.00000	0	0.00000	0
270	Q	1.00000	0	0.00000	0
271	D	1.00000	0	0.00000	0
272	R	1.00000	0	0.00000	0
273	V	1.00000	0	0.00000	0
274	A	1.00000	0	0.00000	0
275	K	1.00000	0	0.00000	0
276	R	1.00000	0	0.00000	0
277	E	1.00000	0	0.00000	0
278	R	0.91462	0	0.08538	0
279	K	0.91074	0	0.08926	0
280	A	0.03366	0	0.96634	0
281	V	0.01506	0	0.98494	0
282	R	0.01414	0	0.98586	0
283	T	0.00734	0	0.99266	0
284	L	0.00719	0	0.99281	0
285	G	0.00534	0	0.99466	0
286	V	0.00429	0	0.99571	0
287	A	0.00425	0	0.99575	0
288	V	0.00172	0	0.99828	0
289	L	0.00001	0	0.99999	0
290	A	0.00000	0	1.00000	0
291	F	0.00000	0	1.00000	0
292	L	0.00000	0	1.00000	0
293	V	0.00000	0	1.00000	0
294	S	0.00000	0	1.00000	0
295	W	0.00000	0	1.00000	0
296	L	0.00000	0	1.00000	0
297	P	0.00000	2e-05	0.99998	0
298	Y	0.00000	0.00012	0.99988	0
299	F	0.00000	0.00111	0.99889	0
300	L	0.00000	0.04573	0.95427	0
301	D	0.00000	0.87229	0.12771	0
302	A	0.00000	0.87687	0.12313	0
303	I	0.00000	0.91584	0.08416	0
304	T	0.00000	0.96305	0.03695	0
305	D	0.00000	0.98629	0.01371	0
306	A	0.00000	0.98633	0.01367	0
307	F	0.00000	0.98659	0.01341	0
308	L	0.00000	0.98714	0.01286	0
309	G	0.00000	0.98889	0.01111	0
310	F	0.00000	0.98924	0.01076	0
311	I	0.00000	0.99264	0.00736	0
312	T	0.00000	0.99776	0.00224	0
313	P	0.00000	0.9994	0.00060	0
314	T	0.00000	0.99965	0.00035	0
315	Y	0.00000	0.99971	0.00029	0
316	V	0.00000	0.99924	0.00076	0
317	Y	0.00000	0.99876	0.00124	0
318	E	0.00000	0.85393	0.14607	0
319	I	0.00000	0.20438	0.79562	0
320	L	0.00000	0.04667	0.95333	0
321	V	0.00000	0.00813	0.99187	0
322	W	0.00000	0.00061	0.99939	0
323	I	0.00000	0	1.00000	0
324	A	0.00000	0	1.00000	0
325	Y	0.00000	0	1.00000	0
326	Y	0.00000	0	1.00000	0
327	N	0.00000	0	1.00000	0
328	S	0.00000	0	1.00000	0
329	A	0.00000	0	1.00000	0
330	M	0.00000	0	1.00000	0
331	N	0.00000	0	1.00000	0
332	P	0.00000	0	1.00000	0
333	L	0.00000	0	1.00000	0
334	I	0.00000	0	1.00000	0
335	Y	0.00000	0	1.00000	0
336	A	0.00001	0	0.99999	0
337	F	0.00005	0	0.99995	0
338	F	0.00160	0	0.99840	0
339	Y	0.04401	0	0.95599	0
340	P	0.17920	0	0.82080	0
341	W	0.25248	0	0.74752	0
342	F	0.72691	0	0.27309	0
343	Q	0.99793	0	0.00207	0
344	K	1.00000	0	0.00000	0
345	A	1.00000	0	0.00000	0
346	I	1.00000	0	0.00000	0
347	K	1.00000	0	0.00000	0
348	L	1.00000	0	0.00000	0
349	I	1.00000	0	0.00000	0
350	I	1.00000	0	0.00000	0
351	T	1.00000	0	0.00000	0
352	G	1.00000	0	0.00000	0
353	K	1.00000	0	0.00000	0
354	V	1.00000	0	0.00000	0
355	L	1.00000	0	0.00000	0
356	R	1.00000	0	0.00000	0
357	E	1.00000	0	0.00000	0
358	N	1.00000	0	0.00000	0
359	S	1.00000	0	0.00000	0
360	S	1.00000	0	0.00000	0
361	T	1.00000	0	0.00000	0
362	I	1.00000	0	0.00000	0
363	N	1.00000	0	0.00000	0
364	L	1.00000	0	0.00000	0
365	F	1.00000	0	0.00000	0
366	S	1.00000	0	0.00000	0
367	E	1.00000	0	0.00000	0
