# UNNAMED
#pos	aa	i	o	M	S
1	M	0.00000	0.99938	0.00000	0.00062
2	E	0.00000	0.99938	0.00000	0.00061
3	R	0.00000	0.99938	0.00000	0.00061
4	P	0.00000	0.99938	0.00000	0.00061
5	L	0.00000	0.99938	0.00000	0.00062
6	N	0.00000	0.99938	0.00000	0.00062
7	L	0.00000	0.99938	0.00000	0.00062
8	S	0.00000	0.99938	0.00000	0.00062
9	C	0.00000	0.99938	0.00000	0.00061
10	L	0.00000	0.99938	0.00000	0.00061
11	A	0.00000	0.99938	0.00000	0.00061
12	D	0.00000	0.99938	0.00000	0.00062
13	T	0.00000	0.99938	0.00000	0.00062
14	T	0.00000	0.99938	0.00000	0.00061
15	P	0.00000	0.99939	0.00000	0.00061
16	D	0.00000	0.99939	0.00000	0.00061
17	S	0.00000	0.99939	0.00000	0.00061
18	G	0.00000	0.99939	0.00000	0.00061
19	N	0.00000	0.99939	0.00000	0.00061
20	R	0.00000	0.99939	0.00000	0.00061
21	S	0.00000	0.99939	0.00000	0.00061
22	A	0.00000	1	0.00000	0
23	S	0.00000	1	0.00000	0
24	P	0.00000	1	0.00000	0
25	G	0.00000	1	0.00000	0
26	G	0.00000	1	0.00000	0
27	P	0.00000	1	0.00000	0
28	E	0.00000	1	0.00000	0
29	G	0.00000	1	0.00000	0
30	D	0.00000	1	0.00000	0
31	Q	0.00000	0.9997	0.00030	0
32	A	0.00000	0.99852	0.00148	0
33	P	0.00000	0.99608	0.00392	0
34	H	0.00000	0.9677	0.03230	0
35	L	0.00000	0.93435	0.06565	0
36	S	0.00000	0.89019	0.10981	0
37	V	0.00000	0.70402	0.29598	0
38	F	0.00000	0.57379	0.42621	0
39	S	0.00000	0.53624	0.46376	0
40	V	0.00000	0.19488	0.80512	0
41	L	0.00000	0.08225	0.91775	0
42	V	0.00000	0.02575	0.97425	0
43	L	0.00000	0.00819	0.99181	0
44	T	0.00000	0.00285	0.99715	0
45	L	0.00000	0.00086	0.99914	0
46	L	0.00000	0.0002	0.99980	0
47	A	0.00000	6e-05	0.99994	0
48	M	0.00000	3e-05	0.99997	0
49	L	0.00000	0	1.00000	0
50	V	0.00000	0	1.00000	0
51	V	0.00000	0	1.00000	0
52	A	0.00000	0	1.00000	0
53	T	0.00000	0	1.00000	0
54	F	0.00000	0	1.00000	0
55	L	0.00000	0	1.00000	0
56	W	0.00000	0	1.00000	0
57	N	0.00010	0	0.99990	0
58	G	0.00020	0	0.99980	0
59	L	0.00071	0	0.99929	0
60	V	0.00491	0	0.99509	0
61	L	0.04018	0	0.95982	0
62	A	0.04456	0	0.95544	0
63	T	0.08885	0	0.91115	0
64	I	0.12953	0	0.87047	0
65	L	0.43565	0	0.56435	0
66	R	0.97354	0	0.02646	0
67	V	0.98469	0	0.01531	0
68	R	0.99964	0	0.00036	0
69	S	0.99998	0	0.00002	0
70	F	0.99999	0	0.00001	0
71	H	1.00000	0	0.00000	0
72	R	1.00000	0	0.00000	0
73	V	0.99999	0	0.00001	0
74	P	0.99998	0	0.00002	0
75	H	0.19116	0	0.80884	0
76	N	0.11390	0	0.88610	0
77	L	0.00168	0	0.99832	0
78	V	0.00025	0	0.99975	0
79	A	0.00003	0	0.99997	0
80	S	0.00000	0	1.00000	0
81	M	0.00000	0	1.00000	0
82	A	0.00000	0	1.00000	0
83	V	0.00000	0	1.00000	0
84	S	0.00000	0	1.00000	0
85	D	0.00000	0	1.00000	0
86	V	0.00000	0	1.00000	0
87	M	0.00000	0	1.00000	0
88	V	0.00000	0	1.00000	0
89	A	0.00000	0	1.00000	0
90	A	0.00000	0	1.00000	0
91	L	0.00000	0	1.00000	0
92	V	0.00000	0	1.00000	0
93	M	0.00000	4e-05	0.99996	0
94	P	0.00000	0.00173	0.99827	0
95	L	0.00000	0.02349	0.97651	0
96	S	0.00000	0.27124	0.72876	0
97	L	0.00000	0.37588	0.62412	0
98	V	0.00000	0.61981	0.38019	0
99	H	0.00000	0.99999	0.00001	0
100	E	0.00000	1	0.00000	0
101	L	0.00000	1	0.00000	0
102	S	0.00000	1	0.00000	0
103	G	0.00000	1	0.00000	0
104	R	0.00000	1	0.00000	0
105	R	0.00000	1	0.00000	0
106	W	0.00000	1	0.00000	0
107	R	0.00000	1	0.00000	0
108	L	0.00000	1	0.00000	0
109	G	0.00000	1	0.00000	0
110	R	0.00000	1	0.00000	0
111	S	0.00000	1	0.00000	0
112	L	0.00000	0.99999	0.00001	0
113	C	0.00000	0.99997	0.00003	0
114	Q	0.00000	0.99988	0.00012	0
115	V	0.00000	0.99889	0.00111	0
116	W	0.00000	0.89309	0.10691	0
117	I	0.00000	0.19466	0.80534	0
118	S	0.00000	0.03121	0.96879	0
119	F	0.00000	0.00035	0.99965	0
120	D	0.00000	0.00013	0.99987	0
121	V	0.00000	0	1.00000	0
122	L	0.00000	0	1.00000	0
123	C	0.00000	0	1.00000	0
124	C	0.00000	0	1.00000	0
125	T	0.00000	0	1.00000	0
126	A	0.00000	0	1.00000	0
127	S	0.00000	0	1.00000	0
128	I	0.00000	0	1.00000	0
129	W	0.00000	0	1.00000	0
130	N	0.00000	0	1.00000	0
131	V	0.00000	0	1.00000	0
132	T	0.00000	0	1.00000	0
133	A	0.00000	0	1.00000	0
134	I	0.00000	0	1.00000	0
135	A	0.00000	0	1.00000	0
136	L	0.00000	0	1.00000	0
137	D	0.00003	0	0.99997	0
138	R	0.02656	0	0.97344	0
139	Y	0.18366	0	0.81634	0
140	W	0.37714	0	0.62286	0
141	S	0.82029	0	0.17971	0
142	I	1.00000	0	0.00000	0
143	T	1.00000	0	0.00000	0
144	R	1.00000	0	0.00000	0
145	H	1.00000	0	0.00000	0
146	L	1.00000	0	0.00000	0
147	E	1.00000	0	0.00000	0
148	Y	1.00000	0	0.00000	0
149	T	1.00000	0	0.00000	0
150	L	1.00000	0	0.00000	0
151	R	1.00000	0	0.00000	0
152	T	1.00000	0	0.00000	0
153	R	1.00000	0	0.00000	0
154	R	0.99996	0	0.00004	0
155	R	0.99608	0	0.00392	0
156	I	0.40335	0	0.59665	0
157	S	0.34336	0	0.65664	0
158	N	0.17906	0	0.82094	0
159	I	0.00162	0	0.99838	0
160	M	0.00017	0	0.99983	0
161	I	0.00000	0	1.00000	0
162	A	0.00000	0	1.00000	0
163	L	0.00000	0	1.00000	0
164	T	0.00000	0	1.00000	0
165	W	0.00000	0	1.00000	0
166	A	0.00000	0	1.00000	0
167	L	0.00000	0	1.00000	0
168	S	0.00000	0	1.00000	0
169	A	0.00000	0	1.00000	0
170	F	0.00000	0	1.00000	0
171	I	0.00000	0	1.00000	0
172	S	0.00000	0	1.00000	0
173	L	0.00000	0	1.00000	0
174	A	0.00000	1e-05	0.99999	0
175	P	0.00000	0.00093	0.99907	0
176	L	0.00000	0.00354	0.99646	0
177	L	0.00000	0.03587	0.96413	0
178	F	0.00000	0.23515	0.76485	0
179	G	0.00000	0.81644	0.18356	0
180	W	0.00000	0.89186	0.10814	0
181	G	0.00000	0.99	0.01000	0
182	E	0.00000	0.99993	0.00007	0
183	T	0.00000	0.99999	0.00001	0
184	Y	0.00000	1	0.00000	0
185	S	0.00000	1	0.00000	0
186	E	0.00000	1	0.00000	0
187	D	0.00000	1	0.00000	0
188	S	0.00000	1	0.00000	0
189	E	0.00000	1	0.00000	0
190	E	0.00000	1	0.00000	0
191	C	0.00000	1	0.00000	0
192	Q	0.00000	1	0.00000	0
193	V	0.00000	1	0.00000	0
194	S	0.00000	1	0.00000	0
195	R	0.00000	0.99999	0.00001	0
196	E	0.00000	0.99995	0.00005	0
197	P	0.00000	0.99723	0.00277	0
198	S	0.00000	0.77357	0.22643	0
199	Y	0.00000	0.68192	0.31808	0
200	T	0.00000	0.65862	0.34138	0
201	I	0.00000	0.00401	0.99599	0
202	F	0.00000	0.00032	0.99968	0
203	S	0.00000	0.00024	0.99976	0
204	T	0.00000	4e-05	0.99996	0
205	F	0.00000	3e-05	0.99997	0
206	G	0.00000	0	1.00000	0
207	A	0.00000	0	1.00000	0
208	F	0.00000	0	1.00000	0
209	Y	0.00000	0	1.00000	0
210	L	0.00000	0	1.00000	0
211	P	0.00000	0	1.00000	0
212	L	0.00000	0	1.00000	0
213	C	0.00000	0	1.00000	0
214	V	0.00000	0	1.00000	0
215	V	0.00000	0	1.00000	0
216	L	0.00000	0	1.00000	0
217	F	0.00000	0	1.00000	0
218	V	0.00000	0	1.00000	0
219	Y	0.00003	0	0.99997	0
220	W	0.00160	0	0.99840	0
221	K	0.06845	0	0.93155	0
222	I	0.07482	0	0.92518	0
223	Y	0.14764	0	0.85236	0
224	R	0.97168	0	0.02832	0
225	A	0.98645	0	0.01355	0
226	A	0.99903	0	0.00097	0
227	K	0.99994	0	0.00006	0
228	F	0.99997	0	0.00003	0
229	R	1.00000	0	0.00000	0
230	I	1.00000	0	0.00000	0
231	G	1.00000	0	0.00000	0
232	S	1.00000	0	0.00000	0
233	R	1.00000	0	0.00000	0
234	K	1.00000	0	0.00000	0
235	S	1.00000	0	0.00000	0
236	N	1.00000	0	0.00000	0
237	S	1.00000	0	0.00000	0
238	I	1.00000	0	0.00000	0
239	T	1.00000	0	0.00000	0
240	P	1.00000	0	0.00000	0
241	M	1.00000	0	0.00000	0
242	T	1.00000	0	0.00000	0
243	P	1.00000	0	0.00000	0
244	E	1.00000	0	0.00000	0
245	A	1.00000	0	0.00000	0
246	L	1.00000	0	0.00000	0
247	E	1.00000	0	0.00000	0
248	V	1.00000	0	0.00000	0
249	K	1.00000	0	0.00000	0
250	E	1.00000	0	0.00000	0
251	A	1.00000	0	0.00000	0
252	A	1.00000	0	0.00000	0
253	Q	1.00000	0	0.00000	0
254	Q	1.00000	0	0.00000	0
255	P	1.00000	0	0.00000	0
256	Q	1.00000	0	0.00000	0
257	M	1.00000	0	0.00000	0
258	V	1.00000	0	0.00000	0
259	F	1.00000	0	0.00000	0
260	T	1.00000	0	0.00000	0
261	V	1.00000	0	0.00000	0
262	R	1.00000	0	0.00000	0
263	H	1.00000	0	0.00000	0
264	A	1.00000	0	0.00000	0
265	T	1.00000	0	0.00000	0
266	V	1.00000	0	0.00000	0
267	T	1.00000	0	0.00000	0
268	F	1.00000	0	0.00000	0
269	Q	1.00000	0	0.00000	0
270	T	1.00000	0	0.00000	0
271	E	1.00000	0	0.00000	0
272	G	1.00000	0	0.00000	0
273	D	1.00000	0	0.00000	0
274	T	1.00000	0	0.00000	0
275	W	1.00000	0	0.00000	0
276	R	1.00000	0	0.00000	0
277	E	1.00000	0	0.00000	0
278	Q	1.00000	0	0.00000	0
279	K	1.00000	0	0.00000	0
280	E	1.00000	0	0.00000	0
281	K	0.94440	0	0.05560	0
282	K	0.78691	0	0.21309	0
283	A	0.00631	0	0.99369	0
284	A	0.00417	0	0.99583	0
285	L	0.00371	0	0.99629	0
286	M	0.00349	0	0.99651	0
287	V	0.00006	0	0.99994	0
288	G	0.00000	0	1.00000	0
289	I	0.00000	0	1.00000	0
290	L	0.00000	0	1.00000	0
291	I	0.00000	0	1.00000	0
292	G	0.00000	0	1.00000	0
293	V	0.00000	0	1.00000	0
294	F	0.00000	0	1.00000	0
295	V	0.00000	0	1.00000	0
296	L	0.00000	0	1.00000	0
297	C	0.00000	0	1.00000	0
298	W	0.00000	0	1.00000	0
299	I	0.00000	0	1.00000	0
300	P	0.00000	0	1.00000	0
301	F	0.00000	0	1.00000	0
302	F	0.00000	8e-05	0.99992	0
303	I	0.00000	0.01689	0.98311	0
304	T	0.00000	0.21399	0.78601	0
305	E	0.00000	0.47874	0.52126	0
306	L	0.00000	0.50475	0.49525	0
307	I	0.00000	0.62084	0.37916	0
308	N	0.00000	0.94564	0.05436	0
309	P	0.00000	0.97967	0.02033	0
310	L	0.00000	0.98683	0.01317	0
311	C	0.00000	0.99913	0.00087	0
312	S	0.00000	0.99982	0.00018	0
313	C	0.00000	0.99999	0.00001	0
314	D	0.00000	1	0.00000	0
315	I	0.00000	1	0.00000	0
316	P	0.00000	0.99993	0.00007	0
317	P	0.00000	0.9998	0.00020	0
318	V	0.00000	0.99797	0.00203	0
319	W	0.00000	0.99727	0.00273	0
320	K	0.00000	0.99685	0.00315	0
321	S	0.00000	0.80145	0.19855	0
322	I	0.00000	0.00549	0.99451	0
323	F	0.00000	0.00018	0.99982	0
324	L	0.00000	0	1.00000	0
325	W	0.00000	0	1.00000	0
326	L	0.00000	0	1.00000	0
327	G	0.00000	0	1.00000	0
328	Y	0.00000	0	1.00000	0
329	S	0.00000	0	1.00000	0
330	N	0.00000	0	1.00000	0
331	S	0.00000	0	1.00000	0
332	F	0.00000	0	1.00000	0
333	F	0.00000	0	1.00000	0
334	N	0.00000	0	1.00000	0
335	P	0.00000	0	1.00000	0
336	L	0.00000	0	1.00000	0
337	I	0.00000	0	1.00000	0
338	Y	0.00001	0	0.99999	0
339	T	0.00006	0	0.99994	0
340	A	0.00181	0	0.99819	0
341	F	0.06223	0	0.93777	0
342	N	0.68570	0	0.31430	0
343	K	1.00000	0	0.00000	0
344	N	1.00000	0	0.00000	0
345	Y	1.00000	0	0.00000	0
346	N	1.00000	0	0.00000	0
347	N	1.00000	0	0.00000	0
348	A	1.00000	0	0.00000	0
349	F	1.00000	0	0.00000	0
350	R	1.00000	0	0.00000	0
351	N	1.00000	0	0.00000	0
352	L	1.00000	0	0.00000	0
353	F	1.00000	0	0.00000	0
354	F	1.00000	0	0.00000	0
355	R	1.00000	0	0.00000	0
356	Q	1.00000	0	0.00000	0
