# UNNAMED
#pos	aa	i	o	M	S
1	M	0.00000	0.99994	0.00000	6e-05
2	P	0.00000	0.99994	0.00000	5e-05
3	E	0.00000	0.99994	0.00000	5e-05
4	S	0.00000	0.99994	0.00000	5e-05
5	C	0.00000	0.99994	0.00000	5e-05
6	A	0.00000	0.99994	0.00000	5e-05
7	W	0.00000	0.99994	0.00000	5e-05
8	R	0.00000	0.99994	0.00000	5e-05
9	D	0.00000	0.99994	0.00000	5e-05
10	M	0.00000	0.99994	0.00000	5e-05
11	E	0.00000	0.99994	0.00000	5e-05
12	E	0.00000	0.99994	0.00000	5e-05
13	A	0.00000	0.99994	0.00000	5e-05
14	G	0.00000	0.99994	0.00000	5e-05
15	A	0.00000	0.99994	0.00000	6e-05
16	Q	0.00000	0.99994	0.00000	5e-05
17	C	0.00000	0.99995	0.00000	5e-05
18	A	0.00000	0.99995	0.00000	5e-05
19	P	0.00000	0.99995	0.00000	5e-05
20	P	0.00000	0.99995	0.00000	5e-05
21	L	0.00000	0.99995	0.00000	6e-05
22	S	0.00000	0.99995	0.00000	6e-05
23	V	0.00000	0.99995	0.00000	5e-05
24	S	0.00000	0.99995	0.00000	5e-05
25	S	0.00000	0.99995	0.00000	5e-05
26	Q	0.00000	0.99998	0.00000	2e-05
27	T	0.00000	0.99997	0.00000	2e-05
28	G	0.00000	0.99997	0.00000	2e-05
29	L	0.00000	0.99997	0.00000	2e-05
30	S	0.00000	0.99998	0.00000	1e-05
31	Q	0.00000	0.99999	0.00000	1e-05
32	A	0.00000	0.99999	0.00000	0
33	N	0.00000	1	0.00000	0
34	V	0.00000	1	0.00000	0
35	S	0.00000	1	0.00000	0
36	A	0.00000	1	0.00000	0
37	A	0.00000	1	0.00000	0
38	P	0.00000	1	0.00000	0
39	S	0.00000	1	0.00000	0
40	H	0.00000	1	0.00000	0
41	N	0.00000	1	0.00000	0
42	C	0.00000	1	0.00000	0
43	S	0.00000	1	0.00000	0
44	A	0.00000	1	0.00000	0
45	E	0.00000	1	0.00000	0
46	S	0.00000	1	0.00000	0
47	Y	0.00000	1	0.00000	0
48	I	0.00000	1	0.00000	0
49	Y	0.00000	1	0.00000	0
50	Q	0.00000	1	0.00000	0
51	D	0.00000	1	0.00000	0
52	S	0.00000	0.99999	0.00001	0
53	I	0.00000	0.99742	0.00258	0
54	A	0.00000	0.99231	0.00769	0
55	L	0.00000	0.98374	0.01626	0
56	P	0.00000	0.97396	0.02604	0
57	W	0.00000	0.94152	0.05848	0
58	K	0.00000	0.93089	0.06911	0
59	V	0.00000	0.24805	0.75195	0
60	V	0.00000	0.06554	0.93446	0
61	L	0.00000	0.0229	0.97710	0
62	V	0.00000	0.00475	0.99525	0
63	V	0.00000	0.00163	0.99837	0
64	L	0.00000	0.00052	0.99948	0
65	L	0.00000	5e-05	0.99995	0
66	A	0.00000	0	1.00000	0
67	L	0.00000	0	1.00000	0
68	F	0.00000	0	1.00000	0
69	T	0.00000	0	1.00000	0
70	L	0.00000	0	1.00000	0
71	A	0.00000	0	1.00000	0
72	T	0.00000	0	1.00000	0
73	T	0.00000	0	1.00000	0
74	L	0.00000	0	1.00000	0
75	S	0.00000	0	1.00000	0
76	N	0.00000	0	1.00000	0
77	A	0.00000	0	1.00000	0
78	F	0.00000	0	1.00000	0
79	V	0.00004	0	0.99996	0
80	I	0.00047	0	0.99953	0
81	A	0.03393	0	0.96607	0
82	T	0.42422	0	0.57578	0
83	V	0.54536	0	0.45464	0
84	Y	0.74000	0	0.26000	0
85	R	0.99689	0	0.00311	0
86	T	0.99977	0	0.00023	0
87	R	1.00000	0	0.00000	0
88	K	1.00000	0	0.00000	0
89	L	1.00000	0	0.00000	0
90	H	1.00000	0	0.00000	0
91	T	1.00000	0	0.00000	0
92	P	1.00000	0	0.00000	0
93	A	0.34074	0	0.65926	0
94	N	0.04447	0	0.95553	0
95	Y	0.01037	0	0.98963	0
96	L	0.00010	0	0.99990	0
97	I	0.00000	0	1.00000	0
98	A	0.00000	0	1.00000	0
99	S	0.00000	0	1.00000	0
100	L	0.00000	0	1.00000	0
101	A	0.00000	0	1.00000	0
102	V	0.00000	0	1.00000	0
103	T	0.00000	0	1.00000	0
104	D	0.00000	0	1.00000	0
105	L	0.00000	0	1.00000	0
106	L	0.00000	0	1.00000	0
107	V	0.00000	0	1.00000	0
108	S	0.00000	0	1.00000	0
109	I	0.00000	0	1.00000	0
110	L	0.00000	0	1.00000	0
111	V	0.00000	1e-05	0.99999	0
112	M	0.00000	0.00073	0.99927	0
113	P	0.00000	0.0112	0.98880	0
114	V	0.00000	0.20121	0.79879	0
115	S	0.00000	0.68622	0.31378	0
116	T	0.00000	0.8471	0.15290	0
117	M	0.00000	0.89363	0.10637	0
118	Y	0.00000	0.99994	0.00006	0
119	T	0.00000	0.99996	0.00004	0
120	V	0.00000	0.99997	0.00003	0
121	T	0.00000	0.99999	0.00001	0
122	G	0.00000	1	0.00000	0
123	R	0.00000	1	0.00000	0
124	W	0.00000	1	0.00000	0
125	T	0.00000	1	0.00000	0
126	L	0.00000	1	0.00000	0
127	G	0.00000	1	0.00000	0
128	Q	0.00000	0.99985	0.00015	0
129	V	0.00000	0.99676	0.00324	0
130	V	0.00000	0.99607	0.00393	0
131	C	0.00000	0.99567	0.00433	0
132	D	0.00000	0.99389	0.00611	0
133	F	0.00000	0.99101	0.00899	0
134	W	0.00000	0.81887	0.18113	0
135	L	0.00000	0.09663	0.90337	0
136	S	0.00000	0.01821	0.98179	0
137	S	0.00000	0.00342	0.99658	0
138	D	0.00000	0.00129	0.99871	0
139	I	0.00000	4e-05	0.99996	0
140	T	0.00000	0	1.00000	0
141	C	0.00000	0	1.00000	0
142	C	0.00000	0	1.00000	0
143	T	0.00000	0	1.00000	0
144	A	0.00000	0	1.00000	0
145	S	0.00000	0	1.00000	0
146	I	0.00000	0	1.00000	0
147	L	0.00000	0	1.00000	0
148	H	0.00000	0	1.00000	0
149	L	0.00000	0	1.00000	0
150	C	0.00001	0	0.99999	0
151	V	0.00001	0	0.99999	0
152	I	0.00002	0	0.99998	0
153	A	0.00007	0	0.99993	0
154	L	0.00008	0	0.99992	0
155	D	0.00013	0	0.99987	0
156	R	0.11145	0	0.88855	0
157	Y	0.45564	0	0.54436	0
158	W	0.48337	0	0.51663	0
159	A	0.79909	0	0.20091	0
160	I	1.00000	0	0.00000	0
161	T	1.00000	0	0.00000	0
162	D	1.00000	0	0.00000	0
163	A	1.00000	0	0.00000	0
164	V	1.00000	0	0.00000	0
165	E	1.00000	0	0.00000	0
166	Y	1.00000	0	0.00000	0
167	S	1.00000	0	0.00000	0
168	A	1.00000	0	0.00000	0
169	K	1.00000	0	0.00000	0
170	R	1.00000	0	0.00000	0
171	T	1.00000	0	0.00000	0
172	P	0.99999	0	0.00001	0
173	K	0.99947	0	0.00053	0
174	R	0.96466	0	0.03534	0
175	A	0.15250	0	0.84750	0
176	A	0.01957	0	0.98043	0
177	V	0.00097	0	0.99903	0
178	M	0.00015	0	0.99985	0
179	I	0.00000	0	1.00000	0
180	A	0.00000	0	1.00000	0
181	L	0.00000	0	1.00000	0
182	V	0.00000	0	1.00000	0
183	W	0.00000	0	1.00000	0
184	V	0.00000	0	1.00000	0
185	F	0.00000	0	1.00000	0
186	S	0.00000	0	1.00000	0
187	I	0.00000	0	1.00000	0
188	S	0.00000	0	1.00000	0
189	I	0.00000	0	1.00000	0
190	S	0.00000	0	1.00000	0
191	L	0.00000	0	1.00000	0
192	P	0.00000	1e-05	0.99999	0
193	P	0.00000	9e-05	0.99991	0
194	F	0.00000	0.00084	0.99916	0
195	F	0.00000	0.03065	0.96935	0
196	W	0.00000	0.48616	0.51384	0
197	R	0.00000	0.96629	0.03371	0
198	Q	0.00000	0.99457	0.00543	0
199	A	0.00000	0.99799	0.00201	0
200	K	0.00000	0.99999	0.00001	0
201	A	0.00000	1	0.00000	0
202	E	0.00000	1	0.00000	0
203	E	0.00000	1	0.00000	0
204	E	0.00000	1	0.00000	0
205	V	0.00000	1	0.00000	0
206	S	0.00000	1	0.00000	0
207	N	0.00000	1	0.00000	0
208	C	0.00000	1	0.00000	0
209	V	0.00000	1	0.00000	0
210	V	0.00000	1	0.00000	0
211	N	0.00000	1	0.00000	0
212	T	0.00000	0.99999	0.00001	0
213	D	0.00000	0.99995	0.00005	0
214	H	0.00000	0.97739	0.02261	0
215	I	0.00000	0.75795	0.24205	0
216	L	0.00000	0.26691	0.73309	0
217	Y	0.00000	0.24292	0.75708	0
218	T	0.00000	0.22051	0.77949	0
219	V	0.00000	0.00435	0.99565	0
220	Y	0.00000	0.00177	0.99823	0
221	S	0.00000	0.00138	0.99862	0
222	T	0.00000	0.0001	0.99990	0
223	V	0.00000	4e-05	0.99996	0
224	G	0.00000	0	1.00000	0
225	A	0.00000	0	1.00000	0
226	F	0.00000	0	1.00000	0
227	Y	0.00000	0	1.00000	0
228	F	0.00000	0	1.00000	0
229	P	0.00000	0	1.00000	0
230	T	0.00000	0	1.00000	0
231	L	0.00000	0	1.00000	0
232	L	0.00000	0	1.00000	0
233	L	0.00000	0	1.00000	0
234	I	0.00000	0	1.00000	0
235	A	0.00001	0	0.99999	0
236	L	0.00015	0	0.99985	0
237	Y	0.00455	0	0.99545	0
238	G	0.12235	0	0.87765	0
239	R	0.28421	0	0.71579	0
240	I	0.29604	0	0.70396	0
241	Y	0.35945	0	0.64055	0
242	V	0.72129	0	0.27871	0
243	E	0.98628	0	0.01372	0
244	A	0.99984	0	0.00016	0
245	R	0.99999	0	0.00001	0
246	S	1.00000	0	0.00000	0
247	R	1.00000	0	0.00000	0
248	I	1.00000	0	0.00000	0
249	L	1.00000	0	0.00000	0
250	K	1.00000	0	0.00000	0
251	Q	1.00000	0	0.00000	0
252	T	1.00000	0	0.00000	0
253	P	1.00000	0	0.00000	0
254	N	1.00000	0	0.00000	0
255	R	1.00000	0	0.00000	0
256	T	1.00000	0	0.00000	0
257	G	1.00000	0	0.00000	0
258	K	1.00000	0	0.00000	0
259	R	1.00000	0	0.00000	0
260	L	1.00000	0	0.00000	0
261	T	1.00000	0	0.00000	0
262	R	1.00000	0	0.00000	0
263	A	1.00000	0	0.00000	0
264	Q	1.00000	0	0.00000	0
265	L	1.00000	0	0.00000	0
266	V	1.00000	0	0.00000	0
267	T	1.00000	0	0.00000	0
268	D	1.00000	0	0.00000	0
269	S	1.00000	0	0.00000	0
270	P	1.00000	0	0.00000	0
271	G	1.00000	0	0.00000	0
272	S	1.00000	0	0.00000	0
273	T	1.00000	0	0.00000	0
274	S	1.00000	0	0.00000	0
275	S	1.00000	0	0.00000	0
276	V	1.00000	0	0.00000	0
277	T	1.00000	0	0.00000	0
278	S	1.00000	0	0.00000	0
279	I	1.00000	0	0.00000	0
280	N	1.00000	0	0.00000	0
281	S	1.00000	0	0.00000	0
282	R	1.00000	0	0.00000	0
283	A	1.00000	0	0.00000	0
284	A	1.00000	0	0.00000	0
285	D	1.00000	0	0.00000	0
286	L	1.00000	0	0.00000	0
287	P	1.00000	0	0.00000	0
288	S	1.00000	0	0.00000	0
289	E	1.00000	0	0.00000	0
290	S	1.00000	0	0.00000	0
291	G	1.00000	0	0.00000	0
292	S	1.00000	0	0.00000	0
293	P	1.00000	0	0.00000	0
294	V	1.00000	0	0.00000	0
295	H	1.00000	0	0.00000	0
296	V	1.00000	0	0.00000	0
297	N	1.00000	0	0.00000	0
298	Q	1.00000	0	0.00000	0
299	V	1.00000	0	0.00000	0
300	K	1.00000	0	0.00000	0
301	V	1.00000	0	0.00000	0
302	R	1.00000	0	0.00000	0
303	V	1.00000	0	0.00000	0
304	S	1.00000	0	0.00000	0
305	D	1.00000	0	0.00000	0
306	A	1.00000	0	0.00000	0
307	L	1.00000	0	0.00000	0
308	L	1.00000	0	0.00000	0
309	E	1.00000	0	0.00000	0
310	K	1.00000	0	0.00000	0
311	K	1.00000	0	0.00000	0
312	K	1.00000	0	0.00000	0
313	L	1.00000	0	0.00000	0
314	M	1.00000	0	0.00000	0
315	A	1.00000	0	0.00000	0
316	A	1.00000	0	0.00000	0
317	R	1.00000	0	0.00000	0
318	E	1.00000	0	0.00000	0
319	R	0.99772	0	0.00228	0
320	K	0.99745	0	0.00255	0
321	A	0.77747	0	0.22253	0
322	T	0.77634	0	0.22366	0
323	K	0.77379	0	0.22621	0
324	T	0.77107	0	0.22893	0
325	L	0.00860	0	0.99140	0
326	G	0.00162	0	0.99838	0
327	I	0.00008	0	0.99992	0
328	I	0.00004	0	0.99996	0
329	L	0.00000	0	1.00000	0
330	G	0.00000	0	1.00000	0
331	A	0.00000	0	1.00000	0
332	F	0.00000	0	1.00000	0
333	I	0.00000	0	1.00000	0
334	V	0.00000	0	1.00000	0
335	C	0.00000	0	1.00000	0
336	W	0.00000	0	1.00000	0
337	L	0.00000	0	1.00000	0
338	P	0.00000	0	1.00000	0
339	F	0.00000	0	1.00000	0
340	F	0.00000	0	1.00000	0
341	I	0.00000	1e-05	0.99999	0
342	I	0.00000	0.00017	0.99983	0
343	S	0.00000	0.00147	0.99853	0
344	L	0.00000	0.00358	0.99642	0
345	V	0.00000	0.01419	0.98581	0
346	M	0.00000	0.04414	0.95586	0
347	P	0.00000	0.29861	0.70139	0
348	I	0.00000	0.40707	0.59293	0
349	C	0.00000	0.94991	0.05009	0
350	K	0.00000	0.99948	0.00052	0
351	D	0.00000	0.99999	0.00001	0
352	A	0.00000	0.99991	0.00009	0
353	C	0.00000	0.99955	0.00045	0
354	W	0.00000	0.99668	0.00332	0
355	F	0.00000	0.99275	0.00725	0
356	H	0.00000	0.98906	0.01094	0
357	L	0.00000	0.9774	0.02260	0
358	A	0.00000	0.97237	0.02763	0
359	I	0.00000	0.96774	0.03226	0
360	F	0.00000	0.96592	0.03408	0
361	D	0.00000	0.91575	0.08425	0
362	F	0.00000	0.00889	0.99111	0
363	F	0.00000	0.00039	0.99961	0
364	T	0.00000	2e-05	0.99998	0
365	W	0.00000	0	1.00000	0
366	L	0.00000	0	1.00000	0
367	G	0.00000	0	1.00000	0
368	Y	0.00000	0	1.00000	0
369	V	0.00000	0	1.00000	0
370	N	0.00000	0	1.00000	0
371	S	0.00000	0	1.00000	0
372	L	0.00000	0	1.00000	0
373	I	0.00001	0	0.99999	0
374	N	0.00001	0	0.99999	0
375	P	0.00002	0	0.99998	0
376	I	0.00002	0	0.99998	0
377	I	0.00023	0	0.99977	0
378	Y	0.00074	0	0.99926	0
379	T	0.00157	0	0.99843	0
380	M	0.00415	0	0.99585	0
381	S	0.06322	0	0.93678	0
382	N	0.34776	0	0.65224	0
383	E	1.00000	0	0.00000	0
384	D	1.00000	0	0.00000	0
385	F	1.00000	0	0.00000	0
386	K	1.00000	0	0.00000	0
387	Q	1.00000	0	0.00000	0
388	A	1.00000	0	0.00000	0
389	L	1.00000	0	0.00000	0
390	H	1.00000	0	0.00000	0
391	K	1.00000	0	0.00000	0
392	L	1.00000	0	0.00000	0
393	I	1.00000	0	0.00000	0
394	R	1.00000	0	0.00000	0
395	F	1.00000	0	0.00000	0
396	K	1.00000	0	0.00000	0
397	C	1.00000	0	0.00000	0
398	T	1.00000	0	0.00000	0
399	S	1.00000	0	0.00000	0
