# UNNAMED
#pos	aa	i	o	M	S
1	M	0.00000	0.98301	0.00000	0.01699
2	D	0.00000	0.98301	0.00000	0.01699
3	G	0.00000	0.98301	0.00000	0.01699
4	S	0.00000	0.98301	0.00000	0.01699
5	L	0.00000	0.98301	0.00000	0.01699
6	T	0.00000	0.98301	0.00000	0.01699
7	Y	0.00000	0.98301	0.00000	0.01699
8	M	0.00000	0.98301	0.00000	0.01699
9	M	0.00000	0.98301	0.00000	0.01699
10	I	0.00000	0.98301	0.00000	0.01698
11	S	0.00000	0.98301	0.00000	0.01699
12	S	0.00000	0.98301	0.00000	0.01699
13	S	0.00000	0.98301	0.00000	0.01698
14	L	0.00000	0.98301	0.00000	0.01699
15	V	0.00000	0.98311	0.00000	0.01689
16	T	0.00000	0.98311	0.00000	0.01689
17	T	0.00000	0.98311	0.00000	0.01689
18	S	0.00000	0.98535	0.00000	0.01465
19	G	0.00000	0.98559	0.00000	0.0144
20	N	0.00000	0.99741	0.00000	0.00259
21	H	0.00000	0.99742	0.00000	0.00258
22	L	0.00000	0.99742	0.00000	0.00258
23	E	0.00000	1	0.00000	0
24	K	0.00000	1	0.00000	0
25	T	0.00000	1	0.00000	0
26	T	0.00000	1	0.00000	0
27	N	0.00000	1	0.00000	0
28	M	0.00000	1	0.00000	0
29	P	0.00000	1	0.00000	0
30	S	0.00000	1	0.00000	0
31	S	0.00000	1	0.00000	0
32	S	0.00000	1	0.00000	0
33	S	0.00000	1	0.00000	0
34	L	0.00000	1	0.00000	0
35	P	0.00000	1	0.00000	0
36	A	0.00000	1	0.00000	0
37	A	0.00000	1	0.00000	0
38	K	0.00000	1	0.00000	0
39	P	0.00000	1	0.00000	0
40	S	0.00000	1	0.00000	0
41	S	0.00000	1	0.00000	0
42	N	0.00000	1	0.00000	0
43	M	0.00000	1	0.00000	0
44	S	0.00000	1	0.00000	0
45	Q	0.00000	1	0.00000	0
46	Q	0.00000	1	0.00000	0
47	C	0.00000	1	0.00000	0
48	G	0.00000	1	0.00000	0
49	D	0.00000	1	0.00000	0
50	L	0.00000	1	0.00000	0
51	L	0.00000	0.99999	0.00001	0
52	L	0.00000	0.99998	0.00002	0
53	N	0.00000	0.99998	0.00002	0
54	F	0.00000	0.9999	0.00010	0
55	G	0.00000	0.99984	0.00016	0
56	Q	0.00000	0.99956	0.00044	0
57	G	0.00000	0.99782	0.00218	0
58	E	0.00000	0.98592	0.01408	0
59	T	0.00000	0.74767	0.25233	0
60	V	0.00000	0.40989	0.59011	0
61	L	0.00000	0.21982	0.78018	0
62	I	0.00000	0.11969	0.88031	0
63	G	0.00000	0.08973	0.91027	0
64	V	0.00000	0.04947	0.95053	0
65	V	0.00000	0.0227	0.97730	0
66	L	0.00000	0.01035	0.98965	0
67	T	0.00000	0.00152	0.99848	0
68	L	0.00000	0.00029	0.99971	0
69	I	0.00000	0	1.00000	0
70	T	0.00000	0	1.00000	0
71	I	0.00000	0	1.00000	0
72	G	0.00000	0	1.00000	0
73	T	0.00000	0	1.00000	0
74	V	0.00000	0	1.00000	0
75	M	0.00000	0	1.00000	0
76	G	0.00000	0	1.00000	0
77	N	0.00000	0	1.00000	0
78	T	0.00000	0	1.00000	0
79	L	0.00000	0	1.00000	0
80	V	0.00001	0	0.99999	0
81	V	0.00005	0	0.99995	0
82	I	0.00149	0	0.99851	0
83	S	0.11587	0	0.88413	0
84	V	0.17092	0	0.82908	0
85	C	0.33164	0	0.66836	0
86	V	0.52639	0	0.47361	0
87	V	0.79051	0	0.20949	0
88	K	0.99351	0	0.00649	0
89	K	0.99994	0	0.00006	0
90	L	0.99998	0	0.00002	0
91	R	1.00000	0	0.00000	0
92	K	1.00000	0	0.00000	0
93	P	1.00000	0	0.00000	0
94	S	0.91279	0	0.08721	0
95	N	0.29914	0	0.70086	0
96	Y	0.12742	0	0.87258	0
97	L	0.00278	0	0.99722	0
98	L	0.00048	0	0.99952	0
99	V	0.00001	0	0.99999	0
100	S	0.00000	0	1.00000	0
101	L	0.00000	0	1.00000	0
102	A	0.00000	0	1.00000	0
103	M	0.00000	0	1.00000	0
104	A	0.00000	0	1.00000	0
105	D	0.00000	0	1.00000	0
106	L	0.00000	0	1.00000	0
107	S	0.00000	0	1.00000	0
108	V	0.00000	0	1.00000	0
109	A	0.00000	0	1.00000	0
110	L	0.00000	0	1.00000	0
111	A	0.00000	0	1.00000	0
112	V	0.00000	0	1.00000	0
113	M	0.00000	1e-05	0.99999	0
114	P	0.00000	0.00016	0.99984	0
115	F	0.00000	0.00174	0.99826	0
116	V	0.00000	0.01865	0.98135	0
117	I	0.00000	0.13695	0.86305	0
118	V	0.00000	0.47768	0.52232	0
119	T	0.00000	0.99983	0.00017	0
120	D	0.00000	0.99999	0.00001	0
121	L	0.00000	0.99999	0.00001	0
122	T	0.00000	1	0.00000	0
123	G	0.00000	1	0.00000	0
124	G	0.00000	1	0.00000	0
125	K	0.00000	1	0.00000	0
126	W	0.00000	1	0.00000	0
127	L	0.00000	1	0.00000	0
128	F	0.00000	1	0.00000	0
129	G	0.00000	1	0.00000	0
130	E	0.00000	1	0.00000	0
131	I	0.00000	1	0.00000	0
132	F	0.00000	0.99999	0.00001	0
133	C	0.00000	0.99999	0.00001	0
134	N	0.00000	0.99992	0.00008	0
135	I	0.00000	0.99324	0.00676	0
136	F	0.00000	0.42063	0.57937	0
137	I	0.00000	0.12698	0.87302	0
138	A	0.00000	0.00367	0.99633	0
139	M	0.00000	4e-05	0.99996	0
140	D	0.00000	1e-05	0.99999	0
141	V	0.00000	0	1.00000	0
142	I	0.00000	0	1.00000	0
143	C	0.00000	0	1.00000	0
144	C	0.00000	0	1.00000	0
145	T	0.00000	0	1.00000	0
146	A	0.00000	0	1.00000	0
147	S	0.00000	0	1.00000	0
148	I	0.00000	0	1.00000	0
149	M	0.00000	0	1.00000	0
150	T	0.00000	0	1.00000	0
151	L	0.00000	0	1.00000	0
152	C	0.00000	0	1.00000	0
153	V	0.00000	0	1.00000	0
154	I	0.00000	0	1.00000	0
155	S	0.00000	0	1.00000	0
156	V	0.00004	0	0.99996	0
157	D	0.00013	0	0.99987	0
158	R	0.14239	0	0.85761	0
159	Y	0.46426	0	0.53574	0
160	L	0.85450	0	0.14550	0
161	G	0.96647	0	0.03353	0
162	I	0.99998	0	0.00002	0
163	T	1.00000	0	0.00000	0
164	R	1.00000	0	0.00000	0
165	P	1.00000	0	0.00000	0
166	L	1.00000	0	0.00000	0
167	T	1.00000	0	0.00000	0
168	Y	1.00000	0	0.00000	0
169	P	1.00000	0	0.00000	0
170	A	1.00000	0	0.00000	0
171	R	1.00000	0	0.00000	0
172	K	1.00000	0	0.00000	0
173	N	0.99996	0	0.00004	0
174	G	0.99968	0	0.00032	0
175	Q	0.98735	0	0.01265	0
176	L	0.39836	0	0.60164	0
177	M	0.32596	0	0.67404	0
178	A	0.28144	0	0.71856	0
179	K	0.27005	0	0.72995	0
180	M	0.04310	0	0.95690	0
181	I	0.00062	0	0.99938	0
182	L	0.00001	0	0.99999	0
183	G	0.00000	0	1.00000	0
184	V	0.00000	0	1.00000	0
185	W	0.00000	0	1.00000	0
186	L	0.00000	0	1.00000	0
187	V	0.00000	0	1.00000	0
188	S	0.00000	0	1.00000	0
189	A	0.00000	0	1.00000	0
190	S	0.00000	0	1.00000	0
191	I	0.00000	0	1.00000	0
192	T	0.00000	0	1.00000	0
193	L	0.00000	0	1.00000	0
194	P	0.00000	0.00044	0.99956	0
195	P	0.00000	0.0026	0.99740	0
196	F	0.00000	0.01044	0.98956	0
197	F	0.00000	0.10762	0.89238	0
198	G	0.00000	0.55229	0.44771	0
199	W	0.00000	0.61656	0.38344	0
200	A	0.00000	0.68461	0.31539	0
201	Q	0.00000	0.96602	0.03398	0
202	N	0.00000	0.9965	0.00350	0
203	V	0.00000	0.99798	0.00202	0
204	N	0.00000	0.99996	0.00004	0
205	K	0.00000	1	0.00000	0
206	V	0.00000	1	0.00000	0
207	R	0.00000	1	0.00000	0
208	V	0.00000	1	0.00000	0
209	C	0.00000	1	0.00000	0
210	L	0.00000	1	0.00000	0
211	I	0.00000	1	0.00000	0
212	S	0.00000	1	0.00000	0
213	Q	0.00000	1	0.00000	0
214	D	0.00000	1	0.00000	0
215	Y	0.00000	0.98482	0.01518	0
216	G	0.00000	0.84286	0.15714	0
217	Y	0.00000	0.73566	0.26434	0
218	T	0.00000	0.65213	0.34787	0
219	I	0.00000	0.03316	0.96684	0
220	Y	0.00000	0.00581	0.99419	0
221	S	0.00000	0.00367	0.99633	0
222	T	0.00000	0.00038	0.99962	0
223	A	0.00000	0.00024	0.99976	0
224	M	0.00000	0	1.00000	0
225	A	0.00000	0	1.00000	0
226	F	0.00000	0	1.00000	0
227	Y	0.00000	0	1.00000	0
228	I	0.00000	0	1.00000	0
229	P	0.00000	0	1.00000	0
230	M	0.00000	0	1.00000	0
231	V	0.00000	0	1.00000	0
232	V	0.00000	0	1.00000	0
233	M	0.00000	0	1.00000	0
234	L	0.00000	0	1.00000	0
235	I	0.00000	0	1.00000	0
236	M	0.00000	0	1.00000	0
237	Y	0.00005	0	0.99995	0
238	Y	0.00183	0	0.99817	0
239	K	0.04858	0	0.95142	0
240	I	0.05318	0	0.94682	0
241	F	0.09584	0	0.90416	0
242	R	0.97767	0	0.02233	0
243	A	0.99462	0	0.00538	0
244	A	0.99913	0	0.00087	0
245	R	0.99989	0	0.00011	0
246	K	0.99999	0	0.00001	0
247	S	1.00000	0	0.00000	0
248	A	1.00000	0	0.00000	0
249	A	1.00000	0	0.00000	0
250	K	1.00000	0	0.00000	0
251	H	1.00000	0	0.00000	0
252	R	1.00000	0	0.00000	0
253	F	1.00000	0	0.00000	0
254	V	1.00000	0	0.00000	0
255	G	1.00000	0	0.00000	0
256	F	1.00000	0	0.00000	0
257	P	1.00000	0	0.00000	0
258	R	1.00000	0	0.00000	0
259	K	1.00000	0	0.00000	0
260	K	1.00000	0	0.00000	0
261	D	1.00000	0	0.00000	0
262	M	1.00000	0	0.00000	0
263	E	1.00000	0	0.00000	0
264	A	1.00000	0	0.00000	0
265	V	1.00000	0	0.00000	0
266	S	1.00000	0	0.00000	0
267	G	1.00000	0	0.00000	0
268	E	1.00000	0	0.00000	0
269	E	1.00000	0	0.00000	0
270	F	1.00000	0	0.00000	0
271	K	1.00000	0	0.00000	0
272	M	1.00000	0	0.00000	0
273	Q	1.00000	0	0.00000	0
274	A	1.00000	0	0.00000	0
275	L	1.00000	0	0.00000	0
276	K	1.00000	0	0.00000	0
277	P	1.00000	0	0.00000	0
278	S	1.00000	0	0.00000	0
279	N	1.00000	0	0.00000	0
280	L	1.00000	0	0.00000	0
281	S	1.00000	0	0.00000	0
282	E	1.00000	0	0.00000	0
283	E	1.00000	0	0.00000	0
284	C	1.00000	0	0.00000	0
285	A	1.00000	0	0.00000	0
286	A	1.00000	0	0.00000	0
287	F	1.00000	0	0.00000	0
288	S	1.00000	0	0.00000	0
289	R	1.00000	0	0.00000	0
290	L	1.00000	0	0.00000	0
291	L	1.00000	0	0.00000	0
292	S	1.00000	0	0.00000	0
293	G	1.00000	0	0.00000	0
294	E	1.00000	0	0.00000	0
295	K	1.00000	0	0.00000	0
296	R	1.00000	0	0.00000	0
297	N	1.00000	0	0.00000	0
298	I	1.00000	0	0.00000	0
299	S	1.00000	0	0.00000	0
300	I	1.00000	0	0.00000	0
301	F	1.00000	0	0.00000	0
302	K	1.00000	0	0.00000	0
303	R	1.00000	0	0.00000	0
304	E	1.00000	0	0.00000	0
305	Q	0.99362	0	0.00638	0
306	K	0.99190	0	0.00810	0
307	A	0.15659	0	0.84341	0
308	A	0.15406	0	0.84594	0
309	T	0.15242	0	0.84758	0
310	T	0.11233	0	0.88767	0
311	L	0.00212	0	0.99788	0
312	G	0.00031	0	0.99969	0
313	I	0.00014	0	0.99986	0
314	I	0.00000	0	1.00000	0
315	V	0.00000	0	1.00000	0
316	G	0.00000	0	1.00000	0
317	V	0.00000	0	1.00000	0
318	F	0.00000	0	1.00000	0
319	T	0.00000	0	1.00000	0
320	I	0.00000	0	1.00000	0
321	C	0.00000	0	1.00000	0
322	W	0.00000	0	1.00000	0
323	L	0.00000	0	1.00000	0
324	P	0.00000	0	1.00000	0
325	F	0.00000	0	1.00000	0
326	F	0.00000	0	1.00000	0
327	I	0.00000	0.00082	0.99918	0
328	L	0.00000	0.01399	0.98601	0
329	S	0.00000	0.15381	0.84619	0
330	T	0.00000	0.38563	0.61437	0
331	A	0.00000	0.52896	0.47104	0
332	R	0.00000	0.86037	0.13963	0
333	P	0.00000	0.87922	0.12078	0
334	F	0.00000	0.8844	0.11560	0
335	I	0.00000	0.91376	0.08624	0
336	C	0.00000	0.99575	0.00425	0
337	G	0.00000	0.99989	0.00011	0
338	V	0.00000	0.99991	0.00009	0
339	E	0.00000	1	0.00000	0
340	C	0.00000	1	0.00000	0
341	S	0.00000	1	0.00000	0
342	C	0.00000	1	0.00000	0
343	I	0.00000	1	0.00000	0
344	P	0.00000	1	0.00000	0
345	I	0.00000	0.9967	0.00330	0
346	W	0.00000	0.99424	0.00576	0
347	L	0.00000	0.99187	0.00813	0
348	E	0.00000	0.99089	0.00911	0
349	R	0.00000	0.70903	0.29097	0
350	T	0.00000	0.02504	0.97496	0
351	L	0.00000	0.00067	0.99933	0
352	L	0.00000	0	1.00000	0
353	W	0.00000	0	1.00000	0
354	L	0.00000	0	1.00000	0
355	G	0.00000	0	1.00000	0
356	Y	0.00000	0	1.00000	0
357	T	0.00000	0	1.00000	0
358	N	0.00000	0	1.00000	0
359	S	0.00000	0	1.00000	0
360	L	0.00000	0	1.00000	0
361	M	0.00000	0	1.00000	0
362	N	0.00000	0	1.00000	0
363	P	0.00000	0	1.00000	0
364	F	0.00000	0	1.00000	0
365	I	0.00000	0	1.00000	0
366	Y	0.00001	0	0.99999	0
367	A	0.00004	0	0.99996	0
368	F	0.00020	0	0.99980	0
369	F	0.03468	0	0.96532	0
370	N	0.51291	0	0.48709	0
371	R	1.00000	0	0.00000	0
372	D	1.00000	0	0.00000	0
373	L	1.00000	0	0.00000	0
374	R	1.00000	0	0.00000	0
375	T	1.00000	0	0.00000	0
376	T	1.00000	0	0.00000	0
377	Y	1.00000	0	0.00000	0
378	K	1.00000	0	0.00000	0
379	D	1.00000	0	0.00000	0
380	L	1.00000	0	0.00000	0
381	L	1.00000	0	0.00000	0
382	R	1.00000	0	0.00000	0
383	C	1.00000	0	0.00000	0
384	R	1.00000	0	0.00000	0
385	Y	1.00000	0	0.00000	0
386	R	1.00000	0	0.00000	0
387	N	1.00000	0	0.00000	0
388	I	1.00000	0	0.00000	0
389	N	1.00000	0	0.00000	0
390	R	1.00000	0	0.00000	0
391	R	1.00000	0	0.00000	0
392	L	1.00000	0	0.00000	0
393	S	1.00000	0	0.00000	0
394	A	1.00000	0	0.00000	0
395	V	1.00000	0	0.00000	0
396	G	1.00000	0	0.00000	0
397	V	1.00000	0	0.00000	0
398	H	1.00000	0	0.00000	0
399	E	1.00000	0	0.00000	0
400	A	1.00000	0	0.00000	0
401	L	1.00000	0	0.00000	0
402	K	1.00000	0	0.00000	0
403	V	1.00000	0	0.00000	0
