# UNNAMED
#pos	aa	i	o	M	S
1	M	0.00000	0.98224	0.00000	0.01776
2	G	0.00000	0.98224	0.00000	0.01776
3	R	0.00000	0.98224	0.00000	0.01776
4	D	0.00000	0.98224	0.00000	0.01776
5	G	0.00000	0.98224	0.00000	0.01776
6	P	0.00000	0.98224	0.00000	0.01776
7	C	0.00000	0.98224	0.00000	0.01776
8	L	0.00000	0.98224	0.00000	0.01775
9	N	0.00000	0.98224	0.00000	0.01775
10	L	0.00000	0.98224	0.00000	0.01776
11	S	0.00000	0.98224	0.00000	0.01776
12	G	0.00000	0.98224	0.00000	0.01776
13	S	0.00000	0.98224	0.00000	0.01775
14	A	0.00000	0.98224	0.00000	0.01776
15	C	0.00000	0.98224	0.00000	0.01776
16	A	0.00000	0.98225	0.00000	0.01775
17	A	0.00000	0.9962	0.00001	0.00379
18	G	0.00000	0.99943	0.00015	0.00042
19	G	0.00000	0.99905	0.00093	1e-05
20	P	0.00000	0.99775	0.00224	1e-05
21	F	0.00000	0.98037	0.01962	1e-05
22	P	0.00000	0.9718	0.02818	1e-05
23	A	0.00000	0.9225	0.07748	2e-05
24	G	0.00000	0.86554	0.13444	2e-05
25	T	0.00000	0.72268	0.27731	2e-05
26	A	0.00000	0.54308	0.45692	1e-05
27	A	0.00000	0.333	0.66700	0
28	L	0.00000	0.15046	0.84954	0
29	L	0.00000	0.06129	0.93871	0
30	A	0.00000	0.03286	0.96714	0
31	A	0.00000	0.01628	0.98372	0
32	L	0.00000	0.00844	0.99156	0
33	M	0.00000	0.00501	0.99499	0
34	G	0.00000	0.00174	0.99826	0
35	L	0.00000	0.00013	0.99987	0
36	L	0.00000	0	1.00000	0
37	V	0.00000	0	1.00000	0
38	L	0.00000	0	1.00000	0
39	V	0.00000	0	1.00000	0
40	T	0.00000	0	1.00000	0
41	V	0.00000	0	1.00000	0
42	L	0.00000	0	1.00000	0
43	G	0.00000	0	1.00000	0
44	N	0.00000	0	1.00000	0
45	A	0.00000	0	1.00000	0
46	L	0.00000	0	1.00000	0
47	V	0.00000	0	1.00000	0
48	V	0.00001	0	0.99999	0
49	L	0.00038	0	0.99962	0
50	A	0.01026	0	0.98974	0
51	F	0.03425	0	0.96575	0
52	V	0.19699	0	0.80301	0
53	V	0.51817	0	0.48183	0
54	D	0.99704	0	0.00296	0
55	R	0.99994	0	0.00006	0
56	S	1.00000	0	0.00000	0
57	L	1.00000	0	0.00000	0
58	R	1.00000	0	0.00000	0
59	T	0.99999	0	0.00001	0
60	Q	0.99960	0	0.00040	0
61	G	0.99141	0	0.00859	0
62	N	0.87497	0	0.12503	0
63	F	0.15826	0	0.84174	0
64	F	0.00191	0	0.99809	0
65	F	0.00005	0	0.99995	0
66	L	0.00000	0	1.00000	0
67	N	0.00000	0	1.00000	0
68	L	0.00000	0	1.00000	0
69	A	0.00000	0	1.00000	0
70	V	0.00000	0	1.00000	0
71	A	0.00000	0	1.00000	0
72	D	0.00000	0	1.00000	0
73	L	0.00000	0	1.00000	0
74	L	0.00000	0	1.00000	0
75	V	0.00000	0	1.00000	0
76	G	0.00000	0	1.00000	0
77	G	0.00000	0	1.00000	0
78	F	0.00000	0	1.00000	0
79	C	0.00000	2e-05	0.99998	0
80	I	0.00000	2e-05	0.99998	0
81	P	0.00000	6e-05	0.99994	0
82	L	0.00000	0.00021	0.99979	0
83	Y	0.00000	0.0008	0.99920	0
84	I	0.00000	0.00107	0.99893	0
85	P	0.00000	0.48153	0.51847	0
86	Y	0.00000	0.99892	0.00108	0
87	V	0.00000	0.99906	0.00094	0
88	L	0.00000	0.99943	0.00057	0
89	T	0.00000	0.99993	0.00007	0
90	G	0.00000	1	0.00000	0
91	E	0.00000	1	0.00000	0
92	W	0.00000	1	0.00000	0
93	R	0.00000	1	0.00000	0
94	L	0.00000	1	0.00000	0
95	G	0.00000	1	0.00000	0
96	R	0.00000	1	0.00000	0
97	G	0.00000	1	0.00000	0
98	L	0.00000	1	0.00000	0
99	C	0.00000	1	0.00000	0
100	K	0.00000	1	0.00000	0
101	L	0.00000	0.99974	0.00026	0
102	W	0.00000	0.95785	0.04215	0
103	L	0.00000	0.3544	0.64560	0
104	V	0.00000	0.1479	0.85210	0
105	V	0.00000	0.00284	0.99716	0
106	D	0.00000	0.00109	0.99891	0
107	Y	0.00000	8e-05	0.99992	0
108	L	0.00000	0	1.00000	0
109	V	0.00000	0	1.00000	0
110	C	0.00000	0	1.00000	0
111	T	0.00000	0	1.00000	0
112	A	0.00000	0	1.00000	0
113	S	0.00000	0	1.00000	0
114	V	0.00000	0	1.00000	0
115	F	0.00000	0	1.00000	0
116	N	0.00000	0	1.00000	0
117	I	0.00000	0	1.00000	0
118	V	0.00000	0	1.00000	0
119	L	0.00000	0	1.00000	0
120	I	0.00000	0	1.00000	0
121	S	0.00000	0	1.00000	0
122	F	0.00000	0	1.00000	0
123	D	0.00001	0	0.99999	0
124	R	0.00307	0	0.99693	0
125	F	0.02317	0	0.97683	0
126	L	0.09394	0	0.90606	0
127	C	0.68849	0	0.31151	0
128	V	0.99990	0	0.00010	0
129	T	1.00000	0	0.00000	0
130	R	1.00000	0	0.00000	0
131	A	1.00000	0	0.00000	0
132	V	1.00000	0	0.00000	0
133	S	1.00000	0	0.00000	0
134	Y	1.00000	0	0.00000	0
135	R	1.00000	0	0.00000	0
136	A	1.00000	0	0.00000	0
137	Q	1.00000	0	0.00000	0
138	Q	1.00000	0	0.00000	0
139	G	0.99998	0	0.00002	0
140	M	0.99991	0	0.00009	0
141	T	0.99986	0	0.00014	0
142	R	0.99940	0	0.00060	0
143	N	0.84141	0	0.15859	0
144	A	0.30573	0	0.69427	0
145	V	0.01128	0	0.98872	0
146	L	0.00287	0	0.99713	0
147	K	0.00250	0	0.99750	0
148	M	0.00123	0	0.99877	0
149	I	0.00006	0	0.99994	0
150	T	0.00002	0	0.99998	0
151	V	0.00000	0	1.00000	0
152	W	0.00000	0	1.00000	0
153	I	0.00000	0	1.00000	0
154	A	0.00000	0	1.00000	0
155	A	0.00000	0	1.00000	0
156	F	0.00000	0	1.00000	0
157	L	0.00000	0	1.00000	0
158	L	0.00000	0	1.00000	0
159	Y	0.00000	1e-05	0.99999	0
160	G	0.00000	5e-05	0.99995	0
161	P	0.00000	9e-05	0.99991	0
162	A	0.00000	0.00035	0.99965	0
163	I	0.00000	0.00945	0.99055	0
164	L	0.00000	0.16415	0.83585	0
165	C	0.00000	0.62847	0.37153	0
166	W	0.00000	0.76604	0.23396	0
167	E	0.00000	0.99497	0.00503	0
168	H	0.00000	0.99695	0.00305	0
169	I	0.00000	0.99719	0.00281	0
170	A	0.00000	0.99746	0.00254	0
171	Q	0.00000	0.99987	0.00013	0
172	K	0.00000	1	0.00000	0
173	S	0.00000	1	0.00000	0
174	I	0.00000	1	0.00000	0
175	L	0.00000	1	0.00000	0
176	P	0.00000	1	0.00000	0
177	E	0.00000	1	0.00000	0
178	G	0.00000	1	0.00000	0
179	E	0.00000	1	0.00000	0
180	C	0.00000	1	0.00000	0
181	H	0.00000	1	0.00000	0
182	A	0.00000	0.99992	0.00008	0
183	E	0.00000	0.9999	0.00010	0
184	F	0.00000	0.99587	0.00413	0
185	F	0.00000	0.9952	0.00480	0
186	Y	0.00000	0.99508	0.00492	0
187	N	0.00000	0.99115	0.00885	0
188	W	0.00000	0.98433	0.01567	0
189	Y	0.00000	0.94375	0.05625	0
190	F	0.00000	0.28417	0.71583	0
191	L	0.00000	0.247	0.75300	0
192	M	0.00000	0.23657	0.76343	0
193	I	0.00000	0.00075	0.99925	0
194	A	0.00000	0.00055	0.99945	0
195	S	0.00000	0.0005	0.99950	0
196	T	0.00000	0.00037	0.99963	0
197	V	0.00000	0	1.00000	0
198	E	0.00000	0	1.00000	0
199	F	0.00000	0	1.00000	0
200	F	0.00000	0	1.00000	0
201	T	0.00000	0	1.00000	0
202	P	0.00000	0	1.00000	0
203	F	0.00000	0	1.00000	0
204	I	0.00000	0	1.00000	0
205	T	0.00000	0	1.00000	0
206	V	0.00000	0	1.00000	0
207	M	0.00000	0	1.00000	0
208	Y	0.00007	0	0.99993	0
209	F	0.00062	0	0.99938	0
210	N	0.00451	0	0.99549	0
211	L	0.00581	0	0.99419	0
212	S	0.01724	0	0.98276	0
213	I	0.02368	0	0.97632	0
214	Y	0.03539	0	0.96461	0
215	L	0.13103	0	0.86897	0
216	N	0.57537	0	0.42463	0
217	I	0.61754	0	0.38246	0
218	R	0.99016	0	0.00984	0
219	K	0.99995	0	0.00005	0
220	R	1.00000	0	0.00000	0
221	T	1.00000	0	0.00000	0
222	L	1.00000	0	0.00000	0
223	L	1.00000	0	0.00000	0
224	R	1.00000	0	0.00000	0
225	N	1.00000	0	0.00000	0
226	E	1.00000	0	0.00000	0
227	N	1.00000	0	0.00000	0
228	L	1.00000	0	0.00000	0
229	S	1.00000	0	0.00000	0
230	P	1.00000	0	0.00000	0
231	G	1.00000	0	0.00000	0
232	Q	1.00000	0	0.00000	0
233	E	1.00000	0	0.00000	0
234	D	1.00000	0	0.00000	0
235	C	1.00000	0	0.00000	0
236	E	1.00000	0	0.00000	0
237	M	1.00000	0	0.00000	0
238	N	1.00000	0	0.00000	0
239	F	1.00000	0	0.00000	0
240	Q	1.00000	0	0.00000	0
241	G	1.00000	0	0.00000	0
242	E	1.00000	0	0.00000	0
243	K	1.00000	0	0.00000	0
244	R	1.00000	0	0.00000	0
245	E	1.00000	0	0.00000	0
246	H	1.00000	0	0.00000	0
247	A	1.00000	0	0.00000	0
248	V	1.00000	0	0.00000	0
249	F	1.00000	0	0.00000	0
250	S	1.00000	0	0.00000	0
251	V	1.00000	0	0.00000	0
252	K	1.00000	0	0.00000	0
253	P	1.00000	0	0.00000	0
254	D	1.00000	0	0.00000	0
255	N	1.00000	0	0.00000	0
256	R	1.00000	0	0.00000	0
257	E	1.00000	0	0.00000	0
258	S	1.00000	0	0.00000	0
259	H	1.00000	0	0.00000	0
260	E	1.00000	0	0.00000	0
261	K	1.00000	0	0.00000	0
262	R	1.00000	0	0.00000	0
263	A	1.00000	0	0.00000	0
264	S	1.00000	0	0.00000	0
265	S	1.00000	0	0.00000	0
266	L	1.00000	0	0.00000	0
267	L	1.00000	0	0.00000	0
268	P	1.00000	0	0.00000	0
269	P	1.00000	0	0.00000	0
270	R	1.00000	0	0.00000	0
271	K	1.00000	0	0.00000	0
272	A	1.00000	0	0.00000	0
273	P	1.00000	0	0.00000	0
274	R	1.00000	0	0.00000	0
275	L	1.00000	0	0.00000	0
276	Q	1.00000	0	0.00000	0
277	A	1.00000	0	0.00000	0
278	S	1.00000	0	0.00000	0
279	A	1.00000	0	0.00000	0
280	E	1.00000	0	0.00000	0
281	L	1.00000	0	0.00000	0
282	G	1.00000	0	0.00000	0
283	N	1.00000	0	0.00000	0
284	Q	1.00000	0	0.00000	0
285	P	1.00000	0	0.00000	0
286	S	1.00000	0	0.00000	0
287	N	1.00000	0	0.00000	0
288	L	1.00000	0	0.00000	0
289	N	1.00000	0	0.00000	0
290	V	1.00000	0	0.00000	0
291	S	1.00000	0	0.00000	0
292	C	1.00000	0	0.00000	0
293	D	1.00000	0	0.00000	0
294	L	1.00000	0	0.00000	0
295	P	1.00000	0	0.00000	0
296	P	1.00000	0	0.00000	0
297	L	1.00000	0	0.00000	0
298	Q	1.00000	0	0.00000	0
299	V	1.00000	0	0.00000	0
300	D	1.00000	0	0.00000	0
301	V	1.00000	0	0.00000	0
302	K	1.00000	0	0.00000	0
303	T	1.00000	0	0.00000	0
304	R	1.00000	0	0.00000	0
305	P	1.00000	0	0.00000	0
306	P	1.00000	0	0.00000	0
307	R	1.00000	0	0.00000	0
308	N	1.00000	0	0.00000	0
309	G	1.00000	0	0.00000	0
310	F	1.00000	0	0.00000	0
311	F	1.00000	0	0.00000	0
312	K	1.00000	0	0.00000	0
313	A	1.00000	0	0.00000	0
314	T	1.00000	0	0.00000	0
315	E	1.00000	0	0.00000	0
316	S	1.00000	0	0.00000	0
317	L	1.00000	0	0.00000	0
318	C	1.00000	0	0.00000	0
319	H	1.00000	0	0.00000	0
320	P	1.00000	0	0.00000	0
321	N	1.00000	0	0.00000	0
322	S	1.00000	0	0.00000	0
323	K	1.00000	0	0.00000	0
324	V	1.00000	0	0.00000	0
325	D	1.00000	0	0.00000	0
326	V	1.00000	0	0.00000	0
327	A	1.00000	0	0.00000	0
328	N	1.00000	0	0.00000	0
329	I	1.00000	0	0.00000	0
330	M	1.00000	0	0.00000	0
331	A	1.00000	0	0.00000	0
332	N	1.00000	0	0.00000	0
333	K	1.00000	0	0.00000	0
334	S	1.00000	0	0.00000	0
335	R	1.00000	0	0.00000	0
336	L	1.00000	0	0.00000	0
337	S	1.00000	0	0.00000	0
338	R	1.00000	0	0.00000	0
339	D	1.00000	0	0.00000	0
340	K	0.91623	0	0.08377	0
341	R	0.91540	0	0.08460	0
342	V	0.74579	0	0.25421	0
343	A	0.73850	0	0.26150	0
344	K	0.73321	0	0.26679	0
345	S	0.52175	0	0.47825	0
346	L	0.01429	0	0.98571	0
347	A	0.00056	0	0.99944	0
348	I	0.00033	0	0.99967	0
349	I	0.00000	0	1.00000	0
350	V	0.00000	0	1.00000	0
351	C	0.00000	0	1.00000	0
352	V	0.00000	0	1.00000	0
353	F	0.00000	0	1.00000	0
354	G	0.00000	0	1.00000	0
355	L	0.00000	0	1.00000	0
356	S	0.00000	0	1.00000	0
357	W	0.00000	0	1.00000	0
358	A	0.00000	0	1.00000	0
359	P	0.00000	0	1.00000	0
360	Y	0.00000	1e-05	0.99999	0
361	T	0.00000	4e-05	0.99996	0
362	L	0.00000	0.00013	0.99987	0
363	L	0.00000	0.00083	0.99917	0
364	M	0.00000	0.00398	0.99602	0
365	I	0.00000	0.05496	0.94504	0
366	I	0.00000	0.12658	0.87342	0
367	R	0.00000	0.58685	0.41315	0
368	A	0.00000	0.62675	0.37325	0
369	A	0.00000	0.75706	0.24294	0
370	C	0.00000	0.96991	0.03009	0
371	H	0.00000	0.99336	0.00664	0
372	G	0.00000	0.99994	0.00006	0
373	H	0.00000	0.99999	0.00001	0
374	C	0.00000	1	0.00000	0
375	V	0.00000	1	0.00000	0
376	H	0.00000	1	0.00000	0
377	Y	0.00000	1	0.00000	0
378	S	0.00000	1	0.00000	0
379	L	0.00000	1	0.00000	0
380	Y	0.00000	0.99999	0.00001	0
381	E	0.00000	0.99982	0.00018	0
382	I	0.00000	0.99852	0.00148	0
383	S	0.00000	0.99763	0.00237	0
384	F	0.00000	0.32848	0.67152	0
385	W	0.00000	0.02816	0.97184	0
386	L	0.00000	9e-05	0.99991	0
387	L	0.00000	0	1.00000	0
388	W	0.00000	0	1.00000	0
389	V	0.00000	0	1.00000	0
390	N	0.00000	0	1.00000	0
391	S	0.00000	0	1.00000	0
392	A	0.00000	0	1.00000	0
393	I	0.00000	0	1.00000	0
394	N	0.00000	0	1.00000	0
395	P	0.00000	0	1.00000	0
396	V	0.00000	0	1.00000	0
397	L	0.00000	0	1.00000	0
398	Y	0.00000	0	1.00000	0
399	P	0.00000	0	1.00000	0
400	L	0.00000	0	1.00000	0
401	C	0.00001	0	0.99999	0
402	H	0.00010	0	0.99990	0
403	M	0.00284	0	0.99716	0
404	S	0.01281	0	0.98719	0
405	F	0.15074	0	0.84926	0
406	R	1.00000	0	0.00000	0
407	K	1.00000	0	0.00000	0
408	A	1.00000	0	0.00000	0
409	F	1.00000	0	0.00000	0
410	I	1.00000	0	0.00000	0
411	K	1.00000	0	0.00000	0
412	L	1.00000	0	0.00000	0
413	L	1.00000	0	0.00000	0
414	C	1.00000	0	0.00000	0
415	P	1.00000	0	0.00000	0
416	R	1.00000	0	0.00000	0
417	K	1.00000	0	0.00000	0
418	A	1.00000	0	0.00000	0
419	K	1.00000	0	0.00000	0
420	I	1.00000	0	0.00000	0
421	H	1.00000	0	0.00000	0
422	P	1.00000	0	0.00000	0
423	D	1.00000	0	0.00000	0
424	I	1.00000	0	0.00000	0
425	L	1.00000	0	0.00000	0
426	M	1.00000	0	0.00000	0
