# UNNAMED
#pos	aa	i	o	M	S
1	M	0.00000	0.99993	0.00000	7e-05
2	S	0.00000	0.99993	0.00000	8e-05
3	S	0.00000	0.99993	0.00000	7e-05
4	N	0.00000	0.99993	0.00000	7e-05
5	S	0.00000	0.99993	0.00000	7e-05
6	S	0.00000	0.99993	0.00000	7e-05
7	P	0.00000	0.99993	0.00000	7e-05
8	P	0.00000	0.99993	0.00000	7e-05
9	V	0.00000	0.99993	0.00000	7e-05
10	A	0.00000	0.99993	0.00000	7e-05
11	P	0.00000	0.99993	0.00000	7e-05
12	L	0.00000	0.99993	0.00000	7e-05
13	L	0.00000	0.99993	0.00000	7e-05
14	C	0.00000	0.99993	0.00000	7e-05
15	Y	0.00000	0.99996	0.00000	4e-05
16	E	0.00000	0.99996	0.00000	4e-05
17	N	0.00000	0.99996	0.00000	4e-05
18	L	0.00000	0.99996	0.00000	4e-05
19	N	0.00000	0.99996	0.00000	4e-05
20	G	0.00000	0.99996	0.00000	4e-05
21	S	0.00000	0.99996	0.00000	4e-05
22	C	0.00000	0.99998	0.00000	2e-05
23	I	0.00000	1	0.00000	0
24	K	0.00000	1	0.00000	0
25	T	0.00000	1	0.00000	0
26	P	0.00000	1	0.00000	0
27	Y	0.00000	1	0.00000	0
28	S	0.00000	1	0.00000	0
29	Q	0.00000	1	0.00000	0
30	G	0.00000	0.99997	0.00003	0
31	P	0.00000	0.99992	0.00008	0
32	R	0.00000	0.98754	0.01246	0
33	V	0.00000	0.44763	0.55237	0
34	I	0.00000	0.14869	0.85131	0
35	L	0.00000	0.05164	0.94836	0
36	Y	0.00000	0.022	0.97800	0
37	A	0.00000	0.0065	0.99350	0
38	V	0.00000	0.00146	0.99854	0
39	F	0.00000	0.00033	0.99967	0
40	G	0.00000	0.00012	0.99988	0
41	F	0.00000	1e-05	0.99999	0
42	G	0.00000	0	1.00000	0
43	A	0.00000	0	1.00000	0
44	V	0.00000	0	1.00000	0
45	L	0.00000	0	1.00000	0
46	A	0.00000	0	1.00000	0
47	V	0.00000	0	1.00000	0
48	L	0.00000	0	1.00000	0
49	G	0.00000	0	1.00000	0
50	N	0.00000	0	1.00000	0
51	L	0.00000	0	1.00000	0
52	L	0.00001	0	0.99999	0
53	V	0.00026	0	0.99974	0
54	M	0.00499	0	0.99501	0
55	T	0.05391	0	0.94609	0
56	S	0.15121	0	0.84879	0
57	I	0.17498	0	0.82502	0
58	L	0.36630	0	0.63370	0
59	H	0.70471	0	0.29529	0
60	F	0.76059	0	0.23941	0
61	K	0.99445	0	0.00555	0
62	Q	0.99997	0	0.00003	0
63	L	0.99999	0	0.00001	0
64	H	1.00000	0	0.00000	0
65	S	1.00000	0	0.00000	0
66	P	1.00000	0	0.00000	0
67	T	0.67875	0	0.32125	0
68	N	0.15716	0	0.84284	0
69	F	0.02932	0	0.97068	0
70	L	0.00055	0	0.99945	0
71	I	0.00001	0	0.99999	0
72	A	0.00000	0	1.00000	0
73	S	0.00000	0	1.00000	0
74	L	0.00000	0	1.00000	0
75	A	0.00000	0	1.00000	0
76	C	0.00000	0	1.00000	0
77	A	0.00000	0	1.00000	0
78	D	0.00000	0	1.00000	0
79	F	0.00000	0	1.00000	0
80	L	0.00000	0	1.00000	0
81	V	0.00000	0	1.00000	0
82	G	0.00000	0	1.00000	0
83	V	0.00000	0	1.00000	0
84	T	0.00000	0	1.00000	0
85	V	0.00000	2e-05	0.99998	0
86	M	0.00000	0.00141	0.99859	0
87	P	0.00000	0.02489	0.97511	0
88	F	0.00000	0.07332	0.92668	0
89	S	0.00000	0.29692	0.70308	0
90	M	0.00000	0.37349	0.62651	0
91	V	0.00000	0.63197	0.36803	0
92	R	0.00000	0.99992	0.00008	0
93	S	0.00000	0.99997	0.00003	0
94	V	0.00000	0.99997	0.00003	0
95	E	0.00000	1	0.00000	0
96	S	0.00000	1	0.00000	0
97	C	0.00000	1	0.00000	0
98	W	0.00000	0.99999	0.00001	0
99	Y	0.00000	0.99993	0.00007	0
100	F	0.00000	0.99954	0.00046	0
101	G	0.00000	0.99952	0.00048	0
102	R	0.00000	0.99947	0.00053	0
103	S	0.00000	0.9991	0.00090	0
104	F	0.00000	0.95235	0.04765	0
105	C	0.00000	0.94411	0.05589	0
106	T	0.00000	0.93407	0.06593	0
107	F	0.00000	0.9315	0.06850	0
108	H	0.00000	0.80573	0.19427	0
109	T	0.00000	0.64068	0.35932	0
110	C	0.00000	0.53649	0.46351	0
111	C	0.00000	0.11366	0.88634	0
112	D	0.00000	0.07862	0.92138	0
113	V	0.00000	0.00062	0.99938	0
114	A	0.00000	1e-05	0.99999	0
115	F	0.00000	0	1.00000	0
116	C	0.00000	0	1.00000	0
117	Y	0.00000	0	1.00000	0
118	S	0.00000	0	1.00000	0
119	S	0.00000	0	1.00000	0
120	L	0.00000	0	1.00000	0
121	F	0.00000	0	1.00000	0
122	H	0.00001	0	0.99999	0
123	L	0.00002	0	0.99998	0
124	C	0.00027	0	0.99973	0
125	F	0.00031	0	0.99969	0
126	I	0.00075	0	0.99925	0
127	S	0.00129	0	0.99871	0
128	I	0.00146	0	0.99854	0
129	D	0.00188	0	0.99812	0
130	R	0.20222	0	0.79778	0
131	Y	0.77632	0	0.22368	0
132	I	0.89208	0	0.10792	0
133	A	0.96085	0	0.03915	0
134	V	0.99990	0	0.00010	0
135	T	1.00000	0	0.00000	0
136	D	1.00000	0	0.00000	0
137	P	1.00000	0	0.00000	0
138	L	1.00000	0	0.00000	0
139	V	1.00000	0	0.00000	0
140	Y	1.00000	0	0.00000	0
141	P	1.00000	0	0.00000	0
142	T	0.99995	0	0.00005	0
143	K	0.99965	0	0.00035	0
144	F	0.92846	0	0.07154	0
145	T	0.89176	0	0.10824	0
146	V	0.74861	0	0.25139	0
147	S	0.65467	0	0.34533	0
148	V	0.36799	0	0.63201	0
149	S	0.33331	0	0.66669	0
150	G	0.14006	0	0.85994	0
151	I	0.00442	0	0.99558	0
152	C	0.00002	0	0.99998	0
153	I	0.00000	0	1.00000	0
154	C	0.00000	0	1.00000	0
155	I	0.00000	0	1.00000	0
156	S	0.00000	0	1.00000	0
157	W	0.00000	0	1.00000	0
158	I	0.00000	0	1.00000	0
159	L	0.00000	0	1.00000	0
160	P	0.00000	0	1.00000	0
161	L	0.00000	0	1.00000	0
162	V	0.00000	1e-05	0.99999	0
163	Y	0.00000	0.00084	0.99916	0
164	S	0.00000	0.01392	0.98608	0
165	G	0.00000	0.03255	0.96745	0
166	A	0.00000	0.05017	0.94983	0
167	V	0.00000	0.09446	0.90554	0
168	F	0.00000	0.22114	0.77886	0
169	Y	0.00000	0.38027	0.61973	0
170	T	0.00000	0.59199	0.40801	0
171	G	0.00000	0.82791	0.17209	0
172	V	0.00000	0.87323	0.12677	0
173	Y	0.00000	0.96245	0.03755	0
174	D	0.00000	0.99999	0.00001	0
175	D	0.00000	1	0.00000	0
176	G	0.00000	1	0.00000	0
177	L	0.00000	1	0.00000	0
178	E	0.00000	1	0.00000	0
179	E	0.00000	1	0.00000	0
180	L	0.00000	1	0.00000	0
181	S	0.00000	1	0.00000	0
182	N	0.00000	1	0.00000	0
183	A	0.00000	1	0.00000	0
184	L	0.00000	1	0.00000	0
185	N	0.00000	1	0.00000	0
186	C	0.00000	1	0.00000	0
187	I	0.00000	1	0.00000	0
188	G	0.00000	1	0.00000	0
189	G	0.00000	1	0.00000	0
190	C	0.00000	1	0.00000	0
191	Q	0.00000	1	0.00000	0
192	V	0.00000	0.9996	0.00040	0
193	V	0.00000	0.99955	0.00045	0
194	V	0.00000	0.99953	0.00047	0
195	N	0.00000	0.99953	0.00047	0
196	Q	0.00000	0.99948	0.00052	0
197	N	0.00000	0.06391	0.93609	0
198	W	0.00000	0.05986	0.94014	0
199	V	0.00000	0.05706	0.94294	0
200	L	0.00000	0.01323	0.98677	0
201	I	0.00000	0.01288	0.98712	0
202	D	0.00000	0.01282	0.98718	0
203	F	0.00000	0.00731	0.99269	0
204	L	0.00000	0	1.00000	0
205	S	0.00000	0	1.00000	0
206	F	0.00000	0	1.00000	0
207	F	0.00000	0	1.00000	0
208	I	0.00000	0	1.00000	0
209	P	0.00000	0	1.00000	0
210	T	0.00000	0	1.00000	0
211	I	0.00000	0	1.00000	0
212	V	0.00000	0	1.00000	0
213	M	0.00000	0	1.00000	0
214	I	0.00000	0	1.00000	0
215	I	0.00000	0	1.00000	0
216	L	0.00002	0	0.99998	0
217	Y	0.00008	0	0.99992	0
218	G	0.00138	0	0.99862	0
219	N	0.00717	0	0.99283	0
220	I	0.00945	0	0.99055	0
221	F	0.02695	0	0.97305	0
222	L	0.18403	0	0.81597	0
223	V	0.27750	0	0.72250	0
224	A	0.73792	0	0.26208	0
225	R	0.99306	0	0.00694	0
226	E	0.99971	0	0.00029	0
227	Q	0.99998	0	0.00002	0
228	A	0.99999	0	0.00001	0
229	K	1.00000	0	0.00000	0
230	K	1.00000	0	0.00000	0
231	I	1.00000	0	0.00000	0
232	E	1.00000	0	0.00000	0
233	N	1.00000	0	0.00000	0
234	V	1.00000	0	0.00000	0
235	S	1.00000	0	0.00000	0
236	G	1.00000	0	0.00000	0
237	K	1.00000	0	0.00000	0
238	A	1.00000	0	0.00000	0
239	E	1.00000	0	0.00000	0
240	S	1.00000	0	0.00000	0
241	S	1.00000	0	0.00000	0
242	S	1.00000	0	0.00000	0
243	E	1.00000	0	0.00000	0
244	S	1.00000	0	0.00000	0
245	Y	1.00000	0	0.00000	0
246	K	1.00000	0	0.00000	0
247	A	1.00000	0	0.00000	0
248	R	1.00000	0	0.00000	0
249	V	1.00000	0	0.00000	0
250	A	1.00000	0	0.00000	0
251	K	1.00000	0	0.00000	0
252	R	1.00000	0	0.00000	0
253	E	1.00000	0	0.00000	0
254	R	0.91332	0	0.08668	0
255	K	0.90967	0	0.09033	0
256	A	0.12387	0	0.87613	0
257	A	0.12301	0	0.87699	0
258	K	0.11464	0	0.88536	0
259	T	0.08951	0	0.91049	0
260	L	0.08685	0	0.91315	0
261	G	0.07403	0	0.92597	0
262	I	0.06652	0	0.93348	0
263	T	0.04799	0	0.95201	0
264	V	0.04576	0	0.95424	0
265	I	0.00026	0	0.99974	0
266	A	0.00002	0	0.99998	0
267	F	0.00002	0	0.99998	0
268	M	0.00000	0	1.00000	0
269	I	0.00000	0	1.00000	0
270	S	0.00000	0	1.00000	0
271	W	0.00000	0	1.00000	0
272	L	0.00000	0	1.00000	0
273	P	0.00000	0.00043	0.99957	0
274	Y	0.00000	0.00157	0.99843	0
275	S	0.00000	0.01293	0.98707	0
276	I	0.00000	0.06454	0.93546	0
277	D	0.00000	0.81393	0.18607	0
278	S	0.00000	0.81805	0.18195	0
279	L	0.00000	0.8248	0.17520	0
280	V	0.00000	0.8353	0.16470	0
281	D	0.00000	0.87308	0.12692	0
282	A	0.00000	0.87312	0.12688	0
283	F	0.00000	0.87365	0.12635	0
284	M	0.00000	0.87626	0.12374	0
285	G	0.00000	0.88633	0.11367	0
286	F	0.00000	0.88882	0.11118	0
287	I	0.00000	0.91648	0.08352	0
288	T	0.00000	0.96463	0.03537	0
289	P	0.00000	0.98232	0.01768	0
290	A	0.00000	0.98341	0.01659	0
291	Y	0.00000	0.98876	0.01124	0
292	I	0.00000	0.99109	0.00891	0
293	Y	0.00000	0.99442	0.00558	0
294	E	0.00000	0.73638	0.26362	0
295	I	0.00000	0.44039	0.55961	0
296	C	0.00000	0.36002	0.63998	0
297	V	0.00000	0.06879	0.93121	0
298	W	0.00000	0.00574	0.99426	0
299	C	0.00000	0.00022	0.99978	0
300	A	0.00001	0	0.99999	0
301	Y	0.00003	0	0.99997	0
302	Y	0.00004	0	0.99996	0
303	N	0.00015	0	0.99985	0
304	S	0.00015	0	0.99985	0
305	A	0.00015	0	0.99985	0
306	M	0.00016	0	0.99984	0
307	N	0.00016	0	0.99984	0
308	P	0.00016	0	0.99984	0
309	L	0.00016	0	0.99984	0
310	I	0.00017	0	0.99983	0
311	Y	0.00031	0	0.99969	0
312	A	0.00078	0	0.99922	0
313	L	0.00126	0	0.99874	0
314	F	0.00583	0	0.99417	0
315	Y	0.02962	0	0.97038	0
316	P	0.12949	0	0.87051	0
317	W	0.17772	0	0.82228	0
318	F	0.52042	0	0.47958	0
319	K	1.00000	0	0.00000	0
320	K	1.00000	0	0.00000	0
321	A	1.00000	0	0.00000	0
322	I	1.00000	0	0.00000	0
323	K	1.00000	0	0.00000	0
324	V	1.00000	0	0.00000	0
325	I	1.00000	0	0.00000	0
326	I	1.00000	0	0.00000	0
327	S	1.00000	0	0.00000	0
328	G	1.00000	0	0.00000	0
329	Q	1.00000	0	0.00000	0
330	I	1.00000	0	0.00000	0
331	L	1.00000	0	0.00000	0
332	R	1.00000	0	0.00000	0
333	N	1.00000	0	0.00000	0
334	S	1.00000	0	0.00000	0
335	S	1.00000	0	0.00000	0
336	A	1.00000	0	0.00000	0
337	T	1.00000	0	0.00000	0
338	M	1.00000	0	0.00000	0
339	N	1.00000	0	0.00000	0
340	L	1.00000	0	0.00000	0
341	F	1.00000	0	0.00000	0
342	S	1.00000	0	0.00000	0
343	D	1.00000	0	0.00000	0
344	Q	1.00000	0	0.00000	0
345	M	1.00000	0	0.00000	0
