# UNNAMED
#pos	aa	i	o	M	S
1	M	0.00000	0.99914	0.00000	0.00086
2	N	0.00000	0.99914	0.00000	0.00086
3	S	0.00000	0.99914	0.00000	0.00086
4	S	0.00000	0.99914	0.00000	0.00086
5	S	0.00000	0.99914	0.00000	0.00086
6	S	0.00000	0.99914	0.00000	0.00086
7	T	0.00000	0.99914	0.00000	0.00086
8	V	0.00000	0.99914	0.00000	0.00086
9	A	0.00000	0.99914	0.00000	0.00086
10	A	0.00000	0.99914	0.00000	0.00086
11	V	0.00000	0.99914	0.00000	0.00086
12	Q	0.00000	0.99914	0.00000	0.00086
13	L	0.00000	0.99914	0.00000	0.00086
14	C	0.00000	0.99915	0.00000	0.00084
15	Y	0.00000	0.99915	0.00000	0.00084
16	E	0.00000	0.99915	0.00000	0.00084
17	H	0.00000	0.9999	0.00000	9e-05
18	L	0.00000	0.99991	0.00000	9e-05
19	N	0.00000	0.99991	0.00000	9e-05
20	G	0.00000	0.99991	0.00000	9e-05
21	S	0.00000	0.99991	0.00000	9e-05
22	C	0.00000	0.99991	0.00000	9e-05
23	V	0.00000	1	0.00000	0
24	K	0.00000	1	0.00000	0
25	T	0.00000	1	0.00000	0
26	P	0.00000	1	0.00000	0
27	Y	0.00000	1	0.00000	0
28	S	0.00000	1	0.00000	0
29	P	0.00000	1	0.00000	0
30	A	0.00000	0.99998	0.00002	0
31	P	0.00000	0.99996	0.00004	0
32	R	0.00000	0.99551	0.00449	0
33	L	0.00000	0.57559	0.42441	0
34	I	0.00000	0.18034	0.81966	0
35	L	0.00000	0.05654	0.94346	0
36	Y	0.00000	0.02283	0.97717	0
37	T	0.00000	0.00689	0.99311	0
38	V	0.00000	0.00239	0.99761	0
39	F	0.00000	0.00056	0.99944	0
40	S	0.00000	0.00028	0.99972	0
41	F	0.00000	2e-05	0.99998	0
42	G	0.00000	1e-05	0.99999	0
43	T	0.00000	0	1.00000	0
44	V	0.00000	0	1.00000	0
45	L	0.00000	0	1.00000	0
46	A	0.00000	0	1.00000	0
47	I	0.00000	0	1.00000	0
48	F	0.00000	0	1.00000	0
49	G	0.00000	0	1.00000	0
50	N	0.00000	0	1.00000	0
51	L	0.00000	0	1.00000	0
52	L	0.00000	0	1.00000	0
53	V	0.00001	0	0.99999	0
54	M	0.00015	0	0.99985	0
55	I	0.00159	0	0.99841	0
56	S	0.12297	0	0.87703	0
57	I	0.15302	0	0.84698	0
58	L	0.39622	0	0.60378	0
59	H	0.82623	0	0.17377	0
60	F	0.89699	0	0.10301	0
61	N	0.99306	0	0.00694	0
62	Q	0.99996	0	0.00004	0
63	L	0.99999	0	0.00001	0
64	H	1.00000	0	0.00000	0
65	S	1.00000	0	0.00000	0
66	P	1.00000	0	0.00000	0
67	T	0.59142	0	0.40858	0
68	N	0.10805	0	0.89195	0
69	C	0.03589	0	0.96411	0
70	L	0.00040	0	0.99960	0
71	I	0.00001	0	0.99999	0
72	A	0.00000	0	1.00000	0
73	S	0.00000	0	1.00000	0
74	L	0.00000	0	1.00000	0
75	A	0.00000	0	1.00000	0
76	C	0.00000	0	1.00000	0
77	A	0.00000	0	1.00000	0
78	D	0.00000	0	1.00000	0
79	F	0.00000	0	1.00000	0
80	L	0.00000	0	1.00000	0
81	I	0.00000	0	1.00000	0
82	G	0.00000	0	1.00000	0
83	V	0.00000	0	1.00000	0
84	T	0.00000	0	1.00000	0
85	V	0.00000	7e-05	0.99993	0
86	M	0.00000	0.00386	0.99614	0
87	P	0.00000	0.05802	0.94198	0
88	F	0.00000	0.16902	0.83098	0
89	S	0.00000	0.68182	0.31818	0
90	T	0.00000	0.85967	0.14033	0
91	V	0.00000	0.91679	0.08321	0
92	R	0.00000	0.99998	0.00002	0
93	S	0.00000	0.99999	0.00001	0
94	V	0.00000	0.99999	0.00001	0
95	E	0.00000	1	0.00000	0
96	S	0.00000	1	0.00000	0
97	C	0.00000	1	0.00000	0
98	W	0.00000	1	0.00000	0
99	Y	0.00000	1	0.00000	0
100	F	0.00000	1	0.00000	0
101	G	0.00000	1	0.00000	0
102	E	0.00000	1	0.00000	0
103	S	0.00000	1	0.00000	0
104	Y	0.00000	0.9999	0.00010	0
105	C	0.00000	0.99984	0.00016	0
106	K	0.00000	0.99977	0.00023	0
107	F	0.00000	0.9898	0.01020	0
108	H	0.00000	0.52066	0.47934	0
109	T	0.00000	0.29035	0.70965	0
110	C	0.00000	0.23106	0.76894	0
111	F	0.00000	0.00128	0.99872	0
112	D	0.00000	0.00091	0.99909	0
113	G	0.00000	0.0001	0.99990	0
114	S	0.00000	0	1.00000	0
115	F	0.00000	0	1.00000	0
116	C	0.00000	0	1.00000	0
117	Y	0.00000	0	1.00000	0
118	A	0.00000	0	1.00000	0
119	S	0.00000	0	1.00000	0
120	I	0.00000	0	1.00000	0
121	Y	0.00000	0	1.00000	0
122	H	0.00000	0	1.00000	0
123	L	0.00000	0	1.00000	0
124	C	0.00000	0	1.00000	0
125	F	0.00000	0	1.00000	0
126	I	0.00000	0	1.00000	0
127	S	0.00000	0	1.00000	0
128	L	0.00002	0	0.99998	0
129	D	0.00030	0	0.99970	0
130	R	0.32419	0	0.67581	0
131	Y	0.92430	0	0.07570	0
132	I	0.98232	0	0.01768	0
133	A	0.99467	0	0.00533	0
134	I	0.99999	0	0.00001	0
135	T	1.00000	0	0.00000	0
136	D	1.00000	0	0.00000	0
137	P	1.00000	0	0.00000	0
138	L	1.00000	0	0.00000	0
139	V	1.00000	0	0.00000	0
140	Y	1.00000	0	0.00000	0
141	P	1.00000	0	0.00000	0
142	T	0.99998	0	0.00002	0
143	R	0.99981	0	0.00019	0
144	F	0.94481	0	0.05519	0
145	T	0.91394	0	0.08606	0
146	M	0.81393	0	0.18607	0
147	S	0.56823	0	0.43177	0
148	V	0.10733	0	0.89267	0
149	S	0.09091	0	0.90909	0
150	G	0.02868	0	0.97132	0
151	M	0.00327	0	0.99673	0
152	C	0.00002	0	0.99998	0
153	V	0.00000	0	1.00000	0
154	A	0.00000	0	1.00000	0
155	F	0.00000	0	1.00000	0
156	S	0.00000	0	1.00000	0
157	W	0.00000	0	1.00000	0
158	L	0.00000	0	1.00000	0
159	F	0.00000	0	1.00000	0
160	S	0.00000	0	1.00000	0
161	V	0.00000	0	1.00000	0
162	I	0.00000	0	1.00000	0
163	Y	0.00000	0.00024	0.99976	0
164	S	0.00000	0.00337	0.99663	0
165	F	0.00000	0.00759	0.99241	0
166	S	0.00000	0.04848	0.95152	0
167	L	0.00000	0.07801	0.92199	0
168	L	0.00000	0.31305	0.68695	0
169	G	0.00000	0.73074	0.26926	0
170	S	0.00000	0.89539	0.10461	0
171	G	0.00000	0.95115	0.04885	0
172	A	0.00000	0.96944	0.03056	0
173	N	0.00000	0.99529	0.00471	0
174	A	0.00000	0.99657	0.00343	0
175	A	0.00000	0.9985	0.00150	0
176	G	0.00000	0.99983	0.00017	0
177	L	0.00000	0.99996	0.00004	0
178	E	0.00000	1	0.00000	0
179	D	0.00000	1	0.00000	0
180	L	0.00000	1	0.00000	0
181	V	0.00000	1	0.00000	0
182	S	0.00000	1	0.00000	0
183	A	0.00000	1	0.00000	0
184	L	0.00000	1	0.00000	0
185	S	0.00000	1	0.00000	0
186	C	0.00000	1	0.00000	0
187	V	0.00000	1	0.00000	0
188	G	0.00000	1	0.00000	0
189	G	0.00000	1	0.00000	0
190	C	0.00000	0.99993	0.00007	0
191	Q	0.00000	0.99934	0.00066	0
192	F	0.00000	0.96652	0.03348	0
193	A	0.00000	0.96487	0.03513	0
194	V	0.00000	0.96415	0.03585	0
195	N	0.00000	0.96411	0.03589	0
196	Q	0.00000	0.9597	0.04030	0
197	S	0.00000	0.52117	0.47883	0
198	W	0.00000	0.44112	0.55888	0
199	V	0.00000	0.04375	0.95625	0
200	L	0.00000	0.01972	0.98028	0
201	V	0.00000	0.01026	0.98974	0
202	N	0.00000	0.00826	0.99174	0
203	F	0.00000	0.00462	0.99538	0
204	T	0.00000	2e-05	0.99998	0
205	L	0.00000	0	1.00000	0
206	F	0.00000	0	1.00000	0
207	F	0.00000	0	1.00000	0
208	I	0.00000	0	1.00000	0
209	P	0.00000	0	1.00000	0
210	T	0.00000	0	1.00000	0
211	L	0.00000	0	1.00000	0
212	V	0.00000	0	1.00000	0
213	M	0.00000	0	1.00000	0
214	I	0.00000	0	1.00000	0
215	V	0.00010	0	0.99990	0
216	L	0.00145	0	0.99855	0
217	Y	0.00732	0	0.99268	0
218	S	0.03334	0	0.96666	0
219	N	0.03877	0	0.96123	0
220	V	0.03989	0	0.96011	0
221	F	0.04684	0	0.95316	0
222	L	0.11554	0	0.88446	0
223	I	0.16514	0	0.83486	0
224	A	0.64677	0	0.35323	0
225	K	0.99262	0	0.00738	0
226	Q	0.99984	0	0.00016	0
227	Q	0.99999	0	0.00001	0
228	A	1.00000	0	0.00000	0
229	R	1.00000	0	0.00000	0
230	K	1.00000	0	0.00000	0
231	I	1.00000	0	0.00000	0
232	E	1.00000	0	0.00000	0
233	N	1.00000	0	0.00000	0
234	L	1.00000	0	0.00000	0
235	S	1.00000	0	0.00000	0
236	N	1.00000	0	0.00000	0
237	K	1.00000	0	0.00000	0
238	T	1.00000	0	0.00000	0
239	G	1.00000	0	0.00000	0
240	R	1.00000	0	0.00000	0
241	C	1.00000	0	0.00000	0
242	S	1.00000	0	0.00000	0
243	Y	1.00000	0	0.00000	0
244	S	1.00000	0	0.00000	0
245	Y	1.00000	0	0.00000	0
246	Q	1.00000	0	0.00000	0
247	D	1.00000	0	0.00000	0
248	R	1.00000	0	0.00000	0
249	V	1.00000	0	0.00000	0
250	A	1.00000	0	0.00000	0
251	K	1.00000	0	0.00000	0
252	R	1.00000	0	0.00000	0
253	E	1.00000	0	0.00000	0
254	R	0.91068	0	0.08932	0
255	K	0.90664	0	0.09336	0
256	A	0.02258	0	0.97742	0
257	V	0.02170	0	0.97830	0
258	K	0.02038	0	0.97962	0
259	T	0.01089	0	0.98911	0
260	L	0.01058	0	0.98942	0
261	G	0.00334	0	0.99666	0
262	I	0.00201	0	0.99799	0
263	A	0.00198	0	0.99802	0
264	V	0.00188	0	0.99812	0
265	L	0.00001	0	0.99999	0
266	V	0.00000	0	1.00000	0
267	F	0.00000	0	1.00000	0
268	L	0.00000	0	1.00000	0
269	I	0.00000	0	1.00000	0
270	S	0.00000	0	1.00000	0
271	W	0.00000	0	1.00000	0
272	L	0.00000	0	1.00000	0
273	P	0.00000	3e-05	0.99997	0
274	Y	0.00000	0.00013	0.99987	0
275	F	0.00000	0.00119	0.99881	0
276	L	0.00000	0.04885	0.95115	0
277	D	0.00000	0.92468	0.07532	0
278	S	0.00000	0.92947	0.07053	0
279	I	0.00000	0.93722	0.06278	0
280	I	0.00000	0.94645	0.05355	0
281	D	0.00000	0.97423	0.02577	0
282	A	0.00000	0.97428	0.02572	0
283	F	0.00000	0.97458	0.02542	0
284	L	0.00000	0.97592	0.02408	0
285	G	0.00000	0.98009	0.01991	0
286	F	0.00000	0.98094	0.01906	0
287	I	0.00000	0.98817	0.01183	0
288	T	0.00000	0.99708	0.00292	0
289	P	0.00000	0.99938	0.00062	0
290	T	0.00000	0.9997	0.00030	0
291	Y	0.00000	0.99979	0.00021	0
292	V	0.00000	0.9994	0.00060	0
293	Y	0.00000	0.99892	0.00108	0
294	E	0.00000	0.84246	0.15754	0
295	M	0.00000	0.0931	0.90690	0
296	L	0.00000	0.02122	0.97878	0
297	V	0.00000	0.00367	0.99633	0
298	W	0.00000	0.00027	0.99973	0
299	I	0.00000	0	1.00000	0
300	A	0.00000	0	1.00000	0
301	Y	0.00000	0	1.00000	0
302	Y	0.00000	0	1.00000	0
303	N	0.00000	0	1.00000	0
304	S	0.00000	0	1.00000	0
305	A	0.00000	0	1.00000	0
306	M	0.00000	0	1.00000	0
307	N	0.00000	0	1.00000	0
308	P	0.00000	0	1.00000	0
309	L	0.00000	0	1.00000	0
310	I	0.00000	0	1.00000	0
311	Y	0.00000	0	1.00000	0
312	A	0.00000	0	1.00000	0
313	F	0.00002	0	0.99998	0
314	F	0.00071	0	0.99929	0
315	Y	0.01944	0	0.98056	0
316	P	0.17399	0	0.82601	0
317	W	0.25414	0	0.74586	0
318	F	0.74197	0	0.25803	0
319	R	1.00000	0	0.00000	0
320	K	1.00000	0	0.00000	0
321	A	1.00000	0	0.00000	0
322	I	1.00000	0	0.00000	0
323	K	1.00000	0	0.00000	0
324	L	1.00000	0	0.00000	0
325	I	1.00000	0	0.00000	0
326	V	1.00000	0	0.00000	0
327	T	1.00000	0	0.00000	0
328	G	1.00000	0	0.00000	0
329	K	1.00000	0	0.00000	0
330	F	1.00000	0	0.00000	0
331	L	1.00000	0	0.00000	0
332	R	1.00000	0	0.00000	0
333	E	1.00000	0	0.00000	0
334	N	1.00000	0	0.00000	0
335	S	1.00000	0	0.00000	0
336	L	1.00000	0	0.00000	0
337	T	1.00000	0	0.00000	0
338	V	1.00000	0	0.00000	0
339	N	1.00000	0	0.00000	0
340	L	1.00000	0	0.00000	0
341	F	1.00000	0	0.00000	0
342	S	1.00000	0	0.00000	0
343	G	1.00000	0	0.00000	0
