# UNNAMED
#pos	aa	i	o	M	S
1	M	0.00000	0.99513	0.00000	0.00487
2	P	0.00000	0.99513	0.00000	0.00487
3	P	0.00000	0.99513	0.00000	0.00487
4	P	0.00000	0.99513	0.00000	0.00487
5	L	0.00000	0.99513	0.00000	0.00486
6	S	0.00000	0.99513	0.00000	0.00486
7	R	0.00000	0.99513	0.00000	0.00486
8	V	0.00000	0.99513	0.00000	0.00487
9	S	0.00000	0.99513	0.00000	0.00487
10	W	0.00000	0.99513	0.00000	0.00487
11	E	0.00000	0.99513	0.00000	0.00486
12	T	0.00000	0.99513	0.00000	0.00486
13	L	0.00000	0.99513	0.00000	0.00487
14	S	0.00000	0.99513	0.00000	0.00486
15	L	0.00000	0.99513	0.00000	0.00487
16	I	0.00000	0.99543	0.00000	0.00457
17	P	0.00000	0.99543	0.00000	0.00457
18	S	0.00000	0.99543	0.00000	0.00457
19	R	0.00000	0.99892	0.00000	0.00108
20	P	0.00000	0.99892	0.00000	0.00108
21	T	0.00000	0.99901	0.00000	0.00099
22	R	0.00000	0.99904	0.00000	0.00097
23	D	0.00000	0.99903	0.00000	0.00097
24	A	0.00000	0.99989	0.00000	0.00011
25	G	0.00000	0.99994	0.00000	6e-05
26	M	0.00000	0.99994	0.00000	6e-05
27	A	0.00000	0.99999	0.00000	1e-05
28	P	0.00000	1	0.00000	0
29	W	0.00000	1	0.00000	0
30	P	0.00000	1	0.00000	0
31	P	0.00000	1	0.00000	0
32	G	0.00000	1	0.00000	0
33	N	0.00000	1	0.00000	0
34	S	0.00000	1	0.00000	0
35	S	0.00000	1	0.00000	0
36	L	0.00000	1	0.00000	0
37	T	0.00000	1	0.00000	0
38	P	0.00000	1	0.00000	0
39	W	0.00000	1	0.00000	0
40	P	0.00000	1	0.00000	0
41	D	0.00000	1	0.00000	0
42	I	0.00000	1	0.00000	0
43	P	0.00000	1	0.00000	0
44	T	0.00000	1	0.00000	0
45	L	0.00000	1	0.00000	0
46	A	0.00000	1	0.00000	0
47	P	0.00000	1	0.00000	0
48	N	0.00000	1	0.00000	0
49	T	0.00000	1	0.00000	0
50	A	0.00000	1	0.00000	0
51	N	0.00000	1	0.00000	0
52	A	0.00000	1	0.00000	0
53	S	0.00000	1	0.00000	0
54	G	0.00000	0.99999	0.00001	0
55	L	0.00000	0.99991	0.00009	0
56	P	0.00000	0.99238	0.00762	0
57	G	0.00000	0.95041	0.04959	0
58	V	0.00000	0.76763	0.23237	0
59	P	0.00000	0.66435	0.33565	0
60	W	0.00000	0.2597	0.74030	0
61	A	0.00000	0.14155	0.85845	0
62	V	0.00000	0.07481	0.92519	0
63	A	0.00000	0.04637	0.95363	0
64	L	0.00000	0.02565	0.97435	0
65	A	0.00000	0.01601	0.98399	0
66	G	0.00000	0.00961	0.99039	0
67	A	0.00000	0.00324	0.99676	0
68	L	0.00000	0.00072	0.99928	0
69	L	0.00000	6e-05	0.99994	0
70	A	0.00000	0	1.00000	0
71	L	0.00000	0	1.00000	0
72	A	0.00000	0	1.00000	0
73	V	0.00000	0	1.00000	0
74	L	0.00000	0	1.00000	0
75	A	0.00000	0	1.00000	0
76	T	0.00000	0	1.00000	0
77	V	0.00000	0	1.00000	0
78	G	0.00000	0	1.00000	0
79	G	0.00000	0	1.00000	0
80	N	0.00000	0	1.00000	0
81	L	0.00000	0	1.00000	0
82	L	0.00000	0	1.00000	0
83	V	0.00001	0	0.99999	0
84	I	0.00022	0	0.99978	0
85	V	0.00840	0	0.99160	0
86	A	0.11063	0	0.88937	0
87	I	0.21413	0	0.78587	0
88	A	0.72152	0	0.27848	0
89	R	0.99715	0	0.00285	0
90	T	0.99985	0	0.00015	0
91	P	1.00000	0	0.00000	0
92	R	1.00000	0	0.00000	0
93	L	0.99974	0	0.00026	0
94	Q	0.99856	0	0.00144	0
95	T	0.98705	0	0.01295	0
96	M	0.68582	0	0.31418	0
97	T	0.54052	0	0.45948	0
98	N	0.11512	0	0.88488	0
99	V	0.04846	0	0.95154	0
100	F	0.00033	0	0.99967	0
101	V	0.00002	0	0.99998	0
102	T	0.00000	0	1.00000	0
103	S	0.00000	0	1.00000	0
104	L	0.00000	0	1.00000	0
105	A	0.00000	0	1.00000	0
106	T	0.00000	0	1.00000	0
107	A	0.00000	0	1.00000	0
108	D	0.00000	0	1.00000	0
109	L	0.00000	0	1.00000	0
110	V	0.00000	0	1.00000	0
111	V	0.00000	0	1.00000	0
112	G	0.00000	0	1.00000	0
113	L	0.00000	0	1.00000	0
114	L	0.00000	3e-05	0.99997	0
115	V	0.00000	0.00119	0.99881	0
116	V	0.00000	0.0103	0.98970	0
117	P	0.00000	0.05471	0.94529	0
118	P	0.00000	0.11737	0.88263	0
119	G	0.00000	0.3457	0.65430	0
120	A	0.00000	0.65822	0.34178	0
121	T	0.00000	0.92951	0.07049	0
122	L	0.00000	0.99986	0.00014	0
123	A	0.00000	1	0.00000	0
124	L	0.00000	1	0.00000	0
125	T	0.00000	1	0.00000	0
126	G	0.00000	1	0.00000	0
127	H	0.00000	1	0.00000	0
128	W	0.00000	1	0.00000	0
129	P	0.00000	1	0.00000	0
130	L	0.00000	1	0.00000	0
131	G	0.00000	1	0.00000	0
132	V	0.00000	1	0.00000	0
133	T	0.00000	1	0.00000	0
134	G	0.00000	1	0.00000	0
135	C	0.00000	1	0.00000	0
136	E	0.00000	1	0.00000	0
137	L	0.00000	0.99956	0.00044	0
138	W	0.00000	0.94743	0.05257	0
139	T	0.00000	0.63905	0.36095	0
140	S	0.00000	0.09799	0.90201	0
141	V	0.00000	0.02613	0.97387	0
142	D	0.00000	0.00683	0.99317	0
143	V	0.00000	0.00015	0.99985	0
144	L	0.00000	0	1.00000	0
145	C	0.00000	0	1.00000	0
146	V	0.00000	0	1.00000	0
147	T	0.00000	0	1.00000	0
148	A	0.00000	0	1.00000	0
149	S	0.00000	0	1.00000	0
150	I	0.00000	0	1.00000	0
151	E	0.00000	0	1.00000	0
152	T	0.00000	0	1.00000	0
153	L	0.00000	0	1.00000	0
154	C	0.00000	0	1.00000	0
155	A	0.00000	0	1.00000	0
156	L	0.00000	0	1.00000	0
157	A	0.00000	0	1.00000	0
158	V	0.00000	0	1.00000	0
159	D	0.00000	0	1.00000	0
160	R	0.01107	0	0.98893	0
161	Y	0.12147	0	0.87853	0
162	L	0.75639	0	0.24361	0
163	A	0.94861	0	0.05139	0
164	V	0.99998	0	0.00002	0
165	T	1.00000	0	0.00000	0
166	N	1.00000	0	0.00000	0
167	P	1.00000	0	0.00000	0
168	L	1.00000	0	0.00000	0
169	R	1.00000	0	0.00000	0
170	Y	1.00000	0	0.00000	0
171	G	1.00000	0	0.00000	0
172	A	1.00000	0	0.00000	0
173	L	1.00000	0	0.00000	0
174	V	1.00000	0	0.00000	0
175	T	1.00000	0	0.00000	0
176	K	1.00000	0	0.00000	0
177	R	0.99987	0	0.00013	0
178	R	0.99113	0	0.00887	0
179	A	0.41681	0	0.58319	0
180	L	0.01373	0	0.98627	0
181	A	0.00059	0	0.99941	0
182	A	0.00003	0	0.99997	0
183	V	0.00000	0	1.00000	0
184	V	0.00000	0	1.00000	0
185	L	0.00000	0	1.00000	0
186	V	0.00000	0	1.00000	0
187	W	0.00000	0	1.00000	0
188	V	0.00000	0	1.00000	0
189	V	0.00000	0	1.00000	0
190	S	0.00000	0	1.00000	0
191	A	0.00000	0	1.00000	0
192	A	0.00000	0	1.00000	0
193	V	0.00000	0	1.00000	0
194	S	0.00000	0	1.00000	0
195	F	0.00000	0	1.00000	0
196	A	0.00000	0	1.00000	0
197	P	0.00000	4e-05	0.99996	0
198	I	0.00000	0.00046	0.99954	0
199	M	0.00000	0.02018	0.97982	0
200	S	0.00000	0.59629	0.40371	0
201	K	0.00000	0.99246	0.00754	0
202	W	0.00000	0.99517	0.00483	0
203	W	0.00000	0.9985	0.00150	0
204	R	0.00000	0.99998	0.00002	0
205	I	0.00000	0.99999	0.00001	0
206	G	0.00000	1	0.00000	0
207	A	0.00000	1	0.00000	0
208	D	0.00000	1	0.00000	0
209	A	0.00000	1	0.00000	0
210	E	0.00000	1	0.00000	0
211	A	0.00000	1	0.00000	0
212	Q	0.00000	1	0.00000	0
213	R	0.00000	1	0.00000	0
214	C	0.00000	1	0.00000	0
215	H	0.00000	1	0.00000	0
216	S	0.00000	1	0.00000	0
217	N	0.00000	1	0.00000	0
218	P	0.00000	1	0.00000	0
219	R	0.00000	1	0.00000	0
220	C	0.00000	1	0.00000	0
221	C	0.00000	0.99992	0.00008	0
222	T	0.00000	0.99876	0.00124	0
223	F	0.00000	0.96354	0.03646	0
224	A	0.00000	0.9617	0.03830	0
225	S	0.00000	0.96036	0.03964	0
226	N	0.00000	0.95929	0.04071	0
227	M	0.00000	0.94751	0.05249	0
228	P	0.00000	0.83947	0.16053	0
229	Y	0.00000	0.42753	0.57247	0
230	A	0.00000	0.04618	0.95382	0
231	L	0.00000	0.02199	0.97801	0
232	L	0.00000	0.00178	0.99822	0
233	S	0.00000	0.00167	0.99833	0
234	S	0.00000	0.00097	0.99903	0
235	S	0.00000	0.00093	0.99907	0
236	V	0.00000	0	1.00000	0
237	S	0.00000	0	1.00000	0
238	F	0.00000	0	1.00000	0
239	Y	0.00000	0	1.00000	0
240	L	0.00000	0	1.00000	0
241	P	0.00000	0	1.00000	0
242	L	0.00000	0	1.00000	0
243	L	0.00000	0	1.00000	0
244	V	0.00000	0	1.00000	0
245	M	0.00000	0	1.00000	0
246	L	0.00000	0	1.00000	0
247	F	0.00022	0	0.99978	0
248	V	0.00228	0	0.99772	0
249	Y	0.00892	0	0.99108	0
250	A	0.03542	0	0.96458	0
251	R	0.06999	0	0.93001	0
252	V	0.07373	0	0.92627	0
253	F	0.10217	0	0.89783	0
254	V	0.35026	0	0.64974	0
255	V	0.53116	0	0.46884	0
256	A	0.99476	0	0.00524	0
257	M	0.99796	0	0.00204	0
258	R	0.99982	0	0.00018	0
259	Q	0.99998	0	0.00002	0
260	L	0.99998	0	0.00002	0
261	R	1.00000	0	0.00000	0
262	L	1.00000	0	0.00000	0
263	L	1.00000	0	0.00000	0
264	R	1.00000	0	0.00000	0
265	R	1.00000	0	0.00000	0
266	E	1.00000	0	0.00000	0
267	L	1.00000	0	0.00000	0
268	G	1.00000	0	0.00000	0
269	R	1.00000	0	0.00000	0
270	F	1.00000	0	0.00000	0
271	P	1.00000	0	0.00000	0
272	P	1.00000	0	0.00000	0
273	E	1.00000	0	0.00000	0
274	E	1.00000	0	0.00000	0
275	S	1.00000	0	0.00000	0
276	P	1.00000	0	0.00000	0
277	P	1.00000	0	0.00000	0
278	A	1.00000	0	0.00000	0
279	P	1.00000	0	0.00000	0
280	S	1.00000	0	0.00000	0
281	R	1.00000	0	0.00000	0
282	S	1.00000	0	0.00000	0
283	G	1.00000	0	0.00000	0
284	S	1.00000	0	0.00000	0
285	P	1.00000	0	0.00000	0
286	G	1.00000	0	0.00000	0
287	L	1.00000	0	0.00000	0
288	A	1.00000	0	0.00000	0
289	G	1.00000	0	0.00000	0
290	P	1.00000	0	0.00000	0
291	C	1.00000	0	0.00000	0
292	A	1.00000	0	0.00000	0
293	S	1.00000	0	0.00000	0
294	P	1.00000	0	0.00000	0
295	A	1.00000	0	0.00000	0
296	G	1.00000	0	0.00000	0
297	V	1.00000	0	0.00000	0
298	P	1.00000	0	0.00000	0
299	S	1.00000	0	0.00000	0
300	Y	1.00000	0	0.00000	0
301	G	1.00000	0	0.00000	0
302	R	1.00000	0	0.00000	0
303	R	1.00000	0	0.00000	0
304	P	1.00000	0	0.00000	0
305	A	1.00000	0	0.00000	0
306	R	1.00000	0	0.00000	0
307	L	1.00000	0	0.00000	0
308	L	1.00000	0	0.00000	0
309	P	1.00000	0	0.00000	0
310	L	1.00000	0	0.00000	0
311	R	1.00000	0	0.00000	0
312	E	1.00000	0	0.00000	0
313	H	0.99961	0	0.00039	0
314	R	0.99861	0	0.00139	0
315	A	0.32735	0	0.67265	0
316	L	0.32671	0	0.67329	0
317	R	0.32629	0	0.67371	0
318	T	0.27174	0	0.72826	0
319	L	0.00586	0	0.99414	0
320	G	0.00082	0	0.99918	0
321	L	0.00037	0	0.99963	0
322	I	0.00000	0	1.00000	0
323	M	0.00000	0	1.00000	0
324	G	0.00000	0	1.00000	0
325	T	0.00000	0	1.00000	0
326	F	0.00000	0	1.00000	0
327	T	0.00000	0	1.00000	0
328	L	0.00000	0	1.00000	0
329	C	0.00000	0	1.00000	0
330	W	0.00000	0	1.00000	0
331	L	0.00000	0	1.00000	0
332	P	0.00000	0	1.00000	0
333	F	0.00000	0	1.00000	0
334	F	0.00000	8e-05	0.99992	0
335	V	0.00000	0.02093	0.97907	0
336	V	0.00000	0.14906	0.85094	0
337	N	0.00000	0.25076	0.74924	0
338	V	0.00000	0.1634	0.83660	0
339	V	0.00000	0.24846	0.75154	0
340	R	0.00000	0.5183	0.48170	0
341	A	0.00000	0.53553	0.46447	0
342	L	0.00000	0.58918	0.41082	0
343	G	0.00000	0.78031	0.21969	0
344	G	0.00000	0.83426	0.16574	0
345	P	0.00000	0.84723	0.15277	0
346	S	0.00000	0.84709	0.15291	0
347	L	0.00000	0.84658	0.15342	0
348	V	0.00000	0.84627	0.15373	0
349	S	0.00000	0.84613	0.15387	0
350	G	0.00000	0.84277	0.15723	0
351	P	0.00000	0.81177	0.18823	0
352	T	0.00000	0.54014	0.45986	0
353	F	0.00000	0.43931	0.56069	0
354	L	0.00000	0.00269	0.99731	0
355	A	0.00000	0	1.00000	0
356	L	0.00000	0	1.00000	0
357	N	0.00088	0	0.99912	0
358	W	0.01432	0	0.98568	0
359	L	0.06038	0	0.93962	0
360	G	0.09156	0	0.90844	0
361	Y	0.11731	0	0.88269	0
362	A	0.12965	0	0.87035	0
363	N	0.15237	0	0.84763	0
364	S	0.15247	0	0.84753	0
365	A	0.15248	0	0.84752	0
366	F	0.15248	0	0.84752	0
367	N	0.15248	0	0.84752	0
368	P	0.15248	0	0.84752	0
369	L	0.15250	0	0.84750	0
370	I	0.15266	0	0.84734	0
371	Y	0.15349	0	0.84651	0
372	C	0.17528	0	0.82472	0
373	R	0.99998	0	0.00002	0
374	S	0.99999	0	0.00001	0
375	P	1.00000	0	0.00000	0
376	D	1.00000	0	0.00000	0
377	F	1.00000	0	0.00000	0
378	R	1.00000	0	0.00000	0
379	S	1.00000	0	0.00000	0
380	A	1.00000	0	0.00000	0
381	S	1.00000	0	0.00000	0
382	R	1.00000	0	0.00000	0
383	R	1.00000	0	0.00000	0
384	L	1.00000	0	0.00000	0
385	P	1.00000	0	0.00000	0
386	C	1.00000	0	0.00000	0
387	R	1.00000	0	0.00000	0
388	C	1.00000	0	0.00000	0
389	R	1.00000	0	0.00000	0
390	P	1.00000	0	0.00000	0
391	G	1.00000	0	0.00000	0
392	G	1.00000	0	0.00000	0
393	P	1.00000	0	0.00000	0
394	A	1.00000	0	0.00000	0
395	G	1.00000	0	0.00000	0
396	P	1.00000	0	0.00000	0
397	M	1.00000	0	0.00000	0
398	Q	1.00000	0	0.00000	0
399	T	1.00000	0	0.00000	0
400	P	1.00000	0	0.00000	0
401	Q	1.00000	0	0.00000	0
402	L	1.00000	0	0.00000	0
403	D	1.00000	0	0.00000	0
404	G	1.00000	0	0.00000	0
405	A	1.00000	0	0.00000	0
406	S	1.00000	0	0.00000	0
407	C	1.00000	0	0.00000	0
408	G	1.00000	0	0.00000	0
409	L	1.00000	0	0.00000	0
410	S	1.00000	0	0.00000	0
