# UNNAMED
#pos	aa	i	o	M	S
1	M	0.00000	0.70624	0.00000	0.29376
2	G	0.00000	0.70624	0.00000	0.29376
3	A	0.00000	0.70624	0.00000	0.29375
4	G	0.00000	0.70624	0.00000	0.29376
5	A	0.00000	0.70624	0.00000	0.29376
6	L	0.00000	0.70624	0.00000	0.29376
7	G	0.00000	0.70624	0.00000	0.29376
8	M	0.00000	0.70624	0.00000	0.29376
9	G	0.00000	0.70624	0.00000	0.29376
10	A	0.00000	0.70624	0.00000	0.29375
11	G	0.00000	0.70624	0.00000	0.29376
12	A	0.00000	0.70624	0.00000	0.29375
13	L	0.00000	0.70632	0.00000	0.29368
14	V	0.00000	0.70705	0.00000	0.29295
15	L	0.00000	0.70704	0.00000	0.29296
16	G	0.00000	0.70705	0.00000	0.29296
17	A	0.00000	0.7811	0.00000	0.2189
18	S	0.00000	0.80805	0.00000	0.19196
19	E	0.00000	0.82386	0.00000	0.17613
20	P	0.00000	0.82389	0.00000	0.17611
21	C	0.00000	0.82402	0.00000	0.17598
22	N	0.00000	0.82406	0.00000	0.17594
23	L	0.00000	0.82406	0.00000	0.17594
24	S	0.00000	0.82428	0.00000	0.17573
25	S	0.00000	0.86369	0.00000	0.13632
26	A	0.00000	0.91097	0.00000	0.08903
27	A	0.00000	0.99979	0.00000	0.00021
28	P	0.00000	0.9998	0.00000	0.0002
29	L	0.00000	0.9998	0.00000	0.0002
30	P	0.00000	0.9998	0.00000	0.00019
31	D	0.00000	0.9998	0.00000	0.0002
32	G	0.00000	0.9998	0.00000	0.0002
33	A	0.00000	0.9998	0.00000	0.0002
34	A	0.00000	0.9998	0.00000	0.0002
35	T	0.00000	0.99985	0.00000	0.00015
36	A	0.00000	0.9999	0.00000	9e-05
37	A	0.00000	1	0.00000	1e-05
38	R	0.00000	1	0.00000	0
39	L	0.00000	1	0.00000	0
40	L	0.00000	1	0.00000	0
41	V	0.00000	1	0.00000	0
42	P	0.00000	1	0.00000	0
43	A	0.00000	1	0.00000	0
44	S	0.00000	1	0.00000	0
45	P	0.00000	1	0.00000	0
46	P	0.00000	1	0.00000	0
47	A	0.00000	1	0.00000	0
48	S	0.00000	1	0.00000	0
49	L	0.00000	1	0.00000	0
50	L	0.00000	1	0.00000	0
51	P	0.00000	1	0.00000	0
52	P	0.00000	1	0.00000	0
53	A	0.00000	1	0.00000	0
54	S	0.00000	1	0.00000	0
55	E	0.00000	1	0.00000	0
56	G	0.00000	1	0.00000	0
57	P	0.00000	1	0.00000	0
58	A	0.00000	1	0.00000	0
59	P	0.00000	1	0.00000	0
60	L	0.00000	0.99845	0.00155	0
61	S	0.00000	0.99508	0.00492	0
62	Q	0.00000	0.97659	0.02341	0
63	Q	0.00000	0.90201	0.09799	0
64	W	0.00000	0.52184	0.47816	0
65	T	0.00000	0.46781	0.53219	0
66	A	0.00000	0.42344	0.57656	0
67	G	0.00000	0.39059	0.60941	0
68	M	0.00000	0.34861	0.65139	0
69	G	0.00000	0.23494	0.76506	0
70	L	0.00000	0.11966	0.88034	0
71	L	0.00000	0.03412	0.96588	0
72	M	0.00000	0.01129	0.98871	0
73	A	0.00000	0.0005	0.99950	0
74	L	0.00000	2e-05	0.99998	0
75	I	0.00000	0	1.00000	0
76	V	0.00000	0	1.00000	0
77	L	0.00000	0	1.00000	0
78	L	0.00000	0	1.00000	0
79	I	0.00000	0	1.00000	0
80	V	0.00000	0	1.00000	0
81	A	0.00000	0	1.00000	0
82	G	0.00000	0	1.00000	0
83	N	0.00000	0	1.00000	0
84	V	0.00000	0	1.00000	0
85	L	0.00000	0	1.00000	0
86	V	0.00000	0	1.00000	0
87	I	0.00003	0	0.99997	0
88	V	0.00203	0	0.99797	0
89	A	0.04190	0	0.95810	0
90	I	0.09622	0	0.90378	0
91	A	0.54456	0	0.45544	0
92	K	0.99283	0	0.00717	0
93	T	0.99929	0	0.00071	0
94	P	0.99999	0	0.00001	0
95	R	1.00000	0	0.00000	0
96	L	0.99999	0	0.00001	0
97	Q	0.99996	0	0.00004	0
98	T	0.99903	0	0.00097	0
99	L	0.97074	0	0.02926	0
100	T	0.94198	0	0.05802	0
101	N	0.15527	0	0.84473	0
102	L	0.02274	0	0.97726	0
103	F	0.00016	0	0.99984	0
104	I	0.00000	0	1.00000	0
105	M	0.00000	0	1.00000	0
106	S	0.00000	0	1.00000	0
107	L	0.00000	0	1.00000	0
108	A	0.00000	0	1.00000	0
109	S	0.00000	0	1.00000	0
110	A	0.00000	0	1.00000	0
111	D	0.00000	0	1.00000	0
112	L	0.00000	0	1.00000	0
113	V	0.00000	0	1.00000	0
114	M	0.00000	0	1.00000	0
115	G	0.00000	0	1.00000	0
116	L	0.00000	0	1.00000	0
117	L	0.00000	0	1.00000	0
118	V	0.00000	7e-05	0.99993	0
119	V	0.00000	0.00086	0.99914	0
120	P	0.00000	0.0085	0.99150	0
121	F	0.00000	0.02808	0.97192	0
122	G	0.00000	0.23857	0.76143	0
123	A	0.00000	0.58343	0.41657	0
124	T	0.00000	0.91068	0.08932	0
125	I	0.00000	0.99889	0.00111	0
126	V	0.00000	0.99911	0.00089	0
127	V	0.00000	0.99938	0.00062	0
128	W	0.00000	0.99955	0.00045	0
129	G	0.00000	0.99985	0.00015	0
130	R	0.00000	0.99999	0.00001	0
131	W	0.00000	1	0.00000	0
132	E	0.00000	1	0.00000	0
133	Y	0.00000	1	0.00000	0
134	G	0.00000	1	0.00000	0
135	S	0.00000	1	0.00000	0
136	F	0.00000	1	0.00000	0
137	F	0.00000	1	0.00000	0
138	C	0.00000	1	0.00000	0
139	E	0.00000	1	0.00000	0
140	L	0.00000	0.99947	0.00053	0
141	W	0.00000	0.94231	0.05769	0
142	T	0.00000	0.62661	0.37339	0
143	S	0.00000	0.09777	0.90223	0
144	V	0.00000	0.02762	0.97238	0
145	D	0.00000	0.00767	0.99233	0
146	V	0.00000	0.00018	0.99982	0
147	L	0.00000	0	1.00000	0
148	C	0.00000	0	1.00000	0
149	V	0.00000	0	1.00000	0
150	T	0.00000	0	1.00000	0
151	A	0.00000	0	1.00000	0
152	S	0.00000	0	1.00000	0
153	I	0.00000	0	1.00000	0
154	E	0.00000	0	1.00000	0
155	T	0.00000	0	1.00000	0
156	L	0.00000	0	1.00000	0
157	C	0.00000	0	1.00000	0
158	V	0.00000	0	1.00000	0
159	I	0.00000	0	1.00000	0
160	A	0.00000	0	1.00000	0
161	L	0.00000	0	1.00000	0
162	D	0.00001	0	0.99999	0
163	R	0.02905	0	0.97095	0
164	Y	0.21678	0	0.78322	0
165	L	0.72055	0	0.27945	0
166	A	0.94069	0	0.05931	0
167	I	0.99995	0	0.00005	0
168	T	1.00000	0	0.00000	0
169	S	1.00000	0	0.00000	0
170	P	1.00000	0	0.00000	0
171	F	1.00000	0	0.00000	0
172	R	1.00000	0	0.00000	0
173	Y	1.00000	0	0.00000	0
174	Q	1.00000	0	0.00000	0
175	S	1.00000	0	0.00000	0
176	L	1.00000	0	0.00000	0
177	L	1.00000	0	0.00000	0
178	T	1.00000	0	0.00000	0
179	R	1.00000	0	0.00000	0
180	A	0.99963	0	0.00037	0
181	R	0.99870	0	0.00130	0
182	A	0.90408	0	0.09592	0
183	R	0.80028	0	0.19972	0
184	A	0.10793	0	0.89207	0
185	L	0.00859	0	0.99141	0
186	V	0.00007	0	0.99993	0
187	C	0.00000	0	1.00000	0
188	T	0.00000	0	1.00000	0
189	V	0.00000	0	1.00000	0
190	W	0.00000	0	1.00000	0
191	A	0.00000	0	1.00000	0
192	I	0.00000	0	1.00000	0
193	S	0.00000	0	1.00000	0
194	A	0.00000	0	1.00000	0
195	L	0.00000	0	1.00000	0
196	V	0.00000	0	1.00000	0
197	S	0.00000	0	1.00000	0
198	F	0.00000	0	1.00000	0
199	L	0.00000	0	1.00000	0
200	P	0.00000	1e-05	0.99999	0
201	I	0.00000	4e-05	0.99996	0
202	L	0.00000	0.00088	0.99912	0
203	M	0.00000	0.01908	0.98092	0
204	H	0.00000	0.27318	0.72682	0
205	W	0.00000	0.42281	0.57719	0
206	W	0.00000	0.7643	0.23570	0
207	R	0.00000	0.99482	0.00518	0
208	A	0.00000	0.99867	0.00133	0
209	E	0.00000	1	0.00000	0
210	S	0.00000	1	0.00000	0
211	D	0.00000	1	0.00000	0
212	E	0.00000	1	0.00000	0
213	A	0.00000	1	0.00000	0
214	R	0.00000	1	0.00000	0
215	R	0.00000	1	0.00000	0
216	C	0.00000	1	0.00000	0
217	Y	0.00000	1	0.00000	0
218	N	0.00000	1	0.00000	0
219	D	0.00000	1	0.00000	0
220	P	0.00000	1	0.00000	0
221	K	0.00000	1	0.00000	0
222	C	0.00000	1	0.00000	0
223	C	0.00000	1	0.00000	0
224	D	0.00000	1	0.00000	0
225	F	0.00000	0.99997	0.00003	0
226	V	0.00000	0.9999	0.00010	0
227	T	0.00000	0.99983	0.00017	0
228	N	0.00000	0.99974	0.00026	0
229	R	0.00000	0.99645	0.00355	0
230	A	0.00000	0.27947	0.72053	0
231	Y	0.00000	0.03413	0.96587	0
232	A	0.00000	0.0074	0.99260	0
233	I	0.00000	0.00209	0.99791	0
234	A	0.00000	1e-05	0.99999	0
235	S	0.00000	1e-05	0.99999	0
236	S	0.00000	0	1.00000	0
237	V	0.00000	0	1.00000	0
238	V	0.00000	0	1.00000	0
239	S	0.00000	0	1.00000	0
240	F	0.00000	0	1.00000	0
241	Y	0.00000	0	1.00000	0
242	V	0.00000	0	1.00000	0
243	P	0.00000	0	1.00000	0
244	L	0.00000	0	1.00000	0
245	C	0.00000	0	1.00000	0
246	I	0.00000	0	1.00000	0
247	M	0.00000	0	1.00000	0
248	A	0.00000	0	1.00000	0
249	F	0.00000	0	1.00000	0
250	V	0.00000	0	1.00000	0
251	Y	0.00021	0	0.99979	0
252	L	0.00969	0	0.99031	0
253	R	0.17771	0	0.82229	0
254	V	0.19597	0	0.80403	0
255	F	0.30329	0	0.69671	0
256	R	0.99476	0	0.00524	0
257	E	0.99992	0	0.00008	0
258	A	1.00000	0	0.00000	0
259	Q	1.00000	0	0.00000	0
260	K	1.00000	0	0.00000	0
261	Q	1.00000	0	0.00000	0
262	V	1.00000	0	0.00000	0
263	K	1.00000	0	0.00000	0
264	K	1.00000	0	0.00000	0
265	I	1.00000	0	0.00000	0
266	D	1.00000	0	0.00000	0
267	S	1.00000	0	0.00000	0
268	C	1.00000	0	0.00000	0
269	E	1.00000	0	0.00000	0
270	R	1.00000	0	0.00000	0
271	R	1.00000	0	0.00000	0
272	F	1.00000	0	0.00000	0
273	L	1.00000	0	0.00000	0
274	S	1.00000	0	0.00000	0
275	G	1.00000	0	0.00000	0
276	P	1.00000	0	0.00000	0
277	A	1.00000	0	0.00000	0
278	R	1.00000	0	0.00000	0
279	P	1.00000	0	0.00000	0
280	P	1.00000	0	0.00000	0
281	S	1.00000	0	0.00000	0
282	P	1.00000	0	0.00000	0
283	A	1.00000	0	0.00000	0
284	S	1.00000	0	0.00000	0
285	S	1.00000	0	0.00000	0
286	A	1.00000	0	0.00000	0
287	P	1.00000	0	0.00000	0
288	E	1.00000	0	0.00000	0
289	S	1.00000	0	0.00000	0
290	G	1.00000	0	0.00000	0
291	S	1.00000	0	0.00000	0
292	P	1.00000	0	0.00000	0
293	R	1.00000	0	0.00000	0
294	P	1.00000	0	0.00000	0
295	A	1.00000	0	0.00000	0
296	A	1.00000	0	0.00000	0
297	A	1.00000	0	0.00000	0
298	P	1.00000	0	0.00000	0
299	V	1.00000	0	0.00000	0
300	A	1.00000	0	0.00000	0
301	N	1.00000	0	0.00000	0
302	G	1.00000	0	0.00000	0
303	R	1.00000	0	0.00000	0
304	T	1.00000	0	0.00000	0
305	S	1.00000	0	0.00000	0
306	K	1.00000	0	0.00000	0
307	R	1.00000	0	0.00000	0
308	R	1.00000	0	0.00000	0
309	P	1.00000	0	0.00000	0
310	S	1.00000	0	0.00000	0
311	R	1.00000	0	0.00000	0
312	L	1.00000	0	0.00000	0
313	V	1.00000	0	0.00000	0
314	A	1.00000	0	0.00000	0
315	L	1.00000	0	0.00000	0
316	R	1.00000	0	0.00000	0
317	E	1.00000	0	0.00000	0
318	Q	0.99312	0	0.00688	0
319	K	0.99132	0	0.00868	0
320	A	0.10935	0	0.89065	0
321	L	0.10662	0	0.89338	0
322	K	0.10609	0	0.89391	0
323	T	0.07852	0	0.92148	0
324	L	0.00075	0	0.99925	0
325	G	0.00007	0	0.99993	0
326	I	0.00003	0	0.99997	0
327	I	0.00000	0	1.00000	0
328	M	0.00000	0	1.00000	0
329	G	0.00000	0	1.00000	0
330	V	0.00000	0	1.00000	0
331	F	0.00000	0	1.00000	0
332	T	0.00000	0	1.00000	0
333	L	0.00000	0	1.00000	0
334	C	0.00000	0	1.00000	0
335	W	0.00000	0	1.00000	0
336	L	0.00000	0	1.00000	0
337	P	0.00000	0	1.00000	0
338	F	0.00000	0	1.00000	0
339	F	0.00000	0	1.00000	0
340	L	0.00000	0.0015	0.99850	0
341	A	0.00000	0.03159	0.96841	0
342	N	0.00000	0.20562	0.79438	0
343	V	0.00000	0.2798	0.72020	0
344	V	0.00000	0.48313	0.51687	0
345	K	0.00000	0.95348	0.04652	0
346	A	0.00000	0.95865	0.04135	0
347	F	0.00000	0.96624	0.03376	0
348	H	0.00000	0.9922	0.00780	0
349	R	0.00000	0.99971	0.00029	0
350	D	0.00000	1	0.00000	0
351	L	0.00000	0.99949	0.00051	0
352	V	0.00000	0.99898	0.00102	0
353	P	0.00000	0.99865	0.00135	0
354	D	0.00000	0.98956	0.01044	0
355	R	0.00000	0.74753	0.25247	0
356	L	0.00000	0.18155	0.81845	0
357	F	0.00000	0.14781	0.85219	0
358	V	0.00000	0.00113	0.99887	0
359	F	0.00000	0	1.00000	0
360	F	0.00000	0	1.00000	0
361	N	0.00000	0	1.00000	0
362	W	0.00000	0	1.00000	0
363	L	0.00000	0	1.00000	0
364	G	0.00000	0	1.00000	0
365	Y	0.00000	0	1.00000	0
366	A	0.00000	0	1.00000	0
367	N	0.00000	0	1.00000	0
368	S	0.00000	0	1.00000	0
369	A	0.00000	0	1.00000	0
370	F	0.00000	0	1.00000	0
371	N	0.00000	0	1.00000	0
372	P	0.00000	0	1.00000	0
373	I	0.00000	0	1.00000	0
374	I	0.00002	0	0.99998	0
375	Y	0.00152	0	0.99848	0
376	C	0.03041	0	0.96959	0
377	R	1.00000	0	0.00000	0
378	S	1.00000	0	0.00000	0
379	P	1.00000	0	0.00000	0
380	D	1.00000	0	0.00000	0
381	F	1.00000	0	0.00000	0
382	R	1.00000	0	0.00000	0
383	K	1.00000	0	0.00000	0
384	A	1.00000	0	0.00000	0
385	F	1.00000	0	0.00000	0
386	Q	1.00000	0	0.00000	0
387	R	1.00000	0	0.00000	0
388	L	1.00000	0	0.00000	0
389	L	1.00000	0	0.00000	0
390	C	1.00000	0	0.00000	0
391	C	1.00000	0	0.00000	0
392	V	1.00000	0	0.00000	0
393	R	1.00000	0	0.00000	0
394	R	1.00000	0	0.00000	0
395	A	1.00000	0	0.00000	0
396	A	1.00000	0	0.00000	0
397	R	1.00000	0	0.00000	0
398	R	1.00000	0	0.00000	0
399	R	1.00000	0	0.00000	0
400	H	1.00000	0	0.00000	0
401	A	1.00000	0	0.00000	0
402	A	1.00000	0	0.00000	0
403	H	1.00000	0	0.00000	0
404	G	1.00000	0	0.00000	0
405	D	1.00000	0	0.00000	0
406	R	1.00000	0	0.00000	0
407	P	1.00000	0	0.00000	0
408	R	1.00000	0	0.00000	0
409	A	1.00000	0	0.00000	0
410	S	1.00000	0	0.00000	0
411	G	1.00000	0	0.00000	0
412	C	1.00000	0	0.00000	0
413	L	1.00000	0	0.00000	0
414	A	1.00000	0	0.00000	0
415	G	1.00000	0	0.00000	0
416	A	1.00000	0	0.00000	0
417	G	1.00000	0	0.00000	0
418	P	1.00000	0	0.00000	0
419	Q	1.00000	0	0.00000	0
420	P	1.00000	0	0.00000	0
421	S	1.00000	0	0.00000	0
422	P	1.00000	0	0.00000	0
423	G	1.00000	0	0.00000	0
424	A	1.00000	0	0.00000	0
425	A	1.00000	0	0.00000	0
426	S	1.00000	0	0.00000	0
427	D	1.00000	0	0.00000	0
428	D	1.00000	0	0.00000	0
429	E	1.00000	0	0.00000	0
430	D	1.00000	0	0.00000	0
431	D	1.00000	0	0.00000	0
432	D	1.00000	0	0.00000	0
433	D	1.00000	0	0.00000	0
434	V	1.00000	0	0.00000	0
435	G	1.00000	0	0.00000	0
436	A	1.00000	0	0.00000	0
437	T	1.00000	0	0.00000	0
438	Q	1.00000	0	0.00000	0
439	P	1.00000	0	0.00000	0
440	A	1.00000	0	0.00000	0
441	R	1.00000	0	0.00000	0
442	L	1.00000	0	0.00000	0
443	L	1.00000	0	0.00000	0
444	E	1.00000	0	0.00000	0
445	P	1.00000	0	0.00000	0
446	W	1.00000	0	0.00000	0
447	A	1.00000	0	0.00000	0
448	G	1.00000	0	0.00000	0
449	C	1.00000	0	0.00000	0
450	N	1.00000	0	0.00000	0
451	G	1.00000	0	0.00000	0
452	G	1.00000	0	0.00000	0
453	A	1.00000	0	0.00000	0
454	T	1.00000	0	0.00000	0
455	A	1.00000	0	0.00000	0
456	D	1.00000	0	0.00000	0
457	S	1.00000	0	0.00000	0
458	D	1.00000	0	0.00000	0
459	S	1.00000	0	0.00000	0
460	S	1.00000	0	0.00000	0
461	L	1.00000	0	0.00000	0
462	D	1.00000	0	0.00000	0
463	E	1.00000	0	0.00000	0
464	P	1.00000	0	0.00000	0
465	C	1.00000	0	0.00000	0
466	R	1.00000	0	0.00000	0
467	P	1.00000	0	0.00000	0
468	G	1.00000	0	0.00000	0
469	F	1.00000	0	0.00000	0
470	T	1.00000	0	0.00000	0
471	S	1.00000	0	0.00000	0
472	E	1.00000	0	0.00000	0
473	S	1.00000	0	0.00000	0
474	K	1.00000	0	0.00000	0
475	V	1.00000	0	0.00000	0
