# UNNAMED
#pos	aa	i	o	M	S
1	M	0.00000	0.99987	0.00000	0.00013
2	E	0.00000	0.99987	0.00000	0.00014
3	G	0.00000	0.99987	0.00000	0.00014
4	V	0.00000	0.99987	0.00000	0.00013
5	G	0.00000	0.99987	0.00000	0.00013
6	K	0.00000	0.99987	0.00000	0.00013
7	V	0.00000	0.99987	0.00000	0.00013
8	R	0.00000	0.99987	0.00000	0.00013
9	L	0.00000	0.99987	0.00000	0.00013
10	L	0.00000	0.99987	0.00000	0.00013
11	P	0.00000	0.99987	0.00000	0.00013
12	R	0.00000	0.99987	0.00000	0.00013
13	R	0.00000	0.99987	0.00000	0.00013
14	V	0.00000	0.99987	0.00000	0.00013
15	A	0.00000	0.99987	0.00000	0.00013
16	T	0.00000	0.99987	0.00000	0.00013
17	D	0.00000	1	0.00000	0
18	R	0.00000	1	0.00000	0
19	S	0.00000	1	0.00000	0
20	C	0.00000	1	0.00000	0
21	L	0.00000	1	0.00000	0
22	S	0.00000	1	0.00000	0
23	L	0.00000	1	0.00000	0
24	R	0.00000	1	0.00000	0
25	C	0.00000	1	0.00000	0
26	G	0.00000	1	0.00000	0
27	G	0.00000	1	0.00000	0
28	S	0.00000	1	0.00000	0
29	D	0.00000	1	0.00000	0
30	H	0.00000	1	0.00000	0
31	R	0.00000	1	0.00000	0
32	P	0.00000	1	0.00000	0
33	W	0.00000	1	0.00000	0
34	S	0.00000	1	0.00000	0
35	G	0.00000	1	0.00000	0
36	S	0.00000	1	0.00000	0
37	D	0.00000	1	0.00000	0
38	P	0.00000	0.9857	0.01430	0
39	P	0.00000	0.98004	0.01996	0
40	R	0.00000	0.96487	0.03513	0
41	P	0.00000	0.45483	0.54517	0
42	C	0.00000	0.32365	0.67635	0
43	S	0.00000	0.26207	0.73793	0
44	P	0.00000	0.23868	0.76132	0
45	P	0.00000	0.23403	0.76597	0
46	G	0.00000	0.22207	0.77793	0
47	A	0.00000	0.20294	0.79706	0
48	F	0.00000	0.2022	0.79780	0
49	C	0.00000	0.20197	0.79803	0
50	I	0.00000	0.20057	0.79943	0
51	P	0.00000	0.19977	0.80023	0
52	L	0.00000	0.07978	0.92022	0
53	Y	0.00000	0.01149	0.98851	0
54	V	0.00000	0.00319	0.99681	0
55	P	0.00000	0.00096	0.99904	0
56	Y	0.00001	0.00022	0.99978	0
57	V	0.00063	0.00013	0.99924	0
58	L	0.01951	4e-05	0.98045	0
59	T	0.06128	3e-05	0.93870	0
60	G	0.17469	2e-05	0.82529	0
61	R	0.72921	2e-05	0.27077	0
62	W	0.73098	0	0.26901	0
63	P	0.73782	0	0.26218	0
64	F	0.73837	0	0.26163	0
65	G	0.75074	0	0.24926	0
66	R	0.79756	0	0.20244	0
67	G	0.79533	0	0.20467	0
68	L	0.67348	0	0.32652	0
69	C	0.60398	0	0.39602	0
70	K	0.57277	0	0.42723	0
71	L	0.09708	0	0.90292	0
72	W	0.08620	0	0.91379	0
73	L	0.06220	0	0.93780	0
74	V	0.09874	0	0.90126	0
75	V	0.22669	0	0.77331	0
76	D	0.22565	0	0.77435	0
77	Y	0.20340	0	0.79660	0
78	L	0.20145	0	0.79855	0
79	L	0.20137	0	0.79862	0
80	C	0.20137	0	0.79863	0
81	T	0.20136	0	0.79864	0
82	S	0.19876	0	0.80124	0
83	S	0.15306	0	0.84694	0
84	V	0.05379	0	0.94621	0
85	F	0.00669	0	0.99331	0
86	N	0.00041	0	0.99958	0
87	I	0.00004	1e-05	0.99995	0
88	V	0.00000	0.00034	0.99966	0
89	L	0.00000	0.0109	0.98910	0
90	I	0.00000	0.06419	0.93581	0
91	S	0.00000	0.37447	0.62553	0
92	Y	0.00000	0.6248	0.37520	0
93	D	0.00000	0.69956	0.30044	0
94	R	0.00000	0.70331	0.29669	0
95	F	0.00000	0.70432	0.29568	0
96	L	0.00000	0.7064	0.29360	0
97	S	0.00000	0.72987	0.27013	0
98	V	0.00000	0.73296	0.26704	0
99	T	0.00000	0.77383	0.22616	0
100	R	0.00000	0.78711	0.21289	0
101	A	0.00000	0.78832	0.21168	0
102	V	0.00000	0.79077	0.20923	0
103	S	0.00000	0.88729	0.11270	0
104	Y	0.00000	0.92964	0.07036	0
105	R	0.00000	0.96846	0.03154	0
106	A	0.00000	0.97766	0.02234	0
107	Q	0.00000	0.99524	0.00476	0
108	Q	0.00000	0.99821	0.00179	0
109	G	0.00000	0.99984	0.00016	0
110	N	0.00000	1	0.00000	0
111	T	0.00000	0.99937	0.00062	0
112	R	0.00000	0.99817	0.00183	0
113	Q	0.00000	0.99561	0.00439	0
114	A	0.00000	0.98398	0.01602	0
115	V	0.00000	0.97322	0.02678	0
116	W	0.00000	0.96875	0.03125	0
117	K	0.00000	0.93532	0.06468	0
118	M	0.00000	0.407	0.59300	0
119	A	0.00000	0.10653	0.89347	0
120	L	0.00000	0.00571	0.99429	0
121	V	0.00000	0.00041	0.99959	0
122	W	0.00000	3e-05	0.99997	0
123	V	0.00000	0	1.00000	0
124	L	0.00000	0	1.00000	0
125	A	0.00000	0	1.00000	0
126	F	0.00000	0	1.00000	0
127	L	0.00000	0	1.00000	0
128	L	0.00000	0	1.00000	0
129	Y	0.00000	0	1.00000	0
130	G	0.00000	0	1.00000	0
131	P	0.00001	0	0.99999	0
132	A	0.00001	0	0.99999	0
133	I	0.00001	0	0.99999	0
134	L	0.00001	0	0.99999	0
135	S	0.00001	0	0.99999	0
136	W	0.00001	0	0.99999	0
137	E	0.00018	0	0.99982	0
138	H	0.00480	0	0.99519	0
139	L	0.01774	0	0.98225	0
140	S	0.09085	0	0.90915	0
141	G	0.87368	0	0.12632	0
142	G	0.99954	0	0.00045	0
143	S	0.99998	0	0.00001	0
144	S	0.99999	0	0.00000	0
145	I	0.99999	0	0.00000	0
146	P	1.00000	0	0.00000	0
147	E	1.00000	0	0.00000	0
148	G	1.00000	0	0.00000	0
149	H	0.99999	0	0.00000	0
150	C	0.99999	0	0.00001	0
151	Y	0.99999	0	0.00001	0
152	A	0.99999	0	0.00001	0
153	E	0.99999	0	0.00001	0
154	F	0.99990	0	0.00010	0
155	F	0.99954	0	0.00046	0
156	Y	0.98883	0	0.01117	0
157	N	0.97405	0	0.02594	0
158	W	0.78393	0	0.21607	0
159	Y	0.47850	0	0.52150	0
160	F	0.08119	0	0.91881	0
161	L	0.00717	0	0.99283	0
162	I	0.00090	0	0.99910	0
163	T	0.00048	0	0.99952	0
164	A	0.00009	0	0.99991	0
165	S	0.00005	0	0.99995	0
166	T	0.00001	0	0.99999	0
167	L	0.00000	0	1.00000	0
168	E	0.00000	0	1.00000	0
169	F	0.00000	0	1.00000	0
170	F	0.00000	0	1.00000	0
171	T	0.00000	1e-05	0.99999	0
172	P	0.00000	1e-05	0.99999	0
173	F	0.00000	1e-05	0.99999	0
174	L	0.00000	1e-05	0.99999	0
175	S	0.00000	8e-05	0.99992	0
176	V	0.00000	0.00023	0.99977	0
177	T	0.00000	0.00155	0.99845	0
178	F	0.00000	0.00553	0.99447	0
179	F	0.00000	0.04737	0.95263	0
180	N	0.00000	0.38815	0.61185	0
181	L	0.00000	0.46285	0.53715	0
182	S	0.00000	0.77761	0.22239	0
183	I	0.00000	0.86056	0.13943	0
184	Y	0.00000	0.95448	0.04552	0
185	L	0.00000	0.97968	0.02032	0
186	N	0.00000	0.9993	0.00070	0
187	I	0.00000	0.99969	0.00031	0
188	Q	0.00000	0.99999	0.00001	0
189	K	0.00000	1	0.00000	0
190	R	0.00000	1	0.00000	0
191	T	0.00000	1	0.00000	0
192	R	0.00000	1	0.00000	0
193	D	0.00000	1	0.00000	0
194	R	0.00000	1	0.00000	0
195	L	0.00000	1	0.00000	0
196	D	0.00000	1	0.00000	0
197	G	0.00000	1	0.00000	0
198	V	0.00000	1	0.00000	0
199	R	0.00000	1	0.00000	0
200	E	0.00000	1	0.00000	0
201	A	0.00000	0.99999	0.00001	0
202	T	0.00000	0.99998	0.00002	0
203	G	0.00000	0.99998	0.00002	0
204	P	0.00000	0.99996	0.00004	0
205	E	0.00000	0.99996	0.00004	0
206	P	0.00000	0.99996	0.00004	0
207	R	0.00000	0.99995	0.00005	0
208	P	0.00000	0.99995	0.00005	0
209	E	0.00000	0.99995	0.00005	0
210	A	0.00000	0.99995	0.00005	0
211	Q	0.00000	0.99995	0.00005	0
212	P	0.00000	0.99995	0.00005	0
213	S	0.00000	0.99995	0.00005	0
214	P	0.00000	0.99995	0.00005	0
215	P	0.00000	0.99995	0.00005	0
216	A	0.00000	0.99995	0.00005	0
217	A	0.00000	0.99995	0.00005	0
218	P	0.00000	0.99995	0.00005	0
219	G	0.00000	0.99995	0.00005	0
220	C	0.00000	0.99995	0.00005	0
221	W	0.00000	0.99995	0.00005	0
222	G	0.00000	0.99995	0.00005	0
223	C	0.00000	0.99995	0.00005	0
224	W	0.00000	0.99995	0.00005	0
225	Q	0.00004	0.99995	0.00002	0
226	K	0.00004	0.99995	0.00001	0
227	G	0.00004	0.99995	0.00001	0
228	Q	0.00005	0.99995	0.00001	0
229	R	0.00005	0.99995	0.00000	0
230	E	0.00005	0.99983	0.00012	0
231	A	0.00005	0.64588	0.35407	0
232	M	0.00005	0.61522	0.38473	0
233	P	0.00005	0.57913	0.42082	0
234	L	0.00005	0.57514	0.42481	0
235	H	0.00005	0.56997	0.42998	0
236	R	0.00005	0.56957	0.43038	0
237	Y	0.00005	0.54078	0.45917	0
238	G	0.00005	0.35433	0.64562	0
239	A	0.00005	0.34848	0.65147	0
240	G	0.00005	0.3471	0.65285	0
241	V	0.00005	0.28962	0.71033	0
242	G	0.00005	0.28704	0.71291	0
243	E	0.00005	0.28685	0.71310	0
244	V	0.00005	0.0786	0.92135	0
245	A	0.00005	0.07837	0.92158	0
246	P	0.00005	0.07793	0.92201	0
247	G	0.00005	0.06999	0.92996	0
248	T	0.00005	0.06979	0.93016	0
249	E	0.00005	0.06943	0.93052	0
250	A	0.00005	0.06789	0.93206	0
251	G	0.00007	0.05461	0.94532	0
252	E	0.00552	0.0463	0.94818	0
253	A	0.00855	0.00779	0.98366	0
254	A	0.02767	0.00055	0.97179	0
255	L	0.06001	2e-05	0.93997	0
256	G	0.20921	0	0.79079	0
257	G	0.36699	0	0.63301	0
258	S	0.42405	0	0.57595	0
259	G	0.43410	0	0.56590	0
260	G	0.44940	0	0.55060	0
261	G	0.47299	0	0.52701	0
262	T	0.52382	0	0.47618	0
263	A	0.56675	0	0.43325	0
264	N	0.67306	0	0.32694	0
265	S	0.72518	0	0.27482	0
266	P	0.81816	0	0.18184	0
267	T	0.86084	0	0.13916	0
268	S	0.90835	0	0.09165	0
269	S	0.91847	0	0.08153	0
270	S	0.92092	0	0.07908	0
271	G	0.92201	0	0.07799	0
272	S	0.92966	0	0.07034	0
273	S	0.93449	0	0.06551	0
274	S	0.94342	0	0.05658	0
275	R	0.96041	0	0.03959	0
276	G	0.96744	0	0.03256	0
277	T	0.98284	0	0.01716	0
278	E	0.99889	0	0.00111	0
279	R	0.99990	0	0.00010	0
280	P	1.00000	0	0.00000	0
281	R	1.00000	0	0.00000	0
282	S	1.00000	0	0.00000	0
283	L	1.00000	0	0.00000	0
284	K	1.00000	0	0.00000	0
285	R	1.00000	0	0.00000	0
286	G	1.00000	0	0.00000	0
287	S	1.00000	0	0.00000	0
288	K	1.00000	0	0.00000	0
289	P	1.00000	0	0.00000	0
290	S	1.00000	0	0.00000	0
291	A	1.00000	0	0.00000	0
292	S	1.00000	0	0.00000	0
293	S	1.00000	0	0.00000	0
294	A	1.00000	0	0.00000	0
295	S	1.00000	0	0.00000	0
296	L	1.00000	0	0.00000	0
297	E	1.00000	0	0.00000	0
298	K	1.00000	0	0.00000	0
299	R	1.00000	0	0.00000	0
300	M	1.00000	0	0.00000	0
301	K	1.00000	0	0.00000	0
302	M	1.00000	0	0.00000	0
303	V	1.00000	0	0.00000	0
304	S	1.00000	0	0.00000	0
305	Q	1.00000	0	0.00000	0
306	G	1.00000	0	0.00000	0
307	I	1.00000	0	0.00000	0
308	T	1.00000	0	0.00000	0
309	Q	1.00000	0	0.00000	0
310	R	1.00000	0	0.00000	0
311	F	1.00000	0	0.00000	0
312	R	1.00000	0	0.00000	0
313	L	1.00000	0	0.00000	0
314	S	1.00000	0	0.00000	0
315	R	1.00000	0	0.00000	0
316	D	1.00000	0	0.00000	0
317	K	0.92600	0	0.07400	0
318	K	0.92524	0	0.07476	0
319	V	0.83440	0	0.16560	0
320	A	0.83035	0	0.16965	0
321	K	0.82732	0	0.17268	0
322	S	0.70202	0	0.29798	0
323	L	0.00160	0	0.99840	0
324	A	0.00087	0	0.99913	0
325	I	0.00052	0	0.99948	0
326	I	0.00000	0	1.00000	0
327	V	0.00000	0	1.00000	0
328	S	0.00000	0	1.00000	0
329	I	0.00000	0	1.00000	0
330	F	0.00000	0	1.00000	0
331	G	0.00000	0	1.00000	0
332	L	0.00000	0	1.00000	0
333	C	0.00000	0	1.00000	0
334	W	0.00000	0	1.00000	0
335	A	0.00000	0	1.00000	0
336	P	0.00000	0	1.00000	0
337	Y	0.00000	0	1.00000	0
338	T	0.00000	1e-05	0.99999	0
339	L	0.00000	8e-05	0.99992	0
340	L	0.00000	0.00064	0.99936	0
341	M	0.00000	0.003	0.99700	0
342	I	0.00000	0.03881	0.96119	0
343	I	0.00000	0.09305	0.90695	0
344	R	0.00000	0.52243	0.47757	0
345	A	0.00000	0.56516	0.43484	0
346	A	0.00000	0.71396	0.28604	0
347	C	0.00000	0.96414	0.03586	0
348	H	0.00000	0.99206	0.00794	0
349	G	0.00000	0.99993	0.00007	0
350	H	0.00000	0.99999	0.00001	0
351	C	0.00000	1	0.00000	0
352	V	0.00000	1	0.00000	0
353	P	0.00000	1	0.00000	0
354	D	0.00000	1	0.00000	0
355	Y	0.00000	1	0.00000	0
356	W	0.00000	1	0.00000	0
357	Y	0.00000	1	0.00000	0
358	E	0.00000	0.99994	0.00006	0
359	T	0.00000	0.99953	0.00047	0
360	S	0.00000	0.99831	0.00169	0
361	F	0.00000	0.12556	0.87444	0
362	W	0.00000	0.01037	0.98963	0
363	L	0.00000	3e-05	0.99997	0
364	L	0.00000	0	1.00000	0
365	W	0.00000	0	1.00000	0
366	A	0.00000	0	1.00000	0
367	N	0.00000	0	1.00000	0
368	S	0.00000	0	1.00000	0
369	A	0.00000	0	1.00000	0
370	V	0.00000	0	1.00000	0
371	N	0.00000	0	1.00000	0
372	P	0.00000	0	1.00000	0
373	V	0.00000	0	1.00000	0
374	L	0.00000	0	1.00000	0
375	Y	0.00000	0	1.00000	0
376	P	0.00000	0	1.00000	0
377	L	0.00000	0	1.00000	0
378	C	0.00001	0	0.99999	0
379	H	0.00004	0	0.99996	0
380	Y	0.00213	0	0.99787	0
381	S	0.02081	0	0.97919	0
382	F	0.25708	0	0.74292	0
383	R	1.00000	0	0.00000	0
384	R	1.00000	0	0.00000	0
385	A	1.00000	0	0.00000	0
386	F	1.00000	0	0.00000	0
387	T	1.00000	0	0.00000	0
388	K	1.00000	0	0.00000	0
389	L	1.00000	0	0.00000	0
390	L	1.00000	0	0.00000	0
391	C	1.00000	0	0.00000	0
392	P	1.00000	0	0.00000	0
393	H	1.00000	0	0.00000	0
394	K	1.00000	0	0.00000	0
395	L	1.00000	0	0.00000	0
396	K	1.00000	0	0.00000	0
397	V	1.00000	0	0.00000	0
398	Q	1.00000	0	0.00000	0
399	P	1.00000	0	0.00000	0
400	H	1.00000	0	0.00000	0
401	S	1.00000	0	0.00000	0
402	S	1.00000	0	0.00000	0
403	L	1.00000	0	0.00000	0
404	E	1.00000	0	0.00000	0
405	H	1.00000	0	0.00000	0
406	C	1.00000	0	0.00000	0
407	W	1.00000	0	0.00000	0
408	K	1.00000	0	0.00000	0
409	K	1.00000	0	0.00000	0
410	T	1.00000	0	0.00000	0
411	K	1.00000	0	0.00000	0
412	K	1.00000	0	0.00000	0
413	R	1.00000	0	0.00000	0
414	K	1.00000	0	0.00000	0
415	T	1.00000	0	0.00000	0
416	H	1.00000	0	0.00000	0
417	L	1.00000	0	0.00000	0
