# UNNAMED
#pos	aa	i	o	M	S
1	M	0.00000	1	0.00000	0
2	D	0.00000	1	0.00000	0
3	F	0.00000	1	0.00000	0
4	S	0.00000	1	0.00000	0
5	N	0.00000	1	0.00000	0
6	S	0.00000	1	0.00000	0
7	S	0.00000	1	0.00000	0
8	Y	0.00000	1	0.00000	0
9	Q	0.00000	1	0.00000	0
10	N	0.00000	1	0.00000	0
11	S	0.00000	1	0.00000	0
12	T	0.00000	1	0.00000	0
13	S	0.00000	1	0.00000	0
14	E	0.00000	1	0.00000	0
15	E	0.00000	1	0.00000	0
16	L	0.00000	1	0.00000	0
17	L	0.00000	1	0.00000	0
18	N	0.00000	1	0.00000	0
19	R	0.00000	1	0.00000	0
20	M	0.00000	0.99982	0.00018	0
21	P	0.00000	0.99898	0.00102	0
22	A	0.00000	0.9929	0.00710	0
23	K	0.00000	0.98904	0.01096	0
24	I	0.00000	0.46604	0.53396	0
25	L	0.00000	0.21692	0.78308	0
26	V	0.00000	0.07276	0.92724	0
27	S	0.00000	0.04673	0.95327	0
28	F	0.00000	0.00667	0.99333	0
29	I	0.00000	0.00063	0.99937	0
30	L	0.00000	0.00016	0.99984	0
31	S	0.00000	7e-05	0.99993	0
32	G	0.00000	2e-05	0.99998	0
33	L	0.00000	0	1.00000	0
34	A	0.00000	0	1.00000	0
35	L	0.00000	0	1.00000	0
36	M	0.00000	0	1.00000	0
37	T	0.00000	0	1.00000	0
38	T	0.00000	0	1.00000	0
39	T	0.00000	0	1.00000	0
40	I	0.00000	0	1.00000	0
41	N	0.00000	0	1.00000	0
42	S	0.00000	0	1.00000	0
43	L	0.00000	0	1.00000	0
44	V	0.00000	0	1.00000	0
45	I	0.00001	0	0.99999	0
46	A	0.00011	0	0.99989	0
47	A	0.00162	0	0.99838	0
48	I	0.01143	0	0.98857	0
49	I	0.09616	0	0.90384	0
50	V	0.53635	0	0.46365	0
51	T	0.95865	0	0.04135	0
52	R	0.99942	0	0.00058	0
53	K	1.00000	0	0.00000	0
54	L	1.00000	0	0.00000	0
55	H	1.00000	0	0.00000	0
56	H	1.00000	0	0.00000	0
57	P	1.00000	0	0.00000	0
58	A	0.87176	0	0.12824	0
59	N	0.24959	0	0.75041	0
60	Y	0.09652	0	0.90348	0
61	L	0.00155	0	0.99845	0
62	I	0.00003	0	0.99997	0
63	C	0.00000	0	1.00000	0
64	S	0.00000	0	1.00000	0
65	L	0.00000	0	1.00000	0
66	A	0.00000	0	1.00000	0
67	V	0.00000	0	1.00000	0
68	T	0.00000	0	1.00000	0
69	D	0.00000	0	1.00000	0
70	F	0.00000	0	1.00000	0
71	L	0.00000	0	1.00000	0
72	V	0.00000	0	1.00000	0
73	A	0.00000	0	1.00000	0
74	V	0.00000	0	1.00000	0
75	L	0.00000	0	1.00000	0
76	V	0.00000	0	1.00000	0
77	M	0.00000	0.00019	0.99981	0
78	P	0.00000	0.00437	0.99563	0
79	F	0.00000	0.04723	0.95277	0
80	S	0.00000	0.27062	0.72938	0
81	I	0.00000	0.3605	0.63950	0
82	V	0.00000	0.61528	0.38472	0
83	Y	0.00000	0.99871	0.00129	0
84	I	0.00000	0.9988	0.00120	0
85	V	0.00000	0.99895	0.00105	0
86	R	0.00000	0.99995	0.00005	0
87	E	0.00000	1	0.00000	0
88	S	0.00000	1	0.00000	0
89	W	0.00000	1	0.00000	0
90	I	0.00000	1	0.00000	0
91	M	0.00000	1	0.00000	0
92	G	0.00000	1	0.00000	0
93	Q	0.00000	1	0.00000	0
94	V	0.00000	0.99986	0.00014	0
95	V	0.00000	0.99982	0.00018	0
96	C	0.00000	0.9998	0.00020	0
97	D	0.00000	0.99969	0.00031	0
98	I	0.00000	0.99758	0.00242	0
99	W	0.00000	0.81538	0.18462	0
100	L	0.00000	0.08293	0.91707	0
101	S	0.00000	0.01209	0.98791	0
102	V	0.00000	0.00021	0.99979	0
103	D	0.00000	8e-05	0.99992	0
104	I	0.00000	0	1.00000	0
105	T	0.00000	0	1.00000	0
106	C	0.00000	0	1.00000	0
107	C	0.00000	0	1.00000	0
108	T	0.00000	0	1.00000	0
109	C	0.00000	0	1.00000	0
110	S	0.00000	0	1.00000	0
111	I	0.00000	0	1.00000	0
112	L	0.00000	0	1.00000	0
113	H	0.00000	0	1.00000	0
114	L	0.00000	0	1.00000	0
115	S	0.00000	0	1.00000	0
116	A	0.00000	0	1.00000	0
117	I	0.00000	0	1.00000	0
118	A	0.00000	0	1.00000	0
119	L	0.00000	0	1.00000	0
120	D	0.00007	0	0.99993	0
121	R	0.07688	0	0.92312	0
122	Y	0.59104	0	0.40896	0
123	R	0.63225	0	0.36775	0
124	A	0.85911	0	0.14089	0
125	I	1.00000	0	0.00000	0
126	T	1.00000	0	0.00000	0
127	D	1.00000	0	0.00000	0
128	A	1.00000	0	0.00000	0
129	V	1.00000	0	0.00000	0
130	E	1.00000	0	0.00000	0
131	Y	1.00000	0	0.00000	0
132	A	1.00000	0	0.00000	0
133	Q	1.00000	0	0.00000	0
134	K	1.00000	0	0.00000	0
135	R	1.00000	0	0.00000	0
136	T	0.99999	0	0.00001	0
137	P	0.99998	0	0.00002	0
138	K	0.99909	0	0.00091	0
139	Q	0.95989	0	0.04011	0
140	A	0.08266	0	0.91734	0
141	G	0.02226	0	0.97774	0
142	I	0.00053	0	0.99947	0
143	M	0.00005	0	0.99995	0
144	I	0.00000	0	1.00000	0
145	T	0.00000	0	1.00000	0
146	I	0.00000	0	1.00000	0
147	V	0.00000	0	1.00000	0
148	W	0.00000	0	1.00000	0
149	I	0.00000	0	1.00000	0
150	I	0.00000	0	1.00000	0
151	S	0.00000	0	1.00000	0
152	I	0.00000	0	1.00000	0
153	F	0.00000	0	1.00000	0
154	I	0.00000	0	1.00000	0
155	S	0.00000	0	1.00000	0
156	M	0.00000	0	1.00000	0
157	P	0.00000	3e-05	0.99997	0
158	P	0.00000	0.00023	0.99977	0
159	L	0.00000	0.00129	0.99871	0
160	F	0.00000	0.04018	0.95982	0
161	W	0.00000	0.61167	0.38833	0
162	R	0.00000	0.97395	0.02605	0
163	H	0.00000	0.99448	0.00552	0
164	Q	0.00000	0.99977	0.00023	0
165	G	0.00000	0.99999	0.00001	0
166	T	0.00000	1	0.00000	0
167	S	0.00000	1	0.00000	0
168	R	0.00000	1	0.00000	0
169	D	0.00000	1	0.00000	0
170	D	0.00000	1	0.00000	0
171	E	0.00000	1	0.00000	0
172	C	0.00000	1	0.00000	0
173	I	0.00000	1	0.00000	0
174	I	0.00000	1	0.00000	0
175	K	0.00000	1	0.00000	0
176	H	0.00000	0.99999	0.00001	0
177	D	0.00000	0.99998	0.00002	0
178	H	0.00000	0.99724	0.00276	0
179	I	0.00000	0.85215	0.14785	0
180	V	0.00000	0.49855	0.50145	0
181	S	0.00000	0.47203	0.52797	0
182	T	0.00000	0.45592	0.54408	0
183	I	0.00000	0.00292	0.99708	0
184	Y	0.00000	0.00044	0.99956	0
185	S	0.00000	0.00026	0.99974	0
186	T	0.00000	2e-05	0.99998	0
187	F	0.00000	1e-05	0.99999	0
188	G	0.00000	0	1.00000	0
189	A	0.00000	0	1.00000	0
190	F	0.00000	0	1.00000	0
191	Y	0.00000	0	1.00000	0
192	I	0.00000	0	1.00000	0
193	P	0.00000	0	1.00000	0
194	L	0.00000	0	1.00000	0
195	T	0.00000	0	1.00000	0
196	L	0.00000	0	1.00000	0
197	I	0.00000	0	1.00000	0
198	L	0.00000	0	1.00000	0
199	I	0.00000	0	1.00000	0
200	L	0.00001	0	0.99999	0
201	Y	0.00044	0	0.99956	0
202	Y	0.01347	0	0.98653	0
203	K	0.19635	0	0.80365	0
204	I	0.20922	0	0.79078	0
205	Y	0.28437	0	0.71563	0
206	K	0.98945	0	0.01055	0
207	A	0.99809	0	0.00191	0
208	A	0.99984	0	0.00016	0
209	K	0.99999	0	0.00001	0
210	T	1.00000	0	0.00000	0
211	L	1.00000	0	0.00000	0
212	Y	1.00000	0	0.00000	0
213	H	1.00000	0	0.00000	0
214	K	1.00000	0	0.00000	0
215	R	1.00000	0	0.00000	0
216	Q	1.00000	0	0.00000	0
217	A	1.00000	0	0.00000	0
218	S	1.00000	0	0.00000	0
219	R	1.00000	0	0.00000	0
220	I	1.00000	0	0.00000	0
221	A	1.00000	0	0.00000	0
222	K	1.00000	0	0.00000	0
223	E	1.00000	0	0.00000	0
224	E	1.00000	0	0.00000	0
225	L	1.00000	0	0.00000	0
226	N	1.00000	0	0.00000	0
227	G	1.00000	0	0.00000	0
228	Q	1.00000	0	0.00000	0
229	V	1.00000	0	0.00000	0
230	L	1.00000	0	0.00000	0
231	L	1.00000	0	0.00000	0
232	E	1.00000	0	0.00000	0
233	S	1.00000	0	0.00000	0
234	G	1.00000	0	0.00000	0
235	E	1.00000	0	0.00000	0
236	K	1.00000	0	0.00000	0
237	S	1.00000	0	0.00000	0
238	S	1.00000	0	0.00000	0
239	R	1.00000	0	0.00000	0
240	L	1.00000	0	0.00000	0
241	V	1.00000	0	0.00000	0
242	S	1.00000	0	0.00000	0
243	T	1.00000	0	0.00000	0
244	P	1.00000	0	0.00000	0
245	Y	1.00000	0	0.00000	0
246	M	1.00000	0	0.00000	0
247	L	1.00000	0	0.00000	0
248	E	1.00000	0	0.00000	0
249	K	1.00000	0	0.00000	0
250	S	1.00000	0	0.00000	0
251	L	1.00000	0	0.00000	0
252	S	1.00000	0	0.00000	0
253	D	1.00000	0	0.00000	0
254	P	1.00000	0	0.00000	0
255	S	1.00000	0	0.00000	0
256	T	1.00000	0	0.00000	0
257	D	1.00000	0	0.00000	0
258	F	1.00000	0	0.00000	0
259	D	1.00000	0	0.00000	0
260	K	1.00000	0	0.00000	0
261	I	1.00000	0	0.00000	0
262	H	1.00000	0	0.00000	0
263	S	1.00000	0	0.00000	0
264	T	1.00000	0	0.00000	0
265	V	1.00000	0	0.00000	0
266	K	1.00000	0	0.00000	0
267	S	1.00000	0	0.00000	0
268	P	1.00000	0	0.00000	0
269	R	1.00000	0	0.00000	0
270	S	1.00000	0	0.00000	0
271	E	1.00000	0	0.00000	0
272	F	1.00000	0	0.00000	0
273	R	1.00000	0	0.00000	0
274	H	1.00000	0	0.00000	0
275	E	1.00000	0	0.00000	0
276	R	1.00000	0	0.00000	0
277	S	1.00000	0	0.00000	0
278	W	1.00000	0	0.00000	0
279	R	1.00000	0	0.00000	0
280	R	1.00000	0	0.00000	0
281	Q	1.00000	0	0.00000	0
282	K	1.00000	0	0.00000	0
283	I	1.00000	0	0.00000	0
284	S	1.00000	0	0.00000	0
285	G	1.00000	0	0.00000	0
286	T	1.00000	0	0.00000	0
287	R	1.00000	0	0.00000	0
288	E	1.00000	0	0.00000	0
289	R	0.89861	0	0.10139	0
290	K	0.89446	0	0.10554	0
291	A	0.03493	0	0.96507	0
292	A	0.03461	0	0.96539	0
293	T	0.03423	0	0.96577	0
294	T	0.03406	0	0.96594	0
295	L	0.00025	0	0.99975	0
296	G	0.00004	0	0.99996	0
297	L	0.00001	0	0.99999	0
298	I	0.00000	0	1.00000	0
299	L	0.00000	0	1.00000	0
300	G	0.00000	0	1.00000	0
301	A	0.00000	0	1.00000	0
302	F	0.00000	0	1.00000	0
303	V	0.00000	0	1.00000	0
304	I	0.00000	0	1.00000	0
305	C	0.00000	0	1.00000	0
306	W	0.00000	0	1.00000	0
307	L	0.00000	0	1.00000	0
308	P	0.00000	0	1.00000	0
309	F	0.00000	1e-05	0.99999	0
310	F	0.00000	0.00028	0.99972	0
311	V	0.00000	0.07498	0.92502	0
312	K	0.00000	0.85196	0.14804	0
313	E	0.00000	0.87385	0.12615	0
314	L	0.00000	0.87615	0.12385	0
315	V	0.00000	0.88703	0.11297	0
316	V	0.00000	0.9122	0.08780	0
317	N	0.00000	0.98336	0.01664	0
318	V	0.00000	0.98971	0.01029	0
319	C	0.00000	0.9992	0.00080	0
320	E	0.00000	0.99998	0.00002	0
321	K	0.00000	1	0.00000	0
322	C	0.00000	1	0.00000	0
323	K	0.00000	1	0.00000	0
324	I	0.00000	0.99997	0.00003	0
325	S	0.00000	0.99996	0.00004	0
326	E	0.00000	0.99991	0.00009	0
327	E	0.00000	0.99957	0.00043	0
328	M	0.00000	0.99654	0.00346	0
329	S	0.00000	0.99602	0.00398	0
330	N	0.00000	0.66948	0.33052	0
331	F	0.00000	0.00644	0.99356	0
332	L	0.00000	0.00019	0.99981	0
333	T	0.00000	1e-05	0.99999	0
334	W	0.00000	0	1.00000	0
335	L	0.00000	0	1.00000	0
336	G	0.00000	0	1.00000	0
337	Y	0.00000	0	1.00000	0
338	L	0.00000	0	1.00000	0
339	N	0.00000	0	1.00000	0
340	S	0.00000	0	1.00000	0
341	L	0.00000	0	1.00000	0
342	I	0.00000	0	1.00000	0
343	N	0.00000	0	1.00000	0
344	P	0.00000	0	1.00000	0
345	M	0.00000	0	1.00000	0
346	I	0.00000	0	1.00000	0
347	Y	0.00000	0	1.00000	0
348	T	0.00000	0	1.00000	0
349	I	0.00008	0	0.99992	0
350	F	0.02474	0	0.97526	0
351	N	0.36130	0	0.63870	0
352	E	1.00000	0	0.00000	0
353	D	1.00000	0	0.00000	0
354	F	1.00000	0	0.00000	0
355	K	1.00000	0	0.00000	0
356	K	1.00000	0	0.00000	0
357	A	1.00000	0	0.00000	0
358	F	1.00000	0	0.00000	0
359	Q	1.00000	0	0.00000	0
360	K	1.00000	0	0.00000	0
361	L	1.00000	0	0.00000	0
362	V	1.00000	0	0.00000	0
363	R	1.00000	0	0.00000	0
364	C	1.00000	0	0.00000	0
365	R	1.00000	0	0.00000	0
366	C	1.00000	0	0.00000	0
