# UNNAMED
#pos	aa	i	o	M	S
1	M	0.00000	0.99963	0.00000	0.00037
2	F	0.00000	0.99963	0.00000	0.00037
3	R	0.00000	0.99963	0.00000	0.00037
4	Q	0.00000	0.99963	0.00000	0.00037
5	E	0.00000	0.99963	0.00000	0.00037
6	H	0.00000	0.99963	0.00000	0.00037
7	P	0.00000	0.99963	0.00000	0.00037
8	L	0.00000	0.99963	0.00000	0.00037
9	A	0.00000	0.99963	0.00000	0.00037
10	E	0.00000	0.99963	0.00000	0.00037
11	G	0.00000	0.99963	0.00000	0.00037
12	S	0.00000	0.99963	0.00000	0.00037
13	F	0.00000	0.99963	0.00000	0.00037
14	A	0.00000	0.99963	0.00000	0.00037
15	P	0.00000	0.99963	0.00000	0.00037
16	M	0.00000	0.99963	0.00000	0.00037
17	G	0.00000	0.99963	0.00000	0.00037
18	S	0.00000	0.99963	0.00000	0.00037
19	L	0.00000	0.99963	0.00000	0.00037
20	Q	0.00000	0.99999	0.00000	0
21	P	0.00000	0.99999	0.00000	1e-05
22	D	0.00000	0.99999	0.00000	1e-05
23	A	0.00000	0.99999	0.00000	1e-05
24	G	0.00000	0.99999	0.00000	1e-05
25	N	0.00000	0.99999	0.00000	1e-05
26	S	0.00000	0.99999	0.00000	1e-05
27	S	0.00000	0.99999	0.00000	1e-05
28	W	0.00000	1	0.00000	0
29	N	0.00000	1	0.00000	0
30	G	0.00000	1	0.00000	0
31	T	0.00000	1	0.00000	0
32	E	0.00000	1	0.00000	0
33	A	0.00000	1	0.00000	0
34	P	0.00000	1	0.00000	0
35	G	0.00000	1	0.00000	0
36	G	0.00000	1	0.00000	0
37	G	0.00000	1	0.00000	0
38	A	0.00000	1	0.00000	0
39	R	0.00000	1	0.00000	0
40	A	0.00000	0.99976	0.00024	0
41	T	0.00000	0.99951	0.00049	0
42	P	0.00000	0.9985	0.00150	0
43	Y	0.00000	0.99058	0.00942	0
44	S	0.00000	0.98236	0.01764	0
45	L	0.00000	0.94507	0.05493	0
46	Q	0.00000	0.87023	0.12977	0
47	V	0.00000	0.41451	0.58549	0
48	T	0.00000	0.11216	0.88784	0
49	L	0.00000	0.06367	0.93633	0
50	T	0.00000	0.03629	0.96371	0
51	L	0.00000	0.01319	0.98681	0
52	V	0.00000	0.00684	0.99316	0
53	C	0.00000	0.00552	0.99448	0
54	L	0.00000	0.00088	0.99912	0
55	A	0.00000	0.00013	0.99987	0
56	G	0.00000	2e-05	0.99998	0
57	L	0.00000	0	1.00000	0
58	L	0.00000	0	1.00000	0
59	M	0.00000	0	1.00000	0
60	L	0.00000	0	1.00000	0
61	L	0.00000	0	1.00000	0
62	T	0.00000	0	1.00000	0
63	V	0.00000	0	1.00000	0
64	F	0.00000	0	1.00000	0
65	G	0.00000	0	1.00000	0
66	N	0.00000	0	1.00000	0
67	V	0.00000	0	1.00000	0
68	L	0.00000	0	1.00000	0
69	V	0.00000	0	1.00000	0
70	I	0.00002	0	0.99998	0
71	I	0.00128	0	0.99872	0
72	A	0.07261	0	0.92739	0
73	V	0.16051	0	0.83949	0
74	F	0.35828	0	0.64172	0
75	T	0.96530	0	0.03470	0
76	S	0.99881	0	0.00119	0
77	R	0.99998	0	0.00002	0
78	A	1.00000	0	0.00000	0
79	L	1.00000	0	0.00000	0
80	K	1.00000	0	0.00000	0
81	A	1.00000	0	0.00000	0
82	P	1.00000	0	0.00000	0
83	Q	0.83478	0	0.16522	0
84	N	0.14481	0	0.85519	0
85	L	0.02338	0	0.97662	0
86	F	0.00020	0	0.99980	0
87	L	0.00000	0	1.00000	0
88	V	0.00000	0	1.00000	0
89	S	0.00000	0	1.00000	0
90	L	0.00000	0	1.00000	0
91	A	0.00000	0	1.00000	0
92	S	0.00000	0	1.00000	0
93	A	0.00000	0	1.00000	0
94	D	0.00000	0	1.00000	0
95	I	0.00000	0	1.00000	0
96	L	0.00000	0	1.00000	0
97	V	0.00000	0	1.00000	0
98	A	0.00000	0	1.00000	0
99	T	0.00000	0	1.00000	0
100	L	0.00000	0	1.00000	0
101	V	0.00000	0	1.00000	0
102	I	0.00000	0.00022	0.99978	0
103	P	0.00000	0.00381	0.99619	0
104	F	0.00000	0.04001	0.95999	0
105	S	0.00000	0.38563	0.61437	0
106	L	0.00000	0.52037	0.47963	0
107	A	0.00000	0.81273	0.18727	0
108	N	0.00000	0.99997	0.00003	0
109	E	0.00000	0.99998	0.00002	0
110	V	0.00000	0.99998	0.00002	0
111	M	0.00000	0.99999	0.00001	0
112	G	0.00000	0.99999	0.00001	0
113	Y	0.00000	1	0.00000	0
114	W	0.00000	1	0.00000	0
115	Y	0.00000	1	0.00000	0
116	F	0.00000	1	0.00000	0
117	G	0.00000	1	0.00000	0
118	K	0.00000	1	0.00000	0
119	A	0.00000	1	0.00000	0
120	W	0.00000	1	0.00000	0
121	C	0.00000	1	0.00000	0
122	E	0.00000	1	0.00000	0
123	I	0.00000	0.99908	0.00092	0
124	Y	0.00000	0.87236	0.12764	0
125	L	0.00000	0.42341	0.57659	0
126	A	0.00000	0.25709	0.74291	0
127	L	0.00000	0.00661	0.99339	0
128	D	0.00000	0.00265	0.99735	0
129	V	0.00000	4e-05	0.99996	0
130	L	0.00000	0	1.00000	0
131	F	0.00000	0	1.00000	0
132	C	0.00000	0	1.00000	0
133	T	0.00000	0	1.00000	0
134	S	0.00000	0	1.00000	0
135	S	0.00000	0	1.00000	0
136	I	0.00000	0	1.00000	0
137	V	0.00000	0	1.00000	0
138	H	0.00000	0	1.00000	0
139	L	0.00000	0	1.00000	0
140	C	0.00000	0	1.00000	0
141	A	0.00000	0	1.00000	0
142	I	0.00000	0	1.00000	0
143	S	0.00000	0	1.00000	0
144	L	0.00000	0	1.00000	0
145	D	0.00000	0	1.00000	0
146	R	0.00364	0	0.99636	0
147	Y	0.02854	0	0.97146	0
148	W	0.04758	0	0.95242	0
149	S	0.38037	0	0.61963	0
150	I	0.99998	0	0.00002	0
151	T	1.00000	0	0.00000	0
152	Q	1.00000	0	0.00000	0
153	A	1.00000	0	0.00000	0
154	I	1.00000	0	0.00000	0
155	E	1.00000	0	0.00000	0
156	Y	1.00000	0	0.00000	0
157	N	1.00000	0	0.00000	0
158	L	1.00000	0	0.00000	0
159	K	1.00000	0	0.00000	0
160	R	1.00000	0	0.00000	0
161	T	1.00000	0	0.00000	0
162	P	1.00000	0	0.00000	0
163	R	0.99995	0	0.00005	0
164	R	0.98790	0	0.01210	0
165	I	0.45226	0	0.54774	0
166	K	0.42296	0	0.57704	0
167	A	0.10071	0	0.89929	0
168	I	0.00034	0	0.99966	0
169	I	0.00000	0	1.00000	0
170	F	0.00000	0	1.00000	0
171	T	0.00000	0	1.00000	0
172	V	0.00000	0	1.00000	0
173	W	0.00000	0	1.00000	0
174	V	0.00000	0	1.00000	0
175	I	0.00000	0	1.00000	0
176	S	0.00000	0	1.00000	0
177	A	0.00000	0	1.00000	0
178	V	0.00000	0	1.00000	0
179	I	0.00000	0	1.00000	0
180	S	0.00000	0	1.00000	0
181	F	0.00000	0	1.00000	0
182	P	0.00000	0	1.00000	0
183	P	0.00000	4e-05	0.99996	0
184	L	0.00000	0.00042	0.99958	0
185	I	0.00000	0.01724	0.98276	0
186	S	0.00000	0.21907	0.78093	0
187	I	0.00000	0.31645	0.68355	0
188	E	0.00000	0.96483	0.03517	0
189	K	0.00000	0.99977	0.00023	0
190	K	0.00000	1	0.00000	0
191	G	0.00000	1	0.00000	0
192	G	0.00000	1	0.00000	0
193	G	0.00000	1	0.00000	0
194	G	0.00000	1	0.00000	0
195	P	0.00000	1	0.00000	0
196	P	0.00000	1	0.00000	0
197	P	0.00000	1	0.00000	0
198	E	0.00000	1	0.00000	0
199	E	0.00000	1	0.00000	0
200	P	0.00000	1	0.00000	0
201	R	0.00000	1	0.00000	0
202	C	0.00000	1	0.00000	0
203	R	0.00000	1	0.00000	0
204	I	0.00000	1	0.00000	0
205	N	0.00000	1	0.00000	0
206	D	0.00000	1	0.00000	0
207	Q	0.00000	0.99991	0.00009	0
208	K	0.00000	0.98687	0.01313	0
209	W	0.00000	0.16919	0.83081	0
210	Y	0.00000	0.01492	0.98508	0
211	V	0.00000	0.01284	0.98716	0
212	I	0.00000	0.0004	0.99960	0
213	S	0.00000	1e-05	0.99999	0
214	S	0.00000	1e-05	0.99999	0
215	C	0.00000	1e-05	0.99999	0
216	I	0.00000	0	1.00000	0
217	G	0.00000	0	1.00000	0
218	S	0.00000	0	1.00000	0
219	F	0.00000	0	1.00000	0
220	F	0.00000	0	1.00000	0
221	A	0.00000	0	1.00000	0
222	P	0.00000	0	1.00000	0
223	C	0.00000	0	1.00000	0
224	L	0.00000	0	1.00000	0
225	I	0.00000	0	1.00000	0
226	M	0.00000	0	1.00000	0
227	I	0.00000	0	1.00000	0
228	L	0.00000	0	1.00000	0
229	V	0.00001	0	0.99999	0
230	Y	0.00059	0	0.99941	0
231	V	0.02292	0	0.97708	0
232	R	0.35749	0	0.64251	0
233	I	0.38295	0	0.61705	0
234	Y	0.51182	0	0.48818	0
235	Q	0.99718	0	0.00282	0
236	I	0.99820	0	0.00180	0
237	A	0.99999	0	0.00001	0
238	K	1.00000	0	0.00000	0
239	R	1.00000	0	0.00000	0
240	R	0.99999	0	0.00001	0
241	T	0.99993	0	0.00007	0
242	R	0.99993	0	0.00007	0
243	V	0.99926	0	0.00074	0
244	R	0.99926	0	0.00074	0
245	G	0.99926	0	0.00074	0
246	T	0.99916	0	0.00084	0
247	L	0.99855	0	0.00145	0
248	P	0.99846	0	0.00154	0
249	N	0.78820	0	0.21180	0
250	L	0.74171	0	0.25829	0
251	T	0.72347	0	0.27653	0
252	G	0.60269	0	0.39731	0
253	K	0.59196	0	0.40804	0
254	G	0.21002	0	0.78998	0
255	F	0.00720	0	0.99280	0
256	T	0.00503	0	0.99497	0
257	Q	0.00108	0	0.99892	0
258	K	0.00013	0	0.99987	0
259	S	0.00013	0	0.99987	0
260	G	0.00013	0	0.99986	0
261	T	0.00013	1e-05	0.99985	0
262	S	0.00013	4e-05	0.99983	0
263	E	0.00013	7e-05	0.99980	0
264	L	0.00000	7e-05	0.99993	0
265	G	0.00000	0.0001	0.99990	0
266	T	0.00000	0.00013	0.99987	0
267	L	0.00000	0.00015	0.99985	0
268	I	0.00000	0.00053	0.99947	0
269	A	0.00000	0.00871	0.99129	0
270	G	0.00000	0.10243	0.89757	0
271	E	0.00000	0.34133	0.65867	0
272	E	0.00000	0.38242	0.61758	0
273	T	0.00000	0.39109	0.60891	0
274	V	0.00000	0.42783	0.57217	0
275	S	0.00000	0.64347	0.35653	0
276	Q	0.00000	0.93643	0.06357	0
277	H	0.00000	0.76967	0.23033	0
278	L	0.00000	0.18204	0.81796	0
279	L	0.00000	0.169	0.83100	0
280	M	0.00000	0.07104	0.92896	0
281	T	0.00000	0.03425	0.96575	0
282	D	0.00000	0.03075	0.96925	0
283	G	0.00000	0.02279	0.97721	0
284	K	0.00000	0.00294	0.99706	0
285	E	0.00000	2e-05	0.99998	0
286	G	0.00000	0	1.00000	0
287	G	0.00000	0	1.00000	0
288	Q	0.00000	0	1.00000	0
289	D	0.00000	0	1.00000	0
290	S	0.00000	0	1.00000	0
291	A	0.00000	0	1.00000	0
292	L	0.00000	0	1.00000	0
293	T	0.00000	0	1.00000	0
294	S	0.00000	0	1.00000	0
295	S	0.00001	0	0.99999	0
296	L	0.00009	0	0.99991	0
297	F	0.00216	0	0.99784	0
298	W	0.01686	0	0.98314	0
299	F	0.06654	0	0.93346	0
300	Q	0.74674	0	0.25326	0
301	G	0.84085	0	0.15915	0
302	L	0.91989	0	0.08011	0
303	Y	0.99168	0	0.00832	0
304	S	1.00000	0	0.00000	0
