# UNNAMED
#pos	aa	i	o	M	S
1	M	0.00000	0.99947	0.00000	0.00053
2	R	0.00000	0.99947	0.00000	0.00054
3	A	0.00000	0.99947	0.00000	0.00054
4	V	0.00000	0.99947	0.00000	0.00054
5	F	0.00000	0.99947	0.00000	0.00053
6	T	0.00000	0.99947	0.00000	0.00053
7	R	0.00000	0.99947	0.00000	0.00053
8	G	0.00000	0.99947	0.00000	0.00054
9	G	0.00000	0.99947	0.00000	0.00053
10	T	0.00000	0.99947	0.00000	0.00054
11	E	0.00000	0.99947	0.00000	0.00053
12	E	0.00000	0.99947	0.00000	0.00053
13	F	0.00000	0.99947	0.00000	0.00053
14	P	0.00000	0.99947	0.00000	0.00054
15	A	0.00000	0.99947	0.00000	0.00054
16	A	0.00000	0.99947	0.00000	0.00053
17	F	0.00000	0.99947	0.00000	0.00053
18	C	0.00000	0.99947	0.00000	0.00053
19	Y	0.00000	0.99999	0.00000	2e-05
20	Q	0.00000	0.99998	0.00000	2e-05
21	V	0.00000	0.99998	0.00000	1e-05
22	N	0.00000	0.99999	0.00000	1e-05
23	G	0.00000	0.99999	0.00000	1e-05
24	S	0.00000	0.99999	0.00000	1e-05
25	C	0.00000	1	0.00000	0
26	P	0.00000	1	0.00000	0
27	R	0.00000	1	0.00000	0
28	T	0.00000	0.99994	0.00006	0
29	V	0.00000	0.99989	0.00011	0
30	H	0.00000	0.99982	0.00018	0
31	P	0.00000	0.99938	0.00062	0
32	L	0.00000	0.99763	0.00237	0
33	G	0.00000	0.99559	0.00441	0
34	I	0.00000	0.98288	0.01712	0
35	Q	0.00000	0.85759	0.14241	0
36	L	0.00000	0.31487	0.68513	0
37	V	0.00000	0.01472	0.98528	0
38	I	0.00000	0.00193	0.99807	0
39	Y	0.00000	0.00067	0.99933	0
40	L	0.00000	0.00045	0.99955	0
41	A	0.00000	0.00041	0.99959	0
42	C	0.00000	0.00036	0.99964	0
43	A	0.00000	0.00021	0.99979	0
44	A	0.00000	0.0001	0.99990	0
45	G	0.00000	4e-05	0.99996	0
46	I	0.00000	0	1.00000	0
47	L	0.00000	0	1.00000	0
48	T	0.00000	0	1.00000	0
49	T	0.00000	0	1.00000	0
50	V	0.00000	0	1.00000	0
51	L	0.00000	0	1.00000	0
52	G	0.00000	0	1.00000	0
53	N	0.00000	0	1.00000	0
54	L	0.00000	0	1.00000	0
55	F	0.00000	0	1.00000	0
56	V	0.00001	0	0.99999	0
57	V	0.00022	0	0.99978	0
58	F	0.00831	0	0.99169	0
59	S	0.52577	0	0.47423	0
60	V	0.65828	0	0.34172	0
61	S	0.90609	0	0.09391	0
62	Y	0.93174	0	0.06826	0
63	F	0.95927	0	0.04073	0
64	K	0.99831	0	0.00169	0
65	V	0.99923	0	0.00077	0
66	L	0.99959	0	0.00041	0
67	H	1.00000	0	0.00000	0
68	T	1.00000	0	0.00000	0
69	P	1.00000	0	0.00000	0
70	T	0.91237	0	0.08763	0
71	N	0.09961	0	0.90039	0
72	F	0.00955	0	0.99045	0
73	L	0.00012	0	0.99988	0
74	L	0.00001	0	0.99999	0
75	L	0.00000	0	1.00000	0
76	S	0.00000	0	1.00000	0
77	L	0.00000	0	1.00000	0
78	A	0.00000	0	1.00000	0
79	L	0.00000	0	1.00000	0
80	A	0.00000	0	1.00000	0
81	D	0.00000	0	1.00000	0
82	M	0.00000	0	1.00000	0
83	L	0.00000	0	1.00000	0
84	L	0.00000	0	1.00000	0
85	G	0.00000	0	1.00000	0
86	L	0.00000	0	1.00000	0
87	L	0.00000	0	1.00000	0
88	V	0.00000	1e-05	0.99999	0
89	L	0.00000	0.00062	0.99938	0
90	P	0.00000	0.02192	0.97808	0
91	L	0.00000	0.07938	0.92062	0
92	S	0.00000	0.55978	0.44022	0
93	T	0.00000	0.74692	0.25308	0
94	V	0.00000	0.80679	0.19321	0
95	R	0.00000	0.99995	0.00005	0
96	S	0.00000	0.99997	0.00003	0
97	V	0.00000	0.99997	0.00003	0
98	E	0.00000	1	0.00000	0
99	S	0.00000	1	0.00000	0
100	C	0.00000	1	0.00000	0
101	W	0.00000	1	0.00000	0
102	F	0.00000	1	0.00000	0
103	F	0.00000	1	0.00000	0
104	G	0.00000	1	0.00000	0
105	D	0.00000	1	0.00000	0
106	F	0.00000	0.99996	0.00004	0
107	L	0.00000	0.99973	0.00027	0
108	C	0.00000	0.99966	0.00034	0
109	R	0.00000	0.99381	0.00619	0
110	L	0.00000	0.98619	0.01381	0
111	H	0.00000	0.31345	0.68655	0
112	T	0.00000	0.17973	0.82027	0
113	Y	0.00000	0.04621	0.95379	0
114	L	0.00000	0.00013	0.99987	0
115	D	0.00000	2e-05	0.99998	0
116	T	0.00000	0	1.00000	0
117	L	0.00000	0	1.00000	0
118	F	0.00000	0	1.00000	0
119	C	0.00000	0	1.00000	0
120	L	0.00000	0	1.00000	0
121	T	0.00000	0	1.00000	0
122	S	0.00000	0	1.00000	0
123	I	0.00000	0	1.00000	0
124	F	0.00000	0	1.00000	0
125	H	0.00000	0	1.00000	0
126	L	0.00000	0	1.00000	0
127	C	0.00000	0	1.00000	0
128	F	0.00000	0	1.00000	0
129	I	0.00000	0	1.00000	0
130	S	0.00000	0	1.00000	0
131	I	0.00001	0	0.99999	0
132	D	0.00013	0	0.99987	0
133	R	0.16976	0	0.83024	0
134	H	0.95717	0	0.04283	0
135	C	0.99682	0	0.00318	0
136	A	0.99966	0	0.00034	0
137	I	1.00000	0	0.00000	0
138	C	1.00000	0	0.00000	0
139	D	1.00000	0	0.00000	0
140	P	1.00000	0	0.00000	0
141	L	1.00000	0	0.00000	0
142	L	1.00000	0	0.00000	0
143	Y	1.00000	0	0.00000	0
144	P	1.00000	0	0.00000	0
145	A	1.00000	0	0.00000	0
146	K	1.00000	0	0.00000	0
147	F	0.99936	0	0.00064	0
148	T	0.99797	0	0.00203	0
149	I	0.98586	0	0.01414	0
150	R	0.95205	0	0.04795	0
151	V	0.10955	0	0.89045	0
152	A	0.04432	0	0.95568	0
153	L	0.00263	0	0.99737	0
154	K	0.00172	0	0.99828	0
155	C	0.00000	0	1.00000	0
156	I	0.00000	0	1.00000	0
157	L	0.00000	0	1.00000	0
158	A	0.00000	0	1.00000	0
159	G	0.00000	0	1.00000	0
160	W	0.00000	0	1.00000	0
161	G	0.00000	0	1.00000	0
162	V	0.00000	0	1.00000	0
163	P	0.00000	0	1.00000	0
164	A	0.00000	0	1.00000	0
165	A	0.00000	0	1.00000	0
166	Y	0.00000	0	1.00000	0
167	T	0.00000	2e-05	0.99998	0
168	A	0.00000	6e-05	0.99994	0
169	I	0.00000	0.0007	0.99930	0
170	L	0.00000	0.00671	0.99329	0
171	L	0.00000	0.11213	0.88787	0
172	Y	0.00000	0.45101	0.54899	0
173	T	0.00000	0.89262	0.10738	0
174	D	0.00000	0.99857	0.00143	0
175	F	0.00000	0.99872	0.00128	0
176	V	0.00000	0.99921	0.00079	0
177	E	0.00000	1	0.00000	0
178	R	0.00000	1	0.00000	0
179	G	0.00000	1	0.00000	0
180	L	0.00000	1	0.00000	0
181	S	0.00000	1	0.00000	0
182	Q	0.00000	1	0.00000	0
183	W	0.00000	1	0.00000	0
184	L	0.00000	1	0.00000	0
185	E	0.00000	1	0.00000	0
186	E	0.00000	1	0.00000	0
187	M	0.00000	1	0.00000	0
188	P	0.00000	1	0.00000	0
189	C	0.00000	1	0.00000	0
190	V	0.00000	1	0.00000	0
191	G	0.00000	1	0.00000	0
192	S	0.00000	1	0.00000	0
193	C	0.00000	0.99999	0.00001	0
194	Q	0.00000	0.98855	0.01145	0
195	L	0.00000	0.98829	0.01171	0
196	L	0.00000	0.98782	0.01218	0
197	F	0.00000	0.98649	0.01351	0
198	N	0.00000	0.98645	0.01355	0
199	K	0.00000	0.98638	0.01362	0
200	F	0.00000	0.3919	0.60810	0
201	W	0.00000	0.38384	0.61616	0
202	G	0.00000	0.04141	0.95859	0
203	W	0.00000	0.01102	0.98898	0
204	L	0.00000	0.00281	0.99719	0
205	N	0.00000	0.00213	0.99787	0
206	F	0.00000	0.00123	0.99877	0
207	P	0.00000	2e-05	0.99998	0
208	A	0.00000	0	1.00000	0
209	F	0.00000	0	1.00000	0
210	F	0.00000	0	1.00000	0
211	I	0.00000	0	1.00000	0
212	P	0.00000	0	1.00000	0
213	C	0.00000	0	1.00000	0
214	L	0.00000	0	1.00000	0
215	L	0.00000	0	1.00000	0
216	M	0.00000	0	1.00000	0
217	I	0.00001	0	0.99999	0
218	S	0.00135	0	0.99865	0
219	L	0.00167	0	0.99833	0
220	Y	0.00259	0	0.99741	0
221	V	0.00592	0	0.99408	0
222	K	0.02087	0	0.97913	0
223	I	0.02198	0	0.97802	0
224	F	0.04865	0	0.95135	0
225	V	0.30534	0	0.69466	0
226	V	0.49410	0	0.50590	0
227	A	0.97005	0	0.02995	0
228	T	0.99574	0	0.00426	0
229	R	0.99976	0	0.00024	0
230	Q	0.99999	0	0.00001	0
231	A	1.00000	0	0.00000	0
232	R	1.00000	0	0.00000	0
233	Q	1.00000	0	0.00000	0
234	I	1.00000	0	0.00000	0
235	S	1.00000	0	0.00000	0
236	T	1.00000	0	0.00000	0
237	L	1.00000	0	0.00000	0
238	S	1.00000	0	0.00000	0
239	K	1.00000	0	0.00000	0
240	S	1.00000	0	0.00000	0
241	L	1.00000	0	0.00000	0
242	A	1.00000	0	0.00000	0
243	G	1.00000	0	0.00000	0
244	A	1.00000	0	0.00000	0
245	A	1.00000	0	0.00000	0
246	K	1.00000	0	0.00000	0
247	R	1.00000	0	0.00000	0
248	E	1.00000	0	0.00000	0
249	R	0.92918	0	0.07082	0
250	K	0.92583	0	0.07417	0
251	A	0.11936	0	0.88064	0
252	A	0.11829	0	0.88171	0
253	K	0.11318	0	0.88682	0
254	T	0.08964	0	0.91036	0
255	L	0.02067	0	0.97933	0
256	G	0.02059	0	0.97941	0
257	I	0.00102	0	0.99898	0
258	A	0.00102	0	0.99898	0
259	V	0.00035	0	0.99965	0
260	G	0.00003	0	0.99997	0
261	I	0.00000	0	1.00000	0
262	Y	0.00000	0	1.00000	0
263	L	0.00000	0	1.00000	0
264	M	0.00000	0	1.00000	0
265	C	0.00000	0	1.00000	0
266	W	0.00000	0	1.00000	0
267	L	0.00000	0	1.00000	0
268	P	0.00000	2e-05	0.99998	0
269	F	0.00000	9e-05	0.99991	0
270	T	0.00000	0.00187	0.99813	0
271	V	0.00000	0.06587	0.93413	0
272	D	0.00000	0.75635	0.24365	0
273	T	0.00000	0.76015	0.23985	0
274	L	0.00000	0.76746	0.23254	0
275	V	0.00000	0.80539	0.19461	0
276	D	0.00000	0.9298	0.07020	0
277	S	0.00000	0.93009	0.06991	0
278	L	0.00000	0.92965	0.07035	0
279	L	0.00000	0.93277	0.06723	0
280	N	0.00000	0.94562	0.05438	0
281	F	0.00000	0.94699	0.05301	0
282	V	0.00000	0.96093	0.03907	0
283	T	0.00000	0.9891	0.01090	0
284	P	0.00000	0.99626	0.00374	0
285	P	0.00000	0.99482	0.00518	0
286	L	0.00000	0.96035	0.03965	0
287	I	0.00000	0.95044	0.04956	0
288	F	0.00000	0.94737	0.05263	0
289	D	0.00000	0.87143	0.12857	0
290	I	0.00000	0.05587	0.94413	0
291	F	0.00000	0.0025	0.99750	0
292	I	0.00000	1e-05	0.99999	0
293	W	0.00000	0	1.00000	0
294	F	0.00000	0	1.00000	0
295	A	0.00000	0	1.00000	0
296	Y	0.00000	0	1.00000	0
297	F	0.00002	0	0.99998	0
298	N	0.00100	0	0.99900	0
299	S	0.00103	0	0.99897	0
300	A	0.00106	0	0.99894	0
301	C	0.00115	0	0.99885	0
302	N	0.00117	0	0.99883	0
303	P	0.00117	0	0.99883	0
304	I	0.00117	0	0.99883	0
305	I	0.00121	0	0.99879	0
306	Y	0.00143	0	0.99857	0
307	V	0.00222	0	0.99778	0
308	F	0.00481	0	0.99519	0
309	S	0.12840	0	0.87160	0
310	Y	0.24295	0	0.75705	0
311	R	1.00000	0	0.00000	0
312	W	1.00000	0	0.00000	0
313	F	1.00000	0	0.00000	0
314	R	1.00000	0	0.00000	0
315	K	1.00000	0	0.00000	0
316	A	1.00000	0	0.00000	0
317	L	1.00000	0	0.00000	0
318	K	1.00000	0	0.00000	0
319	L	1.00000	0	0.00000	0
320	I	1.00000	0	0.00000	0
321	L	1.00000	0	0.00000	0
322	S	1.00000	0	0.00000	0
323	R	1.00000	0	0.00000	0
324	E	1.00000	0	0.00000	0
325	I	1.00000	0	0.00000	0
326	F	1.00000	0	0.00000	0
327	L	1.00000	0	0.00000	0
328	P	1.00000	0	0.00000	0
329	R	1.00000	0	0.00000	0
330	T	1.00000	0	0.00000	0
331	P	1.00000	0	0.00000	0
332	T	1.00000	0	0.00000	0
333	I	1.00000	0	0.00000	0
334	D	1.00000	0	0.00000	0
335	L	1.00000	0	0.00000	0
336	Y	1.00000	0	0.00000	0
337	Q	1.00000	0	0.00000	0
338	E	1.00000	0	0.00000	0
