# UNNAMED
#pos	aa	i	o	M	S
1	M	0.00000	1	0.00000	0
2	G	0.00000	1	0.00000	0
3	L	0.00000	1	0.00000	0
4	N	0.00000	1	0.00000	0
5	G	0.00000	1	0.00000	0
6	T	0.00000	1	0.00000	0
7	A	0.00000	1	0.00000	0
8	S	0.00000	1	0.00000	0
9	S	0.00000	1	0.00000	0
10	S	0.00000	1	0.00000	0
11	C	0.00000	1	0.00000	0
12	L	0.00000	1	0.00000	0
13	D	0.00000	1	0.00000	0
14	S	0.00000	1	0.00000	0
15	P	0.00000	0.99998	0.00002	0
16	P	0.00000	0.99979	0.00021	0
17	C	0.00000	0.99853	0.00147	0
18	K	0.00000	0.99174	0.00826	0
19	I	0.00000	0.46525	0.53475	0
20	T	0.00000	0.34747	0.65253	0
21	V	0.00000	0.26863	0.73137	0
22	S	0.00000	0.21768	0.78232	0
23	V	0.00000	0.04588	0.95412	0
24	V	0.00000	0.01618	0.98382	0
25	L	0.00000	0.00344	0.99656	0
26	T	0.00000	0.00117	0.99883	0
27	V	0.00000	0.0001	0.99990	0
28	L	0.00000	1e-05	0.99999	0
29	I	0.00000	0	1.00000	0
30	L	0.00000	0	1.00000	0
31	I	0.00000	0	1.00000	0
32	T	0.00000	0	1.00000	0
33	I	0.00000	0	1.00000	0
34	A	0.00000	0	1.00000	0
35	G	0.00000	0	1.00000	0
36	N	0.00000	0	1.00000	0
37	V	0.00000	0	1.00000	0
38	V	0.00000	0	1.00000	0
39	V	0.00001	0	0.99999	0
40	C	0.00015	0	0.99985	0
41	L	0.00327	0	0.99673	0
42	A	0.09269	0	0.90731	0
43	V	0.24197	0	0.75803	0
44	G	0.63830	0	0.36170	0
45	L	0.75639	0	0.24361	0
46	T	0.97711	0	0.02289	0
47	R	0.99956	0	0.00044	0
48	R	0.99998	0	0.00002	0
49	L	0.99999	0	0.00001	0
50	R	0.99998	0	0.00002	0
51	S	0.99507	0	0.00493	0
52	L	0.89558	0	0.10442	0
53	T	0.80272	0	0.19728	0
54	N	0.20078	0	0.79922	0
55	C	0.08353	0	0.91647	0
56	F	0.00101	0	0.99899	0
57	I	0.00008	0	0.99992	0
58	V	0.00000	0	1.00000	0
59	S	0.00000	0	1.00000	0
60	L	0.00000	0	1.00000	0
61	A	0.00000	0	1.00000	0
62	I	0.00000	0	1.00000	0
63	T	0.00000	0	1.00000	0
64	D	0.00000	0	1.00000	0
65	L	0.00000	0	1.00000	0
66	L	0.00000	0	1.00000	0
67	L	0.00000	0	1.00000	0
68	G	0.00000	0	1.00000	0
69	L	0.00000	0	1.00000	0
70	L	0.00000	0	1.00000	0
71	V	0.00000	7e-05	0.99993	0
72	L	0.00000	0.0013	0.99870	0
73	P	0.00000	0.01788	0.98212	0
74	F	0.00000	0.04847	0.95153	0
75	S	0.00000	0.33176	0.66824	0
76	A	0.00000	0.43923	0.56077	0
77	F	0.00000	0.53959	0.46041	0
78	Y	0.00000	0.99969	0.00031	0
79	Q	0.00000	0.9998	0.00020	0
80	L	0.00000	0.99982	0.00018	0
81	S	0.00000	0.99997	0.00003	0
82	C	0.00000	1	0.00000	0
83	K	0.00000	1	0.00000	0
84	W	0.00000	1	0.00000	0
85	S	0.00000	1	0.00000	0
86	F	0.00000	1	0.00000	0
87	G	0.00000	1	0.00000	0
88	K	0.00000	1	0.00000	0
89	V	0.00000	1	0.00000	0
90	F	0.00000	0.99998	0.00002	0
91	C	0.00000	0.99998	0.00002	0
92	N	0.00000	0.99996	0.00004	0
93	I	0.00000	0.99763	0.00237	0
94	Y	0.00000	0.80707	0.19293	0
95	T	0.00000	0.47626	0.52374	0
96	S	0.00000	0.21037	0.78963	0
97	L	0.00000	0.00076	0.99924	0
98	D	0.00000	0.00012	0.99988	0
99	V	0.00000	0	1.00000	0
100	M	0.00000	0	1.00000	0
101	L	0.00000	0	1.00000	0
102	C	0.00000	0	1.00000	0
103	T	0.00000	0	1.00000	0
104	A	0.00000	0	1.00000	0
105	S	0.00000	0	1.00000	0
106	I	0.00000	0	1.00000	0
107	L	0.00000	0	1.00000	0
108	N	0.00000	0	1.00000	0
109	L	0.00000	0	1.00000	0
110	F	0.00000	0	1.00000	0
111	M	0.00000	0	1.00000	0
112	I	0.00000	0	1.00000	0
113	S	0.00000	0	1.00000	0
114	L	0.00000	0	1.00000	0
115	D	0.00012	0	0.99988	0
116	R	0.02860	0	0.97140	0
117	Y	0.86809	0	0.13191	0
118	C	0.97924	0	0.02076	0
119	A	0.99361	0	0.00639	0
120	V	1.00000	0	0.00000	0
121	T	1.00000	0	0.00000	0
122	D	1.00000	0	0.00000	0
123	P	1.00000	0	0.00000	0
124	L	1.00000	0	0.00000	0
125	R	1.00000	0	0.00000	0
126	Y	1.00000	0	0.00000	0
127	P	1.00000	0	0.00000	0
128	V	1.00000	0	0.00000	0
129	L	1.00000	0	0.00000	0
130	V	0.99961	0	0.00039	0
131	T	0.99945	0	0.00055	0
132	P	0.99821	0	0.00179	0
133	V	0.91429	0	0.08571	0
134	R	0.89987	0	0.10013	0
135	V	0.20695	0	0.79305	0
136	A	0.03508	0	0.96492	0
137	V	0.00399	0	0.99601	0
138	S	0.00189	0	0.99811	0
139	L	0.00001	0	0.99999	0
140	V	0.00000	0	1.00000	0
141	L	0.00000	0	1.00000	0
142	I	0.00000	0	1.00000	0
143	W	0.00000	0	1.00000	0
144	V	0.00000	0	1.00000	0
145	I	0.00000	0	1.00000	0
146	S	0.00000	0	1.00000	0
147	I	0.00000	0	1.00000	0
148	T	0.00000	0	1.00000	0
149	L	0.00000	0	1.00000	0
150	S	0.00000	1e-05	0.99999	0
151	F	0.00000	2e-05	0.99998	0
152	L	0.00000	0.00032	0.99968	0
153	S	0.00000	0.01044	0.98956	0
154	I	0.00000	0.02596	0.97404	0
155	H	0.00000	0.16079	0.83921	0
156	L	0.00000	0.29133	0.70867	0
157	G	0.00000	0.83957	0.16043	0
158	W	0.00000	0.93542	0.06458	0
159	N	0.00000	0.9971	0.00290	0
160	S	0.00000	0.99996	0.00004	0
161	G	0.00000	1	0.00000	0
162	S	0.00000	1	0.00000	0
163	K	0.00000	1	0.00000	0
164	N	0.00000	1	0.00000	0
165	N	0.00000	1	0.00000	0
166	S	0.00000	1	0.00000	0
167	F	0.00000	1	0.00000	0
168	N	0.00000	1	0.00000	0
169	H	0.00000	1	0.00000	0
170	T	0.00000	1	0.00000	0
171	I	0.00000	1	0.00000	0
172	P	0.00000	1	0.00000	0
173	K	0.00000	1	0.00000	0
174	C	0.00000	1	0.00000	0
175	K	0.00000	1	0.00000	0
176	V	0.00000	0.99995	0.00005	0
177	Q	0.00000	0.99983	0.00017	0
178	V	0.00000	0.98578	0.01422	0
179	N	0.00000	0.98567	0.01433	0
180	L	0.00000	0.9765	0.02350	0
181	V	0.00000	0.0037	0.99630	0
182	Y	0.00000	0.00055	0.99945	0
183	G	0.00000	0.00053	0.99947	0
184	L	0.00000	0.00019	0.99981	0
185	V	0.00000	0.00016	0.99984	0
186	D	0.00000	0.00016	0.99984	0
187	G	0.00000	1e-05	0.99999	0
188	L	0.00000	1e-05	0.99999	0
189	V	0.00000	0	1.00000	0
190	T	0.00000	0	1.00000	0
191	F	0.00000	0	1.00000	0
192	Y	0.00000	0	1.00000	0
193	L	0.00000	0	1.00000	0
194	P	0.00000	0	1.00000	0
195	L	0.00000	0	1.00000	0
196	L	0.00000	0	1.00000	0
197	V	0.00000	0	1.00000	0
198	M	0.00000	0	1.00000	0
199	C	0.00000	0	1.00000	0
200	I	0.00003	0	0.99997	0
201	T	0.00055	0	0.99945	0
202	Y	0.00096	0	0.99904	0
203	Y	0.00818	0	0.99182	0
204	R	0.15419	0	0.84581	0
205	I	0.17011	0	0.82989	0
206	F	0.24028	0	0.75972	0
207	K	0.99529	0	0.00471	0
208	I	0.99858	0	0.00142	0
209	A	0.99999	0	0.00001	0
210	R	1.00000	0	0.00000	0
211	D	1.00000	0	0.00000	0
212	Q	1.00000	0	0.00000	0
213	A	1.00000	0	0.00000	0
214	K	1.00000	0	0.00000	0
215	R	1.00000	0	0.00000	0
216	I	1.00000	0	0.00000	0
217	H	1.00000	0	0.00000	0
218	H	1.00000	0	0.00000	0
219	M	1.00000	0	0.00000	0
220	G	1.00000	0	0.00000	0
221	S	1.00000	0	0.00000	0
222	W	1.00000	0	0.00000	0
223	K	1.00000	0	0.00000	0
224	A	1.00000	0	0.00000	0
225	A	1.00000	0	0.00000	0
226	T	1.00000	0	0.00000	0
227	I	1.00000	0	0.00000	0
228	G	1.00000	0	0.00000	0
229	E	1.00000	0	0.00000	0
230	H	0.99980	0	0.00020	0
231	K	0.99887	0	0.00113	0
232	A	0.89330	0	0.10670	0
233	T	0.77936	0	0.22064	0
234	V	0.42579	0	0.57421	0
235	T	0.33385	0	0.66615	0
236	L	0.00305	0	0.99695	0
237	A	0.00027	0	0.99973	0
238	A	0.00005	0	0.99995	0
239	V	0.00002	0	0.99998	0
240	M	0.00001	0	0.99999	0
241	G	0.00000	0	1.00000	0
242	A	0.00000	0	1.00000	0
243	F	0.00000	0	1.00000	0
244	I	0.00000	0	1.00000	0
245	I	0.00000	0	1.00000	0
246	C	0.00000	0	1.00000	0
247	W	0.00000	0	1.00000	0
248	F	0.00000	0	1.00000	0
249	P	0.00000	0	1.00000	0
250	Y	0.00000	0	1.00000	0
251	F	0.00000	0	1.00000	0
252	T	0.00000	0.00017	0.99983	0
253	V	0.00000	0.00071	0.99929	0
254	F	0.00000	0.00534	0.99466	0
255	V	0.00000	0.13232	0.86768	0
256	Y	0.00000	0.33804	0.66196	0
257	R	0.00000	0.73415	0.26585	0
258	G	0.00000	0.76794	0.23206	0
259	L	0.00000	0.78304	0.21696	0
260	V	0.00000	0.84325	0.15675	0
261	G	0.00000	0.99105	0.00895	0
262	D	0.00000	1	0.00000	0
263	D	0.00000	1	0.00000	0
264	D	0.00000	1	0.00000	0
265	I	0.00000	0.99998	0.00002	0
266	N	0.00000	0.99987	0.00013	0
267	E	0.00000	0.99946	0.00054	0
268	A	0.00000	0.99448	0.00552	0
269	I	0.00000	0.98585	0.01415	0
270	E	0.00000	0.98193	0.01807	0
271	A	0.00000	0.21643	0.78357	0
272	V	0.00000	0.00081	0.99919	0
273	V	0.00000	1e-05	0.99999	0
274	L	0.00000	0	1.00000	0
275	W	0.00000	0	1.00000	0
276	L	0.00000	0	1.00000	0
277	G	0.00000	0	1.00000	0
278	Y	0.00000	0	1.00000	0
279	A	0.00000	0	1.00000	0
280	N	0.00000	0	1.00000	0
281	S	0.00000	0	1.00000	0
282	A	0.00000	0	1.00000	0
283	L	0.00000	0	1.00000	0
284	N	0.00000	0	1.00000	0
285	P	0.00000	0	1.00000	0
286	I	0.00000	0	1.00000	0
287	L	0.00000	0	1.00000	0
288	Y	0.00002	0	0.99998	0
289	A	0.00022	0	0.99978	0
290	T	0.00464	0	0.99536	0
291	L	0.35106	0	0.64894	0
292	N	0.94531	0	0.05469	0
293	R	1.00000	0	0.00000	0
294	D	1.00000	0	0.00000	0
295	F	1.00000	0	0.00000	0
296	R	1.00000	0	0.00000	0
297	T	1.00000	0	0.00000	0
298	A	1.00000	0	0.00000	0
299	Y	1.00000	0	0.00000	0
300	Q	1.00000	0	0.00000	0
301	Q	1.00000	0	0.00000	0
302	L	1.00000	0	0.00000	0
303	F	1.00000	0	0.00000	0
304	R	1.00000	0	0.00000	0
305	C	1.00000	0	0.00000	0
306	G	1.00000	0	0.00000	0
307	P	1.00000	0	0.00000	0
308	A	1.00000	0	0.00000	0
309	S	1.00000	0	0.00000	0
310	H	1.00000	0	0.00000	0
311	S	1.00000	0	0.00000	0
312	A	1.00000	0	0.00000	0
313	Q	1.00000	0	0.00000	0
314	E	1.00000	0	0.00000	0
315	T	1.00000	0	0.00000	0
316	P	1.00000	0	0.00000	0
317	R	1.00000	0	0.00000	0
318	R	1.00000	0	0.00000	0
319	A	1.00000	0	0.00000	0
320	G	1.00000	0	0.00000	0
321	S	1.00000	0	0.00000	0
322	S	1.00000	0	0.00000	0
323	Q	1.00000	0	0.00000	0
324	L	1.00000	0	0.00000	0
325	A	1.00000	0	0.00000	0
326	R	1.00000	0	0.00000	0
327	N	1.00000	0	0.00000	0
328	Q	1.00000	0	0.00000	0
329	S	1.00000	0	0.00000	0
330	R	1.00000	0	0.00000	0
331	E	1.00000	0	0.00000	0
332	P	1.00000	0	0.00000	0
333	M	1.00000	0	0.00000	0
334	R	1.00000	0	0.00000	0
335	Q	1.00000	0	0.00000	0
336	E	1.00000	0	0.00000	0
337	E	1.00000	0	0.00000	0
338	K	1.00000	0	0.00000	0
339	P	1.00000	0	0.00000	0
340	L	1.00000	0	0.00000	0
341	K	1.00000	0	0.00000	0
342	L	1.00000	0	0.00000	0
343	Q	1.00000	0	0.00000	0
344	V	1.00000	0	0.00000	0
345	W	1.00000	0	0.00000	0
346	S	1.00000	0	0.00000	0
347	G	1.00000	0	0.00000	0
348	T	1.00000	0	0.00000	0
349	E	1.00000	0	0.00000	0
350	V	1.00000	0	0.00000	0
351	T	1.00000	0	0.00000	0
352	A	1.00000	0	0.00000	0
353	P	1.00000	0	0.00000	0
354	R	1.00000	0	0.00000	0
355	G	1.00000	0	0.00000	0
356	A	1.00000	0	0.00000	0
357	S	1.00000	0	0.00000	0
358	D	1.00000	0	0.00000	0
359	R	1.00000	0	0.00000	0
