# UNNAMED
#pos	aa	i	o	M	S
1	M	0.00000	0.99997	0.00000	3e-05
2	S	0.00000	0.99997	0.00000	3e-05
3	V	0.00000	0.99997	0.00000	3e-05
4	C	0.00000	0.99997	0.00000	3e-05
5	H	0.00000	0.99997	0.00000	3e-05
6	E	0.00000	0.99997	0.00000	3e-05
7	V	0.00000	0.99997	0.00000	3e-05
8	T	0.00000	0.99997	0.00000	3e-05
9	N	0.00000	0.99997	0.00000	3e-05
10	T	0.00000	0.99997	0.00000	3e-05
11	S	0.00000	0.99997	0.00000	3e-05
12	C	0.00000	0.99997	0.00000	3e-05
13	V	0.00000	0.99997	0.00000	3e-05
14	A	0.00000	0.99997	0.00000	3e-05
15	S	0.00000	0.99997	0.00000	3e-05
16	R	0.00000	1	0.00000	0
17	W	0.00000	1	0.00000	0
18	P	0.00000	1	0.00000	0
19	R	0.00000	1	0.00000	0
20	D	0.00000	1	0.00000	0
21	V	0.00000	0.99962	0.00038	0
22	R	0.00000	0.98953	0.01047	0
23	A	0.00000	0.78433	0.21567	0
24	P	0.00000	0.64314	0.35686	0
25	L	0.00000	0.36606	0.63394	0
26	Y	0.00000	0.24057	0.75943	0
27	S	0.00000	0.2226	0.77740	0
28	L	0.00000	0.14519	0.85481	0
29	M	0.00000	0.09532	0.90468	0
30	A	0.00000	0.04174	0.95826	0
31	L	0.00000	0.00916	0.99084	0
32	I	0.00000	0.00011	0.99989	0
33	I	0.00000	0	1.00000	0
34	L	0.00000	0	1.00000	0
35	T	0.00000	0	1.00000	0
36	T	0.00000	0	1.00000	0
37	L	0.00000	0	1.00000	0
38	A	0.00000	0	1.00000	0
39	G	0.00000	0	1.00000	0
40	N	0.00000	0	1.00000	0
41	L	0.00000	0	1.00000	0
42	I	0.00000	0	1.00000	0
43	V	0.00000	0	1.00000	0
44	I	0.00001	0	0.99999	0
45	I	0.00146	0	0.99854	0
46	S	0.17156	0	0.82844	0
47	I	0.23264	0	0.76736	0
48	S	0.71448	0	0.28552	0
49	H	0.80104	0	0.19896	0
50	F	0.83770	0	0.16230	0
51	R	0.98354	0	0.01646	0
52	Q	0.99913	0	0.00087	0
53	L	0.99932	0	0.00068	0
54	H	1.00000	0	0.00000	0
55	S	1.00000	0	0.00000	0
56	P	1.00000	0	0.00000	0
57	T	0.99548	0	0.00452	0
58	N	0.32700	0	0.67300	0
59	W	0.23453	0	0.76547	0
60	L	0.00428	0	0.99572	0
61	L	0.00073	0	0.99927	0
62	H	0.00003	0	0.99997	0
63	S	0.00000	0	1.00000	0
64	M	0.00000	0	1.00000	0
65	A	0.00000	0	1.00000	0
66	M	0.00000	0	1.00000	0
67	V	0.00000	0	1.00000	0
68	D	0.00000	0	1.00000	0
69	F	0.00000	0	1.00000	0
70	L	0.00000	0	1.00000	0
71	L	0.00000	0	1.00000	0
72	G	0.00000	0	1.00000	0
73	F	0.00000	0	1.00000	0
74	L	0.00000	0	1.00000	0
75	V	0.00000	0	1.00000	0
76	M	0.00000	0.00076	0.99924	0
77	P	0.00000	0.06483	0.93517	0
78	Y	0.00000	0.26583	0.73417	0
79	S	0.00000	0.377	0.62300	0
80	M	0.00000	0.42827	0.57173	0
81	V	0.00000	0.64049	0.35951	0
82	R	0.00000	0.9999	0.00010	0
83	S	0.00000	0.99995	0.00005	0
84	V	0.00000	0.99996	0.00004	0
85	E	0.00000	1	0.00000	0
86	H	0.00000	1	0.00000	0
87	C	0.00000	1	0.00000	0
88	W	0.00000	1	0.00000	0
89	Y	0.00000	1	0.00000	0
90	F	0.00000	1	0.00000	0
91	G	0.00000	1	0.00000	0
92	E	0.00000	1	0.00000	0
93	I	0.00000	0.99999	0.00001	0
94	F	0.00000	0.99988	0.00012	0
95	C	0.00000	0.99986	0.00014	0
96	K	0.00000	0.99977	0.00023	0
97	I	0.00000	0.99587	0.00413	0
98	H	0.00000	0.70902	0.29098	0
99	T	0.00000	0.39459	0.60541	0
100	S	0.00000	0.16712	0.83288	0
101	A	0.00000	0.0043	0.99570	0
102	D	0.00000	0.00043	0.99957	0
103	I	0.00000	1e-05	0.99999	0
104	M	0.00000	0	1.00000	0
105	L	0.00000	0	1.00000	0
106	S	0.00000	0	1.00000	0
107	S	0.00000	0	1.00000	0
108	A	0.00000	0	1.00000	0
109	S	0.00000	0	1.00000	0
110	I	0.00000	0	1.00000	0
111	F	0.00000	0	1.00000	0
112	H	0.00000	0	1.00000	0
113	L	0.00000	0	1.00000	0
114	S	0.00000	0	1.00000	0
115	F	0.00000	0	1.00000	0
116	I	0.00000	0	1.00000	0
117	S	0.00002	0	0.99998	0
118	I	0.00005	0	0.99995	0
119	D	0.00046	0	0.99954	0
120	R	0.16081	0	0.83919	0
121	Y	0.92144	0	0.07856	0
122	Y	0.97765	0	0.02235	0
123	A	0.99726	0	0.00274	0
124	V	1.00000	0	0.00000	0
125	C	1.00000	0	0.00000	0
126	D	1.00000	0	0.00000	0
127	P	1.00000	0	0.00000	0
128	L	1.00000	0	0.00000	0
129	R	1.00000	0	0.00000	0
130	Y	1.00000	0	0.00000	0
131	K	1.00000	0	0.00000	0
132	V	0.99999	0	0.00001	0
133	R	0.99993	0	0.00007	0
134	M	0.97124	0	0.02876	0
135	S	0.94560	0	0.05440	0
136	L	0.55239	0	0.44761	0
137	L	0.30775	0	0.69225	0
138	V	0.07068	0	0.92932	0
139	S	0.04540	0	0.95460	0
140	A	0.00998	0	0.99002	0
141	V	0.00042	0	0.99958	0
142	M	0.00016	0	0.99984	0
143	I	0.00000	0	1.00000	0
144	F	0.00000	0	1.00000	0
145	I	0.00000	0	1.00000	0
146	S	0.00000	0	1.00000	0
147	W	0.00000	0	1.00000	0
148	S	0.00000	0	1.00000	0
149	V	0.00000	0	1.00000	0
150	P	0.00000	0	1.00000	0
151	A	0.00000	0	1.00000	0
152	V	0.00000	0	1.00000	0
153	F	0.00000	0	1.00000	0
154	A	0.00000	0.0002	0.99980	0
155	F	0.00000	0.00212	0.99788	0
156	G	0.00000	0.04141	0.95859	0
157	M	0.00000	0.05443	0.94557	0
158	I	0.00000	0.14582	0.85418	0
159	F	0.00000	0.33142	0.66858	0
160	L	0.00000	0.59746	0.40254	0
161	E	0.00000	0.98177	0.01823	0
162	L	0.00000	0.99057	0.00943	0
163	N	0.00000	0.99909	0.00091	0
164	F	0.00000	0.99949	0.00051	0
165	K	0.00000	1	0.00000	0
166	G	0.00000	1	0.00000	0
167	A	0.00000	1	0.00000	0
168	E	0.00000	1	0.00000	0
169	E	0.00000	1	0.00000	0
170	M	0.00000	1	0.00000	0
171	Y	0.00000	1	0.00000	0
172	L	0.00000	1	0.00000	0
173	E	0.00000	1	0.00000	0
174	H	0.00000	1	0.00000	0
175	I	0.00000	1	0.00000	0
176	H	0.00000	1	0.00000	0
177	C	0.00000	1	0.00000	0
178	R	0.00000	1	0.00000	0
179	S	0.00000	1	0.00000	0
180	G	0.00000	1	0.00000	0
181	C	0.00000	0.99996	0.00004	0
182	S	0.00000	0.94654	0.05346	0
183	I	0.00000	0.94614	0.05386	0
184	F	0.00000	0.94499	0.05501	0
185	F	0.00000	0.94176	0.05824	0
186	S	0.00000	0.94168	0.05832	0
187	K	0.00000	0.94164	0.05836	0
188	I	0.00000	0.90273	0.09727	0
189	T	0.00000	0.89675	0.10325	0
190	G	0.00000	0.69633	0.30367	0
191	V	0.00000	0.6007	0.39930	0
192	L	0.00000	0.00693	0.99307	0
193	V	0.00000	0.00369	0.99631	0
194	F	0.00000	4e-05	0.99996	0
195	M	0.00000	1e-05	0.99999	0
196	I	0.00000	0	1.00000	0
197	S	0.00000	0	1.00000	0
198	F	0.00000	0	1.00000	0
199	Y	0.00000	0	1.00000	0
200	I	0.00000	0	1.00000	0
201	P	0.00000	0	1.00000	0
202	G	0.00000	0	1.00000	0
203	S	0.00000	0	1.00000	0
204	I	0.00000	0	1.00000	0
205	M	0.00000	0	1.00000	0
206	L	0.00001	0	0.99999	0
207	C	0.00021	0	0.99979	0
208	V	0.00156	0	0.99844	0
209	Y	0.00976	0	0.99024	0
210	C	0.02804	0	0.97196	0
211	R	0.05978	0	0.94022	0
212	I	0.06069	0	0.93931	0
213	Y	0.06634	0	0.93366	0
214	F	0.11351	0	0.88649	0
215	V	0.23712	0	0.76288	0
216	A	0.99069	0	0.00931	0
217	K	0.99978	0	0.00022	0
218	E	1.00000	0	0.00000	0
219	Q	1.00000	0	0.00000	0
220	A	1.00000	0	0.00000	0
221	R	1.00000	0	0.00000	0
222	S	1.00000	0	0.00000	0
223	I	1.00000	0	0.00000	0
224	K	1.00000	0	0.00000	0
225	G	1.00000	0	0.00000	0
226	T	1.00000	0	0.00000	0
227	N	1.00000	0	0.00000	0
228	P	1.00000	0	0.00000	0
229	N	1.00000	0	0.00000	0
230	L	1.00000	0	0.00000	0
231	Q	1.00000	0	0.00000	0
232	T	1.00000	0	0.00000	0
233	G	1.00000	0	0.00000	0
234	L	1.00000	0	0.00000	0
235	E	1.00000	0	0.00000	0
236	V	1.00000	0	0.00000	0
237	K	1.00000	0	0.00000	0
238	A	1.00000	0	0.00000	0
239	G	1.00000	0	0.00000	0
240	V	1.00000	0	0.00000	0
241	L	1.00000	0	0.00000	0
242	Q	1.00000	0	0.00000	0
243	S	1.00000	0	0.00000	0
244	K	1.00000	0	0.00000	0
245	E	1.00000	0	0.00000	0
246	R	0.98645	0	0.01355	0
247	K	0.98504	0	0.01496	0
248	A	0.07446	0	0.92554	0
249	M	0.07101	0	0.92899	0
250	T	0.04503	0	0.95497	0
251	T	0.04468	0	0.95532	0
252	L	0.00032	0	0.99968	0
253	G	0.00002	0	0.99998	0
254	I	0.00000	0	1.00000	0
255	V	0.00000	0	1.00000	0
256	L	0.00000	0	1.00000	0
257	G	0.00000	0	1.00000	0
258	V	0.00000	0	1.00000	0
259	F	0.00000	0	1.00000	0
260	L	0.00000	0	1.00000	0
261	I	0.00000	0	1.00000	0
262	C	0.00000	0	1.00000	0
263	W	0.00000	0	1.00000	0
264	C	0.00000	0	1.00000	0
265	P	0.00000	0	1.00000	0
266	F	0.00000	0	1.00000	0
267	F	0.00000	0	1.00000	0
268	V	0.00000	5e-05	0.99995	0
269	S	0.00000	0.00053	0.99947	0
270	M	0.00000	0.00567	0.99433	0
271	V	0.00000	0.10763	0.89237	0
272	A	0.00000	0.38725	0.61275	0
273	D	0.00000	0.99134	0.00866	0
274	P	0.00000	0.99279	0.00721	0
275	F	0.00000	0.99331	0.00669	0
276	L	0.00000	0.99444	0.00556	0
277	N	0.00000	0.99857	0.00143	0
278	Y	0.00000	0.99879	0.00121	0
279	T	0.00000	0.99923	0.00077	0
280	I	0.00000	0.99949	0.00051	0
281	P	0.00000	0.99986	0.00014	0
282	L	0.00000	0.99908	0.00092	0
283	A	0.00000	0.99884	0.00116	0
284	L	0.00000	0.99818	0.00182	0
285	N	0.00000	0.99788	0.00212	0
286	E	0.00000	0.85064	0.14936	0
287	A	0.00000	0.09496	0.90504	0
288	L	0.00000	0.02758	0.97242	0
289	I	0.00000	0.00757	0.99243	0
290	W	0.00000	0.00065	0.99935	0
291	F	0.00000	0	1.00000	0
292	G	0.00000	0	1.00000	0
293	Y	0.00000	0	1.00000	0
294	L	0.00000	0	1.00000	0
295	N	0.00000	0	1.00000	0
296	S	0.00000	0	1.00000	0
297	T	0.00000	0	1.00000	0
298	F	0.00000	0	1.00000	0
299	N	0.00000	0	1.00000	0
300	P	0.00000	0	1.00000	0
301	M	0.00000	0	1.00000	0
302	V	0.00000	0	1.00000	0
303	Y	0.00001	0	0.99999	0
304	A	0.00005	0	0.99995	0
305	F	0.00013	0	0.99987	0
306	F	0.00136	0	0.99864	0
307	Y	0.02211	0	0.97789	0
308	P	0.12588	0	0.87412	0
309	W	0.21318	0	0.78682	0
310	F	0.42968	0	0.57032	0
311	R	1.00000	0	0.00000	0
312	K	1.00000	0	0.00000	0
313	A	1.00000	0	0.00000	0
314	L	1.00000	0	0.00000	0
315	K	1.00000	0	0.00000	0
316	I	1.00000	0	0.00000	0
317	I	1.00000	0	0.00000	0
318	L	1.00000	0	0.00000	0
319	L	1.00000	0	0.00000	0
320	G	1.00000	0	0.00000	0
321	K	1.00000	0	0.00000	0
322	I	1.00000	0	0.00000	0
323	F	1.00000	0	0.00000	0
324	Q	1.00000	0	0.00000	0
325	K	1.00000	0	0.00000	0
326	D	1.00000	0	0.00000	0
327	S	1.00000	0	0.00000	0
328	S	1.00000	0	0.00000	0
329	R	1.00000	0	0.00000	0
330	C	1.00000	0	0.00000	0
331	K	1.00000	0	0.00000	0
332	I	1.00000	0	0.00000	0
333	F	1.00000	0	0.00000	0
334	L	1.00000	0	0.00000	0
335	D	1.00000	0	0.00000	0
336	S	1.00000	0	0.00000	0
337	S	1.00000	0	0.00000	0
338	P	1.00000	0	0.00000	0
