# UNNAMED
#pos	aa	i	o	M	S
1	M	0.00000	1	0.00000	0
2	L	0.00000	1	0.00000	0
3	G	0.00000	1	0.00000	0
4	N	0.00000	1	0.00000	0
5	N	0.00000	1	0.00000	0
6	S	0.00000	1	0.00000	0
7	T	0.00000	0.99997	0.00003	0
8	A	0.00000	0.99989	0.00011	0
9	N	0.00000	0.99988	0.00012	0
10	I	0.00000	0.99852	0.00148	0
11	T	0.00000	0.99848	0.00152	0
12	L	0.00000	0.99833	0.00167	0
13	N	0.00000	0.99815	0.00185	0
14	T	0.00000	0.99207	0.00793	0
15	N	0.00000	0.9839	0.01610	0
16	I	0.00000	0.36127	0.63873	0
17	A	0.00000	0.26273	0.73727	0
18	L	0.00000	0.19436	0.80564	0
19	A	0.00000	0.0856	0.91440	0
20	F	0.00000	0.02091	0.97909	0
21	L	0.00000	0.01117	0.98883	0
22	M	0.00000	0.00803	0.99197	0
23	I	0.00000	0.00024	0.99976	0
24	L	0.00000	2e-05	0.99998	0
25	L	0.00000	0	1.00000	0
26	A	0.00000	0	1.00000	0
27	F	0.00000	0	1.00000	0
28	A	0.00000	0	1.00000	0
29	I	0.00000	0	1.00000	0
30	M	0.00000	0	1.00000	0
31	V	0.00000	0	1.00000	0
32	G	0.00000	0	1.00000	0
33	N	0.00000	0	1.00000	0
34	A	0.00000	0	1.00000	0
35	V	0.00000	0	1.00000	0
36	V	0.00000	0	1.00000	0
37	I	0.00000	0	1.00000	0
38	L	0.00024	0	0.99976	0
39	A	0.00878	0	0.99122	0
40	F	0.03380	0	0.96620	0
41	V	0.19773	0	0.80227	0
42	V	0.55804	0	0.44196	0
43	D	0.99710	0	0.00290	0
44	K	0.99996	0	0.00004	0
45	N	1.00000	0	0.00000	0
46	L	1.00000	0	0.00000	0
47	R	1.00000	0	0.00000	0
48	H	0.99997	0	0.00003	0
49	R	0.99993	0	0.00007	0
50	S	0.98251	0	0.01749	0
51	N	0.78076	0	0.21924	0
52	Y	0.15612	0	0.84388	0
53	F	0.00047	0	0.99953	0
54	F	0.00001	0	0.99999	0
55	L	0.00000	0	1.00000	0
56	N	0.00000	0	1.00000	0
57	L	0.00000	0	1.00000	0
58	A	0.00000	0	1.00000	0
59	I	0.00000	0	1.00000	0
60	S	0.00000	0	1.00000	0
61	D	0.00000	0	1.00000	0
62	F	0.00000	0	1.00000	0
63	F	0.00000	0	1.00000	0
64	V	0.00000	0	1.00000	0
65	V	0.00000	0	1.00000	0
66	H	0.00000	0	1.00000	0
67	G	0.00000	0	1.00000	0
68	P	0.00000	0	1.00000	0
69	L	0.00000	3e-05	0.99997	0
70	I	0.00000	0.00081	0.99919	0
71	L	0.00000	0.01355	0.98645	0
72	T	0.00000	0.71945	0.28055	0
73	L	0.00000	0.99789	0.00211	0
74	T	0.00000	0.99899	0.00101	0
75	S	0.00000	0.99973	0.00027	0
76	W	0.00000	0.99981	0.00019	0
77	K	0.00000	0.99996	0.00004	0
78	E	0.00000	1	0.00000	0
79	K	0.00000	1	0.00000	0
80	E	0.00000	1	0.00000	0
81	K	0.00000	1	0.00000	0
82	K	0.00000	1	0.00000	0
83	C	0.00000	0.99991	0.00009	0
84	T	0.00000	0.99933	0.00067	0
85	P	0.00000	0.99916	0.00084	0
86	G	0.00000	0.99916	0.00084	0
87	F	0.00000	0.99916	0.00084	0
88	L	0.00000	0.99916	0.00084	0
89	S	0.00000	0.99916	0.00084	0
90	E	0.00000	0.99916	0.00084	0
91	W	0.00000	0.7899	0.21010	0
92	Y	0.00000	0.15156	0.84844	0
93	I	0.00000	0.00694	0.99306	0
94	L	0.00000	0.00037	0.99963	0
95	L	0.00000	0	1.00000	0
96	F	0.00000	0	1.00000	0
97	T	0.00000	0	1.00000	0
98	S	0.00000	0	1.00000	0
99	T	0.00000	0	1.00000	0
100	C	0.00000	0	1.00000	0
101	E	0.00000	0	1.00000	0
102	F	0.00000	0	1.00000	0
103	L	0.00000	0	1.00000	0
104	I	0.00001	0	0.99999	0
105	P	0.00076	0	0.99924	0
106	V	0.00076	0	0.99924	0
107	I	0.00076	0	0.99924	0
108	S	0.00076	0	0.99924	0
109	V	0.00076	0	0.99924	0
110	A	0.00076	0	0.99924	0
111	Y	0.00284	0	0.99716	0
112	F	0.04466	0	0.95534	0
113	N	0.30628	0	0.69372	0
114	L	0.37954	0	0.62046	0
115	Y	0.51393	0	0.48607	0
116	I	0.98725	0	0.01275	0
117	Y	0.99495	0	0.00505	0
118	W	0.99684	0	0.00316	0
119	S	0.99985	0	0.00015	0
120	L	0.99999	0	0.00001	0
121	W	1.00000	0	0.00000	0
122	K	1.00000	0	0.00000	0
123	R	1.00000	0	0.00000	0
124	G	0.99999	0	0.00001	0
125	N	0.99327	0	0.00673	0
126	I	0.88200	0	0.11800	0
127	I	0.87028	0	0.12972	0
128	R	0.86967	0	0.13033	0
129	R	0.86931	0	0.13069	0
130	Q	0.86554	0	0.13446	0
131	S	0.85151	0	0.14849	0
132	Q	0.80512	0	0.19488	0
133	P	0.10768	0	0.89232	0
134	A	0.00158	0	0.99842	0
135	C	0.00000	0	1.00000	0
136	A	0.00000	0	1.00000	0
137	S	0.00000	0	1.00000	0
138	P	0.00000	0	1.00000	0
139	V	0.00000	0	1.00000	0
140	P	0.00000	0	1.00000	0
141	S	0.00000	0	1.00000	0
142	S	0.00000	0	1.00000	0
143	N	0.00000	0	1.00000	0
144	C	0.00000	0.00016	0.99984	0
145	A	0.00000	0.00069	0.99931	0
146	H	0.00000	0.0241	0.97590	0
147	S	0.00000	0.05328	0.94672	0
148	F	0.00000	0.07401	0.92599	0
149	R	0.00000	0.12299	0.87701	0
150	R	0.00000	0.14144	0.85856	0
151	G	0.00000	0.14677	0.85323	0
152	L	0.00000	0.14827	0.85173	0
153	L	0.00000	0.21864	0.78136	0
154	P	0.00000	0.98882	0.01118	0
155	R	0.00000	0.99998	0.00002	0
156	T	0.00000	0.99999	0.00001	0
157	S	0.00000	1	0.00000	0
158	L	0.00000	0.99997	0.00003	0
159	P	0.00000	0.99997	0.00003	0
160	E	0.00000	0.99997	0.00003	0
161	L	0.00000	0.99985	0.00015	0
162	K	0.00000	0.99977	0.00023	0
163	E	0.00000	0.9997	0.00030	0
164	A	0.00000	0.99629	0.00371	0
165	T	0.00000	0.99506	0.00494	0
166	T	0.00000	0.99438	0.00562	0
167	S	0.00000	0.99436	0.00564	0
168	I	0.00000	0.99435	0.00565	0
169	Q	0.00000	0.99434	0.00566	0
170	S	0.00000	0.99399	0.00601	0
171	G	0.00000	0.98345	0.01655	0
172	T	0.00000	0.98297	0.01703	0
173	Q	0.00000	0.98287	0.01713	0
174	Q	0.00000	0.98287	0.01713	0
175	R	0.00000	0.98287	0.01713	0
176	K	0.00000	0.98287	0.01713	0
177	N	0.00000	0.98235	0.01765	0
178	S	0.00000	0.98203	0.01797	0
179	L	0.00000	0.38718	0.61282	0
180	F	0.00001	0.37218	0.62781	0
181	L	0.00001	0.37196	0.62803	0
182	T	0.00002	0.37192	0.62806	0
183	L	0.00002	0.37181	0.62817	0
184	R	0.00084	0.37101	0.62815	0
185	N	0.00198	0.17125	0.82677	0
186	Q	0.00377	0.16582	0.83041	0
187	M	0.00397	0.16558	0.83046	0
188	N	0.00526	0.16556	0.82918	0
189	R	0.00566	0.16551	0.82883	0
190	D	0.00566	0.16525	0.82909	0
191	N	0.00566	0.00017	0.99416	0
192	L	0.00567	1e-05	0.99432	0
193	I	0.00612	0	0.99388	0
194	T	0.01702	0	0.98298	0
195	S	0.01711	0	0.98289	0
196	K	0.01713	0	0.98287	0
197	T	0.01713	0	0.98287	0
198	N	0.01718	0	0.98282	0
199	S	0.01779	0	0.98221	0
200	L	0.02362	0	0.97638	0
201	S	0.53409	0	0.46591	0
202	H	0.56699	0	0.43301	0
203	T	0.60793	0	0.39207	0
204	D	0.62708	0	0.37292	0
205	S	0.62793	0	0.37207	0
206	V	0.62876	0	0.37124	0
207	A	0.69227	0	0.30773	0
208	L	0.70141	0	0.29859	0
209	H	0.80408	0	0.19592	0
210	Q	0.84101	0	0.15899	0
211	R	0.91181	0	0.08819	0
212	E	0.98759	0	0.01241	0
213	Q	0.99934	0	0.00066	0
214	L	0.99988	0	0.00012	0
215	E	1.00000	0	0.00000	0
216	L	1.00000	0	0.00000	0
217	L	1.00000	0	0.00000	0
218	R	1.00000	0	0.00000	0
219	A	0.99994	0	0.00006	0
220	K	0.99649	0	0.00351	0
221	K	0.99644	0	0.00356	0
222	L	0.98611	0	0.01389	0
223	A	0.98556	0	0.01444	0
224	K	0.98531	0	0.01469	0
225	S	0.98428	0	0.01572	0
226	L	0.04037	0	0.95963	0
227	A	0.00187	0	0.99813	0
228	I	0.00068	0	0.99932	0
229	L	0.00004	0	0.99996	0
230	L	0.00003	0	0.99997	0
231	S	0.00000	0	1.00000	0
232	V	0.00000	0	1.00000	0
233	F	0.00000	0	1.00000	0
234	A	0.00000	0	1.00000	0
235	I	0.00000	0	1.00000	0
236	C	0.00000	0	1.00000	0
237	W	0.00000	0	1.00000	0
238	A	0.00000	0	1.00000	0
239	P	0.00000	0	1.00000	0
240	Y	0.00000	0	1.00000	0
241	S	0.00000	0	1.00000	0
242	L	0.00000	1e-05	0.99999	0
243	F	0.00000	8e-05	0.99992	0
244	T	0.00000	0.00043	0.99957	0
245	F	0.00000	0.00096	0.99904	0
246	V	0.00000	0.00238	0.99762	0
247	L	0.00000	0.01735	0.98265	0
248	S	0.00000	0.162	0.83800	0
249	V	0.00000	0.26079	0.73921	0
250	Y	0.00000	0.56729	0.43271	0
251	S	0.00000	0.85335	0.14665	0
252	P	0.00000	0.97235	0.02765	0
253	G	0.00000	0.9947	0.00530	0
254	K	0.00000	0.99994	0.00006	0
255	F	0.00000	0.99997	0.00003	0
256	P	0.00000	0.9999	0.00010	0
257	E	0.00000	0.99768	0.00232	0
258	T	0.00000	0.9841	0.01590	0
259	F	0.00000	0.94397	0.05603	0
260	W	0.00000	0.93069	0.06931	0
261	F	0.00000	0.92492	0.07508	0
262	N	0.00000	0.7466	0.25340	0
263	I	0.00000	0.36162	0.63838	0
264	A	0.00000	0.3214	0.67860	0
265	F	0.00000	0.00171	0.99829	0
266	W	0.00000	0	1.00000	0
267	L	0.00000	0	1.00000	0
268	Q	0.00000	0	1.00000	0
269	W	0.00000	0	1.00000	0
270	F	0.00000	0	1.00000	0
271	N	0.00000	0	1.00000	0
272	S	0.00000	0	1.00000	0
273	F	0.00000	0	1.00000	0
274	V	0.00000	0	1.00000	0
275	N	0.00000	0	1.00000	0
276	P	0.00000	0	1.00000	0
277	F	0.00000	0	1.00000	0
278	L	0.00003	0	0.99997	0
279	Y	0.00011	0	0.99989	0
280	P	0.00065	0	0.99935	0
281	L	0.00782	0	0.99218	0
282	C	0.06723	0	0.93277	0
283	H	0.22111	0	0.77889	0
284	K	1.00000	0	0.00000	0
285	R	1.00000	0	0.00000	0
286	F	1.00000	0	0.00000	0
287	Q	1.00000	0	0.00000	0
288	K	1.00000	0	0.00000	0
289	A	1.00000	0	0.00000	0
290	F	1.00000	0	0.00000	0
291	L	1.00000	0	0.00000	0
292	K	1.00000	0	0.00000	0
293	I	1.00000	0	0.00000	0
294	F	1.00000	0	0.00000	0
295	C	1.00000	0	0.00000	0
296	M	1.00000	0	0.00000	0
297	R	1.00000	0	0.00000	0
298	K	1.00000	0	0.00000	0
299	Q	1.00000	0	0.00000	0
300	A	1.00000	0	0.00000	0
301	V	1.00000	0	0.00000	0
302	P	1.00000	0	0.00000	0
303	S	1.00000	0	0.00000	0
304	Q	1.00000	0	0.00000	0
305	N	1.00000	0	0.00000	0
306	R	1.00000	0	0.00000	0
307	S	1.00000	0	0.00000	0
308	M	1.00000	0	0.00000	0
309	S	1.00000	0	0.00000	0
310	S	1.00000	0	0.00000	0
