# UNNAMED
#pos	aa	i	o	M	S
1	M	0.00000	0.99999	0.00000	1e-05
2	G	0.00000	0.99999	0.00000	1e-05
3	D	0.00000	0.99999	0.00000	1e-05
4	G	0.00000	0.99999	0.00000	1e-05
5	G	0.00000	0.99999	0.00000	1e-05
6	A	0.00000	0.99999	0.00000	1e-05
7	S	0.00000	0.99999	0.00000	1e-05
8	S	0.00000	0.99999	0.00000	1e-05
9	P	0.00000	0.99999	0.00000	1e-05
10	V	0.00000	0.99999	0.00000	1e-05
11	T	0.00000	0.99999	0.00000	1e-05
12	P	0.00000	0.99999	0.00000	1e-05
13	H	0.00000	0.99999	0.00000	1e-05
14	N	0.00000	0.99999	0.00000	1e-05
15	G	0.00000	0.99999	0.00000	1e-05
16	T	0.00000	0.99999	0.00000	1e-05
17	G	0.00000	0.99999	0.00000	1e-05
18	T	0.00000	0.99999	0.00000	1e-05
19	E	0.00000	0.99999	0.00000	1e-05
20	A	0.00000	0.99999	0.00000	1e-05
21	S	0.00000	1	0.00000	0
22	N	0.00000	1	0.00000	0
23	G	0.00000	1	0.00000	0
24	Q	0.00000	1	0.00000	0
25	G	0.00000	1	0.00000	0
26	T	0.00000	1	0.00000	0
27	V	0.00000	1	0.00000	0
28	P	0.00000	1	0.00000	0
29	A	0.00000	1	0.00000	0
30	A	0.00000	0.99988	0.00012	0
31	S	0.00000	0.99953	0.00047	0
32	E	0.00000	0.99755	0.00245	0
33	Q	0.00000	0.95151	0.04849	0
34	W	0.00000	0.71215	0.28785	0
35	T	0.00000	0.67906	0.32094	0
36	A	0.00000	0.65142	0.34858	0
37	G	0.00000	0.61646	0.38354	0
38	M	0.00000	0.57107	0.42893	0
39	S	0.00000	0.44608	0.55392	0
40	L	0.00000	0.21608	0.78392	0
41	V	0.00000	0.04191	0.95809	0
42	M	0.00000	0.01408	0.98592	0
43	A	0.00000	0.00044	0.99956	0
44	L	0.00000	2e-05	0.99998	0
45	I	0.00000	0	1.00000	0
46	V	0.00000	0	1.00000	0
47	L	0.00000	0	1.00000	0
48	S	0.00000	0	1.00000	0
49	I	0.00000	0	1.00000	0
50	V	0.00000	0	1.00000	0
51	F	0.00000	0	1.00000	0
52	G	0.00000	0	1.00000	0
53	N	0.00000	0	1.00000	0
54	I	0.00000	0	1.00000	0
55	L	0.00000	0	1.00000	0
56	V	0.00001	0	0.99999	0
57	I	0.00004	0	0.99996	0
58	L	0.00178	0	0.99822	0
59	A	0.03791	0	0.96209	0
60	I	0.07726	0	0.92274	0
61	A	0.47521	0	0.52479	0
62	R	0.98609	0	0.01391	0
63	T	0.99821	0	0.00179	0
64	Q	0.99996	0	0.00004	0
65	R	1.00000	0	0.00000	0
66	L	0.99997	0	0.00003	0
67	Q	0.99979	0	0.00021	0
68	T	0.99758	0	0.00242	0
69	L	0.92403	0	0.07597	0
70	T	0.84118	0	0.15882	0
71	N	0.23645	0	0.76355	0
72	V	0.11599	0	0.88401	0
73	F	0.00107	0	0.99893	0
74	I	0.00001	0	0.99999	0
75	V	0.00000	0	1.00000	0
76	S	0.00000	0	1.00000	0
77	L	0.00000	0	1.00000	0
78	A	0.00000	0	1.00000	0
79	S	0.00000	0	1.00000	0
80	A	0.00000	0	1.00000	0
81	D	0.00000	0	1.00000	0
82	L	0.00000	0	1.00000	0
83	I	0.00000	0	1.00000	0
84	M	0.00000	0	1.00000	0
85	G	0.00000	0	1.00000	0
86	L	0.00000	0	1.00000	0
87	L	0.00000	0	1.00000	0
88	V	0.00000	0.00018	0.99982	0
89	V	0.00000	0.00151	0.99849	0
90	P	0.00000	0.00937	0.99063	0
91	F	0.00000	0.02455	0.97545	0
92	G	0.00000	0.16936	0.83064	0
93	A	0.00000	0.39887	0.60113	0
94	V	0.00000	0.61876	0.38124	0
95	L	0.00000	0.99916	0.00084	0
96	E	0.00000	0.99995	0.00005	0
97	V	0.00000	0.99998	0.00002	0
98	R	0.00000	0.99999	0.00001	0
99	G	0.00000	1	0.00000	0
100	L	0.00000	1	0.00000	0
101	W	0.00000	1	0.00000	0
102	L	0.00000	1	0.00000	0
103	Y	0.00000	1	0.00000	0
104	G	0.00000	1	0.00000	0
105	S	0.00000	1	0.00000	0
106	F	0.00000	1	0.00000	0
107	F	0.00000	1	0.00000	0
108	C	0.00000	1	0.00000	0
109	E	0.00000	1	0.00000	0
110	I	0.00000	0.99932	0.00068	0
111	W	0.00000	0.93699	0.06301	0
112	T	0.00000	0.60145	0.39855	0
113	S	0.00000	0.07631	0.92369	0
114	V	0.00000	0.01612	0.98388	0
115	D	0.00000	0.0032	0.99680	0
116	V	0.00000	5e-05	0.99995	0
117	L	0.00000	0	1.00000	0
118	C	0.00000	0	1.00000	0
119	V	0.00000	0	1.00000	0
120	T	0.00000	0	1.00000	0
121	A	0.00000	0	1.00000	0
122	S	0.00000	0	1.00000	0
123	I	0.00000	0	1.00000	0
124	E	0.00000	0	1.00000	0
125	T	0.00000	0	1.00000	0
126	L	0.00000	0	1.00000	0
127	C	0.00000	0	1.00000	0
128	V	0.00000	0	1.00000	0
129	I	0.00000	0	1.00000	0
130	A	0.00000	0	1.00000	0
131	I	0.00000	0	1.00000	0
132	D	0.00001	0	0.99999	0
133	R	0.03178	0	0.96822	0
134	Y	0.25288	0	0.74712	0
135	V	0.88107	0	0.11893	0
136	A	0.98716	0	0.01284	0
137	I	0.99999	0	0.00001	0
138	T	1.00000	0	0.00000	0
139	S	1.00000	0	0.00000	0
140	P	1.00000	0	0.00000	0
141	F	1.00000	0	0.00000	0
142	R	1.00000	0	0.00000	0
143	Y	1.00000	0	0.00000	0
144	Q	1.00000	0	0.00000	0
145	S	1.00000	0	0.00000	0
146	L	1.00000	0	0.00000	0
147	L	1.00000	0	0.00000	0
148	T	1.00000	0	0.00000	0
149	K	1.00000	0	0.00000	0
150	S	0.99996	0	0.00004	0
151	R	0.99943	0	0.00057	0
152	A	0.94788	0	0.05212	0
153	K	0.89671	0	0.10329	0
154	A	0.13435	0	0.86565	0
155	V	0.00625	0	0.99375	0
156	V	0.00003	0	0.99997	0
157	C	0.00000	0	1.00000	0
158	V	0.00000	0	1.00000	0
159	V	0.00000	0	1.00000	0
160	W	0.00000	0	1.00000	0
161	A	0.00000	0	1.00000	0
162	I	0.00000	0	1.00000	0
163	S	0.00000	0	1.00000	0
164	A	0.00000	0	1.00000	0
165	L	0.00000	0	1.00000	0
166	V	0.00000	0	1.00000	0
167	S	0.00000	0	1.00000	0
168	F	0.00000	0	1.00000	0
169	L	0.00000	0	1.00000	0
170	P	0.00000	0	1.00000	0
171	I	0.00000	1e-05	0.99999	0
172	L	0.00000	0.00049	0.99951	0
173	M	0.00000	0.01254	0.98746	0
174	H	0.00000	0.26275	0.73725	0
175	W	0.00000	0.44115	0.55885	0
176	S	0.00000	0.87401	0.12599	0
177	R	0.00000	0.99795	0.00205	0
178	D	0.00000	1	0.00000	0
179	S	0.00000	1	0.00000	0
180	M	0.00000	1	0.00000	0
181	D	0.00000	1	0.00000	0
182	T	0.00000	1	0.00000	0
183	D	0.00000	1	0.00000	0
184	C	0.00000	1	0.00000	0
185	Y	0.00000	1	0.00000	0
186	E	0.00000	1	0.00000	0
187	N	0.00000	1	0.00000	0
188	P	0.00000	1	0.00000	0
189	Q	0.00000	1	0.00000	0
190	C	0.00000	1	0.00000	0
191	C	0.00000	1	0.00000	0
192	D	0.00000	1	0.00000	0
193	F	0.00000	0.99988	0.00012	0
194	V	0.00000	0.99953	0.00047	0
195	T	0.00000	0.99926	0.00074	0
196	N	0.00000	0.99896	0.00104	0
197	R	0.00000	0.94875	0.05125	0
198	A	0.00000	0.24153	0.75847	0
199	Y	0.00000	0.02617	0.97383	0
200	A	0.00000	0.00315	0.99685	0
201	I	0.00000	0.00198	0.99802	0
202	S	0.00000	5e-05	0.99995	0
203	S	0.00000	2e-05	0.99998	0
204	S	0.00000	0	1.00000	0
205	V	0.00000	0	1.00000	0
206	I	0.00000	0	1.00000	0
207	S	0.00000	0	1.00000	0
208	F	0.00000	0	1.00000	0
209	Y	0.00000	0	1.00000	0
210	I	0.00000	0	1.00000	0
211	P	0.00000	0	1.00000	0
212	L	0.00000	0	1.00000	0
213	V	0.00000	0	1.00000	0
214	V	0.00000	0	1.00000	0
215	M	0.00000	0	1.00000	0
216	I	0.00000	0	1.00000	0
217	F	0.00000	0	1.00000	0
218	V	0.00005	0	0.99995	0
219	Y	0.00175	0	0.99825	0
220	A	0.06658	0	0.93342	0
221	R	0.30205	0	0.69795	0
222	V	0.32305	0	0.67695	0
223	Y	0.44080	0	0.55920	0
224	R	0.99597	0	0.00403	0
225	E	0.99995	0	0.00005	0
226	A	1.00000	0	0.00000	0
227	K	1.00000	0	0.00000	0
228	K	1.00000	0	0.00000	0
229	Q	1.00000	0	0.00000	0
230	L	1.00000	0	0.00000	0
231	K	1.00000	0	0.00000	0
232	K	1.00000	0	0.00000	0
233	I	1.00000	0	0.00000	0
234	D	1.00000	0	0.00000	0
235	K	1.00000	0	0.00000	0
236	C	1.00000	0	0.00000	0
237	E	1.00000	0	0.00000	0
238	G	1.00000	0	0.00000	0
239	R	1.00000	0	0.00000	0
240	F	1.00000	0	0.00000	0
241	H	1.00000	0	0.00000	0
242	N	1.00000	0	0.00000	0
243	T	1.00000	0	0.00000	0
244	L	1.00000	0	0.00000	0
245	T	1.00000	0	0.00000	0
246	G	1.00000	0	0.00000	0
247	L	1.00000	0	0.00000	0
248	T	1.00000	0	0.00000	0
249	S	1.00000	0	0.00000	0
250	K	1.00000	0	0.00000	0
251	C	1.00000	0	0.00000	0
252	K	1.00000	0	0.00000	0
253	K	1.00000	0	0.00000	0
254	R	1.00000	0	0.00000	0
255	P	1.00000	0	0.00000	0
256	S	1.00000	0	0.00000	0
257	K	1.00000	0	0.00000	0
258	I	1.00000	0	0.00000	0
259	L	1.00000	0	0.00000	0
260	A	1.00000	0	0.00000	0
261	L	1.00000	0	0.00000	0
262	R	1.00000	0	0.00000	0
263	E	1.00000	0	0.00000	0
264	Q	0.99522	0	0.00478	0
265	K	0.99388	0	0.00612	0
266	A	0.27965	0	0.72035	0
267	L	0.27711	0	0.72289	0
268	K	0.27651	0	0.72349	0
269	T	0.23083	0	0.76917	0
270	L	0.00515	0	0.99485	0
271	G	0.00075	0	0.99925	0
272	I	0.00034	0	0.99966	0
273	I	0.00001	0	0.99999	0
274	M	0.00000	0	1.00000	0
275	G	0.00000	0	1.00000	0
276	T	0.00000	0	1.00000	0
277	F	0.00000	0	1.00000	0
278	T	0.00000	0	1.00000	0
279	L	0.00000	0	1.00000	0
280	C	0.00000	0	1.00000	0
281	W	0.00000	0	1.00000	0
282	L	0.00000	0	1.00000	0
283	P	0.00000	0	1.00000	0
284	F	0.00000	0	1.00000	0
285	F	0.00000	0	1.00000	0
286	I	0.00000	0.00131	0.99869	0
287	V	0.00000	0.02209	0.97791	0
288	N	0.00000	0.14683	0.85317	0
289	V	0.00000	0.20008	0.79992	0
290	V	0.00000	0.34668	0.65332	0
291	R	0.00000	0.6901	0.30990	0
292	V	0.00000	0.70946	0.29054	0
293	F	0.00000	0.76288	0.23712	0
294	C	0.00000	0.94934	0.05066	0
295	A	0.00000	0.96729	0.03271	0
296	E	0.00000	0.99985	0.00015	0
297	L	0.00000	0.99953	0.00047	0
298	V	0.00000	0.9991	0.00090	0
299	D	0.00000	0.99883	0.00117	0
300	K	0.00000	0.97232	0.02768	0
301	N	0.00000	0.77728	0.22272	0
302	V	0.00000	0.22589	0.77411	0
303	F	0.00000	0.18427	0.81573	0
304	V	0.00000	0.00142	0.99858	0
305	F	0.00000	0	1.00000	0
306	L	0.00000	0	1.00000	0
307	N	0.00000	0	1.00000	0
308	W	0.00000	0	1.00000	0
309	L	0.00000	0	1.00000	0
310	G	0.00000	0	1.00000	0
311	Y	0.00000	0	1.00000	0
312	V	0.00000	0	1.00000	0
313	N	0.00000	0	1.00000	0
314	S	0.00000	0	1.00000	0
315	A	0.00000	0	1.00000	0
316	F	0.00000	0	1.00000	0
317	N	0.00000	0	1.00000	0
318	P	0.00000	0	1.00000	0
319	I	0.00000	0	1.00000	0
320	I	0.00002	0	0.99998	0
321	Y	0.00153	0	0.99847	0
322	C	0.02912	0	0.97088	0
323	R	1.00000	0	0.00000	0
324	S	1.00000	0	0.00000	0
325	P	1.00000	0	0.00000	0
326	D	1.00000	0	0.00000	0
327	F	1.00000	0	0.00000	0
328	R	1.00000	0	0.00000	0
329	K	1.00000	0	0.00000	0
330	A	1.00000	0	0.00000	0
331	F	1.00000	0	0.00000	0
332	K	1.00000	0	0.00000	0
333	R	1.00000	0	0.00000	0
334	L	1.00000	0	0.00000	0
335	L	1.00000	0	0.00000	0
336	C	1.00000	0	0.00000	0
337	C	1.00000	0	0.00000	0
338	P	1.00000	0	0.00000	0
339	R	1.00000	0	0.00000	0
340	Q	1.00000	0	0.00000	0
341	A	1.00000	0	0.00000	0
342	D	1.00000	0	0.00000	0
343	R	1.00000	0	0.00000	0
344	R	1.00000	0	0.00000	0
345	L	1.00000	0	0.00000	0
346	H	1.00000	0	0.00000	0
347	I	1.00000	0	0.00000	0
348	S	1.00000	0	0.00000	0
349	S	1.00000	0	0.00000	0
350	C	1.00000	0	0.00000	0
351	D	1.00000	0	0.00000	0
352	L	1.00000	0	0.00000	0
353	T	1.00000	0	0.00000	0
354	R	1.00000	0	0.00000	0
355	C	1.00000	0	0.00000	0
356	S	1.00000	0	0.00000	0
357	G	1.00000	0	0.00000	0
358	G	1.00000	0	0.00000	0
359	F	1.00000	0	0.00000	0
360	V	1.00000	0	0.00000	0
361	S	1.00000	0	0.00000	0
362	A	1.00000	0	0.00000	0
363	L	1.00000	0	0.00000	0
364	E	1.00000	0	0.00000	0
365	P	1.00000	0	0.00000	0
366	G	1.00000	0	0.00000	0
367	T	1.00000	0	0.00000	0
368	L	1.00000	0	0.00000	0
369	E	1.00000	0	0.00000	0
370	M	1.00000	0	0.00000	0
371	W	1.00000	0	0.00000	0
372	S	1.00000	0	0.00000	0
373	D	1.00000	0	0.00000	0
374	C	1.00000	0	0.00000	0
375	A	1.00000	0	0.00000	0
376	V	1.00000	0	0.00000	0
377	L	1.00000	0	0.00000	0
378	D	1.00000	0	0.00000	0
379	S	1.00000	0	0.00000	0
380	S	1.00000	0	0.00000	0
381	D	1.00000	0	0.00000	0
382	S	1.00000	0	0.00000	0
383	I	1.00000	0	0.00000	0
384	L	1.00000	0	0.00000	0
385	V	1.00000	0	0.00000	0
386	G	1.00000	0	0.00000	0
387	T	1.00000	0	0.00000	0
388	K	1.00000	0	0.00000	0
389	L	1.00000	0	0.00000	0
390	P	1.00000	0	0.00000	0
391	R	1.00000	0	0.00000	0
392	S	1.00000	0	0.00000	0
393	E	1.00000	0	0.00000	0
394	S	1.00000	0	0.00000	0
395	Q	1.00000	0	0.00000	0
396	L	1.00000	0	0.00000	0
