# UNNAMED
#pos	aa	i	o	M	S
1	M	0.00000	0.99776	0.00000	0.00224
2	P	0.00000	0.99776	0.00000	0.00224
3	F	0.00000	0.99776	0.00000	0.00224
4	C	0.00000	0.99776	0.00000	0.00223
5	H	0.00000	0.99776	0.00000	0.00224
6	N	0.00000	0.99776	0.00000	0.00224
7	I	0.00000	0.99776	0.00000	0.00224
8	I	0.00000	0.99776	0.00000	0.00224
9	N	0.00000	0.99776	0.00000	0.00224
10	I	0.00000	0.99776	0.00000	0.00224
11	S	0.00000	0.99776	0.00000	0.00224
12	C	0.00000	0.99776	0.00000	0.00224
13	V	0.00000	0.99776	0.00000	0.00224
14	K	0.00000	0.99776	0.00000	0.00223
15	S	0.00000	0.99776	0.00000	0.00223
16	N	0.00000	0.99872	0.00000	0.00128
17	W	0.00000	0.99872	0.00000	0.00128
18	S	0.00000	0.99872	0.00000	0.00128
19	N	0.00000	1	0.00000	0
20	D	0.00000	1	0.00000	0
21	V	0.00000	0.99968	0.00032	0
22	R	0.00000	0.99128	0.00871	0
23	A	0.00000	0.81935	0.18065	0
24	S	0.00000	0.70011	0.29989	0
25	L	0.00000	0.44862	0.55138	0
26	Y	0.00000	0.29113	0.70887	0
27	S	0.00000	0.26818	0.73182	0
28	L	0.00000	0.16684	0.83316	0
29	M	0.00000	0.09926	0.90074	0
30	V	0.00000	0.02468	0.97532	0
31	L	0.00000	0.00532	0.99468	0
32	I	0.00000	6e-05	0.99994	0
33	I	0.00000	0	1.00000	0
34	L	0.00000	0	1.00000	0
35	T	0.00000	0	1.00000	0
36	T	0.00000	0	1.00000	0
37	L	0.00000	0	1.00000	0
38	V	0.00000	0	1.00000	0
39	G	0.00000	0	1.00000	0
40	N	0.00000	0	1.00000	0
41	L	0.00000	0	1.00000	0
42	I	0.00000	0	1.00000	0
43	V	0.00000	0	1.00000	0
44	I	0.00001	0	0.99999	0
45	I	0.00117	0	0.99883	0
46	S	0.14427	0	0.85573	0
47	I	0.19917	0	0.80083	0
48	S	0.67205	0	0.32795	0
49	H	0.76694	0	0.23306	0
50	F	0.81084	0	0.18916	0
51	K	0.98626	0	0.01374	0
52	Q	0.99935	0	0.00065	0
53	L	0.99950	0	0.00050	0
54	H	1.00000	0	0.00000	0
55	T	1.00000	0	0.00000	0
56	P	1.00000	0	0.00000	0
57	T	0.99768	0	0.00232	0
58	N	0.42978	0	0.57022	0
59	W	0.31837	0	0.68163	0
60	L	0.00494	0	0.99506	0
61	I	0.00005	0	0.99995	0
62	H	0.00000	0	1.00000	0
63	S	0.00000	0	1.00000	0
64	M	0.00000	0	1.00000	0
65	A	0.00000	0	1.00000	0
66	T	0.00000	0	1.00000	0
67	V	0.00000	0	1.00000	0
68	D	0.00000	0	1.00000	0
69	F	0.00000	0	1.00000	0
70	L	0.00000	0	1.00000	0
71	L	0.00000	0	1.00000	0
72	G	0.00000	0	1.00000	0
73	C	0.00000	0	1.00000	0
74	L	0.00000	0	1.00000	0
75	V	0.00000	0	1.00000	0
76	M	0.00000	0	1.00000	0
77	P	0.00000	0.00017	0.99983	0
78	Y	0.00000	0.0007	0.99930	0
79	S	0.00000	0.15164	0.84836	0
80	M	0.00000	0.22139	0.77861	0
81	V	0.00000	0.51044	0.48956	0
82	R	0.00000	0.99987	0.00013	0
83	S	0.00000	0.99994	0.00006	0
84	V	0.00000	0.99994	0.00006	0
85	E	0.00000	1	0.00000	0
86	H	0.00000	1	0.00000	0
87	C	0.00000	1	0.00000	0
88	W	0.00000	1	0.00000	0
89	Y	0.00000	1	0.00000	0
90	F	0.00000	0.99999	0.00001	0
91	G	0.00000	0.99999	0.00001	0
92	D	0.00000	0.99999	0.00001	0
93	V	0.00000	0.99997	0.00003	0
94	F	0.00000	0.99979	0.00021	0
95	C	0.00000	0.99976	0.00024	0
96	K	0.00000	0.99962	0.00038	0
97	I	0.00000	0.99557	0.00443	0
98	H	0.00000	0.70018	0.29982	0
99	T	0.00000	0.38245	0.61755	0
100	S	0.00000	0.15981	0.84019	0
101	T	0.00000	0.01008	0.98992	0
102	D	0.00000	0.00064	0.99936	0
103	I	0.00000	1e-05	0.99999	0
104	M	0.00000	0	1.00000	0
105	L	0.00000	0	1.00000	0
106	S	0.00000	0	1.00000	0
107	S	0.00000	0	1.00000	0
108	A	0.00000	0	1.00000	0
109	S	0.00000	0	1.00000	0
110	I	0.00000	0	1.00000	0
111	F	0.00000	0	1.00000	0
112	H	0.00000	0	1.00000	0
113	L	0.00000	0	1.00000	0
114	S	0.00001	0	0.99999	0
115	F	0.00001	0	0.99999	0
116	I	0.00003	0	0.99997	0
117	S	0.00008	0	0.99992	0
118	I	0.00014	0	0.99986	0
119	D	0.00084	0	0.99916	0
120	R	0.20824	0	0.79176	0
121	Y	0.94882	0	0.05118	0
122	Y	0.98922	0	0.01078	0
123	A	0.99914	0	0.00086	0
124	V	1.00000	0	0.00000	0
125	C	1.00000	0	0.00000	0
126	D	1.00000	0	0.00000	0
127	P	1.00000	0	0.00000	0
128	L	1.00000	0	0.00000	0
129	R	1.00000	0	0.00000	0
130	Y	1.00000	0	0.00000	0
131	K	1.00000	0	0.00000	0
132	A	0.99998	0	0.00002	0
133	R	0.99959	0	0.00041	0
134	I	0.82059	0	0.17941	0
135	S	0.77871	0	0.22129	0
136	I	0.17098	0	0.82902	0
137	F	0.04076	0	0.95924	0
138	V	0.00263	0	0.99737	0
139	I	0.00018	0	0.99982	0
140	I	0.00000	0	1.00000	0
141	V	0.00000	0	1.00000	0
142	M	0.00000	0	1.00000	0
143	I	0.00000	0	1.00000	0
144	F	0.00000	0	1.00000	0
145	I	0.00000	0	1.00000	0
146	S	0.00000	0	1.00000	0
147	W	0.00000	0	1.00000	0
148	S	0.00000	0	1.00000	0
149	V	0.00000	0	1.00000	0
150	P	0.00000	0	1.00000	0
151	A	0.00000	0	1.00000	0
152	I	0.00000	0	1.00000	0
153	F	0.00000	2e-05	0.99998	0
154	A	0.00000	0.0013	0.99870	0
155	F	0.00000	0.01241	0.98759	0
156	G	0.00000	0.16873	0.83127	0
157	M	0.00000	0.20296	0.79704	0
158	I	0.00000	0.38008	0.61992	0
159	F	0.00000	0.66595	0.33405	0
160	P	0.00000	0.97728	0.02272	0
161	E	0.00000	0.99957	0.00043	0
162	L	0.00000	0.99987	0.00013	0
163	N	0.00000	1	0.00000	0
164	L	0.00000	1	0.00000	0
165	K	0.00000	1	0.00000	0
166	G	0.00000	1	0.00000	0
167	V	0.00000	1	0.00000	0
168	E	0.00000	1	0.00000	0
169	E	0.00000	1	0.00000	0
170	L	0.00000	1	0.00000	0
171	Y	0.00000	1	0.00000	0
172	C	0.00000	1	0.00000	0
173	K	0.00000	1	0.00000	0
174	H	0.00000	1	0.00000	0
175	V	0.00000	1	0.00000	0
176	H	0.00000	1	0.00000	0
177	C	0.00000	1	0.00000	0
178	I	0.00000	1	0.00000	0
179	G	0.00000	1	0.00000	0
180	G	0.00000	1	0.00000	0
181	C	0.00000	0.99986	0.00014	0
182	S	0.00000	0.80872	0.19128	0
183	V	0.00000	0.80307	0.19693	0
184	F	0.00000	0.77738	0.22262	0
185	F	0.00000	0.76617	0.23383	0
186	S	0.00000	0.76593	0.23407	0
187	K	0.00000	0.76584	0.23416	0
188	V	0.00000	0.71178	0.28822	0
189	S	0.00000	0.69883	0.30117	0
190	G	0.00000	0.4267	0.57330	0
191	V	0.00000	0.16155	0.83845	0
192	L	0.00000	0.0006	0.99940	0
193	A	0.00000	0.00025	0.99975	0
194	F	0.00000	0	1.00000	0
195	M	0.00000	0	1.00000	0
196	T	0.00000	0	1.00000	0
197	S	0.00000	0	1.00000	0
198	F	0.00000	0	1.00000	0
199	Y	0.00000	0	1.00000	0
200	I	0.00000	0	1.00000	0
201	P	0.00000	0	1.00000	0
202	G	0.00000	0	1.00000	0
203	S	0.00000	0	1.00000	0
204	I	0.00000	0	1.00000	0
205	M	0.00001	0	0.99999	0
206	L	0.00002	0	0.99998	0
207	C	0.00059	0	0.99941	0
208	V	0.00437	0	0.99563	0
209	Y	0.02801	0	0.97199	0
210	Y	0.08247	0	0.91753	0
211	R	0.23889	0	0.76111	0
212	I	0.24387	0	0.75613	0
213	Y	0.29330	0	0.70670	0
214	S	0.90383	0	0.09617	0
215	I	0.94509	0	0.05491	0
216	A	0.99936	0	0.00064	0
217	K	0.99998	0	0.00002	0
218	T	1.00000	0	0.00000	0
219	Q	1.00000	0	0.00000	0
220	A	1.00000	0	0.00000	0
221	R	1.00000	0	0.00000	0
222	S	1.00000	0	0.00000	0
223	I	1.00000	0	0.00000	0
224	H	1.00000	0	0.00000	0
225	D	1.00000	0	0.00000	0
226	A	1.00000	0	0.00000	0
227	N	1.00000	0	0.00000	0
228	Q	1.00000	0	0.00000	0
229	K	1.00000	0	0.00000	0
230	V	1.00000	0	0.00000	0
231	Q	1.00000	0	0.00000	0
232	I	1.00000	0	0.00000	0
233	G	1.00000	0	0.00000	0
234	L	1.00000	0	0.00000	0
235	E	1.00000	0	0.00000	0
236	E	1.00000	0	0.00000	0
237	K	1.00000	0	0.00000	0
238	N	1.00000	0	0.00000	0
239	G	1.00000	0	0.00000	0
240	I	1.00000	0	0.00000	0
241	S	1.00000	0	0.00000	0
242	R	1.00000	0	0.00000	0
243	S	1.00000	0	0.00000	0
244	R	1.00000	0	0.00000	0
245	E	1.00000	0	0.00000	0
246	R	0.99115	0	0.00885	0
247	K	0.99027	0	0.00973	0
248	A	0.42081	0	0.57919	0
249	A	0.41855	0	0.58145	0
250	K	0.38393	0	0.61607	0
251	T	0.30353	0	0.69647	0
252	L	0.00452	0	0.99548	0
253	G	0.00039	0	0.99961	0
254	I	0.00001	0	0.99999	0
255	V	0.00001	0	0.99999	0
256	M	0.00001	0	0.99999	0
257	G	0.00000	0	1.00000	0
258	V	0.00000	0	1.00000	0
259	F	0.00000	0	1.00000	0
260	L	0.00000	0	1.00000	0
261	I	0.00000	0	1.00000	0
262	C	0.00000	0	1.00000	0
263	W	0.00000	0	1.00000	0
264	C	0.00000	0	1.00000	0
265	P	0.00000	0	1.00000	0
266	F	0.00000	0	1.00000	0
267	F	0.00000	0	1.00000	0
268	V	0.00000	0.00066	0.99934	0
269	C	0.00000	0.00768	0.99232	0
270	T	0.00000	0.0251	0.97490	0
271	V	0.00000	0.05867	0.94133	0
272	M	0.00000	0.15897	0.84103	0
273	D	0.00000	0.80675	0.19325	0
274	P	0.00000	0.80897	0.19103	0
275	F	0.00000	0.81619	0.18381	0
276	L	0.00000	0.85111	0.14889	0
277	D	0.00000	0.99899	0.00101	0
278	Y	0.00000	0.99914	0.00086	0
279	T	0.00000	0.99946	0.00054	0
280	I	0.00000	0.99966	0.00034	0
281	P	0.00000	0.99995	0.00005	0
282	P	0.00000	0.99997	0.00003	0
283	V	0.00000	0.99988	0.00012	0
284	L	0.00000	0.99977	0.00023	0
285	N	0.00000	0.99972	0.00028	0
286	D	0.00000	0.97548	0.02452	0
287	A	0.00000	0.10973	0.89027	0
288	L	0.00000	0.03203	0.96797	0
289	I	0.00000	0.00882	0.99118	0
290	W	0.00000	0.00077	0.99923	0
291	F	0.00000	0	1.00000	0
292	G	0.00000	0	1.00000	0
293	Y	0.00000	0	1.00000	0
294	L	0.00000	0	1.00000	0
295	N	0.00000	0	1.00000	0
296	S	0.00000	0	1.00000	0
297	T	0.00000	0	1.00000	0
298	F	0.00000	0	1.00000	0
299	N	0.00000	0	1.00000	0
300	P	0.00000	0	1.00000	0
301	M	0.00000	0	1.00000	0
302	V	0.00000	0	1.00000	0
303	Y	0.00000	0	1.00000	0
304	A	0.00000	0	1.00000	0
305	F	0.00001	0	0.99999	0
306	F	0.00048	0	0.99952	0
307	Y	0.01456	0	0.98544	0
308	P	0.10336	0	0.89664	0
309	W	0.18648	0	0.81352	0
310	F	0.40468	0	0.59532	0
311	R	1.00000	0	0.00000	0
312	K	1.00000	0	0.00000	0
313	A	1.00000	0	0.00000	0
314	L	1.00000	0	0.00000	0
315	K	1.00000	0	0.00000	0
316	M	1.00000	0	0.00000	0
317	I	1.00000	0	0.00000	0
318	L	1.00000	0	0.00000	0
319	L	1.00000	0	0.00000	0
320	G	1.00000	0	0.00000	0
321	K	1.00000	0	0.00000	0
322	I	1.00000	0	0.00000	0
323	F	1.00000	0	0.00000	0
324	Q	1.00000	0	0.00000	0
325	K	1.00000	0	0.00000	0
326	D	1.00000	0	0.00000	0
327	S	1.00000	0	0.00000	0
328	S	1.00000	0	0.00000	0
329	R	1.00000	0	0.00000	0
330	C	1.00000	0	0.00000	0
331	K	1.00000	0	0.00000	0
332	L	1.00000	0	0.00000	0
333	F	1.00000	0	0.00000	0
334	I	1.00000	0	0.00000	0
335	N	1.00000	0	0.00000	0
336	S	1.00000	0	0.00000	0
337	N	1.00000	0	0.00000	0
338	P	1.00000	0	0.00000	0
