# UNNAMED
#pos	aa	i	o	M	S
1	M	0.00000	1	0.00000	0
2	D	0.00000	1	0.00000	0
3	I	0.00000	1	0.00000	0
4	T	0.00000	1	0.00000	0
5	S	0.00000	1	0.00000	0
6	I	0.00000	1	0.00000	0
7	P	0.00000	1	0.00000	0
8	T	0.00000	1	0.00000	0
9	D	0.00000	1	0.00000	0
10	L	0.00000	1	0.00000	0
11	S	0.00000	1	0.00000	0
12	S	0.00000	1	0.00000	0
13	C	0.00000	1	0.00000	0
14	P	0.00000	1	0.00000	0
15	K	0.00000	1	0.00000	0
16	F	0.00000	1	0.00000	0
17	G	0.00000	1	0.00000	0
18	N	0.00000	1	0.00000	0
19	K	0.00000	1	0.00000	0
20	S	0.00000	1	0.00000	0
21	C	0.00000	1	0.00000	0
22	P	0.00000	1	0.00000	0
23	P	0.00000	1	0.00000	0
24	T	0.00000	1	0.00000	0
25	N	0.00000	1	0.00000	0
26	R	0.00000	1	0.00000	0
27	A	0.00000	0.99989	0.00011	0
28	L	0.00000	0.99977	0.00023	0
29	H	0.00000	0.99962	0.00038	0
30	T	0.00000	0.99942	0.00058	0
31	R	0.00000	0.98654	0.01346	0
32	L	0.00000	0.71739	0.28261	0
33	V	0.00000	0.47878	0.52122	0
34	M	0.00000	0.42255	0.57745	0
35	Y	0.00000	0.26541	0.73459	0
36	S	0.00000	0.19643	0.80357	0
37	V	0.00000	0.05245	0.94755	0
38	M	0.00000	0.03432	0.96568	0
39	A	0.00000	0.01664	0.98336	0
40	T	0.00000	0.00477	0.99523	0
41	A	0.00000	0.00072	0.99928	0
42	M	0.00000	6e-05	0.99994	0
43	M	0.00000	0	1.00000	0
44	I	0.00000	0	1.00000	0
45	T	0.00000	0	1.00000	0
46	I	0.00000	0	1.00000	0
47	L	0.00000	0	1.00000	0
48	G	0.00000	0	1.00000	0
49	N	0.00000	0	1.00000	0
50	L	0.00000	0	1.00000	0
51	V	0.00000	0	1.00000	0
52	I	0.00000	0	1.00000	0
53	I	0.00001	0	0.99999	0
54	I	0.00128	0	0.99872	0
55	S	0.12386	0	0.87614	0
56	I	0.16070	0	0.83930	0
57	A	0.48880	0	0.51120	0
58	H	0.75810	0	0.24190	0
59	F	0.83242	0	0.16758	0
60	K	0.99316	0	0.00684	0
61	Q	0.99990	0	0.00010	0
62	L	0.99995	0	0.00005	0
63	H	1.00000	0	0.00000	0
64	S	1.00000	0	0.00000	0
65	P	1.00000	0	0.00000	0
66	T	0.91870	0	0.08130	0
67	N	0.12089	0	0.87911	0
68	F	0.02308	0	0.97692	0
69	L	0.00033	0	0.99967	0
70	I	0.00000	0	1.00000	0
71	L	0.00000	0	1.00000	0
72	S	0.00000	0	1.00000	0
73	M	0.00000	0	1.00000	0
74	A	0.00000	0	1.00000	0
75	T	0.00000	0	1.00000	0
76	T	0.00000	0	1.00000	0
77	D	0.00000	0	1.00000	0
78	F	0.00000	0	1.00000	0
79	L	0.00000	0	1.00000	0
80	L	0.00000	0	1.00000	0
81	G	0.00000	0	1.00000	0
82	L	0.00000	0	1.00000	0
83	V	0.00000	0	1.00000	0
84	I	0.00000	1e-05	0.99999	0
85	M	0.00000	0.00178	0.99822	0
86	P	0.00000	0.11181	0.88819	0
87	Y	0.00000	0.42549	0.57451	0
88	N	0.00000	0.75373	0.24627	0
89	M	0.00000	0.78247	0.21753	0
90	V	0.00000	0.87019	0.12981	0
91	R	0.00000	0.99998	0.00002	0
92	S	0.00000	0.99999	0.00001	0
93	V	0.00000	0.99999	0.00001	0
94	E	0.00000	1	0.00000	0
95	S	0.00000	1	0.00000	0
96	C	0.00000	1	0.00000	0
97	W	0.00000	1	0.00000	0
98	P	0.00000	1	0.00000	0
99	F	0.00000	1	0.00000	0
100	G	0.00000	1	0.00000	0
101	D	0.00000	1	0.00000	0
102	G	0.00000	1	0.00000	0
103	F	0.00000	0.99997	0.00003	0
104	C	0.00000	0.99996	0.00004	0
105	K	0.00000	0.99992	0.00008	0
106	F	0.00000	0.99206	0.00794	0
107	H	0.00000	0.47154	0.52846	0
108	A	0.00000	0.23334	0.76666	0
109	S	0.00000	0.14453	0.85547	0
110	F	0.00000	0.00452	0.99548	0
111	D	0.00000	0.00208	0.99792	0
112	M	0.00000	3e-05	0.99997	0
113	M	0.00000	0	1.00000	0
114	L	0.00000	0	1.00000	0
115	S	0.00000	0	1.00000	0
116	L	0.00000	0	1.00000	0
117	T	0.00000	0	1.00000	0
118	S	0.00000	0	1.00000	0
119	I	0.00000	0	1.00000	0
120	F	0.00000	0	1.00000	0
121	H	0.00000	0	1.00000	0
122	L	0.00000	0	1.00000	0
123	C	0.00000	0	1.00000	0
124	S	0.00000	0	1.00000	0
125	I	0.00000	0	1.00000	0
126	A	0.00000	0	1.00000	0
127	I	0.00000	0	1.00000	0
128	D	0.00002	0	0.99998	0
129	R	0.01772	0	0.98228	0
130	F	0.33522	0	0.66478	0
131	Y	0.78515	0	0.21485	0
132	A	0.96080	0	0.03920	0
133	V	0.99999	0	0.00001	0
134	C	1.00000	0	0.00000	0
135	H	1.00000	0	0.00000	0
136	P	1.00000	0	0.00000	0
137	L	1.00000	0	0.00000	0
138	H	1.00000	0	0.00000	0
139	Y	1.00000	0	0.00000	0
140	T	1.00000	0	0.00000	0
141	T	1.00000	0	0.00000	0
142	T	1.00000	0	0.00000	0
143	M	1.00000	0	0.00000	0
144	T	1.00000	0	0.00000	0
145	T	0.99995	0	0.00005	0
146	S	0.96835	0	0.03165	0
147	T	0.79364	0	0.20636	0
148	I	0.39549	0	0.60451	0
149	K	0.38014	0	0.61986	0
150	R	0.30444	0	0.69556	0
151	L	0.03181	0	0.96819	0
152	L	0.00118	0	0.99882	0
153	A	0.00036	0	0.99964	0
154	F	0.00000	0	1.00000	0
155	C	0.00000	0	1.00000	0
156	W	0.00000	0	1.00000	0
157	S	0.00000	0	1.00000	0
158	A	0.00000	0	1.00000	0
159	P	0.00000	0	1.00000	0
160	A	0.00000	0	1.00000	0
161	C	0.00000	0	1.00000	0
162	F	0.00000	0	1.00000	0
163	S	0.00000	0	1.00000	0
164	F	0.00000	0	1.00000	0
165	G	0.00000	1e-05	0.99999	0
166	L	0.00000	4e-05	0.99996	0
167	V	0.00000	0.00614	0.99386	0
168	L	0.00000	0.0471	0.95290	0
169	S	0.00000	0.46558	0.53442	0
170	E	0.00000	0.68782	0.31218	0
171	A	0.00000	0.72361	0.27639	0
172	N	0.00000	0.89864	0.10136	0
173	V	0.00000	0.92457	0.07543	0
174	A	0.00000	0.95844	0.04156	0
175	G	0.00000	0.99697	0.00303	0
176	M	0.00000	0.99879	0.00121	0
177	Q	0.00000	0.99998	0.00002	0
178	G	0.00000	1	0.00000	0
179	Y	0.00000	1	0.00000	0
180	E	0.00000	1	0.00000	0
181	V	0.00000	1	0.00000	0
182	L	0.00000	1	0.00000	0
183	V	0.00000	1	0.00000	0
184	A	0.00000	1	0.00000	0
185	C	0.00000	1	0.00000	0
186	F	0.00000	1	0.00000	0
187	K	0.00000	1	0.00000	0
188	F	0.00000	1	0.00000	0
189	C	0.00000	0.99999	0.00001	0
190	A	0.00000	0.98873	0.01127	0
191	L	0.00000	0.98871	0.01129	0
192	T	0.00000	0.98867	0.01133	0
193	F	0.00000	0.98791	0.01209	0
194	N	0.00000	0.98789	0.01211	0
195	K	0.00000	0.98772	0.01228	0
196	F	0.00000	0.98421	0.01579	0
197	W	0.00000	0.98085	0.01915	0
198	G	0.00000	0.9624	0.03760	0
199	T	0.00000	0.08274	0.91726	0
200	V	0.00000	0.00045	0.99955	0
201	L	0.00000	4e-05	0.99996	0
202	F	0.00000	1e-05	0.99999	0
203	T	0.00000	0	1.00000	0
204	P	0.00000	0	1.00000	0
205	C	0.00000	0	1.00000	0
206	F	0.00000	0	1.00000	0
207	F	0.00000	0	1.00000	0
208	T	0.00000	0	1.00000	0
209	P	0.00000	0	1.00000	0
210	G	0.00000	0	1.00000	0
211	S	0.00000	0	1.00000	0
212	I	0.00000	0	1.00000	0
213	M	0.00000	0	1.00000	0
214	V	0.00001	0	0.99999	0
215	G	0.00044	0	0.99956	0
216	I	0.00083	0	0.99917	0
217	Y	0.00381	0	0.99619	0
218	G	0.01055	0	0.98945	0
219	K	0.01233	0	0.98767	0
220	I	0.01238	0	0.98762	0
221	F	0.01457	0	0.98543	0
222	I	0.06009	0	0.93991	0
223	V	0.14418	0	0.85582	0
224	S	0.98773	0	0.01227	0
225	K	0.99977	0	0.00023	0
226	R	0.99999	0	0.00001	0
227	H	1.00000	0	0.00000	0
228	A	1.00000	0	0.00000	0
229	R	1.00000	0	0.00000	0
230	V	1.00000	0	0.00000	0
231	I	1.00000	0	0.00000	0
232	S	1.00000	0	0.00000	0
233	N	1.00000	0	0.00000	0
234	M	1.00000	0	0.00000	0
235	P	1.00000	0	0.00000	0
236	E	1.00000	0	0.00000	0
237	N	1.00000	0	0.00000	0
238	T	1.00000	0	0.00000	0
239	K	1.00000	0	0.00000	0
240	G	1.00000	0	0.00000	0
241	D	1.00000	0	0.00000	0
242	M	1.00000	0	0.00000	0
243	R	1.00000	0	0.00000	0
244	K	1.00000	0	0.00000	0
245	N	1.00000	0	0.00000	0
246	L	1.00000	0	0.00000	0
247	S	1.00000	0	0.00000	0
248	K	1.00000	0	0.00000	0
249	K	1.00000	0	0.00000	0
250	K	1.00000	0	0.00000	0
251	D	1.00000	0	0.00000	0
252	R	0.99212	0	0.00788	0
253	K	0.99123	0	0.00877	0
254	A	0.37419	0	0.62581	0
255	A	0.37168	0	0.62832	0
256	K	0.36978	0	0.63022	0
257	T	0.26399	0	0.73601	0
258	L	0.00140	0	0.99860	0
259	G	0.00005	0	0.99995	0
260	I	0.00001	0	0.99999	0
261	I	0.00001	0	0.99999	0
262	M	0.00000	0	1.00000	0
263	G	0.00000	0	1.00000	0
264	V	0.00000	0	1.00000	0
265	F	0.00000	0	1.00000	0
266	L	0.00000	0	1.00000	0
267	A	0.00000	0	1.00000	0
268	C	0.00000	0	1.00000	0
269	W	0.00000	0	1.00000	0
270	L	0.00000	0	1.00000	0
271	P	0.00000	0	1.00000	0
272	C	0.00000	0	1.00000	0
273	F	0.00000	0	1.00000	0
274	L	0.00000	0	1.00000	0
275	A	0.00000	7e-05	0.99993	0
276	V	0.00000	0.00048	0.99952	0
277	L	0.00000	0.00403	0.99597	0
278	I	0.00000	0.19362	0.80638	0
279	D	0.00000	0.98974	0.01026	0
280	P	0.00000	0.99222	0.00778	0
281	Y	0.00000	0.99285	0.00715	0
282	L	0.00000	0.99371	0.00629	0
283	G	0.00000	0.99673	0.00327	0
284	Y	0.00000	0.99745	0.00255	0
285	S	0.00000	0.99905	0.00095	0
286	T	0.00000	0.99988	0.00012	0
287	P	0.00000	0.9999	0.00010	0
288	M	0.00000	0.99954	0.00046	0
289	V	0.00000	0.99931	0.00069	0
290	V	0.00000	0.99904	0.00096	0
291	L	0.00000	0.99868	0.00132	0
292	D	0.00000	0.98158	0.01842	0
293	V	0.00000	0.04151	0.95849	0
294	L	0.00000	0.00932	0.99068	0
295	V	0.00000	0.00141	0.99859	0
296	W	0.00000	0.00014	0.99986	0
297	L	0.00000	0	1.00000	0
298	G	0.00000	0	1.00000	0
299	Y	0.00000	0	1.00000	0
300	F	0.00000	0	1.00000	0
301	N	0.00000	0	1.00000	0
302	S	0.00000	0	1.00000	0
303	T	0.00000	0	1.00000	0
304	F	0.00000	0	1.00000	0
305	N	0.00000	0	1.00000	0
306	P	0.00000	0	1.00000	0
307	L	0.00000	0	1.00000	0
308	I	0.00000	0	1.00000	0
309	H	0.00004	0	0.99996	0
310	G	0.00006	0	0.99994	0
311	F	0.00009	0	0.99991	0
312	F	0.00042	0	0.99958	0
313	Y	0.00854	0	0.99146	0
314	P	0.06160	0	0.93840	0
315	W	0.27049	0	0.72951	0
316	F	0.77962	0	0.22038	0
317	G	0.96702	0	0.03298	0
318	N	0.99940	0	0.00060	0
319	A	0.99987	0	0.00013	0
320	L	1.00000	0	0.00000	0
321	K	1.00000	0	0.00000	0
322	Y	1.00000	0	0.00000	0
323	I	1.00000	0	0.00000	0
324	V	1.00000	0	0.00000	0
325	S	1.00000	0	0.00000	0
326	G	1.00000	0	0.00000	0
327	R	1.00000	0	0.00000	0
328	I	1.00000	0	0.00000	0
329	F	1.00000	0	0.00000	0
330	R	1.00000	0	0.00000	0
331	S	1.00000	0	0.00000	0
332	H	1.00000	0	0.00000	0
333	S	1.00000	0	0.00000	0
334	E	1.00000	0	0.00000	0
335	T	1.00000	0	0.00000	0
336	S	1.00000	0	0.00000	0
337	N	1.00000	0	0.00000	0
338	L	1.00000	0	0.00000	0
339	F	1.00000	0	0.00000	0
340	P	1.00000	0	0.00000	0
341	E	1.00000	0	0.00000	0
342	A	1.00000	0	0.00000	0
343	H	1.00000	0	0.00000	0
344	S	1.00000	0	0.00000	0
