# UNNAMED
#pos	aa	i	o	M	S
1	M	0.00000	1	0.00000	0
2	A	0.00000	1	0.00000	0
3	V	0.00000	1	0.00000	0
4	K	0.00000	1	0.00000	0
5	D	0.00000	1	0.00000	0
6	L	0.00000	1	0.00000	0
7	N	0.00000	1	0.00000	0
8	V	0.00000	1	0.00000	0
9	T	0.00000	1	0.00000	0
10	T	0.00000	1	0.00000	0
11	V	0.00000	1	0.00000	0
12	I	0.00000	1	0.00000	0
13	D	0.00000	1	0.00000	0
14	S	0.00000	1	0.00000	0
15	G	0.00000	1	0.00000	0
16	F	0.00000	1	0.00000	0
17	M	0.00000	1	0.00000	0
18	E	0.00000	1	0.00000	0
19	S	0.00000	1	0.00000	0
20	D	0.00000	1	0.00000	0
21	Q	0.00000	0.99888	0.00112	0
22	S	0.00000	0.9915	0.00850	0
23	T	0.00000	0.91243	0.08757	0
24	R	0.00000	0.86629	0.13371	0
25	V	0.00000	0.55637	0.44363	0
26	L	0.00000	0.30395	0.69605	0
27	T	0.00000	0.18755	0.81245	0
28	G	0.00000	0.1507	0.84930	0
29	C	0.00000	0.11628	0.88372	0
30	F	0.00000	0.02144	0.97856	0
31	L	0.00000	0.00309	0.99691	0
32	S	0.00000	0.00106	0.99894	0
33	L	0.00000	0.00024	0.99976	0
34	L	0.00000	2e-05	0.99998	0
35	I	0.00000	0	1.00000	0
36	L	0.00000	0	1.00000	0
37	S	0.00000	0	1.00000	0
38	T	0.00000	0	1.00000	0
39	L	0.00000	0	1.00000	0
40	L	0.00000	0	1.00000	0
41	G	0.00000	0	1.00000	0
42	N	0.00000	0	1.00000	0
43	T	0.00000	0	1.00000	0
44	L	0.00000	0	1.00000	0
45	V	0.00001	0	0.99999	0
46	C	0.00008	0	0.99992	0
47	A	0.00212	0	0.99788	0
48	A	0.03487	0	0.96513	0
49	V	0.19477	0	0.80523	0
50	T	0.84651	0	0.15349	0
51	K	0.97634	0	0.02366	0
52	F	0.97977	0	0.02023	0
53	R	0.99919	0	0.00081	0
54	H	0.99972	0	0.00028	0
55	L	0.99983	0	0.00017	0
56	R	1.00000	0	0.00000	0
57	S	0.99996	0	0.00004	0
58	K	0.99910	0	0.00090	0
59	V	0.93038	0	0.06962	0
60	T	0.88408	0	0.11592	0
61	N	0.09682	0	0.90318	0
62	F	0.00868	0	0.99132	0
63	F	0.00006	0	0.99994	0
64	V	0.00001	0	0.99999	0
65	I	0.00000	0	1.00000	0
66	S	0.00000	0	1.00000	0
67	L	0.00000	0	1.00000	0
68	A	0.00000	0	1.00000	0
69	V	0.00000	0	1.00000	0
70	S	0.00000	0	1.00000	0
71	D	0.00000	0	1.00000	0
72	L	0.00000	0	1.00000	0
73	L	0.00000	0	1.00000	0
74	V	0.00000	0	1.00000	0
75	A	0.00000	0	1.00000	0
76	I	0.00000	0	1.00000	0
77	L	0.00000	0	1.00000	0
78	V	0.00000	5e-05	0.99995	0
79	M	0.00000	0.00104	0.99896	0
80	P	0.00000	0.01577	0.98423	0
81	W	0.00000	0.15308	0.84692	0
82	K	0.00000	0.47065	0.52935	0
83	A	0.00000	0.64089	0.35911	0
84	V	0.00000	0.79202	0.20798	0
85	T	0.00000	0.99994	0.00006	0
86	E	0.00000	1	0.00000	0
87	V	0.00000	1	0.00000	0
88	A	0.00000	1	0.00000	0
89	G	0.00000	1	0.00000	0
90	F	0.00000	1	0.00000	0
91	W	0.00000	1	0.00000	0
92	P	0.00000	1	0.00000	0
93	F	0.00000	1	0.00000	0
94	G	0.00000	1	0.00000	0
95	A	0.00000	0.99998	0.00002	0
96	F	0.00000	0.99997	0.00003	0
97	C	0.00000	0.99996	0.00004	0
98	D	0.00000	0.99978	0.00022	0
99	I	0.00000	0.99753	0.00247	0
100	W	0.00000	0.80851	0.19149	0
101	V	0.00000	0.08979	0.91021	0
102	A	0.00000	0.00244	0.99756	0
103	F	0.00000	5e-05	0.99995	0
104	D	0.00000	1e-05	0.99999	0
105	I	0.00000	0	1.00000	0
106	M	0.00000	0	1.00000	0
107	C	0.00000	0	1.00000	0
108	S	0.00000	0	1.00000	0
109	T	0.00000	0	1.00000	0
110	A	0.00000	0	1.00000	0
111	S	0.00000	0	1.00000	0
112	I	0.00000	0	1.00000	0
113	L	0.00000	0	1.00000	0
114	N	0.00000	0	1.00000	0
115	L	0.00000	0	1.00000	0
116	C	0.00000	0	1.00000	0
117	V	0.00000	0	1.00000	0
118	I	0.00000	0	1.00000	0
119	S	0.00000	0	1.00000	0
120	V	0.00000	0	1.00000	0
121	D	0.00007	0	0.99993	0
122	R	0.13615	0	0.86385	0
123	Y	0.49254	0	0.50746	0
124	W	0.83967	0	0.16033	0
125	A	0.99140	0	0.00860	0
126	I	1.00000	0	0.00000	0
127	S	1.00000	0	0.00000	0
128	S	1.00000	0	0.00000	0
129	P	1.00000	0	0.00000	0
130	F	1.00000	0	0.00000	0
131	R	1.00000	0	0.00000	0
132	Y	1.00000	0	0.00000	0
133	E	1.00000	0	0.00000	0
134	R	1.00000	0	0.00000	0
135	K	1.00000	0	0.00000	0
136	M	0.99993	0	0.00007	0
137	T	0.99978	0	0.00022	0
138	P	0.99891	0	0.00109	0
139	R	0.91272	0	0.08728	0
140	V	0.09802	0	0.90198	0
141	A	0.00950	0	0.99050	0
142	F	0.00039	0	0.99961	0
143	V	0.00001	0	0.99999	0
144	M	0.00000	0	1.00000	0
145	I	0.00000	0	1.00000	0
146	S	0.00000	0	1.00000	0
147	V	0.00000	0	1.00000	0
148	A	0.00000	0	1.00000	0
149	W	0.00000	0	1.00000	0
150	T	0.00000	0	1.00000	0
151	L	0.00000	0	1.00000	0
152	S	0.00000	0	1.00000	0
153	V	0.00000	0	1.00000	0
154	L	0.00000	0	1.00000	0
155	I	0.00000	0	1.00000	0
156	S	0.00000	0	1.00000	0
157	F	0.00000	1e-05	0.99999	0
158	I	0.00000	0.00042	0.99958	0
159	P	0.00000	0.03118	0.96882	0
160	V	0.00000	0.09823	0.90177	0
161	Q	0.00000	0.5898	0.41020	0
162	L	0.00000	0.71163	0.28837	0
163	K	0.00000	0.99748	0.00252	0
164	W	0.00000	0.99896	0.00104	0
165	H	0.00000	0.99992	0.00008	0
166	K	0.00000	1	0.00000	0
167	A	0.00000	1	0.00000	0
168	Q	0.00000	1	0.00000	0
169	P	0.00000	1	0.00000	0
170	T	0.00000	1	0.00000	0
171	S	0.00000	1	0.00000	0
172	F	0.00000	1	0.00000	0
173	P	0.00000	1	0.00000	0
174	E	0.00000	1	0.00000	0
175	A	0.00000	1	0.00000	0
176	N	0.00000	1	0.00000	0
177	A	0.00000	1	0.00000	0
178	S	0.00000	1	0.00000	0
179	H	0.00000	1	0.00000	0
180	R	0.00000	1	0.00000	0
181	A	0.00000	1	0.00000	0
182	L	0.00000	1	0.00000	0
183	L	0.00000	1	0.00000	0
184	T	0.00000	1	0.00000	0
185	D	0.00000	1	0.00000	0
186	N	0.00000	1	0.00000	0
187	C	0.00000	1	0.00000	0
188	D	0.00000	0.99999	0.00001	0
189	S	0.00000	0.99969	0.00031	0
190	S	0.00000	0.99741	0.00259	0
191	L	0.00000	0.99187	0.00813	0
192	N	0.00000	0.99139	0.00861	0
193	R	0.00000	0.94034	0.05966	0
194	T	0.00000	0.49172	0.50828	0
195	Y	0.00000	0.03298	0.96702	0
196	A	0.00000	0.0255	0.97450	0
197	I	0.00000	0.02187	0.97813	0
198	S	0.00000	0.00996	0.99004	0
199	S	0.00000	0.00927	0.99073	0
200	S	0.00000	0.00248	0.99752	0
201	L	0.00000	0.00138	0.99862	0
202	I	0.00000	0	1.00000	0
203	S	0.00000	0	1.00000	0
204	F	0.00000	0	1.00000	0
205	Y	0.00000	0	1.00000	0
206	I	0.00000	0	1.00000	0
207	P	0.00000	0	1.00000	0
208	V	0.00000	0	1.00000	0
209	A	0.00000	0	1.00000	0
210	I	0.00000	0	1.00000	0
211	M	0.00000	0	1.00000	0
212	I	0.00000	0	1.00000	0
213	V	0.00021	0	0.99979	0
214	T	0.00268	0	0.99732	0
215	Y	0.00689	0	0.99311	0
216	T	0.14524	0	0.85476	0
217	Q	0.34077	0	0.65923	0
218	I	0.34829	0	0.65171	0
219	Y	0.39631	0	0.60369	0
220	R	0.93912	0	0.06088	0
221	I	0.94347	0	0.05653	0
222	A	0.96739	0	0.03261	0
223	Q	0.99938	0	0.00062	0
224	K	0.99999	0	0.00001	0
225	Q	1.00000	0	0.00000	0
226	I	1.00000	0	0.00000	0
227	R	1.00000	0	0.00000	0
228	R	1.00000	0	0.00000	0
229	I	1.00000	0	0.00000	0
230	S	1.00000	0	0.00000	0
231	A	1.00000	0	0.00000	0
232	L	1.00000	0	0.00000	0
233	E	1.00000	0	0.00000	0
234	R	1.00000	0	0.00000	0
235	A	1.00000	0	0.00000	0
236	A	1.00000	0	0.00000	0
237	E	1.00000	0	0.00000	0
238	S	1.00000	0	0.00000	0
239	A	1.00000	0	0.00000	0
240	K	1.00000	0	0.00000	0
241	I	1.00000	0	0.00000	0
242	R	1.00000	0	0.00000	0
243	H	1.00000	0	0.00000	0
244	D	1.00000	0	0.00000	0
245	S	1.00000	0	0.00000	0
246	M	1.00000	0	0.00000	0
247	G	1.00000	0	0.00000	0
248	S	1.00000	0	0.00000	0
249	S	1.00000	0	0.00000	0
250	S	1.00000	0	0.00000	0
251	N	1.00000	0	0.00000	0
252	V	1.00000	0	0.00000	0
253	D	1.00000	0	0.00000	0
254	S	1.00000	0	0.00000	0
255	E	1.00000	0	0.00000	0
256	S	1.00000	0	0.00000	0
257	S	1.00000	0	0.00000	0
258	F	1.00000	0	0.00000	0
259	K	1.00000	0	0.00000	0
260	L	1.00000	0	0.00000	0
261	S	1.00000	0	0.00000	0
262	F	1.00000	0	0.00000	0
263	K	1.00000	0	0.00000	0
264	R	1.00000	0	0.00000	0
265	E	1.00000	0	0.00000	0
266	T	0.93385	0	0.06615	0
267	K	0.93224	0	0.06776	0
268	V	0.26346	0	0.73654	0
269	L	0.22891	0	0.77109	0
270	K	0.22857	0	0.77143	0
271	T	0.19635	0	0.80365	0
272	L	0.00445	0	0.99555	0
273	S	0.00098	0	0.99902	0
274	V	0.00051	0	0.99949	0
275	I	0.00003	0	0.99997	0
276	M	0.00000	0	1.00000	0
277	G	0.00000	0	1.00000	0
278	V	0.00000	0	1.00000	0
279	F	0.00000	0	1.00000	0
280	V	0.00000	0	1.00000	0
281	C	0.00000	0	1.00000	0
282	C	0.00000	0	1.00000	0
283	W	0.00000	0	1.00000	0
284	L	0.00000	0	1.00000	0
285	P	0.00000	0	1.00000	0
286	F	0.00000	0	1.00000	0
287	F	0.00000	1e-05	0.99999	0
288	I	0.00000	0.00252	0.99748	0
289	L	0.00000	0.0312	0.96880	0
290	N	0.00000	0.3008	0.69920	0
291	C	0.00000	0.41396	0.58604	0
292	M	0.00000	0.42766	0.57234	0
293	V	0.00000	0.49949	0.50051	0
294	P	0.00000	0.68328	0.31672	0
295	F	0.00000	0.72923	0.27077	0
296	C	0.00000	0.88321	0.11679	0
297	K	0.00000	0.99876	0.00124	0
298	R	0.00000	0.99925	0.00075	0
299	T	0.00000	0.99902	0.00098	0
300	S	0.00000	0.99902	0.00098	0
301	V	0.00000	0.99901	0.00099	0
302	G	0.00000	0.99905	0.00095	0
303	L	0.00000	0.99905	0.00095	0
304	P	0.00000	0.99905	0.00095	0
305	C	0.00000	0.99905	0.00095	0
306	I	0.00000	0.99904	0.00096	0
307	S	0.00000	0.99903	0.00097	0
308	P	0.00000	0.999	0.00100	0
309	T	0.00000	0.99803	0.00197	0
310	T	0.00000	0.99636	0.00364	0
311	F	0.00000	0.99201	0.00799	0
312	D	0.00000	0.90091	0.09909	0
313	V	0.00000	0.09129	0.90871	0
314	F	0.00000	0.08382	0.91618	0
315	V	0.00000	0.00389	0.99611	0
316	W	0.00002	0.00012	0.99987	0
317	F	0.00005	0	0.99995	0
318	G	0.00042	0	0.99958	0
319	W	0.00072	0	0.99928	0
320	A	0.00084	0	0.99916	0
321	N	0.00095	0	0.99905	0
322	S	0.00095	0	0.99905	0
323	S	0.00095	0	0.99905	0
324	L	0.00095	0	0.99905	0
325	N	0.00095	0	0.99905	0
326	P	0.00095	0	0.99905	0
327	I	0.00095	0	0.99905	0
328	I	0.00095	0	0.99905	0
329	Y	0.00096	0	0.99904	0
330	A	0.00099	0	0.99901	0
331	F	0.00198	0	0.99802	0
332	N	0.11581	0	0.88419	0
333	A	0.42713	0	0.57287	0
334	D	0.83131	0	0.16869	0
335	F	0.87710	0	0.12290	0
336	R	1.00000	0	0.00000	0
337	R	1.00000	0	0.00000	0
338	A	1.00000	0	0.00000	0
339	F	1.00000	0	0.00000	0
340	A	1.00000	0	0.00000	0
341	I	1.00000	0	0.00000	0
342	L	1.00000	0	0.00000	0
343	L	1.00000	0	0.00000	0
344	G	1.00000	0	0.00000	0
345	C	1.00000	0	0.00000	0
346	Q	1.00000	0	0.00000	0
347	R	1.00000	0	0.00000	0
348	L	1.00000	0	0.00000	0
349	C	1.00000	0	0.00000	0
350	P	1.00000	0	0.00000	0
351	G	1.00000	0	0.00000	0
352	S	1.00000	0	0.00000	0
353	N	1.00000	0	0.00000	0
354	S	1.00000	0	0.00000	0
355	M	1.00000	0	0.00000	0
356	E	1.00000	0	0.00000	0
357	T	1.00000	0	0.00000	0
358	P	1.00000	0	0.00000	0
359	S	1.00000	0	0.00000	0
360	L	1.00000	0	0.00000	0
361	N	1.00000	0	0.00000	0
362	K	1.00000	0	0.00000	0
363	N	1.00000	0	0.00000	0
