# UNNAMED
#pos	aa	i	o	M	S
1	M	0.00000	0.99152	0.00000	0.00848
2	T	0.00000	0.99152	0.00000	0.00848
3	A	0.00000	0.99152	0.00000	0.00848
4	V	0.00000	0.99152	0.00000	0.00848
5	L	0.00000	0.99152	0.00000	0.00847
6	I	0.00000	0.99152	0.00000	0.00848
7	Q	0.00000	0.99152	0.00000	0.00848
8	G	0.00000	0.99152	0.00000	0.00848
9	A	0.00000	0.99152	0.00000	0.00848
10	E	0.00000	0.99152	0.00000	0.00848
11	E	0.00000	0.99152	0.00000	0.00848
12	H	0.00000	0.99152	0.00000	0.00848
13	S	0.00000	0.99152	0.00000	0.00848
14	T	0.00000	0.99152	0.00000	0.00848
15	A	0.00000	0.99157	0.00000	0.00842
16	F	0.00000	0.99158	0.00000	0.00842
17	C	0.00000	0.99158	0.00000	0.00842
18	Y	0.00000	0.99996	0.00000	4e-05
19	Q	0.00000	0.99996	0.00000	4e-05
20	V	0.00000	0.99999	0.00000	0
21	N	0.00000	1	0.00000	0
22	G	0.00000	1	0.00000	0
23	S	0.00000	1	0.00000	0
24	C	0.00000	1	0.00000	0
25	P	0.00000	1	0.00000	0
26	R	0.00000	1	0.00000	0
27	T	0.00000	1	0.00000	0
28	I	0.00000	1	0.00000	0
29	H	0.00000	1	0.00000	0
30	P	0.00000	1	0.00000	0
31	L	0.00000	1	0.00000	0
32	D	0.00000	1	0.00000	0
33	I	0.00000	0.99845	0.00155	0
34	R	0.00000	0.98169	0.01831	0
35	L	0.00000	0.41183	0.58817	0
36	A	0.00000	0.04866	0.95134	0
37	I	0.00000	0.00593	0.99407	0
38	Y	0.00000	0.00097	0.99903	0
39	L	0.00000	0.00049	0.99951	0
40	A	0.00000	0.0004	0.99960	0
41	C	0.00000	0.00037	0.99963	0
42	A	0.00000	0.00028	0.99972	0
43	S	0.00000	0.00021	0.99979	0
44	G	0.00000	9e-05	0.99991	0
45	M	0.00000	4e-05	0.99996	0
46	L	0.00000	0	1.00000	0
47	I	0.00000	0	1.00000	0
48	T	0.00000	0	1.00000	0
49	V	0.00000	0	1.00000	0
50	L	0.00000	0	1.00000	0
51	G	0.00000	0	1.00000	0
52	N	0.00000	0	1.00000	0
53	L	0.00000	0	1.00000	0
54	F	0.00000	0	1.00000	0
55	V	0.00000	0	1.00000	0
56	V	0.00004	0	0.99996	0
57	F	0.00176	0	0.99824	0
58	A	0.11772	0	0.88228	0
59	V	0.35907	0	0.64093	0
60	S	0.82180	0	0.17820	0
61	Y	0.87053	0	0.12947	0
62	F	0.92343	0	0.07657	0
63	K	0.99872	0	0.00128	0
64	V	0.99940	0	0.00060	0
65	L	0.99967	0	0.00033	0
66	H	1.00000	0	0.00000	0
67	S	1.00000	0	0.00000	0
68	P	1.00000	0	0.00000	0
69	T	0.92658	0	0.07342	0
70	N	0.11268	0	0.88732	0
71	F	0.01088	0	0.98912	0
72	L	0.00012	0	0.99988	0
73	L	0.00001	0	0.99999	0
74	L	0.00000	0	1.00000	0
75	S	0.00000	0	1.00000	0
76	L	0.00000	0	1.00000	0
77	A	0.00000	0	1.00000	0
78	L	0.00000	0	1.00000	0
79	A	0.00000	0	1.00000	0
80	D	0.00000	0	1.00000	0
81	M	0.00000	0	1.00000	0
82	F	0.00000	0	1.00000	0
83	L	0.00000	0	1.00000	0
84	G	0.00000	0	1.00000	0
85	L	0.00000	0	1.00000	0
86	L	0.00000	0	1.00000	0
87	V	0.00000	1e-05	0.99999	0
88	M	0.00000	0.00039	0.99961	0
89	P	0.00000	0.02306	0.97694	0
90	L	0.00000	0.08593	0.91407	0
91	S	0.00000	0.62147	0.37853	0
92	T	0.00000	0.83327	0.16673	0
93	V	0.00000	0.90193	0.09807	0
94	R	0.00000	0.99997	0.00003	0
95	S	0.00000	0.99998	0.00002	0
96	V	0.00000	0.99999	0.00001	0
97	E	0.00000	1	0.00000	0
98	S	0.00000	1	0.00000	0
99	C	0.00000	1	0.00000	0
100	W	0.00000	1	0.00000	0
101	Y	0.00000	1	0.00000	0
102	F	0.00000	1	0.00000	0
103	G	0.00000	1	0.00000	0
104	D	0.00000	1	0.00000	0
105	F	0.00000	0.99996	0.00004	0
106	L	0.00000	0.99972	0.00028	0
107	C	0.00000	0.99965	0.00035	0
108	R	0.00000	0.99373	0.00627	0
109	L	0.00000	0.98608	0.01392	0
110	H	0.00000	0.31325	0.68675	0
111	T	0.00000	0.17984	0.82016	0
112	Y	0.00000	0.04651	0.95349	0
113	L	0.00000	0.00014	0.99986	0
114	D	0.00000	3e-05	0.99997	0
115	T	0.00000	0	1.00000	0
116	L	0.00000	0	1.00000	0
117	F	0.00000	0	1.00000	0
118	C	0.00000	0	1.00000	0
119	L	0.00000	0	1.00000	0
120	T	0.00000	0	1.00000	0
121	S	0.00000	0	1.00000	0
122	I	0.00000	0	1.00000	0
123	F	0.00000	0	1.00000	0
124	H	0.00000	0	1.00000	0
125	L	0.00000	0	1.00000	0
126	C	0.00000	0	1.00000	0
127	F	0.00000	0	1.00000	0
128	I	0.00000	0	1.00000	0
129	S	0.00000	0	1.00000	0
130	I	0.00001	0	0.99999	0
131	D	0.00012	0	0.99988	0
132	R	0.16641	0	0.83359	0
133	H	0.95188	0	0.04812	0
134	C	0.99642	0	0.00358	0
135	A	0.99962	0	0.00038	0
136	I	1.00000	0	0.00000	0
137	C	1.00000	0	0.00000	0
138	E	1.00000	0	0.00000	0
139	P	1.00000	0	0.00000	0
140	L	1.00000	0	0.00000	0
141	I	1.00000	0	0.00000	0
142	Y	1.00000	0	0.00000	0
143	P	1.00000	0	0.00000	0
144	S	1.00000	0	0.00000	0
145	K	1.00000	0	0.00000	0
146	F	0.99999	0	0.00001	0
147	T	0.99998	0	0.00002	0
148	V	0.99983	0	0.00017	0
149	R	0.99444	0	0.00556	0
150	V	0.11366	0	0.88634	0
151	A	0.04521	0	0.95479	0
152	F	0.00146	0	0.99854	0
153	R	0.00069	0	0.99931	0
154	Y	0.00001	0	0.99999	0
155	I	0.00000	0	1.00000	0
156	L	0.00000	0	1.00000	0
157	A	0.00000	0	1.00000	0
158	G	0.00000	0	1.00000	0
159	W	0.00000	0	1.00000	0
160	G	0.00000	0	1.00000	0
161	I	0.00000	0	1.00000	0
162	P	0.00000	0	1.00000	0
163	A	0.00000	0	1.00000	0
164	V	0.00000	0	1.00000	0
165	Y	0.00000	0	1.00000	0
166	T	0.00000	0	1.00000	0
167	A	0.00000	0	1.00000	0
168	F	0.00000	1e-05	0.99999	0
169	F	0.00000	0.00147	0.99853	0
170	L	0.00000	0.09629	0.90371	0
171	Y	0.00000	0.43512	0.56488	0
172	T	0.00000	0.88951	0.11049	0
173	D	0.00000	0.99949	0.00051	0
174	V	0.00000	0.99961	0.00039	0
175	V	0.00000	0.99977	0.00023	0
176	E	0.00000	1	0.00000	0
177	N	0.00000	1	0.00000	0
178	A	0.00000	1	0.00000	0
179	L	0.00000	1	0.00000	0
180	S	0.00000	1	0.00000	0
181	Q	0.00000	1	0.00000	0
182	W	0.00000	1	0.00000	0
183	L	0.00000	1	0.00000	0
184	E	0.00000	1	0.00000	0
185	E	0.00000	1	0.00000	0
186	M	0.00000	1	0.00000	0
187	P	0.00000	1	0.00000	0
188	C	0.00000	1	0.00000	0
189	V	0.00000	1	0.00000	0
190	G	0.00000	1	0.00000	0
191	S	0.00000	1	0.00000	0
192	C	0.00000	0.99999	0.00001	0
193	Q	0.00000	0.98912	0.01088	0
194	L	0.00000	0.98888	0.01112	0
195	L	0.00000	0.98845	0.01155	0
196	F	0.00000	0.98723	0.01277	0
197	N	0.00000	0.9872	0.01280	0
198	K	0.00000	0.98713	0.01287	0
199	F	0.00000	0.44203	0.55797	0
200	W	0.00000	0.43463	0.56537	0
201	G	0.00000	0.12029	0.87971	0
202	W	0.00000	0.01162	0.98838	0
203	L	0.00000	0.0034	0.99660	0
204	N	0.00000	0.00271	0.99729	0
205	F	0.00000	0.00153	0.99847	0
206	P	0.00000	3e-05	0.99997	0
207	M	0.00000	0	1.00000	0
208	F	0.00000	0	1.00000	0
209	F	0.00000	0	1.00000	0
210	F	0.00000	0	1.00000	0
211	P	0.00000	0	1.00000	0
212	C	0.00000	0	1.00000	0
213	L	0.00000	0	1.00000	0
214	I	0.00000	0	1.00000	0
215	M	0.00000	0	1.00000	0
216	I	0.00001	0	0.99999	0
217	S	0.00146	0	0.99854	0
218	L	0.00181	0	0.99819	0
219	Y	0.00281	0	0.99719	0
220	V	0.00584	0	0.99416	0
221	K	0.01951	0	0.98049	0
222	I	0.02053	0	0.97947	0
223	F	0.04501	0	0.95499	0
224	V	0.28384	0	0.71616	0
225	V	0.46687	0	0.53313	0
226	A	0.96504	0	0.03496	0
227	T	0.99465	0	0.00535	0
228	R	0.99969	0	0.00031	0
229	Q	0.99999	0	0.00001	0
230	A	1.00000	0	0.00000	0
231	Q	1.00000	0	0.00000	0
232	Q	1.00000	0	0.00000	0
233	I	1.00000	0	0.00000	0
234	N	1.00000	0	0.00000	0
235	T	1.00000	0	0.00000	0
236	L	1.00000	0	0.00000	0
237	S	1.00000	0	0.00000	0
238	K	1.00000	0	0.00000	0
239	N	1.00000	0	0.00000	0
240	L	1.00000	0	0.00000	0
241	D	1.00000	0	0.00000	0
242	G	1.00000	0	0.00000	0
243	A	1.00000	0	0.00000	0
244	T	1.00000	0	0.00000	0
245	K	1.00000	0	0.00000	0
246	R	1.00000	0	0.00000	0
247	E	1.00000	0	0.00000	0
248	R	0.93285	0	0.06715	0
249	K	0.92961	0	0.07039	0
250	A	0.13321	0	0.86679	0
251	A	0.13214	0	0.86786	0
252	K	0.12691	0	0.87309	0
253	T	0.10224	0	0.89776	0
254	L	0.02518	0	0.97482	0
255	G	0.02508	0	0.97492	0
256	I	0.00030	0	0.99970	0
257	A	0.00029	0	0.99971	0
258	V	0.00028	0	0.99972	0
259	G	0.00003	0	0.99997	0
260	I	0.00000	0	1.00000	0
261	Y	0.00000	0	1.00000	0
262	L	0.00000	0	1.00000	0
263	L	0.00000	0	1.00000	0
264	C	0.00000	0	1.00000	0
265	W	0.00000	0	1.00000	0
266	L	0.00000	0	1.00000	0
267	P	0.00000	1e-05	0.99999	0
268	F	0.00000	4e-05	0.99996	0
269	T	0.00000	0.00135	0.99865	0
270	I	0.00000	0.0484	0.95160	0
271	D	0.00000	0.74082	0.25918	0
272	T	0.00000	0.74464	0.25536	0
273	L	0.00000	0.75201	0.24799	0
274	V	0.00000	0.79036	0.20964	0
275	D	0.00000	0.91655	0.08345	0
276	S	0.00000	0.91696	0.08304	0
277	L	0.00000	0.91742	0.08258	0
278	L	0.00000	0.92059	0.07941	0
279	N	0.00000	0.93327	0.06673	0
280	F	0.00000	0.93464	0.06536	0
281	I	0.00000	0.94855	0.05145	0
282	T	0.00000	0.98697	0.01303	0
283	P	0.00000	0.99703	0.00297	0
284	P	0.00000	0.99716	0.00284	0
285	L	0.00000	0.98158	0.01842	0
286	I	0.00000	0.97729	0.02271	0
287	F	0.00000	0.97614	0.02386	0
288	D	0.00000	0.94502	0.05498	0
289	I	0.00000	0.4021	0.59790	0
290	I	0.00000	0.01825	0.98175	0
291	I	0.00000	0.0001	0.99990	0
292	W	0.00000	0	1.00000	0
293	L	0.00000	0	1.00000	0
294	E	0.00002	0	0.99998	0
295	Y	0.00002	0	0.99998	0
296	F	0.00002	0	0.99998	0
297	N	0.00002	0	0.99998	0
298	S	0.00002	0	0.99998	0
299	A	0.00002	0	0.99998	0
300	C	0.00007	0	0.99993	0
301	N	0.00008	0	0.99992	0
302	P	0.00008	0	0.99992	0
303	I	0.00008	0	0.99992	0
304	I	0.00010	0	0.99990	0
305	Y	0.00040	0	0.99960	0
306	V	0.00153	0	0.99847	0
307	F	0.00549	0	0.99451	0
308	S	0.07271	0	0.92729	0
309	Y	0.16067	0	0.83933	0
310	R	1.00000	0	0.00000	0
311	W	1.00000	0	0.00000	0
312	F	1.00000	0	0.00000	0
313	R	1.00000	0	0.00000	0
314	K	1.00000	0	0.00000	0
315	A	1.00000	0	0.00000	0
316	L	1.00000	0	0.00000	0
317	K	1.00000	0	0.00000	0
318	L	1.00000	0	0.00000	0
319	C	1.00000	0	0.00000	0
320	L	1.00000	0	0.00000	0
321	S	1.00000	0	0.00000	0
322	G	1.00000	0	0.00000	0
323	E	1.00000	0	0.00000	0
324	I	1.00000	0	0.00000	0
325	F	1.00000	0	0.00000	0
326	S	1.00000	0	0.00000	0
327	S	1.00000	0	0.00000	0
328	R	1.00000	0	0.00000	0
329	T	1.00000	0	0.00000	0
330	R	1.00000	0	0.00000	0
331	T	1.00000	0	0.00000	0
332	I	1.00000	0	0.00000	0
333	D	1.00000	0	0.00000	0
334	L	1.00000	0	0.00000	0
335	Y	1.00000	0	0.00000	0
336	Q	1.00000	0	0.00000	0
337	E	1.00000	0	0.00000	0
