# UNNAMED
#pos	aa	i	o	M	S
1	M	0.00000	0.98605	0.00000	0.01395
2	A	0.00000	0.98605	0.00000	0.01395
3	P	0.00000	0.98605	0.00000	0.01396
4	W	0.00000	0.98605	0.00000	0.01395
5	P	0.00000	0.98605	0.00000	0.01395
6	Q	0.00000	0.98605	0.00000	0.01395
7	I	0.00000	0.98605	0.00000	0.01395
8	N	0.00000	0.98605	0.00000	0.01395
9	A	0.00000	0.98605	0.00000	0.01395
10	T	0.00000	0.98605	0.00000	0.01395
11	S	0.00000	0.98605	0.00000	0.01395
12	W	0.00000	0.98605	0.00000	0.01395
13	E	0.00000	0.98605	0.00000	0.01396
14	D	0.00000	0.98616	0.00000	0.01384
15	A	0.00000	0.98616	0.00000	0.01384
16	A	0.00000	0.98616	0.00000	0.01384
17	A	0.00000	0.98616	0.00000	0.01384
18	N	0.00000	0.99997	0.00000	3e-05
19	C	0.00000	0.99997	0.00000	3e-05
20	T	0.00000	0.99997	0.00000	3e-05
21	G	0.00000	0.99997	0.00000	3e-05
22	A	0.00000	0.99999	0.00000	1e-05
23	A	0.00000	1	0.00000	0
24	S	0.00000	1	0.00000	0
25	L	0.00000	0.99968	0.00032	0
26	S	0.00000	0.99938	0.00062	0
27	R	0.00000	0.9955	0.00450	0
28	Q	0.00000	0.89697	0.10303	0
29	W	0.00000	0.264	0.73600	0
30	A	0.00000	0.11689	0.88311	0
31	I	0.00000	0.01916	0.98084	0
32	G	0.00000	0.01336	0.98664	0
33	A	0.00000	0.00737	0.99263	0
34	A	0.00000	0.00215	0.99785	0
35	L	0.00000	0.00022	0.99978	0
36	S	0.00000	5e-05	0.99995	0
37	L	0.00000	0	1.00000	0
38	T	0.00000	0	1.00000	0
39	V	0.00000	0	1.00000	0
40	L	0.00000	0	1.00000	0
41	V	0.00000	0	1.00000	0
42	T	0.00000	0	1.00000	0
43	A	0.00000	0	1.00000	0
44	A	0.00000	0	1.00000	0
45	G	0.00000	0	1.00000	0
46	N	0.00000	0	1.00000	0
47	L	0.00000	0	1.00000	0
48	L	0.00000	0	1.00000	0
49	V	0.00000	0	1.00000	0
50	I	0.00003	0	0.99997	0
51	L	0.00216	0	0.99784	0
52	A	0.05096	0	0.94904	0
53	I	0.12582	0	0.87418	0
54	A	0.63599	0	0.36401	0
55	K	0.99651	0	0.00349	0
56	T	0.99975	0	0.00025	0
57	P	1.00000	0	0.00000	0
58	R	1.00000	0	0.00000	0
59	L	0.99984	0	0.00016	0
60	Q	0.99897	0	0.00103	0
61	T	0.98935	0	0.01065	0
62	M	0.71257	0	0.28743	0
63	T	0.56927	0	0.43073	0
64	N	0.12660	0	0.87340	0
65	V	0.05430	0	0.94570	0
66	F	0.00038	0	0.99962	0
67	V	0.00002	0	0.99998	0
68	T	0.00000	0	1.00000	0
69	S	0.00000	0	1.00000	0
70	L	0.00000	0	1.00000	0
71	A	0.00000	0	1.00000	0
72	S	0.00000	0	1.00000	0
73	A	0.00000	0	1.00000	0
74	D	0.00000	0	1.00000	0
75	L	0.00000	0	1.00000	0
76	I	0.00000	0	1.00000	0
77	M	0.00000	0	1.00000	0
78	G	0.00000	0	1.00000	0
79	L	0.00000	0	1.00000	0
80	L	0.00000	4e-05	0.99996	0
81	V	0.00000	0.00143	0.99857	0
82	V	0.00000	0.01091	0.98909	0
83	P	0.00000	0.05255	0.94745	0
84	P	0.00000	0.11286	0.88714	0
85	G	0.00000	0.33767	0.66233	0
86	A	0.00000	0.65113	0.34887	0
87	T	0.00000	0.92733	0.07267	0
88	I	0.00000	0.99982	0.00018	0
89	V	0.00000	1	0.00000	0
90	L	0.00000	1	0.00000	0
91	S	0.00000	1	0.00000	0
92	G	0.00000	1	0.00000	0
93	R	0.00000	1	0.00000	0
94	W	0.00000	1	0.00000	0
95	P	0.00000	1	0.00000	0
96	Y	0.00000	1	0.00000	0
97	G	0.00000	1	0.00000	0
98	T	0.00000	1	0.00000	0
99	L	0.00000	1	0.00000	0
100	V	0.00000	1	0.00000	0
101	C	0.00000	1	0.00000	0
102	E	0.00000	1	0.00000	0
103	L	0.00000	0.99949	0.00051	0
104	W	0.00000	0.94358	0.05642	0
105	T	0.00000	0.63085	0.36915	0
106	S	0.00000	0.10385	0.89615	0
107	L	0.00000	0.03337	0.96663	0
108	D	0.00000	0.00977	0.99023	0
109	V	0.00000	0.00024	0.99976	0
110	L	0.00000	0	1.00000	0
111	C	0.00000	0	1.00000	0
112	V	0.00000	0	1.00000	0
113	T	0.00000	0	1.00000	0
114	A	0.00000	0	1.00000	0
115	S	0.00000	0	1.00000	0
116	I	0.00000	0	1.00000	0
117	E	0.00000	0	1.00000	0
118	T	0.00000	0	1.00000	0
119	L	0.00000	0	1.00000	0
120	C	0.00000	0	1.00000	0
121	A	0.00000	0	1.00000	0
122	I	0.00000	0	1.00000	0
123	A	0.00000	0	1.00000	0
124	V	0.00000	0	1.00000	0
125	D	0.00000	0	1.00000	0
126	R	0.01640	0	0.98360	0
127	Y	0.21819	0	0.78181	0
128	L	0.71518	0	0.28482	0
129	A	0.92061	0	0.07939	0
130	I	0.99997	0	0.00003	0
131	T	1.00000	0	0.00000	0
132	S	1.00000	0	0.00000	0
133	P	1.00000	0	0.00000	0
134	L	1.00000	0	0.00000	0
135	Q	1.00000	0	0.00000	0
136	Y	1.00000	0	0.00000	0
137	Q	1.00000	0	0.00000	0
138	M	1.00000	0	0.00000	0
139	L	1.00000	0	0.00000	0
140	V	1.00000	0	0.00000	0
141	T	1.00000	0	0.00000	0
142	K	0.99998	0	0.00002	0
143	G	0.99864	0	0.00136	0
144	R	0.99447	0	0.00553	0
145	A	0.76422	0	0.23578	0
146	R	0.66327	0	0.33673	0
147	A	0.11969	0	0.88031	0
148	V	0.00814	0	0.99186	0
149	V	0.00006	0	0.99994	0
150	C	0.00000	0	1.00000	0
151	L	0.00000	0	1.00000	0
152	V	0.00000	0	1.00000	0
153	W	0.00000	0	1.00000	0
154	A	0.00000	0	1.00000	0
155	I	0.00000	0	1.00000	0
156	S	0.00000	0	1.00000	0
157	A	0.00000	0	1.00000	0
158	F	0.00000	0	1.00000	0
159	I	0.00000	0	1.00000	0
160	S	0.00000	0	1.00000	0
161	F	0.00000	0	1.00000	0
162	L	0.00000	0	1.00000	0
163	P	0.00000	0.0001	0.99990	0
164	I	0.00000	0.00038	0.99962	0
165	M	0.00000	0.01048	0.98952	0
166	N	0.00000	0.34021	0.65979	0
167	H	0.00000	0.47662	0.52338	0
168	W	0.00000	0.57343	0.42657	0
169	W	0.00000	0.81812	0.18188	0
170	R	0.00000	0.99793	0.00207	0
171	D	0.00000	1	0.00000	0
172	G	0.00000	1	0.00000	0
173	A	0.00000	1	0.00000	0
174	D	0.00000	1	0.00000	0
175	E	0.00000	1	0.00000	0
176	D	0.00000	1	0.00000	0
177	A	0.00000	1	0.00000	0
178	L	0.00000	1	0.00000	0
179	N	0.00000	1	0.00000	0
180	C	0.00000	1	0.00000	0
181	Y	0.00000	1	0.00000	0
182	Q	0.00000	1	0.00000	0
183	N	0.00000	1	0.00000	0
184	P	0.00000	1	0.00000	0
185	S	0.00000	1	0.00000	0
186	C	0.00000	1	0.00000	0
187	C	0.00000	1	0.00000	0
188	D	0.00000	0.99998	0.00002	0
189	F	0.00000	0.85533	0.14467	0
190	V	0.00000	0.8476	0.15240	0
191	T	0.00000	0.84213	0.15787	0
192	N	0.00000	0.83643	0.16357	0
193	M	0.00000	0.65454	0.34546	0
194	P	0.00000	0.49503	0.50497	0
195	Y	0.00000	0.04022	0.95978	0
196	A	0.00000	0.02469	0.97531	0
197	I	0.00000	0.01967	0.98033	0
198	V	0.00000	0.00146	0.99854	0
199	S	0.00000	0.00131	0.99869	0
200	S	0.00000	0.00037	0.99963	0
201	I	0.00000	7e-05	0.99993	0
202	I	0.00000	0	1.00000	0
203	S	0.00000	0	1.00000	0
204	F	0.00000	0	1.00000	0
205	Y	0.00000	0	1.00000	0
206	V	0.00000	0	1.00000	0
207	P	0.00000	0	1.00000	0
208	L	0.00000	0	1.00000	0
209	L	0.00000	0	1.00000	0
210	V	0.00000	0	1.00000	0
211	M	0.00000	0	1.00000	0
212	I	0.00001	0	0.99999	0
213	F	0.00088	0	0.99912	0
214	V	0.00921	0	0.99079	0
215	Y	0.03739	0	0.96261	0
216	A	0.16770	0	0.83230	0
217	R	0.33304	0	0.66696	0
218	V	0.34404	0	0.65596	0
219	F	0.40596	0	0.59404	0
220	A	0.82383	0	0.17617	0
221	V	0.87816	0	0.12184	0
222	A	0.99898	0	0.00102	0
223	T	0.99982	0	0.00018	0
224	R	0.99999	0	0.00001	0
225	Q	1.00000	0	0.00000	0
226	I	1.00000	0	0.00000	0
227	R	1.00000	0	0.00000	0
228	L	1.00000	0	0.00000	0
229	V	1.00000	0	0.00000	0
230	E	1.00000	0	0.00000	0
231	R	1.00000	0	0.00000	0
232	D	1.00000	0	0.00000	0
233	K	1.00000	0	0.00000	0
234	V	1.00000	0	0.00000	0
235	R	1.00000	0	0.00000	0
236	F	1.00000	0	0.00000	0
237	L	1.00000	0	0.00000	0
238	Q	1.00000	0	0.00000	0
239	E	1.00000	0	0.00000	0
240	P	1.00000	0	0.00000	0
241	P	1.00000	0	0.00000	0
242	S	1.00000	0	0.00000	0
243	P	1.00000	0	0.00000	0
244	S	1.00000	0	0.00000	0
245	S	1.00000	0	0.00000	0
246	K	1.00000	0	0.00000	0
247	G	1.00000	0	0.00000	0
248	P	1.00000	0	0.00000	0
249	R	1.00000	0	0.00000	0
250	G	1.00000	0	0.00000	0
251	T	1.00000	0	0.00000	0
252	R	1.00000	0	0.00000	0
253	W	1.00000	0	0.00000	0
254	R	1.00000	0	0.00000	0
255	R	1.00000	0	0.00000	0
256	P	1.00000	0	0.00000	0
257	S	1.00000	0	0.00000	0
258	R	1.00000	0	0.00000	0
259	L	1.00000	0	0.00000	0
260	L	1.00000	0	0.00000	0
261	V	1.00000	0	0.00000	0
262	I	1.00000	0	0.00000	0
263	K	1.00000	0	0.00000	0
264	E	1.00000	0	0.00000	0
265	H	0.99958	0	0.00042	0
266	K	0.99798	0	0.00202	0
267	A	0.15247	0	0.84753	0
268	L	0.14965	0	0.85035	0
269	K	0.14907	0	0.85093	0
270	T	0.11548	0	0.88452	0
271	L	0.00191	0	0.99809	0
272	G	0.00028	0	0.99972	0
273	I	0.00013	0	0.99987	0
274	I	0.00000	0	1.00000	0
275	M	0.00000	0	1.00000	0
276	G	0.00000	0	1.00000	0
277	T	0.00000	0	1.00000	0
278	F	0.00000	0	1.00000	0
279	T	0.00000	0	1.00000	0
280	L	0.00000	0	1.00000	0
281	C	0.00000	0	1.00000	0
282	W	0.00000	0	1.00000	0
283	L	0.00000	0	1.00000	0
284	P	0.00000	0	1.00000	0
285	F	0.00000	0	1.00000	0
286	F	0.00000	0	1.00000	0
287	V	0.00000	0.00181	0.99819	0
288	A	0.00000	0.02392	0.97608	0
289	N	0.00000	0.15391	0.84609	0
290	I	0.00000	0.20971	0.79029	0
291	V	0.00000	0.41918	0.58082	0
292	K	0.00000	0.90913	0.09087	0
293	V	0.00000	0.91574	0.08426	0
294	F	0.00000	0.92618	0.07382	0
295	Y	0.00000	0.96268	0.03732	0
296	R	0.00000	0.99667	0.00333	0
297	S	0.00000	0.99797	0.00203	0
298	L	0.00000	0.99774	0.00226	0
299	I	0.00000	0.99769	0.00231	0
300	P	0.00000	0.99792	0.00208	0
301	G	0.00000	0.98741	0.01259	0
302	Q	0.00000	0.83786	0.16214	0
303	V	0.00000	0.24064	0.75936	0
304	F	0.00000	0.19597	0.80403	0
305	L	0.00000	0.0012	0.99880	0
306	F	0.00000	0	1.00000	0
307	L	0.00000	0	1.00000	0
308	N	0.00000	0	1.00000	0
309	W	0.00000	0	1.00000	0
310	L	0.00000	0	1.00000	0
311	G	0.00000	0	1.00000	0
312	Y	0.00001	0	0.99999	0
313	V	0.00002	0	0.99998	0
314	N	0.00034	0	0.99966	0
315	S	0.00035	0	0.99965	0
316	A	0.00035	0	0.99965	0
317	F	0.00035	0	0.99965	0
318	N	0.00035	0	0.99965	0
319	P	0.00035	0	0.99965	0
320	I	0.00035	0	0.99965	0
321	I	0.00037	0	0.99963	0
322	Y	0.00157	0	0.99843	0
323	C	0.02680	0	0.97320	0
324	R	1.00000	0	0.00000	0
325	S	1.00000	0	0.00000	0
326	P	1.00000	0	0.00000	0
327	D	1.00000	0	0.00000	0
328	F	1.00000	0	0.00000	0
329	R	1.00000	0	0.00000	0
330	S	1.00000	0	0.00000	0
331	A	1.00000	0	0.00000	0
332	F	1.00000	0	0.00000	0
333	K	1.00000	0	0.00000	0
334	R	1.00000	0	0.00000	0
335	L	1.00000	0	0.00000	0
336	L	1.00000	0	0.00000	0
337	C	1.00000	0	0.00000	0
338	C	1.00000	0	0.00000	0
339	P	1.00000	0	0.00000	0
340	R	1.00000	0	0.00000	0
341	C	1.00000	0	0.00000	0
342	A	1.00000	0	0.00000	0
343	D	1.00000	0	0.00000	0
344	R	1.00000	0	0.00000	0
345	R	1.00000	0	0.00000	0
346	L	1.00000	0	0.00000	0
347	H	1.00000	0	0.00000	0
348	A	1.00000	0	0.00000	0
349	V	1.00000	0	0.00000	0
350	S	1.00000	0	0.00000	0
351	R	1.00000	0	0.00000	0
352	D	1.00000	0	0.00000	0
353	L	1.00000	0	0.00000	0
354	S	1.00000	0	0.00000	0
355	R	1.00000	0	0.00000	0
356	C	1.00000	0	0.00000	0
357	P	1.00000	0	0.00000	0
358	C	1.00000	0	0.00000	0
359	A	1.00000	0	0.00000	0
360	F	1.00000	0	0.00000	0
361	T	1.00000	0	0.00000	0
362	S	1.00000	0	0.00000	0
363	Q	1.00000	0	0.00000	0
364	G	1.00000	0	0.00000	0
365	S	1.00000	0	0.00000	0
366	S	1.00000	0	0.00000	0
367	P	1.00000	0	0.00000	0
368	G	1.00000	0	0.00000	0
369	D	1.00000	0	0.00000	0
370	S	1.00000	0	0.00000	0
371	K	1.00000	0	0.00000	0
372	P	1.00000	0	0.00000	0
373	V	1.00000	0	0.00000	0
374	V	1.00000	0	0.00000	0
375	L	1.00000	0	0.00000	0
376	G	1.00000	0	0.00000	0
377	Q	1.00000	0	0.00000	0
378	P	1.00000	0	0.00000	0
379	P	1.00000	0	0.00000	0
380	G	1.00000	0	0.00000	0
381	Q	1.00000	0	0.00000	0
382	E	1.00000	0	0.00000	0
383	E	1.00000	0	0.00000	0
384	D	1.00000	0	0.00000	0
385	G	1.00000	0	0.00000	0
386	G	1.00000	0	0.00000	0
387	T	1.00000	0	0.00000	0
388	S	1.00000	0	0.00000	0
389	S	1.00000	0	0.00000	0
390	S	1.00000	0	0.00000	0
391	S	1.00000	0	0.00000	0
392	S	1.00000	0	0.00000	0
393	R	1.00000	0	0.00000	0
394	S	1.00000	0	0.00000	0
395	S	1.00000	0	0.00000	0
396	S	1.00000	0	0.00000	0
397	R	1.00000	0	0.00000	0
398	S	1.00000	0	0.00000	0
399	G	1.00000	0	0.00000	0
400	E	1.00000	0	0.00000	0
401	N	1.00000	0	0.00000	0
402	I	1.00000	0	0.00000	0
403	L	1.00000	0	0.00000	0
404	S	1.00000	0	0.00000	0
405	Y	1.00000	0	0.00000	0
406	L	1.00000	0	0.00000	0
407	H	1.00000	0	0.00000	0
408	S	1.00000	0	0.00000	0
409	N	1.00000	0	0.00000	0
410	G	1.00000	0	0.00000	0
411	N	1.00000	0	0.00000	0
412	G	1.00000	0	0.00000	0
413	H	1.00000	0	0.00000	0
414	A	1.00000	0	0.00000	0
415	Q	1.00000	0	0.00000	0
416	R	1.00000	0	0.00000	0
417	P	1.00000	0	0.00000	0
418	L	1.00000	0	0.00000	0
419	W	1.00000	0	0.00000	0
420	E	1.00000	0	0.00000	0
421	M	1.00000	0	0.00000	0
422	Q	1.00000	0	0.00000	0
423	L	1.00000	0	0.00000	0
424	Q	1.00000	0	0.00000	0
425	G	1.00000	0	0.00000	0
426	T	1.00000	0	0.00000	0
427	Q	1.00000	0	0.00000	0
428	T	1.00000	0	0.00000	0
429	T	1.00000	0	0.00000	0
430	L	1.00000	0	0.00000	0
431	C	1.00000	0	0.00000	0
432	L	1.00000	0	0.00000	0
433	Q	1.00000	0	0.00000	0
434	M	1.00000	0	0.00000	0
435	E	1.00000	0	0.00000	0
436	E	1.00000	0	0.00000	0
437	F	1.00000	0	0.00000	0
438	T	1.00000	0	0.00000	0
439	C	1.00000	0	0.00000	0
440	T	1.00000	0	0.00000	0
441	E	1.00000	0	0.00000	0
442	A	1.00000	0	0.00000	0
443	P	1.00000	0	0.00000	0
