# UNNAMED
#pos	aa	i	o	M	S
1	M	0.00000	1	0.00000	0
2	E	0.00000	1	0.00000	0
3	S	0.00000	1	0.00000	0
4	D	0.00000	1	0.00000	0
5	G	0.00000	1	0.00000	0
6	A	0.00000	1	0.00000	0
7	E	0.00000	1	0.00000	0
8	R	0.00000	1	0.00000	0
9	N	0.00000	1	0.00000	0
10	S	0.00000	0.99998	0.00002	0
11	S	0.00000	0.9998	0.00020	0
12	G	0.00000	0.99315	0.00685	0
13	V	0.00000	0.96826	0.03174	0
14	G	0.00000	0.95513	0.04487	0
15	V	0.00000	0.86435	0.13565	0
16	R	0.00000	0.8381	0.16190	0
17	A	0.00000	0.63148	0.36852	0
18	L	0.00000	0.40798	0.59202	0
19	T	0.00000	0.28152	0.71848	0
20	G	0.00000	0.26567	0.73433	0
21	C	0.00000	0.24093	0.75907	0
22	A	0.00000	0.14048	0.85952	0
23	L	0.00000	0.04103	0.95897	0
24	C	0.00000	0.02426	0.97574	0
25	A	0.00000	0.00669	0.99331	0
26	L	0.00000	0.00036	0.99964	0
27	I	0.00000	1e-05	0.99999	0
28	L	0.00000	0	1.00000	0
29	S	0.00000	0	1.00000	0
30	T	0.00000	0	1.00000	0
31	L	0.00000	0	1.00000	0
32	L	0.00000	0	1.00000	0
33	G	0.00000	0	1.00000	0
34	N	0.00000	0	1.00000	0
35	T	0.00000	0	1.00000	0
36	L	0.00000	0	1.00000	0
37	V	0.00000	0	1.00000	0
38	C	0.00002	0	0.99998	0
39	A	0.00047	0	0.99953	0
40	A	0.00661	0	0.99339	0
41	V	0.03344	0	0.96656	0
42	I	0.13129	0	0.86871	0
43	K	0.85605	0	0.14395	0
44	F	0.87473	0	0.12527	0
45	R	0.99382	0	0.00618	0
46	H	0.99808	0	0.00192	0
47	L	0.99923	0	0.00077	0
48	R	1.00000	0	0.00000	0
49	S	0.99999	0	0.00001	0
50	K	0.99964	0	0.00036	0
51	V	0.96136	0	0.03864	0
52	T	0.92666	0	0.07334	0
53	N	0.13468	0	0.86532	0
54	F	0.01576	0	0.98424	0
55	F	0.00016	0	0.99984	0
56	V	0.00002	0	0.99998	0
57	I	0.00000	0	1.00000	0
58	S	0.00000	0	1.00000	0
59	L	0.00000	0	1.00000	0
60	A	0.00000	0	1.00000	0
61	V	0.00000	0	1.00000	0
62	S	0.00000	0	1.00000	0
63	D	0.00000	0	1.00000	0
64	L	0.00000	0	1.00000	0
65	F	0.00000	0	1.00000	0
66	V	0.00000	0	1.00000	0
67	A	0.00000	0	1.00000	0
68	V	0.00000	0	1.00000	0
69	L	0.00000	0	1.00000	0
70	V	0.00000	5e-05	0.99995	0
71	M	0.00000	0.00064	0.99936	0
72	P	0.00000	0.01144	0.98856	0
73	W	0.00000	0.12276	0.87724	0
74	K	0.00000	0.44127	0.55873	0
75	A	0.00000	0.6171	0.38290	0
76	V	0.00000	0.77662	0.22338	0
77	S	0.00000	0.99997	0.00003	0
78	E	0.00000	1	0.00000	0
79	V	0.00000	1	0.00000	0
80	A	0.00000	1	0.00000	0
81	G	0.00000	1	0.00000	0
82	C	0.00000	1	0.00000	0
83	W	0.00000	1	0.00000	0
84	L	0.00000	1	0.00000	0
85	F	0.00000	1	0.00000	0
86	G	0.00000	1	0.00000	0
87	G	0.00000	1	0.00000	0
88	F	0.00000	1	0.00000	0
89	C	0.00000	0.99999	0.00001	0
90	D	0.00000	0.99997	0.00003	0
91	T	0.00000	0.99971	0.00029	0
92	W	0.00000	0.8037	0.19630	0
93	I	0.00000	0.08499	0.91501	0
94	A	0.00000	0.00235	0.99765	0
95	F	0.00000	5e-05	0.99995	0
96	D	0.00000	1e-05	0.99999	0
97	I	0.00000	0	1.00000	0
98	M	0.00000	0	1.00000	0
99	C	0.00000	0	1.00000	0
100	S	0.00000	0	1.00000	0
101	T	0.00000	0	1.00000	0
102	A	0.00000	0	1.00000	0
103	S	0.00000	0	1.00000	0
104	I	0.00000	0	1.00000	0
105	L	0.00000	0	1.00000	0
106	N	0.00000	0	1.00000	0
107	L	0.00000	0	1.00000	0
108	C	0.00000	0	1.00000	0
109	I	0.00000	0	1.00000	0
110	I	0.00000	0	1.00000	0
111	S	0.00000	0	1.00000	0
112	L	0.00000	0	1.00000	0
113	D	0.00010	0	0.99990	0
114	R	0.18639	0	0.81361	0
115	Y	0.51168	0	0.48832	0
116	W	0.83804	0	0.16196	0
117	A	0.98659	0	0.01341	0
118	I	1.00000	0	0.00000	0
119	S	1.00000	0	0.00000	0
120	S	1.00000	0	0.00000	0
121	P	1.00000	0	0.00000	0
122	F	1.00000	0	0.00000	0
123	R	1.00000	0	0.00000	0
124	Y	1.00000	0	0.00000	0
125	E	1.00000	0	0.00000	0
126	R	1.00000	0	0.00000	0
127	K	1.00000	0	0.00000	0
128	M	0.99990	0	0.00010	0
129	T	0.99971	0	0.00029	0
130	Q	0.99872	0	0.00128	0
131	R	0.89476	0	0.10524	0
132	M	0.22773	0	0.77227	0
133	A	0.01015	0	0.98985	0
134	F	0.00038	0	0.99962	0
135	I	0.00001	0	0.99999	0
136	M	0.00000	0	1.00000	0
137	I	0.00000	0	1.00000	0
138	G	0.00000	0	1.00000	0
139	M	0.00000	0	1.00000	0
140	A	0.00000	0	1.00000	0
141	W	0.00000	0	1.00000	0
142	T	0.00000	0	1.00000	0
143	L	0.00000	0	1.00000	0
144	S	0.00000	0	1.00000	0
145	V	0.00000	0	1.00000	0
146	L	0.00000	0	1.00000	0
147	I	0.00000	0	1.00000	0
148	S	0.00000	0	1.00000	0
149	F	0.00000	1e-05	0.99999	0
150	I	0.00000	0.00066	0.99934	0
151	P	0.00000	0.04692	0.95308	0
152	V	0.00000	0.14445	0.85555	0
153	K	0.00000	0.92314	0.07686	0
154	L	0.00000	0.94098	0.05902	0
155	N	0.00000	0.99385	0.00615	0
156	W	0.00000	0.99726	0.00274	0
157	H	0.00000	0.99978	0.00022	0
158	R	0.00000	1	0.00000	0
159	A	0.00000	1	0.00000	0
160	V	0.00000	1	0.00000	0
161	D	0.00000	1	0.00000	0
162	H	0.00000	1	0.00000	0
163	N	0.00000	1	0.00000	0
164	L	0.00000	1	0.00000	0
165	T	0.00000	1	0.00000	0
166	V	0.00000	1	0.00000	0
167	P	0.00000	1	0.00000	0
168	S	0.00000	1	0.00000	0
169	E	0.00000	1	0.00000	0
170	D	0.00000	1	0.00000	0
171	C	0.00000	1	0.00000	0
172	T	0.00000	0.99911	0.00089	0
173	A	0.00000	0.99893	0.00107	0
174	S	0.00000	0.9987	0.00130	0
175	L	0.00000	0.99818	0.00182	0
176	N	0.00000	0.99813	0.00187	0
177	R	0.00000	0.99653	0.00347	0
178	T	0.00000	0.63552	0.36448	0
179	Y	0.00000	0.028	0.97200	0
180	A	0.00000	0.01674	0.98326	0
181	I	0.00000	0.01172	0.98828	0
182	A	0.00000	0.00043	0.99957	0
183	S	0.00000	0.00036	0.99964	0
184	S	0.00000	4e-05	0.99996	0
185	L	0.00000	1e-05	0.99999	0
186	I	0.00000	0	1.00000	0
187	S	0.00000	0	1.00000	0
188	F	0.00000	0	1.00000	0
189	Y	0.00000	0	1.00000	0
190	I	0.00000	0	1.00000	0
191	P	0.00000	0	1.00000	0
192	V	0.00000	0	1.00000	0
193	I	0.00000	0	1.00000	0
194	I	0.00000	0	1.00000	0
195	M	0.00001	0	0.99999	0
196	I	0.00001	0	0.99999	0
197	G	0.00078	0	0.99922	0
198	T	0.00125	0	0.99875	0
199	Y	0.00185	0	0.99815	0
200	T	0.02745	0	0.97255	0
201	R	0.06777	0	0.93223	0
202	I	0.07213	0	0.92787	0
203	Y	0.14377	0	0.85623	0
204	R	0.95790	0	0.04210	0
205	I	0.96443	0	0.03557	0
206	A	0.99975	0	0.00025	0
207	Q	1.00000	0	0.00000	0
208	T	1.00000	0	0.00000	0
209	Q	1.00000	0	0.00000	0
210	I	1.00000	0	0.00000	0
211	R	1.00000	0	0.00000	0
212	R	1.00000	0	0.00000	0
213	I	1.00000	0	0.00000	0
214	S	1.00000	0	0.00000	0
215	I	1.00000	0	0.00000	0
216	L	1.00000	0	0.00000	0
217	E	1.00000	0	0.00000	0
218	R	1.00000	0	0.00000	0
219	A	1.00000	0	0.00000	0
220	A	1.00000	0	0.00000	0
221	G	1.00000	0	0.00000	0
222	H	1.00000	0	0.00000	0
223	A	1.00000	0	0.00000	0
224	Q	1.00000	0	0.00000	0
225	S	1.00000	0	0.00000	0
226	Q	1.00000	0	0.00000	0
227	Q	1.00000	0	0.00000	0
228	D	1.00000	0	0.00000	0
229	C	1.00000	0	0.00000	0
230	A	1.00000	0	0.00000	0
231	S	1.00000	0	0.00000	0
232	E	1.00000	0	0.00000	0
233	Q	1.00000	0	0.00000	0
234	S	1.00000	0	0.00000	0
235	L	1.00000	0	0.00000	0
236	K	1.00000	0	0.00000	0
237	S	1.00000	0	0.00000	0
238	T	1.00000	0	0.00000	0
239	F	1.00000	0	0.00000	0
240	K	1.00000	0	0.00000	0
241	K	1.00000	0	0.00000	0
242	E	1.00000	0	0.00000	0
243	T	0.92560	0	0.07440	0
244	K	0.92386	0	0.07614	0
245	V	0.25405	0	0.74595	0
246	L	0.25249	0	0.74751	0
247	K	0.25210	0	0.74790	0
248	T	0.21672	0	0.78328	0
249	L	0.00475	0	0.99525	0
250	S	0.00086	0	0.99914	0
251	I	0.00034	0	0.99966	0
252	I	0.00000	0	1.00000	0
253	M	0.00000	0	1.00000	0
254	G	0.00000	0	1.00000	0
255	V	0.00000	0	1.00000	0
256	F	0.00000	0	1.00000	0
257	V	0.00000	0	1.00000	0
258	F	0.00000	0	1.00000	0
259	C	0.00000	0	1.00000	0
260	W	0.00000	0	1.00000	0
261	L	0.00000	0	1.00000	0
262	P	0.00000	0	1.00000	0
263	F	0.00000	0	1.00000	0
264	F	0.00000	2e-05	0.99998	0
265	V	0.00000	0.00415	0.99585	0
266	L	0.00000	0.03878	0.96122	0
267	N	0.00000	0.36142	0.63858	0
268	C	0.00000	0.49527	0.50473	0
269	I	0.00000	0.51129	0.48871	0
270	V	0.00000	0.5624	0.43760	0
271	P	0.00000	0.70743	0.29257	0
272	F	0.00000	0.74599	0.25401	0
273	C	0.00000	0.88684	0.11316	0
274	D	0.00000	0.99803	0.00197	0
275	T	0.00000	0.99817	0.00183	0
276	L	0.00000	0.99825	0.00175	0
277	G	0.00000	0.99866	0.00134	0
278	D	0.00000	0.99871	0.00129	0
279	S	0.00000	0.99872	0.00128	0
280	P	0.00000	0.99872	0.00128	0
281	C	0.00000	0.99871	0.00129	0
282	V	0.00000	0.99865	0.00135	0
283	S	0.00000	0.99861	0.00139	0
284	S	0.00000	0.99824	0.00176	0
285	T	0.00000	0.99403	0.00597	0
286	T	0.00000	0.98677	0.01323	0
287	F	0.00000	0.96782	0.03218	0
288	N	0.00000	0.56159	0.43841	0
289	I	0.00000	0.13001	0.86999	0
290	F	0.00000	0.12328	0.87672	0
291	V	0.00001	0.00703	0.99296	0
292	W	0.00005	0.00022	0.99973	0
293	F	0.00014	0	0.99986	0
294	G	0.00078	0	0.99922	0
295	W	0.00116	0	0.99884	0
296	A	0.00124	0	0.99876	0
297	N	0.00128	0	0.99872	0
298	S	0.00128	0	0.99872	0
299	S	0.00128	0	0.99872	0
300	L	0.00128	0	0.99872	0
301	N	0.00128	0	0.99872	0
302	P	0.00128	0	0.99872	0
303	V	0.00128	0	0.99872	0
304	I	0.00129	0	0.99871	0
305	Y	0.00134	0	0.99866	0
306	A	0.00147	0	0.99853	0
307	F	0.00545	0	0.99455	0
308	N	0.19339	0	0.80661	0
309	A	0.46891	0	0.53109	0
310	D	0.73662	0	0.26338	0
311	F	0.76269	0	0.23731	0
312	R	1.00000	0	0.00000	0
313	K	1.00000	0	0.00000	0
314	A	1.00000	0	0.00000	0
315	F	1.00000	0	0.00000	0
316	S	1.00000	0	0.00000	0
317	T	1.00000	0	0.00000	0
318	I	1.00000	0	0.00000	0
319	L	1.00000	0	0.00000	0
320	G	1.00000	0	0.00000	0
321	C	1.00000	0	0.00000	0
322	N	1.00000	0	0.00000	0
323	R	1.00000	0	0.00000	0
324	L	1.00000	0	0.00000	0
325	C	1.00000	0	0.00000	0
326	A	1.00000	0	0.00000	0
327	S	1.00000	0	0.00000	0
328	S	1.00000	0	0.00000	0
329	T	1.00000	0	0.00000	0
330	V	1.00000	0	0.00000	0
331	E	1.00000	0	0.00000	0
332	T	1.00000	0	0.00000	0
333	V	1.00000	0	0.00000	0
334	N	1.00000	0	0.00000	0
335	F	1.00000	0	0.00000	0
336	T	1.00000	0	0.00000	0
337	N	1.00000	0	0.00000	0
338	E	1.00000	0	0.00000	0
339	L	1.00000	0	0.00000	0
340	V	1.00000	0	0.00000	0
341	S	1.00000	0	0.00000	0
342	Y	1.00000	0	0.00000	0
343	H	1.00000	0	0.00000	0
344	H	1.00000	0	0.00000	0
345	D	1.00000	0	0.00000	0
346	T	1.00000	0	0.00000	0
347	T	1.00000	0	0.00000	0
348	L	1.00000	0	0.00000	0
349	M	1.00000	0	0.00000	0
350	H	1.00000	0	0.00000	0
351	K	1.00000	0	0.00000	0
352	D	1.00000	0	0.00000	0
353	A	1.00000	0	0.00000	0
354	Q	1.00000	0	0.00000	0
355	G	1.00000	0	0.00000	0
356	V	1.00000	0	0.00000	0
357	S	1.00000	0	0.00000	0
358	S	1.00000	0	0.00000	0
359	P	1.00000	0	0.00000	0
360	R	1.00000	0	0.00000	0
361	L	1.00000	0	0.00000	0
362	D	1.00000	0	0.00000	0
363	L	1.00000	0	0.00000	0
364	V	1.00000	0	0.00000	0
365	P	1.00000	0	0.00000	0
366	G	1.00000	0	0.00000	0
367	H	1.00000	0	0.00000	0
368	C	1.00000	0	0.00000	0
369	D	1.00000	0	0.00000	0
370	Q	1.00000	0	0.00000	0
371	T	1.00000	0	0.00000	0
372	D	1.00000	0	0.00000	0
373	V	1.00000	0	0.00000	0
374	P	1.00000	0	0.00000	0
375	F	1.00000	0	0.00000	0
376	D	1.00000	0	0.00000	0
377	K	1.00000	0	0.00000	0
378	V	1.00000	0	0.00000	0
379	S	1.00000	0	0.00000	0
380	V	1.00000	0	0.00000	0
381	V	1.00000	0	0.00000	0
382	S	1.00000	0	0.00000	0
383	N	1.00000	0	0.00000	0
384	S	1.00000	0	0.00000	0
385	S	1.00000	0	0.00000	0
386	R	1.00000	0	0.00000	0
387	V	1.00000	0	0.00000	0
388	Q	1.00000	0	0.00000	0
389	R	1.00000	0	0.00000	0
390	S	1.00000	0	0.00000	0
391	A	1.00000	0	0.00000	0
392	L	1.00000	0	0.00000	0
393	L	1.00000	0	0.00000	0
394	P	1.00000	0	0.00000	0
395	Q	1.00000	0	0.00000	0
396	D	1.00000	0	0.00000	0
397	A	1.00000	0	0.00000	0
398	E	1.00000	0	0.00000	0
399	M	1.00000	0	0.00000	0
400	E	1.00000	0	0.00000	0
401	I	1.00000	0	0.00000	0
402	C	1.00000	0	0.00000	0
403	L	1.00000	0	0.00000	0
404	D	1.00000	0	0.00000	0
405	M	1.00000	0	0.00000	0
406	M	1.00000	0	0.00000	0
407	P	1.00000	0	0.00000	0
408	F	1.00000	0	0.00000	0
409	T	1.00000	0	0.00000	0
410	S	1.00000	0	0.00000	0
411	A	1.00000	0	0.00000	0
412	G	1.00000	0	0.00000	0
413	L	1.00000	0	0.00000	0
414	S	1.00000	0	0.00000	0
415	D	1.00000	0	0.00000	0
416	C	1.00000	0	0.00000	0
417	C	1.00000	0	0.00000	0
418	A	1.00000	0	0.00000	0
419	I	1.00000	0	0.00000	0
420	P	1.00000	0	0.00000	0
421	G	1.00000	0	0.00000	0
422	Q	1.00000	0	0.00000	0
423	I	1.00000	0	0.00000	0
424	E	1.00000	0	0.00000	0
425	E	1.00000	0	0.00000	0
426	C	1.00000	0	0.00000	0
