# UNNAMED
#pos	aa	i	o	M	S
1	M	0.00000	1	0.00000	0
2	C	0.00000	1	0.00000	0
3	S	0.00000	1	0.00000	0
4	V	0.00000	1	0.00000	0
5	I	0.00000	1	0.00000	0
6	E	0.00000	1	0.00000	0
7	D	0.00000	1	0.00000	0
8	G	0.00000	1	0.00000	0
9	N	0.00000	1	0.00000	0
10	T	0.00000	1	0.00000	0
11	D	0.00000	1	0.00000	0
12	S	0.00000	1	0.00000	0
13	V	0.00000	1	0.00000	0
14	V	0.00000	0.99999	0.00001	0
15	T	0.00000	0.99999	0.00001	0
16	C	0.00000	0.99999	0.00001	0
17	W	0.00000	0.99993	0.00007	0
18	K	0.00000	0.99868	0.00132	0
19	S	0.00000	0.99002	0.00998	0
20	V	0.00000	0.92231	0.07769	0
21	L	0.00000	0.89154	0.10846	0
22	Y	0.00000	0.8227	0.17730	0
23	N	0.00000	0.80898	0.19102	0
24	V	0.00000	0.39745	0.60255	0
25	L	0.00000	0.17801	0.82199	0
26	I	0.00000	0.07326	0.92674	0
27	G	0.00000	0.05596	0.94404	0
28	A	0.00000	0.03709	0.96291	0
29	V	0.00000	0.01443	0.98557	0
30	L	0.00000	0.00531	0.99469	0
31	V	0.00000	0.0008	0.99920	0
32	L	0.00000	6e-05	0.99994	0
33	I	0.00000	0	1.00000	0
34	I	0.00000	0	1.00000	0
35	I	0.00000	0	1.00000	0
36	I	0.00000	0	1.00000	0
37	T	0.00000	0	1.00000	0
38	I	0.00000	0	1.00000	0
39	C	0.00000	0	1.00000	0
40	G	0.00000	0	1.00000	0
41	N	0.00000	0	1.00000	0
42	V	0.00000	0	1.00000	0
43	V	0.00001	0	0.99999	0
44	V	0.00005	0	0.99995	0
45	C	0.00036	0	0.99964	0
46	L	0.00528	0	0.99472	0
47	A	0.12494	0	0.87506	0
48	V	0.30247	0	0.69753	0
49	G	0.71675	0	0.28325	0
50	L	0.82358	0	0.17642	0
51	D	0.99894	0	0.00106	0
52	R	0.99998	0	0.00002	0
53	K	1.00000	0	0.00000	0
54	L	1.00000	0	0.00000	0
55	R	0.99998	0	0.00002	0
56	S	0.99629	0	0.00371	0
57	M	0.93203	0	0.06797	0
58	T	0.81611	0	0.18389	0
59	N	0.17599	0	0.82401	0
60	C	0.06797	0	0.93203	0
61	F	0.00073	0	0.99927	0
62	I	0.00005	0	0.99995	0
63	V	0.00000	0	1.00000	0
64	S	0.00000	0	1.00000	0
65	L	0.00000	0	1.00000	0
66	A	0.00000	0	1.00000	0
67	I	0.00000	0	1.00000	0
68	T	0.00000	0	1.00000	0
69	D	0.00000	0	1.00000	0
70	L	0.00000	0	1.00000	0
71	L	0.00000	0	1.00000	0
72	L	0.00000	0	1.00000	0
73	G	0.00000	0	1.00000	0
74	I	0.00000	0	1.00000	0
75	L	0.00000	0	1.00000	0
76	V	0.00000	0.0001	0.99990	0
77	L	0.00000	0.00207	0.99793	0
78	P	0.00000	0.03495	0.96505	0
79	F	0.00000	0.10389	0.89611	0
80	S	0.00000	0.39007	0.60993	0
81	A	0.00000	0.50202	0.49798	0
82	L	0.00000	0.60849	0.39151	0
83	N	0.00000	0.99971	0.00029	0
84	L	0.00000	0.99973	0.00027	0
85	L	0.00000	0.99977	0.00023	0
86	H	0.00000	1	0.00000	0
87	E	0.00000	1	0.00000	0
88	E	0.00000	1	0.00000	0
89	W	0.00000	1	0.00000	0
90	P	0.00000	1	0.00000	0
91	F	0.00000	1	0.00000	0
92	G	0.00000	1	0.00000	0
93	A	0.00000	1	0.00000	0
94	T	0.00000	1	0.00000	0
95	F	0.00000	1	0.00000	0
96	C	0.00000	0.99999	0.00001	0
97	N	0.00000	0.99999	0.00001	0
98	I	0.00000	0.99923	0.00077	0
99	Y	0.00000	0.92042	0.07958	0
100	T	0.00000	0.72757	0.27243	0
101	S	0.00000	0.46618	0.53382	0
102	L	0.00000	0.00613	0.99387	0
103	D	0.00000	0.00187	0.99813	0
104	V	0.00000	5e-05	0.99995	0
105	M	0.00000	0	1.00000	0
106	L	0.00000	0	1.00000	0
107	C	0.00000	0	1.00000	0
108	T	0.00000	0	1.00000	0
109	A	0.00000	0	1.00000	0
110	S	0.00000	0	1.00000	0
111	I	0.00000	0	1.00000	0
112	L	0.00000	0	1.00000	0
113	N	0.00000	0	1.00000	0
114	L	0.00000	0	1.00000	0
115	F	0.00000	0	1.00000	0
116	M	0.00000	0	1.00000	0
117	I	0.00000	0	1.00000	0
118	S	0.00000	0	1.00000	0
119	L	0.00000	0	1.00000	0
120	D	0.00002	0	0.99998	0
121	R	0.00344	0	0.99656	0
122	Y	0.09837	0	0.90163	0
123	Y	0.60052	0	0.39948	0
124	G	0.87020	0	0.12980	0
125	V	0.99995	0	0.00005	0
126	T	1.00000	0	0.00000	0
127	A	1.00000	0	0.00000	0
128	P	1.00000	0	0.00000	0
129	L	1.00000	0	0.00000	0
130	R	1.00000	0	0.00000	0
131	Y	1.00000	0	0.00000	0
132	S	1.00000	0	0.00000	0
133	M	1.00000	0	0.00000	0
134	H	1.00000	0	0.00000	0
135	V	0.99972	0	0.00028	0
136	T	0.99959	0	0.00041	0
137	P	0.99841	0	0.00159	0
138	F	0.92291	0	0.07709	0
139	R	0.90255	0	0.09745	0
140	V	0.25307	0	0.74693	0
141	A	0.06959	0	0.93041	0
142	I	0.00690	0	0.99310	0
143	A	0.00236	0	0.99764	0
144	M	0.00008	0	0.99992	0
145	C	0.00000	0	1.00000	0
146	V	0.00000	0	1.00000	0
147	I	0.00000	0	1.00000	0
148	W	0.00000	0	1.00000	0
149	V	0.00000	0	1.00000	0
150	V	0.00000	0	1.00000	0
151	S	0.00000	0	1.00000	0
152	L	0.00000	0	1.00000	0
153	M	0.00000	0	1.00000	0
154	V	0.00000	0	1.00000	0
155	S	0.00000	1e-05	0.99999	0
156	F	0.00000	2e-05	0.99998	0
157	L	0.00000	0.00046	0.99954	0
158	P	0.00000	0.01696	0.98304	0
159	I	0.00000	0.0273	0.97270	0
160	H	0.00000	0.14475	0.85525	0
161	L	0.00000	0.26278	0.73722	0
162	G	0.00000	0.78467	0.21533	0
163	W	0.00000	0.88441	0.11559	0
164	N	0.00000	0.99432	0.00568	0
165	T	0.00000	0.99992	0.00008	0
166	K	0.00000	1	0.00000	0
167	D	0.00000	1	0.00000	0
168	K	0.00000	1	0.00000	0
169	S	0.00000	1	0.00000	0
170	I	0.00000	1	0.00000	0
171	Q	0.00000	1	0.00000	0
172	N	0.00000	1	0.00000	0
173	Y	0.00000	1	0.00000	0
174	R	0.00000	1	0.00000	0
175	D	0.00000	1	0.00000	0
176	S	0.00000	1	0.00000	0
177	N	0.00000	1	0.00000	0
178	D	0.00000	1	0.00000	0
179	K	0.00000	1	0.00000	0
180	E	0.00000	1	0.00000	0
181	C	0.00000	1	0.00000	0
182	K	0.00000	1	0.00000	0
183	L	0.00000	1	0.00000	0
184	E	0.00000	1	0.00000	0
185	L	0.00000	0.99999	0.00001	0
186	N	0.00000	0.99999	0.00001	0
187	K	0.00000	0.99997	0.00003	0
188	E	0.00000	0.20223	0.79777	0
189	Y	0.00000	0.00352	0.99648	0
190	V	0.00000	0.00194	0.99806	0
191	L	0.00000	0.00156	0.99844	0
192	V	0.00000	0.00137	0.99863	0
193	D	0.00000	0.00137	0.99863	0
194	G	0.00000	0.00012	0.99988	0
195	L	0.00000	6e-05	0.99994	0
196	L	0.00000	0	1.00000	0
197	T	0.00000	0	1.00000	0
198	F	0.00000	0	1.00000	0
199	Y	0.00000	0	1.00000	0
200	L	0.00000	0	1.00000	0
201	P	0.00000	0	1.00000	0
202	L	0.00000	0	1.00000	0
203	S	0.00000	0	1.00000	0
204	I	0.00000	0	1.00000	0
205	M	0.00000	0	1.00000	0
206	C	0.00000	0	1.00000	0
207	L	0.00000	0	1.00000	0
208	M	0.00000	0	1.00000	0
209	Y	0.00011	0	0.99989	0
210	Y	0.00519	0	0.99481	0
211	R	0.14048	0	0.85952	0
212	I	0.15721	0	0.84279	0
213	F	0.25514	0	0.74486	0
214	K	0.99375	0	0.00625	0
215	I	0.99744	0	0.00256	0
216	A	0.99993	0	0.00007	0
217	R	0.99999	0	0.00001	0
218	E	1.00000	0	0.00000	0
219	Q	1.00000	0	0.00000	0
220	A	1.00000	0	0.00000	0
221	K	1.00000	0	0.00000	0
222	R	1.00000	0	0.00000	0
223	I	1.00000	0	0.00000	0
224	N	1.00000	0	0.00000	0
225	H	1.00000	0	0.00000	0
226	A	1.00000	0	0.00000	0
227	N	1.00000	0	0.00000	0
228	C	1.00000	0	0.00000	0
229	C	1.00000	0	0.00000	0
230	N	1.00000	0	0.00000	0
231	A	1.00000	0	0.00000	0
232	L	1.00000	0	0.00000	0
233	S	1.00000	0	0.00000	0
234	P	1.00000	0	0.00000	0
235	T	1.00000	0	0.00000	0
236	L	1.00000	0	0.00000	0
237	P	1.00000	0	0.00000	0
238	T	1.00000	0	0.00000	0
239	V	1.00000	0	0.00000	0
240	R	1.00000	0	0.00000	0
241	E	1.00000	0	0.00000	0
242	H	0.99945	0	0.00055	0
243	K	0.99727	0	0.00273	0
244	A	0.78911	0	0.21089	0
245	T	0.61079	0	0.38921	0
246	V	0.20603	0	0.79397	0
247	T	0.13708	0	0.86292	0
248	L	0.00048	0	0.99952	0
249	A	0.00002	0	0.99998	0
250	A	0.00000	0	1.00000	0
251	V	0.00000	0	1.00000	0
252	M	0.00000	0	1.00000	0
253	G	0.00000	0	1.00000	0
254	A	0.00000	0	1.00000	0
255	F	0.00000	0	1.00000	0
256	I	0.00000	0	1.00000	0
257	I	0.00000	0	1.00000	0
258	C	0.00000	0	1.00000	0
259	W	0.00000	0	1.00000	0
260	F	0.00000	0	1.00000	0
261	P	0.00000	0	1.00000	0
262	Y	0.00000	0	1.00000	0
263	F	0.00000	0	1.00000	0
264	T	0.00000	0.00066	0.99934	0
265	V	0.00000	0.00276	0.99724	0
266	F	0.00000	0.02032	0.97968	0
267	T	0.00000	0.49245	0.50755	0
268	Y	0.00000	0.65538	0.34462	0
269	E	0.00000	0.96157	0.03843	0
270	G	0.00000	0.97669	0.02331	0
271	V	0.00000	0.98332	0.01668	0
272	N	0.00000	0.99839	0.00161	0
273	E	0.00000	0.99999	0.00001	0
274	T	0.00000	1	0.00000	0
275	D	0.00000	1	0.00000	0
276	V	0.00000	0.99998	0.00002	0
277	D	0.00000	0.99996	0.00004	0
278	E	0.00000	0.99894	0.00106	0
279	T	0.00000	0.99282	0.00718	0
280	A	0.00000	0.96627	0.03373	0
281	F	0.00000	0.93707	0.06293	0
282	L	0.00000	0.13446	0.86554	0
283	I	0.00000	0.00116	0.99884	0
284	V	0.00000	4e-05	0.99996	0
285	L	0.00000	0	1.00000	0
286	W	0.00000	0	1.00000	0
287	L	0.00000	0	1.00000	0
288	G	0.00000	0	1.00000	0
289	Y	0.00000	0	1.00000	0
290	A	0.00000	0	1.00000	0
291	N	0.00000	0	1.00000	0
292	S	0.00000	0	1.00000	0
293	A	0.00000	0	1.00000	0
294	L	0.00000	0	1.00000	0
295	N	0.00000	0	1.00000	0
296	P	0.00000	0	1.00000	0
297	I	0.00000	0	1.00000	0
298	L	0.00000	0	1.00000	0
299	Y	0.00012	0	0.99988	0
300	A	0.00118	0	0.99882	0
301	A	0.00466	0	0.99534	0
302	L	0.10335	0	0.89665	0
303	N	0.63761	0	0.36239	0
304	R	1.00000	0	0.00000	0
305	D	1.00000	0	0.00000	0
306	F	1.00000	0	0.00000	0
307	R	1.00000	0	0.00000	0
308	T	1.00000	0	0.00000	0
309	A	1.00000	0	0.00000	0
310	Y	1.00000	0	0.00000	0
311	Q	1.00000	0	0.00000	0
312	R	1.00000	0	0.00000	0
313	L	1.00000	0	0.00000	0
314	L	1.00000	0	0.00000	0
315	H	1.00000	0	0.00000	0
316	C	1.00000	0	0.00000	0
317	R	1.00000	0	0.00000	0
318	R	1.00000	0	0.00000	0
319	V	1.00000	0	0.00000	0
320	G	1.00000	0	0.00000	0
321	P	1.00000	0	0.00000	0
322	Q	1.00000	0	0.00000	0
323	N	1.00000	0	0.00000	0
324	H	1.00000	0	0.00000	0
325	E	1.00000	0	0.00000	0
326	T	1.00000	0	0.00000	0
327	P	1.00000	0	0.00000	0
328	L	1.00000	0	0.00000	0
329	T	1.00000	0	0.00000	0
330	L	1.00000	0	0.00000	0
331	L	1.00000	0	0.00000	0
332	H	1.00000	0	0.00000	0
333	I	1.00000	0	0.00000	0
334	R	1.00000	0	0.00000	0
335	R	1.00000	0	0.00000	0
336	S	1.00000	0	0.00000	0
337	E	1.00000	0	0.00000	0
338	D	1.00000	0	0.00000	0
339	R	1.00000	0	0.00000	0
340	T	1.00000	0	0.00000	0
341	H	1.00000	0	0.00000	0
342	Q	1.00000	0	0.00000	0
343	I	1.00000	0	0.00000	0
344	M	1.00000	0	0.00000	0
345	Q	1.00000	0	0.00000	0
346	N	1.00000	0	0.00000	0
347	T	1.00000	0	0.00000	0
348	Q	1.00000	0	0.00000	0
349	G	1.00000	0	0.00000	0
350	E	1.00000	0	0.00000	0
351	K	1.00000	0	0.00000	0
352	L	1.00000	0	0.00000	0
353	N	1.00000	0	0.00000	0
354	M	1.00000	0	0.00000	0
355	V	1.00000	0	0.00000	0
356	H	1.00000	0	0.00000	0
357	N	1.00000	0	0.00000	0
358	M	1.00000	0	0.00000	0
359	N	1.00000	0	0.00000	0
360	G	1.00000	0	0.00000	0
361	K	1.00000	0	0.00000	0
362	E	1.00000	0	0.00000	0
363	G	1.00000	0	0.00000	0
364	R	1.00000	0	0.00000	0
365	P	1.00000	0	0.00000	0
366	F	1.00000	0	0.00000	0
367	I	1.00000	0	0.00000	0
368	T	1.00000	0	0.00000	0
369	N	1.00000	0	0.00000	0
370	T	1.00000	0	0.00000	0
371	V	1.00000	0	0.00000	0
372	E	1.00000	0	0.00000	0
373	R	1.00000	0	0.00000	0
