# UNNAMED
#pos	aa	i	o	M	S
1	M	0.00000	1	0.00000	0
2	R	0.00000	1	0.00000	0
3	T	0.00000	1	0.00000	0
4	L	0.00000	1	0.00000	0
5	N	0.00000	1	0.00000	0
6	T	0.00000	1	0.00000	0
7	S	0.00000	1	0.00000	0
8	N	0.00000	1	0.00000	0
9	M	0.00000	1	0.00000	0
10	D	0.00000	1	0.00000	0
11	G	0.00000	1	0.00000	0
12	S	0.00000	1	0.00000	0
13	G	0.00000	1	0.00000	0
14	L	0.00000	1	0.00000	0
15	V	0.00000	1	0.00000	0
16	V	0.00000	1	0.00000	0
17	E	0.00000	1	0.00000	0
18	R	0.00000	1	0.00000	0
19	D	0.00000	1	0.00000	0
20	F	0.00000	0.96851	0.03149	0
21	S	0.00000	0.95708	0.04292	0
22	F	0.00000	0.8244	0.17560	0
23	R	0.00000	0.77239	0.22761	0
24	I	0.00000	0.38102	0.61898	0
25	L	0.00000	0.23146	0.76854	0
26	T	0.00000	0.14955	0.85045	0
27	A	0.00000	0.11727	0.88273	0
28	C	0.00000	0.09977	0.90023	0
29	F	0.00000	0.02899	0.97101	0
30	L	0.00000	0.00649	0.99351	0
31	S	0.00000	0.00248	0.99752	0
32	L	0.00000	0.00054	0.99946	0
33	L	0.00000	3e-05	0.99997	0
34	I	0.00000	0	1.00000	0
35	L	0.00000	0	1.00000	0
36	S	0.00000	0	1.00000	0
37	T	0.00000	0	1.00000	0
38	L	0.00000	0	1.00000	0
39	L	0.00000	0	1.00000	0
40	G	0.00000	0	1.00000	0
41	N	0.00000	0	1.00000	0
42	T	0.00000	0	1.00000	0
43	L	0.00000	0	1.00000	0
44	V	0.00000	0	1.00000	0
45	C	0.00003	0	0.99997	0
46	A	0.00061	0	0.99939	0
47	A	0.00857	0	0.99143	0
48	V	0.04203	0	0.95797	0
49	I	0.15589	0	0.84411	0
50	R	0.89028	0	0.10972	0
51	F	0.91023	0	0.08977	0
52	R	0.99754	0	0.00246	0
53	H	0.99950	0	0.00050	0
54	L	0.99984	0	0.00016	0
55	R	1.00000	0	0.00000	0
56	S	0.99999	0	0.00001	0
57	K	0.99961	0	0.00039	0
58	V	0.95938	0	0.04062	0
59	T	0.92372	0	0.07628	0
60	N	0.13019	0	0.86981	0
61	F	0.01467	0	0.98533	0
62	F	0.00013	0	0.99987	0
63	V	0.00002	0	0.99998	0
64	I	0.00000	0	1.00000	0
65	S	0.00000	0	1.00000	0
66	L	0.00000	0	1.00000	0
67	A	0.00000	0	1.00000	0
68	V	0.00000	0	1.00000	0
69	S	0.00000	0	1.00000	0
70	D	0.00000	0	1.00000	0
71	L	0.00000	0	1.00000	0
72	L	0.00000	0	1.00000	0
73	V	0.00000	0	1.00000	0
74	A	0.00000	0	1.00000	0
75	V	0.00000	0	1.00000	0
76	L	0.00000	0	1.00000	0
77	V	0.00000	3e-05	0.99997	0
78	M	0.00000	0.00063	0.99937	0
79	P	0.00000	0.01158	0.98842	0
80	W	0.00000	0.12354	0.87646	0
81	K	0.00000	0.44264	0.55736	0
82	A	0.00000	0.61834	0.38166	0
83	V	0.00000	0.77742	0.22258	0
84	A	0.00000	0.99982	0.00018	0
85	E	0.00000	1	0.00000	0
86	I	0.00000	1	0.00000	0
87	A	0.00000	1	0.00000	0
88	G	0.00000	1	0.00000	0
89	F	0.00000	1	0.00000	0
90	W	0.00000	1	0.00000	0
91	P	0.00000	1	0.00000	0
92	F	0.00000	1	0.00000	0
93	G	0.00000	1	0.00000	0
94	S	0.00000	1	0.00000	0
95	F	0.00000	1	0.00000	0
96	C	0.00000	1	0.00000	0
97	N	0.00000	0.99999	0.00001	0
98	I	0.00000	0.99787	0.00213	0
99	W	0.00000	0.81474	0.18526	0
100	V	0.00000	0.09404	0.90596	0
101	A	0.00000	0.00268	0.99732	0
102	F	0.00000	6e-05	0.99994	0
103	D	0.00000	1e-05	0.99999	0
104	I	0.00000	0	1.00000	0
105	M	0.00000	0	1.00000	0
106	C	0.00000	0	1.00000	0
107	S	0.00000	0	1.00000	0
108	T	0.00000	0	1.00000	0
109	A	0.00000	0	1.00000	0
110	S	0.00000	0	1.00000	0
111	I	0.00000	0	1.00000	0
112	L	0.00000	0	1.00000	0
113	N	0.00000	0	1.00000	0
114	L	0.00000	0	1.00000	0
115	C	0.00000	0	1.00000	0
116	V	0.00000	0	1.00000	0
117	I	0.00000	0	1.00000	0
118	S	0.00000	0	1.00000	0
119	V	0.00000	0	1.00000	0
120	D	0.00006	0	0.99994	0
121	R	0.11820	0	0.88180	0
122	Y	0.45289	0	0.54711	0
123	W	0.81139	0	0.18861	0
124	A	0.98822	0	0.01178	0
125	I	1.00000	0	0.00000	0
126	S	1.00000	0	0.00000	0
127	S	1.00000	0	0.00000	0
128	P	1.00000	0	0.00000	0
129	F	1.00000	0	0.00000	0
130	R	1.00000	0	0.00000	0
131	Y	1.00000	0	0.00000	0
132	E	1.00000	0	0.00000	0
133	R	1.00000	0	0.00000	0
134	K	1.00000	0	0.00000	0
135	M	0.99997	0	0.00003	0
136	T	0.99991	0	0.00009	0
137	P	0.99954	0	0.00046	0
138	K	0.96056	0	0.03944	0
139	A	0.36584	0	0.63416	0
140	A	0.06902	0	0.93098	0
141	F	0.00766	0	0.99234	0
142	I	0.00053	0	0.99947	0
143	L	0.00002	0	0.99998	0
144	I	0.00000	0	1.00000	0
145	G	0.00000	0	1.00000	0
146	V	0.00000	0	1.00000	0
147	A	0.00000	0	1.00000	0
148	W	0.00000	0	1.00000	0
149	T	0.00000	0	1.00000	0
150	L	0.00000	0	1.00000	0
151	S	0.00000	0	1.00000	0
152	V	0.00000	0	1.00000	0
153	L	0.00000	0	1.00000	0
154	I	0.00000	0	1.00000	0
155	S	0.00000	0	1.00000	0
156	F	0.00000	0	1.00000	0
157	I	0.00000	0.00019	0.99981	0
158	P	0.00000	0.01718	0.98282	0
159	V	0.00000	0.06068	0.93932	0
160	Q	0.00000	0.42503	0.57497	0
161	L	0.00000	0.53326	0.46674	0
162	S	0.00000	0.85023	0.14977	0
163	W	0.00000	0.92983	0.07017	0
164	H	0.00000	0.99365	0.00635	0
165	K	0.00000	0.99999	0.00001	0
166	A	0.00000	1	0.00000	0
167	K	0.00000	1	0.00000	0
168	P	0.00000	1	0.00000	0
169	S	0.00000	1	0.00000	0
170	S	0.00000	1	0.00000	0
171	P	0.00000	1	0.00000	0
172	S	0.00000	1	0.00000	0
173	D	0.00000	1	0.00000	0
174	G	0.00000	1	0.00000	0
175	N	0.00000	1	0.00000	0
176	A	0.00000	1	0.00000	0
177	T	0.00000	1	0.00000	0
178	S	0.00000	1	0.00000	0
179	L	0.00000	1	0.00000	0
180	D	0.00000	1	0.00000	0
181	E	0.00000	1	0.00000	0
182	T	0.00000	1	0.00000	0
183	T	0.00000	1	0.00000	0
184	E	0.00000	1	0.00000	0
185	N	0.00000	1	0.00000	0
186	C	0.00000	1	0.00000	0
187	D	0.00000	0.99999	0.00001	0
188	S	0.00000	0.99946	0.00054	0
189	S	0.00000	0.9954	0.00460	0
190	L	0.00000	0.9853	0.01470	0
191	S	0.00000	0.98436	0.01564	0
192	R	0.00000	0.95287	0.04713	0
193	T	0.00000	0.55722	0.44278	0
194	Y	0.00000	0.02234	0.97766	0
195	A	0.00000	0.01335	0.98665	0
196	I	0.00000	0.00958	0.99042	0
197	S	0.00000	0.00148	0.99852	0
198	S	0.00000	0.00125	0.99875	0
199	S	0.00000	0.00012	0.99988	0
200	L	0.00000	4e-05	0.99996	0
201	I	0.00000	0	1.00000	0
202	S	0.00000	0	1.00000	0
203	F	0.00000	0	1.00000	0
204	Y	0.00000	0	1.00000	0
205	I	0.00000	0	1.00000	0
206	P	0.00000	0	1.00000	0
207	V	0.00000	0	1.00000	0
208	A	0.00000	0	1.00000	0
209	I	0.00000	0	1.00000	0
210	M	0.00000	0	1.00000	0
211	I	0.00000	0	1.00000	0
212	V	0.00037	0	0.99963	0
213	T	0.00383	0	0.99617	0
214	Y	0.00690	0	0.99310	0
215	T	0.07901	0	0.92099	0
216	R	0.17482	0	0.82518	0
217	I	0.18465	0	0.81535	0
218	Y	0.24757	0	0.75243	0
219	R	0.96208	0	0.03792	0
220	I	0.96783	0	0.03217	0
221	A	0.99973	0	0.00027	0
222	Q	0.99999	0	0.00001	0
223	K	1.00000	0	0.00000	0
224	Q	1.00000	0	0.00000	0
225	I	1.00000	0	0.00000	0
226	R	1.00000	0	0.00000	0
227	R	1.00000	0	0.00000	0
228	I	1.00000	0	0.00000	0
229	S	1.00000	0	0.00000	0
230	A	1.00000	0	0.00000	0
231	L	1.00000	0	0.00000	0
232	E	1.00000	0	0.00000	0
233	R	1.00000	0	0.00000	0
234	A	1.00000	0	0.00000	0
235	A	1.00000	0	0.00000	0
236	V	1.00000	0	0.00000	0
237	H	1.00000	0	0.00000	0
238	A	1.00000	0	0.00000	0
239	K	1.00000	0	0.00000	0
240	N	1.00000	0	0.00000	0
241	C	1.00000	0	0.00000	0
242	Q	1.00000	0	0.00000	0
243	T	1.00000	0	0.00000	0
244	T	1.00000	0	0.00000	0
245	T	1.00000	0	0.00000	0
246	G	1.00000	0	0.00000	0
247	N	1.00000	0	0.00000	0
248	G	1.00000	0	0.00000	0
249	N	1.00000	0	0.00000	0
250	P	1.00000	0	0.00000	0
251	A	1.00000	0	0.00000	0
252	E	1.00000	0	0.00000	0
253	C	1.00000	0	0.00000	0
254	S	1.00000	0	0.00000	0
255	Q	1.00000	0	0.00000	0
256	Q	1.00000	0	0.00000	0
257	E	1.00000	0	0.00000	0
258	S	1.00000	0	0.00000	0
259	S	1.00000	0	0.00000	0
260	F	1.00000	0	0.00000	0
261	K	1.00000	0	0.00000	0
262	T	1.00000	0	0.00000	0
263	S	1.00000	0	0.00000	0
264	F	1.00000	0	0.00000	0
265	K	1.00000	0	0.00000	0
266	R	1.00000	0	0.00000	0
267	E	1.00000	0	0.00000	0
268	T	0.93438	0	0.06562	0
269	K	0.93279	0	0.06721	0
270	V	0.27188	0	0.72812	0
271	L	0.23761	0	0.76239	0
272	K	0.23727	0	0.76273	0
273	T	0.20459	0	0.79541	0
274	L	0.00504	0	0.99496	0
275	S	0.00126	0	0.99874	0
276	V	0.00072	0	0.99928	0
277	I	0.00006	0	0.99994	0
278	M	0.00000	0	1.00000	0
279	G	0.00000	0	1.00000	0
280	V	0.00000	0	1.00000	0
281	F	0.00000	0	1.00000	0
282	V	0.00000	0	1.00000	0
283	C	0.00000	0	1.00000	0
284	C	0.00000	0	1.00000	0
285	W	0.00000	0	1.00000	0
286	L	0.00000	0	1.00000	0
287	P	0.00000	0	1.00000	0
288	F	0.00000	0	1.00000	0
289	F	0.00000	1e-05	0.99999	0
290	I	0.00000	0.00249	0.99751	0
291	L	0.00000	0.03072	0.96928	0
292	N	0.00000	0.29587	0.70413	0
293	C	0.00000	0.40714	0.59286	0
294	M	0.00000	0.4206	0.57940	0
295	V	0.00000	0.49116	0.50884	0
296	P	0.00000	0.67139	0.32861	0
297	F	0.00000	0.7167	0.28330	0
298	C	0.00000	0.86696	0.13304	0
299	G	0.00000	0.97965	0.02035	0
300	S	0.00000	0.99359	0.00641	0
301	G	0.00000	0.99827	0.00173	0
302	E	0.00000	0.99991	0.00009	0
303	T	0.00000	0.99993	0.00007	0
304	K	0.00000	0.99999	0.00001	0
305	P	0.00000	0.99999	0.00001	0
306	F	0.00000	0.99999	0.00001	0
307	C	0.00000	0.99999	0.00001	0
308	I	0.00000	0.99998	0.00002	0
309	D	0.00000	0.99997	0.00003	0
310	S	0.00000	0.99981	0.00019	0
311	I	0.00000	0.99597	0.00403	0
312	T	0.00000	0.99438	0.00562	0
313	F	0.00000	0.9901	0.00990	0
314	D	0.00000	0.89947	0.10053	0
315	V	0.00000	0.09121	0.90879	0
316	F	0.00000	0.08375	0.91625	0
317	V	0.00000	0.00389	0.99611	0
318	W	0.00000	0.00012	0.99988	0
319	F	0.00000	0	1.00000	0
320	G	0.00000	0	1.00000	0
321	W	0.00000	0	1.00000	0
322	A	0.00001	0	0.99999	0
323	N	0.00001	0	0.99999	0
324	S	0.00001	0	0.99999	0
325	S	0.00001	0	0.99999	0
326	L	0.00001	0	0.99999	0
327	N	0.00001	0	0.99999	0
328	P	0.00001	0	0.99999	0
329	I	0.00001	0	0.99999	0
330	I	0.00001	0	0.99999	0
331	Y	0.00002	0	0.99998	0
332	A	0.00005	0	0.99995	0
333	F	0.00058	0	0.99942	0
334	N	0.11648	0	0.88352	0
335	A	0.42785	0	0.57215	0
336	D	0.83152	0	0.16848	0
337	F	0.87725	0	0.12275	0
338	R	1.00000	0	0.00000	0
339	K	1.00000	0	0.00000	0
340	A	1.00000	0	0.00000	0
341	F	1.00000	0	0.00000	0
342	S	1.00000	0	0.00000	0
343	T	1.00000	0	0.00000	0
344	L	1.00000	0	0.00000	0
345	L	1.00000	0	0.00000	0
346	G	1.00000	0	0.00000	0
347	C	1.00000	0	0.00000	0
348	Y	1.00000	0	0.00000	0
349	R	1.00000	0	0.00000	0
350	L	1.00000	0	0.00000	0
351	C	1.00000	0	0.00000	0
352	P	1.00000	0	0.00000	0
353	T	1.00000	0	0.00000	0
354	T	1.00000	0	0.00000	0
355	G	1.00000	0	0.00000	0
356	N	1.00000	0	0.00000	0
357	A	1.00000	0	0.00000	0
358	I	1.00000	0	0.00000	0
359	E	1.00000	0	0.00000	0
360	T	1.00000	0	0.00000	0
361	V	1.00000	0	0.00000	0
362	S	1.00000	0	0.00000	0
363	I	1.00000	0	0.00000	0
364	N	1.00000	0	0.00000	0
365	N	1.00000	0	0.00000	0
366	N	1.00000	0	0.00000	0
367	G	1.00000	0	0.00000	0
368	A	1.00000	0	0.00000	0
369	V	1.00000	0	0.00000	0
370	V	1.00000	0	0.00000	0
371	F	1.00000	0	0.00000	0
372	S	1.00000	0	0.00000	0
373	S	1.00000	0	0.00000	0
374	H	1.00000	0	0.00000	0
375	H	1.00000	0	0.00000	0
376	E	1.00000	0	0.00000	0
377	P	1.00000	0	0.00000	0
378	R	1.00000	0	0.00000	0
379	G	1.00000	0	0.00000	0
380	S	1.00000	0	0.00000	0
381	I	1.00000	0	0.00000	0
382	S	1.00000	0	0.00000	0
383	K	1.00000	0	0.00000	0
384	E	1.00000	0	0.00000	0
385	C	1.00000	0	0.00000	0
386	N	1.00000	0	0.00000	0
387	L	1.00000	0	0.00000	0
388	V	1.00000	0	0.00000	0
389	Y	1.00000	0	0.00000	0
390	L	1.00000	0	0.00000	0
391	I	1.00000	0	0.00000	0
392	P	1.00000	0	0.00000	0
393	H	1.00000	0	0.00000	0
394	A	1.00000	0	0.00000	0
395	V	1.00000	0	0.00000	0
396	G	1.00000	0	0.00000	0
397	S	1.00000	0	0.00000	0
398	S	1.00000	0	0.00000	0
399	E	1.00000	0	0.00000	0
400	D	1.00000	0	0.00000	0
401	L	1.00000	0	0.00000	0
402	K	1.00000	0	0.00000	0
403	K	1.00000	0	0.00000	0
404	V	1.00000	0	0.00000	0
405	E	1.00000	0	0.00000	0
406	A	1.00000	0	0.00000	0
407	G	1.00000	0	0.00000	0
408	G	1.00000	0	0.00000	0
409	I	1.00000	0	0.00000	0
410	A	1.00000	0	0.00000	0
411	R	1.00000	0	0.00000	0
412	P	1.00000	0	0.00000	0
413	L	1.00000	0	0.00000	0
414	E	1.00000	0	0.00000	0
415	K	1.00000	0	0.00000	0
416	L	1.00000	0	0.00000	0
417	S	1.00000	0	0.00000	0
418	P	1.00000	0	0.00000	0
419	A	1.00000	0	0.00000	0
420	L	1.00000	0	0.00000	0
421	S	1.00000	0	0.00000	0
422	V	1.00000	0	0.00000	0
423	I	1.00000	0	0.00000	0
424	L	1.00000	0	0.00000	0
425	D	1.00000	0	0.00000	0
426	Y	1.00000	0	0.00000	0
427	D	1.00000	0	0.00000	0
428	T	1.00000	0	0.00000	0
429	D	1.00000	0	0.00000	0
430	V	1.00000	0	0.00000	0
431	S	1.00000	0	0.00000	0
432	L	1.00000	0	0.00000	0
433	E	1.00000	0	0.00000	0
434	K	1.00000	0	0.00000	0
435	I	1.00000	0	0.00000	0
436	Q	1.00000	0	0.00000	0
437	P	1.00000	0	0.00000	0
438	I	1.00000	0	0.00000	0
439	T	1.00000	0	0.00000	0
440	Q	1.00000	0	0.00000	0
441	N	1.00000	0	0.00000	0
442	G	1.00000	0	0.00000	0
443	Q	1.00000	0	0.00000	0
444	H	1.00000	0	0.00000	0
445	P	1.00000	0	0.00000	0
446	T	1.00000	0	0.00000	0
