# UNNAMED
#pos	aa	i	o	M	S
1	M	0.00000	1	0.00000	0
2	G	0.00000	1	0.00000	0
3	N	0.00000	1	0.00000	0
4	T	0.00000	1	0.00000	0
5	T	0.00000	1	0.00000	0
6	T	0.00000	1	0.00000	0
7	S	0.00000	1	0.00000	0
8	E	0.00000	1	0.00000	0
9	Y	0.00000	1	0.00000	0
10	T	0.00000	1	0.00000	0
11	N	0.00000	1	0.00000	0
12	M	0.00000	1	0.00000	0
13	T	0.00000	1	0.00000	0
14	A	0.00000	1	0.00000	0
15	M	0.00000	1	0.00000	0
16	N	0.00000	1	0.00000	0
17	S	0.00000	1	0.00000	0
18	S	0.00000	1	0.00000	0
19	S	0.00000	1	0.00000	0
20	N	0.00000	1	0.00000	0
21	S	0.00000	1	0.00000	0
22	T	0.00000	1	0.00000	0
23	G	0.00000	1	0.00000	0
24	T	0.00000	1	0.00000	0
25	D	0.00000	1	0.00000	0
26	E	0.00000	0.99998	0.00002	0
27	G	0.00000	0.99526	0.00474	0
28	F	0.00000	0.97349	0.02651	0
29	S	0.00000	0.96677	0.03323	0
30	A	0.00000	0.87419	0.12581	0
31	P	0.00000	0.77903	0.22097	0
32	V	0.00000	0.42615	0.57385	0
33	M	0.00000	0.34034	0.65966	0
34	I	0.00000	0.09851	0.90149	0
35	L	0.00000	0.04595	0.95405	0
36	L	0.00000	0.02442	0.97558	0
37	G	0.00000	0.01906	0.98094	0
38	M	0.00000	0.01341	0.98659	0
39	V	0.00000	0.0054	0.99460	0
40	M	0.00000	0.00393	0.99607	0
41	S	0.00000	0.00282	0.99718	0
42	L	0.00000	0.00062	0.99938	0
43	L	0.00000	3e-05	0.99997	0
44	V	0.00000	0	1.00000	0
45	L	0.00000	0	1.00000	0
46	I	0.00000	0	1.00000	0
47	I	0.00000	0	1.00000	0
48	V	0.00000	0	1.00000	0
49	F	0.00000	0	1.00000	0
50	G	0.00000	0	1.00000	0
51	N	0.00001	0	0.99999	0
52	I	0.00001	0	0.99999	0
53	L	0.00006	0	0.99994	0
54	V	0.00040	0	0.99960	0
55	I	0.00176	0	0.99824	0
56	T	0.07316	0	0.92684	0
57	A	0.15832	0	0.84168	0
58	I	0.22999	0	0.77001	0
59	A	0.67990	0	0.32010	0
60	R	0.97955	0	0.02045	0
61	F	0.98305	0	0.01695	0
62	Q	0.99972	0	0.00028	0
63	R	0.99999	0	0.00001	0
64	L	0.99985	0	0.00015	0
65	Q	0.99935	0	0.00065	0
66	N	0.97126	0	0.02874	0
67	V	0.90839	0	0.09161	0
68	T	0.68619	0	0.31381	0
69	N	0.10542	0	0.89458	0
70	Y	0.02546	0	0.97454	0
71	F	0.00014	0	0.99986	0
72	I	0.00000	0	1.00000	0
73	T	0.00000	0	1.00000	0
74	S	0.00000	0	1.00000	0
75	L	0.00000	0	1.00000	0
76	A	0.00000	0	1.00000	0
77	C	0.00000	0	1.00000	0
78	A	0.00000	0	1.00000	0
79	D	0.00000	0	1.00000	0
80	L	0.00000	0	1.00000	0
81	V	0.00000	0	1.00000	0
82	M	0.00000	0	1.00000	0
83	G	0.00000	0	1.00000	0
84	L	0.00000	0	1.00000	0
85	I	0.00000	2e-05	0.99998	0
86	V	0.00000	0.00047	0.99953	0
87	I	0.00000	0.00388	0.99612	0
88	P	0.00000	0.0291	0.97090	0
89	F	0.00000	0.07525	0.92475	0
90	G	0.00000	0.4938	0.50620	0
91	A	0.00000	0.75898	0.24102	0
92	C	0.00000	0.99965	0.00035	0
93	K	0.00000	1	0.00000	0
94	I	0.00000	1	0.00000	0
95	I	0.00000	1	0.00000	0
96	S	0.00000	1	0.00000	0
97	S	0.00000	1	0.00000	0
98	T	0.00000	1	0.00000	0
99	W	0.00000	1	0.00000	0
100	Y	0.00000	1	0.00000	0
101	F	0.00000	1	0.00000	0
102	G	0.00000	1	0.00000	0
103	N	0.00000	1	0.00000	0
104	F	0.00000	0.99982	0.00018	0
105	W	0.00000	0.99979	0.00021	0
106	C	0.00000	0.99974	0.00026	0
107	D	0.00000	0.9992	0.00080	0
108	F	0.00000	0.99789	0.00211	0
109	W	0.00000	0.92262	0.07738	0
110	T	0.00000	0.56296	0.43704	0
111	A	0.00000	0.04773	0.95227	0
112	T	0.00000	0.03469	0.96531	0
113	D	0.00000	0.00767	0.99233	0
114	V	0.00000	0.00012	0.99988	0
115	L	0.00000	0	1.00000	0
116	C	0.00000	0	1.00000	0
117	V	0.00000	0	1.00000	0
118	T	0.00000	0	1.00000	0
119	A	0.00000	0	1.00000	0
120	S	0.00000	0	1.00000	0
121	I	0.00000	0	1.00000	0
122	E	0.00000	0	1.00000	0
123	T	0.00000	0	1.00000	0
124	L	0.00000	0	1.00000	0
125	C	0.00000	0	1.00000	0
126	V	0.00000	0	1.00000	0
127	I	0.00000	0	1.00000	0
128	A	0.00000	0	1.00000	0
129	I	0.00000	0	1.00000	0
130	D	0.00004	0	0.99996	0
131	R	0.08074	0	0.91926	0
132	Y	0.36148	0	0.63852	0
133	L	0.83070	0	0.16930	0
134	A	0.98396	0	0.01604	0
135	I	0.99999	0	0.00001	0
136	T	1.00000	0	0.00000	0
137	S	1.00000	0	0.00000	0
138	P	1.00000	0	0.00000	0
139	F	1.00000	0	0.00000	0
140	H	1.00000	0	0.00000	0
141	Y	1.00000	0	0.00000	0
142	Q	1.00000	0	0.00000	0
143	S	1.00000	0	0.00000	0
144	M	1.00000	0	0.00000	0
145	L	0.99998	0	0.00002	0
146	T	0.99996	0	0.00004	0
147	K	0.99315	0	0.00685	0
148	C	0.64032	0	0.35968	0
149	K	0.63446	0	0.36554	0
150	A	0.50110	0	0.49890	0
151	R	0.40690	0	0.59310	0
152	I	0.00819	0	0.99181	0
153	V	0.00496	0	0.99504	0
154	V	0.00007	0	0.99993	0
155	V	0.00000	0	1.00000	0
156	L	0.00000	0	1.00000	0
157	V	0.00000	0	1.00000	0
158	W	0.00000	0	1.00000	0
159	V	0.00000	0	1.00000	0
160	I	0.00000	0	1.00000	0
161	A	0.00000	0	1.00000	0
162	A	0.00000	0	1.00000	0
163	L	0.00000	0	1.00000	0
164	I	0.00000	0	1.00000	0
165	S	0.00000	0	1.00000	0
166	Y	0.00000	6e-05	0.99994	0
167	L	0.00000	0.00199	0.99801	0
168	P	0.00000	0.06115	0.93885	0
169	I	0.00000	0.10902	0.89098	0
170	H	0.00000	0.32957	0.67043	0
171	M	0.00000	0.44639	0.55361	0
172	K	0.00000	0.94065	0.05935	0
173	W	0.00000	0.95238	0.04762	0
174	W	0.00000	0.97973	0.02027	0
175	T	0.00000	0.99949	0.00051	0
176	A	0.00000	0.99984	0.00016	0
177	D	0.00000	1	0.00000	0
178	T	0.00000	1	0.00000	0
179	M	0.00000	1	0.00000	0
180	E	0.00000	1	0.00000	0
181	A	0.00000	1	0.00000	0
182	R	0.00000	1	0.00000	0
183	N	0.00000	1	0.00000	0
184	C	0.00000	1	0.00000	0
185	T	0.00000	1	0.00000	0
186	N	0.00000	1	0.00000	0
187	Q	0.00000	1	0.00000	0
188	T	0.00000	1	0.00000	0
189	N	0.00000	1	0.00000	0
190	C	0.00000	1	0.00000	0
191	C	0.00000	1	0.00000	0
192	E	0.00000	1	0.00000	0
193	F	0.00000	0.9998	0.00020	0
194	H	0.00000	0.99937	0.00063	0
195	T	0.00000	0.99743	0.00257	0
196	N	0.00000	0.99584	0.00416	0
197	Q	0.00000	0.95738	0.04262	0
198	A	0.00000	0.19939	0.80061	0
199	Y	0.00000	0.00744	0.99256	0
200	A	0.00000	0.00255	0.99745	0
201	I	0.00000	0.00157	0.99843	0
202	T	0.00000	3e-05	0.99997	0
203	S	0.00000	1e-05	0.99999	0
204	S	0.00000	0	1.00000	0
205	I	0.00000	0	1.00000	0
206	I	0.00000	0	1.00000	0
207	S	0.00000	0	1.00000	0
208	F	0.00000	0	1.00000	0
209	Y	0.00000	0	1.00000	0
210	I	0.00000	0	1.00000	0
211	P	0.00000	0	1.00000	0
212	L	0.00000	0	1.00000	0
213	V	0.00000	0	1.00000	0
214	I	0.00000	0	1.00000	0
215	M	0.00000	0	1.00000	0
216	I	0.00000	0	1.00000	0
217	F	0.00000	0	1.00000	0
218	V	0.00015	0	0.99985	0
219	Y	0.00561	0	0.99439	0
220	S	0.21604	0	0.78396	0
221	R	0.38076	0	0.61924	0
222	V	0.39572	0	0.60428	0
223	F	0.48010	0	0.51990	0
224	Q	0.99859	0	0.00141	0
225	E	0.99995	0	0.00005	0
226	A	1.00000	0	0.00000	0
227	R	1.00000	0	0.00000	0
228	R	1.00000	0	0.00000	0
229	Q	1.00000	0	0.00000	0
230	L	1.00000	0	0.00000	0
231	K	1.00000	0	0.00000	0
232	K	1.00000	0	0.00000	0
233	I	1.00000	0	0.00000	0
234	D	1.00000	0	0.00000	0
235	K	1.00000	0	0.00000	0
236	S	1.00000	0	0.00000	0
237	V	1.00000	0	0.00000	0
238	G	1.00000	0	0.00000	0
239	R	1.00000	0	0.00000	0
240	F	1.00000	0	0.00000	0
241	H	1.00000	0	0.00000	0
242	N	1.00000	0	0.00000	0
243	S	1.00000	0	0.00000	0
244	D	1.00000	0	0.00000	0
245	I	1.00000	0	0.00000	0
246	S	1.00000	0	0.00000	0
247	N	1.00000	0	0.00000	0
248	S	1.00000	0	0.00000	0
249	N	1.00000	0	0.00000	0
250	S	1.00000	0	0.00000	0
251	L	1.00000	0	0.00000	0
252	E	1.00000	0	0.00000	0
253	A	1.00000	0	0.00000	0
254	N	1.00000	0	0.00000	0
255	N	1.00000	0	0.00000	0
256	G	1.00000	0	0.00000	0
257	R	1.00000	0	0.00000	0
258	G	1.00000	0	0.00000	0
259	L	1.00000	0	0.00000	0
260	K	1.00000	0	0.00000	0
261	K	1.00000	0	0.00000	0
262	A	1.00000	0	0.00000	0
263	K	1.00000	0	0.00000	0
264	F	1.00000	0	0.00000	0
265	C	1.00000	0	0.00000	0
266	L	1.00000	0	0.00000	0
267	R	1.00000	0	0.00000	0
268	E	1.00000	0	0.00000	0
269	H	0.99967	0	0.00033	0
270	K	0.99841	0	0.00159	0
271	A	0.33065	0	0.66935	0
272	L	0.32833	0	0.67167	0
273	K	0.32778	0	0.67222	0
274	T	0.28302	0	0.71698	0
275	L	0.01009	0	0.98991	0
276	G	0.00257	0	0.99743	0
277	I	0.00148	0	0.99852	0
278	I	0.00006	0	0.99994	0
279	M	0.00006	0	0.99994	0
280	G	0.00000	0	1.00000	0
281	T	0.00000	0	1.00000	0
282	F	0.00000	0	1.00000	0
283	T	0.00000	0	1.00000	0
284	L	0.00000	0	1.00000	0
285	C	0.00000	0	1.00000	0
286	W	0.00000	0	1.00000	0
287	L	0.00000	0	1.00000	0
288	P	0.00000	0	1.00000	0
289	F	0.00000	0	1.00000	0
290	F	0.00000	0	1.00000	0
291	V	0.00000	0.00099	0.99901	0
292	L	0.00000	0.01294	0.98706	0
293	N	0.00000	0.13738	0.86262	0
294	V	0.00000	0.19012	0.80988	0
295	V	0.00000	0.33345	0.66655	0
296	E	0.00000	0.66424	0.33576	0
297	A	0.00000	0.67468	0.32532	0
298	I	0.00000	0.69671	0.30329	0
299	W	0.00000	0.75567	0.24433	0
300	A	0.00000	0.81198	0.18802	0
301	V	0.00000	0.90925	0.09075	0
302	N	0.00000	0.99301	0.00699	0
303	S	0.00000	0.99511	0.00489	0
304	P	0.00000	0.97264	0.02736	0
305	I	0.00000	0.52328	0.47672	0
306	T	0.00000	0.35261	0.64739	0
307	F	0.00000	0.28791	0.71209	0
308	M	0.00000	0.00069	0.99931	0
309	V	0.00000	1e-05	0.99999	0
310	L	0.00000	1e-05	0.99999	0
311	N	0.00000	1e-05	0.99999	0
312	W	0.00000	0	1.00000	0
313	I	0.00000	0	1.00000	0
314	G	0.00001	0	0.99999	0
315	Y	0.00003	0	0.99997	0
316	A	0.00009	0	0.99991	0
317	N	0.00075	0	0.99925	0
318	S	0.00080	0	0.99920	0
319	A	0.00086	0	0.99914	0
320	F	0.00089	0	0.99911	0
321	N	0.00093	0	0.99907	0
322	P	0.00100	0	0.99900	0
323	L	0.00105	0	0.99895	0
324	I	0.00128	0	0.99872	0
325	Y	0.00843	0	0.99157	0
326	C	0.10237	0	0.89763	0
327	R	0.99995	0	0.00005	0
328	S	0.99995	0	0.00005	0
329	P	0.99995	0	0.00005	0
330	E	0.99995	0	0.00005	0
331	F	0.99995	0	0.00005	0
332	W	0.99995	0	0.00005	0
333	Y	0.99995	0	0.00005	0
334	A	0.99995	0	0.00005	0
335	F	0.99995	0	0.00005	0
336	K	1.00000	0	0.00000	0
337	E	1.00000	0	0.00000	0
338	I	1.00000	0	0.00000	0
339	L	1.00000	0	0.00000	0
340	C	1.00000	0	0.00000	0
341	M	1.00000	0	0.00000	0
342	N	1.00000	0	0.00000	0
343	R	1.00000	0	0.00000	0
344	N	1.00000	0	0.00000	0
345	R	1.00000	0	0.00000	0
346	L	1.00000	0	0.00000	0
347	T	1.00000	0	0.00000	0
348	N	1.00000	0	0.00000	0
349	P	1.00000	0	0.00000	0
350	G	1.00000	0	0.00000	0
351	P	1.00000	0	0.00000	0
352	V	1.00000	0	0.00000	0
353	N	1.00000	0	0.00000	0
354	G	1.00000	0	0.00000	0
355	Y	1.00000	0	0.00000	0
356	I	1.00000	0	0.00000	0
357	Y	1.00000	0	0.00000	0
358	S	1.00000	0	0.00000	0
359	R	1.00000	0	0.00000	0
360	H	1.00000	0	0.00000	0
361	S	1.00000	0	0.00000	0
362	W	1.00000	0	0.00000	0
363	Q	1.00000	0	0.00000	0
364	S	1.00000	0	0.00000	0
365	E	1.00000	0	0.00000	0
366	Q	1.00000	0	0.00000	0
367	Q	1.00000	0	0.00000	0
368	G	1.00000	0	0.00000	0
369	R	1.00000	0	0.00000	0
370	S	1.00000	0	0.00000	0
371	K	1.00000	0	0.00000	0
372	G	1.00000	0	0.00000	0
373	N	1.00000	0	0.00000	0
374	S	1.00000	0	0.00000	0
375	E	1.00000	0	0.00000	0
376	E	1.00000	0	0.00000	0
377	S	1.00000	0	0.00000	0
378	D	1.00000	0	0.00000	0
379	P	1.00000	0	0.00000	0
380	T	1.00000	0	0.00000	0
381	E	1.00000	0	0.00000	0
382	G	1.00000	0	0.00000	0
383	F	1.00000	0	0.00000	0
384	L	1.00000	0	0.00000	0
385	G	1.00000	0	0.00000	0
386	K	1.00000	0	0.00000	0
387	G	1.00000	0	0.00000	0
388	A	1.00000	0	0.00000	0
389	G	1.00000	0	0.00000	0
390	T	1.00000	0	0.00000	0
391	P	1.00000	0	0.00000	0
392	V	1.00000	0	0.00000	0
393	V	1.00000	0	0.00000	0
394	D	1.00000	0	0.00000	0
395	R	1.00000	0	0.00000	0
396	A	1.00000	0	0.00000	0
397	V	1.00000	0	0.00000	0
398	D	1.00000	0	0.00000	0
399	P	1.00000	0	0.00000	0
400	N	1.00000	0	0.00000	0
401	G	1.00000	0	0.00000	0
402	N	1.00000	0	0.00000	0
403	C	1.00000	0	0.00000	0
404	S	1.00000	0	0.00000	0
405	K	1.00000	0	0.00000	0
406	D	1.00000	0	0.00000	0
407	I	1.00000	0	0.00000	0
408	M	1.00000	0	0.00000	0
409	T	1.00000	0	0.00000	0
410	V	1.00000	0	0.00000	0
411	T	1.00000	0	0.00000	0
412	S	1.00000	0	0.00000	0
413	I	1.00000	0	0.00000	0
414	T	1.00000	0	0.00000	0
415	T	1.00000	0	0.00000	0
416	V	1.00000	0	0.00000	0
417	L	1.00000	0	0.00000	0
