# UNNAMED
#pos	aa	i	o	M	S
1	M	0.00000	0.80069	0.00000	0.19931
2	S	0.00000	0.80069	0.00000	0.1993
3	T	0.00000	0.80069	0.00000	0.1993
4	V	0.00000	0.80069	0.00000	0.1993
5	S	0.00000	0.80069	0.00000	0.19931
6	G	0.00000	0.80069	0.00000	0.19931
7	T	0.00000	0.80069	0.00000	0.19931
8	G	0.00000	0.80069	0.00000	0.19931
9	I	0.00000	0.80069	0.00000	0.19931
10	L	0.00000	0.80069	0.00000	0.19931
11	V	0.00000	0.80069	0.00000	0.19931
12	S	0.00000	0.80069	0.00000	0.19931
13	L	0.00000	0.80069	0.00000	0.19931
14	T	0.00000	0.80088	0.00000	0.19911
15	T	0.00000	0.80103	0.00000	0.19897
16	V	0.00000	0.80271	0.00000	0.1973
17	S	0.00000	0.80274	0.00000	0.19726
18	V	0.00000	0.8028	0.00000	0.19719
19	T	0.00000	0.80285	0.00000	0.19716
20	L	0.00000	0.80286	0.00000	0.19714
21	D	0.00000	0.90979	0.00000	0.09021
22	F	0.00000	0.9099	0.00000	0.09011
23	S	0.00000	0.90993	0.00000	0.09007
24	L	0.00000	0.90998	0.00000	0.09002
25	H	0.00000	0.91	0.00000	0.09
26	G	0.00000	0.91004	0.00000	0.08996
27	G	0.00000	1	0.00000	0
28	L	0.00000	1	0.00000	0
29	M	0.00000	1	0.00000	0
30	A	0.00000	1	0.00000	0
31	W	0.00000	1	0.00000	0
32	P	0.00000	1	0.00000	0
33	L	0.00000	1	0.00000	0
34	S	0.00000	1	0.00000	0
35	S	0.00000	1	0.00000	0
36	N	0.00000	1	0.00000	0
37	L	0.00000	1	0.00000	0
38	T	0.00000	1	0.00000	0
39	L	0.00000	1	0.00000	0
40	N	0.00000	1	0.00000	0
41	Q	0.00000	1	0.00000	0
42	S	0.00000	1	0.00000	0
43	L	0.00000	1	0.00000	0
44	P	0.00000	1	0.00000	0
45	T	0.00000	1	0.00000	0
46	S	0.00000	1	0.00000	0
47	D	0.00000	1	0.00000	0
48	P	0.00000	1	0.00000	0
49	L	0.00000	1	0.00000	0
50	N	0.00000	1	0.00000	0
51	T	0.00000	1	0.00000	0
52	S	0.00000	1	0.00000	0
53	E	0.00000	1	0.00000	0
54	R	0.00000	1	0.00000	0
55	G	0.00000	1	0.00000	0
56	E	0.00000	1	0.00000	0
57	V	0.00000	1	0.00000	0
58	S	0.00000	1	0.00000	0
59	R	0.00000	1	0.00000	0
60	M	0.00000	1	0.00000	0
61	S	0.00000	1	0.00000	0
62	M	0.00000	1	0.00000	0
63	K	0.00000	1	0.00000	0
64	E	0.00000	0.99999	0.00001	0
65	K	0.00000	0.99964	0.00036	0
66	N	0.00000	0.98543	0.01457	0
67	W	0.00000	0.70466	0.29534	0
68	P	0.00000	0.57841	0.42159	0
69	A	0.00000	0.33835	0.66165	0
70	L	0.00000	0.1766	0.82340	0
71	L	0.00000	0.06322	0.93678	0
72	I	0.00000	0.00337	0.99663	0
73	L	0.00000	0.00027	0.99973	0
74	V	0.00000	1e-05	0.99999	0
75	I	0.00000	0	1.00000	0
76	I	0.00000	0	1.00000	0
77	V	0.00000	0	1.00000	0
78	L	0.00000	0	1.00000	0
79	T	0.00000	0	1.00000	0
80	I	0.00000	0	1.00000	0
81	G	0.00000	0	1.00000	0
82	G	0.00000	0	1.00000	0
83	N	0.00000	0	1.00000	0
84	I	0.00000	0	1.00000	0
85	L	0.00000	0	1.00000	0
86	V	0.00000	0	1.00000	0
87	I	0.00002	0	0.99998	0
88	M	0.00422	0	0.99578	0
89	A	0.05846	0	0.94154	0
90	V	0.16999	0	0.83001	0
91	S	0.71752	0	0.28248	0
92	L	0.81899	0	0.18101	0
93	E	0.99750	0	0.00250	0
94	K	0.99996	0	0.00004	0
95	K	1.00000	0	0.00000	0
96	L	0.99999	0	0.00001	0
97	Q	0.99997	0	0.00003	0
98	N	0.99856	0	0.00144	0
99	A	0.99511	0	0.00489	0
100	T	0.96380	0	0.03620	0
101	N	0.19681	0	0.80319	0
102	Y	0.06379	0	0.93621	0
103	F	0.00064	0	0.99936	0
104	L	0.00002	0	0.99998	0
105	M	0.00000	0	1.00000	0
106	S	0.00000	0	1.00000	0
107	L	0.00000	0	1.00000	0
108	A	0.00000	0	1.00000	0
109	V	0.00000	0	1.00000	0
110	A	0.00000	0	1.00000	0
111	D	0.00000	0	1.00000	0
112	M	0.00000	0	1.00000	0
113	L	0.00000	0	1.00000	0
114	V	0.00000	0	1.00000	0
115	G	0.00000	0	1.00000	0
116	I	0.00000	0	1.00000	0
117	L	0.00000	0	1.00000	0
118	V	0.00000	2e-05	0.99998	0
119	M	0.00000	0.0008	0.99920	0
120	P	0.00000	0.02352	0.97648	0
121	V	0.00000	0.08955	0.91045	0
122	S	0.00000	0.3231	0.67690	0
123	L	0.00000	0.42112	0.57888	0
124	V	0.00000	0.64778	0.35222	0
125	T	0.00000	0.99788	0.00212	0
126	I	0.00000	0.99799	0.00201	0
127	L	0.00000	0.99818	0.00182	0
128	Y	0.00000	0.99962	0.00038	0
129	D	0.00000	0.99999	0.00001	0
130	S	0.00000	1	0.00000	0
131	A	0.00000	1	0.00000	0
132	W	0.00000	1	0.00000	0
133	P	0.00000	1	0.00000	0
134	L	0.00000	1	0.00000	0
135	P	0.00000	1	0.00000	0
136	K	0.00000	1	0.00000	0
137	Q	0.00000	1	0.00000	0
138	L	0.00000	1	0.00000	0
139	C	0.00000	0.99999	0.00001	0
140	P	0.00000	0.99996	0.00004	0
141	I	0.00000	0.99898	0.00102	0
142	W	0.00000	0.90833	0.09167	0
143	I	0.00000	0.41253	0.58747	0
144	S	0.00000	0.32532	0.67468	0
145	L	0.00000	0.01482	0.98518	0
146	D	0.00000	0.0049	0.99510	0
147	V	0.00000	0.00015	0.99985	0
148	L	0.00000	0	1.00000	0
149	F	0.00000	0	1.00000	0
150	S	0.00000	0	1.00000	0
151	T	0.00000	0	1.00000	0
152	A	0.00000	0	1.00000	0
153	S	0.00000	0	1.00000	0
154	I	0.00000	0	1.00000	0
155	M	0.00000	0	1.00000	0
156	H	0.00000	0	1.00000	0
157	L	0.00000	0	1.00000	0
158	C	0.00000	0	1.00000	0
159	A	0.00000	0	1.00000	0
160	I	0.00000	0	1.00000	0
161	S	0.00000	0	1.00000	0
162	L	0.00000	0	1.00000	0
163	D	0.00001	0	0.99999	0
164	R	0.02147	0	0.97853	0
165	Y	0.23455	0	0.76545	0
166	V	0.76913	0	0.23087	0
167	A	0.85388	0	0.14612	0
168	I	0.99999	0	0.00001	0
169	R	1.00000	0	0.00000	0
170	N	1.00000	0	0.00000	0
171	P	1.00000	0	0.00000	0
172	I	1.00000	0	0.00000	0
173	E	1.00000	0	0.00000	0
174	H	1.00000	0	0.00000	0
175	S	1.00000	0	0.00000	0
176	R	1.00000	0	0.00000	0
177	F	1.00000	0	0.00000	0
178	N	1.00000	0	0.00000	0
179	S	1.00000	0	0.00000	0
180	R	1.00000	0	0.00000	0
181	T	0.99986	0	0.00014	0
182	K	0.99739	0	0.00261	0
183	A	0.52369	0	0.47631	0
184	I	0.12122	0	0.87878	0
185	M	0.07919	0	0.92081	0
186	K	0.06842	0	0.93158	0
187	I	0.00019	0	0.99981	0
188	A	0.00000	0	1.00000	0
189	A	0.00000	0	1.00000	0
190	V	0.00000	0	1.00000	0
191	W	0.00000	0	1.00000	0
192	T	0.00000	0	1.00000	0
193	I	0.00000	0	1.00000	0
194	S	0.00000	0	1.00000	0
195	I	0.00000	0	1.00000	0
196	G	0.00000	0	1.00000	0
197	I	0.00000	0	1.00000	0
198	S	0.00000	0	1.00000	0
199	M	0.00000	0	1.00000	0
200	P	0.00000	0	1.00000	0
201	I	0.00000	1e-05	0.99999	0
202	P	0.00000	0.00395	0.99605	0
203	V	0.00000	0.01856	0.98144	0
204	I	0.00000	0.16397	0.83603	0
205	G	0.00000	0.5217	0.47830	0
206	L	0.00000	0.66272	0.33728	0
207	Q	0.00000	0.95204	0.04796	0
208	D	0.00000	0.99994	0.00006	0
209	D	0.00000	1	0.00000	0
210	A	0.00000	1	0.00000	0
211	R	0.00000	1	0.00000	0
212	V	0.00000	1	0.00000	0
213	F	0.00000	1	0.00000	0
214	V	0.00000	1	0.00000	0
215	N	0.00000	1	0.00000	0
216	G	0.00000	1	0.00000	0
217	S	0.00000	1	0.00000	0
218	C	0.00000	1	0.00000	0
219	V	0.00000	1	0.00000	0
220	L	0.00000	1	0.00000	0
221	N	0.00000	1	0.00000	0
222	D	0.00000	1	0.00000	0
223	E	0.00000	0.99987	0.00013	0
224	N	0.00000	0.79941	0.20059	0
225	F	0.00000	0.01645	0.98355	0
226	V	0.00000	0.00843	0.99157	0
227	L	0.00000	0.0009	0.99910	0
228	F	0.00000	0.00023	0.99977	0
229	G	0.00000	0.00019	0.99981	0
230	S	0.00000	0.00011	0.99989	0
231	F	0.00000	7e-05	0.99993	0
232	V	0.00000	0	1.00000	0
233	A	0.00000	0	1.00000	0
234	F	0.00000	0	1.00000	0
235	F	0.00000	0	1.00000	0
236	I	0.00000	0	1.00000	0
237	P	0.00000	0	1.00000	0
238	L	0.00000	0	1.00000	0
239	I	0.00000	0	1.00000	0
240	I	0.00000	0	1.00000	0
241	M	0.00000	0	1.00000	0
242	V	0.00000	0	1.00000	0
243	I	0.00000	0	1.00000	0
244	S	0.00000	0	1.00000	0
245	Y	0.00001	0	0.99999	0
246	C	0.00061	0	0.99939	0
247	L	0.01497	0	0.98503	0
248	T	0.15663	0	0.84337	0
249	V	0.21957	0	0.78043	0
250	Q	0.97945	0	0.02055	0
251	V	0.98186	0	0.01814	0
252	L	0.98837	0	0.01163	0
253	Q	0.99981	0	0.00019	0
254	K	0.99999	0	0.00001	0
255	Q	1.00000	0	0.00000	0
256	A	1.00000	0	0.00000	0
257	T	1.00000	0	0.00000	0
258	V	1.00000	0	0.00000	0
259	F	1.00000	0	0.00000	0
260	M	1.00000	0	0.00000	0
261	Y	1.00000	0	0.00000	0
262	G	1.00000	0	0.00000	0
263	E	1.00000	0	0.00000	0
264	A	1.00000	0	0.00000	0
265	P	1.00000	0	0.00000	0
266	K	1.00000	0	0.00000	0
267	Q	1.00000	0	0.00000	0
268	R	1.00000	0	0.00000	0
269	R	1.00000	0	0.00000	0
270	S	1.00000	0	0.00000	0
271	S	1.00000	0	0.00000	0
272	M	1.00000	0	0.00000	0
273	N	1.00000	0	0.00000	0
274	C	1.00000	0	0.00000	0
275	L	1.00000	0	0.00000	0
276	K	1.00000	0	0.00000	0
277	K	1.00000	0	0.00000	0
278	E	1.00000	0	0.00000	0
279	N	1.00000	0	0.00000	0
280	P	1.00000	0	0.00000	0
281	E	1.00000	0	0.00000	0
282	N	1.00000	0	0.00000	0
283	L	1.00000	0	0.00000	0
284	S	1.00000	0	0.00000	0
285	M	1.00000	0	0.00000	0
286	L	1.00000	0	0.00000	0
287	Q	1.00000	0	0.00000	0
288	N	1.00000	0	0.00000	0
289	H	1.00000	0	0.00000	0
290	E	1.00000	0	0.00000	0
291	A	1.00000	0	0.00000	0
292	A	1.00000	0	0.00000	0
293	S	1.00000	0	0.00000	0
294	H	1.00000	0	0.00000	0
295	L	1.00000	0	0.00000	0
296	N	1.00000	0	0.00000	0
297	S	1.00000	0	0.00000	0
298	P	1.00000	0	0.00000	0
299	V	1.00000	0	0.00000	0
300	N	1.00000	0	0.00000	0
301	K	1.00000	0	0.00000	0
302	E	1.00000	0	0.00000	0
303	A	1.00000	0	0.00000	0
304	V	1.00000	0	0.00000	0
305	L	1.00000	0	0.00000	0
306	F	1.00000	0	0.00000	0
307	R	1.00000	0	0.00000	0
308	K	1.00000	0	0.00000	0
309	G	1.00000	0	0.00000	0
310	T	1.00000	0	0.00000	0
311	M	1.00000	0	0.00000	0
312	Q	1.00000	0	0.00000	0
313	S	1.00000	0	0.00000	0
314	I	1.00000	0	0.00000	0
315	N	1.00000	0	0.00000	0
316	N	1.00000	0	0.00000	0
317	E	1.00000	0	0.00000	0
318	R	0.99597	0	0.00403	0
319	R	0.99556	0	0.00444	0
320	A	0.42737	0	0.57263	0
321	S	0.42443	0	0.57557	0
322	K	0.05468	0	0.94532	0
323	V	0.00581	0	0.99419	0
324	L	0.00067	0	0.99933	0
325	G	0.00057	0	0.99943	0
326	I	0.00001	0	0.99999	0
327	V	0.00000	0	1.00000	0
328	F	0.00000	0	1.00000	0
329	F	0.00000	0	1.00000	0
330	L	0.00000	0	1.00000	0
331	F	0.00000	0	1.00000	0
332	L	0.00000	0	1.00000	0
333	I	0.00000	0	1.00000	0
334	L	0.00000	0	1.00000	0
335	W	0.00000	0	1.00000	0
336	C	0.00000	0	1.00000	0
337	P	0.00000	0	1.00000	0
338	F	0.00000	0	1.00000	0
339	F	0.00000	0	1.00000	0
340	I	0.00000	9e-05	0.99991	0
341	T	0.00000	0.0015	0.99850	0
342	N	0.00000	0.01959	0.98041	0
343	I	0.00000	0.02787	0.97213	0
344	M	0.00000	0.06159	0.93841	0
345	S	0.00000	0.2482	0.75180	0
346	V	0.00000	0.33557	0.66443	0
347	L	0.00000	0.51223	0.48777	0
348	C	0.00000	0.96622	0.03378	0
349	K	0.00000	0.99986	0.00014	0
350	E	0.00000	0.99999	0.00001	0
351	A	0.00000	1	0.00000	0
352	C	0.00000	1	0.00000	0
353	D	0.00000	1	0.00000	0
354	E	0.00000	1	0.00000	0
355	G	0.00000	0.99999	0.00001	0
356	L	0.00000	0.99957	0.00043	0
357	L	0.00000	0.99913	0.00087	0
358	A	0.00000	0.99735	0.00265	0
359	E	0.00000	0.99258	0.00742	0
360	L	0.00000	0.9691	0.03090	0
361	L	0.00000	0.9568	0.04320	0
362	E	0.00000	0.72744	0.27256	0
363	V	0.00000	0.00522	0.99478	0
364	F	0.00000	0.0002	0.99980	0
365	V	0.00000	0	1.00000	0
366	W	0.00000	0	1.00000	0
367	V	0.00000	0	1.00000	0
368	G	0.00000	0	1.00000	0
369	Y	0.00000	0	1.00000	0
370	I	0.00000	0	1.00000	0
371	C	0.00000	0	1.00000	0
372	S	0.00000	0	1.00000	0
373	G	0.00000	0	1.00000	0
374	I	0.00000	0	1.00000	0
375	N	0.00000	0	1.00000	0
376	P	0.00000	0	1.00000	0
377	L	0.00000	0	1.00000	0
378	V	0.00000	0	1.00000	0
379	Y	0.00003	0	0.99997	0
380	T	0.00011	0	0.99989	0
381	L	0.00089	0	0.99911	0
382	F	0.06314	0	0.93686	0
383	N	0.53939	0	0.46061	0
384	K	1.00000	0	0.00000	0
385	T	1.00000	0	0.00000	0
386	Y	1.00000	0	0.00000	0
387	R	1.00000	0	0.00000	0
388	R	1.00000	0	0.00000	0
389	A	1.00000	0	0.00000	0
390	F	1.00000	0	0.00000	0
391	A	1.00000	0	0.00000	0
392	S	1.00000	0	0.00000	0
393	Y	1.00000	0	0.00000	0
394	I	1.00000	0	0.00000	0
395	R	1.00000	0	0.00000	0
396	C	1.00000	0	0.00000	0
397	Q	1.00000	0	0.00000	0
398	Y	1.00000	0	0.00000	0
399	T	1.00000	0	0.00000	0
400	T	1.00000	0	0.00000	0
401	N	1.00000	0	0.00000	0
402	T	1.00000	0	0.00000	0
403	K	1.00000	0	0.00000	0
404	S	1.00000	0	0.00000	0
405	T	1.00000	0	0.00000	0
406	L	1.00000	0	0.00000	0
407	R	1.00000	0	0.00000	0
408	Q	1.00000	0	0.00000	0
409	N	1.00000	0	0.00000	0
410	P	1.00000	0	0.00000	0
411	C	1.00000	0	0.00000	0
412	L	1.00000	0	0.00000	0
413	N	1.00000	0	0.00000	0
414	V	1.00000	0	0.00000	0
415	A	1.00000	0	0.00000	0
416	S	1.00000	0	0.00000	0
417	T	1.00000	0	0.00000	0
418	A	1.00000	0	0.00000	0
419	S	1.00000	0	0.00000	0
420	Y	1.00000	0	0.00000	0
421	G	1.00000	0	0.00000	0
422	K	1.00000	0	0.00000	0
423	D	1.00000	0	0.00000	0
424	L	1.00000	0	0.00000	0
425	A	1.00000	0	0.00000	0
426	L	1.00000	0	0.00000	0
427	N	1.00000	0	0.00000	0
428	S	1.00000	0	0.00000	0
429	Y	1.00000	0	0.00000	0
430	R	1.00000	0	0.00000	0
431	N	1.00000	0	0.00000	0
432	G	1.00000	0	0.00000	0
433	N	1.00000	0	0.00000	0
434	E	1.00000	0	0.00000	0
435	L	1.00000	0	0.00000	0
436	N	1.00000	0	0.00000	0
437	S	1.00000	0	0.00000	0
438	M	1.00000	0	0.00000	0
439	E	1.00000	0	0.00000	0
440	L	1.00000	0	0.00000	0
441	D	1.00000	0	0.00000	0
442	E	1.00000	0	0.00000	0
443	T	1.00000	0	0.00000	0
444	E	1.00000	0	0.00000	0
445	E	1.00000	0	0.00000	0
446	G	1.00000	0	0.00000	0
447	L	1.00000	0	0.00000	0
448	E	1.00000	0	0.00000	0
449	M	1.00000	0	0.00000	0
450	Q	1.00000	0	0.00000	0
451	P	1.00000	0	0.00000	0
452	G	1.00000	0	0.00000	0
453	T	1.00000	0	0.00000	0
454	S	1.00000	0	0.00000	0
455	E	1.00000	0	0.00000	0
456	L	1.00000	0	0.00000	0
457	S	1.00000	0	0.00000	0
458	I	1.00000	0	0.00000	0
459	N	1.00000	0	0.00000	0
460	S	1.00000	0	0.00000	0
461	C	1.00000	0	0.00000	0
462	N	1.00000	0	0.00000	0
463	V	1.00000	0	0.00000	0
464	V	1.00000	0	0.00000	0
465	S	1.00000	0	0.00000	0
466	E	1.00000	0	0.00000	0
467	R	1.00000	0	0.00000	0
468	V	1.00000	0	0.00000	0
469	S	1.00000	0	0.00000	0
470	C	1.00000	0	0.00000	0
471	V	1.00000	0	0.00000	0
