# UNNAMED
#pos	aa	i	o	M	S
1	M	0.00000	0.99934	0.00000	0.00066
2	G	0.00000	0.99934	0.00000	0.00067
3	N	0.00000	0.99934	0.00000	0.00066
4	P	0.00000	0.99934	0.00000	0.00066
5	E	0.00000	0.99934	0.00000	0.00066
6	A	0.00000	0.99934	0.00000	0.00067
7	S	0.00000	0.99934	0.00000	0.00067
8	C	0.00000	0.99934	0.00000	0.00066
9	A	0.00000	0.99934	0.00000	0.00066
10	P	0.00000	0.99934	0.00000	0.00066
11	P	0.00000	0.99934	0.00000	0.00067
12	P	0.00000	0.99934	0.00000	0.00067
13	L	0.00000	0.99934	0.00000	0.00067
14	A	0.00000	0.99934	0.00000	0.00066
15	G	0.00000	0.99934	0.00000	0.00066
16	S	0.00000	0.99941	0.00000	0.00059
17	Q	0.00000	0.99983	0.00000	0.00017
18	A	0.00000	0.99986	0.00000	0.00014
19	G	0.00000	0.99997	0.00000	3e-05
20	L	0.00000	0.99997	0.00000	3e-05
21	P	0.00000	0.99997	0.00000	3e-05
22	Y	0.00000	0.99997	0.00000	3e-05
23	S	0.00000	0.99997	0.00000	3e-05
24	N	0.00000	0.99997	0.00000	3e-05
25	L	0.00000	0.99997	0.00000	3e-05
26	T	0.00000	0.99997	0.00000	3e-05
27	S	0.00000	0.99998	0.00000	2e-05
28	A	0.00000	1	0.00000	0
29	P	0.00000	1	0.00000	0
30	P	0.00000	1	0.00000	0
31	N	0.00000	1	0.00000	0
32	N	0.00000	1	0.00000	0
33	C	0.00000	1	0.00000	0
34	S	0.00000	1	0.00000	0
35	A	0.00000	1	0.00000	0
36	P	0.00000	1	0.00000	0
37	S	0.00000	1	0.00000	0
38	H	0.00000	1	0.00000	0
39	I	0.00000	1	0.00000	0
40	Y	0.00000	1	0.00000	0
41	Q	0.00000	1	0.00000	0
42	D	0.00000	1	0.00000	0
43	S	0.00000	0.99999	0.00001	0
44	I	0.00000	0.99568	0.00432	0
45	A	0.00000	0.98704	0.01296	0
46	L	0.00000	0.97245	0.02755	0
47	P	0.00000	0.96245	0.03755	0
48	W	0.00000	0.92907	0.07093	0
49	K	0.00000	0.92099	0.07901	0
50	V	0.00000	0.39816	0.60184	0
51	L	0.00000	0.16156	0.83844	0
52	L	0.00000	0.06636	0.93364	0
53	A	0.00000	0.02554	0.97446	0
54	V	0.00000	0.00901	0.99099	0
55	V	0.00000	0.00195	0.99805	0
56	L	0.00000	0.00017	0.99983	0
57	A	0.00000	1e-05	0.99999	0
58	L	0.00000	0	1.00000	0
59	I	0.00000	0	1.00000	0
60	T	0.00000	0	1.00000	0
61	L	0.00000	0	1.00000	0
62	A	0.00000	0	1.00000	0
63	T	0.00000	0	1.00000	0
64	T	0.00000	0	1.00000	0
65	L	0.00000	0	1.00000	0
66	S	0.00000	0	1.00000	0
67	N	0.00000	0	1.00000	0
68	A	0.00000	0	1.00000	0
69	F	0.00000	0	1.00000	0
70	V	0.00004	0	0.99996	0
71	I	0.00044	0	0.99956	0
72	A	0.03085	0	0.96915	0
73	T	0.39347	0	0.60653	0
74	V	0.51107	0	0.48893	0
75	Y	0.71156	0	0.28844	0
76	R	0.99621	0	0.00379	0
77	T	0.99969	0	0.00031	0
78	R	0.99999	0	0.00001	0
79	K	1.00000	0	0.00000	0
80	L	1.00000	0	0.00000	0
81	H	1.00000	0	0.00000	0
82	T	1.00000	0	0.00000	0
83	P	1.00000	0	0.00000	0
84	A	0.35321	0	0.64679	0
85	N	0.04824	0	0.95176	0
86	Y	0.01153	0	0.98847	0
87	L	0.00011	0	0.99989	0
88	I	0.00000	0	1.00000	0
89	A	0.00000	0	1.00000	0
90	S	0.00000	0	1.00000	0
91	L	0.00000	0	1.00000	0
92	A	0.00000	0	1.00000	0
93	V	0.00000	0	1.00000	0
94	T	0.00000	0	1.00000	0
95	D	0.00000	0	1.00000	0
96	L	0.00000	0	1.00000	0
97	L	0.00000	0	1.00000	0
98	V	0.00000	0	1.00000	0
99	S	0.00000	0	1.00000	0
100	I	0.00000	0	1.00000	0
101	L	0.00000	0	1.00000	0
102	V	0.00000	1e-05	0.99999	0
103	M	0.00000	0.00056	0.99944	0
104	P	0.00000	0.00871	0.99129	0
105	I	0.00000	0.15695	0.84305	0
106	S	0.00000	0.6677	0.33230	0
107	T	0.00000	0.83765	0.16235	0
108	M	0.00000	0.88695	0.11305	0
109	Y	0.00000	0.99994	0.00006	0
110	T	0.00000	0.99996	0.00004	0
111	V	0.00000	0.99997	0.00003	0
112	T	0.00000	0.99999	0.00001	0
113	G	0.00000	1	0.00000	0
114	R	0.00000	1	0.00000	0
115	W	0.00000	1	0.00000	0
116	T	0.00000	1	0.00000	0
117	L	0.00000	1	0.00000	0
118	G	0.00000	1	0.00000	0
119	Q	0.00000	0.99996	0.00004	0
120	A	0.00000	0.999	0.00100	0
121	L	0.00000	0.9984	0.00160	0
122	C	0.00000	0.99801	0.00199	0
123	D	0.00000	0.99624	0.00376	0
124	F	0.00000	0.99338	0.00662	0
125	W	0.00000	0.8215	0.17850	0
126	L	0.00000	0.0974	0.90260	0
127	S	0.00000	0.01843	0.98157	0
128	S	0.00000	0.00348	0.99652	0
129	D	0.00000	0.00131	0.99869	0
130	I	0.00000	4e-05	0.99996	0
131	T	0.00000	0	1.00000	0
132	C	0.00000	0	1.00000	0
133	C	0.00000	0	1.00000	0
134	T	0.00000	0	1.00000	0
135	A	0.00000	0	1.00000	0
136	S	0.00000	0	1.00000	0
137	I	0.00000	0	1.00000	0
138	M	0.00000	0	1.00000	0
139	H	0.00000	0	1.00000	0
140	L	0.00000	0	1.00000	0
141	C	0.00000	0	1.00000	0
142	V	0.00000	0	1.00000	0
143	I	0.00000	0	1.00000	0
144	A	0.00002	0	0.99998	0
145	L	0.00002	0	0.99998	0
146	D	0.00007	0	0.99993	0
147	R	0.10953	0	0.89047	0
148	Y	0.45158	0	0.54842	0
149	W	0.47926	0	0.52074	0
150	A	0.79613	0	0.20387	0
151	I	0.99997	0	0.00003	0
152	T	1.00000	0	0.00000	0
153	D	1.00000	0	0.00000	0
154	A	1.00000	0	0.00000	0
155	V	1.00000	0	0.00000	0
156	G	1.00000	0	0.00000	0
157	Y	1.00000	0	0.00000	0
158	S	1.00000	0	0.00000	0
159	A	1.00000	0	0.00000	0
160	K	1.00000	0	0.00000	0
161	R	1.00000	0	0.00000	0
162	T	1.00000	0	0.00000	0
163	P	0.99998	0	0.00002	0
164	R	0.99934	0	0.00066	0
165	R	0.96496	0	0.03504	0
166	A	0.15958	0	0.84042	0
167	A	0.02743	0	0.97257	0
168	G	0.00887	0	0.99113	0
169	M	0.00092	0	0.99908	0
170	I	0.00000	0	1.00000	0
171	A	0.00000	0	1.00000	0
172	L	0.00000	0	1.00000	0
173	V	0.00000	0	1.00000	0
174	W	0.00000	0	1.00000	0
175	G	0.00000	0	1.00000	0
176	F	0.00000	0	1.00000	0
177	S	0.00000	0	1.00000	0
178	I	0.00000	0	1.00000	0
179	C	0.00000	0	1.00000	0
180	I	0.00000	0	1.00000	0
181	S	0.00000	0	1.00000	0
182	L	0.00000	0	1.00000	0
183	P	0.00000	0	1.00000	0
184	P	0.00000	2e-05	0.99998	0
185	F	0.00000	0.00076	0.99924	0
186	F	0.00000	0.03018	0.96982	0
187	W	0.00000	0.48106	0.51894	0
188	R	0.00000	0.96008	0.03992	0
189	Q	0.00000	0.99025	0.00975	0
190	A	0.00000	0.99516	0.00484	0
191	K	0.00000	0.99997	0.00003	0
192	A	0.00000	0.99999	0.00001	0
193	E	0.00000	1	0.00000	0
194	E	0.00000	1	0.00000	0
195	E	0.00000	1	0.00000	0
196	V	0.00000	1	0.00000	0
197	L	0.00000	1	0.00000	0
198	D	0.00000	1	0.00000	0
199	C	0.00000	1	0.00000	0
200	L	0.00000	1	0.00000	0
201	V	0.00000	1	0.00000	0
202	N	0.00000	1	0.00000	0
203	T	0.00000	0.99999	0.00001	0
204	D	0.00000	0.99996	0.00004	0
205	H	0.00000	0.98228	0.01772	0
206	V	0.00000	0.8102	0.18980	0
207	L	0.00000	0.28566	0.71434	0
208	Y	0.00000	0.26002	0.73998	0
209	T	0.00000	0.23604	0.76396	0
210	V	0.00000	0.00462	0.99538	0
211	Y	0.00000	0.00186	0.99814	0
212	S	0.00000	0.00144	0.99856	0
213	T	0.00000	7e-05	0.99993	0
214	V	0.00000	4e-05	0.99996	0
215	G	0.00000	0	1.00000	0
216	A	0.00000	0	1.00000	0
217	F	0.00000	0	1.00000	0
218	Y	0.00000	0	1.00000	0
219	L	0.00000	0	1.00000	0
220	P	0.00000	0	1.00000	0
221	T	0.00000	0	1.00000	0
222	L	0.00000	0	1.00000	0
223	L	0.00000	0	1.00000	0
224	L	0.00000	0	1.00000	0
225	I	0.00000	0	1.00000	0
226	A	0.00000	0	1.00000	0
227	L	0.00012	0	0.99988	0
228	Y	0.00378	0	0.99622	0
229	G	0.10816	0	0.89184	0
230	R	0.25976	0	0.74024	0
231	I	0.27129	0	0.72871	0
232	Y	0.33492	0	0.66508	0
233	V	0.70727	0	0.29273	0
234	E	0.98546	0	0.01454	0
235	A	0.99983	0	0.00017	0
236	R	0.99999	0	0.00001	0
237	S	1.00000	0	0.00000	0
238	R	1.00000	0	0.00000	0
239	I	1.00000	0	0.00000	0
240	L	1.00000	0	0.00000	0
241	K	1.00000	0	0.00000	0
242	Q	1.00000	0	0.00000	0
243	T	1.00000	0	0.00000	0
244	P	1.00000	0	0.00000	0
245	N	1.00000	0	0.00000	0
246	R	1.00000	0	0.00000	0
247	T	1.00000	0	0.00000	0
248	G	1.00000	0	0.00000	0
249	K	1.00000	0	0.00000	0
250	R	1.00000	0	0.00000	0
251	L	1.00000	0	0.00000	0
252	T	1.00000	0	0.00000	0
253	R	1.00000	0	0.00000	0
254	A	1.00000	0	0.00000	0
255	Q	1.00000	0	0.00000	0
256	L	1.00000	0	0.00000	0
257	I	1.00000	0	0.00000	0
258	T	1.00000	0	0.00000	0
259	D	1.00000	0	0.00000	0
260	S	1.00000	0	0.00000	0
261	P	1.00000	0	0.00000	0
262	G	1.00000	0	0.00000	0
263	S	1.00000	0	0.00000	0
264	T	1.00000	0	0.00000	0
265	S	1.00000	0	0.00000	0
266	S	1.00000	0	0.00000	0
267	V	1.00000	0	0.00000	0
268	T	1.00000	0	0.00000	0
269	S	1.00000	0	0.00000	0
270	I	1.00000	0	0.00000	0
271	N	1.00000	0	0.00000	0
272	S	1.00000	0	0.00000	0
273	R	1.00000	0	0.00000	0
274	A	1.00000	0	0.00000	0
275	P	1.00000	0	0.00000	0
276	E	1.00000	0	0.00000	0
277	V	1.00000	0	0.00000	0
278	P	1.00000	0	0.00000	0
279	S	1.00000	0	0.00000	0
280	E	1.00000	0	0.00000	0
281	S	1.00000	0	0.00000	0
282	G	1.00000	0	0.00000	0
283	S	1.00000	0	0.00000	0
284	P	1.00000	0	0.00000	0
285	V	1.00000	0	0.00000	0
286	Y	1.00000	0	0.00000	0
287	V	1.00000	0	0.00000	0
288	N	1.00000	0	0.00000	0
289	Q	1.00000	0	0.00000	0
290	V	1.00000	0	0.00000	0
291	K	1.00000	0	0.00000	0
292	V	1.00000	0	0.00000	0
293	R	1.00000	0	0.00000	0
294	V	1.00000	0	0.00000	0
295	S	1.00000	0	0.00000	0
296	D	1.00000	0	0.00000	0
297	A	1.00000	0	0.00000	0
298	L	1.00000	0	0.00000	0
299	L	1.00000	0	0.00000	0
300	E	1.00000	0	0.00000	0
301	K	1.00000	0	0.00000	0
302	K	1.00000	0	0.00000	0
303	K	1.00000	0	0.00000	0
304	L	1.00000	0	0.00000	0
305	M	1.00000	0	0.00000	0
306	A	1.00000	0	0.00000	0
307	A	1.00000	0	0.00000	0
308	R	1.00000	0	0.00000	0
309	E	1.00000	0	0.00000	0
310	R	0.99717	0	0.00283	0
311	K	0.99683	0	0.00317	0
312	A	0.72300	0	0.27700	0
313	T	0.69531	0	0.30469	0
314	K	0.69303	0	0.30697	0
315	T	0.69061	0	0.30939	0
316	L	0.00782	0	0.99218	0
317	G	0.00154	0	0.99846	0
318	V	0.00013	0	0.99987	0
319	I	0.00007	0	0.99993	0
320	L	0.00000	0	1.00000	0
321	G	0.00000	0	1.00000	0
322	A	0.00000	0	1.00000	0
323	F	0.00000	0	1.00000	0
324	I	0.00000	0	1.00000	0
325	V	0.00000	0	1.00000	0
326	C	0.00000	0	1.00000	0
327	W	0.00000	0	1.00000	0
328	L	0.00000	0	1.00000	0
329	P	0.00000	0	1.00000	0
330	F	0.00000	0	1.00000	0
331	F	0.00000	0	1.00000	0
332	I	0.00000	1e-05	0.99999	0
333	I	0.00000	0.00022	0.99978	0
334	S	0.00000	0.00188	0.99812	0
335	L	0.00000	0.0046	0.99540	0
336	V	0.00000	0.01818	0.98182	0
337	M	0.00000	0.05397	0.94603	0
338	P	0.00000	0.32729	0.67271	0
339	I	0.00000	0.43468	0.56532	0
340	C	0.00000	0.94802	0.05198	0
341	Q	0.00000	0.99377	0.00623	0
342	D	0.00000	0.99996	0.00004	0
343	A	0.00000	0.99989	0.00011	0
344	C	0.00000	0.99948	0.00052	0
345	W	0.00000	0.99607	0.00393	0
346	F	0.00000	0.99141	0.00859	0
347	H	0.00000	0.98704	0.01296	0
348	V	0.00000	0.97325	0.02675	0
349	A	0.00000	0.96583	0.03417	0
350	I	0.00000	0.95899	0.04101	0
351	F	0.00000	0.95719	0.04281	0
352	D	0.00000	0.90747	0.09253	0
353	F	0.00000	0.00881	0.99119	0
354	F	0.00000	0.00039	0.99961	0
355	N	0.00000	2e-05	0.99998	0
356	W	0.00000	0	1.00000	0
357	L	0.00000	0	1.00000	0
358	G	0.00000	0	1.00000	0
359	Y	0.00000	0	1.00000	0
360	L	0.00000	0	1.00000	0
361	N	0.00000	0	1.00000	0
362	S	0.00000	0	1.00000	0
363	L	0.00000	0	1.00000	0
364	I	0.00000	0	1.00000	0
365	N	0.00001	0	0.99999	0
366	P	0.00001	0	0.99999	0
367	I	0.00002	0	0.99998	0
368	I	0.00027	0	0.99973	0
369	Y	0.00087	0	0.99913	0
370	T	0.00187	0	0.99813	0
371	M	0.00499	0	0.99501	0
372	S	0.06840	0	0.93160	0
373	N	0.35274	0	0.64726	0
374	E	1.00000	0	0.00000	0
375	D	1.00000	0	0.00000	0
376	F	1.00000	0	0.00000	0
377	K	1.00000	0	0.00000	0
378	Q	1.00000	0	0.00000	0
379	A	1.00000	0	0.00000	0
380	F	1.00000	0	0.00000	0
381	H	1.00000	0	0.00000	0
382	K	1.00000	0	0.00000	0
383	L	1.00000	0	0.00000	0
384	I	1.00000	0	0.00000	0
385	R	1.00000	0	0.00000	0
386	F	1.00000	0	0.00000	0
387	K	1.00000	0	0.00000	0
388	C	1.00000	0	0.00000	0
389	T	1.00000	0	0.00000	0
390	T	1.00000	0	0.00000	0
