# UNNAMED
#pos	aa	i	o	M	S
1	M	0.00000	0.50443	0.00000	0.49557
2	S	0.00000	0.50443	0.00000	0.49557
3	S	0.00000	0.50443	0.00000	0.49557
4	N	0.00000	0.50443	0.00000	0.49557
5	S	0.00000	0.50443	0.00000	0.49557
6	T	0.00000	0.50443	0.00000	0.49557
7	D	0.00000	0.50443	0.00000	0.49557
8	P	0.00000	0.50443	0.00000	0.49558
9	G	0.00000	0.50443	0.00000	0.49557
10	L	0.00000	0.50443	0.00000	0.49558
11	I	0.00000	0.50443	0.00000	0.49557
12	L	0.00000	0.50443	0.00000	0.49558
13	T	0.00000	0.50443	0.00000	0.49557
14	A	0.00000	0.50443	0.00000	0.49557
15	S	0.00000	0.50443	0.00000	0.49557
16	T	0.00000	0.50443	0.00000	0.49557
17	L	0.00000	0.50443	0.00000	0.49557
18	P	0.00000	0.50443	0.00000	0.49557
19	P	0.00000	0.50443	0.00000	0.49558
20	L	0.00000	0.50443	0.00000	0.49558
21	A	0.00000	0.50443	0.00000	0.49557
22	A	0.00000	0.50444	0.00000	0.49557
23	A	0.00000	0.73147	0.00000	0.26853
24	Y	0.00000	0.91359	0.00000	0.08641
25	S	0.00000	0.91359	0.00000	0.08641
26	Q	0.00000	0.99453	0.00000	0.00546
27	S	0.00000	0.99454	0.00000	0.00546
28	N	0.00000	1	0.00000	0
29	A	0.00000	1	0.00000	0
30	P	0.00000	1	0.00000	0
31	Y	0.00000	1	0.00000	0
32	Q	0.00000	1	0.00000	0
33	G	0.00000	1	0.00000	0
34	G	0.00000	1	0.00000	0
35	T	0.00000	1	0.00000	0
36	G	0.00000	1	0.00000	0
37	G	0.00000	1	0.00000	0
38	T	0.00000	1	0.00000	0
39	P	0.00000	1	0.00000	0
40	V	0.00000	1	0.00000	0
41	V	0.00000	1	0.00000	0
42	Y	0.00000	1	0.00000	0
43	H	0.00000	1	0.00000	0
44	A	0.00000	1	0.00000	0
45	M	0.00000	1	0.00000	0
46	D	0.00000	1	0.00000	0
47	D	0.00000	1	0.00000	0
48	N	0.00000	1	0.00000	0
49	S	0.00000	1	0.00000	0
50	S	0.00000	1	0.00000	0
51	S	0.00000	1	0.00000	0
52	I	0.00000	1	0.00000	0
53	G	0.00000	1	0.00000	0
54	K	0.00000	1	0.00000	0
55	L	0.00000	1	0.00000	0
56	L	0.00000	1	0.00000	0
57	T	0.00000	1	0.00000	0
58	S	0.00000	1	0.00000	0
59	T	0.00000	1	0.00000	0
60	L	0.00000	1	0.00000	0
61	E	0.00000	1	0.00000	0
62	P	0.00000	1	0.00000	0
63	Q	0.00000	1	0.00000	0
64	N	0.00000	1	0.00000	0
65	W	0.00000	1	0.00000	0
66	T	0.00000	1	0.00000	0
67	A	0.00000	1	0.00000	0
68	V	0.00000	1	0.00000	0
69	P	0.00000	1	0.00000	0
70	D	0.00000	1	0.00000	0
71	P	0.00000	1	0.00000	0
72	L	0.00000	0.99999	0.00001	0
73	G	0.00000	0.99999	0.00001	0
74	G	0.00000	0.99799	0.00201	0
75	H	0.00000	0.98114	0.01886	0
76	A	0.00000	0.93066	0.06934	0
77	V	0.00000	0.84756	0.15244	0
78	W	0.00000	0.74758	0.25242	0
79	Q	0.00000	0.6833	0.31670	0
80	V	0.00000	0.18092	0.81908	0
81	V	0.00000	0.03736	0.96264	0
82	I	0.00000	0.00702	0.99298	0
83	I	0.00000	0.00032	0.99968	0
84	V	0.00000	4e-05	0.99996	0
85	L	0.00000	1e-05	0.99999	0
86	M	0.00000	0	1.00000	0
87	T	0.00000	0	1.00000	0
88	S	0.00000	0	1.00000	0
89	M	0.00000	0	1.00000	0
90	L	0.00000	0	1.00000	0
91	S	0.00000	0	1.00000	0
92	L	0.00000	0	1.00000	0
93	V	0.00000	0	1.00000	0
94	T	0.00000	0	1.00000	0
95	I	0.00000	0	1.00000	0
96	I	0.00000	0	1.00000	0
97	G	0.00000	0	1.00000	0
98	N	0.00001	0	0.99999	0
99	I	0.00001	0	0.99999	0
100	L	0.00012	0	0.99988	0
101	V	0.00072	0	0.99928	0
102	V	0.00304	0	0.99696	0
103	V	0.04323	0	0.95677	0
104	S	0.67238	0	0.32762	0
105	F	0.73377	0	0.26623	0
106	K	0.99306	0	0.00694	0
107	V	0.99652	0	0.00348	0
108	N	0.99991	0	0.00009	0
109	R	1.00000	0	0.00000	0
110	Q	1.00000	0	0.00000	0
111	L	0.99989	0	0.00011	0
112	K	0.99965	0	0.00035	0
113	T	0.95857	0	0.04143	0
114	V	0.59271	0	0.40729	0
115	N	0.29017	0	0.70983	0
116	N	0.06294	0	0.93706	0
117	Y	0.02518	0	0.97482	0
118	F	0.00044	0	0.99956	0
119	L	0.00003	0	0.99997	0
120	L	0.00000	0	1.00000	0
121	S	0.00000	0	1.00000	0
122	L	0.00000	0	1.00000	0
123	A	0.00000	0	1.00000	0
124	V	0.00000	0	1.00000	0
125	A	0.00000	0	1.00000	0
126	D	0.00000	0	1.00000	0
127	L	0.00000	0	1.00000	0
128	I	0.00000	0	1.00000	0
129	I	0.00000	0	1.00000	0
130	G	0.00000	0	1.00000	0
131	V	0.00000	0	1.00000	0
132	I	0.00000	0.00179	0.99821	0
133	S	0.00000	0.0956	0.90440	0
134	M	0.00000	0.14813	0.85187	0
135	N	0.00000	0.56542	0.43458	0
136	L	0.00000	0.59563	0.40437	0
137	Y	0.00000	0.68545	0.31455	0
138	T	0.00000	0.70667	0.29333	0
139	A	0.00000	0.74444	0.25556	0
140	Y	0.00000	0.76736	0.23264	0
141	L	0.00000	0.77934	0.22066	0
142	V	0.00000	0.80884	0.19116	0
143	M	0.00000	0.84149	0.15851	0
144	G	0.00000	0.93565	0.06435	0
145	Y	0.00000	0.99067	0.00933	0
146	W	0.00000	0.99565	0.00435	0
147	A	0.00000	0.99937	0.00063	0
148	M	0.00000	0.99988	0.00012	0
149	G	0.00000	1	0.00000	0
150	N	0.00000	1	0.00000	0
151	W	0.00000	1	0.00000	0
152	A	0.00000	1	0.00000	0
153	C	0.00000	1	0.00000	0
154	D	0.00000	0.99997	0.00003	0
155	L	0.00000	0.9995	0.00050	0
156	W	0.00000	0.94869	0.05131	0
157	L	0.00000	0.46332	0.53668	0
158	A	0.00000	0.10651	0.89349	0
159	V	0.00000	0.00341	0.99659	0
160	D	0.00000	0.00015	0.99985	0
161	Y	0.00000	4e-05	0.99996	0
162	V	0.00000	3e-05	0.99997	0
163	A	0.00000	3e-05	0.99997	0
164	S	0.00000	3e-05	0.99997	0
165	N	0.00000	3e-05	0.99997	0
166	A	0.00000	3e-05	0.99997	0
167	S	0.00000	3e-05	0.99997	0
168	V	0.00000	3e-05	0.99997	0
169	M	0.00000	3e-05	0.99997	0
170	N	0.00000	3e-05	0.99997	0
171	L	0.00000	3e-05	0.99997	0
172	L	0.00000	3e-05	0.99997	0
173	V	0.00000	3e-05	0.99997	0
174	I	0.00000	3e-05	0.99997	0
175	S	0.00000	3e-05	0.99997	0
176	F	0.00000	3e-05	0.99997	0
177	D	0.00006	3e-05	0.99991	0
178	R	0.04775	3e-05	0.95222	0
179	Y	0.24643	3e-05	0.75354	0
180	F	0.61090	3e-05	0.38908	0
181	S	0.90943	3e-05	0.09054	0
182	I	0.99993	3e-05	0.00004	0
183	T	0.99997	3e-05	0.00000	0
184	R	0.99997	3e-05	0.00000	0
185	P	0.99997	3e-05	0.00000	0
186	L	0.99997	3e-05	0.00000	0
187	T	0.99997	3e-05	0.00000	0
188	Y	0.99997	3e-05	0.00000	0
189	R	0.99997	3e-05	0.00000	0
190	A	0.99997	3e-05	0.00000	0
191	K	0.99997	3e-05	0.00000	0
192	R	0.99997	3e-05	0.00000	0
193	T	0.99997	3e-05	0.00000	0
194	T	0.99995	3e-05	0.00002	0
195	K	0.99980	3e-05	0.00017	0
196	R	0.98368	3e-05	0.01629	0
197	A	0.27906	2e-05	0.72091	0
198	G	0.16392	2e-05	0.83606	0
199	I	0.01775	0	0.98224	0
200	M	0.00679	0	0.99321	0
201	I	0.00011	0	0.99989	0
202	G	0.00002	0	0.99998	0
203	L	0.00000	0	1.00000	0
204	A	0.00000	0	1.00000	0
205	W	0.00000	0	1.00000	0
206	F	0.00000	0	1.00000	0
207	V	0.00000	0	1.00000	0
208	S	0.00000	0	1.00000	0
209	L	0.00000	0	1.00000	0
210	V	0.00000	0	1.00000	0
211	L	0.00000	0	1.00000	0
212	W	0.00000	0	1.00000	0
213	A	0.00000	0	1.00000	0
214	P	0.00000	0	1.00000	0
215	A	0.00000	0	1.00000	0
216	I	0.00000	0.00018	0.99982	0
217	L	0.00000	0.00572	0.99428	0
218	L	0.00000	0.08034	0.91966	0
219	W	0.00000	0.35693	0.64307	0
220	Q	0.00000	0.84178	0.15822	0
221	F	0.00000	0.86852	0.13148	0
222	L	0.00000	0.92469	0.07531	0
223	E	0.00000	0.99936	0.00064	0
224	G	0.00003	0.99993	0.00004	0
225	E	0.00003	0.99997	0.00000	0
226	R	0.00003	0.99997	0.00000	0
227	T	0.00003	0.99997	0.00000	0
228	V	0.00003	0.99997	0.00000	0
229	P	0.00003	0.99997	0.00000	0
230	S	0.00003	0.99997	0.00000	0
231	G	0.00003	0.99997	0.00000	0
232	E	0.00003	0.99997	0.00000	0
233	C	0.00003	0.99997	0.00000	0
234	Y	0.00003	0.99995	0.00003	0
235	I	0.00003	0.99989	0.00008	0
236	Q	0.00003	0.99892	0.00105	0
237	F	0.00003	0.99868	0.00130	0
238	L	0.00003	0.99851	0.00146	0
239	S	0.00003	0.99808	0.00189	0
240	Q	0.00003	0.99747	0.00250	0
241	P	0.00003	0.95838	0.04160	0
242	I	0.00000	0.94185	0.05814	0
243	I	0.00000	0.93681	0.06319	0
244	T	0.00000	0.92858	0.07142	0
245	F	0.00000	0.92488	0.07512	0
246	C	0.00000	0.92452	0.07548	0
247	T	0.00000	0.92428	0.07572	0
248	A	0.00000	0.92409	0.07591	0
249	M	0.00000	0.92409	0.07591	0
250	A	0.00000	0.92409	0.07591	0
251	A	0.00000	0.92409	0.07591	0
252	F	0.00000	0.92409	0.07591	0
253	Y	0.00000	0.92409	0.07591	0
254	L	0.00000	0.92409	0.07591	0
255	P	0.00000	0.92409	0.07591	0
256	V	0.00000	0.92409	0.07591	0
257	T	0.00000	0.92409	0.07591	0
258	I	0.00000	0.92409	0.07591	0
259	M	0.00000	0.92409	0.07591	0
260	S	0.00001	0.92409	0.07591	0
261	V	0.00001	0.92409	0.07590	0
262	L	0.00003	0.92409	0.07588	0
263	Y	0.00012	0.9241	0.07578	0
264	W	0.00069	0.92411	0.07521	0
265	R	0.01298	0.92412	0.06290	0
266	I	0.01530	0.92412	0.06059	0
267	Y	0.02522	0.92412	0.05067	0
268	K	0.07549	0.92412	0.00040	0
269	E	0.07587	0.92412	0.00002	0
270	T	0.07588	0.92412	0.00000	0
271	Q	0.07588	0.92412	0.00000	0
272	N	0.07588	0.92412	0.00000	0
273	R	0.07588	0.92412	0.00000	0
274	S	0.07588	0.92412	0.00000	0
275	K	0.07588	0.92412	0.00000	0
276	E	0.07588	0.92412	0.00000	0
277	L	0.07588	0.92412	0.00000	0
278	A	0.07588	0.92412	0.00000	0
279	G	0.07588	0.92412	0.00000	0
280	L	0.07588	0.92412	0.00000	0
281	Q	0.07588	0.92412	0.00000	0
282	G	0.07588	0.92412	0.00000	0
283	S	0.07588	0.92412	0.00000	0
284	G	0.07588	0.92412	0.00000	0
285	G	0.07588	0.92412	0.00000	0
286	I	0.07588	0.92412	0.00000	0
287	G	0.07588	0.92412	0.00000	0
288	A	0.07588	0.92412	0.00000	0
289	R	0.07588	0.92412	0.00000	0
290	G	0.07588	0.92412	0.00000	0
291	V	0.07588	0.92412	0.00000	0
292	N	0.07588	0.92412	0.00000	0
293	G	0.07588	0.92412	0.00000	0
294	G	0.07588	0.92412	0.00000	0
295	G	0.07588	0.92412	0.00000	0
296	E	0.07588	0.92412	0.00000	0
297	R	0.07588	0.92412	0.00000	0
298	A	0.07588	0.92412	0.00000	0
299	R	0.07588	0.92412	0.00000	0
300	F	0.07588	0.92412	0.00000	0
301	V	0.07588	0.92412	0.00000	0
302	H	0.07588	0.92412	0.00000	0
303	Q	0.07588	0.92412	0.00000	0
304	T	0.07588	0.92412	0.00000	0
305	G	0.07588	0.92412	0.00000	0
306	S	0.07588	0.92412	0.00000	0
307	S	0.07588	0.92412	0.00000	0
308	R	0.07588	0.92412	0.00000	0
309	S	0.07588	0.92412	0.00000	0
310	C	0.07588	0.92412	0.00000	0
311	S	0.07588	0.92412	0.00000	0
312	S	0.07588	0.92412	0.00000	0
313	Y	0.07588	0.92412	0.00000	0
314	E	0.07588	0.92412	0.00000	0
315	L	0.07588	0.92412	0.00000	0
316	T	0.07588	0.92412	0.00000	0
317	R	0.07588	0.92412	0.00000	0
318	L	0.07588	0.92412	0.00000	0
319	S	0.07588	0.92412	0.00000	0
320	R	0.07588	0.92412	0.00000	0
321	R	0.07588	0.92412	0.00000	0
322	K	0.07588	0.92412	0.00000	0
323	S	0.07588	0.92412	0.00000	0
324	T	0.07588	0.92412	0.00000	0
325	C	0.07588	0.92412	0.00000	0
326	R	0.07588	0.92412	0.00000	0
327	E	0.07588	0.92412	0.00000	0
328	L	0.07587	0.92412	0.00001	0
329	V	0.07587	0.92412	0.00001	0
330	G	0.07587	0.92412	0.00001	0
331	R	0.07587	0.92412	0.00001	0
332	F	0.07587	0.92412	0.00001	0
333	H	0.07587	0.92412	0.00001	0
334	C	0.07587	0.92412	0.00001	0
335	W	0.07587	0.92412	0.00001	0
336	P	0.07587	0.92412	0.00001	0
337	G	0.07587	0.92412	0.00001	0
338	V	0.07587	0.92412	0.00001	0
339	R	0.07587	0.92412	0.00001	0
340	S	0.07587	0.92412	0.00001	0
341	W	0.07587	0.92412	0.00001	0
342	R	0.07587	0.92412	0.00001	0
343	P	0.07587	0.92412	0.00001	0
344	G	0.07587	0.92412	0.00001	0
345	S	0.07587	0.92412	0.00001	0
346	M	0.07587	0.92412	0.00001	0
347	R	0.07587	0.92413	0.00000	0
348	Q	0.07587	0.92413	0.00000	0
349	G	0.07587	0.92413	0.00000	0
350	D	0.07587	0.92413	0.00000	0
351	G	0.07587	0.92413	0.00000	0
352	D	0.07587	0.92413	0.00000	0
353	P	0.07587	0.92413	0.00000	0
354	D	0.07587	0.92413	0.00000	0
355	Q	0.07587	0.92413	0.00000	0
356	S	0.07587	0.92413	0.00000	0
357	S	0.07587	0.92413	0.00000	0
358	S	0.07587	0.92413	0.00000	0
359	D	0.07587	0.92413	0.00000	0
360	S	0.07587	0.92413	0.00000	0
361	W	0.07587	0.92413	0.00000	0
362	N	0.07587	0.92413	0.00000	0
363	N	0.07587	0.92413	0.00000	0
364	N	0.07587	0.92413	0.00000	0
365	D	0.07587	0.92413	0.00000	0
366	A	0.07587	0.92413	0.00000	0
367	A	0.07587	0.92413	0.00000	0
368	V	0.07587	0.92413	0.00000	0
369	S	0.07587	0.92413	0.00000	0
370	L	0.07587	0.92413	0.00000	0
371	D	0.07587	0.92413	0.00000	0
372	Q	0.07587	0.92413	0.00000	0
373	S	0.07587	0.92413	0.00000	0
374	G	0.07587	0.92413	0.00000	0
375	S	0.07587	0.92413	0.00000	0
376	S	0.07587	0.92413	0.00000	0
377	E	0.07587	0.92413	0.00000	0
378	D	0.07587	0.92413	0.00000	0
379	E	0.07587	0.92413	0.00000	0
380	D	0.07587	0.92413	0.00000	0
381	C	0.07587	0.92413	0.00000	0
382	G	0.07587	0.92413	0.00000	0
383	G	0.07587	0.92403	0.00010	0
384	R	0.07587	0.92401	0.00012	0
385	D	0.07587	0.92306	0.00107	0
386	M	0.07587	0.0066	0.91753	0
387	I	0.07587	0.00188	0.92225	0
388	P	0.07587	0.00183	0.92230	0
389	Q	0.07587	0.00181	0.92232	0
390	S	0.07587	0.00041	0.92371	0
391	H	0.07587	0.00035	0.92378	0
392	A	0.07587	1e-05	0.92411	0
393	I	0.07587	1e-05	0.92412	0
394	F	0.07587	0	0.92413	0
395	S	0.07587	0	0.92413	0
396	I	0.07587	0	0.92413	0
397	V	0.07587	0	0.92413	0
398	L	0.07587	0	0.92413	0
399	S	0.07587	0	0.92413	0
400	L	0.07587	0	0.92413	0
401	P	0.07587	0	0.92413	0
402	G	0.07587	0	0.92413	0
403	I	0.07587	0	0.92413	0
404	K	0.07588	0	0.92412	0
405	A	0.07588	0	0.92412	0
406	A	0.07590	0	0.92410	0
407	V	0.08337	0	0.91663	0
408	N	0.71382	0	0.28618	0
409	S	0.98659	0	0.01341	0
410	Q	0.99701	0	0.00299	0
411	L	0.99726	0	0.00274	0
412	T	0.99814	0	0.00186	0
413	S	0.99842	0	0.00158	0
414	C	0.99852	0	0.00148	0
415	E	0.99989	0	0.00011	0
416	D	0.99999	0	0.00001	0
417	L	0.99999	0	0.00001	0
418	D	1.00000	0	0.00000	0
419	G	1.00000	0	0.00000	0
420	A	1.00000	0	0.00000	0
421	S	1.00000	0	0.00000	0
422	E	1.00000	0	0.00000	0
423	E	1.00000	0	0.00000	0
424	D	1.00000	0	0.00000	0
425	P	1.00000	0	0.00000	0
426	L	1.00000	0	0.00000	0
427	R	1.00000	0	0.00000	0
428	A	1.00000	0	0.00000	0
429	A	1.00000	0	0.00000	0
430	E	1.00000	0	0.00000	0
431	Y	1.00000	0	0.00000	0
432	N	1.00000	0	0.00000	0
433	R	1.00000	0	0.00000	0
434	D	1.00000	0	0.00000	0
435	S	1.00000	0	0.00000	0
436	L	1.00000	0	0.00000	0
437	S	1.00000	0	0.00000	0
438	S	1.00000	0	0.00000	0
439	V	1.00000	0	0.00000	0
440	A	1.00000	0	0.00000	0
441	P	1.00000	0	0.00000	0
442	N	1.00000	0	0.00000	0
443	S	1.00000	0	0.00000	0
444	M	1.00000	0	0.00000	0
445	A	1.00000	0	0.00000	0
446	T	1.00000	0	0.00000	0
447	V	1.00000	0	0.00000	0
448	T	1.00000	0	0.00000	0
449	P	1.00000	0	0.00000	0
450	E	1.00000	0	0.00000	0
451	G	1.00000	0	0.00000	0
452	Q	1.00000	0	0.00000	0
453	N	1.00000	0	0.00000	0
454	S	1.00000	0	0.00000	0
455	S	1.00000	0	0.00000	0
456	E	1.00000	0	0.00000	0
457	N	1.00000	0	0.00000	0
458	S	1.00000	0	0.00000	0
459	Y	1.00000	0	0.00000	0
460	H	1.00000	0	0.00000	0
461	Q	1.00000	0	0.00000	0
462	R	1.00000	0	0.00000	0
463	F	1.00000	0	0.00000	0
464	C	1.00000	0	0.00000	0
465	S	1.00000	0	0.00000	0
466	R	1.00000	0	0.00000	0
467	K	1.00000	0	0.00000	0
468	I	1.00000	0	0.00000	0
469	Q	1.00000	0	0.00000	0
470	S	1.00000	0	0.00000	0
471	L	1.00000	0	0.00000	0
472	S	1.00000	0	0.00000	0
473	S	1.00000	0	0.00000	0
474	I	1.00000	0	0.00000	0
475	Q	1.00000	0	0.00000	0
476	A	1.00000	0	0.00000	0
477	T	1.00000	0	0.00000	0
478	S	1.00000	0	0.00000	0
479	N	1.00000	0	0.00000	0
480	H	1.00000	0	0.00000	0
481	R	1.00000	0	0.00000	0
482	S	1.00000	0	0.00000	0
483	L	1.00000	0	0.00000	0
484	D	1.00000	0	0.00000	0
485	G	1.00000	0	0.00000	0
486	T	1.00000	0	0.00000	0
487	P	1.00000	0	0.00000	0
488	V	1.00000	0	0.00000	0
489	T	1.00000	0	0.00000	0
490	T	1.00000	0	0.00000	0
491	T	1.00000	0	0.00000	0
492	T	1.00000	0	0.00000	0
493	A	1.00000	0	0.00000	0
494	S	1.00000	0	0.00000	0
495	D	1.00000	0	0.00000	0
496	S	1.00000	0	0.00000	0
497	T	1.00000	0	0.00000	0
498	T	1.00000	0	0.00000	0
499	T	1.00000	0	0.00000	0
500	S	1.00000	0	0.00000	0
501	T	1.00000	0	0.00000	0
502	T	1.00000	0	0.00000	0
503	T	1.00000	0	0.00000	0
504	K	1.00000	0	0.00000	0
505	S	1.00000	0	0.00000	0
506	P	1.00000	0	0.00000	0
507	S	1.00000	0	0.00000	0
508	G	1.00000	0	0.00000	0
509	P	1.00000	0	0.00000	0
510	M	1.00000	0	0.00000	0
511	S	1.00000	0	0.00000	0
512	F	1.00000	0	0.00000	0
513	K	1.00000	0	0.00000	0
514	E	1.00000	0	0.00000	0
515	A	1.00000	0	0.00000	0
516	A	1.00000	0	0.00000	0
517	L	1.00000	0	0.00000	0
518	A	1.00000	0	0.00000	0
519	K	1.00000	0	0.00000	0
520	R	1.00000	0	0.00000	0
521	F	1.00000	0	0.00000	0
522	A	1.00000	0	0.00000	0
523	A	1.00000	0	0.00000	0
524	R	1.00000	0	0.00000	0
525	A	1.00000	0	0.00000	0
526	R	1.00000	0	0.00000	0
527	T	1.00000	0	0.00000	0
528	Q	1.00000	0	0.00000	0
529	I	1.00000	0	0.00000	0
530	T	1.00000	0	0.00000	0
531	K	1.00000	0	0.00000	0
532	R	1.00000	0	0.00000	0
533	K	1.00000	0	0.00000	0
534	R	1.00000	0	0.00000	0
535	M	1.00000	0	0.00000	0
536	S	1.00000	0	0.00000	0
537	L	1.00000	0	0.00000	0
538	V	1.00000	0	0.00000	0
539	K	1.00000	0	0.00000	0
540	E	1.00000	0	0.00000	0
541	K	0.97784	0	0.02216	0
542	K	0.97663	0	0.02337	0
543	A	0.31087	0	0.68913	0
544	A	0.25719	0	0.74281	0
545	Q	0.25198	0	0.74802	0
546	T	0.22380	0	0.77620	0
547	L	0.09852	0	0.90148	0
548	S	0.02710	0	0.97290	0
549	A	0.00255	0	0.99745	0
550	I	0.00024	0	0.99976	0
551	L	0.00011	0	0.99989	0
552	F	0.00001	0	0.99999	0
553	A	0.00001	0	0.99999	0
554	F	0.00001	0	0.99999	0
555	I	0.00001	0	0.99999	0
556	I	0.00001	0	0.99999	0
557	T	0.00001	0	0.99999	0
558	W	0.00001	0	0.99999	0
559	T	0.00001	0	0.99999	0
560	P	0.00001	0	0.99998	0
561	Y	0.00001	1e-05	0.99997	0
562	N	0.00001	0.0001	0.99988	0
563	I	0.00001	0.00016	0.99983	0
564	M	0.00001	0.00087	0.99912	0
565	V	0.00001	0.01083	0.98916	0
566	L	0.00001	0.09538	0.90460	0
567	I	0.00001	0.22137	0.77862	0
568	N	0.00001	0.59185	0.40814	0
569	A	0.00001	0.63744	0.36254	0
570	F	0.00001	0.69605	0.30394	0
571	C	0.00001	0.97515	0.02484	0
572	K	0.00001	0.99963	0.00036	0
573	T	0.00001	0.99988	0.00010	0
574	C	0.00001	0.99997	0.00002	0
575	I	0.00001	0.99996	0.00002	0
576	P	0.00001	0.9993	0.00068	0
577	E	0.00001	0.99046	0.00953	0
578	T	0.00001	0.85813	0.14185	0
579	L	0.00001	0.82524	0.17475	0
580	W	0.00001	0.81304	0.18695	0
581	A	0.00001	0.32279	0.67719	0
582	V	0.00001	0.01877	0.98122	0
583	G	0.00001	0.01223	0.98775	0
584	Y	0.00001	0.00067	0.99932	0
585	W	0.00001	1e-05	0.99998	0
586	L	0.00001	1e-05	0.99998	0
587	C	0.00001	1e-05	0.99998	0
588	Y	0.00001	1e-05	0.99998	0
589	V	0.00001	1e-05	0.99998	0
590	N	0.00001	1e-05	0.99998	0
591	S	0.00001	1e-05	0.99998	0
592	T	0.00001	0	0.99998	0
593	V	0.00001	0	0.99998	0
594	N	0.00001	0	0.99998	0
595	P	0.00001	0	0.99998	0
596	M	0.00001	0	0.99999	0
597	C	0.00004	0	0.99996	0
598	Y	0.00029	0	0.99971	0
599	A	0.00166	0	0.99834	0
600	L	0.00603	0	0.99397	0
601	C	0.11868	0	0.88132	0
602	N	0.31016	0	0.68984	0
603	K	0.99999	0	0.00001	0
604	T	0.99999	0	0.00001	0
605	F	0.99999	0	0.00001	0
606	R	0.99999	0	0.00001	0
607	T	0.99999	0	0.00001	0
608	T	0.99999	0	0.00001	0
609	F	0.99999	0	0.00001	0
610	K	0.99999	0	0.00001	0
611	M	0.99999	0	0.00001	0
612	I	0.99999	0	0.00001	0
613	L	0.99999	0	0.00001	0
614	L	0.99999	0	0.00001	0
615	C	0.99999	0	0.00001	0
616	R	1.00000	0	0.00000	0
617	W	1.00000	0	0.00000	0
618	D	1.00000	0	0.00000	0
619	Q	1.00000	0	0.00000	0
620	K	1.00000	0	0.00000	0
621	K	1.00000	0	0.00000	0
622	R	1.00000	0	0.00000	0
623	R	1.00000	0	0.00000	0
624	K	1.00000	0	0.00000	0
625	Q	1.00000	0	0.00000	0
626	Q	1.00000	0	0.00000	0
627	F	1.00000	0	0.00000	0
628	Q	1.00000	0	0.00000	0
629	Q	1.00000	0	0.00000	0
630	R	1.00000	0	0.00000	0
631	H	1.00000	0	0.00000	0
632	S	1.00000	0	0.00000	0
633	S	1.00000	0	0.00000	0
634	V	1.00000	0	0.00000	0
635	V	1.00000	0	0.00000	0
636	F	1.00000	0	0.00000	0
637	H	1.00000	0	0.00000	0
638	R	1.00000	0	0.00000	0
639	R	1.00000	0	0.00000	0
640	I	1.00000	0	0.00000	0
641	P	1.00000	0	0.00000	0
642	R	1.00000	0	0.00000	0
643	E	1.00000	0	0.00000	0
644	S	1.00000	0	0.00000	0
645	T	1.00000	0	0.00000	0
