# UNNAMED
#pos	aa	i	o	M	S
1	M	0.00000	0.99976	0.00000	0.00024
2	A	0.00000	0.99976	0.00000	0.00024
3	P	0.00000	0.99976	0.00000	0.00024
4	R	0.00000	0.99976	0.00000	0.00024
5	P	0.00000	0.99976	0.00000	0.00024
6	D	0.00000	0.99976	0.00000	0.00024
7	A	0.00000	0.99976	0.00000	0.00023
8	N	0.00000	0.99976	0.00000	0.00024
9	S	0.00000	0.99976	0.00000	0.00024
10	S	0.00000	0.99976	0.00000	0.00024
11	L	0.00000	0.99976	0.00000	0.00024
12	A	0.00000	0.99976	0.00000	0.00024
13	S	0.00000	0.99976	0.00000	0.00024
14	W	0.00000	0.99976	0.00000	0.00024
15	P	0.00000	0.99976	0.00000	0.00023
16	D	0.00000	0.99976	0.00000	0.00024
17	A	0.00000	0.99976	0.00000	0.00024
18	P	0.00000	0.99976	0.00000	0.00024
19	T	0.00000	0.99976	0.00000	0.00024
20	L	0.00000	0.99999	0.00000	0
21	A	0.00000	1	0.00000	0
22	P	0.00000	1	0.00000	0
23	N	0.00000	1	0.00000	0
24	S	0.00000	1	0.00000	0
25	A	0.00000	1	0.00000	0
26	N	0.00000	1	0.00000	0
27	T	0.00000	1	0.00000	0
28	S	0.00000	1	0.00000	0
29	G	0.00000	0.99999	0.00001	0
30	L	0.00000	0.99991	0.00009	0
31	S	0.00000	0.99189	0.00811	0
32	G	0.00000	0.94319	0.05681	0
33	V	0.00000	0.78455	0.21545	0
34	P	0.00000	0.69329	0.30671	0
35	W	0.00000	0.33031	0.66969	0
36	A	0.00000	0.22301	0.77699	0
37	A	0.00000	0.16183	0.83817	0
38	A	0.00000	0.1003	0.89970	0
39	L	0.00000	0.05533	0.94467	0
40	A	0.00000	0.03441	0.96559	0
41	G	0.00000	0.02056	0.97944	0
42	A	0.00000	0.00687	0.99313	0
43	L	0.00000	0.0015	0.99850	0
44	L	0.00000	0.00012	0.99988	0
45	A	0.00000	1e-05	0.99999	0
46	L	0.00000	0	1.00000	0
47	A	0.00000	0	1.00000	0
48	V	0.00000	0	1.00000	0
49	L	0.00000	0	1.00000	0
50	A	0.00000	0	1.00000	0
51	T	0.00000	0	1.00000	0
52	V	0.00000	0	1.00000	0
53	G	0.00000	0	1.00000	0
54	G	0.00000	0	1.00000	0
55	N	0.00000	0	1.00000	0
56	L	0.00000	0	1.00000	0
57	L	0.00000	0	1.00000	0
58	V	0.00002	0	0.99998	0
59	I	0.00036	0	0.99964	0
60	V	0.01237	0	0.98763	0
61	A	0.14717	0	0.85283	0
62	I	0.26674	0	0.73326	0
63	A	0.76809	0	0.23191	0
64	R	0.99797	0	0.00203	0
65	T	0.99991	0	0.00009	0
66	P	1.00000	0	0.00000	0
67	R	1.00000	0	0.00000	0
68	L	0.99944	0	0.00056	0
69	Q	0.99688	0	0.00312	0
70	T	0.97156	0	0.02844	0
71	I	0.30001	0	0.69999	0
72	T	0.23701	0	0.76299	0
73	N	0.05089	0	0.94911	0
74	V	0.02150	0	0.97850	0
75	F	0.00015	0	0.99985	0
76	V	0.00000	0	1.00000	0
77	T	0.00000	0	1.00000	0
78	S	0.00000	0	1.00000	0
79	L	0.00000	0	1.00000	0
80	A	0.00000	0	1.00000	0
81	A	0.00000	0	1.00000	0
82	A	0.00000	0	1.00000	0
83	D	0.00000	0	1.00000	0
84	L	0.00000	0	1.00000	0
85	V	0.00000	0	1.00000	0
86	V	0.00000	0	1.00000	0
87	G	0.00000	0	1.00000	0
88	L	0.00000	0	1.00000	0
89	L	0.00000	7e-05	0.99993	0
90	V	0.00000	0.00258	0.99742	0
91	V	0.00000	0.02083	0.97917	0
92	P	0.00000	0.09676	0.90324	0
93	P	0.00000	0.18343	0.81657	0
94	G	0.00000	0.43912	0.56088	0
95	A	0.00000	0.73073	0.26927	0
96	T	0.00000	0.9493	0.05070	0
97	L	0.00000	0.99991	0.00009	0
98	A	0.00000	1	0.00000	0
99	L	0.00000	1	0.00000	0
100	T	0.00000	1	0.00000	0
101	G	0.00000	1	0.00000	0
102	H	0.00000	1	0.00000	0
103	W	0.00000	1	0.00000	0
104	P	0.00000	1	0.00000	0
105	L	0.00000	1	0.00000	0
106	G	0.00000	1	0.00000	0
107	A	0.00000	1	0.00000	0
108	T	0.00000	1	0.00000	0
109	G	0.00000	1	0.00000	0
110	C	0.00000	1	0.00000	0
111	E	0.00000	1	0.00000	0
112	L	0.00000	0.99959	0.00041	0
113	W	0.00000	0.95077	0.04923	0
114	T	0.00000	0.65295	0.34705	0
115	S	0.00000	0.10863	0.89137	0
116	V	0.00000	0.03181	0.96819	0
117	D	0.00000	0.00911	0.99089	0
118	V	0.00000	0.00022	0.99978	0
119	L	0.00000	0	1.00000	0
120	C	0.00000	0	1.00000	0
121	V	0.00000	0	1.00000	0
122	T	0.00000	0	1.00000	0
123	A	0.00000	0	1.00000	0
124	S	0.00000	0	1.00000	0
125	I	0.00000	0	1.00000	0
126	E	0.00000	0	1.00000	0
127	T	0.00000	0	1.00000	0
128	L	0.00000	0	1.00000	0
129	C	0.00000	0	1.00000	0
130	A	0.00000	0	1.00000	0
131	L	0.00000	0	1.00000	0
132	A	0.00000	0	1.00000	0
133	V	0.00000	0	1.00000	0
134	D	0.00000	0	1.00000	0
135	R	0.00727	0	0.99273	0
136	Y	0.09256	0	0.90744	0
137	L	0.69072	0	0.30928	0
138	A	0.91965	0	0.08035	0
139	V	0.99996	0	0.00004	0
140	T	1.00000	0	0.00000	0
141	N	1.00000	0	0.00000	0
142	P	1.00000	0	0.00000	0
143	L	1.00000	0	0.00000	0
144	R	1.00000	0	0.00000	0
145	Y	1.00000	0	0.00000	0
146	S	1.00000	0	0.00000	0
147	A	1.00000	0	0.00000	0
148	L	1.00000	0	0.00000	0
149	V	1.00000	0	0.00000	0
150	T	1.00000	0	0.00000	0
151	K	1.00000	0	0.00000	0
152	R	0.99994	0	0.00006	0
153	R	0.99606	0	0.00394	0
154	A	0.74142	0	0.25858	0
155	R	0.56323	0	0.43677	0
156	A	0.02365	0	0.97635	0
157	A	0.00127	0	0.99873	0
158	V	0.00001	0	0.99999	0
159	V	0.00000	0	1.00000	0
160	F	0.00000	0	1.00000	0
161	V	0.00000	0	1.00000	0
162	W	0.00000	0	1.00000	0
163	V	0.00000	0	1.00000	0
164	V	0.00000	0	1.00000	0
165	S	0.00000	0	1.00000	0
166	A	0.00000	0	1.00000	0
167	A	0.00000	0	1.00000	0
168	V	0.00000	0	1.00000	0
169	S	0.00000	0	1.00000	0
170	F	0.00000	0	1.00000	0
171	A	0.00000	0	1.00000	0
172	P	0.00000	2e-05	0.99998	0
173	I	0.00000	0.00021	0.99979	0
174	M	0.00000	0.00911	0.99089	0
175	S	0.00000	0.34426	0.65574	0
176	K	0.00000	0.93813	0.06187	0
177	W	0.00000	0.94915	0.05085	0
178	W	0.00000	0.97778	0.02222	0
179	R	0.00000	0.99949	0.00051	0
180	V	0.00000	0.99975	0.00025	0
181	G	0.00000	0.99999	0.00001	0
182	A	0.00000	1	0.00000	0
183	D	0.00000	1	0.00000	0
184	A	0.00000	1	0.00000	0
185	E	0.00000	1	0.00000	0
186	A	0.00000	1	0.00000	0
187	Q	0.00000	1	0.00000	0
188	R	0.00000	1	0.00000	0
189	C	0.00000	1	0.00000	0
190	H	0.00000	1	0.00000	0
191	S	0.00000	1	0.00000	0
192	N	0.00000	1	0.00000	0
193	P	0.00000	1	0.00000	0
194	R	0.00000	1	0.00000	0
195	C	0.00000	0.99999	0.00001	0
196	C	0.00000	0.99675	0.00325	0
197	A	0.00000	0.95106	0.04894	0
198	F	0.00000	0.92446	0.07554	0
199	A	0.00000	0.8922	0.10780	0
200	A	0.00000	0.86406	0.13594	0
201	N	0.00000	0.86199	0.13801	0
202	M	0.00000	0.84201	0.15799	0
203	T	0.00000	0.68753	0.31247	0
204	Y	0.00000	0.39052	0.60948	0
205	T	0.00000	0.13035	0.86965	0
206	L	0.00000	0.06013	0.93987	0
207	L	0.00000	0.00322	0.99678	0
208	S	0.00000	0.00292	0.99708	0
209	S	0.00000	0.0011	0.99890	0
210	S	0.00000	0.00101	0.99899	0
211	V	0.00000	0	1.00000	0
212	S	0.00000	0	1.00000	0
213	F	0.00000	0	1.00000	0
214	Y	0.00000	0	1.00000	0
215	L	0.00000	0	1.00000	0
216	P	0.00000	0	1.00000	0
217	L	0.00000	0	1.00000	0
218	L	0.00000	0	1.00000	0
219	V	0.00000	0	1.00000	0
220	M	0.00002	0	0.99998	0
221	L	0.00004	0	0.99996	0
222	F	0.00128	0	0.99872	0
223	V	0.00978	0	0.99022	0
224	Y	0.03278	0	0.96722	0
225	A	0.11331	0	0.88669	0
226	R	0.18852	0	0.81148	0
227	V	0.19407	0	0.80593	0
228	F	0.22676	0	0.77324	0
229	V	0.46553	0	0.53447	0
230	V	0.62060	0	0.37940	0
231	A	0.99656	0	0.00344	0
232	T	0.99926	0	0.00074	0
233	R	0.99992	0	0.00008	0
234	Q	0.99999	0	0.00001	0
235	L	0.99999	0	0.00001	0
236	H	1.00000	0	0.00000	0
237	L	1.00000	0	0.00000	0
238	L	1.00000	0	0.00000	0
239	R	1.00000	0	0.00000	0
240	R	1.00000	0	0.00000	0
241	E	1.00000	0	0.00000	0
242	L	1.00000	0	0.00000	0
243	G	1.00000	0	0.00000	0
244	R	1.00000	0	0.00000	0
245	F	1.00000	0	0.00000	0
246	P	1.00000	0	0.00000	0
247	P	1.00000	0	0.00000	0
248	E	1.00000	0	0.00000	0
249	H	0.99987	0	0.00013	0
250	R	0.99932	0	0.00068	0
251	A	0.41712	0	0.58288	0
252	L	0.41638	0	0.58362	0
253	R	0.41585	0	0.58415	0
254	T	0.34478	0	0.65522	0
255	L	0.00755	0	0.99245	0
256	G	0.00114	0	0.99886	0
257	L	0.00054	0	0.99946	0
258	I	0.00001	0	0.99999	0
259	M	0.00001	0	0.99999	0
260	G	0.00000	0	1.00000	0
261	T	0.00000	0	1.00000	0
262	F	0.00000	0	1.00000	0
263	T	0.00000	0	1.00000	0
264	L	0.00000	0	1.00000	0
265	C	0.00000	0	1.00000	0
266	W	0.00000	0	1.00000	0
267	L	0.00000	0	1.00000	0
268	P	0.00000	0	1.00000	0
269	F	0.00000	0	1.00000	0
270	F	0.00000	0	1.00000	0
271	V	0.00000	0.00141	0.99859	0
272	A	0.00000	0.01877	0.98123	0
273	N	0.00000	0.12152	0.87848	0
274	V	0.00000	0.16635	0.83365	0
275	V	0.00000	0.29804	0.70196	0
276	R	0.00000	0.66185	0.33815	0
277	A	0.00000	0.68918	0.31082	0
278	L	0.00000	0.73997	0.26003	0
279	G	0.00000	0.93082	0.06918	0
280	G	0.00000	0.98623	0.01377	0
281	P	0.00000	0.99975	0.00025	0
282	S	0.00000	0.99977	0.00023	0
283	L	0.00000	0.99818	0.00182	0
284	V	0.00000	0.99759	0.00241	0
285	P	0.00000	0.99728	0.00272	0
286	D	0.00000	0.99022	0.00978	0
287	Q	0.00000	0.86993	0.13007	0
288	A	0.00000	0.40749	0.59251	0
289	F	0.00000	0.33133	0.66867	0
290	L	0.00000	0.00203	0.99797	0
291	A	0.00000	0	1.00000	0
292	L	0.00000	0	1.00000	0
293	N	0.00000	0	1.00000	0
294	W	0.00000	0	1.00000	0
295	L	0.00002	0	0.99998	0
296	G	0.00003	0	0.99997	0
297	Y	0.00004	0	0.99996	0
298	A	0.00004	0	0.99996	0
299	N	0.00005	0	0.99995	0
300	S	0.00005	0	0.99995	0
301	A	0.00005	0	0.99995	0
302	F	0.00005	0	0.99995	0
303	N	0.00005	0	0.99995	0
304	P	0.00005	0	0.99995	0
305	L	0.00006	0	0.99994	0
306	I	0.00014	0	0.99986	0
307	Y	0.00429	0	0.99571	0
308	C	0.04558	0	0.95442	0
309	R	1.00000	0	0.00000	0
310	S	1.00000	0	0.00000	0
311	P	1.00000	0	0.00000	0
312	D	1.00000	0	0.00000	0
313	F	1.00000	0	0.00000	0
314	R	1.00000	0	0.00000	0
315	C	1.00000	0	0.00000	0
316	V	1.00000	0	0.00000	0
317	F	1.00000	0	0.00000	0
318	R	1.00000	0	0.00000	0
319	R	1.00000	0	0.00000	0
320	L	1.00000	0	0.00000	0
321	L	1.00000	0	0.00000	0
322	R	1.00000	0	0.00000	0
323	R	1.00000	0	0.00000	0
324	G	1.00000	0	0.00000	0
325	P	1.00000	0	0.00000	0
326	R	1.00000	0	0.00000	0
327	E	1.00000	0	0.00000	0
328	E	1.00000	0	0.00000	0
329	R	1.00000	0	0.00000	0
330	H	1.00000	0	0.00000	0
331	A	1.00000	0	0.00000	0
332	A	1.00000	0	0.00000	0
333	G	1.00000	0	0.00000	0
334	A	1.00000	0	0.00000	0
335	P	1.00000	0	0.00000	0
336	S	1.00000	0	0.00000	0
337	W	1.00000	0	0.00000	0
338	T	1.00000	0	0.00000	0
339	P	1.00000	0	0.00000	0
340	A	1.00000	0	0.00000	0
341	A	1.00000	0	0.00000	0
342	P	1.00000	0	0.00000	0
343	A	1.00000	0	0.00000	0
344	R	1.00000	0	0.00000	0
345	P	1.00000	0	0.00000	0
346	S	1.00000	0	0.00000	0
347	E	1.00000	0	0.00000	0
348	S	1.00000	0	0.00000	0
349	R	1.00000	0	0.00000	0
350	Q	1.00000	0	0.00000	0
351	C	1.00000	0	0.00000	0
352	P	1.00000	0	0.00000	0
353	P	1.00000	0	0.00000	0
354	L	1.00000	0	0.00000	0
355	N	1.00000	0	0.00000	0
356	E	1.00000	0	0.00000	0
357	T	1.00000	0	0.00000	0
358	C	1.00000	0	0.00000	0
359	I	1.00000	0	0.00000	0
360	F	1.00000	0	0.00000	0
361	E	1.00000	0	0.00000	0
362	F	1.00000	0	0.00000	0
363	G	1.00000	0	0.00000	0
364	A	1.00000	0	0.00000	0
365	Y	1.00000	0	0.00000	0
366	P	1.00000	0	0.00000	0
367	N	1.00000	0	0.00000	0
368	P	1.00000	0	0.00000	0
369	D	1.00000	0	0.00000	0
370	D	1.00000	0	0.00000	0
371	L	1.00000	0	0.00000	0
372	V	1.00000	0	0.00000	0
373	A	1.00000	0	0.00000	0
374	R	1.00000	0	0.00000	0
375	S	1.00000	0	0.00000	0
376	L	1.00000	0	0.00000	0
377	S	1.00000	0	0.00000	0
