# UNNAMED
#pos	aa	i	o	M	S
1	M	0.00000	0.99999	0.00000	1e-05
2	E	0.00000	0.99999	0.00000	1e-05
3	V	0.00000	0.99999	0.00000	1e-05
4	N	0.00000	0.99999	0.00000	1e-05
5	V	0.00000	0.99999	0.00000	1e-05
6	Y	0.00000	0.99999	0.00000	1e-05
7	S	0.00000	0.99999	0.00000	1e-05
8	N	0.00000	0.99999	0.00000	1e-05
9	S	0.00000	0.99999	0.00000	1e-05
10	T	0.00000	0.99999	0.00000	1e-05
11	I	0.00000	0.99999	0.00000	1e-05
12	V	0.00000	0.99999	0.00000	1e-05
13	N	0.00000	0.99999	0.00000	1e-05
14	S	0.00000	0.99999	0.00000	1e-05
15	T	0.00000	0.99999	0.00000	1e-05
16	S	0.00000	0.99999	0.00000	1e-05
17	V	0.00000	1	0.00000	0
18	N	0.00000	1	0.00000	0
19	H	0.00000	1	0.00000	0
20	K	0.00000	1	0.00000	0
21	Q	0.00000	1	0.00000	0
22	L	0.00000	1	0.00000	0
23	E	0.00000	1	0.00000	0
24	G	0.00000	0.99892	0.00108	0
25	H	0.00000	0.99787	0.00213	0
26	S	0.00000	0.99453	0.00547	0
27	I	0.00000	0.95096	0.04904	0
28	W	0.00000	0.93194	0.06806	0
29	E	0.00000	0.91914	0.08086	0
30	V	0.00000	0.48688	0.51312	0
31	I	0.00000	0.15098	0.84902	0
32	T	0.00000	0.09212	0.90788	0
33	I	0.00000	0.01571	0.98429	0
34	A	0.00000	0.00911	0.99089	0
35	T	0.00000	0.00265	0.99735	0
36	V	0.00000	0.00011	0.99989	0
37	T	0.00000	1e-05	0.99999	0
38	A	0.00000	0	1.00000	0
39	I	0.00000	0	1.00000	0
40	V	0.00000	0	1.00000	0
41	S	0.00000	0	1.00000	0
42	L	0.00000	0	1.00000	0
43	I	0.00000	0	1.00000	0
44	T	0.00000	0	1.00000	0
45	I	0.00000	0	1.00000	0
46	V	0.00000	0	1.00000	0
47	G	0.00000	0	1.00000	0
48	N	0.00000	0	1.00000	0
49	I	0.00000	0	1.00000	0
50	L	0.00004	0	0.99996	0
51	V	0.00032	0	0.99968	0
52	M	0.00229	0	0.99771	0
53	I	0.01379	0	0.98621	0
54	S	0.62422	0	0.37578	0
55	F	0.69055	0	0.30945	0
56	K	0.99286	0	0.00714	0
57	V	0.99709	0	0.00291	0
58	N	0.99994	0	0.00006	0
59	S	0.99999	0	0.00001	0
60	Q	1.00000	0	0.00000	0
61	L	0.99996	0	0.00004	0
62	K	0.99987	0	0.00013	0
63	T	0.98403	0	0.01597	0
64	V	0.54026	0	0.45974	0
65	N	0.20639	0	0.79361	0
66	N	0.02893	0	0.97107	0
67	Y	0.01033	0	0.98967	0
68	Y	0.00050	0	0.99950	0
69	L	0.00004	0	0.99996	0
70	L	0.00000	0	1.00000	0
71	S	0.00000	0	1.00000	0
72	L	0.00000	0	1.00000	0
73	A	0.00000	0	1.00000	0
74	C	0.00000	0	1.00000	0
75	A	0.00000	0	1.00000	0
76	D	0.00000	0	1.00000	0
77	L	0.00000	0	1.00000	0
78	I	0.00000	0	1.00000	0
79	I	0.00000	0	1.00000	0
80	G	0.00000	0	1.00000	0
81	I	0.00000	0	1.00000	0
82	F	0.00000	0.00159	0.99841	0
83	S	0.00000	0.10752	0.89248	0
84	M	0.00000	0.17192	0.82808	0
85	N	0.00000	0.70467	0.29533	0
86	L	0.00000	0.74419	0.25581	0
87	Y	0.00000	0.84533	0.15467	0
88	T	0.00000	0.87302	0.12698	0
89	S	0.00000	0.92269	0.07731	0
90	Y	0.00000	0.92757	0.07243	0
91	I	0.00000	0.93013	0.06987	0
92	L	0.00000	0.93811	0.06189	0
93	I	0.00000	0.94758	0.05242	0
94	G	0.00000	0.96898	0.03102	0
95	H	0.00000	0.99985	0.00015	0
96	W	0.00000	0.99996	0.00004	0
97	S	0.00000	1	0.00000	0
98	L	0.00000	1	0.00000	0
99	G	0.00000	1	0.00000	0
100	S	0.00000	1	0.00000	0
101	L	0.00000	0.99997	0.00003	0
102	A	0.00000	0.99996	0.00004	0
103	C	0.00000	0.99995	0.00005	0
104	D	0.00000	0.99985	0.00015	0
105	L	0.00000	0.99929	0.00071	0
106	W	0.00000	0.94232	0.05768	0
107	L	0.00000	0.43721	0.56279	0
108	A	0.00000	0.09434	0.90566	0
109	L	0.00000	0.00313	0.99687	0
110	D	0.00000	0.00011	0.99989	0
111	Y	0.00000	1e-05	0.99999	0
112	V	0.00000	0	1.00000	0
113	A	0.00000	0	1.00000	0
114	S	0.00000	0	1.00000	0
115	N	0.00000	0	1.00000	0
116	A	0.00000	0	1.00000	0
117	S	0.00000	0	1.00000	0
118	V	0.00000	0	1.00000	0
119	M	0.00000	0	1.00000	0
120	N	0.00000	0	1.00000	0
121	L	0.00000	0	1.00000	0
122	L	0.00000	0	1.00000	0
123	V	0.00000	0	1.00000	0
124	I	0.00000	0	1.00000	0
125	S	0.00000	0	1.00000	0
126	F	0.00000	0	1.00000	0
127	D	0.00007	0	0.99993	0
128	R	0.05707	0	0.94293	0
129	Y	0.27879	0	0.72121	0
130	F	0.65276	0	0.34724	0
131	S	0.92768	0	0.07232	0
132	I	0.99997	0	0.00003	0
133	T	1.00000	0	0.00000	0
134	R	1.00000	0	0.00000	0
135	P	1.00000	0	0.00000	0
136	L	1.00000	0	0.00000	0
137	T	1.00000	0	0.00000	0
138	Y	1.00000	0	0.00000	0
139	R	1.00000	0	0.00000	0
140	A	1.00000	0	0.00000	0
141	K	1.00000	0	0.00000	0
142	R	1.00000	0	0.00000	0
143	T	0.99997	0	0.00003	0
144	P	0.99992	0	0.00008	0
145	K	0.99905	0	0.00095	0
146	R	0.95108	0	0.04892	0
147	A	0.07997	0	0.92003	0
148	G	0.03564	0	0.96436	0
149	I	0.00960	0	0.99040	0
150	M	0.00509	0	0.99491	0
151	I	0.00025	0	0.99975	0
152	G	0.00011	0	0.99989	0
153	L	0.00000	0	1.00000	0
154	A	0.00000	0	1.00000	0
155	W	0.00000	0	1.00000	0
156	L	0.00000	0	1.00000	0
157	I	0.00000	0	1.00000	0
158	S	0.00000	0	1.00000	0
159	F	0.00000	0	1.00000	0
160	I	0.00000	0	1.00000	0
161	L	0.00000	0	1.00000	0
162	W	0.00000	0	1.00000	0
163	A	0.00000	0	1.00000	0
164	P	0.00000	6e-05	0.99994	0
165	P	0.00000	0.00043	0.99957	0
166	I	0.00000	0.00312	0.99688	0
167	L	0.00000	0.07409	0.92591	0
168	C	0.00000	0.83672	0.16328	0
169	W	0.00000	0.89253	0.10747	0
170	Q	0.00000	0.96653	0.03347	0
171	Y	0.00000	0.97616	0.02384	0
172	F	0.00000	0.97972	0.02028	0
173	V	0.00000	0.98342	0.01658	0
174	G	0.00000	0.99929	0.00071	0
175	E	0.00000	1	0.00000	0
176	R	0.00000	1	0.00000	0
177	T	0.00000	1	0.00000	0
178	V	0.00000	1	0.00000	0
179	P	0.00000	1	0.00000	0
180	P	0.00000	1	0.00000	0
181	E	0.00000	1	0.00000	0
182	E	0.00000	1	0.00000	0
183	C	0.00000	1	0.00000	0
184	Q	0.00000	1	0.00000	0
185	I	0.00000	0.9793	0.02070	0
186	Q	0.00000	0.97543	0.02457	0
187	F	0.00000	0.97459	0.02541	0
188	L	0.00000	0.97412	0.02588	0
189	Y	0.00000	0.97311	0.02689	0
190	E	0.00000	0.97261	0.02739	0
191	P	0.00000	0.31795	0.68205	0
192	I	0.00000	0.09711	0.90289	0
193	I	0.00000	0.03422	0.96578	0
194	T	0.00000	0.02703	0.97297	0
195	F	0.00000	0.00329	0.99671	0
196	G	0.00000	0.00099	0.99901	0
197	T	0.00000	0.00044	0.99956	0
198	A	0.00000	0	1.00000	0
199	I	0.00000	0	1.00000	0
200	A	0.00000	0	1.00000	0
201	A	0.00000	0	1.00000	0
202	F	0.00000	0	1.00000	0
203	Y	0.00000	0	1.00000	0
204	I	0.00000	0	1.00000	0
205	P	0.00000	0	1.00000	0
206	V	0.00000	0	1.00000	0
207	S	0.00006	0	0.99994	0
208	V	0.00010	0	0.99990	0
209	M	0.00017	0	0.99983	0
210	T	0.00026	0	0.99974	0
211	I	0.00055	0	0.99945	0
212	L	0.00136	0	0.99864	0
213	Y	0.00644	0	0.99356	0
214	C	0.03945	0	0.96055	0
215	R	0.29006	0	0.70994	0
216	I	0.32270	0	0.67730	0
217	Y	0.44806	0	0.55194	0
218	K	0.99695	0	0.00305	0
219	E	0.99991	0	0.00009	0
220	T	1.00000	0	0.00000	0
221	E	1.00000	0	0.00000	0
222	K	1.00000	0	0.00000	0
223	R	1.00000	0	0.00000	0
224	T	1.00000	0	0.00000	0
225	K	1.00000	0	0.00000	0
226	D	1.00000	0	0.00000	0
227	L	1.00000	0	0.00000	0
228	A	1.00000	0	0.00000	0
229	E	1.00000	0	0.00000	0
230	L	1.00000	0	0.00000	0
231	Q	1.00000	0	0.00000	0
232	G	1.00000	0	0.00000	0
233	S	1.00000	0	0.00000	0
234	E	1.00000	0	0.00000	0
235	S	1.00000	0	0.00000	0
236	V	1.00000	0	0.00000	0
237	A	1.00000	0	0.00000	0
238	E	1.00000	0	0.00000	0
239	L	1.00000	0	0.00000	0
240	E	1.00000	0	0.00000	0
241	M	1.00000	0	0.00000	0
242	I	1.00000	0	0.00000	0
243	K	1.00000	0	0.00000	0
244	P	1.00000	0	0.00000	0
245	Q	1.00000	0	0.00000	0
246	K	1.00000	0	0.00000	0
247	A	1.00000	0	0.00000	0
248	L	1.00000	0	0.00000	0
249	L	1.00000	0	0.00000	0
250	K	1.00000	0	0.00000	0
251	S	1.00000	0	0.00000	0
252	C	1.00000	0	0.00000	0
253	F	1.00000	0	0.00000	0
254	S	1.00000	0	0.00000	0
255	C	1.00000	0	0.00000	0
256	K	1.00000	0	0.00000	0
257	Q	1.00000	0	0.00000	0
258	Q	1.00000	0	0.00000	0
259	N	1.00000	0	0.00000	0
260	L	1.00000	0	0.00000	0
261	A	1.00000	0	0.00000	0
262	K	1.00000	0	0.00000	0
263	R	1.00000	0	0.00000	0
264	E	1.00000	0	0.00000	0
265	R	1.00000	0	0.00000	0
266	C	1.00000	0	0.00000	0
267	Q	1.00000	0	0.00000	0
268	A	1.00000	0	0.00000	0
269	S	1.00000	0	0.00000	0
270	W	1.00000	0	0.00000	0
271	S	1.00000	0	0.00000	0
272	S	1.00000	0	0.00000	0
273	S	1.00000	0	0.00000	0
274	S	1.00000	0	0.00000	0
275	R	1.00000	0	0.00000	0
276	S	1.00000	0	0.00000	0
277	T	1.00000	0	0.00000	0
278	S	1.00000	0	0.00000	0
279	A	1.00000	0	0.00000	0
280	T	1.00000	0	0.00000	0
281	A	1.00000	0	0.00000	0
282	K	1.00000	0	0.00000	0
283	A	1.00000	0	0.00000	0
284	P	1.00000	0	0.00000	0
285	Q	1.00000	0	0.00000	0
286	T	1.00000	0	0.00000	0
287	P	1.00000	0	0.00000	0
288	N	1.00000	0	0.00000	0
289	T	1.00000	0	0.00000	0
290	C	1.00000	0	0.00000	0
291	N	1.00000	0	0.00000	0
292	D	1.00000	0	0.00000	0
293	W	1.00000	0	0.00000	0
294	S	1.00000	0	0.00000	0
295	K	1.00000	0	0.00000	0
296	A	1.00000	0	0.00000	0
297	E	1.00000	0	0.00000	0
298	Q	1.00000	0	0.00000	0
299	L	1.00000	0	0.00000	0
300	T	1.00000	0	0.00000	0
301	T	1.00000	0	0.00000	0
302	C	1.00000	0	0.00000	0
303	S	1.00000	0	0.00000	0
304	S	1.00000	0	0.00000	0
305	Y	1.00000	0	0.00000	0
306	A	1.00000	0	0.00000	0
307	S	1.00000	0	0.00000	0
308	S	1.00000	0	0.00000	0
309	E	1.00000	0	0.00000	0
310	E	1.00000	0	0.00000	0
311	E	1.00000	0	0.00000	0
312	D	1.00000	0	0.00000	0
313	K	1.00000	0	0.00000	0
314	P	1.00000	0	0.00000	0
315	A	1.00000	0	0.00000	0
316	T	1.00000	0	0.00000	0
317	D	1.00000	0	0.00000	0
318	S	1.00000	0	0.00000	0
319	V	1.00000	0	0.00000	0
320	F	1.00000	0	0.00000	0
321	Q	1.00000	0	0.00000	0
322	V	1.00000	0	0.00000	0
323	T	1.00000	0	0.00000	0
324	Y	1.00000	0	0.00000	0
325	K	1.00000	0	0.00000	0
326	S	1.00000	0	0.00000	0
327	P	1.00000	0	0.00000	0
328	D	1.00000	0	0.00000	0
329	K	1.00000	0	0.00000	0
330	G	1.00000	0	0.00000	0
331	R	1.00000	0	0.00000	0
332	K	1.00000	0	0.00000	0
333	E	1.00000	0	0.00000	0
334	E	1.00000	0	0.00000	0
335	F	1.00000	0	0.00000	0
336	N	1.00000	0	0.00000	0
337	E	1.00000	0	0.00000	0
338	K	1.00000	0	0.00000	0
339	E	1.00000	0	0.00000	0
340	N	1.00000	0	0.00000	0
341	K	1.00000	0	0.00000	0
342	E	1.00000	0	0.00000	0
343	V	1.00000	0	0.00000	0
344	F	1.00000	0	0.00000	0
345	I	1.00000	0	0.00000	0
346	K	1.00000	0	0.00000	0
347	D	1.00000	0	0.00000	0
348	H	1.00000	0	0.00000	0
349	H	1.00000	0	0.00000	0
350	M	1.00000	0	0.00000	0
351	E	1.00000	0	0.00000	0
352	T	1.00000	0	0.00000	0
353	N	1.00000	0	0.00000	0
354	F	1.00000	0	0.00000	0
355	E	1.00000	0	0.00000	0
356	T	1.00000	0	0.00000	0
357	Q	1.00000	0	0.00000	0
358	K	1.00000	0	0.00000	0
359	Y	1.00000	0	0.00000	0
360	F	1.00000	0	0.00000	0
361	L	1.00000	0	0.00000	0
362	S	1.00000	0	0.00000	0
363	P	1.00000	0	0.00000	0
364	A	1.00000	0	0.00000	0
365	K	1.00000	0	0.00000	0
366	S	1.00000	0	0.00000	0
367	E	1.00000	0	0.00000	0
368	V	1.00000	0	0.00000	0
369	Q	1.00000	0	0.00000	0
370	K	1.00000	0	0.00000	0
371	S	1.00000	0	0.00000	0
372	P	1.00000	0	0.00000	0
373	K	1.00000	0	0.00000	0
374	C	1.00000	0	0.00000	0
375	V	1.00000	0	0.00000	0
376	A	1.00000	0	0.00000	0
377	Y	1.00000	0	0.00000	0
378	K	1.00000	0	0.00000	0
379	F	1.00000	0	0.00000	0
380	H	1.00000	0	0.00000	0
381	L	1.00000	0	0.00000	0
382	V	1.00000	0	0.00000	0
383	V	1.00000	0	0.00000	0
384	K	1.00000	0	0.00000	0
385	A	1.00000	0	0.00000	0
386	D	1.00000	0	0.00000	0
387	G	1.00000	0	0.00000	0
388	T	1.00000	0	0.00000	0
389	Q	1.00000	0	0.00000	0
390	E	1.00000	0	0.00000	0
391	T	1.00000	0	0.00000	0
392	N	1.00000	0	0.00000	0
393	N	1.00000	0	0.00000	0
394	G	1.00000	0	0.00000	0
395	C	1.00000	0	0.00000	0
396	R	1.00000	0	0.00000	0
397	K	1.00000	0	0.00000	0
398	V	1.00000	0	0.00000	0
399	K	1.00000	0	0.00000	0
400	I	1.00000	0	0.00000	0
401	T	1.00000	0	0.00000	0
402	P	1.00000	0	0.00000	0
403	C	1.00000	0	0.00000	0
404	S	1.00000	0	0.00000	0
405	A	1.00000	0	0.00000	0
406	A	1.00000	0	0.00000	0
407	L	1.00000	0	0.00000	0
408	S	1.00000	0	0.00000	0
409	K	1.00000	0	0.00000	0
410	D	1.00000	0	0.00000	0
411	P	1.00000	0	0.00000	0
412	S	1.00000	0	0.00000	0
413	I	1.00000	0	0.00000	0
414	K	1.00000	0	0.00000	0
415	S	1.00000	0	0.00000	0
416	M	1.00000	0	0.00000	0
417	D	1.00000	0	0.00000	0
418	P	1.00000	0	0.00000	0
419	N	1.00000	0	0.00000	0
420	L	1.00000	0	0.00000	0
421	S	1.00000	0	0.00000	0
422	N	1.00000	0	0.00000	0
423	Q	1.00000	0	0.00000	0
424	I	1.00000	0	0.00000	0
425	T	1.00000	0	0.00000	0
426	K	1.00000	0	0.00000	0
427	R	1.00000	0	0.00000	0
428	K	1.00000	0	0.00000	0
429	R	1.00000	0	0.00000	0
430	M	1.00000	0	0.00000	0
431	V	1.00000	0	0.00000	0
432	L	1.00000	0	0.00000	0
433	I	1.00000	0	0.00000	0
434	K	1.00000	0	0.00000	0
435	E	1.00000	0	0.00000	0
436	R	0.98750	0	0.01250	0
437	K	0.98632	0	0.01368	0
438	A	0.34996	0	0.65004	0
439	A	0.30016	0	0.69984	0
440	Q	0.29551	0	0.70449	0
441	T	0.27184	0	0.72816	0
442	L	0.24116	0	0.75884	0
443	S	0.06535	0	0.93465	0
444	A	0.00669	0	0.99331	0
445	I	0.00093	0	0.99907	0
446	L	0.00054	0	0.99946	0
447	L	0.00002	0	0.99998	0
448	A	0.00001	0	0.99999	0
449	F	0.00000	0	1.00000	0
450	I	0.00000	0	1.00000	0
451	I	0.00000	0	1.00000	0
452	T	0.00000	0	1.00000	0
453	W	0.00000	0	1.00000	0
454	T	0.00000	0	1.00000	0
455	P	0.00000	0	1.00000	0
456	Y	0.00000	1e-05	0.99999	0
457	N	0.00000	7e-05	0.99993	0
458	I	0.00000	0.00012	0.99988	0
459	M	0.00000	0.00082	0.99918	0
460	V	0.00000	0.01107	0.98893	0
461	L	0.00000	0.09954	0.90046	0
462	V	0.00000	0.2318	0.76820	0
463	S	0.00000	0.51614	0.48386	0
464	T	0.00000	0.65182	0.34818	0
465	F	0.00000	0.69652	0.30348	0
466	C	0.00000	0.95804	0.04196	0
467	S	0.00000	0.98601	0.01399	0
468	D	0.00000	0.99977	0.00023	0
469	C	0.00000	0.9998	0.00020	0
470	I	0.00000	0.99973	0.00027	0
471	P	0.00000	0.9911	0.00890	0
472	L	0.00000	0.88712	0.11288	0
473	T	0.00000	0.81222	0.18778	0
474	L	0.00000	0.79511	0.20489	0
475	W	0.00000	0.78952	0.21048	0
476	H	0.00000	0.58062	0.41938	0
477	L	0.00000	0.02703	0.97297	0
478	G	0.00000	0.01762	0.98238	0
479	Y	0.00000	0.00096	0.99904	0
480	W	0.00000	0	1.00000	0
481	L	0.00000	0	1.00000	0
482	C	0.00000	0	1.00000	0
483	Y	0.00000	0	1.00000	0
484	V	0.00000	0	1.00000	0
485	N	0.00000	0	1.00000	0
486	S	0.00000	0	1.00000	0
487	T	0.00000	0	1.00000	0
488	V	0.00000	0	1.00000	0
489	N	0.00000	0	1.00000	0
490	P	0.00000	0	1.00000	0
491	I	0.00000	0	1.00000	0
492	C	0.00015	0	0.99985	0
493	Y	0.00099	0	0.99901	0
494	A	0.00364	0	0.99636	0
495	L	0.01298	0	0.98702	0
496	C	0.17987	0	0.82013	0
497	N	0.32592	0	0.67408	0
498	K	1.00000	0	0.00000	0
499	T	1.00000	0	0.00000	0
500	F	1.00000	0	0.00000	0
501	R	1.00000	0	0.00000	0
502	K	1.00000	0	0.00000	0
503	T	1.00000	0	0.00000	0
504	F	1.00000	0	0.00000	0
505	K	1.00000	0	0.00000	0
506	M	1.00000	0	0.00000	0
507	L	1.00000	0	0.00000	0
508	L	1.00000	0	0.00000	0
509	F	1.00000	0	0.00000	0
510	C	1.00000	0	0.00000	0
511	Q	1.00000	0	0.00000	0
512	W	1.00000	0	0.00000	0
513	K	1.00000	0	0.00000	0
514	K	1.00000	0	0.00000	0
515	K	1.00000	0	0.00000	0
516	K	1.00000	0	0.00000	0
517	V	1.00000	0	0.00000	0
518	E	1.00000	0	0.00000	0
519	E	1.00000	0	0.00000	0
520	K	1.00000	0	0.00000	0
521	L	1.00000	0	0.00000	0
522	Y	1.00000	0	0.00000	0
523	W	1.00000	0	0.00000	0
524	Q	1.00000	0	0.00000	0
525	G	1.00000	0	0.00000	0
526	N	1.00000	0	0.00000	0
527	T	1.00000	0	0.00000	0
528	K	1.00000	0	0.00000	0
529	L	1.00000	0	0.00000	0
530	L	1.00000	0	0.00000	0
