# UNNAMED
#pos	aa	i	o	M	S
1	M	0.00000	0.07578	0.00000	0.92422
2	V	0.00000	0.07578	0.00000	0.92422
3	N	0.00000	0.07578	0.00000	0.92422
4	L	0.00000	0.07578	0.00000	0.92422
5	R	0.00000	0.07578	0.00000	0.92422
6	K	0.00000	0.07578	0.00000	0.92422
7	A	0.00000	0.07578	0.00000	0.92423
8	V	0.00000	0.07578	0.00000	0.92422
9	H	0.00000	0.07578	0.00000	0.92423
10	S	0.00000	0.07578	0.00000	0.92422
11	F	0.00000	0.07578	0.00000	0.92422
12	L	0.00000	0.07578	0.00000	0.92422
13	V	0.00000	0.07578	0.00000	0.92422
14	H	0.00000	0.07578	0.00000	0.92423
15	L	0.00000	0.07578	0.00000	0.92423
16	I	0.00000	0.07578	0.00000	0.92422
17	G	0.00000	0.07578	0.00000	0.92422
18	L	0.00000	0.07578	0.00000	0.92422
19	L	0.00000	0.07578	0.00000	0.92422
20	V	0.00000	0.07606	0.00000	0.92394
21	W	0.00000	0.07606	0.00000	0.92394
22	Q	0.00000	0.07606	0.00000	0.92393
23	C	0.00000	0.11964	0.00000	0.88035
24	D	0.00000	0.11975	0.00000	0.88025
25	I	0.00000	0.11975	0.00000	0.88025
26	S	0.00000	0.11977	0.00000	0.88022
27	V	0.00000	0.12106	0.00000	0.87893
28	S	0.00000	0.12303	0.00000	0.87697
29	P	0.00000	0.12303	0.00000	0.87697
30	V	0.00000	0.12499	0.00000	0.87501
31	A	0.00000	0.12501	0.00000	0.87499
32	A	0.00000	0.12501	0.00000	0.87499
33	I	0.00000	0.9999	0.00000	9e-05
34	V	0.00000	1	0.00000	0
35	T	0.00000	1	0.00000	0
36	D	0.00000	1	0.00000	0
37	I	0.00000	1	0.00000	0
38	F	0.00000	1	0.00000	0
39	N	0.00000	1	0.00000	0
40	T	0.00000	1	0.00000	0
41	S	0.00000	1	0.00000	0
42	D	0.00000	1	0.00000	0
43	G	0.00000	1	0.00000	0
44	G	0.00000	1	0.00000	0
45	R	0.00000	1	0.00000	0
46	F	0.00000	1	0.00000	0
47	K	0.00000	1	0.00000	0
48	F	0.00000	1	0.00000	0
49	P	0.00000	1	0.00000	0
50	D	0.00000	1	0.00000	0
51	G	0.00000	0.9998	0.00020	0
52	V	0.00000	0.99708	0.00292	0
53	Q	0.00000	0.9958	0.00420	0
54	N	0.00000	0.98943	0.01057	0
55	W	0.00000	0.90785	0.09215	0
56	P	0.00000	0.86892	0.13108	0
57	A	0.00000	0.73721	0.26279	0
58	L	0.00000	0.56489	0.43511	0
59	S	0.00000	0.43771	0.56229	0
60	I	0.00000	0.04165	0.95835	0
61	V	0.00000	0.00205	0.99795	0
62	I	0.00000	4e-05	0.99996	0
63	I	0.00000	0	1.00000	0
64	I	0.00000	0	1.00000	0
65	I	0.00000	0	1.00000	0
66	L	0.00000	0	1.00000	0
67	T	0.00000	0	1.00000	0
68	I	0.00000	0	1.00000	0
69	G	0.00000	0	1.00000	0
70	G	0.00000	0	1.00000	0
71	N	0.00000	0	1.00000	0
72	I	0.00000	0	1.00000	0
73	L	0.00000	0	1.00000	0
74	V	0.00000	0	1.00000	0
75	I	0.00001	0	0.99999	0
76	M	0.00150	0	0.99850	0
77	A	0.02235	0	0.97765	0
78	V	0.07635	0	0.92365	0
79	S	0.48873	0	0.51127	0
80	L	0.62169	0	0.37831	0
81	E	0.99275	0	0.00725	0
82	K	0.99985	0	0.00015	0
83	K	1.00000	0	0.00000	0
84	L	0.99998	0	0.00002	0
85	H	0.99989	0	0.00011	0
86	N	0.99924	0	0.00076	0
87	A	0.99722	0	0.00278	0
88	T	0.97368	0	0.02632	0
89	N	0.24366	0	0.75634	0
90	Y	0.08863	0	0.91137	0
91	F	0.00121	0	0.99879	0
92	L	0.00020	0	0.99980	0
93	M	0.00000	0	1.00000	0
94	S	0.00000	0	1.00000	0
95	L	0.00000	0	1.00000	0
96	A	0.00000	0	1.00000	0
97	I	0.00000	0	1.00000	0
98	A	0.00000	0	1.00000	0
99	D	0.00000	0	1.00000	0
100	M	0.00000	0	1.00000	0
101	L	0.00000	0	1.00000	0
102	V	0.00000	0	1.00000	0
103	G	0.00000	0	1.00000	0
104	L	0.00000	0	1.00000	0
105	L	0.00000	0	1.00000	0
106	V	0.00000	1e-05	0.99999	0
107	M	0.00000	0.00029	0.99971	0
108	P	0.00000	0.0089	0.99110	0
109	L	0.00000	0.03442	0.96558	0
110	S	0.00000	0.2664	0.73360	0
111	L	0.00000	0.36527	0.63473	0
112	L	0.00000	0.59751	0.40249	0
113	A	0.00000	0.98626	0.01374	0
114	I	0.00000	0.98662	0.01338	0
115	L	0.00000	0.98787	0.01213	0
116	Y	0.00000	0.99737	0.00263	0
117	D	0.00000	0.99984	0.00016	0
118	Y	0.00000	0.99994	0.00006	0
119	V	0.00000	0.99996	0.00004	0
120	W	0.00000	0.99998	0.00002	0
121	P	0.00000	0.99999	0.00001	0
122	L	0.00000	0.99999	0.00001	0
123	P	0.00000	1	0.00000	0
124	R	0.00000	1	0.00000	0
125	Y	0.00000	0.99999	0.00001	0
126	L	0.00000	0.99999	0.00001	0
127	C	0.00000	0.99999	0.00001	0
128	P	0.00000	0.99996	0.00004	0
129	V	0.00000	0.99903	0.00097	0
130	W	0.00000	0.90957	0.09043	0
131	I	0.00000	0.41647	0.58353	0
132	S	0.00000	0.32907	0.67093	0
133	L	0.00000	0.01517	0.98483	0
134	D	0.00000	0.00505	0.99495	0
135	V	0.00000	0.00015	0.99985	0
136	L	0.00000	0	1.00000	0
137	F	0.00000	0	1.00000	0
138	S	0.00000	0	1.00000	0
139	T	0.00000	0	1.00000	0
140	A	0.00000	0	1.00000	0
141	S	0.00000	0	1.00000	0
142	I	0.00000	0	1.00000	0
143	M	0.00000	0	1.00000	0
144	H	0.00000	0	1.00000	0
145	L	0.00000	0	1.00000	0
146	C	0.00000	0	1.00000	0
147	A	0.00000	0	1.00000	0
148	I	0.00000	0	1.00000	0
149	S	0.00000	0	1.00000	0
150	L	0.00000	0	1.00000	0
151	D	0.00001	0	0.99999	0
152	R	0.02090	0	0.97910	0
153	Y	0.23087	0	0.76913	0
154	V	0.76472	0	0.23528	0
155	A	0.85048	0	0.14952	0
156	I	0.99999	0	0.00001	0
157	R	1.00000	0	0.00000	0
158	N	1.00000	0	0.00000	0
159	P	1.00000	0	0.00000	0
160	I	1.00000	0	0.00000	0
161	E	1.00000	0	0.00000	0
162	H	1.00000	0	0.00000	0
163	S	1.00000	0	0.00000	0
164	R	1.00000	0	0.00000	0
165	F	1.00000	0	0.00000	0
166	N	1.00000	0	0.00000	0
167	S	1.00000	0	0.00000	0
168	R	1.00000	0	0.00000	0
169	T	0.99992	0	0.00008	0
170	K	0.99806	0	0.00194	0
171	A	0.55702	0	0.44298	0
172	I	0.13217	0	0.86783	0
173	M	0.08009	0	0.91991	0
174	K	0.06750	0	0.93250	0
175	I	0.00025	0	0.99975	0
176	A	0.00000	0	1.00000	0
177	I	0.00000	0	1.00000	0
178	V	0.00000	0	1.00000	0
179	W	0.00000	0	1.00000	0
180	A	0.00000	0	1.00000	0
181	I	0.00000	0	1.00000	0
182	S	0.00000	0	1.00000	0
183	I	0.00000	0	1.00000	0
184	G	0.00000	0	1.00000	0
185	V	0.00000	0	1.00000	0
186	S	0.00000	0	1.00000	0
187	V	0.00000	0	1.00000	0
188	P	0.00000	0	1.00000	0
189	I	0.00000	1e-05	0.99999	0
190	P	0.00000	0.00191	0.99809	0
191	V	0.00000	0.00949	0.99051	0
192	I	0.00000	0.08718	0.91282	0
193	G	0.00000	0.4693	0.53070	0
194	L	0.00000	0.62739	0.37261	0
195	R	0.00000	0.97863	0.02137	0
196	D	0.00000	0.99997	0.00003	0
197	E	0.00000	1	0.00000	0
198	D	0.00000	1	0.00000	0
199	K	0.00000	1	0.00000	0
200	V	0.00000	1	0.00000	0
201	F	0.00000	1	0.00000	0
202	V	0.00000	1	0.00000	0
203	N	0.00000	1	0.00000	0
204	N	0.00000	1	0.00000	0
205	T	0.00000	1	0.00000	0
206	T	0.00000	1	0.00000	0
207	C	0.00000	1	0.00000	0
208	V	0.00000	1	0.00000	0
209	L	0.00000	1	0.00000	0
210	N	0.00000	1	0.00000	0
211	D	0.00000	1	0.00000	0
212	P	0.00000	0.99888	0.00112	0
213	N	0.00000	0.81925	0.18075	0
214	F	0.00000	0.0386	0.96140	0
215	V	0.00000	0.02766	0.97234	0
216	L	0.00000	0.00843	0.99157	0
217	I	0.00000	0.00439	0.99561	0
218	G	0.00000	0.00378	0.99622	0
219	S	0.00000	0.0024	0.99760	0
220	F	0.00000	0.00154	0.99846	0
221	V	0.00000	0	1.00000	0
222	A	0.00000	0	1.00000	0
223	F	0.00000	0	1.00000	0
224	F	0.00000	0	1.00000	0
225	I	0.00000	0	1.00000	0
226	P	0.00000	0	1.00000	0
227	L	0.00000	0	1.00000	0
228	T	0.00000	0	1.00000	0
229	I	0.00000	0	1.00000	0
230	M	0.00000	0	1.00000	0
231	V	0.00000	0	1.00000	0
232	I	0.00000	0	1.00000	0
233	T	0.00000	0	1.00000	0
234	Y	0.00001	0	0.99999	0
235	C	0.00054	0	0.99946	0
236	L	0.01285	0	0.98715	0
237	T	0.13304	0	0.86696	0
238	I	0.18611	0	0.81389	0
239	H	0.72478	0	0.27522	0
240	V	0.75669	0	0.24331	0
241	L	0.84259	0	0.15741	0
242	R	0.99312	0	0.00688	0
243	R	0.99977	0	0.00023	0
244	Q	1.00000	0	0.00000	0
245	A	1.00000	0	0.00000	0
246	L	1.00000	0	0.00000	0
247	M	1.00000	0	0.00000	0
248	L	1.00000	0	0.00000	0
249	L	1.00000	0	0.00000	0
250	R	1.00000	0	0.00000	0
251	G	1.00000	0	0.00000	0
252	H	1.00000	0	0.00000	0
253	T	1.00000	0	0.00000	0
254	E	1.00000	0	0.00000	0
255	E	1.00000	0	0.00000	0
256	P	1.00000	0	0.00000	0
257	P	1.00000	0	0.00000	0
258	G	1.00000	0	0.00000	0
259	I	1.00000	0	0.00000	0
260	S	1.00000	0	0.00000	0
261	L	1.00000	0	0.00000	0
262	D	1.00000	0	0.00000	0
263	F	1.00000	0	0.00000	0
264	L	1.00000	0	0.00000	0
265	K	1.00000	0	0.00000	0
266	C	1.00000	0	0.00000	0
267	C	1.00000	0	0.00000	0
268	K	1.00000	0	0.00000	0
269	R	1.00000	0	0.00000	0
270	N	1.00000	0	0.00000	0
271	T	1.00000	0	0.00000	0
272	T	1.00000	0	0.00000	0
273	D	1.00000	0	0.00000	0
274	E	1.00000	0	0.00000	0
275	E	1.00000	0	0.00000	0
276	N	1.00000	0	0.00000	0
277	S	1.00000	0	0.00000	0
278	A	1.00000	0	0.00000	0
279	N	1.00000	0	0.00000	0
280	P	1.00000	0	0.00000	0
281	N	1.00000	0	0.00000	0
282	Q	1.00000	0	0.00000	0
283	D	1.00000	0	0.00000	0
284	L	1.00000	0	0.00000	0
285	N	1.00000	0	0.00000	0
286	P	1.00000	0	0.00000	0
287	R	1.00000	0	0.00000	0
288	R	1.00000	0	0.00000	0
289	R	1.00000	0	0.00000	0
290	K	1.00000	0	0.00000	0
291	K	1.00000	0	0.00000	0
292	K	1.00000	0	0.00000	0
293	E	1.00000	0	0.00000	0
294	R	1.00000	0	0.00000	0
295	R	1.00000	0	0.00000	0
296	P	1.00000	0	0.00000	0
297	R	1.00000	0	0.00000	0
298	G	1.00000	0	0.00000	0
299	T	1.00000	0	0.00000	0
300	M	1.00000	0	0.00000	0
301	Q	1.00000	0	0.00000	0
302	A	1.00000	0	0.00000	0
303	I	1.00000	0	0.00000	0
304	N	1.00000	0	0.00000	0
305	N	1.00000	0	0.00000	0
306	E	1.00000	0	0.00000	0
307	R	0.99245	0	0.00755	0
308	K	0.99170	0	0.00830	0
309	A	0.42380	0	0.57620	0
310	S	0.42090	0	0.57910	0
311	K	0.05894	0	0.94106	0
312	V	0.01111	0	0.98889	0
313	L	0.00605	0	0.99395	0
314	G	0.00044	0	0.99956	0
315	I	0.00001	0	0.99999	0
316	V	0.00000	0	1.00000	0
317	F	0.00000	0	1.00000	0
318	F	0.00000	0	1.00000	0
319	V	0.00000	0	1.00000	0
320	F	0.00000	0	1.00000	0
321	L	0.00000	0	1.00000	0
322	I	0.00000	0	1.00000	0
323	M	0.00000	0	1.00000	0
324	W	0.00000	0	1.00000	0
325	C	0.00000	0	1.00000	0
326	P	0.00000	0	1.00000	0
327	F	0.00000	0	1.00000	0
328	F	0.00000	1e-05	0.99999	0
329	I	0.00000	0.00014	0.99986	0
330	T	0.00000	0.00205	0.99795	0
331	N	0.00000	0.02594	0.97406	0
332	I	0.00000	0.03675	0.96325	0
333	L	0.00000	0.08048	0.91952	0
334	S	0.00000	0.26226	0.73774	0
335	V	0.00000	0.3472	0.65280	0
336	L	0.00000	0.51897	0.48103	0
337	C	0.00000	0.96171	0.03829	0
338	G	0.00000	0.99472	0.00528	0
339	K	0.00000	0.99989	0.00011	0
340	A	0.00000	0.99994	0.00006	0
341	C	0.00000	1	0.00000	0
342	N	0.00000	1	0.00000	0
343	Q	0.00000	1	0.00000	0
344	K	0.00000	0.99996	0.00004	0
345	L	0.00000	0.99851	0.00149	0
346	M	0.00000	0.99697	0.00303	0
347	E	0.00000	0.99662	0.00338	0
348	K	0.00000	0.99166	0.00834	0
349	L	0.00000	0.94628	0.05372	0
350	L	0.00000	0.92276	0.07724	0
351	N	0.00000	0.48823	0.51177	0
352	V	0.00000	0.0035	0.99650	0
353	F	0.00000	0.00013	0.99987	0
354	V	0.00000	0	1.00000	0
355	W	0.00000	0	1.00000	0
356	I	0.00000	0	1.00000	0
357	G	0.00000	0	1.00000	0
358	Y	0.00000	0	1.00000	0
359	V	0.00000	0	1.00000	0
360	C	0.00000	0	1.00000	0
361	S	0.00000	0	1.00000	0
362	G	0.00000	0	1.00000	0
363	I	0.00000	0	1.00000	0
364	N	0.00000	0	1.00000	0
365	P	0.00000	0	1.00000	0
366	L	0.00000	0	1.00000	0
367	V	0.00002	0	0.99998	0
368	Y	0.00008	0	0.99992	0
369	T	0.00023	0	0.99977	0
370	L	0.00162	0	0.99838	0
371	F	0.09669	0	0.90331	0
372	N	0.59584	0	0.40416	0
373	K	1.00000	0	0.00000	0
374	I	1.00000	0	0.00000	0
375	Y	1.00000	0	0.00000	0
376	R	1.00000	0	0.00000	0
377	R	1.00000	0	0.00000	0
378	A	1.00000	0	0.00000	0
379	F	1.00000	0	0.00000	0
380	S	1.00000	0	0.00000	0
381	N	1.00000	0	0.00000	0
382	Y	1.00000	0	0.00000	0
383	L	1.00000	0	0.00000	0
384	R	1.00000	0	0.00000	0
385	C	1.00000	0	0.00000	0
386	N	1.00000	0	0.00000	0
387	Y	1.00000	0	0.00000	0
388	K	1.00000	0	0.00000	0
389	A	1.00000	0	0.00000	0
390	E	1.00000	0	0.00000	0
391	K	1.00000	0	0.00000	0
392	K	1.00000	0	0.00000	0
393	P	1.00000	0	0.00000	0
394	P	1.00000	0	0.00000	0
395	V	1.00000	0	0.00000	0
396	R	1.00000	0	0.00000	0
397	Q	1.00000	0	0.00000	0
398	I	1.00000	0	0.00000	0
399	P	1.00000	0	0.00000	0
400	R	1.00000	0	0.00000	0
401	V	1.00000	0	0.00000	0
402	A	1.00000	0	0.00000	0
403	A	1.00000	0	0.00000	0
404	T	1.00000	0	0.00000	0
405	A	1.00000	0	0.00000	0
406	L	1.00000	0	0.00000	0
407	S	1.00000	0	0.00000	0
408	G	1.00000	0	0.00000	0
409	R	1.00000	0	0.00000	0
410	E	1.00000	0	0.00000	0
411	L	1.00000	0	0.00000	0
412	N	1.00000	0	0.00000	0
413	V	1.00000	0	0.00000	0
414	N	1.00000	0	0.00000	0
415	I	1.00000	0	0.00000	0
416	Y	1.00000	0	0.00000	0
417	R	1.00000	0	0.00000	0
418	H	1.00000	0	0.00000	0
419	S	1.00000	0	0.00000	0
420	N	1.00000	0	0.00000	0
421	E	1.00000	0	0.00000	0
422	P	1.00000	0	0.00000	0
423	V	1.00000	0	0.00000	0
424	T	1.00000	0	0.00000	0
425	K	1.00000	0	0.00000	0
426	K	1.00000	0	0.00000	0
427	A	1.00000	0	0.00000	0
428	S	1.00000	0	0.00000	0
429	D	1.00000	0	0.00000	0
430	N	1.00000	0	0.00000	0
431	E	1.00000	0	0.00000	0
432	P	1.00000	0	0.00000	0
433	A	1.00000	0	0.00000	0
434	I	1.00000	0	0.00000	0
435	E	1.00000	0	0.00000	0
436	M	1.00000	0	0.00000	0
437	Q	1.00000	0	0.00000	0
438	I	1.00000	0	0.00000	0
439	E	1.00000	0	0.00000	0
440	N	1.00000	0	0.00000	0
441	L	1.00000	0	0.00000	0
442	E	1.00000	0	0.00000	0
443	L	1.00000	0	0.00000	0
444	P	1.00000	0	0.00000	0
445	V	1.00000	0	0.00000	0
446	N	1.00000	0	0.00000	0
447	P	1.00000	0	0.00000	0
448	S	1.00000	0	0.00000	0
449	N	1.00000	0	0.00000	0
450	V	1.00000	0	0.00000	0
451	V	1.00000	0	0.00000	0
452	S	1.00000	0	0.00000	0
453	E	1.00000	0	0.00000	0
454	R	1.00000	0	0.00000	0
455	I	1.00000	0	0.00000	0
456	S	1.00000	0	0.00000	0
457	S	1.00000	0	0.00000	0
458	V	1.00000	0	0.00000	0
