# UNNAMED
#pos	aa	i	o	M	S
1	M	0.00000	0.99844	0.00000	0.00156
2	T	0.00000	0.99844	0.00000	0.00156
3	L	0.00000	0.99844	0.00000	0.00156
4	H	0.00000	0.99844	0.00000	0.00156
5	S	0.00000	0.99844	0.00000	0.00157
6	N	0.00000	0.99844	0.00000	0.00157
7	S	0.00000	0.99844	0.00000	0.00156
8	T	0.00000	0.99844	0.00000	0.00156
9	T	0.00000	0.99844	0.00000	0.00156
10	S	0.00000	0.99844	0.00000	0.00156
11	P	0.00000	0.99844	0.00000	0.00156
12	L	0.00000	0.99844	0.00000	0.00155
13	F	0.00000	0.99844	0.00000	0.00156
14	P	0.00000	0.99844	0.00000	0.00156
15	N	0.00000	0.99844	0.00000	0.00156
16	I	0.00000	0.99844	0.00000	0.00156
17	S	0.00000	0.99844	0.00000	0.00156
18	A	0.00000	0.99854	0.00000	0.00146
19	S	0.00000	0.99968	0.00000	0.00032
20	W	0.00000	0.99982	0.00000	0.00018
21	I	0.00000	0.99982	0.00000	0.00018
22	H	0.00000	0.99982	0.00000	0.00018
23	S	0.00000	0.99982	0.00000	0.00018
24	P	0.00000	0.99982	0.00000	0.00018
25	S	0.00000	0.99982	0.00000	0.00018
26	D	0.00000	0.99982	0.00000	0.00018
27	A	0.00000	0.99982	0.00000	0.00018
28	G	0.00000	1	0.00000	0
29	L	0.00000	1	0.00000	0
30	P	0.00000	1	0.00000	0
31	P	0.00000	1	0.00000	0
32	G	0.00000	1	0.00000	0
33	T	0.00000	1	0.00000	0
34	D	0.00000	1	0.00000	0
35	T	0.00000	1	0.00000	0
36	H	0.00000	1	0.00000	0
37	F	0.00000	1	0.00000	0
38	G	0.00000	1	0.00000	0
39	S	0.00000	1	0.00000	0
40	Y	0.00000	1	0.00000	0
41	N	0.00000	1	0.00000	0
42	I	0.00000	1	0.00000	0
43	S	0.00000	1	0.00000	0
44	R	0.00000	1	0.00000	0
45	A	0.00000	1	0.00000	0
46	A	0.00000	1	0.00000	0
47	G	0.00000	1	0.00000	0
48	N	0.00000	1	0.00000	0
49	F	0.00000	1	0.00000	0
50	S	0.00000	1	0.00000	0
51	S	0.00000	1	0.00000	0
52	P	0.00000	1	0.00000	0
53	D	0.00000	1	0.00000	0
54	D	0.00000	1	0.00000	0
55	T	0.00000	1	0.00000	0
56	T	0.00000	1	0.00000	0
57	S	0.00000	1	0.00000	0
58	D	0.00000	1	0.00000	0
59	P	0.00000	1	0.00000	0
60	L	0.00000	1	0.00000	0
61	G	0.00000	0.99999	0.00001	0
62	G	0.00000	0.99699	0.00301	0
63	H	0.00000	0.97068	0.02932	0
64	T	0.00000	0.88769	0.11231	0
65	I	0.00000	0.74302	0.25698	0
66	W	0.00000	0.67888	0.32112	0
67	Q	0.00000	0.63391	0.36609	0
68	V	0.00000	0.34764	0.65236	0
69	V	0.00000	0.10621	0.89379	0
70	F	0.00000	0.03675	0.96325	0
71	I	0.00000	0.00359	0.99641	0
72	A	0.00000	0.00183	0.99817	0
73	F	0.00000	0.00016	0.99984	0
74	L	0.00000	2e-05	0.99998	0
75	T	0.00000	0	1.00000	0
76	G	0.00000	0	1.00000	0
77	F	0.00000	0	1.00000	0
78	L	0.00000	0	1.00000	0
79	A	0.00000	0	1.00000	0
80	L	0.00000	0	1.00000	0
81	V	0.00000	0	1.00000	0
82	T	0.00000	0	1.00000	0
83	I	0.00000	0	1.00000	0
84	I	0.00000	0	1.00000	0
85	G	0.00000	0	1.00000	0
86	N	0.00000	0	1.00000	0
87	I	0.00000	0	1.00000	0
88	L	0.00001	0	0.99999	0
89	V	0.00007	0	0.99993	0
90	I	0.00029	0	0.99971	0
91	V	0.01079	0	0.98921	0
92	A	0.18097	0	0.81903	0
93	F	0.32158	0	0.67842	0
94	K	0.98163	0	0.01837	0
95	V	0.99154	0	0.00846	0
96	N	0.99977	0	0.00023	0
97	K	1.00000	0	0.00000	0
98	Q	1.00000	0	0.00000	0
99	L	0.99998	0	0.00002	0
100	K	0.99993	0	0.00007	0
101	T	0.98857	0	0.01143	0
102	V	0.82801	0	0.17199	0
103	N	0.56471	0	0.43529	0
104	N	0.16376	0	0.83624	0
105	Y	0.06934	0	0.93066	0
106	F	0.00125	0	0.99875	0
107	L	0.00010	0	0.99990	0
108	L	0.00000	0	1.00000	0
109	S	0.00000	0	1.00000	0
110	L	0.00000	0	1.00000	0
111	A	0.00000	0	1.00000	0
112	C	0.00000	0	1.00000	0
113	A	0.00000	0	1.00000	0
114	D	0.00000	0	1.00000	0
115	L	0.00000	0	1.00000	0
116	I	0.00000	0	1.00000	0
117	I	0.00000	0	1.00000	0
118	G	0.00000	0	1.00000	0
119	V	0.00000	0	1.00000	0
120	I	0.00000	0.00049	0.99951	0
121	S	0.00000	0.02847	0.97153	0
122	M	0.00000	0.04536	0.95464	0
123	N	0.00000	0.19054	0.80946	0
124	L	0.00000	0.20182	0.79818	0
125	F	0.00000	0.23732	0.76268	0
126	T	0.00000	0.3302	0.66980	0
127	T	0.00000	0.50217	0.49783	0
128	Y	0.00000	0.54012	0.45988	0
129	I	0.00000	0.56061	0.43939	0
130	I	0.00000	0.62629	0.37371	0
131	M	0.00000	0.71632	0.28368	0
132	N	0.00000	0.986	0.01400	0
133	R	0.00000	0.99903	0.00097	0
134	W	0.00000	0.99971	0.00029	0
135	A	0.00000	0.99995	0.00005	0
136	L	0.00000	0.99999	0.00001	0
137	G	0.00000	1	0.00000	0
138	N	0.00000	1	0.00000	0
139	L	0.00000	0.99999	0.00001	0
140	A	0.00000	0.99999	0.00001	0
141	C	0.00000	0.99999	0.00001	0
142	D	0.00000	0.99997	0.00003	0
143	L	0.00000	0.99967	0.00033	0
144	W	0.00000	0.96527	0.03473	0
145	L	0.00000	0.61817	0.38183	0
146	S	0.00000	0.35424	0.64576	0
147	I	0.00000	0.01092	0.98908	0
148	D	0.00000	0.00041	0.99959	0
149	Y	0.00000	3e-05	0.99997	0
150	V	0.00000	0	1.00000	0
151	A	0.00000	0	1.00000	0
152	S	0.00000	0	1.00000	0
153	N	0.00000	0	1.00000	0
154	A	0.00000	0	1.00000	0
155	S	0.00000	0	1.00000	0
156	V	0.00000	0	1.00000	0
157	M	0.00000	0	1.00000	0
158	N	0.00000	0	1.00000	0
159	L	0.00000	0	1.00000	0
160	L	0.00000	0	1.00000	0
161	V	0.00000	0	1.00000	0
162	I	0.00000	0	1.00000	0
163	S	0.00000	0	1.00000	0
164	F	0.00000	0	1.00000	0
165	D	0.00004	0	0.99996	0
166	R	0.03669	0	0.96331	0
167	Y	0.20131	0	0.79869	0
168	F	0.55043	0	0.44957	0
169	S	0.88556	0	0.11444	0
170	I	0.99995	0	0.00005	0
171	T	1.00000	0	0.00000	0
172	R	1.00000	0	0.00000	0
173	P	1.00000	0	0.00000	0
174	L	1.00000	0	0.00000	0
175	T	1.00000	0	0.00000	0
176	Y	1.00000	0	0.00000	0
177	R	1.00000	0	0.00000	0
178	A	1.00000	0	0.00000	0
179	K	1.00000	0	0.00000	0
180	R	1.00000	0	0.00000	0
181	T	0.99999	0	0.00001	0
182	T	0.99996	0	0.00004	0
183	K	0.99978	0	0.00022	0
184	R	0.98093	0	0.01907	0
185	A	0.21297	0	0.78703	0
186	G	0.10310	0	0.89690	0
187	V	0.00794	0	0.99206	0
188	M	0.00257	0	0.99743	0
189	I	0.00010	0	0.99990	0
190	G	0.00004	0	0.99996	0
191	L	0.00000	0	1.00000	0
192	A	0.00000	0	1.00000	0
193	W	0.00000	0	1.00000	0
194	V	0.00000	0	1.00000	0
195	I	0.00000	0	1.00000	0
196	S	0.00000	0	1.00000	0
197	F	0.00000	0	1.00000	0
198	V	0.00000	0	1.00000	0
199	L	0.00000	0	1.00000	0
200	W	0.00000	0	1.00000	0
201	A	0.00000	0	1.00000	0
202	P	0.00000	0	1.00000	0
203	A	0.00000	1e-05	0.99999	0
204	I	0.00000	0.00039	0.99961	0
205	L	0.00000	0.01049	0.98951	0
206	F	0.00000	0.12154	0.87846	0
207	W	0.00000	0.47411	0.52589	0
208	Q	0.00000	0.95859	0.04141	0
209	Y	0.00000	0.97927	0.02073	0
210	F	0.00000	0.98727	0.01273	0
211	V	0.00000	0.99595	0.00405	0
212	G	0.00000	0.99981	0.00019	0
213	K	0.00000	1	0.00000	0
214	R	0.00000	1	0.00000	0
215	T	0.00000	1	0.00000	0
216	V	0.00000	1	0.00000	0
217	P	0.00000	1	0.00000	0
218	P	0.00000	1	0.00000	0
219	G	0.00000	1	0.00000	0
220	E	0.00000	1	0.00000	0
221	C	0.00000	1	0.00000	0
222	F	0.00000	0.99991	0.00009	0
223	I	0.00000	0.99752	0.00248	0
224	Q	0.00000	0.99698	0.00302	0
225	F	0.00000	0.99639	0.00361	0
226	L	0.00000	0.9963	0.00370	0
227	S	0.00000	0.99607	0.00393	0
228	E	0.00000	0.99577	0.00423	0
229	P	0.00000	0.57469	0.42531	0
230	T	0.00000	0.42576	0.57424	0
231	I	0.00000	0.15348	0.84652	0
232	T	0.00000	0.12173	0.87827	0
233	F	0.00000	0.0151	0.98490	0
234	G	0.00000	0.0046	0.99540	0
235	T	0.00000	0.00207	0.99793	0
236	A	0.00000	6e-05	0.99994	0
237	I	0.00000	0	1.00000	0
238	A	0.00000	0	1.00000	0
239	A	0.00000	0	1.00000	0
240	F	0.00000	0	1.00000	0
241	Y	0.00000	0	1.00000	0
242	M	0.00000	0	1.00000	0
243	P	0.00000	0	1.00000	0
244	V	0.00000	0	1.00000	0
245	T	0.00000	0	1.00000	0
246	I	0.00001	0	0.99999	0
247	M	0.00001	0	0.99999	0
248	T	0.00002	0	0.99998	0
249	I	0.00005	0	0.99995	0
250	L	0.00013	0	0.99987	0
251	Y	0.00064	0	0.99936	0
252	W	0.00635	0	0.99365	0
253	R	0.17466	0	0.82533	0
254	I	0.19942	0	0.80058	0
255	Y	0.31395	0	0.68605	0
256	K	0.99391	0	0.00609	0
257	E	0.99976	0	0.00024	0
258	T	1.00000	0	0.00000	0
259	E	1.00000	0	0.00000	0
260	K	1.00000	0	0.00000	0
261	R	1.00000	0	0.00000	0
262	T	1.00000	0	0.00000	0
263	K	1.00000	0	0.00000	0
264	E	1.00000	0	0.00000	0
265	L	1.00000	0	0.00000	0
266	A	1.00000	0	0.00000	0
267	G	1.00000	0	0.00000	0
268	L	1.00000	0	0.00000	0
269	Q	1.00000	0	0.00000	0
270	A	1.00000	0	0.00000	0
271	S	1.00000	0	0.00000	0
272	G	1.00000	0	0.00000	0
273	T	1.00000	0	0.00000	0
274	E	1.00000	0	0.00000	0
275	A	1.00000	0	0.00000	0
276	E	1.00000	0	0.00000	0
277	A	1.00000	0	0.00000	0
278	E	1.00000	0	0.00000	0
279	N	1.00000	0	0.00000	0
280	F	1.00000	0	0.00000	0
281	V	1.00000	0	0.00000	0
282	H	1.00000	0	0.00000	0
283	P	1.00000	0	0.00000	0
284	T	1.00000	0	0.00000	0
285	G	1.00000	0	0.00000	0
286	S	1.00000	0	0.00000	0
287	S	1.00000	0	0.00000	0
288	R	1.00000	0	0.00000	0
289	S	1.00000	0	0.00000	0
290	C	1.00000	0	0.00000	0
291	S	1.00000	0	0.00000	0
292	S	1.00000	0	0.00000	0
293	Y	1.00000	0	0.00000	0
294	E	1.00000	0	0.00000	0
295	L	1.00000	0	0.00000	0
296	Q	1.00000	0	0.00000	0
297	Q	1.00000	0	0.00000	0
298	Q	1.00000	0	0.00000	0
299	S	1.00000	0	0.00000	0
300	L	1.00000	0	0.00000	0
301	K	1.00000	0	0.00000	0
302	R	1.00000	0	0.00000	0
303	S	1.00000	0	0.00000	0
304	A	1.00000	0	0.00000	0
305	K	1.00000	0	0.00000	0
306	R	1.00000	0	0.00000	0
307	K	1.00000	0	0.00000	0
308	Y	1.00000	0	0.00000	0
309	G	1.00000	0	0.00000	0
310	G	1.00000	0	0.00000	0
311	C	1.00000	0	0.00000	0
312	H	1.00000	0	0.00000	0
313	F	1.00000	0	0.00000	0
314	W	1.00000	0	0.00000	0
315	F	1.00000	0	0.00000	0
316	T	1.00000	0	0.00000	0
317	T	1.00000	0	0.00000	0
318	K	1.00000	0	0.00000	0
319	S	1.00000	0	0.00000	0
320	W	1.00000	0	0.00000	0
321	K	1.00000	0	0.00000	0
322	P	1.00000	0	0.00000	0
323	S	1.00000	0	0.00000	0
324	A	1.00000	0	0.00000	0
325	E	1.00000	0	0.00000	0
326	Q	1.00000	0	0.00000	0
327	M	1.00000	0	0.00000	0
328	D	1.00000	0	0.00000	0
329	Q	1.00000	0	0.00000	0
330	D	1.00000	0	0.00000	0
331	H	1.00000	0	0.00000	0
332	S	1.00000	0	0.00000	0
333	S	1.00000	0	0.00000	0
334	S	1.00000	0	0.00000	0
335	D	1.00000	0	0.00000	0
336	S	1.00000	0	0.00000	0
337	W	1.00000	0	0.00000	0
338	N	1.00000	0	0.00000	0
339	N	1.00000	0	0.00000	0
340	N	1.00000	0	0.00000	0
341	D	1.00000	0	0.00000	0
342	A	1.00000	0	0.00000	0
343	A	1.00000	0	0.00000	0
344	A	1.00000	0	0.00000	0
345	S	1.00000	0	0.00000	0
346	L	1.00000	0	0.00000	0
347	E	1.00000	0	0.00000	0
348	N	1.00000	0	0.00000	0
349	S	1.00000	0	0.00000	0
350	A	1.00000	0	0.00000	0
351	S	1.00000	0	0.00000	0
352	S	1.00000	0	0.00000	0
353	D	1.00000	0	0.00000	0
354	E	1.00000	0	0.00000	0
355	E	1.00000	0	0.00000	0
356	D	1.00000	0	0.00000	0
357	I	1.00000	0	0.00000	0
358	G	1.00000	0	0.00000	0
359	S	1.00000	0	0.00000	0
360	E	1.00000	0	0.00000	0
361	T	1.00000	0	0.00000	0
362	R	1.00000	0	0.00000	0
363	A	1.00000	0	0.00000	0
364	I	1.00000	0	0.00000	0
365	Y	1.00000	0	0.00000	0
366	S	1.00000	0	0.00000	0
367	I	1.00000	0	0.00000	0
368	V	1.00000	0	0.00000	0
369	L	1.00000	0	0.00000	0
370	K	1.00000	0	0.00000	0
371	L	1.00000	0	0.00000	0
372	P	1.00000	0	0.00000	0
373	G	1.00000	0	0.00000	0
374	H	1.00000	0	0.00000	0
375	S	1.00000	0	0.00000	0
376	T	1.00000	0	0.00000	0
377	I	1.00000	0	0.00000	0
378	L	1.00000	0	0.00000	0
379	N	1.00000	0	0.00000	0
380	S	1.00000	0	0.00000	0
381	T	1.00000	0	0.00000	0
382	K	1.00000	0	0.00000	0
383	L	1.00000	0	0.00000	0
384	P	1.00000	0	0.00000	0
385	S	1.00000	0	0.00000	0
386	S	1.00000	0	0.00000	0
387	D	1.00000	0	0.00000	0
388	N	1.00000	0	0.00000	0
389	L	1.00000	0	0.00000	0
390	Q	1.00000	0	0.00000	0
391	V	1.00000	0	0.00000	0
392	P	1.00000	0	0.00000	0
393	E	1.00000	0	0.00000	0
394	E	1.00000	0	0.00000	0
395	E	1.00000	0	0.00000	0
396	L	1.00000	0	0.00000	0
397	R	1.00000	0	0.00000	0
398	A	1.00000	0	0.00000	0
399	L	1.00000	0	0.00000	0
400	D	1.00000	0	0.00000	0
401	A	1.00000	0	0.00000	0
402	E	1.00000	0	0.00000	0
403	K	1.00000	0	0.00000	0
404	S	1.00000	0	0.00000	0
405	A	1.00000	0	0.00000	0
406	N	1.00000	0	0.00000	0
407	K	1.00000	0	0.00000	0
408	L	1.00000	0	0.00000	0
409	Q	1.00000	0	0.00000	0
410	A	1.00000	0	0.00000	0
411	Q	1.00000	0	0.00000	0
412	R	1.00000	0	0.00000	0
413	S	1.00000	0	0.00000	0
414	V	1.00000	0	0.00000	0
415	D	1.00000	0	0.00000	0
416	D	1.00000	0	0.00000	0
417	G	1.00000	0	0.00000	0
418	G	1.00000	0	0.00000	0
419	S	1.00000	0	0.00000	0
420	F	1.00000	0	0.00000	0
421	Q	1.00000	0	0.00000	0
422	R	1.00000	0	0.00000	0
423	S	1.00000	0	0.00000	0
424	F	1.00000	0	0.00000	0
425	S	1.00000	0	0.00000	0
426	K	1.00000	0	0.00000	0
427	L	1.00000	0	0.00000	0
428	P	1.00000	0	0.00000	0
429	I	1.00000	0	0.00000	0
430	Q	1.00000	0	0.00000	0
431	L	1.00000	0	0.00000	0
432	E	1.00000	0	0.00000	0
433	S	1.00000	0	0.00000	0
434	A	1.00000	0	0.00000	0
435	V	1.00000	0	0.00000	0
436	D	1.00000	0	0.00000	0
437	T	1.00000	0	0.00000	0
438	A	1.00000	0	0.00000	0
439	K	1.00000	0	0.00000	0
440	S	1.00000	0	0.00000	0
441	S	1.00000	0	0.00000	0
442	D	1.00000	0	0.00000	0
443	A	1.00000	0	0.00000	0
444	N	1.00000	0	0.00000	0
445	S	1.00000	0	0.00000	0
446	S	1.00000	0	0.00000	0
447	V	1.00000	0	0.00000	0
448	G	1.00000	0	0.00000	0
449	K	1.00000	0	0.00000	0
450	T	1.00000	0	0.00000	0
451	T	1.00000	0	0.00000	0
452	A	1.00000	0	0.00000	0
453	T	1.00000	0	0.00000	0
454	L	1.00000	0	0.00000	0
455	P	1.00000	0	0.00000	0
456	L	1.00000	0	0.00000	0
457	S	1.00000	0	0.00000	0
458	F	1.00000	0	0.00000	0
459	K	1.00000	0	0.00000	0
460	E	1.00000	0	0.00000	0
461	A	1.00000	0	0.00000	0
462	T	1.00000	0	0.00000	0
463	L	1.00000	0	0.00000	0
464	A	1.00000	0	0.00000	0
465	K	1.00000	0	0.00000	0
466	R	1.00000	0	0.00000	0
467	F	1.00000	0	0.00000	0
468	A	1.00000	0	0.00000	0
469	L	1.00000	0	0.00000	0
470	K	1.00000	0	0.00000	0
471	T	1.00000	0	0.00000	0
472	R	1.00000	0	0.00000	0
473	S	1.00000	0	0.00000	0
474	Q	1.00000	0	0.00000	0
475	I	1.00000	0	0.00000	0
476	T	1.00000	0	0.00000	0
477	K	1.00000	0	0.00000	0
478	R	1.00000	0	0.00000	0
479	K	1.00000	0	0.00000	0
480	R	1.00000	0	0.00000	0
481	M	1.00000	0	0.00000	0
482	S	1.00000	0	0.00000	0
483	L	1.00000	0	0.00000	0
484	I	1.00000	0	0.00000	0
485	K	1.00000	0	0.00000	0
486	E	1.00000	0	0.00000	0
487	K	0.96988	0	0.03012	0
488	K	0.96835	0	0.03165	0
489	A	0.19704	0	0.80296	0
490	A	0.14270	0	0.85730	0
491	Q	0.13838	0	0.86162	0
492	T	0.12086	0	0.87914	0
493	L	0.10363	0	0.89637	0
494	S	0.02535	0	0.97465	0
495	A	0.00226	0	0.99774	0
496	I	0.00019	0	0.99981	0
497	L	0.00008	0	0.99992	0
498	L	0.00000	0	1.00000	0
499	A	0.00000	0	1.00000	0
500	F	0.00000	0	1.00000	0
501	I	0.00000	0	1.00000	0
502	I	0.00000	0	1.00000	0
503	T	0.00000	0	1.00000	0
504	W	0.00000	0	1.00000	0
505	T	0.00000	0	1.00000	0
506	P	0.00000	0	1.00000	0
507	Y	0.00000	2e-05	0.99998	0
508	N	0.00000	0.00017	0.99983	0
509	I	0.00000	0.00026	0.99974	0
510	M	0.00000	0.00142	0.99858	0
511	V	0.00000	0.01763	0.98237	0
512	L	0.00000	0.15564	0.84436	0
513	V	0.00000	0.36125	0.63875	0
514	N	0.00000	0.8038	0.19620	0
515	T	0.00000	0.85989	0.14011	0
516	F	0.00000	0.87846	0.12154	0
517	C	0.00000	0.98808	0.01192	0
518	D	0.00000	0.99996	0.00004	0
519	S	0.00000	0.99999	0.00001	0
520	C	0.00000	1	0.00000	0
521	I	0.00000	1	0.00000	0
522	P	0.00000	0.99991	0.00009	0
523	K	0.00000	0.99877	0.00123	0
524	T	0.00000	0.97738	0.02262	0
525	Y	0.00000	0.97283	0.02717	0
526	W	0.00000	0.96303	0.03697	0
527	N	0.00000	0.64872	0.35128	0
528	L	0.00000	0.027	0.97300	0
529	G	0.00000	0.01721	0.98279	0
530	Y	0.00000	0.00047	0.99953	0
531	W	0.00000	0	1.00000	0
532	L	0.00000	0	1.00000	0
533	C	0.00000	0	1.00000	0
534	Y	0.00000	0	1.00000	0
535	I	0.00000	0	1.00000	0
536	N	0.00000	0	1.00000	0
537	S	0.00000	0	1.00000	0
538	T	0.00000	0	1.00000	0
539	V	0.00000	0	1.00000	0
540	N	0.00000	0	1.00000	0
541	P	0.00000	0	1.00000	0
542	V	0.00000	0	1.00000	0
543	C	0.00000	0	1.00000	0
544	Y	0.00006	0	0.99994	0
545	A	0.00038	0	0.99962	0
546	L	0.00179	0	0.99821	0
547	C	0.10860	0	0.89140	0
548	N	0.32208	0	0.67792	0
549	K	1.00000	0	0.00000	0
550	T	1.00000	0	0.00000	0
551	F	1.00000	0	0.00000	0
552	R	1.00000	0	0.00000	0
553	T	1.00000	0	0.00000	0
554	T	1.00000	0	0.00000	0
555	F	1.00000	0	0.00000	0
556	K	1.00000	0	0.00000	0
557	M	1.00000	0	0.00000	0
558	L	1.00000	0	0.00000	0
559	L	1.00000	0	0.00000	0
560	L	1.00000	0	0.00000	0
561	C	1.00000	0	0.00000	0
562	Q	1.00000	0	0.00000	0
563	C	1.00000	0	0.00000	0
564	D	1.00000	0	0.00000	0
565	K	1.00000	0	0.00000	0
566	R	1.00000	0	0.00000	0
567	K	1.00000	0	0.00000	0
568	R	1.00000	0	0.00000	0
569	R	1.00000	0	0.00000	0
570	K	1.00000	0	0.00000	0
571	Q	1.00000	0	0.00000	0
572	Q	1.00000	0	0.00000	0
573	Y	1.00000	0	0.00000	0
574	Q	1.00000	0	0.00000	0
575	Q	1.00000	0	0.00000	0
576	R	1.00000	0	0.00000	0
577	Q	1.00000	0	0.00000	0
578	S	1.00000	0	0.00000	0
579	V	1.00000	0	0.00000	0
580	I	1.00000	0	0.00000	0
581	F	1.00000	0	0.00000	0
582	H	1.00000	0	0.00000	0
583	K	1.00000	0	0.00000	0
584	R	1.00000	0	0.00000	0
585	V	1.00000	0	0.00000	0
586	P	1.00000	0	0.00000	0
587	E	1.00000	0	0.00000	0
588	Q	1.00000	0	0.00000	0
589	A	1.00000	0	0.00000	0
590	P	1.00000	0	0.00000	0
