# UNNAMED
#pos	aa	i	o	M	S
1	M	0.00000	0.99984	0.00000	0.00016
2	S	0.00000	0.99984	0.00000	0.00016
3	A	0.00000	0.99984	0.00000	0.00016
4	I	0.00000	0.99984	0.00000	0.00016
5	C	0.00000	0.99984	0.00000	0.00016
6	N	0.00000	0.99984	0.00000	0.00016
7	K	0.00000	0.99984	0.00000	0.00016
8	S	0.00000	0.99984	0.00000	0.00016
9	L	0.00000	0.99984	0.00000	0.00016
10	S	0.00000	0.99984	0.00000	0.00016
11	S	0.00000	0.99984	0.00000	0.00016
12	A	0.00000	0.99984	0.00000	0.00016
13	T	0.00000	0.99984	0.00000	0.00016
14	D	0.00000	0.99985	0.00000	0.00015
15	S	0.00000	0.99985	0.00000	0.00015
16	E	0.00000	0.99997	0.00002	1e-05
17	P	0.00000	0.99848	0.00151	1e-05
18	T	0.00000	0.99413	0.00586	1e-05
19	F	0.00000	0.97896	0.02103	1e-05
20	S	0.00000	0.97524	0.02475	1e-05
21	V	0.00000	0.9523	0.04769	0
22	G	0.00000	0.94095	0.05905	0
23	T	0.00000	0.91239	0.08761	0
24	S	0.00000	0.89382	0.10618	0
25	A	0.00000	0.67081	0.32919	0
26	L	0.00000	0.47763	0.52237	0
27	L	0.00000	0.38375	0.61625	0
28	G	0.00000	0.32631	0.67369	0
29	I	0.00000	0.09083	0.90917	0
30	L	0.00000	0.05867	0.94133	0
31	M	0.00000	0.03324	0.96676	0
32	A	0.00000	0.00943	0.99057	0
33	I	0.00000	0.00018	0.99982	0
34	V	0.00000	0	1.00000	0
35	I	0.00000	0	1.00000	0
36	L	0.00000	0	1.00000	0
37	I	0.00000	0	1.00000	0
38	T	0.00000	0	1.00000	0
39	V	0.00000	0	1.00000	0
40	L	0.00000	0	1.00000	0
41	G	0.00000	0	1.00000	0
42	N	0.00000	0	1.00000	0
43	A	0.00000	0	1.00000	0
44	L	0.00000	0	1.00000	0
45	V	0.00000	0	1.00000	0
46	I	0.00000	0	1.00000	0
47	L	0.00016	0	0.99984	0
48	A	0.00507	0	0.99493	0
49	F	0.01950	0	0.98050	0
50	V	0.14438	0	0.85562	0
51	V	0.47464	0	0.52536	0
52	D	0.99509	0	0.00491	0
53	K	0.99989	0	0.00011	0
54	N	1.00000	0	0.00000	0
55	L	1.00000	0	0.00000	0
56	R	1.00000	0	0.00000	0
57	H	1.00000	0	0.00000	0
58	R	0.99999	0	0.00001	0
59	S	0.99564	0	0.00436	0
60	N	0.90995	0	0.09005	0
61	Y	0.36969	0	0.63031	0
62	F	0.00492	0	0.99508	0
63	F	0.00055	0	0.99945	0
64	L	0.00000	0	1.00000	0
65	N	0.00000	0	1.00000	0
66	L	0.00000	0	1.00000	0
67	A	0.00000	0	1.00000	0
68	I	0.00000	0	1.00000	0
69	S	0.00000	0	1.00000	0
70	D	0.00000	0	1.00000	0
71	F	0.00000	0	1.00000	0
72	I	0.00000	0	1.00000	0
73	V	0.00000	0	1.00000	0
74	G	0.00000	0	1.00000	0
75	A	0.00000	0	1.00000	0
76	F	0.00000	0	1.00000	0
77	C	0.00000	0	1.00000	0
78	I	0.00000	0	1.00000	0
79	P	0.00000	1e-05	0.99999	0
80	L	0.00000	4e-05	0.99996	0
81	Y	0.00000	0.00052	0.99948	0
82	I	0.00000	0.00077	0.99923	0
83	P	0.00000	0.46592	0.53408	0
84	Y	0.00000	0.99841	0.00159	0
85	I	0.00000	0.99856	0.00144	0
86	L	0.00000	0.99913	0.00087	0
87	T	0.00000	0.9999	0.00010	0
88	G	0.00000	1	0.00000	0
89	K	0.00000	1	0.00000	0
90	W	0.00000	1	0.00000	0
91	P	0.00000	1	0.00000	0
92	F	0.00000	1	0.00000	0
93	G	0.00000	1	0.00000	0
94	R	0.00000	1	0.00000	0
95	G	0.00000	1	0.00000	0
96	L	0.00000	1	0.00000	0
97	C	0.00000	1	0.00000	0
98	K	0.00000	1	0.00000	0
99	L	0.00000	0.99967	0.00033	0
100	W	0.00000	0.94897	0.05103	0
101	L	0.00000	0.25626	0.74374	0
102	V	0.00000	0.03338	0.96662	0
103	V	0.00000	0.00054	0.99946	0
104	D	0.00000	0.00018	0.99982	0
105	Y	0.00000	1e-05	0.99999	0
106	L	0.00000	0	1.00000	0
107	M	0.00000	0	1.00000	0
108	C	0.00000	0	1.00000	0
109	T	0.00000	0	1.00000	0
110	A	0.00000	0	1.00000	0
111	S	0.00000	0	1.00000	0
112	V	0.00000	0	1.00000	0
113	F	0.00000	0	1.00000	0
114	N	0.00000	0	1.00000	0
115	I	0.00000	0	1.00000	0
116	V	0.00000	0	1.00000	0
117	L	0.00000	0	1.00000	0
118	I	0.00000	0	1.00000	0
119	S	0.00000	0	1.00000	0
120	Y	0.00000	0	1.00000	0
121	D	0.00001	0	0.99999	0
122	R	0.00566	0	0.99434	0
123	F	0.04731	0	0.95269	0
124	L	0.12964	0	0.87036	0
125	S	0.85813	0	0.14187	0
126	V	0.99995	0	0.00005	0
127	T	1.00000	0	0.00000	0
128	K	1.00000	0	0.00000	0
129	A	1.00000	0	0.00000	0
130	V	1.00000	0	0.00000	0
131	S	1.00000	0	0.00000	0
132	Y	1.00000	0	0.00000	0
133	R	1.00000	0	0.00000	0
134	I	1.00000	0	0.00000	0
135	N	1.00000	0	0.00000	0
136	P	1.00000	0	0.00000	0
137	G	0.99998	0	0.00002	0
138	M	0.99995	0	0.00005	0
139	T	0.99992	0	0.00008	0
140	S	0.99927	0	0.00073	0
141	K	0.99336	0	0.00664	0
142	A	0.51861	0	0.48139	0
143	I	0.02473	0	0.97527	0
144	A	0.00318	0	0.99682	0
145	M	0.00066	0	0.99934	0
146	M	0.00014	0	0.99986	0
147	V	0.00001	0	0.99999	0
148	A	0.00000	0	1.00000	0
149	I	0.00000	0	1.00000	0
150	W	0.00000	0	1.00000	0
151	V	0.00000	0	1.00000	0
152	F	0.00000	0	1.00000	0
153	A	0.00000	0	1.00000	0
154	F	0.00000	0	1.00000	0
155	L	0.00000	0	1.00000	0
156	L	0.00000	0	1.00000	0
157	Y	0.00000	1e-05	0.99999	0
158	G	0.00000	3e-05	0.99997	0
159	P	0.00000	5e-05	0.99995	0
160	A	0.00000	7e-05	0.99993	0
161	I	0.00000	0.00059	0.99941	0
162	I	0.00000	0.01512	0.98488	0
163	I	0.00000	0.05582	0.94418	0
164	W	0.00000	0.42489	0.57511	0
165	E	0.00000	0.9927	0.00730	0
166	Y	0.00000	0.99712	0.00288	0
167	V	0.00000	0.99857	0.00143	0
168	V	0.00000	0.99946	0.00054	0
169	G	0.00000	0.99997	0.00003	0
170	C	0.00000	1	0.00000	0
171	S	0.00000	1	0.00000	0
172	I	0.00000	1	0.00000	0
173	V	0.00000	1	0.00000	0
174	P	0.00000	1	0.00000	0
175	D	0.00000	1	0.00000	0
176	K	0.00000	1	0.00000	0
177	K	0.00000	1	0.00000	0
178	C	0.00000	1	0.00000	0
179	Y	0.00000	0.99999	0.00001	0
180	A	0.00000	0.99976	0.00024	0
181	E	0.00000	0.9997	0.00030	0
182	F	0.00000	0.75247	0.24753	0
183	I	0.00000	0.74884	0.25116	0
184	Y	0.00000	0.74727	0.25273	0
185	N	0.00000	0.74571	0.25429	0
186	W	0.00000	0.24355	0.75645	0
187	H	0.00000	0.14415	0.85585	0
188	L	0.00000	0.00939	0.99061	0
189	L	0.00000	0.00862	0.99138	0
190	L	0.00000	0.00847	0.99153	0
191	G	0.00000	0.00034	0.99966	0
192	S	0.00000	0.00028	0.99972	0
193	S	0.00000	0.00022	0.99978	0
194	I	0.00000	7e-05	0.99993	0
195	F	0.00000	0	1.00000	0
196	E	0.00000	0	1.00000	0
197	F	0.00000	0	1.00000	0
198	F	0.00000	0	1.00000	0
199	T	0.00000	0	1.00000	0
200	P	0.00000	0	1.00000	0
201	L	0.00000	0	1.00000	0
202	I	0.00000	0	1.00000	0
203	L	0.00000	0	1.00000	0
204	V	0.00001	0	0.99999	0
205	A	0.00018	0	0.99982	0
206	Y	0.00454	0	0.99546	0
207	F	0.03793	0	0.96207	0
208	N	0.29289	0	0.70711	0
209	I	0.35000	0	0.65000	0
210	Q	0.82366	0	0.17634	0
211	I	0.83733	0	0.16267	0
212	F	0.85347	0	0.14653	0
213	R	0.98510	0	0.01490	0
214	S	0.99250	0	0.00750	0
215	I	0.99330	0	0.00670	0
216	Q	0.99990	0	0.00010	0
217	N	0.99999	0	0.00001	0
218	R	1.00000	0	0.00000	0
219	L	1.00000	0	0.00000	0
220	T	1.00000	0	0.00000	0
221	T	1.00000	0	0.00000	0
222	I	1.00000	0	0.00000	0
223	P	1.00000	0	0.00000	0
224	Q	1.00000	0	0.00000	0
225	E	1.00000	0	0.00000	0
226	L	1.00000	0	0.00000	0
227	S	1.00000	0	0.00000	0
228	E	1.00000	0	0.00000	0
229	S	1.00000	0	0.00000	0
230	P	1.00000	0	0.00000	0
231	K	1.00000	0	0.00000	0
232	S	1.00000	0	0.00000	0
233	K	1.00000	0	0.00000	0
234	S	1.00000	0	0.00000	0
235	Q	1.00000	0	0.00000	0
236	V	1.00000	0	0.00000	0
237	R	1.00000	0	0.00000	0
238	R	1.00000	0	0.00000	0
239	L	1.00000	0	0.00000	0
240	W	1.00000	0	0.00000	0
241	C	1.00000	0	0.00000	0
242	L	1.00000	0	0.00000	0
243	L	1.00000	0	0.00000	0
244	K	1.00000	0	0.00000	0
245	E	1.00000	0	0.00000	0
246	D	1.00000	0	0.00000	0
247	A	1.00000	0	0.00000	0
248	S	1.00000	0	0.00000	0
249	F	1.00000	0	0.00000	0
250	S	1.00000	0	0.00000	0
251	D	1.00000	0	0.00000	0
252	S	1.00000	0	0.00000	0
253	E	1.00000	0	0.00000	0
254	T	1.00000	0	0.00000	0
255	E	1.00000	0	0.00000	0
256	K	1.00000	0	0.00000	0
257	S	1.00000	0	0.00000	0
258	C	1.00000	0	0.00000	0
259	S	1.00000	0	0.00000	0
260	T	1.00000	0	0.00000	0
261	S	1.00000	0	0.00000	0
262	G	1.00000	0	0.00000	0
263	S	1.00000	0	0.00000	0
264	Q	1.00000	0	0.00000	0
265	R	1.00000	0	0.00000	0
266	H	1.00000	0	0.00000	0
267	L	1.00000	0	0.00000	0
268	S	1.00000	0	0.00000	0
269	T	1.00000	0	0.00000	0
270	S	1.00000	0	0.00000	0
271	D	1.00000	0	0.00000	0
272	R	1.00000	0	0.00000	0
273	P	1.00000	0	0.00000	0
274	R	1.00000	0	0.00000	0
275	P	1.00000	0	0.00000	0
276	S	1.00000	0	0.00000	0
277	H	1.00000	0	0.00000	0
278	L	1.00000	0	0.00000	0
279	Y	1.00000	0	0.00000	0
280	S	1.00000	0	0.00000	0
281	H	1.00000	0	0.00000	0
282	T	1.00000	0	0.00000	0
283	S	1.00000	0	0.00000	0
284	E	1.00000	0	0.00000	0
285	T	1.00000	0	0.00000	0
286	D	1.00000	0	0.00000	0
287	P	1.00000	0	0.00000	0
288	M	1.00000	0	0.00000	0
289	G	1.00000	0	0.00000	0
290	S	1.00000	0	0.00000	0
291	F	1.00000	0	0.00000	0
292	K	1.00000	0	0.00000	0
293	V	1.00000	0	0.00000	0
294	K	1.00000	0	0.00000	0
295	T	1.00000	0	0.00000	0
296	S	1.00000	0	0.00000	0
297	R	1.00000	0	0.00000	0
298	K	1.00000	0	0.00000	0
299	L	1.00000	0	0.00000	0
300	Q	1.00000	0	0.00000	0
301	R	1.00000	0	0.00000	0
302	D	1.00000	0	0.00000	0
303	K	0.97668	0	0.02332	0
304	K	0.97637	0	0.02363	0
305	I	0.92281	0	0.07719	0
306	A	0.92064	0	0.07936	0
307	K	0.91804	0	0.08196	0
308	S	0.73847	0	0.26153	0
309	L	0.00272	0	0.99728	0
310	A	0.00122	0	0.99878	0
311	I	0.00040	0	0.99960	0
312	I	0.00000	0	1.00000	0
313	V	0.00000	0	1.00000	0
314	C	0.00000	0	1.00000	0
315	I	0.00000	0	1.00000	0
316	F	0.00000	0	1.00000	0
317	V	0.00000	0	1.00000	0
318	I	0.00000	0	1.00000	0
319	C	0.00000	0	1.00000	0
320	W	0.00000	0	1.00000	0
321	A	0.00000	0	1.00000	0
322	P	0.00000	0	1.00000	0
323	Y	0.00000	0	1.00000	0
324	S	0.00000	0	1.00000	0
325	L	0.00000	1e-05	0.99999	0
326	L	0.00000	5e-05	0.99995	0
327	I	0.00000	0.00021	0.99979	0
328	I	0.00000	0.00163	0.99837	0
329	I	0.00000	0.00324	0.99676	0
330	F	0.00000	0.01387	0.98613	0
331	A	0.00000	0.08504	0.91496	0
332	A	0.00000	0.30213	0.69787	0
333	C	0.00000	0.93202	0.06798	0
334	D	0.00000	0.99985	0.00015	0
335	G	0.00000	0.99998	0.00002	0
336	N	0.00000	1	0.00000	0
337	C	0.00000	1	0.00000	0
338	I	0.00000	1	0.00000	0
339	K	0.00000	1	0.00000	0
340	P	0.00000	0.99998	0.00002	0
341	Y	0.00000	0.99973	0.00027	0
342	L	0.00000	0.99966	0.00034	0
343	Y	0.00000	0.99964	0.00036	0
344	E	0.00000	0.99629	0.00371	0
345	I	0.00000	0.98192	0.01808	0
346	S	0.00000	0.97775	0.02225	0
347	F	0.00000	0.05251	0.94749	0
348	W	0.00000	0.00025	0.99975	0
349	L	0.00000	0	1.00000	0
350	L	0.00000	0	1.00000	0
351	W	0.00000	0	1.00000	0
352	L	0.00000	0	1.00000	0
353	N	0.00000	0	1.00000	0
354	S	0.00000	0	1.00000	0
355	S	0.00000	0	1.00000	0
356	V	0.00000	0	1.00000	0
357	N	0.00000	0	1.00000	0
358	P	0.00000	0	1.00000	0
359	F	0.00000	0	1.00000	0
360	L	0.00000	0	1.00000	0
361	Y	0.00000	0	1.00000	0
362	P	0.00001	0	0.99999	0
363	L	0.00013	0	0.99987	0
364	C	0.00057	0	0.99943	0
365	H	0.00345	0	0.99655	0
366	V	0.09198	0	0.90802	0
367	K	1.00000	0	0.00000	0
368	F	1.00000	0	0.00000	0
369	R	1.00000	0	0.00000	0
370	N	1.00000	0	0.00000	0
371	A	1.00000	0	0.00000	0
372	F	1.00000	0	0.00000	0
373	R	1.00000	0	0.00000	0
374	K	1.00000	0	0.00000	0
375	I	1.00000	0	0.00000	0
376	L	1.00000	0	0.00000	0
377	C	1.00000	0	0.00000	0
378	P	1.00000	0	0.00000	0
379	Y	1.00000	0	0.00000	0
380	K	1.00000	0	0.00000	0
381	R	1.00000	0	0.00000	0
382	A	1.00000	0	0.00000	0
383	E	1.00000	0	0.00000	0
384	S	1.00000	0	0.00000	0
385	S	1.00000	0	0.00000	0
386	P	1.00000	0	0.00000	0
387	R	1.00000	0	0.00000	0
388	P	1.00000	0	0.00000	0
389	S	1.00000	0	0.00000	0
390	V	1.00000	0	0.00000	0
391	S	1.00000	0	0.00000	0
392	F	1.00000	0	0.00000	0
