# UNNAMED
#pos	aa	i	o	M	S
1	M	0.00000	0.99864	0.00000	0.00136
2	I	0.00000	0.99864	0.00000	0.00136
3	F	0.00000	0.99864	0.00000	0.00136
4	Y	0.00000	0.99864	0.00000	0.00137
5	P	0.00000	0.99864	0.00000	0.00136
6	R	0.00000	0.99864	0.00000	0.00136
7	N	0.00000	0.99864	0.00000	0.00137
8	A	0.00000	0.99864	0.00000	0.00136
9	S	0.00000	0.99864	0.00000	0.00136
10	L	0.00000	0.99864	0.00000	0.00136
11	V	0.00000	0.99864	0.00000	0.00136
12	H	0.00000	0.99864	0.00000	0.00136
13	L	0.00000	0.99864	0.00000	0.00137
14	D	0.00000	0.9988	0.00000	0.00121
15	N	0.00000	0.9988	0.00000	0.00121
16	I	0.00000	0.9988	0.00000	0.00121
17	S	0.00000	0.9988	0.00000	0.00121
18	V	0.00000	0.99903	0.00000	0.00097
19	S	0.00000	0.99903	0.00000	0.00097
20	A	0.00000	0.99903	0.00000	0.00097
21	V	0.00000	0.9998	0.00000	0.0002
22	S	0.00000	0.9998	0.00000	0.0002
23	A	0.00000	0.9998	0.00000	0.0002
24	S	0.00000	1	0.00000	0
25	N	0.00000	1	0.00000	0
26	Q	0.00000	1	0.00000	0
27	S	0.00000	1	0.00000	0
28	Q	0.00000	1	0.00000	0
29	E	0.00000	1	0.00000	0
30	I	0.00000	1	0.00000	0
31	T	0.00000	1	0.00000	0
32	D	0.00000	1	0.00000	0
33	E	0.00000	0.99999	0.00001	0
34	M	0.00000	0.99835	0.00165	0
35	R	0.00000	0.99041	0.00959	0
36	L	0.00000	0.46606	0.53394	0
37	I	0.00000	0.14451	0.85549	0
38	Q	0.00000	0.1081	0.89190	0
39	A	0.00000	0.01726	0.98274	0
40	V	0.00000	0.00751	0.99249	0
41	L	0.00000	0.00427	0.99573	0
42	M	0.00000	0.0017	0.99830	0
43	S	0.00000	0.00123	0.99877	0
44	C	0.00000	0.00077	0.99923	0
45	V	0.00000	1e-05	0.99999	0
46	I	0.00000	0	1.00000	0
47	C	0.00000	0	1.00000	0
48	V	0.00000	0	1.00000	0
49	T	0.00000	0	1.00000	0
50	G	0.00000	0	1.00000	0
51	T	0.00000	0	1.00000	0
52	G	0.00000	0	1.00000	0
53	N	0.00000	0	1.00000	0
54	A	0.00000	0	1.00000	0
55	L	0.00000	0	1.00000	0
56	V	0.00000	0	1.00000	0
57	I	0.00000	0	1.00000	0
58	L	0.00042	0	0.99958	0
59	G	0.01754	0	0.98246	0
60	F	0.03439	0	0.96561	0
61	L	0.17576	0	0.82424	0
62	V	0.53009	0	0.46991	0
63	N	0.97772	0	0.02228	0
64	K	0.99896	0	0.00104	0
65	N	0.99996	0	0.00004	0
66	L	0.99998	0	0.00002	0
67	R	1.00000	0	0.00000	0
68	T	1.00000	0	0.00000	0
69	P	1.00000	0	0.00000	0
70	S	0.99472	0	0.00528	0
71	N	0.90017	0	0.09983	0
72	Y	0.34962	0	0.65038	0
73	F	0.00442	0	0.99558	0
74	L	0.00059	0	0.99941	0
75	L	0.00001	0	0.99999	0
76	N	0.00000	0	1.00000	0
77	L	0.00000	0	1.00000	0
78	A	0.00000	0	1.00000	0
79	I	0.00000	0	1.00000	0
80	G	0.00000	0	1.00000	0
81	D	0.00000	0	1.00000	0
82	F	0.00000	0	1.00000	0
83	L	0.00000	0	1.00000	0
84	T	0.00000	0	1.00000	0
85	G	0.00000	0	1.00000	0
86	T	0.00000	0	1.00000	0
87	V	0.00000	0	1.00000	0
88	S	0.00000	0	1.00000	0
89	L	0.00000	0	1.00000	0
90	P	0.00000	9e-05	0.99991	0
91	L	0.00000	0.00052	0.99948	0
92	F	0.00000	0.00621	0.99379	0
93	L	0.00000	0.03738	0.96262	0
94	Q	0.00000	0.61528	0.38472	0
95	N	0.00000	0.99991	0.00009	0
96	Y	0.00000	0.99994	0.00006	0
97	I	0.00000	0.99995	0.00005	0
98	I	0.00000	0.99996	0.00004	0
99	S	0.00000	1	0.00000	0
100	G	0.00000	1	0.00000	0
101	G	0.00000	1	0.00000	0
102	W	0.00000	1	0.00000	0
103	V	0.00000	1	0.00000	0
104	L	0.00000	1	0.00000	0
105	G	0.00000	1	0.00000	0
106	K	0.00000	1	0.00000	0
107	H	0.00000	0.99999	0.00001	0
108	V	0.00000	0.99998	0.00002	0
109	C	0.00000	0.99997	0.00003	0
110	K	0.00000	0.99989	0.00011	0
111	L	0.00000	0.9941	0.00590	0
112	L	0.00000	0.14972	0.85028	0
113	L	0.00000	0.04763	0.95237	0
114	T	0.00000	0.03278	0.96722	0
115	M	0.00000	0.00414	0.99586	0
116	D	0.00000	0.00382	0.99618	0
117	S	0.00000	0.00017	0.99983	0
118	T	0.00000	1e-05	0.99999	0
119	L	0.00000	0	1.00000	0
120	C	0.00000	0	1.00000	0
121	Q	0.00000	0	1.00000	0
122	C	0.00000	0	1.00000	0
123	T	0.00000	0	1.00000	0
124	I	0.00000	0	1.00000	0
125	Y	0.00000	0	1.00000	0
126	N	0.00000	0	1.00000	0
127	I	0.00000	0	1.00000	0
128	V	0.00000	0	1.00000	0
129	L	0.00000	0	1.00000	0
130	I	0.00000	0	1.00000	0
131	S	0.00000	0	1.00000	0
132	F	0.00000	0	1.00000	0
133	D	0.00013	0	0.99987	0
134	R	0.02687	0	0.97313	0
135	F	0.12071	0	0.87929	0
136	L	0.21989	0	0.78011	0
137	A	0.76436	0	0.23564	0
138	V	0.99994	0	0.00006	0
139	T	1.00000	0	0.00000	0
140	K	1.00000	0	0.00000	0
141	A	1.00000	0	0.00000	0
142	V	1.00000	0	0.00000	0
143	K	1.00000	0	0.00000	0
144	Y	1.00000	0	0.00000	0
145	Q	1.00000	0	0.00000	0
146	D	1.00000	0	0.00000	0
147	Q	1.00000	0	0.00000	0
148	Q	1.00000	0	0.00000	0
149	K	1.00000	0	0.00000	0
150	N	0.99993	0	0.00007	0
151	I	0.99924	0	0.00076	0
152	K	0.99869	0	0.00131	0
153	L	0.46769	0	0.53231	0
154	A	0.26751	0	0.73249	0
155	F	0.16421	0	0.83579	0
156	M	0.15101	0	0.84899	0
157	K	0.14172	0	0.85828	0
158	M	0.08587	0	0.91413	0
159	A	0.01627	0	0.98373	0
160	A	0.00321	0	0.99679	0
161	V	0.00002	0	0.99998	0
162	W	0.00000	0	1.00000	0
163	I	0.00000	0	1.00000	0
164	V	0.00000	0	1.00000	0
165	A	0.00000	0	1.00000	0
166	F	0.00000	0	1.00000	0
167	L	0.00000	0	1.00000	0
168	N	0.00000	0	1.00000	0
169	F	0.00000	0	1.00000	0
170	G	0.00000	4e-05	0.99996	0
171	P	0.00000	0.0001	0.99990	0
172	A	0.00000	0.00021	0.99979	0
173	I	0.00000	0.00243	0.99757	0
174	I	0.00000	0.02121	0.97879	0
175	L	0.00000	0.08748	0.91252	0
176	W	0.00000	0.47033	0.52967	0
177	E	0.00000	0.85717	0.14283	0
178	Y	0.00000	0.8612	0.13880	0
179	F	0.00000	0.86788	0.13212	0
180	V	0.00000	0.91041	0.08959	0
181	G	0.00000	0.98594	0.01406	0
182	Y	0.00000	0.99698	0.00302	0
183	S	0.00000	0.99985	0.00015	0
184	V	0.00000	0.99994	0.00006	0
185	V	0.00000	0.99998	0.00002	0
186	P	0.00000	1	0.00000	0
187	D	0.00000	1	0.00000	0
188	G	0.00000	1	0.00000	0
189	E	0.00000	1	0.00000	0
190	C	0.00000	1	0.00000	0
191	Y	0.00000	1	0.00000	0
192	P	0.00000	1	0.00000	0
193	E	0.00000	1	0.00000	0
194	F	0.00000	0.99967	0.00033	0
195	Y	0.00000	0.99962	0.00038	0
196	Y	0.00000	0.99961	0.00039	0
197	T	0.00000	0.99959	0.00041	0
198	T	0.00000	0.99898	0.00102	0
199	N	0.00000	0.98651	0.01349	0
200	Y	0.00000	0.84032	0.15968	0
201	L	0.00000	0.83256	0.16744	0
202	L	0.00000	0.82971	0.17029	0
203	Y	0.00000	0.00117	0.99883	0
204	S	0.00000	0.001	0.99900	0
205	S	0.00000	0.00078	0.99922	0
206	I	0.00000	0.00026	0.99974	0
207	F	0.00000	1e-05	0.99999	0
208	D	0.00000	1e-05	0.99999	0
209	F	0.00000	0	1.00000	0
210	F	0.00000	0	1.00000	0
211	T	0.00000	0	1.00000	0
212	P	0.00000	0	1.00000	0
213	M	0.00000	0	1.00000	0
214	T	0.00000	0	1.00000	0
215	A	0.00000	0	1.00000	0
216	I	0.00000	0	1.00000	0
217	A	0.00000	0	1.00000	0
218	Y	0.00000	0	1.00000	0
219	F	0.00003	0	0.99997	0
220	N	0.00054	0	0.99946	0
221	L	0.00077	0	0.99923	0
222	S	0.00399	0	0.99601	0
223	I	0.00545	0	0.99455	0
224	Y	0.00779	0	0.99221	0
225	F	0.02816	0	0.97184	0
226	N	0.33693	0	0.66307	0
227	I	0.38652	0	0.61348	0
228	R	0.98290	0	0.01710	0
229	S	0.99969	0	0.00031	0
230	R	0.99998	0	0.00002	0
231	M	0.99999	0	0.00001	0
232	K	0.99999	0	0.00001	0
233	N	0.99999	0	0.00001	0
234	K	0.99976	0	0.00024	0
235	T	0.99958	0	0.00042	0
236	C	0.99851	0	0.00149	0
237	I	0.99838	0	0.00162	0
238	S	0.99818	0	0.00182	0
239	S	0.99818	0	0.00182	0
240	V	0.99818	0	0.00182	0
241	S	0.99815	0	0.00185	0
242	A	0.99221	0	0.00779	0
243	S	0.34433	0	0.65567	0
244	N	0.34430	0	0.65570	0
245	L	0.34430	0	0.65570	0
246	K	0.34430	0	0.65570	0
247	K	0.34430	0	0.65570	0
248	D	0.34430	0	0.65570	0
249	D	0.34428	0	0.65571	0
250	N	0.34428	0	0.65572	0
251	V	0.34428	0	0.65572	0
252	F	0.34428	0	0.65572	0
253	V	0.34428	0	0.65572	0
254	D	0.34428	0.00022	0.65550	0
255	S	0.34426	0.00024	0.65550	0
256	T	0.34262	0.00027	0.65711	0
257	I	0.34262	0.00036	0.65702	0
258	N	0.34262	0.00108	0.65630	0
259	S	0.34262	0.00127	0.65611	0
260	N	0.34260	0.0017	0.65569	0
261	H	0.34259	0.00228	0.65514	0
262	P	0.34258	0.01346	0.64396	0
263	Y	0.33674	0.06497	0.59830	0
264	R	0.33082	0.32085	0.34832	0
265	Y	0.33078	0.37014	0.29908	0
266	V	0.33070	0.45342	0.21588	0
267	L	0.33054	0.47372	0.19573	0
268	K	0.33048	0.6552	0.01432	0
269	S	0.33045	0.65571	0.01384	0
270	C	0.33007	0.65572	0.01421	0
271	K	0.32902	0.65572	0.01526	0
272	V	0.32883	0.65572	0.01545	0
273	S	0.32865	0.65572	0.01563	0
274	V	0.32850	0.65572	0.01578	0
275	G	0.32850	0.65573	0.01576	0
276	Q	0.32850	0.65614	0.01536	0
277	Y	0.32850	0.65639	0.01511	0
278	R	0.32850	0.65726	0.01423	0
279	E	0.32850	0.65738	0.01412	0
280	S	0.32850	0.65738	0.01411	0
281	R	0.32850	0.65945	0.01205	0
282	D	0.32850	0.66873	0.00276	0
283	E	0.32850	0.66907	0.00243	0
284	V	0.25942	0.66908	0.07150	0
285	P	0.18185	0.66913	0.14902	0
286	A	0.00012	0.66922	0.33066	0
287	G	0.00006	0.66925	0.33069	0
288	C	0.00006	0.66933	0.33061	0
289	V	0.00006	0.66934	0.33060	0
290	R	0.00006	0.66941	0.33053	0
291	P	0.00006	0.66942	0.33052	0
292	M	0.00006	0.66943	0.33051	0
293	S	0.00006	0.66954	0.33040	0
294	Y	0.00006	0.67026	0.32968	0
295	D	0.00006	0.67149	0.32845	0
296	P	0.00006	0.6715	0.32845	0
297	V	0.00006	0.6715	0.32845	0
298	K	0.00006	0.6715	0.32845	0
299	N	0.00006	0.6715	0.32845	0
300	A	0.00000	0.6715	0.32850	0
301	A	0.00000	0.6715	0.32850	0
302	L	0.00000	0.67153	0.32847	0
303	S	0.00000	0.68634	0.31366	0
304	K	0.00000	0.90954	0.09046	0
305	D	0.00000	0.99837	0.00163	0
306	K	0.00000	0.98565	0.01435	0
307	K	0.00000	0.98026	0.01974	0
308	I	0.00000	0.95007	0.04993	0
309	A	0.00000	0.94332	0.05668	0
310	K	0.00000	0.93311	0.06689	0
311	S	0.00000	0.84005	0.15995	0
312	L	0.00000	0.00722	0.99278	0
313	A	0.00000	0.00059	0.99941	0
314	V	0.00000	5e-05	0.99995	0
315	L	0.00000	5e-05	0.99995	0
316	V	0.00000	5e-05	0.99995	0
317	G	0.00000	5e-05	0.99995	0
318	T	0.00000	5e-05	0.99995	0
319	F	0.00000	2e-05	0.99998	0
320	C	0.00000	6e-05	0.99994	0
321	V	0.00000	5e-05	0.99995	0
322	C	0.00000	0	1.00000	0
323	W	0.00000	0	1.00000	0
324	A	0.00000	0	1.00000	0
325	P	0.00004	0	0.99996	0
326	Y	0.00160	0	0.99840	0
327	S	0.01641	0	0.98359	0
328	F	0.02615	0	0.97385	0
329	L	0.02713	0	0.97287	0
330	T	0.03405	0	0.96595	0
331	T	0.07147	0	0.92853	0
332	I	0.10744	0	0.89256	0
333	R	0.99989	0	0.00011	0
334	E	0.99989	0	0.00011	0
335	G	0.99989	0	0.00011	0
336	F	0.99989	0	0.00011	0
337	C	0.99989	0	0.00011	0
338	P	0.99989	0	0.00011	0
339	W	0.99989	0	0.00011	0
340	C	0.99990	0	0.00010	0
341	I	0.99993	0	0.00007	0
342	S	1.00000	0	0.00000	0
