# UNNAMED
#pos	aa	i	o	M	S
1	M	0.00000	1	0.00000	0
2	I	0.00000	1	0.00000	0
3	F	0.00000	1	0.00000	0
4	K	0.00000	1	0.00000	0
5	M	0.00000	1	0.00000	0
6	N	0.00000	1	0.00000	0
7	T	0.00000	1	0.00000	0
8	Y	0.00000	1	0.00000	0
9	L	0.00000	1	0.00000	0
10	G	0.00000	1	0.00000	0
11	D	0.00000	1	0.00000	0
12	K	0.00000	1	0.00000	0
13	S	0.00000	1	0.00000	0
14	N	0.00000	1	0.00000	0
15	T	0.00000	1	0.00000	0
16	S	0.00000	1	0.00000	0
17	I	0.00000	1	0.00000	0
18	P	0.00000	1	0.00000	0
19	G	0.00000	1	0.00000	0
20	Y	0.00000	1	0.00000	0
21	V	0.00000	1	0.00000	0
22	K	0.00000	1	0.00000	0
23	G	0.00000	1	0.00000	0
24	S	0.00000	1	0.00000	0
25	A	0.00000	1	0.00000	0
26	L	0.00000	1	0.00000	0
27	N	0.00000	1	0.00000	0
28	Y	0.00000	1	0.00000	0
29	G	0.00000	1	0.00000	0
30	N	0.00000	1	0.00000	0
31	F	0.00000	1	0.00000	0
32	S	0.00000	1	0.00000	0
33	A	0.00000	1	0.00000	0
34	N	0.00000	1	0.00000	0
35	N	0.00000	1	0.00000	0
36	S	0.00000	1	0.00000	0
37	N	0.00000	1	0.00000	0
38	E	0.00000	1	0.00000	0
39	T	0.00000	1	0.00000	0
40	G	0.00000	1	0.00000	0
41	S	0.00000	1	0.00000	0
42	N	0.00000	1	0.00000	0
43	L	0.00000	1	0.00000	0
44	D	0.00000	1	0.00000	0
45	S	0.00000	1	0.00000	0
46	P	0.00000	0.99998	0.00002	0
47	A	0.00000	0.99993	0.00007	0
48	L	0.00000	0.99955	0.00045	0
49	A	0.00000	0.99919	0.00081	0
50	T	0.00000	0.99804	0.00196	0
51	S	0.00000	0.99465	0.00535	0
52	R	0.00000	0.97379	0.02621	0
53	A	0.00000	0.50446	0.49554	0
54	I	0.00000	0.15124	0.84876	0
55	I	0.00000	0.02148	0.97852	0
56	V	0.00000	0.00761	0.99239	0
57	G	0.00000	0.00554	0.99446	0
58	L	0.00000	0.00269	0.99731	0
59	I	0.00000	0.00049	0.99951	0
60	L	0.00000	0.00012	0.99988	0
61	G	0.00000	5e-05	0.99995	0
62	A	0.00000	0	1.00000	0
63	F	0.00000	0	1.00000	0
64	I	0.00000	0	1.00000	0
65	L	0.00000	0	1.00000	0
66	F	0.00000	0	1.00000	0
67	A	0.00000	0	1.00000	0
68	I	0.00000	0	1.00000	0
69	I	0.00000	0	1.00000	0
70	G	0.00000	0	1.00000	0
71	N	0.00000	0	1.00000	0
72	I	0.00000	0	1.00000	0
73	L	0.00000	0	1.00000	0
74	V	0.00001	0	0.99999	0
75	I	0.00012	0	0.99988	0
76	L	0.01182	0	0.98818	0
77	S	0.38509	0	0.61491	0
78	V	0.44909	0	0.55091	0
79	A	0.65496	0	0.34504	0
80	C	0.85041	0	0.14959	0
81	N	0.99382	0	0.00618	0
82	R	0.99969	0	0.00031	0
83	H	0.99995	0	0.00005	0
84	L	0.99998	0	0.00002	0
85	R	1.00000	0	0.00000	0
86	I	1.00000	0	0.00000	0
87	P	1.00000	0	0.00000	0
88	T	0.94428	0	0.05572	0
89	N	0.71956	0	0.28044	0
90	Y	0.16461	0	0.83539	0
91	F	0.00112	0	0.99888	0
92	I	0.00006	0	0.99994	0
93	V	0.00000	0	1.00000	0
94	N	0.00000	0	1.00000	0
95	L	0.00000	0	1.00000	0
96	A	0.00000	0	1.00000	0
97	I	0.00000	0	1.00000	0
98	A	0.00000	0	1.00000	0
99	D	0.00000	0	1.00000	0
100	L	0.00000	0	1.00000	0
101	L	0.00000	0	1.00000	0
102	L	0.00000	0	1.00000	0
103	S	0.00000	0	1.00000	0
104	F	0.00000	0	1.00000	0
105	T	0.00000	0	1.00000	0
106	V	0.00000	0	1.00000	0
107	L	0.00000	4e-05	0.99996	0
108	P	0.00000	0.00146	0.99854	0
109	F	0.00000	0.05247	0.94753	0
110	S	0.00000	0.42886	0.57114	0
111	A	0.00000	0.61993	0.38007	0
112	T	0.00000	0.84986	0.15014	0
113	L	0.00000	0.9992	0.00080	0
114	E	0.00000	0.99954	0.00046	0
115	V	0.00000	0.99955	0.00045	0
116	L	0.00000	0.99964	0.00036	0
117	G	0.00000	0.99986	0.00014	0
118	Y	0.00000	0.99997	0.00003	0
119	W	0.00000	0.99999	0.00001	0
120	V	0.00000	1	0.00000	0
121	L	0.00000	1	0.00000	0
122	G	0.00000	1	0.00000	0
123	R	0.00000	1	0.00000	0
124	I	0.00000	0.99996	0.00004	0
125	F	0.00000	0.99995	0.00005	0
126	C	0.00000	0.99995	0.00005	0
127	D	0.00000	0.99991	0.00009	0
128	I	0.00000	0.9991	0.00090	0
129	W	0.00000	0.91432	0.08568	0
130	A	0.00000	0.36207	0.63793	0
131	A	0.00000	0.01344	0.98656	0
132	V	0.00000	0.00018	0.99982	0
133	D	0.00000	5e-05	0.99995	0
134	V	0.00000	0	1.00000	0
135	L	0.00000	0	1.00000	0
136	C	0.00000	0	1.00000	0
137	C	0.00000	0	1.00000	0
138	T	0.00000	0	1.00000	0
139	A	0.00000	0	1.00000	0
140	S	0.00000	0	1.00000	0
141	I	0.00000	0	1.00000	0
142	L	0.00000	0	1.00000	0
143	S	0.00000	0	1.00000	0
144	L	0.00000	0	1.00000	0
145	C	0.00000	0	1.00000	0
146	A	0.00000	0	1.00000	0
147	I	0.00000	0	1.00000	0
148	S	0.00000	0	1.00000	0
149	I	0.00000	0	1.00000	0
150	D	0.00001	0	0.99999	0
151	R	0.01381	0	0.98619	0
152	Y	0.14448	0	0.85552	0
153	I	0.45112	0	0.54888	0
154	G	0.92710	0	0.07290	0
155	V	0.99999	0	0.00001	0
156	R	1.00000	0	0.00000	0
157	Y	1.00000	0	0.00000	0
158	S	1.00000	0	0.00000	0
159	L	1.00000	0	0.00000	0
160	Q	1.00000	0	0.00000	0
161	Y	1.00000	0	0.00000	0
162	P	1.00000	0	0.00000	0
163	T	1.00000	0	0.00000	0
164	L	1.00000	0	0.00000	0
165	V	1.00000	0	0.00000	0
166	T	1.00000	0	0.00000	0
167	R	1.00000	0	0.00000	0
168	R	0.99983	0	0.00017	0
169	R	0.99187	0	0.00813	0
170	A	0.47654	0	0.52346	0
171	I	0.00745	0	0.99255	0
172	L	0.00015	0	0.99985	0
173	A	0.00000	0	1.00000	0
174	L	0.00000	0	1.00000	0
175	L	0.00000	0	1.00000	0
176	G	0.00000	0	1.00000	0
177	V	0.00000	0	1.00000	0
178	W	0.00000	0	1.00000	0
179	L	0.00000	0	1.00000	0
180	L	0.00000	0	1.00000	0
181	S	0.00000	0	1.00000	0
182	M	0.00000	0	1.00000	0
183	V	0.00000	0	1.00000	0
184	I	0.00000	0	1.00000	0
185	S	0.00000	0	1.00000	0
186	I	0.00000	0	1.00000	0
187	G	0.00000	1e-05	0.99999	0
188	P	0.00000	5e-05	0.99995	0
189	L	0.00000	0.00057	0.99943	0
190	L	0.00000	0.0261	0.97390	0
191	G	0.00000	0.49044	0.50956	0
192	W	0.00000	0.69083	0.30917	0
193	K	0.00000	0.99729	0.00271	0
194	E	0.00000	0.99998	0.00002	0
195	P	0.00000	1	0.00000	0
196	A	0.00000	1	0.00000	0
197	P	0.00000	1	0.00000	0
198	Q	0.00000	1	0.00000	0
199	D	0.00000	1	0.00000	0
200	D	0.00000	1	0.00000	0
201	R	0.00000	1	0.00000	0
202	E	0.00000	1	0.00000	0
203	C	0.00000	1	0.00000	0
204	R	0.00000	1	0.00000	0
205	I	0.00000	1	0.00000	0
206	T	0.00000	1	0.00000	0
207	E	0.00000	1	0.00000	0
208	E	0.00000	0.99997	0.00003	0
209	P	0.00000	0.99534	0.00466	0
210	F	0.00000	0.41741	0.58259	0
211	Y	0.00000	0.22145	0.77855	0
212	A	0.00000	0.21447	0.78553	0
213	L	0.00000	0.01552	0.98448	0
214	F	0.00000	0.00075	0.99925	0
215	S	0.00000	0.00066	0.99934	0
216	S	0.00000	8e-05	0.99992	0
217	L	0.00000	3e-05	0.99997	0
218	G	0.00000	0	1.00000	0
219	S	0.00000	0	1.00000	0
220	F	0.00000	0	1.00000	0
221	Y	0.00000	0	1.00000	0
222	I	0.00000	0	1.00000	0
223	P	0.00000	0	1.00000	0
224	L	0.00000	0	1.00000	0
225	I	0.00000	0	1.00000	0
226	V	0.00000	0	1.00000	0
227	I	0.00000	0	1.00000	0
228	L	0.00000	0	1.00000	0
229	V	0.00000	0	1.00000	0
230	M	0.00001	0	0.99999	0
231	Y	0.00013	0	0.99987	0
232	C	0.00616	0	0.99384	0
233	R	0.07951	0	0.92049	0
234	V	0.08755	0	0.91245	0
235	Y	0.12364	0	0.87636	0
236	I	0.35536	0	0.64464	0
237	V	0.52206	0	0.47794	0
238	A	0.99671	0	0.00329	0
239	K	0.99994	0	0.00006	0
240	R	1.00000	0	0.00000	0
241	T	1.00000	0	0.00000	0
242	T	1.00000	0	0.00000	0
243	R	1.00000	0	0.00000	0
244	N	1.00000	0	0.00000	0
245	L	1.00000	0	0.00000	0
246	E	1.00000	0	0.00000	0
247	A	1.00000	0	0.00000	0
248	G	1.00000	0	0.00000	0
249	V	1.00000	0	0.00000	0
250	M	1.00000	0	0.00000	0
251	K	1.00000	0	0.00000	0
252	E	1.00000	0	0.00000	0
253	M	1.00000	0	0.00000	0
254	S	1.00000	0	0.00000	0
255	N	1.00000	0	0.00000	0
256	S	1.00000	0	0.00000	0
257	K	1.00000	0	0.00000	0
258	E	1.00000	0	0.00000	0
259	L	1.00000	0	0.00000	0
260	T	1.00000	0	0.00000	0
261	L	1.00000	0	0.00000	0
262	R	1.00000	0	0.00000	0
263	I	1.00000	0	0.00000	0
264	H	1.00000	0	0.00000	0
265	Y	1.00000	0	0.00000	0
266	K	1.00000	0	0.00000	0
267	H	1.00000	0	0.00000	0
268	E	1.00000	0	0.00000	0
269	D	1.00000	0	0.00000	0
270	T	1.00000	0	0.00000	0
271	L	1.00000	0	0.00000	0
272	N	1.00000	0	0.00000	0
273	N	1.00000	0	0.00000	0
274	T	1.00000	0	0.00000	0
275	R	1.00000	0	0.00000	0
276	S	1.00000	0	0.00000	0
277	K	1.00000	0	0.00000	0
278	G	1.00000	0	0.00000	0
279	H	1.00000	0	0.00000	0
280	N	1.00000	0	0.00000	0
281	P	1.00000	0	0.00000	0
282	R	1.00000	0	0.00000	0
283	N	1.00000	0	0.00000	0
284	S	1.00000	0	0.00000	0
285	L	1.00000	0	0.00000	0
286	A	1.00000	0	0.00000	0
287	F	1.00000	0	0.00000	0
288	K	1.00000	0	0.00000	0
289	L	1.00000	0	0.00000	0
290	L	1.00000	0	0.00000	0
291	K	1.00000	0	0.00000	0
292	F	1.00000	0	0.00000	0
293	S	1.00000	0	0.00000	0
294	R	1.00000	0	0.00000	0
295	E	1.00000	0	0.00000	0
296	K	0.99687	0	0.00313	0
297	K	0.99668	0	0.00332	0
298	A	0.84385	0	0.15615	0
299	A	0.84294	0	0.15706	0
300	K	0.81577	0	0.18423	0
301	T	0.71410	0	0.28590	0
302	L	0.04528	0	0.95472	0
303	G	0.01170	0	0.98830	0
304	I	0.00267	0	0.99733	0
305	V	0.00199	0	0.99801	0
306	V	0.00190	0	0.99810	0
307	G	0.00011	0	0.99989	0
308	M	0.00000	0	1.00000	0
309	F	0.00000	0	1.00000	0
310	I	0.00000	0	1.00000	0
311	L	0.00000	0	1.00000	0
312	C	0.00000	0	1.00000	0
313	W	0.00000	0	1.00000	0
314	L	0.00000	0	1.00000	0
315	P	0.00000	0	1.00000	0
316	F	0.00000	0	1.00000	0
317	F	0.00000	0	1.00000	0
318	I	0.00000	2e-05	0.99998	0
319	V	0.00000	0.00031	0.99969	0
320	L	0.00000	0.00193	0.99807	0
321	P	0.00000	0.02612	0.97388	0
322	L	0.00000	0.03446	0.96554	0
323	G	0.00000	0.06942	0.93058	0
324	S	0.00000	0.08125	0.91875	0
325	L	0.00000	0.08747	0.91253	0
326	F	0.00000	0.10994	0.89006	0
327	S	0.00000	0.28071	0.71929	0
328	A	0.00000	0.33221	0.66779	0
329	L	0.00000	0.49141	0.50859	0
330	K	0.00000	0.9969	0.00310	0
331	P	0.00000	0.99963	0.00037	0
332	P	0.00000	0.99995	0.00005	0
333	E	0.00000	0.99933	0.00067	0
334	T	0.00000	0.98931	0.01069	0
335	I	0.00000	0.96729	0.03271	0
336	F	0.00000	0.96022	0.03978	0
337	K	0.00000	0.78901	0.21099	0
338	V	0.00000	0.00701	0.99299	0
339	I	0.00000	0.00032	0.99968	0
340	F	0.00000	0	1.00000	0
341	W	0.00000	0	1.00000	0
342	L	0.00000	0	1.00000	0
343	G	0.00000	0	1.00000	0
344	Y	0.00000	0	1.00000	0
345	F	0.00000	0	1.00000	0
346	N	0.00000	0	1.00000	0
347	S	0.00000	0	1.00000	0
348	C	0.00000	0	1.00000	0
349	L	0.00000	0	1.00000	0
350	N	0.00000	0	1.00000	0
351	P	0.00000	0	1.00000	0
352	I	0.00000	0	1.00000	0
353	I	0.00000	0	1.00000	0
354	Y	0.00002	0	0.99998	0
355	P	0.00019	0	0.99981	0
356	C	0.00251	0	0.99749	0
357	S	0.15699	0	0.84301	0
358	S	0.35620	0	0.64380	0
359	K	1.00000	0	0.00000	0
360	E	1.00000	0	0.00000	0
361	F	1.00000	0	0.00000	0
362	K	1.00000	0	0.00000	0
363	R	1.00000	0	0.00000	0
364	A	1.00000	0	0.00000	0
365	F	1.00000	0	0.00000	0
366	I	1.00000	0	0.00000	0
367	Q	1.00000	0	0.00000	0
368	I	1.00000	0	0.00000	0
369	L	1.00000	0	0.00000	0
370	R	1.00000	0	0.00000	0
371	C	1.00000	0	0.00000	0
372	Q	1.00000	0	0.00000	0
373	C	1.00000	0	0.00000	0
374	H	1.00000	0	0.00000	0
375	R	1.00000	0	0.00000	0
376	R	1.00000	0	0.00000	0
377	K	1.00000	0	0.00000	0
378	Q	1.00000	0	0.00000	0
379	L	1.00000	0	0.00000	0
380	G	1.00000	0	0.00000	0
381	W	1.00000	0	0.00000	0
382	W	1.00000	0	0.00000	0
383	P	1.00000	0	0.00000	0
384	Y	1.00000	0	0.00000	0
385	S	1.00000	0	0.00000	0
386	Y	1.00000	0	0.00000	0
387	R	1.00000	0	0.00000	0
388	N	1.00000	0	0.00000	0
389	W	1.00000	0	0.00000	0
390	R	1.00000	0	0.00000	0
391	R	1.00000	0	0.00000	0
392	C	1.00000	0	0.00000	0
393	S	1.00000	0	0.00000	0
394	L	1.00000	0	0.00000	0
395	E	1.00000	0	0.00000	0
396	Q	1.00000	0	0.00000	0
397	G	1.00000	0	0.00000	0
398	R	1.00000	0	0.00000	0
399	R	1.00000	0	0.00000	0
400	D	1.00000	0	0.00000	0
401	S	1.00000	0	0.00000	0
402	L	1.00000	0	0.00000	0
403	E	1.00000	0	0.00000	0
404	D	1.00000	0	0.00000	0
405	S	1.00000	0	0.00000	0
406	G	1.00000	0	0.00000	0
407	S	1.00000	0	0.00000	0
408	F	1.00000	0	0.00000	0
409	L	1.00000	0	0.00000	0
410	S	1.00000	0	0.00000	0
411	G	1.00000	0	0.00000	0
412	S	1.00000	0	0.00000	0
413	Q	1.00000	0	0.00000	0
414	R	1.00000	0	0.00000	0
415	T	1.00000	0	0.00000	0
416	L	1.00000	0	0.00000	0
417	S	1.00000	0	0.00000	0
418	S	1.00000	0	0.00000	0
419	A	1.00000	0	0.00000	0
420	S	1.00000	0	0.00000	0
421	P	1.00000	0	0.00000	0
422	S	1.00000	0	0.00000	0
423	P	1.00000	0	0.00000	0
424	G	1.00000	0	0.00000	0
425	Y	1.00000	0	0.00000	0
426	V	1.00000	0	0.00000	0
427	S	1.00000	0	0.00000	0
428	R	1.00000	0	0.00000	0
429	I	1.00000	0	0.00000	0
430	S	1.00000	0	0.00000	0
431	Q	1.00000	0	0.00000	0
432	P	1.00000	0	0.00000	0
433	Q	1.00000	0	0.00000	0
434	L	1.00000	0	0.00000	0
435	E	1.00000	0	0.00000	0
436	L	1.00000	0	0.00000	0
437	C	1.00000	0	0.00000	0
438	T	1.00000	0	0.00000	0
439	L	1.00000	0	0.00000	0
440	Q	1.00000	0	0.00000	0
441	G	1.00000	0	0.00000	0
442	C	1.00000	0	0.00000	0
443	S	1.00000	0	0.00000	0
444	N	1.00000	0	0.00000	0
445	C	1.00000	0	0.00000	0
446	S	1.00000	0	0.00000	0
447	S	1.00000	0	0.00000	0
448	L	1.00000	0	0.00000	0
449	L	1.00000	0	0.00000	0
450	S	1.00000	0	0.00000	0
451	P	1.00000	0	0.00000	0
452	A	1.00000	0	0.00000	0
453	R	1.00000	0	0.00000	0
454	Q	1.00000	0	0.00000	0
455	P	1.00000	0	0.00000	0
456	S	1.00000	0	0.00000	0
457	G	1.00000	0	0.00000	0
458	Q	1.00000	0	0.00000	0
459	Q	1.00000	0	0.00000	0
460	G	1.00000	0	0.00000	0
461	H	1.00000	0	0.00000	0
462	C	1.00000	0	0.00000	0
463	Q	1.00000	0	0.00000	0
464	F	1.00000	0	0.00000	0
465	F	1.00000	0	0.00000	0
466	T	1.00000	0	0.00000	0
467	F	1.00000	0	0.00000	0
468	Q	1.00000	0	0.00000	0
469	L	1.00000	0	0.00000	0
470	L	1.00000	0	0.00000	0
471	P	1.00000	0	0.00000	0
472	Q	1.00000	0	0.00000	0
473	H	1.00000	0	0.00000	0
474	N	1.00000	0	0.00000	0
475	G	1.00000	0	0.00000	0
476	H	1.00000	0	0.00000	0
477	G	1.00000	0	0.00000	0
478	P	1.00000	0	0.00000	0
479	A	1.00000	0	0.00000	0
480	A	1.00000	0	0.00000	0
481	S	1.00000	0	0.00000	0
482	Q	1.00000	0	0.00000	0
483	G	1.00000	0	0.00000	0
484	S	1.00000	0	0.00000	0
485	G	1.00000	0	0.00000	0
486	C	1.00000	0	0.00000	0
487	E	1.00000	0	0.00000	0
488	P	1.00000	0	0.00000	0
489	T	1.00000	0	0.00000	0
490	G	1.00000	0	0.00000	0
491	T	1.00000	0	0.00000	0
492	P	1.00000	0	0.00000	0
