# UNNAMED
#pos	aa	i	o	M	S
1	M	0.00000	1	0.00000	0
2	G	0.00000	1	0.00000	0
3	L	0.00000	1	0.00000	0
4	L	0.00000	0.47721	0.52279	0
5	L	0.00000	0.07261	0.92739	0
6	A	0.00000	0.00515	0.99485	0
7	L	0.00000	0.00029	0.99971	0
8	I	0.00000	0	1.00000	0
9	V	0.00000	0	1.00000	0
10	L	0.00000	0	1.00000	0
11	L	0.00000	0	1.00000	0
12	I	0.00000	0	1.00000	0
13	V	0.00000	0	1.00000	0
14	V	0.00000	0	1.00000	0
15	G	0.00000	0	1.00000	0
16	N	0.00000	0	1.00000	0
17	V	0.00000	0	1.00000	0
18	L	0.00000	0	1.00000	0
19	V	0.00000	0	1.00000	0
20	I	0.00000	0	1.00000	0
21	V	0.00000	0	1.00000	0
22	A	0.00013	0	0.99987	0
23	I	0.00383	0	0.99617	0
24	A	0.21857	0	0.78143	0
25	K	0.97289	0	0.02711	0
26	T	0.99608	0	0.00392	0
27	P	0.99989	0	0.00011	0
28	R	1.00000	0	0.00000	0
29	L	1.00000	0	0.00000	0
30	Q	0.99999	0	0.00001	0
31	T	0.99948	0	0.00052	0
32	L	0.97935	0	0.02065	0
33	T	0.95457	0	0.04543	0
34	N	0.17436	0	0.82564	0
35	L	0.02760	0	0.97240	0
36	F	0.00021	0	0.99979	0
37	I	0.00000	0	1.00000	0
38	M	0.00000	0	1.00000	0
39	S	0.00000	0	1.00000	0
40	L	0.00000	0	1.00000	0
41	A	0.00000	0	1.00000	0
42	S	0.00000	0	1.00000	0
43	A	0.00000	0	1.00000	0
44	D	0.00000	0	1.00000	0
45	L	0.00000	0	1.00000	0
46	V	0.00000	0	1.00000	0
47	M	0.00000	0	1.00000	0
48	G	0.00000	0	1.00000	0
49	L	0.00000	0	1.00000	0
50	L	0.00000	0	1.00000	0
51	V	0.00000	5e-05	0.99995	0
52	V	0.00000	0.00069	0.99931	0
53	P	0.00000	0.00772	0.99228	0
54	F	0.00000	0.02663	0.97337	0
55	G	0.00000	0.23411	0.76589	0
56	A	0.00000	0.57866	0.42134	0
57	T	0.00000	0.90902	0.09098	0
58	I	0.00000	0.99885	0.00115	0
59	V	0.00000	0.99908	0.00092	0
60	V	0.00000	0.99935	0.00065	0
61	W	0.00000	0.99953	0.00047	0
62	G	0.00000	0.99985	0.00015	0
63	R	0.00000	0.99999	0.00001	0
64	W	0.00000	1	0.00000	0
65	E	0.00000	1	0.00000	0
66	Y	0.00000	1	0.00000	0
67	G	0.00000	1	0.00000	0
68	S	0.00000	1	0.00000	0
69	F	0.00000	1	0.00000	0
70	F	0.00000	1	0.00000	0
71	C	0.00000	1	0.00000	0
72	E	0.00000	1	0.00000	0
73	L	0.00000	0.99947	0.00053	0
74	W	0.00000	0.94233	0.05767	0
75	T	0.00000	0.62668	0.37332	0
76	S	0.00000	0.0978	0.90220	0
77	V	0.00000	0.02763	0.97237	0
78	D	0.00000	0.00767	0.99233	0
79	V	0.00000	0.00018	0.99982	0
80	L	0.00000	0	1.00000	0
81	C	0.00000	0	1.00000	0
82	V	0.00000	0	1.00000	0
83	T	0.00000	0	1.00000	0
84	A	0.00000	0	1.00000	0
85	S	0.00000	0	1.00000	0
86	I	0.00000	0	1.00000	0
87	E	0.00000	0	1.00000	0
88	T	0.00000	0	1.00000	0
89	L	0.00000	0	1.00000	0
90	C	0.00000	0	1.00000	0
91	V	0.00000	0	1.00000	0
92	I	0.00000	0	1.00000	0
93	A	0.00000	0	1.00000	0
94	L	0.00000	0	1.00000	0
95	D	0.00001	0	0.99999	0
96	R	0.02904	0	0.97096	0
97	Y	0.21676	0	0.78324	0
98	L	0.72053	0	0.27947	0
99	A	0.94069	0	0.05931	0
100	I	0.99995	0	0.00005	0
101	T	1.00000	0	0.00000	0
102	S	1.00000	0	0.00000	0
103	P	1.00000	0	0.00000	0
104	F	1.00000	0	0.00000	0
105	R	1.00000	0	0.00000	0
106	Y	1.00000	0	0.00000	0
107	Q	1.00000	0	0.00000	0
108	S	1.00000	0	0.00000	0
109	L	1.00000	0	0.00000	0
110	L	1.00000	0	0.00000	0
111	T	1.00000	0	0.00000	0
112	R	1.00000	0	0.00000	0
113	A	0.99963	0	0.00037	0
114	R	0.99870	0	0.00130	0
115	A	0.90408	0	0.09592	0
116	R	0.80028	0	0.19972	0
117	A	0.10793	0	0.89207	0
118	L	0.00859	0	0.99141	0
119	V	0.00007	0	0.99993	0
120	C	0.00000	0	1.00000	0
121	T	0.00000	0	1.00000	0
122	V	0.00000	0	1.00000	0
123	W	0.00000	0	1.00000	0
124	A	0.00000	0	1.00000	0
125	I	0.00000	0	1.00000	0
126	S	0.00000	0	1.00000	0
127	A	0.00000	0	1.00000	0
128	L	0.00000	0	1.00000	0
129	V	0.00000	0	1.00000	0
130	S	0.00000	0	1.00000	0
131	F	0.00000	0	1.00000	0
132	L	0.00000	0	1.00000	0
133	P	0.00000	1e-05	0.99999	0
134	I	0.00000	4e-05	0.99996	0
135	L	0.00000	0.00088	0.99912	0
136	M	0.00000	0.01908	0.98092	0
137	H	0.00000	0.27318	0.72682	0
138	W	0.00000	0.42282	0.57718	0
139	W	0.00000	0.76431	0.23569	0
140	R	0.00000	0.99482	0.00518	0
141	A	0.00000	0.99867	0.00133	0
142	E	0.00000	1	0.00000	0
143	S	0.00000	1	0.00000	0
144	D	0.00000	1	0.00000	0
145	E	0.00000	1	0.00000	0
146	A	0.00000	1	0.00000	0
147	R	0.00000	1	0.00000	0
148	R	0.00000	1	0.00000	0
149	C	0.00000	1	0.00000	0
150	Y	0.00000	1	0.00000	0
151	N	0.00000	1	0.00000	0
152	D	0.00000	1	0.00000	0
153	P	0.00000	1	0.00000	0
154	K	0.00000	1	0.00000	0
155	C	0.00000	1	0.00000	0
156	C	0.00000	1	0.00000	0
157	D	0.00000	1	0.00000	0
158	F	0.00000	0.99997	0.00003	0
159	V	0.00000	0.9999	0.00010	0
160	T	0.00000	0.99983	0.00017	0
161	N	0.00000	0.99974	0.00026	0
162	R	0.00000	0.99644	0.00356	0
163	A	0.00000	0.27926	0.72074	0
164	Y	0.00000	0.03409	0.96591	0
165	A	0.00000	0.0074	0.99260	0
166	I	0.00000	0.00209	0.99791	0
167	A	0.00000	1e-05	0.99999	0
168	S	0.00000	1e-05	0.99999	0
169	S	0.00000	0	1.00000	0
170	V	0.00000	0	1.00000	0
171	V	0.00000	0	1.00000	0
172	S	0.00000	0	1.00000	0
173	F	0.00000	0	1.00000	0
174	Y	0.00000	0	1.00000	0
175	V	0.00000	0	1.00000	0
176	P	0.00000	0	1.00000	0
177	L	0.00000	0	1.00000	0
178	C	0.00000	0	1.00000	0
179	I	0.00000	0	1.00000	0
180	M	0.00000	0	1.00000	0
181	A	0.00000	0	1.00000	0
182	F	0.00000	0	1.00000	0
183	V	0.00000	0	1.00000	0
184	Y	0.00021	0	0.99979	0
185	L	0.00975	0	0.99025	0
186	R	0.17847	0	0.82153	0
187	V	0.19677	0	0.80323	0
188	F	0.30416	0	0.69584	0
189	R	0.99478	0	0.00522	0
190	E	0.99993	0	0.00007	0
191	A	1.00000	0	0.00000	0
192	Q	1.00000	0	0.00000	0
193	K	1.00000	0	0.00000	0
194	Q	1.00000	0	0.00000	0
195	V	1.00000	0	0.00000	0
196	K	1.00000	0	0.00000	0
197	K	1.00000	0	0.00000	0
198	I	1.00000	0	0.00000	0
199	D	1.00000	0	0.00000	0
200	S	1.00000	0	0.00000	0
201	C	1.00000	0	0.00000	0
202	E	1.00000	0	0.00000	0
203	R	1.00000	0	0.00000	0
204	R	1.00000	0	0.00000	0
205	F	1.00000	0	0.00000	0
206	L	1.00000	0	0.00000	0
207	G	1.00000	0	0.00000	0
208	G	1.00000	0	0.00000	0
209	P	1.00000	0	0.00000	0
210	A	1.00000	0	0.00000	0
211	R	1.00000	0	0.00000	0
212	P	1.00000	0	0.00000	0
213	P	1.00000	0	0.00000	0
214	S	1.00000	0	0.00000	0
215	P	1.00000	0	0.00000	0
216	A	1.00000	0	0.00000	0
217	P	1.00000	0	0.00000	0
218	S	1.00000	0	0.00000	0
219	P	1.00000	0	0.00000	0
220	S	1.00000	0	0.00000	0
221	P	1.00000	0	0.00000	0
222	G	1.00000	0	0.00000	0
223	P	1.00000	0	0.00000	0
224	P	1.00000	0	0.00000	0
225	R	1.00000	0	0.00000	0
226	P	1.00000	0	0.00000	0
227	A	1.00000	0	0.00000	0
228	D	1.00000	0	0.00000	0
229	S	1.00000	0	0.00000	0
230	L	1.00000	0	0.00000	0
231	A	1.00000	0	0.00000	0
232	N	1.00000	0	0.00000	0
233	G	1.00000	0	0.00000	0
234	R	1.00000	0	0.00000	0
235	T	1.00000	0	0.00000	0
236	S	1.00000	0	0.00000	0
237	K	1.00000	0	0.00000	0
238	R	1.00000	0	0.00000	0
239	R	1.00000	0	0.00000	0
240	P	1.00000	0	0.00000	0
241	S	1.00000	0	0.00000	0
242	R	1.00000	0	0.00000	0
243	L	1.00000	0	0.00000	0
244	V	1.00000	0	0.00000	0
245	A	1.00000	0	0.00000	0
246	L	1.00000	0	0.00000	0
247	R	1.00000	0	0.00000	0
248	E	1.00000	0	0.00000	0
249	Q	0.99315	0	0.00685	0
250	K	0.99136	0	0.00864	0
251	A	0.10998	0	0.89002	0
252	L	0.10725	0	0.89275	0
253	K	0.10672	0	0.89328	0
254	T	0.07902	0	0.92098	0
255	L	0.00076	0	0.99924	0
256	G	0.00007	0	0.99993	0
257	I	0.00003	0	0.99997	0
258	I	0.00000	0	1.00000	0
259	M	0.00000	0	1.00000	0
260	G	0.00000	0	1.00000	0
261	V	0.00000	0	1.00000	0
262	F	0.00000	0	1.00000	0
263	T	0.00000	0	1.00000	0
264	L	0.00000	0	1.00000	0
265	C	0.00000	0	1.00000	0
266	W	0.00000	0	1.00000	0
267	L	0.00000	0	1.00000	0
268	P	0.00000	0	1.00000	0
269	F	0.00000	0	1.00000	0
270	F	0.00000	0	1.00000	0
271	L	0.00000	0.0015	0.99850	0
272	A	0.00000	0.03157	0.96843	0
273	N	0.00000	0.20547	0.79453	0
274	V	0.00000	0.27959	0.72041	0
275	V	0.00000	0.48283	0.51717	0
276	K	0.00000	0.9533	0.04670	0
277	A	0.00000	0.95848	0.04152	0
278	F	0.00000	0.9661	0.03390	0
279	H	0.00000	0.99216	0.00784	0
280	R	0.00000	0.99971	0.00029	0
281	D	0.00000	1	0.00000	0
282	L	0.00000	0.99949	0.00051	0
283	V	0.00000	0.99898	0.00102	0
284	P	0.00000	0.99865	0.00135	0
285	D	0.00000	0.98956	0.01044	0
286	R	0.00000	0.74754	0.25246	0
287	L	0.00000	0.18156	0.81844	0
288	F	0.00000	0.14781	0.85219	0
289	V	0.00000	0.00113	0.99887	0
290	F	0.00000	0	1.00000	0
291	F	0.00000	0	1.00000	0
292	N	0.00000	0	1.00000	0
293	W	0.00000	0	1.00000	0
294	L	0.00000	0	1.00000	0
295	G	0.00000	0	1.00000	0
296	Y	0.00000	0	1.00000	0
297	A	0.00000	0	1.00000	0
298	N	0.00000	0	1.00000	0
299	S	0.00000	0	1.00000	0
300	A	0.00000	0	1.00000	0
301	F	0.00000	0	1.00000	0
302	N	0.00000	0	1.00000	0
303	P	0.00000	0	1.00000	0
304	I	0.00000	0	1.00000	0
305	I	0.00002	0	0.99998	0
306	Y	0.00152	0	0.99848	0
307	C	0.03041	0	0.96959	0
308	R	1.00000	0	0.00000	0
309	S	1.00000	0	0.00000	0
310	P	1.00000	0	0.00000	0
311	D	1.00000	0	0.00000	0
312	F	1.00000	0	0.00000	0
313	R	1.00000	0	0.00000	0
314	K	1.00000	0	0.00000	0
315	A	1.00000	0	0.00000	0
316	F	1.00000	0	0.00000	0
317	Q	1.00000	0	0.00000	0
318	R	1.00000	0	0.00000	0
319	L	1.00000	0	0.00000	0
320	L	1.00000	0	0.00000	0
321	C	1.00000	0	0.00000	0
322	C	1.00000	0	0.00000	0
323	A	1.00000	0	0.00000	0
324	R	1.00000	0	0.00000	0
325	R	1.00000	0	0.00000	0
326	V	1.00000	0	0.00000	0
327	A	1.00000	0	0.00000	0
328	R	1.00000	0	0.00000	0
329	R	1.00000	0	0.00000	0
330	R	1.00000	0	0.00000	0
331	R	1.00000	0	0.00000	0
332	A	1.00000	0	0.00000	0
333	S	1.00000	0	0.00000	0
334	H	1.00000	0	0.00000	0
335	G	1.00000	0	0.00000	0
336	D	1.00000	0	0.00000	0
337	R	1.00000	0	0.00000	0
338	P	1.00000	0	0.00000	0
339	R	1.00000	0	0.00000	0
340	A	1.00000	0	0.00000	0
341	S	1.00000	0	0.00000	0
342	G	1.00000	0	0.00000	0
343	C	1.00000	0	0.00000	0
344	L	1.00000	0	0.00000	0
345	A	1.00000	0	0.00000	0
346	G	1.00000	0	0.00000	0
347	A	1.00000	0	0.00000	0
348	G	1.00000	0	0.00000	0
349	P	1.00000	0	0.00000	0
350	P	1.00000	0	0.00000	0
351	P	1.00000	0	0.00000	0
352	S	1.00000	0	0.00000	0
353	P	1.00000	0	0.00000	0
354	G	1.00000	0	0.00000	0
355	A	1.00000	0	0.00000	0
356	P	1.00000	0	0.00000	0
357	S	1.00000	0	0.00000	0
358	D	1.00000	0	0.00000	0
359	D	1.00000	0	0.00000	0
360	D	1.00000	0	0.00000	0
361	D	1.00000	0	0.00000	0
362	D	1.00000	0	0.00000	0
363	D	1.00000	0	0.00000	0
364	A	1.00000	0	0.00000	0
365	G	1.00000	0	0.00000	0
366	V	1.00000	0	0.00000	0
367	T	1.00000	0	0.00000	0
368	A	1.00000	0	0.00000	0
369	P	1.00000	0	0.00000	0
370	A	1.00000	0	0.00000	0
371	R	1.00000	0	0.00000	0
372	L	1.00000	0	0.00000	0
373	L	1.00000	0	0.00000	0
374	E	1.00000	0	0.00000	0
375	P	1.00000	0	0.00000	0
376	W	1.00000	0	0.00000	0
377	A	1.00000	0	0.00000	0
378	G	1.00000	0	0.00000	0
379	C	1.00000	0	0.00000	0
380	N	1.00000	0	0.00000	0
381	G	1.00000	0	0.00000	0
382	G	1.00000	0	0.00000	0
383	A	1.00000	0	0.00000	0
384	T	1.00000	0	0.00000	0
385	T	1.00000	0	0.00000	0
386	V	1.00000	0	0.00000	0
387	D	1.00000	0	0.00000	0
388	S	1.00000	0	0.00000	0
389	D	1.00000	0	0.00000	0
390	S	1.00000	0	0.00000	0
391	S	1.00000	0	0.00000	0
392	L	1.00000	0	0.00000	0
393	D	1.00000	0	0.00000	0
394	E	1.00000	0	0.00000	0
395	P	1.00000	0	0.00000	0
396	G	1.00000	0	0.00000	0
397	R	1.00000	0	0.00000	0
398	R	1.00000	0	0.00000	0
399	D	1.00000	0	0.00000	0
400	F	1.00000	0	0.00000	0
401	S	1.00000	0	0.00000	0
402	S	1.00000	0	0.00000	0
403	E	1.00000	0	0.00000	0
404	S	1.00000	0	0.00000	0
405	K	1.00000	0	0.00000	0
406	V	1.00000	0	0.00000	0
