# UNNAMED
#pos	aa	i	o	M	S
1	M	0.00000	0.99977	0.00000	0.00023
2	N	0.00000	0.99977	0.00000	0.00023
3	S	0.00000	0.99977	0.00000	0.00023
4	L	0.00000	0.99977	0.00000	0.00023
5	S	0.00000	0.99977	0.00000	0.00022
6	P	0.00000	0.99977	0.00000	0.00022
7	S	0.00000	0.99977	0.00000	0.00022
8	A	0.00000	0.99977	0.00000	0.00023
9	A	0.00000	0.99977	0.00000	0.00023
10	V	0.00000	0.99977	0.00000	0.00023
11	Q	0.00000	0.99977	0.00000	0.00023
12	L	0.00000	0.99977	0.00000	0.00023
13	C	0.00000	0.99977	0.00000	0.00022
14	Y	0.00000	0.99977	0.00000	0.00022
15	E	0.00000	0.99977	0.00000	0.00022
16	N	0.00000	0.99989	0.00000	0.0001
17	V	0.00000	0.99989	0.00000	0.00011
18	N	0.00000	0.99989	0.00000	0.00011
19	G	0.00000	0.99989	0.00000	0.00011
20	S	0.00000	0.9999	0.00000	0.0001
21	C	0.00000	0.99995	0.00000	5e-05
22	V	0.00000	1	0.00000	0
23	K	0.00000	1	0.00000	0
24	A	0.00000	1	0.00000	0
25	P	0.00000	1	0.00000	0
26	Y	0.00000	1	0.00000	0
27	S	0.00000	1	0.00000	0
28	P	0.00000	1	0.00000	0
29	G	0.00000	0.99999	0.00001	0
30	S	0.00000	0.99998	0.00002	0
31	R	0.00000	0.99672	0.00328	0
32	L	0.00000	0.66974	0.33026	0
33	V	0.00000	0.34374	0.65626	0
34	L	0.00000	0.08121	0.91879	0
35	Y	0.00000	0.00365	0.99635	0
36	T	0.00000	0.00094	0.99906	0
37	V	0.00000	0.00017	0.99983	0
38	F	0.00000	3e-05	0.99997	0
39	G	0.00000	2e-05	0.99998	0
40	C	0.00000	1e-05	0.99999	0
41	G	0.00000	0	1.00000	0
42	A	0.00000	0	1.00000	0
43	L	0.00000	0	1.00000	0
44	L	0.00000	0	1.00000	0
45	A	0.00000	0	1.00000	0
46	M	0.00000	0	1.00000	0
47	L	0.00000	0	1.00000	0
48	G	0.00000	0	1.00000	0
49	N	0.00000	0	1.00000	0
50	L	0.00000	0	1.00000	0
51	L	0.00000	0	1.00000	0
52	V	0.00000	0	1.00000	0
53	M	0.00002	0	0.99998	0
54	I	0.00018	0	0.99982	0
55	A	0.01473	0	0.98527	0
56	I	0.04498	0	0.95502	0
57	L	0.30631	0	0.69369	0
58	H	0.79594	0	0.20406	0
59	F	0.88043	0	0.11957	0
60	K	0.99890	0	0.00110	0
61	Q	0.99999	0	0.00001	0
62	L	1.00000	0	0.00000	0
63	H	1.00000	0	0.00000	0
64	S	1.00000	0	0.00000	0
65	P	1.00000	0	0.00000	0
66	T	0.68926	0	0.31074	0
67	N	0.15160	0	0.84840	0
68	F	0.02594	0	0.97406	0
69	L	0.00043	0	0.99957	0
70	I	0.00001	0	0.99999	0
71	A	0.00000	0	1.00000	0
72	S	0.00000	0	1.00000	0
73	L	0.00000	0	1.00000	0
74	A	0.00000	0	1.00000	0
75	C	0.00000	0	1.00000	0
76	A	0.00000	0	1.00000	0
77	D	0.00000	0	1.00000	0
78	F	0.00000	0	1.00000	0
79	L	0.00000	0	1.00000	0
80	V	0.00000	0	1.00000	0
81	G	0.00000	0	1.00000	0
82	V	0.00000	0	1.00000	0
83	T	0.00000	0	1.00000	0
84	V	0.00000	2e-05	0.99998	0
85	M	0.00000	0.00137	0.99863	0
86	P	0.00000	0.0245	0.97550	0
87	F	0.00000	0.07267	0.92733	0
88	S	0.00000	0.29625	0.70375	0
89	M	0.00000	0.37296	0.62704	0
90	V	0.00000	0.63187	0.36813	0
91	R	0.00000	0.99992	0.00008	0
92	S	0.00000	0.99997	0.00003	0
93	V	0.00000	0.99997	0.00003	0
94	E	0.00000	1	0.00000	0
95	S	0.00000	1	0.00000	0
96	C	0.00000	1	0.00000	0
97	W	0.00000	0.99999	0.00001	0
98	Y	0.00000	0.99995	0.00005	0
99	F	0.00000	0.99966	0.00034	0
100	G	0.00000	0.99964	0.00036	0
101	R	0.00000	0.99959	0.00041	0
102	S	0.00000	0.99924	0.00076	0
103	F	0.00000	0.95369	0.04631	0
104	C	0.00000	0.9456	0.05440	0
105	T	0.00000	0.9357	0.06430	0
106	F	0.00000	0.93315	0.06685	0
107	H	0.00000	0.80766	0.19234	0
108	T	0.00000	0.64176	0.35824	0
109	C	0.00000	0.53627	0.46373	0
110	C	0.00000	0.10777	0.89223	0
111	D	0.00000	0.07311	0.92689	0
112	V	0.00000	0.00055	0.99945	0
113	A	0.00000	1e-05	0.99999	0
114	F	0.00000	0	1.00000	0
115	C	0.00000	0	1.00000	0
116	Y	0.00000	0	1.00000	0
117	S	0.00000	0	1.00000	0
118	S	0.00000	0	1.00000	0
119	L	0.00000	0	1.00000	0
120	F	0.00000	0	1.00000	0
121	H	0.00001	0	0.99999	0
122	L	0.00001	0	0.99999	0
123	C	0.00016	0	0.99984	0
124	F	0.00019	0	0.99981	0
125	I	0.00046	0	0.99954	0
126	S	0.00082	0	0.99918	0
127	I	0.00095	0	0.99905	0
128	D	0.00131	0	0.99869	0
129	R	0.19449	0	0.80551	0
130	Y	0.78424	0	0.21576	0
131	I	0.90121	0	0.09879	0
132	A	0.96601	0	0.03399	0
133	V	0.99992	0	0.00008	0
134	T	1.00000	0	0.00000	0
135	D	1.00000	0	0.00000	0
136	P	1.00000	0	0.00000	0
137	L	1.00000	0	0.00000	0
138	V	1.00000	0	0.00000	0
139	Y	1.00000	0	0.00000	0
140	P	1.00000	0	0.00000	0
141	T	0.99997	0	0.00003	0
142	K	0.99981	0	0.00019	0
143	F	0.95922	0	0.04078	0
144	T	0.93537	0	0.06463	0
145	V	0.81601	0	0.18399	0
146	S	0.72176	0	0.27824	0
147	V	0.31249	0	0.68751	0
148	S	0.25172	0	0.74828	0
149	G	0.10058	0	0.89942	0
150	L	0.00550	0	0.99450	0
151	C	0.00001	0	0.99999	0
152	I	0.00000	0	1.00000	0
153	S	0.00000	0	1.00000	0
154	I	0.00000	0	1.00000	0
155	S	0.00000	0	1.00000	0
156	W	0.00000	0	1.00000	0
157	V	0.00000	0	1.00000	0
158	L	0.00000	0	1.00000	0
159	P	0.00000	0	1.00000	0
160	L	0.00000	0	1.00000	0
161	V	0.00000	0	1.00000	0
162	Y	0.00000	0.00044	0.99956	0
163	S	0.00000	0.00761	0.99239	0
164	G	0.00000	0.01782	0.98218	0
165	A	0.00000	0.02745	0.97255	0
166	V	0.00000	0.05135	0.94865	0
167	F	0.00000	0.11668	0.88332	0
168	F	0.00000	0.19327	0.80673	0
169	T	0.00000	0.56617	0.43383	0
170	G	0.00000	0.86766	0.13234	0
171	V	0.00000	0.91147	0.08853	0
172	H	0.00000	0.99002	0.00998	0
173	E	0.00000	0.99992	0.00008	0
174	D	0.00000	1	0.00000	0
175	G	0.00000	1	0.00000	0
176	M	0.00000	1	0.00000	0
177	E	0.00000	1	0.00000	0
178	E	0.00000	1	0.00000	0
179	L	0.00000	1	0.00000	0
180	V	0.00000	1	0.00000	0
181	R	0.00000	1	0.00000	0
182	A	0.00000	1	0.00000	0
183	L	0.00000	1	0.00000	0
184	S	0.00000	1	0.00000	0
185	C	0.00000	1	0.00000	0
186	I	0.00000	1	0.00000	0
187	G	0.00000	1	0.00000	0
188	G	0.00000	1	0.00000	0
189	C	0.00000	1	0.00000	0
190	Q	0.00000	1	0.00000	0
191	P	0.00000	0.99999	0.00001	0
192	I	0.00000	0.99992	0.00008	0
193	V	0.00000	0.99989	0.00011	0
194	N	0.00000	0.99989	0.00011	0
195	Q	0.00000	0.99983	0.00017	0
196	F	0.00000	0.00289	0.99711	0
197	W	0.00000	0.00278	0.99722	0
198	T	0.00000	0.00269	0.99731	0
199	L	0.00000	0.00251	0.99749	0
200	I	0.00000	0.00244	0.99756	0
201	D	0.00000	0.00243	0.99757	0
202	F	0.00000	0.00174	0.99826	0
203	L	0.00000	0	1.00000	0
204	L	0.00000	0	1.00000	0
205	F	0.00000	0	1.00000	0
206	F	0.00000	0	1.00000	0
207	L	0.00000	0	1.00000	0
208	P	0.00000	0	1.00000	0
209	T	0.00000	0	1.00000	0
210	F	0.00000	0	1.00000	0
211	V	0.00000	0	1.00000	0
212	M	0.00000	0	1.00000	0
213	I	0.00000	0	1.00000	0
214	F	0.00000	0	1.00000	0
215	L	0.00000	0	1.00000	0
216	Y	0.00002	0	0.99998	0
217	S	0.00219	0	0.99781	0
218	N	0.00610	0	0.99390	0
219	I	0.00766	0	0.99234	0
220	F	0.02377	0	0.97623	0
221	L	0.16776	0	0.83224	0
222	V	0.25244	0	0.74756	0
223	A	0.74718	0	0.25282	0
224	R	0.99581	0	0.00419	0
225	Q	0.99994	0	0.00006	0
226	Q	1.00000	0	0.00000	0
227	A	1.00000	0	0.00000	0
228	K	1.00000	0	0.00000	0
229	K	1.00000	0	0.00000	0
230	I	1.00000	0	0.00000	0
231	E	1.00000	0	0.00000	0
232	H	1.00000	0	0.00000	0
233	L	1.00000	0	0.00000	0
234	S	1.00000	0	0.00000	0
235	S	1.00000	0	0.00000	0
236	K	1.00000	0	0.00000	0
237	A	1.00000	0	0.00000	0
238	K	1.00000	0	0.00000	0
239	G	1.00000	0	0.00000	0
240	F	1.00000	0	0.00000	0
241	S	1.00000	0	0.00000	0
242	R	1.00000	0	0.00000	0
243	S	1.00000	0	0.00000	0
244	N	1.00000	0	0.00000	0
245	K	1.00000	0	0.00000	0
246	T	1.00000	0	0.00000	0
247	R	1.00000	0	0.00000	0
248	V	1.00000	0	0.00000	0
249	A	1.00000	0	0.00000	0
250	K	1.00000	0	0.00000	0
251	R	1.00000	0	0.00000	0
252	E	1.00000	0	0.00000	0
253	R	0.92386	0	0.07614	0
254	K	0.92042	0	0.07958	0
255	A	0.13975	0	0.86025	0
256	A	0.12009	0	0.87991	0
257	R	0.11091	0	0.88909	0
258	T	0.06841	0	0.93159	0
259	L	0.00941	0	0.99059	0
260	G	0.00353	0	0.99647	0
261	V	0.00180	0	0.99820	0
262	T	0.00177	0	0.99823	0
263	V	0.00165	0	0.99835	0
264	V	0.00001	0	0.99999	0
265	A	0.00000	0	1.00000	0
266	F	0.00000	0	1.00000	0
267	L	0.00000	0	1.00000	0
268	I	0.00000	0	1.00000	0
269	S	0.00000	0	1.00000	0
270	W	0.00000	0	1.00000	0
271	L	0.00000	0	1.00000	0
272	P	0.00000	2e-05	0.99998	0
273	Y	0.00000	0.00011	0.99989	0
274	M	0.00000	0.001	0.99900	0
275	I	0.00000	0.05086	0.94914	0
276	D	0.00000	0.78023	0.21977	0
277	S	0.00000	0.78429	0.21571	0
278	F	0.00000	0.79103	0.20897	0
279	F	0.00000	0.80258	0.19742	0
280	H	0.00000	0.83811	0.16189	0
281	S	0.00000	0.85137	0.14863	0
282	F	0.00000	0.86989	0.13011	0
283	G	0.00000	0.97071	0.02929	0
284	G	0.00000	0.99132	0.00868	0
285	F	0.00000	0.99513	0.00487	0
286	I	0.00000	0.99601	0.00399	0
287	T	0.00000	0.99861	0.00139	0
288	P	0.00000	0.9994	0.00060	0
289	S	0.00000	0.99945	0.00055	0
290	Y	0.00000	0.99681	0.00319	0
291	V	0.00000	0.9901	0.00990	0
292	Y	0.00000	0.98949	0.01051	0
293	E	0.00000	0.81737	0.18263	0
294	I	0.00000	0.06608	0.93392	0
295	F	0.00000	0.03607	0.96393	0
296	C	0.00000	0.02516	0.97484	0
297	W	0.00000	0.0019	0.99810	0
298	F	0.00000	1e-05	0.99999	0
299	G	0.00000	0	1.00000	0
300	Y	0.00000	0	1.00000	0
301	Y	0.00000	0	1.00000	0
302	N	0.00001	0	0.99999	0
303	S	0.00001	0	0.99999	0
304	A	0.00001	0	0.99999	0
305	L	0.00001	0	0.99999	0
306	N	0.00001	0	0.99999	0
307	P	0.00001	0	0.99999	0
308	L	0.00001	0	0.99999	0
309	I	0.00001	0	0.99999	0
310	Y	0.00008	0	0.99992	0
311	A	0.00067	0	0.99933	0
312	L	0.00165	0	0.99835	0
313	F	0.00933	0	0.99067	0
314	Y	0.05541	0	0.94459	0
315	H	0.19059	0	0.80941	0
316	W	0.24404	0	0.75596	0
317	F	0.71590	0	0.28410	0
318	R	1.00000	0	0.00000	0
319	R	1.00000	0	0.00000	0
320	A	1.00000	0	0.00000	0
321	I	1.00000	0	0.00000	0
322	K	1.00000	0	0.00000	0
323	L	1.00000	0	0.00000	0
324	I	1.00000	0	0.00000	0
325	I	1.00000	0	0.00000	0
326	T	1.00000	0	0.00000	0
327	G	1.00000	0	0.00000	0
328	Q	1.00000	0	0.00000	0
329	V	1.00000	0	0.00000	0
330	L	1.00000	0	0.00000	0
331	K	1.00000	0	0.00000	0
332	D	1.00000	0	0.00000	0
333	S	1.00000	0	0.00000	0
334	P	1.00000	0	0.00000	0
335	S	1.00000	0	0.00000	0
336	T	1.00000	0	0.00000	0
337	I	1.00000	0	0.00000	0
338	N	1.00000	0	0.00000	0
339	L	1.00000	0	0.00000	0
340	F	1.00000	0	0.00000	0
341	S	1.00000	0	0.00000	0
342	K	1.00000	0	0.00000	0
343	E	1.00000	0	0.00000	0
344	T	1.00000	0	0.00000	0
