# UNNAMED
#pos	aa	i	o	M	S
1	M	0.00000	0.99998	0.00000	2e-05
2	A	0.00000	0.99998	0.00000	2e-05
3	P	0.00000	0.99998	0.00000	2e-05
4	W	0.00000	0.99998	0.00000	2e-05
5	P	0.00000	0.99998	0.00000	2e-05
6	H	0.00000	0.99998	0.00000	2e-05
7	G	0.00000	0.99998	0.00000	1e-05
8	N	0.00000	0.99998	0.00000	2e-05
9	S	0.00000	0.99998	0.00000	2e-05
10	S	0.00000	0.99998	0.00000	2e-05
11	A	0.00000	0.99998	0.00000	2e-05
12	A	0.00000	0.99998	0.00000	2e-05
13	P	0.00000	0.99998	0.00000	2e-05
14	W	0.00000	0.99998	0.00000	2e-05
15	P	0.00000	0.99998	0.00000	2e-05
16	D	0.00000	0.99998	0.00000	2e-05
17	T	0.00000	0.99998	0.00000	2e-05
18	P	0.00000	0.99998	0.00000	2e-05
19	T	0.00000	0.99998	0.00000	2e-05
20	L	0.00000	1	0.00000	0
21	A	0.00000	1	0.00000	0
22	P	0.00000	1	0.00000	0
23	N	0.00000	1	0.00000	0
24	T	0.00000	1	0.00000	0
25	A	0.00000	1	0.00000	0
26	N	0.00000	1	0.00000	0
27	T	0.00000	1	0.00000	0
28	S	0.00000	1	0.00000	0
29	G	0.00000	0.99999	0.00001	0
30	L	0.00000	0.9998	0.00020	0
31	P	0.00000	0.98352	0.01648	0
32	G	0.00000	0.90131	0.09869	0
33	V	0.00000	0.66831	0.33169	0
34	P	0.00000	0.55419	0.44581	0
35	W	0.00000	0.17794	0.82206	0
36	A	0.00000	0.08874	0.91126	0
37	A	0.00000	0.04963	0.95037	0
38	A	0.00000	0.02093	0.97907	0
39	L	0.00000	0.00663	0.99337	0
40	A	0.00000	0.00246	0.99754	0
41	G	0.00000	0.00091	0.99909	0
42	A	0.00000	0.00014	0.99986	0
43	L	0.00000	2e-05	0.99998	0
44	L	0.00000	0	1.00000	0
45	A	0.00000	0	1.00000	0
46	L	0.00000	0	1.00000	0
47	A	0.00000	0	1.00000	0
48	T	0.00000	0	1.00000	0
49	V	0.00000	0	1.00000	0
50	G	0.00000	0	1.00000	0
51	G	0.00000	0	1.00000	0
52	N	0.00000	0	1.00000	0
53	L	0.00000	0	1.00000	0
54	L	0.00000	0	1.00000	0
55	V	0.00000	0	1.00000	0
56	I	0.00006	0	0.99994	0
57	V	0.00332	0	0.99668	0
58	A	0.05776	0	0.94224	0
59	I	0.12855	0	0.87145	0
60	A	0.55916	0	0.44084	0
61	C	0.84018	0	0.15982	0
62	T	0.99081	0	0.00919	0
63	P	0.99988	0	0.00012	0
64	R	1.00000	0	0.00000	0
65	L	0.99984	0	0.00016	0
66	Q	0.99904	0	0.00096	0
67	T	0.99028	0	0.00972	0
68	M	0.73550	0	0.26450	0
69	T	0.59855	0	0.40145	0
70	N	0.14805	0	0.85195	0
71	V	0.06769	0	0.93231	0
72	F	0.00054	0	0.99946	0
73	V	0.00001	0	0.99999	0
74	T	0.00000	0	1.00000	0
75	S	0.00000	0	1.00000	0
76	L	0.00000	0	1.00000	0
77	A	0.00000	0	1.00000	0
78	A	0.00000	0	1.00000	0
79	A	0.00000	0	1.00000	0
80	D	0.00000	0	1.00000	0
81	L	0.00000	0	1.00000	0
82	V	0.00000	0	1.00000	0
83	V	0.00000	0	1.00000	0
84	G	0.00000	0	1.00000	0
85	L	0.00000	0	1.00000	0
86	L	0.00000	3e-05	0.99997	0
87	V	0.00000	0.00099	0.99901	0
88	V	0.00000	0.00875	0.99125	0
89	P	0.00000	0.04807	0.95193	0
90	P	0.00000	0.10613	0.89387	0
91	G	0.00000	0.32696	0.67304	0
92	A	0.00000	0.64141	0.35859	0
93	T	0.00000	0.92423	0.07577	0
94	L	0.00000	0.99984	0.00016	0
95	A	0.00000	1	0.00000	0
96	L	0.00000	1	0.00000	0
97	T	0.00000	1	0.00000	0
98	G	0.00000	1	0.00000	0
99	H	0.00000	1	0.00000	0
100	W	0.00000	1	0.00000	0
101	P	0.00000	1	0.00000	0
102	L	0.00000	1	0.00000	0
103	G	0.00000	1	0.00000	0
104	A	0.00000	1	0.00000	0
105	T	0.00000	1	0.00000	0
106	G	0.00000	1	0.00000	0
107	C	0.00000	1	0.00000	0
108	E	0.00000	1	0.00000	0
109	L	0.00000	0.99956	0.00044	0
110	W	0.00000	0.94678	0.05322	0
111	T	0.00000	0.63303	0.36697	0
112	S	0.00000	0.0908	0.90920	0
113	V	0.00000	0.02223	0.97777	0
114	D	0.00000	0.00545	0.99455	0
115	V	0.00000	0.00012	0.99988	0
116	L	0.00000	0	1.00000	0
117	C	0.00000	0	1.00000	0
118	V	0.00000	0	1.00000	0
119	T	0.00000	0	1.00000	0
120	A	0.00000	0	1.00000	0
121	S	0.00000	0	1.00000	0
122	I	0.00000	0	1.00000	0
123	E	0.00000	0	1.00000	0
124	T	0.00000	0	1.00000	0
125	L	0.00000	0	1.00000	0
126	C	0.00000	0	1.00000	0
127	A	0.00000	0	1.00000	0
128	L	0.00000	0	1.00000	0
129	A	0.00000	0	1.00000	0
130	V	0.00000	0	1.00000	0
131	D	0.00000	0	1.00000	0
132	R	0.00734	0	0.99266	0
133	Y	0.10250	0	0.89750	0
134	V	0.84008	0	0.15992	0
135	A	0.95530	0	0.04470	0
136	V	0.99998	0	0.00002	0
137	T	1.00000	0	0.00000	0
138	N	1.00000	0	0.00000	0
139	P	1.00000	0	0.00000	0
140	L	1.00000	0	0.00000	0
141	R	1.00000	0	0.00000	0
142	Y	1.00000	0	0.00000	0
143	G	1.00000	0	0.00000	0
144	A	1.00000	0	0.00000	0
145	L	1.00000	0	0.00000	0
146	V	1.00000	0	0.00000	0
147	T	1.00000	0	0.00000	0
148	K	1.00000	0	0.00000	0
149	R	0.99996	0	0.00004	0
150	R	0.99743	0	0.00257	0
151	A	0.83469	0	0.16531	0
152	R	0.72717	0	0.27283	0
153	A	0.10873	0	0.89127	0
154	A	0.00826	0	0.99174	0
155	V	0.00007	0	0.99993	0
156	L	0.00000	0	1.00000	0
157	L	0.00000	0	1.00000	0
158	V	0.00000	0	1.00000	0
159	W	0.00000	0	1.00000	0
160	L	0.00000	0	1.00000	0
161	V	0.00000	0	1.00000	0
162	S	0.00000	0	1.00000	0
163	A	0.00000	0	1.00000	0
164	A	0.00000	0	1.00000	0
165	V	0.00000	0	1.00000	0
166	S	0.00000	0	1.00000	0
167	F	0.00000	0	1.00000	0
168	A	0.00000	0	1.00000	0
169	P	0.00000	1e-05	0.99999	0
170	I	0.00000	0.00013	0.99987	0
171	M	0.00000	0.00552	0.99448	0
172	S	0.00000	0.2007	0.79930	0
173	Q	0.00000	0.53695	0.46305	0
174	W	0.00000	0.6194	0.38060	0
175	W	0.00000	0.83389	0.16611	0
176	R	0.00000	0.99624	0.00376	0
177	V	0.00000	0.99817	0.00183	0
178	G	0.00000	0.99994	0.00006	0
179	A	0.00000	0.99998	0.00002	0
180	D	0.00000	1	0.00000	0
181	A	0.00000	1	0.00000	0
182	E	0.00000	1	0.00000	0
183	A	0.00000	1	0.00000	0
184	Q	0.00000	1	0.00000	0
185	R	0.00000	1	0.00000	0
186	C	0.00000	1	0.00000	0
187	H	0.00000	1	0.00000	0
188	S	0.00000	1	0.00000	0
189	N	0.00000	1	0.00000	0
190	P	0.00000	1	0.00000	0
191	R	0.00000	1	0.00000	0
192	C	0.00000	0.99999	0.00001	0
193	C	0.00000	0.99964	0.00036	0
194	A	0.00000	0.99941	0.00059	0
195	F	0.00000	0.97575	0.02425	0
196	A	0.00000	0.97447	0.02553	0
197	S	0.00000	0.97351	0.02649	0
198	N	0.00000	0.97274	0.02726	0
199	L	0.00000	0.964	0.03600	0
200	P	0.00000	0.85622	0.14378	0
201	Y	0.00000	0.4393	0.56070	0
202	A	0.00000	0.04773	0.95227	0
203	L	0.00000	0.02257	0.97743	0
204	L	0.00000	0.00135	0.99865	0
205	S	0.00000	0.00123	0.99877	0
206	S	0.00000	0.00052	0.99948	0
207	S	0.00000	0.00048	0.99952	0
208	V	0.00000	0	1.00000	0
209	S	0.00000	0	1.00000	0
210	F	0.00000	0	1.00000	0
211	Y	0.00000	0	1.00000	0
212	L	0.00000	0	1.00000	0
213	P	0.00000	0	1.00000	0
214	L	0.00000	0	1.00000	0
215	L	0.00000	0	1.00000	0
216	V	0.00000	0	1.00000	0
217	M	0.00000	0	1.00000	0
218	L	0.00000	0	1.00000	0
219	F	0.00015	0	0.99985	0
220	V	0.00154	0	0.99846	0
221	Y	0.00602	0	0.99398	0
222	A	0.02533	0	0.97467	0
223	R	0.05629	0	0.94371	0
224	V	0.05998	0	0.94002	0
225	F	0.08875	0	0.91125	0
226	V	0.34105	0	0.65895	0
227	V	0.52508	0	0.47492	0
228	A	0.99611	0	0.00389	0
229	T	0.99936	0	0.00064	0
230	R	0.99994	0	0.00006	0
231	Q	0.99999	0	0.00001	0
232	L	0.99999	0	0.00001	0
233	R	1.00000	0	0.00000	0
234	L	1.00000	0	0.00000	0
235	L	1.00000	0	0.00000	0
236	R	1.00000	0	0.00000	0
237	G	1.00000	0	0.00000	0
238	E	1.00000	0	0.00000	0
239	L	1.00000	0	0.00000	0
240	G	1.00000	0	0.00000	0
241	R	1.00000	0	0.00000	0
242	F	1.00000	0	0.00000	0
243	P	1.00000	0	0.00000	0
244	L	1.00000	0	0.00000	0
245	E	1.00000	0	0.00000	0
246	E	1.00000	0	0.00000	0
247	P	1.00000	0	0.00000	0
248	S	1.00000	0	0.00000	0
249	P	1.00000	0	0.00000	0
250	A	1.00000	0	0.00000	0
251	L	1.00000	0	0.00000	0
252	S	1.00000	0	0.00000	0
253	R	1.00000	0	0.00000	0
254	A	1.00000	0	0.00000	0
255	Q	1.00000	0	0.00000	0
256	A	1.00000	0	0.00000	0
257	L	1.00000	0	0.00000	0
258	A	1.00000	0	0.00000	0
259	A	1.00000	0	0.00000	0
260	A	1.00000	0	0.00000	0
261	G	1.00000	0	0.00000	0
262	P	1.00000	0	0.00000	0
263	C	1.00000	0	0.00000	0
264	A	1.00000	0	0.00000	0
265	A	1.00000	0	0.00000	0
266	P	1.00000	0	0.00000	0
267	A	1.00000	0	0.00000	0
268	C	1.00000	0	0.00000	0
269	S	1.00000	0	0.00000	0
270	R	1.00000	0	0.00000	0
271	R	1.00000	0	0.00000	0
272	P	1.00000	0	0.00000	0
273	A	1.00000	0	0.00000	0
274	R	1.00000	0	0.00000	0
275	L	1.00000	0	0.00000	0
276	L	1.00000	0	0.00000	0
277	P	1.00000	0	0.00000	0
278	L	1.00000	0	0.00000	0
279	R	1.00000	0	0.00000	0
280	E	1.00000	0	0.00000	0
281	H	0.99974	0	0.00026	0
282	R	0.99872	0	0.00128	0
283	A	0.02482	0	0.97518	0
284	L	0.02367	0	0.97633	0
285	L	0.02292	0	0.97708	0
286	T	0.01852	0	0.98148	0
287	L	0.00034	0	0.99966	0
288	G	0.00004	0	0.99996	0
289	L	0.00002	0	0.99998	0
290	I	0.00000	0	1.00000	0
291	M	0.00000	0	1.00000	0
292	G	0.00000	0	1.00000	0
293	T	0.00000	0	1.00000	0
294	F	0.00000	0	1.00000	0
295	T	0.00000	0	1.00000	0
296	L	0.00000	0	1.00000	0
297	C	0.00000	0	1.00000	0
298	W	0.00000	0	1.00000	0
299	L	0.00000	0	1.00000	0
300	P	0.00000	0	1.00000	0
301	F	0.00000	0	1.00000	0
302	F	0.00000	0	1.00000	0
303	L	0.00000	0.00186	0.99814	0
304	A	0.00000	0.03191	0.96809	0
305	N	0.00000	0.15994	0.84006	0
306	V	0.00000	0.20554	0.79446	0
307	L	0.00000	0.35052	0.64948	0
308	R	0.00000	0.88436	0.11564	0
309	A	0.00000	0.90463	0.09537	0
310	L	0.00000	0.92667	0.07333	0
311	G	0.00000	0.97767	0.02233	0
312	G	0.00000	0.98761	0.01239	0
313	P	0.00000	0.98863	0.01137	0
314	S	0.00000	0.98713	0.01287	0
315	L	0.00000	0.98384	0.01616	0
316	V	0.00000	0.98266	0.01734	0
317	P	0.00000	0.98167	0.01833	0
318	S	0.00000	0.96414	0.03586	0
319	P	0.00000	0.88974	0.11026	0
320	A	0.00000	0.32485	0.67515	0
321	L	0.00000	0.24095	0.75905	0
322	L	0.00000	0.00145	0.99855	0
323	A	0.00000	0	1.00000	0
324	L	0.00000	0	1.00000	0
325	N	0.00002	0	0.99998	0
326	W	0.00070	0	0.99930	0
327	L	0.00406	0	0.99594	0
328	G	0.00635	0	0.99365	0
329	Y	0.00825	0	0.99175	0
330	A	0.00915	0	0.99085	0
331	N	0.01082	0	0.98918	0
332	S	0.01082	0	0.98918	0
333	A	0.01083	0	0.98917	0
334	F	0.01083	0	0.98917	0
335	N	0.01083	0	0.98917	0
336	P	0.01084	0	0.98916	0
337	L	0.01087	0	0.98913	0
338	I	0.01113	0	0.98887	0
339	Y	0.01807	0	0.98193	0
340	C	0.16210	0	0.83790	0
341	R	0.99999	0	0.00001	0
342	S	0.99999	0	0.00001	0
343	P	1.00000	0	0.00000	0
344	D	1.00000	0	0.00000	0
345	F	1.00000	0	0.00000	0
346	R	1.00000	0	0.00000	0
347	R	1.00000	0	0.00000	0
348	A	1.00000	0	0.00000	0
349	F	1.00000	0	0.00000	0
350	R	1.00000	0	0.00000	0
351	R	1.00000	0	0.00000	0
352	L	1.00000	0	0.00000	0
353	L	1.00000	0	0.00000	0
354	C	1.00000	0	0.00000	0
355	G	1.00000	0	0.00000	0
356	C	1.00000	0	0.00000	0
357	R	1.00000	0	0.00000	0
358	G	1.00000	0	0.00000	0
359	T	1.00000	0	0.00000	0
360	E	1.00000	0	0.00000	0
361	P	1.00000	0	0.00000	0
362	R	1.00000	0	0.00000	0
363	A	1.00000	0	0.00000	0
364	A	1.00000	0	0.00000	0
365	A	1.00000	0	0.00000	0
366	S	1.00000	0	0.00000	0
367	R	1.00000	0	0.00000	0
368	A	1.00000	0	0.00000	0
369	P	1.00000	0	0.00000	0
370	E	1.00000	0	0.00000	0
371	P	1.00000	0	0.00000	0
372	S	1.00000	0	0.00000	0
373	R	1.00000	0	0.00000	0
374	A	1.00000	0	0.00000	0
375	R	1.00000	0	0.00000	0
376	A	1.00000	0	0.00000	0
377	A	1.00000	0	0.00000	0
378	G	1.00000	0	0.00000	0
379	T	1.00000	0	0.00000	0
380	S	1.00000	0	0.00000	0
381	P	1.00000	0	0.00000	0
382	A	1.00000	0	0.00000	0
383	E	1.00000	0	0.00000	0
384	S	1.00000	0	0.00000	0
385	R	1.00000	0	0.00000	0
386	P	1.00000	0	0.00000	0
387	R	1.00000	0	0.00000	0
388	P	1.00000	0	0.00000	0
389	P	1.00000	0	0.00000	0
390	L	1.00000	0	0.00000	0
391	H	1.00000	0	0.00000	0
392	R	1.00000	0	0.00000	0
393	R	1.00000	0	0.00000	0
394	V	1.00000	0	0.00000	0
395	L	1.00000	0	0.00000	0
396	S	1.00000	0	0.00000	0
397	S	1.00000	0	0.00000	0
398	L	1.00000	0	0.00000	0
