# UNNAMED
#pos	aa	i	o	M	S
1	M	0.00000	0.98532	0.00000	0.01468
2	E	0.00000	0.98532	0.00000	0.01468
3	R	0.00000	0.98532	0.00000	0.01468
4	A	0.00000	0.98532	0.00000	0.01468
5	P	0.00000	0.98532	0.00000	0.01468
6	P	0.00000	0.98532	0.00000	0.01468
7	D	0.00000	0.98532	0.00000	0.01468
8	G	0.00000	0.98532	0.00000	0.01469
9	P	0.00000	0.98532	0.00000	0.01469
10	L	0.00000	0.98532	0.00000	0.01469
11	N	0.00000	0.98532	0.00000	0.01468
12	A	0.00000	0.98532	0.00000	0.01468
13	S	0.00000	0.98532	0.00000	0.01468
14	G	0.00000	0.98532	0.00000	0.01468
15	A	0.00000	0.98532	0.00000	0.01468
16	L	0.00000	0.98532	0.00000	0.01468
17	A	0.00000	0.98532	0.00000	0.01468
18	G	0.00000	0.98532	0.00000	0.01468
19	E	0.00000	0.98532	0.00000	0.01468
20	A	0.00000	0.98532	0.00000	0.01468
21	A	0.00000	0.98537	0.00000	0.01463
22	A	0.00000	0.98537	0.00000	0.01463
23	A	0.00000	0.99766	0.00000	0.00234
24	G	0.00000	0.99843	0.00000	0.00157
25	G	0.00000	0.99861	0.00000	0.00139
26	A	0.00000	0.99973	0.00000	0.00026
27	R	0.00000	0.99979	0.00000	0.0002
28	G	0.00000	0.99972	0.00008	0.0002
29	F	0.00000	0.97602	0.02398	0
30	S	0.00000	0.95214	0.04785	0
31	A	0.00000	0.81249	0.18751	0
32	A	0.00000	0.55358	0.44642	0
33	W	0.00000	0.28411	0.71589	0
34	T	0.00000	0.20398	0.79602	0
35	A	0.00000	0.11548	0.88452	0
36	V	0.00000	0.04308	0.95692	0
37	L	0.00000	0.02377	0.97623	0
38	A	0.00000	0.01277	0.98723	0
39	A	0.00000	0.00693	0.99307	0
40	L	0.00000	0.00447	0.99553	0
41	M	0.00000	0.00274	0.99726	0
42	A	0.00000	0.00036	0.99964	0
43	L	0.00000	3e-05	0.99997	0
44	L	0.00000	0	1.00000	0
45	I	0.00000	0	1.00000	0
46	V	0.00000	0	1.00000	0
47	A	0.00000	0	1.00000	0
48	T	0.00000	0	1.00000	0
49	V	0.00000	0	1.00000	0
50	L	0.00000	0	1.00000	0
51	G	0.00000	0	1.00000	0
52	N	0.00000	0	1.00000	0
53	A	0.00000	0	1.00000	0
54	L	0.00000	0	1.00000	0
55	V	0.00003	0	0.99997	0
56	M	0.00020	0	0.99980	0
57	L	0.00129	0	0.99871	0
58	A	0.02537	0	0.97463	0
59	F	0.07330	0	0.92670	0
60	V	0.34589	0	0.65411	0
61	A	0.80732	0	0.19268	0
62	D	0.99888	0	0.00112	0
63	S	0.99992	0	0.00008	0
64	S	1.00000	0	0.00000	0
65	L	1.00000	0	0.00000	0
66	R	1.00000	0	0.00000	0
67	T	0.99992	0	0.00008	0
68	Q	0.99702	0	0.00298	0
69	N	0.94051	0	0.05949	0
70	N	0.81562	0	0.18438	0
71	F	0.13425	0	0.86575	0
72	F	0.00163	0	0.99837	0
73	L	0.00021	0	0.99979	0
74	L	0.00000	0	1.00000	0
75	N	0.00000	0	1.00000	0
76	L	0.00000	0	1.00000	0
77	A	0.00000	0	1.00000	0
78	I	0.00000	0	1.00000	0
79	S	0.00000	0	1.00000	0
80	D	0.00000	0	1.00000	0
81	F	0.00000	0	1.00000	0
82	L	0.00000	0	1.00000	0
83	V	0.00000	0	1.00000	0
84	G	0.00000	0	1.00000	0
85	A	0.00000	0	1.00000	0
86	F	0.00000	0	1.00000	0
87	C	0.00000	5e-05	0.99995	0
88	I	0.00000	5e-05	0.99995	0
89	P	0.00000	8e-05	0.99992	0
90	L	0.00000	0.00015	0.99985	0
91	Y	0.00000	0.00108	0.99892	0
92	V	0.00000	0.00147	0.99853	0
93	P	0.00000	0.48909	0.51091	0
94	Y	0.00000	0.99897	0.00103	0
95	V	0.00000	0.9991	0.00090	0
96	L	0.00000	0.99946	0.00054	0
97	T	0.00000	0.99993	0.00007	0
98	G	0.00000	1	0.00000	0
99	R	0.00000	1	0.00000	0
100	W	0.00000	1	0.00000	0
101	T	0.00000	1	0.00000	0
102	F	0.00000	1	0.00000	0
103	G	0.00000	1	0.00000	0
104	R	0.00000	1	0.00000	0
105	G	0.00000	1	0.00000	0
106	L	0.00000	1	0.00000	0
107	C	0.00000	1	0.00000	0
108	K	0.00000	1	0.00000	0
109	L	0.00000	0.99971	0.00029	0
110	W	0.00000	0.95302	0.04698	0
111	L	0.00000	0.27769	0.72231	0
112	V	0.00000	0.04922	0.95078	0
113	V	0.00000	0.00086	0.99914	0
114	D	0.00000	0.0003	0.99970	0
115	Y	0.00000	1e-05	0.99999	0
116	L	0.00000	0	1.00000	0
117	L	0.00000	0	1.00000	0
118	C	0.00000	0	1.00000	0
119	T	0.00000	0	1.00000	0
120	S	0.00000	0	1.00000	0
121	S	0.00000	0	1.00000	0
122	V	0.00000	0	1.00000	0
123	F	0.00000	0	1.00000	0
124	N	0.00000	0	1.00000	0
125	I	0.00000	0	1.00000	0
126	V	0.00000	0	1.00000	0
127	L	0.00000	0	1.00000	0
128	I	0.00000	0	1.00000	0
129	S	0.00000	0	1.00000	0
130	Y	0.00000	0	1.00000	0
131	D	0.00000	0	1.00000	0
132	R	0.00178	0	0.99822	0
133	F	0.01553	0	0.98447	0
134	L	0.07610	0	0.92390	0
135	S	0.78360	0	0.21640	0
136	V	0.99987	0	0.00013	0
137	T	1.00000	0	0.00000	0
138	R	1.00000	0	0.00000	0
139	A	1.00000	0	0.00000	0
140	V	1.00000	0	0.00000	0
141	S	1.00000	0	0.00000	0
142	Y	1.00000	0	0.00000	0
143	R	1.00000	0	0.00000	0
144	A	1.00000	0	0.00000	0
145	Q	1.00000	0	0.00000	0
146	Q	1.00000	0	0.00000	0
147	G	1.00000	0	0.00000	0
148	D	1.00000	0	0.00000	0
149	T	0.99999	0	0.00001	0
150	R	0.99996	0	0.00004	0
151	R	0.98733	0	0.01267	0
152	A	0.70119	0	0.29881	0
153	V	0.49399	0	0.50601	0
154	Q	0.46664	0	0.53336	0
155	K	0.33237	0	0.66763	0
156	M	0.04337	0	0.95663	0
157	L	0.00190	0	0.99810	0
158	M	0.00027	0	0.99973	0
159	V	0.00000	0	1.00000	0
160	W	0.00000	0	1.00000	0
161	V	0.00000	0	1.00000	0
162	L	0.00000	0	1.00000	0
163	A	0.00000	0	1.00000	0
164	F	0.00000	0	1.00000	0
165	L	0.00000	0	1.00000	0
166	L	0.00000	0	1.00000	0
167	Y	0.00000	0	1.00000	0
168	G	0.00000	0	1.00000	0
169	P	0.00000	0	1.00000	0
170	A	0.00000	2e-05	0.99998	0
171	I	0.00000	0.00104	0.99896	0
172	L	0.00000	0.03027	0.96973	0
173	S	0.00000	0.13746	0.86254	0
174	W	0.00000	0.28445	0.71555	0
175	E	0.00000	0.6885	0.31150	0
176	Y	0.00000	0.70827	0.29173	0
177	L	0.00000	0.75547	0.24453	0
178	S	0.00000	0.9355	0.06450	0
179	G	0.00000	0.9942	0.00580	0
180	G	0.00000	0.99975	0.00025	0
181	S	0.00000	0.99999	0.00001	0
182	S	0.00000	1	0.00000	0
183	I	0.00000	1	0.00000	0
184	P	0.00000	1	0.00000	0
185	E	0.00000	1	0.00000	0
186	G	0.00000	1	0.00000	0
187	H	0.00000	1	0.00000	0
188	C	0.00000	1	0.00000	0
189	Y	0.00000	1	0.00000	0
190	A	0.00000	1	0.00000	0
191	E	0.00000	0.99999	0.00001	0
192	F	0.00000	0.99964	0.00036	0
193	F	0.00000	0.99955	0.00045	0
194	Y	0.00000	0.99953	0.00047	0
195	N	0.00000	0.99938	0.00062	0
196	W	0.00000	0.9851	0.01490	0
197	Y	0.00000	0.9576	0.04240	0
198	F	0.00000	0.45754	0.54246	0
199	L	0.00000	0.4278	0.57220	0
200	I	0.00000	0.42644	0.57356	0
201	T	0.00000	0.0095	0.99050	0
202	A	0.00000	0.00719	0.99281	0
203	S	0.00000	0.0066	0.99340	0
204	T	0.00000	0.00521	0.99479	0
205	L	0.00000	0.00144	0.99856	0
206	E	0.00000	0.00144	0.99856	0
207	F	0.00000	0.00144	0.99856	0
208	F	0.00000	0.00144	0.99856	0
209	T	0.00000	0.00144	0.99856	0
210	P	0.00000	0.00144	0.99856	0
211	F	0.00000	0.00144	0.99856	0
212	L	0.00000	0.00144	0.99856	0
213	S	0.00000	0.00144	0.99856	0
214	V	0.00000	0.00144	0.99856	0
215	T	0.00000	0.00144	0.99856	0
216	F	0.00000	0.00144	0.99856	0
217	F	0.00003	0.00144	0.99853	0
218	N	0.00029	0.00144	0.99827	0
219	L	0.00043	0.00144	0.99813	0
220	S	0.00165	0.00144	0.99691	0
221	I	0.00265	0.00144	0.99591	0
222	Y	0.01210	0.00144	0.98646	0
223	L	0.08930	0.00144	0.90926	0
224	N	0.47570	0.00144	0.52286	0
225	I	0.51922	0.00144	0.47934	0
226	Q	0.99263	0.00144	0.00593	0
227	R	0.99850	0.00144	0.00006	0
228	R	0.99856	0.00144	0.00001	0
229	T	0.99856	0.00144	0.00000	0
230	R	0.99856	0.00144	0.00000	0
231	L	0.99856	0.00144	0.00000	0
232	R	0.99856	0.00144	0.00000	0
233	L	0.99856	0.00144	0.00000	0
234	D	0.99856	0.00144	0.00000	0
235	G	0.99856	0.00144	0.00000	0
236	A	0.99856	0.00144	0.00000	0
237	R	0.99856	0.00144	0.00000	0
238	E	0.99856	0.00144	0.00000	0
239	A	0.99856	0.00144	0.00000	0
240	T	0.99856	0.00144	0.00000	0
241	G	0.99856	0.00144	0.00000	0
242	P	0.99856	0.00144	0.00000	0
243	E	0.99856	0.00144	0.00000	0
244	P	0.99856	0.00144	0.00000	0
245	P	0.99856	0.00144	0.00000	0
246	P	0.99856	0.00144	0.00000	0
247	E	0.99856	0.00144	0.00000	0
248	A	0.99856	0.00144	0.00000	0
249	Q	0.99856	0.00144	0.00000	0
250	P	0.99856	0.00144	0.00000	0
251	S	0.99856	0.00144	0.00000	0
252	P	0.99856	0.00144	0.00000	0
253	P	0.99856	0.00144	0.00000	0
254	P	0.99856	0.00144	0.00000	0
255	P	0.99856	0.00144	0.00000	0
256	P	0.99856	0.00144	0.00000	0
257	P	0.99856	0.00144	0.00000	0
258	G	0.99856	0.00144	0.00000	0
259	C	0.99856	0.00144	0.00000	0
260	W	0.99856	0.00144	0.00000	0
261	G	0.99856	0.00144	0.00000	0
262	C	0.99856	0.00144	0.00000	0
263	W	0.99856	0.00144	0.00000	0
264	Q	0.99856	0.00144	0.00000	0
265	K	0.99856	0.00144	0.00000	0
266	G	0.99856	0.00144	0.00000	0
267	Q	0.99856	0.00144	0.00000	0
268	G	0.99856	0.00144	0.00000	0
269	E	0.99856	0.00144	0.00000	0
270	A	0.99856	0.00142	0.00002	0
271	V	0.99856	0.00142	0.00002	0
272	P	0.99856	0.00142	0.00002	0
273	L	0.99856	0.00142	0.00002	0
274	H	0.99856	0.00142	0.00002	0
275	K	0.99856	0.00142	0.00002	0
276	Y	0.99856	0.00142	0.00002	0
277	G	0.99856	0.0014	0.00004	0
278	A	0.99856	0.00134	0.00010	0
279	G	0.99856	0.00133	0.00011	0
280	E	0.99856	0.00133	0.00011	0
281	A	0.99856	0.0002	0.00124	0
282	G	0.99856	0.0002	0.00124	0
283	P	0.99856	0.00019	0.00125	0
284	G	0.99856	0.00014	0.00130	0
285	A	0.99856	0.00014	0.00130	0
286	E	0.99856	0.00014	0.00130	0
287	A	0.99856	0.00014	0.00130	0
288	G	0.99856	0.00014	0.00130	0
289	E	0.99856	0.00012	0.00132	0
290	A	0.99856	2e-05	0.00142	0
291	V	0.99856	0	0.00144	0
292	L	0.99856	0	0.00144	0
293	A	0.99856	0	0.00144	0
294	G	0.99857	0	0.00143	0
295	S	0.99858	0	0.00142	0
296	G	0.99858	0	0.00142	0
297	G	0.99858	0	0.00142	0
298	A	0.99858	0	0.00142	0
299	G	0.99858	0	0.00142	0
300	A	0.99858	0	0.00142	0
301	V	0.99858	0	0.00142	0
302	A	0.99864	0	0.00136	0
303	S	0.99927	0	0.00073	0
304	P	0.99966	0	0.00034	0
305	T	0.99977	0	0.00023	0
306	S	0.99982	0	0.00018	0
307	S	0.99984	0	0.00016	0
308	S	0.99984	0	0.00016	0
309	G	0.99984	0	0.00016	0
310	S	0.99986	0	0.00014	0
311	S	0.99987	0	0.00013	0
312	S	0.99990	0	0.00010	0
313	R	0.99995	0	0.00005	0
314	G	0.99996	0	0.00004	0
315	T	0.99998	0	0.00002	0
316	E	1.00000	0	0.00000	0
317	R	1.00000	0	0.00000	0
318	P	1.00000	0	0.00000	0
319	R	1.00000	0	0.00000	0
320	S	1.00000	0	0.00000	0
321	L	1.00000	0	0.00000	0
322	K	1.00000	0	0.00000	0
323	R	1.00000	0	0.00000	0
324	G	1.00000	0	0.00000	0
325	S	1.00000	0	0.00000	0
326	K	1.00000	0	0.00000	0
327	P	1.00000	0	0.00000	0
328	S	1.00000	0	0.00000	0
329	A	1.00000	0	0.00000	0
330	S	1.00000	0	0.00000	0
331	S	1.00000	0	0.00000	0
332	A	1.00000	0	0.00000	0
333	S	1.00000	0	0.00000	0
334	L	1.00000	0	0.00000	0
335	E	1.00000	0	0.00000	0
336	K	1.00000	0	0.00000	0
337	R	1.00000	0	0.00000	0
338	M	1.00000	0	0.00000	0
339	K	1.00000	0	0.00000	0
340	M	1.00000	0	0.00000	0
341	V	1.00000	0	0.00000	0
342	S	1.00000	0	0.00000	0
343	Q	1.00000	0	0.00000	0
344	S	1.00000	0	0.00000	0
345	F	1.00000	0	0.00000	0
346	T	1.00000	0	0.00000	0
347	Q	1.00000	0	0.00000	0
348	S	1.00000	0	0.00000	0
349	F	1.00000	0	0.00000	0
350	T	1.00000	0	0.00000	0
351	Q	1.00000	0	0.00000	0
352	R	1.00000	0	0.00000	0
353	F	1.00000	0	0.00000	0
354	R	1.00000	0	0.00000	0
355	L	1.00000	0	0.00000	0
356	S	1.00000	0	0.00000	0
357	R	1.00000	0	0.00000	0
358	D	1.00000	0	0.00000	0
359	K	0.90317	0	0.09683	0
360	K	0.90221	0	0.09779	0
361	V	0.79215	0	0.20785	0
362	A	0.69952	0	0.30048	0
363	K	0.69708	0	0.30292	0
364	S	0.59967	0	0.40033	0
365	L	0.00087	0	0.99913	0
366	A	0.00053	0	0.99947	0
367	V	0.00037	0	0.99963	0
368	I	0.00000	0	1.00000	0
369	V	0.00000	0	1.00000	0
370	G	0.00000	0	1.00000	0
371	I	0.00000	0	1.00000	0
372	F	0.00000	0	1.00000	0
373	G	0.00000	0	1.00000	0
374	L	0.00000	0	1.00000	0
375	C	0.00000	0	1.00000	0
376	W	0.00000	0	1.00000	0
377	A	0.00000	0	1.00000	0
378	P	0.00000	0	1.00000	0
379	Y	0.00000	0	1.00000	0
380	T	0.00000	1e-05	0.99999	0
381	L	0.00000	0.0001	0.99990	0
382	L	0.00000	0.00085	0.99915	0
383	M	0.00000	0.0041	0.99590	0
384	I	0.00000	0.05604	0.94396	0
385	I	0.00000	0.12714	0.87286	0
386	R	0.00000	0.57949	0.42051	0
387	A	0.00000	0.61932	0.38068	0
388	A	0.00000	0.75144	0.24856	0
389	C	0.00000	0.96914	0.03086	0
390	H	0.00000	0.99319	0.00681	0
391	G	0.00000	0.99994	0.00006	0
392	H	0.00000	0.99999	0.00001	0
393	C	0.00000	1	0.00000	0
394	I	0.00000	1	0.00000	0
395	P	0.00000	1	0.00000	0
396	D	0.00000	1	0.00000	0
397	Y	0.00000	1	0.00000	0
398	W	0.00000	1	0.00000	0
399	Y	0.00000	1	0.00000	0
400	E	0.00000	0.99993	0.00007	0
401	T	0.00000	0.99951	0.00049	0
402	S	0.00000	0.99833	0.00167	0
403	F	0.00000	0.13122	0.86878	0
404	W	0.00000	0.01121	0.98879	0
405	L	0.00000	3e-05	0.99997	0
406	L	0.00000	0	1.00000	0
407	W	0.00000	0	1.00000	0
408	A	0.00000	0	1.00000	0
409	N	0.00000	0	1.00000	0
410	S	0.00000	0	1.00000	0
411	A	0.00000	0	1.00000	0
412	V	0.00000	0	1.00000	0
413	N	0.00000	0	1.00000	0
414	P	0.00000	0	1.00000	0
415	V	0.00000	0	1.00000	0
416	L	0.00000	0	1.00000	0
417	Y	0.00000	0	1.00000	0
418	P	0.00000	0	1.00000	0
419	L	0.00000	0	1.00000	0
420	C	0.00001	0	0.99999	0
421	H	0.00009	0	0.99991	0
422	H	0.00476	0	0.99524	0
423	S	0.01756	0	0.98244	0
424	F	0.17932	0	0.82068	0
425	R	1.00000	0	0.00000	0
426	R	1.00000	0	0.00000	0
427	A	1.00000	0	0.00000	0
428	F	1.00000	0	0.00000	0
429	T	1.00000	0	0.00000	0
430	K	1.00000	0	0.00000	0
431	L	1.00000	0	0.00000	0
432	L	1.00000	0	0.00000	0
433	C	1.00000	0	0.00000	0
434	P	1.00000	0	0.00000	0
435	Q	1.00000	0	0.00000	0
436	K	1.00000	0	0.00000	0
437	L	1.00000	0	0.00000	0
438	K	1.00000	0	0.00000	0
439	L	1.00000	0	0.00000	0
440	Q	1.00000	0	0.00000	0
441	P	1.00000	0	0.00000	0
442	H	1.00000	0	0.00000	0
443	S	1.00000	0	0.00000	0
444	S	1.00000	0	0.00000	0
445	L	1.00000	0	0.00000	0
446	E	1.00000	0	0.00000	0
447	H	1.00000	0	0.00000	0
448	W	1.00000	0	0.00000	0
449	K	1.00000	0	0.00000	0
450	R	1.00000	0	0.00000	0
451	M	1.00000	0	0.00000	0
452	K	1.00000	0	0.00000	0
453	K	1.00000	0	0.00000	0
454	K	1.00000	0	0.00000	0
455	T	1.00000	0	0.00000	0
456	R	1.00000	0	0.00000	0
457	L	1.00000	0	0.00000	0
