# UNNAMED
#pos	aa	i	o	M	S
1	M	0.00000	1	0.00000	0
2	N	0.00000	1	0.00000	0
3	N	0.00000	1	0.00000	0
4	S	0.00000	1	0.00000	0
5	T	0.00000	1	0.00000	0
6	N	0.00000	1	0.00000	0
7	S	0.00000	1	0.00000	0
8	S	0.00000	1	0.00000	0
9	N	0.00000	1	0.00000	0
10	N	0.00000	1	0.00000	0
11	S	0.00000	1	0.00000	0
12	L	0.00000	1	0.00000	0
13	A	0.00000	1	0.00000	0
14	I	0.00000	1	0.00000	0
15	T	0.00000	1	0.00000	0
16	S	0.00000	0.99999	0.00001	0
17	P	0.00000	0.99994	0.00006	0
18	Y	0.00000	0.99984	0.00016	0
19	K	0.00000	0.99978	0.00022	0
20	T	0.00000	0.99368	0.00632	0
21	F	0.00000	0.9781	0.02190	0
22	E	0.00000	0.96437	0.03563	0
23	V	0.00000	0.3109	0.68910	0
24	V	0.00000	0.10955	0.89045	0
25	F	0.00000	0.01937	0.98063	0
26	I	0.00000	0.00097	0.99903	0
27	V	0.00000	9e-05	0.99991	0
28	L	0.00000	1e-05	0.99999	0
29	V	0.00000	0	1.00000	0
30	A	0.00000	0	1.00000	0
31	G	0.00000	0	1.00000	0
32	S	0.00000	0	1.00000	0
33	L	0.00000	0	1.00000	0
34	S	0.00000	0	1.00000	0
35	L	0.00000	0	1.00000	0
36	V	0.00000	0	1.00000	0
37	T	0.00000	0	1.00000	0
38	I	0.00000	0	1.00000	0
39	I	0.00000	0	1.00000	0
40	G	0.00000	0	1.00000	0
41	N	0.00000	0	1.00000	0
42	I	0.00000	0	1.00000	0
43	L	0.00009	0	0.99991	0
44	V	0.00102	0	0.99898	0
45	M	0.00621	0	0.99379	0
46	V	0.03678	0	0.96322	0
47	S	0.58577	0	0.41423	0
48	I	0.64418	0	0.35582	0
49	K	0.99206	0	0.00794	0
50	V	0.99681	0	0.00319	0
51	N	0.99992	0	0.00008	0
52	R	1.00000	0	0.00000	0
53	H	0.99990	0	0.00010	0
54	L	0.99923	0	0.00077	0
55	Q	0.99782	0	0.00218	0
56	T	0.95788	0	0.04212	0
57	V	0.58846	0	0.41154	0
58	N	0.27408	0	0.72592	0
59	N	0.05342	0	0.94658	0
60	Y	0.02036	0	0.97964	0
61	F	0.00035	0	0.99965	0
62	L	0.00003	0	0.99997	0
63	F	0.00000	0	1.00000	0
64	S	0.00000	0	1.00000	0
65	L	0.00000	0	1.00000	0
66	A	0.00000	0	1.00000	0
67	C	0.00000	0	1.00000	0
68	A	0.00000	0	1.00000	0
69	D	0.00000	0	1.00000	0
70	L	0.00000	0	1.00000	0
71	I	0.00000	0	1.00000	0
72	I	0.00000	0	1.00000	0
73	G	0.00000	0	1.00000	0
74	V	0.00000	1e-05	0.99999	0
75	F	0.00000	0.00188	0.99812	0
76	S	0.00000	0.09709	0.90291	0
77	M	0.00000	0.15079	0.84921	0
78	N	0.00000	0.58321	0.41679	0
79	L	0.00000	0.61494	0.38506	0
80	Y	0.00000	0.71038	0.28962	0
81	T	0.00000	0.73651	0.26349	0
82	L	0.00000	0.78352	0.21648	0
83	Y	0.00000	0.85097	0.14903	0
84	T	0.00000	0.88664	0.11336	0
85	V	0.00000	0.90001	0.09999	0
86	I	0.00000	0.91506	0.08494	0
87	G	0.00000	0.94969	0.05031	0
88	F	0.00000	0.96633	0.03367	0
89	W	0.00000	0.98308	0.01692	0
90	P	0.00000	0.99595	0.00405	0
91	L	0.00000	0.9992	0.00080	0
92	G	0.00000	1	0.00000	0
93	P	0.00000	1	0.00000	0
94	V	0.00000	0.9999	0.00010	0
95	V	0.00000	0.99988	0.00012	0
96	C	0.00000	0.99987	0.00013	0
97	D	0.00000	0.99977	0.00023	0
98	L	0.00000	0.99921	0.00079	0
99	W	0.00000	0.94839	0.05161	0
100	L	0.00000	0.5453	0.45470	0
101	A	0.00000	0.29867	0.70133	0
102	L	0.00000	0.00989	0.99011	0
103	D	0.00000	0.00034	0.99966	0
104	Y	0.00000	2e-05	0.99998	0
105	V	0.00000	0	1.00000	0
106	V	0.00000	0	1.00000	0
107	S	0.00000	0	1.00000	0
108	N	0.00000	0	1.00000	0
109	A	0.00000	0	1.00000	0
110	S	0.00000	0	1.00000	0
111	V	0.00000	0	1.00000	0
112	M	0.00000	0	1.00000	0
113	N	0.00000	0	1.00000	0
114	L	0.00000	0	1.00000	0
115	L	0.00000	0	1.00000	0
116	I	0.00000	0	1.00000	0
117	I	0.00000	0	1.00000	0
118	S	0.00000	0	1.00000	0
119	F	0.00000	0	1.00000	0
120	D	0.00017	0	0.99983	0
121	R	0.09383	0	0.90617	0
122	Y	0.35052	0	0.64948	0
123	F	0.62914	0	0.37086	0
124	C	0.91856	0	0.08144	0
125	V	0.99997	0	0.00003	0
126	T	1.00000	0	0.00000	0
127	K	1.00000	0	0.00000	0
128	P	1.00000	0	0.00000	0
129	L	1.00000	0	0.00000	0
130	T	1.00000	0	0.00000	0
131	Y	1.00000	0	0.00000	0
132	P	1.00000	0	0.00000	0
133	V	1.00000	0	0.00000	0
134	K	1.00000	0	0.00000	0
135	R	1.00000	0	0.00000	0
136	T	0.99998	0	0.00002	0
137	T	0.99988	0	0.00012	0
138	K	0.99851	0	0.00149	0
139	M	0.76624	0	0.23376	0
140	A	0.36131	0	0.63869	0
141	G	0.23437	0	0.76563	0
142	M	0.11277	0	0.88723	0
143	M	0.04359	0	0.95641	0
144	I	0.00225	0	0.99775	0
145	A	0.00036	0	0.99964	0
146	A	0.00001	0	0.99999	0
147	A	0.00000	0	1.00000	0
148	W	0.00000	0	1.00000	0
149	V	0.00000	0	1.00000	0
150	L	0.00000	0	1.00000	0
151	S	0.00000	0	1.00000	0
152	F	0.00000	0	1.00000	0
153	I	0.00000	0	1.00000	0
154	L	0.00000	0	1.00000	0
155	W	0.00000	0	1.00000	0
156	A	0.00000	0	1.00000	0
157	P	0.00000	2e-05	0.99998	0
158	A	0.00000	9e-05	0.99991	0
159	I	0.00000	0.00204	0.99796	0
160	L	0.00000	0.02208	0.97792	0
161	F	0.00000	0.14491	0.85509	0
162	W	0.00000	0.44326	0.55674	0
163	Q	0.00000	0.83941	0.16059	0
164	F	0.00000	0.85999	0.14001	0
165	I	0.00000	0.90798	0.09202	0
166	V	0.00000	0.96445	0.03555	0
167	G	0.00000	0.99789	0.00211	0
168	V	0.00000	0.99973	0.00027	0
169	R	0.00000	1	0.00000	0
170	T	0.00000	1	0.00000	0
171	V	0.00000	1	0.00000	0
172	E	0.00000	1	0.00000	0
173	D	0.00000	1	0.00000	0
174	G	0.00000	1	0.00000	0
175	E	0.00000	1	0.00000	0
176	C	0.00000	1	0.00000	0
177	Y	0.00000	0.99996	0.00004	0
178	I	0.00000	0.9997	0.00030	0
179	Q	0.00000	0.99965	0.00035	0
180	F	0.00000	0.99739	0.00261	0
181	F	0.00000	0.99435	0.00565	0
182	S	0.00000	0.99253	0.00747	0
183	N	0.00000	0.98991	0.01009	0
184	A	0.00000	0.05356	0.94644	0
185	A	0.00000	0.0163	0.98370	0
186	V	0.00000	0.00452	0.99548	0
187	T	0.00000	0.00322	0.99678	0
188	F	0.00000	0.00032	0.99968	0
189	G	0.00000	0.00012	0.99988	0
190	T	0.00000	8e-05	0.99992	0
191	A	0.00000	0	1.00000	0
192	I	0.00000	0	1.00000	0
193	A	0.00000	0	1.00000	0
194	A	0.00000	0	1.00000	0
195	F	0.00000	0	1.00000	0
196	Y	0.00000	0	1.00000	0
197	L	0.00000	0	1.00000	0
198	P	0.00000	0	1.00000	0
199	V	0.00000	0	1.00000	0
200	I	0.00000	0	1.00000	0
201	I	0.00000	0	1.00000	0
202	M	0.00000	0	1.00000	0
203	T	0.00001	0	0.99999	0
204	V	0.00002	0	0.99998	0
205	L	0.00009	0	0.99991	0
206	Y	0.00054	0	0.99946	0
207	W	0.00732	0	0.99268	0
208	H	0.19326	0	0.80674	0
209	I	0.35208	0	0.64792	0
210	S	0.93402	0	0.06598	0
211	R	0.99943	0	0.00057	0
212	A	0.99981	0	0.00019	0
213	S	1.00000	0	0.00000	0
214	K	1.00000	0	0.00000	0
215	S	1.00000	0	0.00000	0
216	R	1.00000	0	0.00000	0
217	I	1.00000	0	0.00000	0
218	K	1.00000	0	0.00000	0
219	K	1.00000	0	0.00000	0
220	E	1.00000	0	0.00000	0
221	K	1.00000	0	0.00000	0
222	K	1.00000	0	0.00000	0
223	E	1.00000	0	0.00000	0
224	P	1.00000	0	0.00000	0
225	V	1.00000	0	0.00000	0
226	A	1.00000	0	0.00000	0
227	N	1.00000	0	0.00000	0
228	Q	1.00000	0	0.00000	0
229	D	1.00000	0	0.00000	0
230	P	1.00000	0	0.00000	0
231	V	1.00000	0	0.00000	0
232	S	1.00000	0	0.00000	0
233	P	1.00000	0	0.00000	0
234	S	1.00000	0	0.00000	0
235	L	1.00000	0	0.00000	0
236	V	1.00000	0	0.00000	0
237	Q	1.00000	0	0.00000	0
238	G	1.00000	0	0.00000	0
239	R	1.00000	0	0.00000	0
240	I	1.00000	0	0.00000	0
241	V	1.00000	0	0.00000	0
242	K	1.00000	0	0.00000	0
243	P	1.00000	0	0.00000	0
244	N	1.00000	0	0.00000	0
245	N	1.00000	0	0.00000	0
246	N	1.00000	0	0.00000	0
247	N	1.00000	0	0.00000	0
248	M	1.00000	0	0.00000	0
249	P	1.00000	0	0.00000	0
250	G	1.00000	0	0.00000	0
251	S	1.00000	0	0.00000	0
252	D	1.00000	0	0.00000	0
253	S	1.00000	0	0.00000	0
254	A	1.00000	0	0.00000	0
255	L	1.00000	0	0.00000	0
256	E	1.00000	0	0.00000	0
257	H	1.00000	0	0.00000	0
258	N	1.00000	0	0.00000	0
259	K	1.00000	0	0.00000	0
260	I	1.00000	0	0.00000	0
261	Q	1.00000	0	0.00000	0
262	N	1.00000	0	0.00000	0
263	G	1.00000	0	0.00000	0
264	K	1.00000	0	0.00000	0
265	T	1.00000	0	0.00000	0
266	P	1.00000	0	0.00000	0
267	R	1.00000	0	0.00000	0
268	G	1.00000	0	0.00000	0
269	V	1.00000	0	0.00000	0
270	V	1.00000	0	0.00000	0
271	T	1.00000	0	0.00000	0
272	E	1.00000	0	0.00000	0
273	N	1.00000	0	0.00000	0
274	C	1.00000	0	0.00000	0
275	V	1.00000	0	0.00000	0
276	Q	1.00000	0	0.00000	0
277	G	1.00000	0	0.00000	0
278	E	1.00000	0	0.00000	0
279	E	1.00000	0	0.00000	0
280	K	1.00000	0	0.00000	0
281	E	1.00000	0	0.00000	0
282	S	1.00000	0	0.00000	0
283	S	1.00000	0	0.00000	0
284	N	1.00000	0	0.00000	0
285	D	1.00000	0	0.00000	0
286	S	1.00000	0	0.00000	0
287	T	1.00000	0	0.00000	0
288	S	1.00000	0	0.00000	0
289	V	1.00000	0	0.00000	0
290	S	1.00000	0	0.00000	0
291	A	1.00000	0	0.00000	0
292	V	1.00000	0	0.00000	0
293	A	1.00000	0	0.00000	0
294	S	1.00000	0	0.00000	0
295	N	1.00000	0	0.00000	0
296	M	1.00000	0	0.00000	0
297	R	1.00000	0	0.00000	0
298	D	1.00000	0	0.00000	0
299	D	1.00000	0	0.00000	0
300	E	1.00000	0	0.00000	0
301	I	1.00000	0	0.00000	0
302	T	1.00000	0	0.00000	0
303	Q	1.00000	0	0.00000	0
304	D	1.00000	0	0.00000	0
305	E	1.00000	0	0.00000	0
306	N	1.00000	0	0.00000	0
307	T	1.00000	0	0.00000	0
308	I	1.00000	0	0.00000	0
309	S	1.00000	0	0.00000	0
310	T	1.00000	0	0.00000	0
311	S	1.00000	0	0.00000	0
312	L	1.00000	0	0.00000	0
313	G	1.00000	0	0.00000	0
314	Q	1.00000	0	0.00000	0
315	T	1.00000	0	0.00000	0
316	K	1.00000	0	0.00000	0
317	D	1.00000	0	0.00000	0
318	E	1.00000	0	0.00000	0
319	N	1.00000	0	0.00000	0
320	S	1.00000	0	0.00000	0
321	K	1.00000	0	0.00000	0
322	Q	1.00000	0	0.00000	0
323	T	1.00000	0	0.00000	0
324	C	1.00000	0	0.00000	0
325	I	1.00000	0	0.00000	0
326	K	1.00000	0	0.00000	0
327	I	1.00000	0	0.00000	0
328	V	1.00000	0	0.00000	0
329	T	1.00000	0	0.00000	0
330	K	1.00000	0	0.00000	0
331	T	1.00000	0	0.00000	0
332	Q	1.00000	0	0.00000	0
333	K	1.00000	0	0.00000	0
334	G	1.00000	0	0.00000	0
335	D	1.00000	0	0.00000	0
336	S	1.00000	0	0.00000	0
337	G	1.00000	0	0.00000	0
338	T	1.00000	0	0.00000	0
339	P	1.00000	0	0.00000	0
340	S	1.00000	0	0.00000	0
341	H	1.00000	0	0.00000	0
342	T	1.00000	0	0.00000	0
343	T	1.00000	0	0.00000	0
344	V	1.00000	0	0.00000	0
345	E	1.00000	0	0.00000	0
346	L	1.00000	0	0.00000	0
347	V	1.00000	0	0.00000	0
348	G	1.00000	0	0.00000	0
349	S	1.00000	0	0.00000	0
350	S	1.00000	0	0.00000	0
351	G	1.00000	0	0.00000	0
352	Q	1.00000	0	0.00000	0
353	N	1.00000	0	0.00000	0
354	G	1.00000	0	0.00000	0
355	D	1.00000	0	0.00000	0
356	E	1.00000	0	0.00000	0
357	K	1.00000	0	0.00000	0
358	Q	1.00000	0	0.00000	0
359	N	1.00000	0	0.00000	0
360	I	1.00000	0	0.00000	0
361	V	1.00000	0	0.00000	0
362	A	1.00000	0	0.00000	0
363	R	1.00000	0	0.00000	0
364	K	1.00000	0	0.00000	0
365	I	1.00000	0	0.00000	0
366	V	1.00000	0	0.00000	0
367	K	1.00000	0	0.00000	0
368	M	1.00000	0	0.00000	0
369	T	1.00000	0	0.00000	0
370	K	1.00000	0	0.00000	0
371	Q	1.00000	0	0.00000	0
372	P	1.00000	0	0.00000	0
373	A	1.00000	0	0.00000	0
374	K	1.00000	0	0.00000	0
375	K	1.00000	0	0.00000	0
376	K	1.00000	0	0.00000	0
377	P	1.00000	0	0.00000	0
378	P	1.00000	0	0.00000	0
379	P	1.00000	0	0.00000	0
380	S	1.00000	0	0.00000	0
381	R	1.00000	0	0.00000	0
382	E	1.00000	0	0.00000	0
383	K	0.86779	0	0.13221	0
384	K	0.84705	0	0.15295	0
385	V	0.82314	0	0.17686	0
386	T	0.52624	0	0.47376	0
387	R	0.47485	0	0.52515	0
388	T	0.41073	0	0.58927	0
389	I	0.34072	0	0.65928	0
390	L	0.00819	0	0.99181	0
391	A	0.00153	0	0.99847	0
392	I	0.00059	0	0.99941	0
393	L	0.00046	0	0.99954	0
394	L	0.00002	0	0.99998	0
395	A	0.00001	0	0.99999	0
396	F	0.00000	0	1.00000	0
397	I	0.00000	0	1.00000	0
398	I	0.00000	0	1.00000	0
399	T	0.00000	0	1.00000	0
400	W	0.00000	0	1.00000	0
401	A	0.00000	0	1.00000	0
402	P	0.00000	4e-05	0.99996	0
403	Y	0.00000	0.0002	0.99980	0
404	N	0.00000	0.00113	0.99887	0
405	V	0.00000	0.00145	0.99855	0
406	M	0.00000	0.00295	0.99705	0
407	V	0.00000	0.01163	0.98837	0
408	L	0.00000	0.07411	0.92589	0
409	I	0.00000	0.17185	0.82815	0
410	N	0.00000	0.536	0.46400	0
411	T	0.00000	0.60914	0.39086	0
412	F	0.00000	0.64423	0.35577	0
413	C	0.00000	0.88783	0.11217	0
414	A	0.00000	0.91448	0.08552	0
415	S	0.00000	0.97628	0.02372	0
416	C	0.00000	0.99455	0.00545	0
417	V	0.00000	0.99585	0.00415	0
418	P	0.00000	0.9973	0.00270	0
419	N	0.00000	0.99605	0.00395	0
420	T	0.00000	0.97784	0.02216	0
421	V	0.00000	0.97329	0.02671	0
422	W	0.00000	0.97127	0.02873	0
423	T	0.00000	0.86993	0.13007	0
424	I	0.00000	0.63567	0.36433	0
425	G	0.00000	0.61644	0.38356	0
426	Y	0.00001	0.33326	0.66673	0
427	W	0.00002	0.02866	0.97132	0
428	L	0.00002	9e-05	0.99988	0
429	C	0.00003	0	0.99997	0
430	Y	0.00003	0	0.99997	0
431	I	0.00003	0	0.99997	0
432	N	0.00003	0	0.99997	0
433	S	0.00003	0	0.99997	0
434	T	0.00003	0	0.99997	0
435	I	0.00003	0	0.99997	0
436	N	0.00003	0	0.99997	0
437	P	0.00003	0	0.99997	0
438	A	0.00003	0	0.99997	0
439	C	0.00004	0	0.99996	0
440	Y	0.00010	0	0.99990	0
441	A	0.00038	0	0.99962	0
442	L	0.00102	0	0.99898	0
443	C	0.01838	0	0.98162	0
444	N	0.08337	0	0.91663	0
445	A	0.16837	0	0.83163	0
446	T	0.21731	0	0.78269	0
447	F	0.34866	0	0.65134	0
448	K	1.00000	0	0.00000	0
449	K	1.00000	0	0.00000	0
450	T	1.00000	0	0.00000	0
451	F	1.00000	0	0.00000	0
452	K	1.00000	0	0.00000	0
453	H	1.00000	0	0.00000	0
454	L	1.00000	0	0.00000	0
455	L	1.00000	0	0.00000	0
456	M	1.00000	0	0.00000	0
457	C	1.00000	0	0.00000	0
458	H	1.00000	0	0.00000	0
459	Y	1.00000	0	0.00000	0
460	K	1.00000	0	0.00000	0
461	N	1.00000	0	0.00000	0
462	I	1.00000	0	0.00000	0
463	G	1.00000	0	0.00000	0
464	A	1.00000	0	0.00000	0
465	T	1.00000	0	0.00000	0
466	R	1.00000	0	0.00000	0
