# UNNAMED
#pos	aa	i	o	M	S
1	M	0.00000	0.9985	0.00000	0.0015
2	Q	0.00000	0.9985	0.00000	0.0015
3	L	0.00000	0.9985	0.00000	0.00149
4	C	0.00000	0.9985	0.00000	0.0015
5	C	0.00000	0.9985	0.00000	0.0015
6	E	0.00000	0.9985	0.00000	0.0015
7	S	0.00000	0.9985	0.00000	0.0015
8	V	0.00000	0.9985	0.00000	0.0015
9	N	0.00000	0.9985	0.00000	0.0015
10	G	0.00000	0.9985	0.00000	0.00149
11	S	0.00000	0.9985	0.00000	0.00149
12	C	0.00000	0.9985	0.00000	0.0015
13	I	0.00000	0.9985	0.00000	0.00149
14	K	0.00000	0.99851	0.00000	0.00149
15	S	0.00000	0.99851	0.00000	0.00149
16	S	0.00000	0.999	0.00000	0.001
17	W	0.00000	0.999	0.00000	0.001
18	S	0.00000	0.999	0.00000	0.001
19	N	0.00000	1	0.00000	0
20	S	0.00000	0.99992	0.00008	0
21	I	0.00000	0.99968	0.00032	0
22	R	0.00000	0.99712	0.00288	0
23	I	0.00000	0.73936	0.26064	0
24	S	0.00000	0.66194	0.33806	0
25	M	0.00000	0.50774	0.49226	0
26	Y	0.00000	0.01542	0.98458	0
27	I	0.00000	0.0031	0.99690	0
28	F	0.00000	0.00108	0.99892	0
29	M	0.00000	0.00061	0.99939	0
30	V	0.00000	0.00019	0.99981	0
31	C	0.00000	0.00015	0.99985	0
32	I	0.00000	0	1.00000	0
33	I	0.00000	0	1.00000	0
34	L	0.00000	0	1.00000	0
35	A	0.00000	0	1.00000	0
36	T	0.00000	0	1.00000	0
37	V	0.00000	0	1.00000	0
38	F	0.00000	0	1.00000	0
39	G	0.00000	0	1.00000	0
40	N	0.00000	0	1.00000	0
41	L	0.00000	0	1.00000	0
42	M	0.00000	0	1.00000	0
43	V	0.00000	0	1.00000	0
44	I	0.00002	0	0.99998	0
45	I	0.00203	0	0.99797	0
46	S	0.23649	0	0.76351	0
47	I	0.32189	0	0.67811	0
48	S	0.87778	0	0.12222	0
49	H	0.95315	0	0.04685	0
50	F	0.97083	0	0.02917	0
51	K	0.99925	0	0.00075	0
52	Q	0.99999	0	0.00001	0
53	L	1.00000	0	0.00000	0
54	H	1.00000	0	0.00000	0
55	T	1.00000	0	0.00000	0
56	P	1.00000	0	0.00000	0
57	T	0.85238	0	0.14762	0
58	N	0.03629	0	0.96371	0
59	F	0.00140	0	0.99860	0
60	L	0.00001	0	0.99999	0
61	I	0.00000	0	1.00000	0
62	L	0.00000	0	1.00000	0
63	S	0.00000	0	1.00000	0
64	M	0.00000	0	1.00000	0
65	A	0.00000	0	1.00000	0
66	T	0.00000	0	1.00000	0
67	A	0.00000	0	1.00000	0
68	D	0.00000	0	1.00000	0
69	F	0.00000	0	1.00000	0
70	L	0.00000	0	1.00000	0
71	L	0.00000	0	1.00000	0
72	G	0.00000	0	1.00000	0
73	F	0.00000	0	1.00000	0
74	L	0.00000	0	1.00000	0
75	V	0.00000	4e-05	0.99996	0
76	M	0.00000	0.00446	0.99554	0
77	P	0.00000	0.26385	0.73615	0
78	C	0.00000	0.98548	0.01452	0
79	S	0.00000	0.98839	0.01161	0
80	M	0.00000	0.98956	0.01044	0
81	V	0.00000	0.99369	0.00631	0
82	R	0.00000	0.99974	0.00026	0
83	S	0.00000	0.99974	0.00026	0
84	V	0.00000	0.99978	0.00022	0
85	E	0.00000	1	0.00000	0
86	H	0.00000	1	0.00000	0
87	C	0.00000	1	0.00000	0
88	W	0.00000	1	0.00000	0
89	Y	0.00000	1	0.00000	0
90	F	0.00000	0.99999	0.00001	0
91	G	0.00000	0.99999	0.00001	0
92	D	0.00000	0.99999	0.00001	0
93	F	0.00000	0.99997	0.00003	0
94	F	0.00000	0.99982	0.00018	0
95	C	0.00000	0.9998	0.00020	0
96	K	0.00000	0.99971	0.00029	0
97	I	0.00000	0.99546	0.00454	0
98	H	0.00000	0.69676	0.30324	0
99	T	0.00000	0.38043	0.61957	0
100	S	0.00000	0.15759	0.84241	0
101	M	0.00000	0.00142	0.99858	0
102	D	0.00000	0.0002	0.99980	0
103	I	0.00000	0	1.00000	0
104	M	0.00000	0	1.00000	0
105	L	0.00000	0	1.00000	0
106	S	0.00000	0	1.00000	0
107	T	0.00000	0	1.00000	0
108	A	0.00000	0	1.00000	0
109	S	0.00000	0	1.00000	0
110	I	0.00000	0	1.00000	0
111	F	0.00000	0	1.00000	0
112	H	0.00000	0	1.00000	0
113	L	0.00000	0	1.00000	0
114	S	0.00000	0	1.00000	0
115	F	0.00001	0	0.99999	0
116	I	0.00001	0	0.99999	0
117	S	0.00002	0	0.99998	0
118	I	0.00004	0	0.99996	0
119	D	0.00037	0	0.99963	0
120	R	0.14807	0	0.85193	0
121	Y	0.91988	0	0.08012	0
122	Y	0.97875	0	0.02125	0
123	A	0.99788	0	0.00212	0
124	V	1.00000	0	0.00000	0
125	C	1.00000	0	0.00000	0
126	D	1.00000	0	0.00000	0
127	P	1.00000	0	0.00000	0
128	L	1.00000	0	0.00000	0
129	R	1.00000	0	0.00000	0
130	Y	1.00000	0	0.00000	0
131	K	1.00000	0	0.00000	0
132	S	1.00000	0	0.00000	0
133	K	0.99998	0	0.00002	0
134	I	0.98670	0	0.01330	0
135	N	0.98302	0	0.01698	0
136	T	0.89657	0	0.10343	0
137	F	0.30782	0	0.69218	0
138	V	0.04768	0	0.95232	0
139	I	0.00572	0	0.99428	0
140	L	0.00044	0	0.99956	0
141	V	0.00001	0	0.99999	0
142	M	0.00000	0	1.00000	0
143	I	0.00000	0	1.00000	0
144	F	0.00000	0	1.00000	0
145	I	0.00000	0	1.00000	0
146	S	0.00000	0	1.00000	0
147	W	0.00000	0	1.00000	0
148	T	0.00000	0	1.00000	0
149	V	0.00000	0	1.00000	0
150	P	0.00000	0	1.00000	0
151	A	0.00000	0	1.00000	0
152	G	0.00000	0	1.00000	0
153	F	0.00000	0	1.00000	0
154	A	0.00000	0.0001	0.99990	0
155	F	0.00000	0.00087	0.99913	0
156	G	0.00000	0.01224	0.98776	0
157	M	0.00000	0.01611	0.98389	0
158	I	0.00000	0.08838	0.91162	0
159	F	0.00000	0.2843	0.71570	0
160	L	0.00000	0.59326	0.40674	0
161	E	0.00000	0.99112	0.00888	0
162	L	0.00000	0.99715	0.00285	0
163	N	0.00000	0.99991	0.00009	0
164	L	0.00000	0.99997	0.00003	0
165	L	0.00000	0.99999	0.00001	0
166	G	0.00000	1	0.00000	0
167	A	0.00000	1	0.00000	0
168	E	0.00000	1	0.00000	0
169	E	0.00000	1	0.00000	0
170	I	0.00000	1	0.00000	0
171	Y	0.00000	1	0.00000	0
172	N	0.00000	1	0.00000	0
173	H	0.00000	1	0.00000	0
174	I	0.00000	1	0.00000	0
175	H	0.00000	1	0.00000	0
176	C	0.00000	1	0.00000	0
177	A	0.00000	1	0.00000	0
178	G	0.00000	1	0.00000	0
179	G	0.00000	0.99999	0.00001	0
180	C	0.00000	0.99826	0.00174	0
181	F	0.00000	0.02739	0.97261	0
182	L	0.00000	0.02095	0.97905	0
183	F	0.00000	0.00763	0.99237	0
184	F	0.00000	0.00352	0.99648	0
185	S	0.00000	0.00347	0.99653	0
186	E	0.00000	0.00341	0.99659	0
187	T	0.00000	0.00289	0.99711	0
188	S	0.00000	0.0008	0.99920	0
189	G	0.00000	0.00055	0.99945	0
190	V	0.00000	0.00019	0.99981	0
191	V	0.00000	0	1.00000	0
192	A	0.00000	0	1.00000	0
193	S	0.00000	0	1.00000	0
194	V	0.00000	0	1.00000	0
195	V	0.00000	0	1.00000	0
196	S	0.00000	0	1.00000	0
197	F	0.00000	0	1.00000	0
198	Y	0.00000	0	1.00000	0
199	I	0.00000	0	1.00000	0
200	P	0.00000	0	1.00000	0
201	G	0.00000	0	1.00000	0
202	F	0.00000	0	1.00000	0
203	V	0.00003	0	0.99997	0
204	M	0.00014	0	0.99986	0
205	L	0.00030	0	0.99970	0
206	Y	0.01045	0	0.98955	0
207	V	0.11702	0	0.88298	0
208	Y	0.37982	0	0.62018	0
209	R	0.98470	0	0.01530	0
210	K	0.99805	0	0.00195	0
211	I	0.99827	0	0.00173	0
212	Y	0.99847	0	0.00153	0
213	S	0.99992	0	0.00008	0
214	I	0.99999	0	0.00001	0
215	A	1.00000	0	0.00000	0
216	K	1.00000	0	0.00000	0
217	R	1.00000	0	0.00000	0
218	H	1.00000	0	0.00000	0
219	A	1.00000	0	0.00000	0
220	R	1.00000	0	0.00000	0
221	S	1.00000	0	0.00000	0
222	I	1.00000	0	0.00000	0
223	E	1.00000	0	0.00000	0
224	A	1.00000	0	0.00000	0
225	I	1.00000	0	0.00000	0
226	S	1.00000	0	0.00000	0
227	Q	1.00000	0	0.00000	0
228	K	1.00000	0	0.00000	0
229	K	1.00000	0	0.00000	0
230	R	1.00000	0	0.00000	0
231	C	1.00000	0	0.00000	0
232	E	1.00000	0	0.00000	0
233	M	1.00000	0	0.00000	0
234	K	1.00000	0	0.00000	0
235	H	1.00000	0	0.00000	0
236	H	1.00000	0	0.00000	0
237	I	1.00000	0	0.00000	0
238	S	1.00000	0	0.00000	0
239	C	1.00000	0	0.00000	0
240	C	1.00000	0	0.00000	0
241	R	1.00000	0	0.00000	0
242	E	1.00000	0	0.00000	0
243	R	0.97493	0	0.02507	0
244	K	0.97275	0	0.02725	0
245	A	0.51451	0	0.48549	0
246	A	0.51105	0	0.48895	0
247	R	0.50901	0	0.49099	0
248	T	0.34938	0	0.65062	0
249	L	0.00290	0	0.99710	0
250	C	0.00011	0	0.99989	0
251	I	0.00002	0	0.99998	0
252	I	0.00001	0	0.99999	0
253	M	0.00001	0	0.99999	0
254	G	0.00000	0	1.00000	0
255	V	0.00000	0	1.00000	0
256	F	0.00000	0	1.00000	0
257	F	0.00000	0	1.00000	0
258	I	0.00000	0	1.00000	0
259	C	0.00000	0	1.00000	0
260	W	0.00000	0	1.00000	0
261	S	0.00000	0	1.00000	0
262	P	0.00000	0	1.00000	0
263	F	0.00000	0	1.00000	0
264	F	0.00000	0	1.00000	0
265	F	0.00000	0.00022	0.99978	0
266	L	0.00000	0.00386	0.99614	0
267	T	0.00000	0.05476	0.94524	0
268	A	0.00000	0.15606	0.84394	0
269	T	0.00000	0.54479	0.45521	0
270	D	0.00000	0.94486	0.05514	0
271	P	0.00000	0.94644	0.05356	0
272	F	0.00000	0.94708	0.05292	0
273	M	0.00000	0.95063	0.04937	0
274	N	0.00000	0.96251	0.03749	0
275	Y	0.00000	0.96363	0.03637	0
276	M	0.00000	0.9661	0.03390	0
277	A	0.00000	0.98211	0.01789	0
278	P	0.00000	0.99852	0.00148	0
279	P	0.00000	0.99975	0.00025	0
280	I	0.00000	0.99953	0.00047	0
281	L	0.00000	0.99919	0.00081	0
282	I	0.00000	0.99886	0.00114	0
283	D	0.00000	0.97505	0.02495	0
284	A	0.00000	0.10592	0.89408	0
285	L	0.00000	0.02904	0.97096	0
286	V	0.00000	0.00692	0.99308	0
287	W	0.00000	0.00059	0.99941	0
288	F	0.00000	0	1.00000	0
289	G	0.00000	0	1.00000	0
290	Y	0.00000	0	1.00000	0
291	L	0.00000	0	1.00000	0
292	N	0.00002	0	0.99998	0
293	S	0.00002	0	0.99998	0
294	A	0.00002	0	0.99998	0
295	F	0.00002	0	0.99998	0
296	N	0.00002	0	0.99998	0
297	P	0.00002	0	0.99998	0
298	I	0.00002	0	0.99998	0
299	V	0.00002	0	0.99998	0
300	Y	0.00003	0	0.99997	0
301	A	0.00004	0	0.99996	0
302	F	0.00008	0	0.99992	0
303	F	0.00117	0	0.99883	0
304	Y	0.01070	0	0.98930	0
305	M	0.07014	0	0.92986	0
306	W	0.18017	0	0.81983	0
307	F	0.46868	0	0.53132	0
308	R	1.00000	0	0.00000	0
309	K	1.00000	0	0.00000	0
310	A	1.00000	0	0.00000	0
311	L	1.00000	0	0.00000	0
312	K	1.00000	0	0.00000	0
313	I	1.00000	0	0.00000	0
314	I	1.00000	0	0.00000	0
315	L	1.00000	0	0.00000	0
316	F	1.00000	0	0.00000	0
317	G	1.00000	0	0.00000	0
318	N	1.00000	0	0.00000	0
319	I	1.00000	0	0.00000	0
320	F	1.00000	0	0.00000	0
321	Q	1.00000	0	0.00000	0
322	R	1.00000	0	0.00000	0
323	D	1.00000	0	0.00000	0
324	S	1.00000	0	0.00000	0
325	S	1.00000	0	0.00000	0
326	R	1.00000	0	0.00000	0
327	I	1.00000	0	0.00000	0
328	Q	1.00000	0	0.00000	0
329	L	1.00000	0	0.00000	0
330	F	1.00000	0	0.00000	0
331	L	1.00000	0	0.00000	0
332	E	1.00000	0	0.00000	0
