# UNNAMED
#pos	aa	i	o	M	S
1	M	0.00000	0.34839	0.00000	0.65161
2	V	0.00000	0.34839	0.00000	0.6516
3	N	0.00000	0.34839	0.00000	0.65161
4	L	0.00000	0.34839	0.00000	0.65161
5	R	0.00000	0.34839	0.00000	0.65161
6	N	0.00000	0.34839	0.00000	0.65161
7	A	0.00000	0.34839	0.00000	0.65161
8	V	0.00000	0.34839	0.00000	0.65161
9	H	0.00000	0.34839	0.00000	0.65161
10	S	0.00000	0.34839	0.00000	0.65161
11	F	0.00000	0.34839	0.00000	0.65161
12	L	0.00000	0.34839	0.00000	0.65161
13	V	0.00000	0.34839	0.00000	0.65161
14	H	0.00000	0.34839	0.00000	0.65161
15	L	0.00000	0.34839	0.00000	0.65161
16	I	0.00000	0.3484	0.00000	0.6516
17	G	0.00000	0.3484	0.00000	0.6516
18	L	0.00000	0.3484	0.00000	0.65161
19	L	0.00000	0.3484	0.00000	0.6516
20	V	0.00000	0.34924	0.00000	0.65075
21	W	0.00000	0.34925	0.00000	0.65074
22	Q	0.00000	0.34926	0.00000	0.65074
23	C	0.00000	0.45186	0.00000	0.54815
24	D	0.00000	0.4521	0.00000	0.54791
25	L	0.00000	0.4521	0.00000	0.5479
26	S	0.00000	0.4813	0.00000	0.5187
27	V	0.00000	0.48418	0.00000	0.51582
28	S	0.00000	0.48567	0.00000	0.51433
29	P	0.00000	0.48567	0.00000	0.51433
30	V	0.00000	0.48741	0.00000	0.51259
31	A	0.00000	0.48743	0.00000	0.51258
32	A	0.00000	0.48742	0.00000	0.51258
33	L	0.00000	0.94746	0.00000	0.05254
34	V	0.00000	1	0.00000	0
35	T	0.00000	1	0.00000	0
36	D	0.00000	1	0.00000	0
37	I	0.00000	1	0.00000	0
38	F	0.00000	1	0.00000	0
39	N	0.00000	1	0.00000	0
40	T	0.00000	1	0.00000	0
41	S	0.00000	1	0.00000	0
42	D	0.00000	1	0.00000	0
43	G	0.00000	1	0.00000	0
44	G	0.00000	1	0.00000	0
45	R	0.00000	1	0.00000	0
46	F	0.00000	1	0.00000	0
47	K	0.00000	1	0.00000	0
48	F	0.00000	1	0.00000	0
49	P	0.00000	1	0.00000	0
50	D	0.00000	1	0.00000	0
51	G	0.00000	0.99954	0.00046	0
52	V	0.00000	0.99356	0.00644	0
53	Q	0.00000	0.99083	0.00917	0
54	N	0.00000	0.97774	0.02226	0
55	W	0.00000	0.81591	0.18409	0
56	P	0.00000	0.74186	0.25814	0
57	A	0.00000	0.50486	0.49514	0
58	L	0.00000	0.34989	0.65011	0
59	S	0.00000	0.25103	0.74897	0
60	I	0.00000	0.01621	0.98379	0
61	V	0.00000	0.00052	0.99948	0
62	V	0.00000	2e-05	0.99998	0
63	I	0.00000	0	1.00000	0
64	I	0.00000	0	1.00000	0
65	I	0.00000	0	1.00000	0
66	M	0.00000	0	1.00000	0
67	T	0.00000	0	1.00000	0
68	I	0.00000	0	1.00000	0
69	G	0.00000	0	1.00000	0
70	G	0.00000	0	1.00000	0
71	N	0.00000	0	1.00000	0
72	I	0.00000	0	1.00000	0
73	L	0.00000	0	1.00000	0
74	V	0.00000	0	1.00000	0
75	I	0.00002	0	0.99998	0
76	M	0.00314	0	0.99686	0
77	A	0.04426	0	0.95574	0
78	V	0.13823	0	0.86177	0
79	S	0.72915	0	0.27085	0
80	M	0.89155	0	0.10845	0
81	E	0.99799	0	0.00201	0
82	K	0.99996	0	0.00004	0
83	K	1.00000	0	0.00000	0
84	L	0.99997	0	0.00003	0
85	H	0.99982	0	0.00018	0
86	N	0.99884	0	0.00116	0
87	A	0.99609	0	0.00391	0
88	T	0.96775	0	0.03225	0
89	N	0.20524	0	0.79476	0
90	Y	0.06689	0	0.93311	0
91	F	0.00076	0	0.99924	0
92	L	0.00011	0	0.99989	0
93	M	0.00000	0	1.00000	0
94	S	0.00000	0	1.00000	0
95	L	0.00000	0	1.00000	0
96	A	0.00000	0	1.00000	0
97	I	0.00000	0	1.00000	0
98	A	0.00000	0	1.00000	0
99	D	0.00000	0	1.00000	0
100	M	0.00000	0	1.00000	0
101	L	0.00000	0	1.00000	0
102	V	0.00000	0	1.00000	0
103	G	0.00000	0	1.00000	0
104	L	0.00000	0	1.00000	0
105	L	0.00000	0	1.00000	0
106	V	0.00000	1e-05	0.99999	0
107	M	0.00000	0.00033	0.99967	0
108	P	0.00000	0.00955	0.99045	0
109	L	0.00000	0.03629	0.96371	0
110	S	0.00000	0.27541	0.72459	0
111	L	0.00000	0.37557	0.62443	0
112	L	0.00000	0.60669	0.39331	0
113	A	0.00000	0.9871	0.01290	0
114	I	0.00000	0.98744	0.01256	0
115	L	0.00000	0.98863	0.01137	0
116	Y	0.00000	0.99756	0.00244	0
117	D	0.00000	0.99985	0.00015	0
118	Y	0.00000	0.99994	0.00006	0
119	V	0.00000	0.99997	0.00003	0
120	W	0.00000	0.99998	0.00002	0
121	P	0.00000	0.99999	0.00001	0
122	L	0.00000	0.99999	0.00001	0
123	P	0.00000	1	0.00000	0
124	R	0.00000	1	0.00000	0
125	Y	0.00000	0.99999	0.00001	0
126	L	0.00000	0.99999	0.00001	0
127	C	0.00000	0.99999	0.00001	0
128	P	0.00000	0.99996	0.00004	0
129	V	0.00000	0.99903	0.00097	0
130	W	0.00000	0.90952	0.09048	0
131	I	0.00000	0.41641	0.58359	0
132	S	0.00000	0.32902	0.67098	0
133	L	0.00000	0.01518	0.98482	0
134	D	0.00000	0.00505	0.99495	0
135	V	0.00000	0.00015	0.99985	0
136	L	0.00000	0	1.00000	0
137	F	0.00000	0	1.00000	0
138	S	0.00000	0	1.00000	0
139	T	0.00000	0	1.00000	0
140	A	0.00000	0	1.00000	0
141	S	0.00000	0	1.00000	0
142	I	0.00000	0	1.00000	0
143	M	0.00000	0	1.00000	0
144	H	0.00000	0	1.00000	0
145	L	0.00000	0	1.00000	0
146	C	0.00000	0	1.00000	0
147	A	0.00000	0	1.00000	0
148	I	0.00000	0	1.00000	0
149	S	0.00000	0	1.00000	0
150	L	0.00000	0	1.00000	0
151	D	0.00001	0	0.99999	0
152	R	0.02088	0	0.97912	0
153	Y	0.23070	0	0.76930	0
154	V	0.76439	0	0.23561	0
155	A	0.85020	0	0.14980	0
156	I	0.99999	0	0.00001	0
157	R	1.00000	0	0.00000	0
158	N	1.00000	0	0.00000	0
159	P	1.00000	0	0.00000	0
160	I	1.00000	0	0.00000	0
161	E	1.00000	0	0.00000	0
162	H	1.00000	0	0.00000	0
163	S	1.00000	0	0.00000	0
164	R	1.00000	0	0.00000	0
165	F	1.00000	0	0.00000	0
166	N	1.00000	0	0.00000	0
167	S	1.00000	0	0.00000	0
168	R	1.00000	0	0.00000	0
169	T	0.99992	0	0.00008	0
170	K	0.99808	0	0.00192	0
171	A	0.55854	0	0.44146	0
172	I	0.13324	0	0.86676	0
173	M	0.08087	0	0.91913	0
174	K	0.06818	0	0.93182	0
175	I	0.00025	0	0.99975	0
176	A	0.00000	0	1.00000	0
177	I	0.00000	0	1.00000	0
178	V	0.00000	0	1.00000	0
179	W	0.00000	0	1.00000	0
180	A	0.00000	0	1.00000	0
181	I	0.00000	0	1.00000	0
182	S	0.00000	0	1.00000	0
183	I	0.00000	0	1.00000	0
184	G	0.00000	0	1.00000	0
185	V	0.00000	0	1.00000	0
186	S	0.00000	0	1.00000	0
187	V	0.00000	0	1.00000	0
188	P	0.00000	0	1.00000	0
189	I	0.00000	1e-05	0.99999	0
190	P	0.00000	0.00187	0.99813	0
191	V	0.00000	0.00933	0.99067	0
192	I	0.00000	0.08614	0.91386	0
193	G	0.00000	0.46594	0.53406	0
194	L	0.00000	0.62407	0.37593	0
195	R	0.00000	0.97823	0.02177	0
196	D	0.00000	0.99997	0.00003	0
197	E	0.00000	1	0.00000	0
198	G	0.00000	1	0.00000	0
199	K	0.00000	1	0.00000	0
200	V	0.00000	1	0.00000	0
201	F	0.00000	1	0.00000	0
202	V	0.00000	1	0.00000	0
203	N	0.00000	1	0.00000	0
204	N	0.00000	1	0.00000	0
205	T	0.00000	1	0.00000	0
206	T	0.00000	1	0.00000	0
207	C	0.00000	1	0.00000	0
208	V	0.00000	1	0.00000	0
209	L	0.00000	1	0.00000	0
210	N	0.00000	1	0.00000	0
211	D	0.00000	1	0.00000	0
212	P	0.00000	0.99958	0.00042	0
213	N	0.00000	0.89328	0.10672	0
214	F	0.00000	0.09208	0.90792	0
215	V	0.00000	0.07327	0.92673	0
216	L	0.00000	0.0256	0.97440	0
217	I	0.00000	0.01368	0.98632	0
218	G	0.00000	0.01177	0.98823	0
219	S	0.00000	0.00748	0.99252	0
220	F	0.00000	0.0048	0.99520	0
221	V	0.00000	0	1.00000	0
222	A	0.00000	0	1.00000	0
223	F	0.00000	0	1.00000	0
224	F	0.00000	0	1.00000	0
225	I	0.00000	0	1.00000	0
226	P	0.00000	0	1.00000	0
227	L	0.00000	0	1.00000	0
228	T	0.00000	0	1.00000	0
229	I	0.00000	0	1.00000	0
230	M	0.00000	0	1.00000	0
231	V	0.00000	0	1.00000	0
232	I	0.00000	0	1.00000	0
233	T	0.00000	0	1.00000	0
234	Y	0.00000	0	1.00000	0
235	C	0.00010	0	0.99990	0
236	L	0.00250	0	0.99750	0
237	T	0.02581	0	0.97419	0
238	I	0.03607	0	0.96393	0
239	Y	0.13973	0	0.86027	0
240	V	0.24009	0	0.75991	0
241	L	0.50916	0	0.49084	0
242	R	0.97863	0	0.02137	0
243	R	0.99929	0	0.00071	0
244	Q	0.99998	0	0.00002	0
245	A	0.99999	0	0.00001	0
246	L	0.99999	0	0.00001	0
247	M	1.00000	0	0.00000	0
248	L	1.00000	0	0.00000	0
249	L	1.00000	0	0.00000	0
250	R	1.00000	0	0.00000	0
251	G	1.00000	0	0.00000	0
252	H	1.00000	0	0.00000	0
253	T	1.00000	0	0.00000	0
254	E	1.00000	0	0.00000	0
255	E	1.00000	0	0.00000	0
256	P	1.00000	0	0.00000	0
257	P	1.00000	0	0.00000	0
258	G	1.00000	0	0.00000	0
259	I	1.00000	0	0.00000	0
260	S	1.00000	0	0.00000	0
261	L	1.00000	0	0.00000	0
262	N	1.00000	0	0.00000	0
263	L	1.00000	0	0.00000	0
264	L	1.00000	0	0.00000	0
265	K	1.00000	0	0.00000	0
266	C	1.00000	0	0.00000	0
267	C	1.00000	0	0.00000	0
268	K	1.00000	0	0.00000	0
269	S	1.00000	0	0.00000	0
270	S	1.00000	0	0.00000	0
271	P	1.00000	0	0.00000	0
272	A	1.00000	0	0.00000	0
273	E	1.00000	0	0.00000	0
274	E	1.00000	0	0.00000	0
275	E	1.00000	0	0.00000	0
276	K	1.00000	0	0.00000	0
277	A	1.00000	0	0.00000	0
278	S	1.00000	0	0.00000	0
279	Q	1.00000	0	0.00000	0
280	E	1.00000	0	0.00000	0
281	Q	1.00000	0	0.00000	0
282	N	1.00000	0	0.00000	0
283	A	1.00000	0	0.00000	0
284	R	1.00000	0	0.00000	0
285	R	1.00000	0	0.00000	0
286	K	1.00000	0	0.00000	0
287	R	1.00000	0	0.00000	0
288	K	1.00000	0	0.00000	0
289	K	1.00000	0	0.00000	0
290	R	1.00000	0	0.00000	0
291	P	1.00000	0	0.00000	0
292	R	1.00000	0	0.00000	0
293	G	1.00000	0	0.00000	0
294	T	1.00000	0	0.00000	0
295	M	1.00000	0	0.00000	0
296	Q	1.00000	0	0.00000	0
297	A	1.00000	0	0.00000	0
298	I	1.00000	0	0.00000	0
299	N	1.00000	0	0.00000	0
300	N	1.00000	0	0.00000	0
301	E	1.00000	0	0.00000	0
302	K	0.98690	0	0.01310	0
303	K	0.98616	0	0.01384	0
304	A	0.42434	0	0.57566	0
305	S	0.42146	0	0.57854	0
306	K	0.05937	0	0.94063	0
307	V	0.01126	0	0.98874	0
308	L	0.00615	0	0.99385	0
309	G	0.00045	0	0.99955	0
310	I	0.00001	0	0.99999	0
311	V	0.00000	0	1.00000	0
312	F	0.00000	0	1.00000	0
313	F	0.00000	0	1.00000	0
314	V	0.00000	0	1.00000	0
315	F	0.00000	0	1.00000	0
316	L	0.00000	0	1.00000	0
317	I	0.00000	0	1.00000	0
318	M	0.00000	0	1.00000	0
319	W	0.00000	0	1.00000	0
320	C	0.00000	0	1.00000	0
321	P	0.00000	0	1.00000	0
322	F	0.00000	0	1.00000	0
323	F	0.00000	1e-05	0.99999	0
324	I	0.00000	0.00017	0.99983	0
325	T	0.00000	0.00221	0.99779	0
326	N	0.00000	0.02679	0.97321	0
327	I	0.00000	0.03772	0.96228	0
328	L	0.00000	0.08163	0.91837	0
329	S	0.00000	0.26346	0.73654	0
330	V	0.00000	0.3483	0.65170	0
331	L	0.00000	0.51977	0.48023	0
332	C	0.00000	0.96176	0.03824	0
333	G	0.00000	0.99472	0.00528	0
334	K	0.00000	0.99989	0.00011	0
335	V	0.00000	0.99994	0.00006	0
336	C	0.00000	1	0.00000	0
337	N	0.00000	1	0.00000	0
338	Q	0.00000	1	0.00000	0
339	K	0.00000	0.99996	0.00004	0
340	L	0.00000	0.99851	0.00149	0
341	M	0.00000	0.99697	0.00303	0
342	E	0.00000	0.99662	0.00338	0
343	K	0.00000	0.99166	0.00834	0
344	L	0.00000	0.94627	0.05373	0
345	L	0.00000	0.92275	0.07725	0
346	N	0.00000	0.48822	0.51178	0
347	V	0.00000	0.0035	0.99650	0
348	F	0.00000	0.00013	0.99987	0
349	V	0.00000	0	1.00000	0
350	W	0.00000	0	1.00000	0
351	I	0.00000	0	1.00000	0
352	G	0.00000	0	1.00000	0
353	Y	0.00000	0	1.00000	0
354	V	0.00000	0	1.00000	0
355	C	0.00000	0	1.00000	0
356	S	0.00000	0	1.00000	0
357	G	0.00000	0	1.00000	0
358	I	0.00000	0	1.00000	0
359	N	0.00000	0	1.00000	0
360	P	0.00000	0	1.00000	0
361	L	0.00000	0	1.00000	0
362	V	0.00002	0	0.99998	0
363	Y	0.00008	0	0.99992	0
364	T	0.00023	0	0.99977	0
365	L	0.00162	0	0.99838	0
366	F	0.09669	0	0.90331	0
367	N	0.59584	0	0.40416	0
368	K	1.00000	0	0.00000	0
369	V	1.00000	0	0.00000	0
370	Y	1.00000	0	0.00000	0
371	R	1.00000	0	0.00000	0
372	R	1.00000	0	0.00000	0
373	A	1.00000	0	0.00000	0
374	F	1.00000	0	0.00000	0
375	S	1.00000	0	0.00000	0
376	N	1.00000	0	0.00000	0
377	Y	1.00000	0	0.00000	0
378	L	1.00000	0	0.00000	0
379	R	1.00000	0	0.00000	0
380	C	1.00000	0	0.00000	0
381	N	1.00000	0	0.00000	0
382	Y	1.00000	0	0.00000	0
383	K	1.00000	0	0.00000	0
384	G	1.00000	0	0.00000	0
385	D	1.00000	0	0.00000	0
386	K	1.00000	0	0.00000	0
387	K	1.00000	0	0.00000	0
388	P	1.00000	0	0.00000	0
389	P	1.00000	0	0.00000	0
390	V	1.00000	0	0.00000	0
391	R	1.00000	0	0.00000	0
392	Q	1.00000	0	0.00000	0
393	M	1.00000	0	0.00000	0
394	P	1.00000	0	0.00000	0
395	R	1.00000	0	0.00000	0
396	V	1.00000	0	0.00000	0
397	A	1.00000	0	0.00000	0
398	A	1.00000	0	0.00000	0
399	T	1.00000	0	0.00000	0
400	A	1.00000	0	0.00000	0
401	L	1.00000	0	0.00000	0
402	S	1.00000	0	0.00000	0
403	G	1.00000	0	0.00000	0
404	R	1.00000	0	0.00000	0
405	E	1.00000	0	0.00000	0
406	L	1.00000	0	0.00000	0
407	N	1.00000	0	0.00000	0
408	V	1.00000	0	0.00000	0
409	N	1.00000	0	0.00000	0
410	V	1.00000	0	0.00000	0
411	Y	1.00000	0	0.00000	0
412	R	1.00000	0	0.00000	0
413	H	1.00000	0	0.00000	0
414	T	1.00000	0	0.00000	0
415	N	1.00000	0	0.00000	0
416	E	1.00000	0	0.00000	0
417	P	1.00000	0	0.00000	0
418	V	1.00000	0	0.00000	0
419	I	1.00000	0	0.00000	0
420	S	1.00000	0	0.00000	0
421	Q	1.00000	0	0.00000	0
422	A	1.00000	0	0.00000	0
423	K	1.00000	0	0.00000	0
424	E	1.00000	0	0.00000	0
425	Q	1.00000	0	0.00000	0
426	E	1.00000	0	0.00000	0
427	P	1.00000	0	0.00000	0
428	G	1.00000	0	0.00000	0
429	I	1.00000	0	0.00000	0
430	E	1.00000	0	0.00000	0
431	M	1.00000	0	0.00000	0
432	Q	1.00000	0	0.00000	0
433	V	1.00000	0	0.00000	0
434	E	1.00000	0	0.00000	0
435	N	1.00000	0	0.00000	0
436	L	1.00000	0	0.00000	0
437	E	1.00000	0	0.00000	0
438	L	1.00000	0	0.00000	0
439	P	1.00000	0	0.00000	0
440	V	1.00000	0	0.00000	0
441	N	1.00000	0	0.00000	0
442	P	1.00000	0	0.00000	0
443	A	1.00000	0	0.00000	0
444	S	1.00000	0	0.00000	0
445	V	1.00000	0	0.00000	0
446	V	1.00000	0	0.00000	0
447	S	1.00000	0	0.00000	0
448	E	1.00000	0	0.00000	0
449	R	1.00000	0	0.00000	0
450	I	1.00000	0	0.00000	0
451	S	1.00000	0	0.00000	0
452	S	1.00000	0	0.00000	0
453	V	1.00000	0	0.00000	0
