# UNNAMED
#pos	aa	i	o	M	S
1	M	0.00000	0.99999	0.00000	1e-05
2	D	0.00000	0.99999	0.00000	1e-05
3	G	0.00000	0.99999	0.00000	1e-05
4	F	0.00000	0.99999	0.00000	2e-05
5	Y	0.00000	0.99999	0.00000	1e-05
6	S	0.00000	0.99999	0.00000	1e-05
7	S	0.00000	0.99999	0.00000	1e-05
8	A	0.00000	0.99999	0.00000	1e-05
9	E	0.00000	0.99999	0.00000	1e-05
10	R	0.00000	0.99999	0.00000	1e-05
11	E	0.00000	0.99999	0.00000	1e-05
12	A	0.00000	0.99999	0.00000	1e-05
13	V	0.00000	0.99999	0.00000	1e-05
14	I	0.00000	0.99999	0.00000	1e-05
15	N	0.00000	0.99999	0.00000	1e-05
16	D	0.00000	0.99999	0.00000	1e-05
17	T	0.00000	0.99999	0.00000	1e-05
18	R	0.00000	0.99999	0.00000	1e-05
19	S	0.00000	0.99999	0.00000	1e-05
20	R	0.00000	1	0.00000	0
21	K	0.00000	1	0.00000	0
22	S	0.00000	1	0.00000	0
23	W	0.00000	1	0.00000	0
24	A	0.00000	1	0.00000	0
25	E	0.00000	1	0.00000	0
26	E	0.00000	1	0.00000	0
27	G	0.00000	1	0.00000	0
28	N	0.00000	1	0.00000	0
29	S	0.00000	0.99995	0.00005	0
30	T	0.00000	0.99855	0.00145	0
31	L	0.00000	0.99753	0.00247	0
32	S	0.00000	0.99618	0.00382	0
33	F	0.00000	0.98152	0.01848	0
34	R	0.00000	0.97614	0.02386	0
35	G	0.00000	0.72865	0.27135	0
36	V	0.00000	0.28084	0.71916	0
37	T	0.00000	0.14758	0.85242	0
38	A	0.00000	0.06776	0.93224	0
39	A	0.00000	0.02801	0.97199	0
40	L	0.00000	0.01236	0.98764	0
41	L	0.00000	0.00191	0.99809	0
42	L	0.00000	0.0002	0.99980	0
43	L	0.00000	5e-05	0.99995	0
44	L	0.00000	0	1.00000	0
45	I	0.00000	0	1.00000	0
46	L	0.00000	0	1.00000	0
47	S	0.00000	0	1.00000	0
48	T	0.00000	0	1.00000	0
49	L	0.00000	0	1.00000	0
50	L	0.00000	0	1.00000	0
51	G	0.00000	0	1.00000	0
52	N	0.00000	0	1.00000	0
53	T	0.00000	0	1.00000	0
54	L	0.00000	0	1.00000	0
55	V	0.00000	0	1.00000	0
56	C	0.00001	0	0.99999	0
57	V	0.00033	0	0.99967	0
58	A	0.01247	0	0.98753	0
59	V	0.07584	0	0.92416	0
60	V	0.32678	0	0.67322	0
61	R	0.93108	0	0.06892	0
62	F	0.94776	0	0.05224	0
63	S	0.99516	0	0.00484	0
64	H	0.99915	0	0.00085	0
65	L	0.99972	0	0.00028	0
66	R	1.00000	0	0.00000	0
67	S	0.99998	0	0.00002	0
68	K	0.99945	0	0.00055	0
69	V	0.94864	0	0.05136	0
70	T	0.90821	0	0.09179	0
71	N	0.11054	0	0.88946	0
72	F	0.01053	0	0.98947	0
73	F	0.00008	0	0.99992	0
74	V	0.00001	0	0.99999	0
75	I	0.00000	0	1.00000	0
76	S	0.00000	0	1.00000	0
77	L	0.00000	0	1.00000	0
78	A	0.00000	0	1.00000	0
79	V	0.00000	0	1.00000	0
80	S	0.00000	0	1.00000	0
81	D	0.00000	0	1.00000	0
82	L	0.00000	0	1.00000	0
83	F	0.00000	0	1.00000	0
84	V	0.00000	0	1.00000	0
85	A	0.00000	0	1.00000	0
86	V	0.00000	0	1.00000	0
87	L	0.00000	0	1.00000	0
88	V	0.00000	7e-05	0.99993	0
89	M	0.00000	0.00083	0.99917	0
90	P	0.00000	0.01381	0.98619	0
91	W	0.00000	0.14324	0.85676	0
92	K	0.00000	0.50771	0.49229	0
93	A	0.00000	0.70685	0.29315	0
94	A	0.00000	0.88609	0.11391	0
95	T	0.00000	0.99997	0.00003	0
96	E	0.00000	1	0.00000	0
97	V	0.00000	1	0.00000	0
98	A	0.00000	1	0.00000	0
99	G	0.00000	1	0.00000	0
100	F	0.00000	1	0.00000	0
101	W	0.00000	1	0.00000	0
102	P	0.00000	1	0.00000	0
103	F	0.00000	1	0.00000	0
104	G	0.00000	1	0.00000	0
105	A	0.00000	0.99998	0.00002	0
106	F	0.00000	0.99996	0.00004	0
107	C	0.00000	0.99994	0.00006	0
108	D	0.00000	0.99975	0.00025	0
109	V	0.00000	0.99732	0.00268	0
110	W	0.00000	0.7982	0.20180	0
111	V	0.00000	0.08485	0.91515	0
112	A	0.00000	0.00225	0.99775	0
113	F	0.00000	5e-05	0.99995	0
114	D	0.00000	1e-05	0.99999	0
115	I	0.00000	0	1.00000	0
116	M	0.00000	0	1.00000	0
117	C	0.00000	0	1.00000	0
118	S	0.00000	0	1.00000	0
119	T	0.00000	0	1.00000	0
120	A	0.00000	0	1.00000	0
121	S	0.00000	0	1.00000	0
122	I	0.00000	0	1.00000	0
123	L	0.00000	0	1.00000	0
124	H	0.00000	0	1.00000	0
125	L	0.00000	0	1.00000	0
126	C	0.00000	0	1.00000	0
127	I	0.00000	0	1.00000	0
128	I	0.00000	0	1.00000	0
129	S	0.00001	0	0.99999	0
130	V	0.00002	0	0.99998	0
131	D	0.00012	0	0.99988	0
132	R	0.19617	0	0.80383	0
133	Y	0.52919	0	0.47081	0
134	W	0.85182	0	0.14818	0
135	A	0.99208	0	0.00792	0
136	I	1.00000	0	0.00000	0
137	S	1.00000	0	0.00000	0
138	S	1.00000	0	0.00000	0
139	P	1.00000	0	0.00000	0
140	F	1.00000	0	0.00000	0
141	R	1.00000	0	0.00000	0
142	Y	1.00000	0	0.00000	0
143	E	1.00000	0	0.00000	0
144	R	1.00000	0	0.00000	0
145	R	1.00000	0	0.00000	0
146	M	0.99993	0	0.00007	0
147	T	0.99979	0	0.00021	0
148	Q	0.99904	0	0.00096	0
149	R	0.90779	0	0.09221	0
150	V	0.07211	0	0.92789	0
151	A	0.01678	0	0.98322	0
152	F	0.00067	0	0.99933	0
153	I	0.00001	0	0.99999	0
154	M	0.00000	0	1.00000	0
155	I	0.00000	0	1.00000	0
156	A	0.00000	0	1.00000	0
157	V	0.00000	0	1.00000	0
158	A	0.00000	0	1.00000	0
159	W	0.00000	0	1.00000	0
160	L	0.00000	0	1.00000	0
161	L	0.00000	0	1.00000	0
162	S	0.00000	0	1.00000	0
163	L	0.00000	0	1.00000	0
164	L	0.00000	0	1.00000	0
165	I	0.00000	0	1.00000	0
166	S	0.00000	0	1.00000	0
167	F	0.00000	1e-05	0.99999	0
168	I	0.00000	0.00052	0.99948	0
169	P	0.00000	0.03248	0.96752	0
170	V	0.00000	0.10142	0.89858	0
171	Q	0.00000	0.59904	0.40096	0
172	L	0.00000	0.71954	0.28046	0
173	K	0.00000	0.99746	0.00254	0
174	W	0.00000	0.99891	0.00109	0
175	H	0.00000	0.99991	0.00009	0
176	K	0.00000	1	0.00000	0
177	D	0.00000	1	0.00000	0
178	R	0.00000	1	0.00000	0
179	E	0.00000	1	0.00000	0
180	L	0.00000	1	0.00000	0
181	H	0.00000	1	0.00000	0
182	G	0.00000	1	0.00000	0
183	E	0.00000	1	0.00000	0
184	Q	0.00000	1	0.00000	0
185	E	0.00000	1	0.00000	0
186	L	0.00000	1	0.00000	0
187	G	0.00000	1	0.00000	0
188	V	0.00000	1	0.00000	0
189	N	0.00000	1	0.00000	0
190	S	0.00000	1	0.00000	0
191	T	0.00000	1	0.00000	0
192	G	0.00000	1	0.00000	0
193	E	0.00000	1	0.00000	0
194	E	0.00000	1	0.00000	0
195	E	0.00000	1	0.00000	0
196	S	0.00000	1	0.00000	0
197	C	0.00000	1	0.00000	0
198	D	0.00000	0.99999	0.00001	0
199	S	0.00000	0.99952	0.00048	0
200	S	0.00000	0.99598	0.00402	0
201	L	0.00000	0.98724	0.01276	0
202	S	0.00000	0.98642	0.01358	0
203	R	0.00000	0.95796	0.04204	0
204	T	0.00000	0.5748	0.42520	0
205	Y	0.00000	0.03366	0.96634	0
206	A	0.00000	0.02447	0.97553	0
207	I	0.00000	0.00923	0.99077	0
208	S	0.00000	0.00141	0.99859	0
209	S	0.00000	0.00118	0.99882	0
210	S	0.00000	0.00011	0.99989	0
211	L	0.00000	4e-05	0.99996	0
212	V	0.00000	0	1.00000	0
213	S	0.00000	0	1.00000	0
214	F	0.00000	0	1.00000	0
215	Y	0.00000	0	1.00000	0
216	I	0.00000	0	1.00000	0
217	P	0.00000	0	1.00000	0
218	V	0.00000	0	1.00000	0
219	A	0.00000	0	1.00000	0
220	I	0.00000	0	1.00000	0
221	M	0.00000	0	1.00000	0
222	I	0.00000	0	1.00000	0
223	V	0.00033	0	0.99967	0
224	T	0.00337	0	0.99663	0
225	Y	0.00602	0	0.99398	0
226	T	0.06686	0	0.93314	0
227	R	0.14647	0	0.85353	0
228	I	0.15452	0	0.84548	0
229	F	0.20549	0	0.79451	0
230	R	0.95967	0	0.04033	0
231	I	0.96576	0	0.03424	0
232	A	0.99971	0	0.00029	0
233	R	0.99999	0	0.00001	0
234	R	1.00000	0	0.00000	0
235	Q	1.00000	0	0.00000	0
236	I	1.00000	0	0.00000	0
237	R	1.00000	0	0.00000	0
238	R	1.00000	0	0.00000	0
239	I	1.00000	0	0.00000	0
240	S	1.00000	0	0.00000	0
241	S	1.00000	0	0.00000	0
242	L	1.00000	0	0.00000	0
243	E	1.00000	0	0.00000	0
244	R	1.00000	0	0.00000	0
245	A	1.00000	0	0.00000	0
246	V	1.00000	0	0.00000	0
247	E	1.00000	0	0.00000	0
248	H	1.00000	0	0.00000	0
249	A	1.00000	0	0.00000	0
250	Q	1.00000	0	0.00000	0
251	S	1.00000	0	0.00000	0
252	C	1.00000	0	0.00000	0
253	H	1.00000	0	0.00000	0
254	S	1.00000	0	0.00000	0
255	S	1.00000	0	0.00000	0
256	N	1.00000	0	0.00000	0
257	C	1.00000	0	0.00000	0
258	P	1.00000	0	0.00000	0
259	H	1.00000	0	0.00000	0
260	G	1.00000	0	0.00000	0
261	A	1.00000	0	0.00000	0
262	S	1.00000	0	0.00000	0
263	L	1.00000	0	0.00000	0
264	K	1.00000	0	0.00000	0
265	N	1.00000	0	0.00000	0
266	S	1.00000	0	0.00000	0
267	F	1.00000	0	0.00000	0
268	K	1.00000	0	0.00000	0
269	K	1.00000	0	0.00000	0
270	E	1.00000	0	0.00000	0
271	T	0.93739	0	0.06261	0
272	K	0.93584	0	0.06416	0
273	V	0.27901	0	0.72099	0
274	L	0.24411	0	0.75589	0
275	K	0.24376	0	0.75624	0
276	T	0.20980	0	0.79020	0
277	L	0.00479	0	0.99521	0
278	S	0.00103	0	0.99897	0
279	V	0.00053	0	0.99947	0
280	I	0.00000	0	1.00000	0
281	M	0.00000	0	1.00000	0
282	G	0.00000	0	1.00000	0
283	V	0.00000	0	1.00000	0
284	F	0.00000	0	1.00000	0
285	V	0.00000	0	1.00000	0
286	F	0.00000	0	1.00000	0
287	C	0.00000	0	1.00000	0
288	W	0.00000	0	1.00000	0
289	L	0.00000	0	1.00000	0
290	P	0.00000	0	1.00000	0
291	F	0.00000	0	1.00000	0
292	F	0.00000	2e-05	0.99998	0
293	V	0.00000	0.00322	0.99678	0
294	L	0.00000	0.03033	0.96967	0
295	N	0.00000	0.28681	0.71319	0
296	C	0.00000	0.39503	0.60497	0
297	M	0.00000	0.4082	0.59180	0
298	V	0.00000	0.47778	0.52222	0
299	P	0.00000	0.66636	0.33364	0
300	F	0.00000	0.71447	0.28553	0
301	C	0.00000	0.87641	0.12359	0
302	D	0.00000	0.9995	0.00050	0
303	L	0.00000	0.99939	0.00061	0
304	D	0.00000	0.99976	0.00024	0
305	L	0.00000	0.99973	0.00027	0
306	H	0.00000	0.9997	0.00030	0
307	E	0.00000	0.9996	0.00040	0
308	P	0.00000	0.99957	0.00043	0
309	G	0.00000	0.99956	0.00044	0
310	E	0.00000	0.9995	0.00050	0
311	L	0.00000	0.99949	0.00051	0
312	P	0.00000	0.99946	0.00054	0
313	C	0.00000	0.99864	0.00136	0
314	V	0.00000	0.98465	0.01535	0
315	S	0.00000	0.97568	0.02432	0
316	E	0.00000	0.96189	0.03811	0
317	T	0.00000	0.88767	0.11233	0
318	V	0.00000	0.76986	0.23014	0
319	F	0.00000	0.75358	0.24642	0
320	S	0.00000	0.49435	0.50565	0
321	I	0.00000	0.04936	0.95064	0
322	F	0.00000	0.04545	0.95455	0
323	A	0.00001	0.00446	0.99552	0
324	W	0.00002	0.00014	0.99984	0
325	F	0.00004	1e-05	0.99995	0
326	G	0.00019	1e-05	0.99981	0
327	W	0.00028	1e-05	0.99972	0
328	A	0.00031	1e-05	0.99969	0
329	N	0.00049	1e-05	0.99951	0
330	S	0.00049	1e-05	0.99950	0
331	S	0.00050	1e-05	0.99950	0
332	L	0.00050	1e-05	0.99949	0
333	N	0.00050	1e-05	0.99949	0
334	P	0.00051	1e-05	0.99949	0
335	I	0.00052	1e-05	0.99948	0
336	I	0.00074	1e-05	0.99926	0
337	Y	0.00475	1e-05	0.99524	0
338	A	0.00850	1e-05	0.99149	0
339	F	0.03728	1e-05	0.96272	0
340	N	0.51013	1e-05	0.48986	0
341	A	0.70366	1e-05	0.29633	0
342	D	0.91424	1e-05	0.08575	0
343	F	0.93701	1e-05	0.06298	0
344	R	0.99999	1e-05	0.00000	0
345	R	0.99999	1e-05	0.00000	0
346	A	0.99999	0	0.00000	0
347	F	0.99999	0	0.00001	0
348	A	0.99999	0	0.00001	0
349	T	0.99999	0	0.00001	0
350	L	0.99999	0	0.00001	0
351	L	0.99999	0	0.00001	0
352	G	0.99999	0	0.00001	0
353	C	0.99999	0	0.00001	0
354	A	0.99999	0	0.00001	0
355	H	0.99999	0	0.00001	0
356	L	0.99999	0	0.00001	0
357	C	0.99999	0	0.00001	0
358	P	0.99999	0	0.00001	0
359	S	0.99999	0	0.00001	0
360	N	0.99999	0	0.00001	0
361	A	0.99999	0	0.00001	0
362	V	0.99999	0	0.00001	0
363	E	0.99999	0	0.00001	0
364	T	0.99999	0	0.00001	0
365	V	0.99999	0	0.00001	0
366	N	0.99999	0	0.00001	0
367	F	0.99999	0	0.00001	0
368	S	0.99999	0	0.00001	0
369	N	1.00000	0	0.00000	0
370	E	1.00000	0	0.00000	0
371	L	1.00000	0	0.00000	0
372	V	1.00000	0	0.00000	0
373	S	1.00000	0	0.00000	0
374	Y	1.00000	0	0.00000	0
375	H	1.00000	0	0.00000	0
376	H	1.00000	0	0.00000	0
377	D	1.00000	0	0.00000	0
378	S	1.00000	0	0.00000	0
379	T	1.00000	0	0.00000	0
380	Y	1.00000	0	0.00000	0
381	Q	1.00000	0	0.00000	0
382	K	1.00000	0	0.00000	0
383	E	1.00000	0	0.00000	0
384	M	1.00000	0	0.00000	0
385	V	1.00000	0	0.00000	0
386	T	1.00000	0	0.00000	0
387	L	1.00000	0	0.00000	0
388	S	1.00000	0	0.00000	0
389	Y	1.00000	0	0.00000	0
390	P	1.00000	0	0.00000	0
391	Q	1.00000	0	0.00000	0
392	L	1.00000	0	0.00000	0
393	L	1.00000	0	0.00000	0
394	P	1.00000	0	0.00000	0
395	N	1.00000	0	0.00000	0
396	T	1.00000	0	0.00000	0
397	A	1.00000	0	0.00000	0
398	P	1.00000	0	0.00000	0
399	Q	1.00000	0	0.00000	0
400	L	1.00000	0	0.00000	0
401	E	1.00000	0	0.00000	0
402	N	1.00000	0	0.00000	0
403	N	1.00000	0	0.00000	0
404	E	1.00000	0	0.00000	0
405	V	1.00000	0	0.00000	0
406	S	1.00000	0	0.00000	0
407	F	1.00000	0	0.00000	0
408	D	1.00000	0	0.00000	0
409	K	1.00000	0	0.00000	0
410	V	1.00000	0	0.00000	0
411	S	1.00000	0	0.00000	0
412	Q	1.00000	0	0.00000	0
413	L	1.00000	0	0.00000	0
414	S	1.00000	0	0.00000	0
415	S	1.00000	0	0.00000	0
416	H	1.00000	0	0.00000	0
417	S	1.00000	0	0.00000	0
418	T	1.00000	0	0.00000	0
419	C	1.00000	0	0.00000	0
420	P	1.00000	0	0.00000	0
421	A	1.00000	0	0.00000	0
422	A	1.00000	0	0.00000	0
423	M	1.00000	0	0.00000	0
424	H	1.00000	0	0.00000	0
425	V	1.00000	0	0.00000	0
426	E	1.00000	0	0.00000	0
427	H	1.00000	0	0.00000	0
428	E	1.00000	0	0.00000	0
429	V	1.00000	0	0.00000	0
430	A	1.00000	0	0.00000	0
431	V	1.00000	0	0.00000	0
432	S	1.00000	0	0.00000	0
433	L	1.00000	0	0.00000	0
434	E	1.00000	0	0.00000	0
435	K	1.00000	0	0.00000	0
436	I	1.00000	0	0.00000	0
437	T	1.00000	0	0.00000	0
438	P	1.00000	0	0.00000	0
439	F	1.00000	0	0.00000	0
440	T	1.00000	0	0.00000	0
441	S	1.00000	0	0.00000	0
442	N	1.00000	0	0.00000	0
443	A	1.00000	0	0.00000	0
444	M	1.00000	0	0.00000	0
445	D	1.00000	0	0.00000	0
