# UNNAMED
#pos	aa	i	o	M	S
1	M	0.00000	0.99998	0.00000	2e-05
2	N	0.00000	0.99998	0.00000	2e-05
3	F	0.00000	0.99998	0.00000	2e-05
4	T	0.00000	0.99998	0.00000	2e-05
5	N	0.00000	0.99998	0.00000	2e-05
6	C	0.00000	0.99998	0.00000	2e-05
7	T	0.00000	0.99998	0.00000	2e-05
8	T	0.00000	0.99998	0.00000	2e-05
9	E	0.00000	0.99998	0.00000	2e-05
10	A	0.00000	0.99998	0.00000	2e-05
11	N	0.00000	0.99998	0.00000	2e-05
12	V	0.00000	0.99998	0.00000	2e-05
13	A	0.00000	0.99998	0.00000	2e-05
14	A	0.00000	0.99998	0.00000	2e-05
15	K	0.00000	1	0.00000	0
16	P	0.00000	1	0.00000	0
17	K	0.00000	1	0.00000	0
18	T	0.00000	0.99998	0.00002	0
19	V	0.00000	0.99996	0.00004	0
20	T	0.00000	0.99995	0.00005	0
21	E	0.00000	0.99994	0.00006	0
22	K	0.00000	0.99859	0.00141	0
23	M	0.00000	0.93627	0.06373	0
24	L	0.00000	0.4415	0.55850	0
25	V	0.00000	0.20659	0.79341	0
26	T	0.00000	0.14061	0.85939	0
27	L	0.00000	0.06995	0.93005	0
28	T	0.00000	0.02442	0.97558	0
29	L	0.00000	0.00396	0.99604	0
30	A	0.00000	0.00028	0.99972	0
31	T	0.00000	3e-05	0.99997	0
32	I	0.00000	0	1.00000	0
33	T	0.00000	0	1.00000	0
34	T	0.00000	0	1.00000	0
35	L	0.00000	0	1.00000	0
36	T	0.00000	0	1.00000	0
37	M	0.00000	0	1.00000	0
38	L	0.00000	0	1.00000	0
39	L	0.00000	0	1.00000	0
40	N	0.00000	0	1.00000	0
41	S	0.00000	0	1.00000	0
42	A	0.00000	0	1.00000	0
43	V	0.00000	0	1.00000	0
44	I	0.00001	0	0.99999	0
45	A	0.00044	0	0.99956	0
46	A	0.00818	0	0.99182	0
47	I	0.06997	0	0.93003	0
48	S	0.87469	0	0.12531	0
49	T	0.98752	0	0.01248	0
50	T	0.99836	0	0.00164	0
51	K	0.99997	0	0.00003	0
52	K	1.00000	0	0.00000	0
53	L	1.00000	0	0.00000	0
54	H	1.00000	0	0.00000	0
55	Q	1.00000	0	0.00000	0
56	P	1.00000	0	0.00000	0
57	A	0.78221	0	0.21779	0
58	N	0.12900	0	0.87100	0
59	Y	0.03383	0	0.96617	0
60	L	0.00030	0	0.99970	0
61	I	0.00000	0	1.00000	0
62	C	0.00000	0	1.00000	0
63	S	0.00000	0	1.00000	0
64	L	0.00000	0	1.00000	0
65	A	0.00000	0	1.00000	0
66	V	0.00000	0	1.00000	0
67	T	0.00000	0	1.00000	0
68	D	0.00000	0	1.00000	0
69	L	0.00000	0	1.00000	0
70	L	0.00000	0	1.00000	0
71	V	0.00000	0	1.00000	0
72	A	0.00000	0	1.00000	0
73	V	0.00000	0	1.00000	0
74	L	0.00000	0	1.00000	0
75	V	0.00000	1e-05	0.99999	0
76	M	0.00000	0.00047	0.99953	0
77	P	0.00000	0.00968	0.99032	0
78	L	0.00000	0.09759	0.90241	0
79	S	0.00000	0.43912	0.56088	0
80	I	0.00000	0.56912	0.43088	0
81	T	0.00000	0.91844	0.08156	0
82	Y	0.00000	0.99861	0.00139	0
83	I	0.00000	0.99863	0.00137	0
84	M	0.00000	0.99869	0.00131	0
85	I	0.00000	0.99934	0.00066	0
86	D	0.00000	0.99998	0.00002	0
87	K	0.00000	1	0.00000	0
88	W	0.00000	1	0.00000	0
89	T	0.00000	1	0.00000	0
90	L	0.00000	0.99995	0.00005	0
91	G	0.00000	0.99995	0.00005	0
92	Y	0.00000	0.99995	0.00005	0
93	F	0.00000	0.99995	0.00005	0
94	I	0.00000	0.99995	0.00005	0
95	C	0.00000	0.99995	0.00005	0
96	E	0.00000	0.99995	0.00005	0
97	I	0.00000	0.99534	0.00466	0
98	W	0.00000	0.5926	0.40740	0
99	L	0.00000	0.07216	0.92784	0
100	S	0.00000	0.01225	0.98775	0
101	V	0.00000	0.00024	0.99976	0
102	D	0.00000	9e-05	0.99991	0
103	M	0.00000	0	1.00000	0
104	T	0.00000	0	1.00000	0
105	C	0.00000	0	1.00000	0
106	C	0.00000	0	1.00000	0
107	T	0.00000	0	1.00000	0
108	C	0.00000	0	1.00000	0
109	S	0.00000	0	1.00000	0
110	I	0.00000	0	1.00000	0
111	L	0.00000	0	1.00000	0
112	H	0.00000	0	1.00000	0
113	L	0.00000	0	1.00000	0
114	C	0.00001	0	0.99999	0
115	V	0.00001	0	0.99999	0
116	I	0.00001	0	0.99999	0
117	A	0.00002	0	0.99998	0
118	L	0.00002	0	0.99998	0
119	D	0.00009	0	0.99991	0
120	R	0.13036	0	0.86964	0
121	Y	0.48071	0	0.51929	0
122	W	0.50617	0	0.49383	0
123	A	0.77526	0	0.22474	0
124	I	1.00000	0	0.00000	0
125	T	1.00000	0	0.00000	0
126	D	1.00000	0	0.00000	0
127	A	1.00000	0	0.00000	0
128	I	1.00000	0	0.00000	0
129	E	1.00000	0	0.00000	0
130	Y	1.00000	0	0.00000	0
131	A	1.00000	0	0.00000	0
132	R	1.00000	0	0.00000	0
133	K	1.00000	0	0.00000	0
134	R	1.00000	0	0.00000	0
135	T	0.99930	0	0.00070	0
136	A	0.99806	0	0.00194	0
137	K	0.99630	0	0.00370	0
138	R	0.95812	0	0.04188	0
139	A	0.14815	0	0.85185	0
140	G	0.02193	0	0.97807	0
141	L	0.00072	0	0.99928	0
142	M	0.00005	0	0.99995	0
143	I	0.00000	0	1.00000	0
144	V	0.00000	0	1.00000	0
145	T	0.00000	0	1.00000	0
146	V	0.00000	0	1.00000	0
147	W	0.00000	0	1.00000	0
148	T	0.00000	0	1.00000	0
149	I	0.00000	0	1.00000	0
150	S	0.00000	0	1.00000	0
151	I	0.00000	0	1.00000	0
152	F	0.00000	0	1.00000	0
153	I	0.00000	0	1.00000	0
154	S	0.00000	0	1.00000	0
155	M	0.00000	3e-05	0.99997	0
156	P	0.00000	0.00084	0.99916	0
157	P	0.00000	0.00152	0.99848	0
158	L	0.00000	0.00264	0.99736	0
159	F	0.00000	0.03884	0.96116	0
160	W	0.00000	0.59215	0.40785	0
161	R	0.00000	0.97356	0.02644	0
162	N	0.00000	0.99732	0.00268	0
163	H	0.00000	0.99975	0.00025	0
164	H	0.00000	0.99998	0.00002	0
165	S	0.00000	1	0.00000	0
166	V	0.00000	1	0.00000	0
167	N	0.00000	1	0.00000	0
168	I	0.00000	1	0.00000	0
169	P	0.00000	1	0.00000	0
170	S	0.00000	1	0.00000	0
171	E	0.00000	1	0.00000	0
172	C	0.00000	1	0.00000	0
173	R	0.00000	1	0.00000	0
174	I	0.00000	1	0.00000	0
175	Q	0.00000	1	0.00000	0
176	H	0.00000	1	0.00000	0
177	D	0.00000	0.99998	0.00002	0
178	H	0.00000	0.99695	0.00305	0
179	V	0.00000	0.83634	0.16366	0
180	I	0.00000	0.28172	0.71828	0
181	Y	0.00000	0.25006	0.74994	0
182	T	0.00000	0.24185	0.75815	0
183	I	0.00000	0.00209	0.99791	0
184	Y	0.00000	0.00061	0.99939	0
185	S	0.00000	0.00046	0.99954	0
186	T	0.00000	3e-05	0.99997	0
187	F	0.00000	1e-05	0.99999	0
188	G	0.00000	0	1.00000	0
189	A	0.00000	0	1.00000	0
190	F	0.00000	0	1.00000	0
191	Y	0.00000	0	1.00000	0
192	I	0.00000	0	1.00000	0
193	P	0.00000	0	1.00000	0
194	L	0.00000	0	1.00000	0
195	T	0.00000	0	1.00000	0
196	L	0.00000	0	1.00000	0
197	I	0.00000	0	1.00000	0
198	L	0.00000	0	1.00000	0
199	I	0.00000	0	1.00000	0
200	L	0.00001	0	0.99999	0
201	Y	0.00046	0	0.99954	0
202	Y	0.01458	0	0.98542	0
203	R	0.22033	0	0.77967	0
204	I	0.23932	0	0.76068	0
205	Y	0.33413	0	0.66587	0
206	H	0.94275	0	0.05725	0
207	A	0.99155	0	0.00845	0
208	A	0.99991	0	0.00009	0
209	K	1.00000	0	0.00000	0
210	S	1.00000	0	0.00000	0
211	L	1.00000	0	0.00000	0
212	Y	1.00000	0	0.00000	0
213	Q	1.00000	0	0.00000	0
214	K	1.00000	0	0.00000	0
215	R	1.00000	0	0.00000	0
216	G	1.00000	0	0.00000	0
217	S	1.00000	0	0.00000	0
218	S	1.00000	0	0.00000	0
219	R	1.00000	0	0.00000	0
220	H	1.00000	0	0.00000	0
221	L	1.00000	0	0.00000	0
222	S	1.00000	0	0.00000	0
223	N	1.00000	0	0.00000	0
224	R	1.00000	0	0.00000	0
225	S	1.00000	0	0.00000	0
226	T	1.00000	0	0.00000	0
227	D	1.00000	0	0.00000	0
228	S	1.00000	0	0.00000	0
229	Q	1.00000	0	0.00000	0
230	N	1.00000	0	0.00000	0
231	S	1.00000	0	0.00000	0
232	F	1.00000	0	0.00000	0
233	A	1.00000	0	0.00000	0
234	S	1.00000	0	0.00000	0
235	C	1.00000	0	0.00000	0
236	K	1.00000	0	0.00000	0
237	L	1.00000	0	0.00000	0
238	T	1.00000	0	0.00000	0
239	Q	1.00000	0	0.00000	0
240	T	1.00000	0	0.00000	0
241	F	1.00000	0	0.00000	0
242	C	1.00000	0	0.00000	0
243	V	1.00000	0	0.00000	0
244	S	1.00000	0	0.00000	0
245	D	1.00000	0	0.00000	0
246	F	1.00000	0	0.00000	0
247	S	1.00000	0	0.00000	0
248	T	1.00000	0	0.00000	0
249	S	1.00000	0	0.00000	0
250	D	1.00000	0	0.00000	0
251	P	1.00000	0	0.00000	0
252	T	1.00000	0	0.00000	0
253	T	1.00000	0	0.00000	0
254	E	1.00000	0	0.00000	0
255	F	1.00000	0	0.00000	0
256	D	1.00000	0	0.00000	0
257	K	1.00000	0	0.00000	0
258	I	1.00000	0	0.00000	0
259	N	1.00000	0	0.00000	0
260	A	1.00000	0	0.00000	0
261	S	1.00000	0	0.00000	0
262	V	1.00000	0	0.00000	0
263	R	1.00000	0	0.00000	0
264	I	1.00000	0	0.00000	0
265	P	1.00000	0	0.00000	0
266	P	1.00000	0	0.00000	0
267	F	1.00000	0	0.00000	0
268	E	1.00000	0	0.00000	0
269	N	1.00000	0	0.00000	0
270	D	1.00000	0	0.00000	0
271	L	1.00000	0	0.00000	0
272	D	1.00000	0	0.00000	0
273	L	1.00000	0	0.00000	0
274	A	1.00000	0	0.00000	0
275	G	1.00000	0	0.00000	0
276	D	1.00000	0	0.00000	0
277	R	1.00000	0	0.00000	0
278	Q	1.00000	0	0.00000	0
279	Q	1.00000	0	0.00000	0
280	I	1.00000	0	0.00000	0
281	S	1.00000	0	0.00000	0
282	T	1.00000	0	0.00000	0
283	T	1.00000	0	0.00000	0
284	R	1.00000	0	0.00000	0
285	E	1.00000	0	0.00000	0
286	R	0.99608	0	0.00392	0
287	K	0.99192	0	0.00808	0
288	A	0.05691	0	0.94309	0
289	A	0.05644	0	0.94356	0
290	R	0.05559	0	0.94441	0
291	I	0.05412	0	0.94588	0
292	L	0.00075	0	0.99925	0
293	G	0.00019	0	0.99981	0
294	L	0.00002	0	0.99998	0
295	I	0.00001	0	0.99999	0
296	L	0.00001	0	0.99999	0
297	G	0.00000	0	1.00000	0
298	A	0.00000	0	1.00000	0
299	F	0.00000	0	1.00000	0
300	I	0.00000	0	1.00000	0
301	L	0.00000	0	1.00000	0
302	S	0.00000	0	1.00000	0
303	W	0.00000	0	1.00000	0
304	L	0.00000	0	1.00000	0
305	P	0.00000	0	1.00000	0
306	F	0.00000	0	1.00000	0
307	F	0.00000	0.00052	0.99948	0
308	I	0.00000	0.0426	0.95740	0
309	K	0.00000	0.75004	0.24996	0
310	E	0.00000	0.77104	0.22896	0
311	L	0.00000	0.77327	0.22673	0
312	L	0.00000	0.78382	0.21618	0
313	V	0.00000	0.82377	0.17623	0
314	G	0.00000	0.9185	0.08150	0
315	L	0.00000	0.93563	0.06437	0
316	H	0.00000	0.97277	0.02723	0
317	I	0.00000	0.98089	0.01911	0
318	C	0.00000	0.99733	0.00267	0
319	T	0.00000	0.99852	0.00148	0
320	V	0.00000	0.99921	0.00079	0
321	S	0.00000	0.99997	0.00003	0
322	P	0.00000	0.99995	0.00005	0
323	E	0.00000	0.99951	0.00049	0
324	V	0.00000	0.99587	0.00413	0
325	A	0.00000	0.99461	0.00539	0
326	D	0.00000	0.93005	0.06995	0
327	F	0.00000	0.00567	0.99433	0
328	L	0.00000	0.00012	0.99988	0
329	T	0.00000	1e-05	0.99999	0
330	W	0.00000	0	1.00000	0
331	L	0.00000	0	1.00000	0
332	G	0.00000	0	1.00000	0
333	Y	0.00001	0	0.99999	0
334	V	0.00001	0	0.99999	0
335	N	0.00001	0	0.99999	0
336	S	0.00001	0	0.99999	0
337	L	0.00001	0	0.99999	0
338	I	0.00001	0	0.99999	0
339	N	0.00001	0	0.99999	0
340	P	0.00001	0	0.99999	0
341	L	0.00001	0	0.99999	0
342	L	0.00001	0	0.99999	0
343	Y	0.00001	0	0.99999	0
344	T	0.00002	0	0.99998	0
345	S	0.00028	0	0.99972	0
346	F	0.02373	0	0.97627	0
347	N	0.74010	0	0.25990	0
348	E	1.00000	0	0.00000	0
349	D	1.00000	0	0.00000	0
350	F	1.00000	0	0.00000	0
351	K	1.00000	0	0.00000	0
352	L	1.00000	0	0.00000	0
353	A	1.00000	0	0.00000	0
354	F	1.00000	0	0.00000	0
355	R	1.00000	0	0.00000	0
356	K	1.00000	0	0.00000	0
357	L	1.00000	0	0.00000	0
358	I	1.00000	0	0.00000	0
359	R	1.00000	0	0.00000	0
360	C	1.00000	0	0.00000	0
361	R	1.00000	0	0.00000	0
362	E	1.00000	0	0.00000	0
363	H	1.00000	0	0.00000	0
364	S	1.00000	0	0.00000	0
