# UNNAMED
#pos	aa	i	o	M	S
1	M	0.00000	0.97693	0.00000	0.02307
2	T	0.00000	0.97693	0.00000	0.02307
3	F	0.00000	0.97693	0.00000	0.02307
4	R	0.00000	0.97693	0.00000	0.02307
5	D	0.00000	0.97693	0.00000	0.02307
6	L	0.00000	0.97693	0.00000	0.02308
7	L	0.00000	0.97693	0.00000	0.02307
8	S	0.00000	0.97693	0.00000	0.02307
9	V	0.00000	0.97693	0.00000	0.02307
10	S	0.00000	0.97693	0.00000	0.02307
11	F	0.00000	0.97693	0.00000	0.02307
12	E	0.00000	0.97693	0.00000	0.02307
13	G	0.00000	0.97693	0.00000	0.02308
14	P	0.00000	0.97693	0.00000	0.02307
15	R	0.00000	0.97693	0.00000	0.02308
16	P	0.00000	0.97693	0.00000	0.02307
17	D	0.00000	0.97693	0.00000	0.02307
18	S	0.00000	0.97693	0.00000	0.02307
19	G	0.00000	0.97693	0.00000	0.02307
20	S	0.00000	0.97695	0.00000	0.02305
21	G	0.00000	0.98031	0.00000	0.01969
22	G	0.00000	0.98724	0.00000	0.01276
23	A	0.00000	0.99772	0.00000	0.00228
24	G	0.00000	0.99953	0.00000	0.00047
25	S	0.00000	0.99977	0.00000	0.00023
26	G	0.00000	0.99984	0.00000	0.00016
27	A	0.00000	1	0.00000	0
28	S	0.00000	1	0.00000	0
29	S	0.00000	1	0.00000	0
30	G	0.00000	1	0.00000	0
31	G	0.00000	1	0.00000	0
32	G	0.00000	1	0.00000	0
33	E	0.00000	1	0.00000	0
34	D	0.00000	1	0.00000	0
35	N	0.00000	1	0.00000	0
36	G	0.00000	1	0.00000	0
37	S	0.00000	1	0.00000	0
38	S	0.00000	1	0.00000	0
39	A	0.00000	1	0.00000	0
40	G	0.00000	1	0.00000	0
41	E	0.00000	1	0.00000	0
42	P	0.00000	1	0.00000	0
43	G	0.00000	1	0.00000	0
44	G	0.00000	1	0.00000	0
45	A	0.00000	1	0.00000	0
46	G	0.00000	1	0.00000	0
47	G	0.00000	1	0.00000	0
48	E	0.00000	1	0.00000	0
49	V	0.00000	1	0.00000	0
50	N	0.00000	1	0.00000	0
51	S	0.00000	1	0.00000	0
52	T	0.00000	0.99994	0.00006	0
53	A	0.00000	0.99923	0.00077	0
54	A	0.00000	0.99851	0.00149	0
55	V	0.00000	0.99658	0.00342	0
56	G	0.00000	0.99474	0.00526	0
57	G	0.00000	0.99154	0.00846	0
58	L	0.00000	0.98111	0.01889	0
59	V	0.00000	0.95234	0.04766	0
60	V	0.00000	0.94387	0.05613	0
61	S	0.00000	0.94015	0.05985	0
62	A	0.00000	0.93075	0.06925	0
63	Q	0.00000	0.91639	0.08361	0
64	G	0.00000	0.8691	0.13090	0
65	L	0.00000	0.72789	0.27211	0
66	G	0.00000	0.53969	0.46031	0
67	V	0.00000	0.26547	0.73453	0
68	G	0.00000	0.18406	0.81594	0
69	V	0.00000	0.07072	0.92928	0
70	F	0.00000	0.01937	0.98063	0
71	L	0.00000	0.00354	0.99646	0
72	A	0.00000	0.00099	0.99901	0
73	A	0.00000	9e-05	0.99991	0
74	F	0.00000	0	1.00000	0
75	I	0.00000	0	1.00000	0
76	L	0.00000	0	1.00000	0
77	T	0.00000	0	1.00000	0
78	A	0.00000	0	1.00000	0
79	V	0.00000	0	1.00000	0
80	A	0.00000	0	1.00000	0
81	G	0.00000	0	1.00000	0
82	N	0.00000	0	1.00000	0
83	L	0.00000	0	1.00000	0
84	L	0.00000	0	1.00000	0
85	V	0.00001	0	0.99999	0
86	I	0.00008	0	0.99992	0
87	L	0.00528	0	0.99472	0
88	S	0.16849	0	0.83151	0
89	V	0.22088	0	0.77912	0
90	A	0.43682	0	0.56318	0
91	C	0.71038	0	0.28962	0
92	N	0.98349	0	0.01651	0
93	R	0.99881	0	0.00119	0
94	H	0.99972	0	0.00028	0
95	L	0.99987	0	0.00013	0
96	Q	0.99999	0	0.00001	0
97	T	0.99953	0	0.00047	0
98	V	0.98933	0	0.01067	0
99	T	0.95414	0	0.04586	0
100	N	0.77316	0	0.22684	0
101	Y	0.20536	0	0.79464	0
102	F	0.00156	0	0.99844	0
103	I	0.00002	0	0.99998	0
104	V	0.00000	0	1.00000	0
105	N	0.00000	0	1.00000	0
106	L	0.00000	0	1.00000	0
107	A	0.00000	0	1.00000	0
108	V	0.00000	0	1.00000	0
109	A	0.00000	0	1.00000	0
110	D	0.00000	0	1.00000	0
111	L	0.00000	0	1.00000	0
112	L	0.00000	0	1.00000	0
113	L	0.00000	0	1.00000	0
114	S	0.00000	0	1.00000	0
115	A	0.00000	0	1.00000	0
116	T	0.00000	0	1.00000	0
117	V	0.00000	0	1.00000	0
118	L	0.00000	2e-05	0.99998	0
119	P	0.00000	0.00057	0.99943	0
120	F	0.00000	0.01958	0.98042	0
121	S	0.00000	0.39581	0.60419	0
122	A	0.00000	0.59338	0.40662	0
123	T	0.00000	0.83721	0.16279	0
124	M	0.00000	0.99839	0.00161	0
125	E	0.00000	0.999	0.00100	0
126	V	0.00000	0.99902	0.00098	0
127	L	0.00000	0.99917	0.00083	0
128	G	0.00000	0.99957	0.00043	0
129	F	0.00000	0.99976	0.00024	0
130	W	0.00000	0.9999	0.00010	0
131	A	0.00000	0.99999	0.00001	0
132	F	0.00000	1	0.00000	0
133	G	0.00000	1	0.00000	0
134	R	0.00000	1	0.00000	0
135	A	0.00000	0.99998	0.00002	0
136	F	0.00000	0.99996	0.00004	0
137	C	0.00000	0.99996	0.00004	0
138	D	0.00000	0.9999	0.00010	0
139	V	0.00000	0.99881	0.00119	0
140	W	0.00000	0.89446	0.10554	0
141	A	0.00000	0.31608	0.68392	0
142	A	0.00000	0.01021	0.98979	0
143	V	0.00000	0.00013	0.99987	0
144	D	0.00000	4e-05	0.99996	0
145	V	0.00000	0	1.00000	0
146	L	0.00000	0	1.00000	0
147	C	0.00000	0	1.00000	0
148	C	0.00000	0	1.00000	0
149	T	0.00000	0	1.00000	0
150	A	0.00000	0	1.00000	0
151	S	0.00000	0	1.00000	0
152	I	0.00000	0	1.00000	0
153	L	0.00000	0	1.00000	0
154	S	0.00000	0	1.00000	0
155	L	0.00000	0	1.00000	0
156	C	0.00000	0	1.00000	0
157	T	0.00000	0	1.00000	0
158	I	0.00000	0	1.00000	0
159	S	0.00000	0	1.00000	0
160	V	0.00000	0	1.00000	0
161	D	0.00002	0	0.99998	0
162	R	0.02593	0	0.97407	0
163	Y	0.36380	0	0.63620	0
164	V	0.65362	0	0.34638	0
165	G	0.93429	0	0.06571	0
166	V	0.99999	0	0.00001	0
167	R	1.00000	0	0.00000	0
168	H	1.00000	0	0.00000	0
169	S	1.00000	0	0.00000	0
170	L	1.00000	0	0.00000	0
171	K	1.00000	0	0.00000	0
172	Y	1.00000	0	0.00000	0
173	P	1.00000	0	0.00000	0
174	A	1.00000	0	0.00000	0
175	I	1.00000	0	0.00000	0
176	M	1.00000	0	0.00000	0
177	T	1.00000	0	0.00000	0
178	E	1.00000	0	0.00000	0
179	R	0.99988	0	0.00012	0
180	K	0.99188	0	0.00812	0
181	A	0.29766	0	0.70234	0
182	A	0.06333	0	0.93667	0
183	A	0.01517	0	0.98483	0
184	I	0.00003	0	0.99997	0
185	L	0.00000	0	1.00000	0
186	A	0.00000	0	1.00000	0
187	L	0.00000	0	1.00000	0
188	L	0.00000	0	1.00000	0
189	W	0.00000	0	1.00000	0
190	V	0.00000	0	1.00000	0
191	V	0.00000	0	1.00000	0
192	A	0.00000	0	1.00000	0
193	L	0.00000	0	1.00000	0
194	V	0.00000	0	1.00000	0
195	V	0.00000	0	1.00000	0
196	S	0.00000	0	1.00000	0
197	V	0.00000	0	1.00000	0
198	G	0.00000	0	1.00000	0
199	P	0.00000	4e-05	0.99996	0
200	L	0.00000	0.00064	0.99936	0
201	L	0.00000	0.03137	0.96863	0
202	G	0.00000	0.51987	0.48013	0
203	W	0.00000	0.70893	0.29107	0
204	K	0.00000	0.99661	0.00339	0
205	E	0.00000	0.99996	0.00004	0
206	P	0.00000	1	0.00000	0
207	V	0.00000	1	0.00000	0
208	P	0.00000	1	0.00000	0
209	P	0.00000	1	0.00000	0
210	D	0.00000	1	0.00000	0
211	E	0.00000	1	0.00000	0
212	R	0.00000	1	0.00000	0
213	F	0.00000	1	0.00000	0
214	C	0.00000	1	0.00000	0
215	G	0.00000	1	0.00000	0
216	I	0.00000	1	0.00000	0
217	T	0.00000	1	0.00000	0
218	E	0.00000	0.99999	0.00001	0
219	E	0.00000	0.99951	0.00049	0
220	V	0.00000	0.99071	0.00929	0
221	G	0.00000	0.86686	0.13314	0
222	Y	0.00000	0.25269	0.74731	0
223	A	0.00000	0.11768	0.88232	0
224	V	0.00000	0.01502	0.98498	0
225	F	0.00000	0.00073	0.99927	0
226	S	0.00000	0.00065	0.99935	0
227	S	0.00000	8e-05	0.99992	0
228	V	0.00000	6e-05	0.99994	0
229	C	0.00000	0	1.00000	0
230	S	0.00000	0	1.00000	0
231	F	0.00000	0	1.00000	0
232	Y	0.00000	0	1.00000	0
233	L	0.00000	0	1.00000	0
234	P	0.00000	0	1.00000	0
235	M	0.00000	0	1.00000	0
236	A	0.00000	0	1.00000	0
237	V	0.00000	0	1.00000	0
238	I	0.00000	0	1.00000	0
239	V	0.00000	0	1.00000	0
240	V	0.00000	0	1.00000	0
241	M	0.00001	0	0.99999	0
242	Y	0.00007	0	0.99993	0
243	C	0.00267	0	0.99733	0
244	R	0.03988	0	0.96012	0
245	V	0.04472	0	0.95528	0
246	Y	0.07402	0	0.92598	0
247	V	0.31738	0	0.68262	0
248	V	0.48498	0	0.51502	0
249	A	0.99649	0	0.00351	0
250	R	0.99992	0	0.00008	0
251	S	1.00000	0	0.00000	0
252	T	1.00000	0	0.00000	0
253	T	1.00000	0	0.00000	0
254	R	1.00000	0	0.00000	0
255	S	1.00000	0	0.00000	0
256	L	1.00000	0	0.00000	0
257	E	1.00000	0	0.00000	0
258	A	1.00000	0	0.00000	0
259	G	1.00000	0	0.00000	0
260	V	1.00000	0	0.00000	0
261	K	1.00000	0	0.00000	0
262	R	1.00000	0	0.00000	0
263	E	1.00000	0	0.00000	0
264	R	1.00000	0	0.00000	0
265	G	1.00000	0	0.00000	0
266	K	1.00000	0	0.00000	0
267	A	1.00000	0	0.00000	0
268	S	1.00000	0	0.00000	0
269	D	1.00000	0	0.00000	0
270	V	1.00000	0	0.00000	0
271	V	1.00000	0	0.00000	0
272	L	1.00000	0	0.00000	0
273	R	1.00000	0	0.00000	0
274	I	1.00000	0	0.00000	0
275	H	1.00000	0	0.00000	0
276	C	1.00000	0	0.00000	0
277	R	1.00000	0	0.00000	0
278	G	1.00000	0	0.00000	0
279	A	1.00000	0	0.00000	0
280	G	1.00000	0	0.00000	0
281	T	1.00000	0	0.00000	0
282	G	1.00000	0	0.00000	0
283	T	1.00000	0	0.00000	0
284	D	1.00000	0	0.00000	0
285	G	1.00000	0	0.00000	0
286	V	1.00000	0	0.00000	0
287	H	1.00000	0	0.00000	0
288	G	1.00000	0	0.00000	0
289	A	1.00000	0	0.00000	0
290	R	1.00000	0	0.00000	0
291	S	1.00000	0	0.00000	0
292	A	1.00000	0	0.00000	0
293	K	1.00000	0	0.00000	0
294	G	1.00000	0	0.00000	0
295	H	1.00000	0	0.00000	0
296	N	1.00000	0	0.00000	0
297	F	1.00000	0	0.00000	0
298	R	1.00000	0	0.00000	0
299	S	1.00000	0	0.00000	0
300	S	1.00000	0	0.00000	0
301	F	1.00000	0	0.00000	0
302	S	1.00000	0	0.00000	0
303	V	1.00000	0	0.00000	0
304	R	1.00000	0	0.00000	0
305	L	1.00000	0	0.00000	0
306	L	1.00000	0	0.00000	0
307	K	1.00000	0	0.00000	0
308	F	1.00000	0	0.00000	0
309	S	1.00000	0	0.00000	0
310	R	1.00000	0	0.00000	0
311	E	1.00000	0	0.00000	0
312	K	0.99723	0	0.00277	0
313	K	0.99708	0	0.00292	0
314	A	0.97773	0	0.02227	0
315	A	0.97527	0	0.02473	0
316	K	0.92087	0	0.07913	0
317	T	0.76870	0	0.23130	0
318	L	0.01950	0	0.98050	0
319	A	0.00125	0	0.99875	0
320	I	0.00065	0	0.99935	0
321	V	0.00004	0	0.99996	0
322	V	0.00003	0	0.99997	0
323	G	0.00000	0	1.00000	0
324	V	0.00000	0	1.00000	0
325	F	0.00000	0	1.00000	0
326	V	0.00000	0	1.00000	0
327	L	0.00000	0	1.00000	0
328	C	0.00000	0	1.00000	0
329	W	0.00000	0	1.00000	0
330	F	0.00000	0	1.00000	0
331	P	0.00000	0	1.00000	0
332	F	0.00000	0	1.00000	0
333	F	0.00000	0	1.00000	0
334	F	0.00000	1e-05	0.99999	0
335	V	0.00000	0.00011	0.99989	0
336	L	0.00000	0.0006	0.99940	0
337	P	0.00000	0.00939	0.99061	0
338	L	0.00000	0.01458	0.98542	0
339	G	0.00000	0.05841	0.94159	0
340	S	0.00000	0.07969	0.92031	0
341	L	0.00000	0.09573	0.90427	0
342	F	0.00000	0.16635	0.83365	0
343	P	0.00000	0.76339	0.23661	0
344	Q	0.00000	0.8883	0.11170	0
345	L	0.00000	0.91458	0.08542	0
346	K	0.00000	0.99946	0.00054	0
347	P	0.00000	0.99993	0.00007	0
348	S	0.00000	0.99998	0.00002	0
349	E	0.00000	0.9998	0.00020	0
350	S	0.00000	0.99704	0.00296	0
351	V	0.00000	0.97056	0.02944	0
352	F	0.00000	0.96346	0.03654	0
353	K	0.00000	0.79202	0.20798	0
354	V	0.00000	0.00697	0.99303	0
355	I	0.00000	0.00031	0.99969	0
356	F	0.00000	0	1.00000	0
357	W	0.00000	0	1.00000	0
358	L	0.00000	0	1.00000	0
359	G	0.00000	0	1.00000	0
360	Y	0.00000	0	1.00000	0
361	F	0.00000	0	1.00000	0
362	N	0.00000	0	1.00000	0
363	S	0.00000	0	1.00000	0
364	C	0.00000	0	1.00000	0
365	V	0.00000	0	1.00000	0
366	N	0.00000	0	1.00000	0
367	P	0.00000	0	1.00000	0
368	L	0.00000	0	1.00000	0
369	I	0.00000	0	1.00000	0
370	Y	0.00001	0	0.99999	0
371	P	0.00011	0	0.99989	0
372	C	0.00197	0	0.99803	0
373	S	0.14234	0	0.85766	0
374	S	0.34544	0	0.65456	0
375	R	1.00000	0	0.00000	0
376	E	1.00000	0	0.00000	0
377	F	1.00000	0	0.00000	0
378	K	1.00000	0	0.00000	0
379	R	1.00000	0	0.00000	0
380	A	1.00000	0	0.00000	0
381	F	1.00000	0	0.00000	0
382	L	1.00000	0	0.00000	0
383	R	1.00000	0	0.00000	0
384	L	1.00000	0	0.00000	0
385	L	1.00000	0	0.00000	0
386	R	1.00000	0	0.00000	0
387	C	1.00000	0	0.00000	0
388	Q	1.00000	0	0.00000	0
389	C	1.00000	0	0.00000	0
390	R	1.00000	0	0.00000	0
391	R	1.00000	0	0.00000	0
392	R	1.00000	0	0.00000	0
393	R	1.00000	0	0.00000	0
394	R	1.00000	0	0.00000	0
395	R	1.00000	0	0.00000	0
396	R	1.00000	0	0.00000	0
397	P	1.00000	0	0.00000	0
398	L	1.00000	0	0.00000	0
399	W	1.00000	0	0.00000	0
400	R	1.00000	0	0.00000	0
401	V	1.00000	0	0.00000	0
402	Y	1.00000	0	0.00000	0
403	G	1.00000	0	0.00000	0
404	H	1.00000	0	0.00000	0
405	H	1.00000	0	0.00000	0
406	W	1.00000	0	0.00000	0
407	R	1.00000	0	0.00000	0
408	A	1.00000	0	0.00000	0
409	S	1.00000	0	0.00000	0
410	T	1.00000	0	0.00000	0
411	G	1.00000	0	0.00000	0
412	G	1.00000	0	0.00000	0
413	P	1.00000	0	0.00000	0
414	R	1.00000	0	0.00000	0
415	P	1.00000	0	0.00000	0
416	D	1.00000	0	0.00000	0
417	C	1.00000	0	0.00000	0
418	I	1.00000	0	0.00000	0
419	P	1.00000	0	0.00000	0
420	S	1.00000	0	0.00000	0
421	P	1.00000	0	0.00000	0
422	G	1.00000	0	0.00000	0
423	A	1.00000	0	0.00000	0
424	A	1.00000	0	0.00000	0
425	L	1.00000	0	0.00000	0
426	P	1.00000	0	0.00000	0
427	G	1.00000	0	0.00000	0
428	A	1.00000	0	0.00000	0
429	P	1.00000	0	0.00000	0
430	L	1.00000	0	0.00000	0
431	A	1.00000	0	0.00000	0
432	V	1.00000	0	0.00000	0
433	I	1.00000	0	0.00000	0
434	A	1.00000	0	0.00000	0
435	P	1.00000	0	0.00000	0
436	P	1.00000	0	0.00000	0
437	A	1.00000	0	0.00000	0
438	S	1.00000	0	0.00000	0
439	C	1.00000	0	0.00000	0
440	S	1.00000	0	0.00000	0
441	P	1.00000	0	0.00000	0
442	G	1.00000	0	0.00000	0
443	T	1.00000	0	0.00000	0
444	P	1.00000	0	0.00000	0
445	E	1.00000	0	0.00000	0
446	A	1.00000	0	0.00000	0
447	S	1.00000	0	0.00000	0
448	V	1.00000	0	0.00000	0
449	P	1.00000	0	0.00000	0
450	T	1.00000	0	0.00000	0
451	A	1.00000	0	0.00000	0
452	S	1.00000	0	0.00000	0
453	R	1.00000	0	0.00000	0
454	W	1.00000	0	0.00000	0
455	K	1.00000	0	0.00000	0
456	P	1.00000	0	0.00000	0
457	P	1.00000	0	0.00000	0
458	C	1.00000	0	0.00000	0
459	A	1.00000	0	0.00000	0
460	F	1.00000	0	0.00000	0
461	R	1.00000	0	0.00000	0
462	E	1.00000	0	0.00000	0
463	W	1.00000	0	0.00000	0
464	R	1.00000	0	0.00000	0
465	L	1.00000	0	0.00000	0
466	L	1.00000	0	0.00000	0
467	G	1.00000	0	0.00000	0
468	P	1.00000	0	0.00000	0
469	F	1.00000	0	0.00000	0
470	R	1.00000	0	0.00000	0
471	R	1.00000	0	0.00000	0
472	P	1.00000	0	0.00000	0
473	T	1.00000	0	0.00000	0
474	T	1.00000	0	0.00000	0
475	Q	1.00000	0	0.00000	0
476	L	1.00000	0	0.00000	0
477	R	1.00000	0	0.00000	0
478	A	1.00000	0	0.00000	0
479	K	1.00000	0	0.00000	0
480	V	1.00000	0	0.00000	0
481	S	1.00000	0	0.00000	0
482	S	1.00000	0	0.00000	0
483	L	1.00000	0	0.00000	0
484	S	1.00000	0	0.00000	0
485	H	1.00000	0	0.00000	0
486	K	1.00000	0	0.00000	0
487	I	1.00000	0	0.00000	0
488	R	1.00000	0	0.00000	0
489	A	1.00000	0	0.00000	0
490	G	1.00000	0	0.00000	0
491	G	1.00000	0	0.00000	0
492	T	1.00000	0	0.00000	0
493	Q	1.00000	0	0.00000	0
494	R	1.00000	0	0.00000	0
495	A	1.00000	0	0.00000	0
496	E	1.00000	0	0.00000	0
497	A	1.00000	0	0.00000	0
498	T	1.00000	0	0.00000	0
499	C	1.00000	0	0.00000	0
500	A	1.00000	0	0.00000	0
501	L	1.00000	0	0.00000	0
502	R	1.00000	0	0.00000	0
503	A	1.00000	0	0.00000	0
504	E	1.00000	0	0.00000	0
505	M	1.00000	0	0.00000	0
506	E	1.00000	0	0.00000	0
507	A	1.00000	0	0.00000	0
508	V	1.00000	0	0.00000	0
509	S	1.00000	0	0.00000	0
510	L	1.00000	0	0.00000	0
511	G	1.00000	0	0.00000	0
512	V	1.00000	0	0.00000	0
513	S	1.00000	0	0.00000	0
514	H	1.00000	0	0.00000	0
515	D	1.00000	0	0.00000	0
516	V	1.00000	0	0.00000	0
517	A	1.00000	0	0.00000	0
518	E	1.00000	0	0.00000	0
519	G	1.00000	0	0.00000	0
520	V	1.00000	0	0.00000	0
521	T	1.00000	0	0.00000	0
522	C	1.00000	0	0.00000	0
523	Q	1.00000	0	0.00000	0
524	A	1.00000	0	0.00000	0
525	Y	1.00000	0	0.00000	0
526	D	1.00000	0	0.00000	0
527	L	1.00000	0	0.00000	0
528	A	1.00000	0	0.00000	0
529	E	1.00000	0	0.00000	0
530	Y	1.00000	0	0.00000	0
531	S	1.00000	0	0.00000	0
532	N	1.00000	0	0.00000	0
533	L	1.00000	0	0.00000	0
534	R	1.00000	0	0.00000	0
535	E	1.00000	0	0.00000	0
536	T	1.00000	0	0.00000	0
537	D	1.00000	0	0.00000	0
538	I	1.00000	0	0.00000	0
