# UNNAMED
#pos	aa	i	o	M	S
1	M	0.00000	0.99974	0.00000	0.00026
2	N	0.00000	0.99974	0.00000	0.00026
3	S	0.00000	0.99974	0.00000	0.00026
4	H	0.00000	0.99974	0.00000	0.00026
5	D	0.00000	0.99974	0.00000	0.00026
6	L	0.00000	0.99974	0.00000	0.00026
7	W	0.00000	0.99974	0.00000	0.00026
8	N	0.00000	0.99974	0.00000	0.00026
9	P	0.00000	0.99974	0.00000	0.00026
10	P	0.00000	0.99974	0.00000	0.00026
11	E	0.00000	0.99974	0.00000	0.00025
12	V	0.00000	0.99974	0.00000	0.00025
13	Q	0.00000	0.99974	0.00000	0.00025
14	F	0.00000	0.99974	0.00000	0.00025
15	C	0.00000	0.99974	0.00000	0.00025
16	F	0.00000	0.99974	0.00000	0.00025
17	A	0.00000	0.99974	0.00000	0.00026
18	F	0.00000	0.99994	0.00000	6e-05
19	V	0.00000	0.99995	0.00000	5e-05
20	N	0.00000	0.99995	0.00000	5e-05
21	S	0.00000	0.99995	0.00000	5e-05
22	S	0.00000	0.99995	0.00000	5e-05
23	C	0.00000	0.99998	0.00000	3e-05
24	P	0.00000	0.99998	0.00000	3e-05
25	K	0.00000	0.99998	0.00000	2e-05
26	N	0.00000	0.99998	0.00000	2e-05
27	V	0.00000	0.99996	0.00001	2e-05
28	R	0.00000	0.99996	0.00002	2e-05
29	S	0.00000	0.99975	0.00023	2e-05
30	V	0.00000	0.99739	0.00260	0
31	L	0.00000	0.99615	0.00385	0
32	S	0.00000	0.99542	0.00458	0
33	A	0.00000	0.81322	0.18678	0
34	F	0.00000	0.57204	0.42796	0
35	A	0.00000	0.48075	0.51925	0
36	M	0.00000	0.43019	0.56981	0
37	Y	0.00000	0.06658	0.93342	0
38	V	0.00000	0.0255	0.97450	0
39	V	0.00000	0.01578	0.98422	0
40	M	0.00000	0.01088	0.98912	0
41	I	0.00000	0.00065	0.99935	0
42	G	0.00000	0.0003	0.99970	0
43	A	0.00000	1e-05	0.99999	0
44	I	0.00000	0	1.00000	0
45	V	0.00000	0	1.00000	0
46	M	0.00000	0	1.00000	0
47	T	0.00000	0	1.00000	0
48	M	0.00000	0	1.00000	0
49	L	0.00000	0	1.00000	0
50	G	0.00000	0	1.00000	0
51	N	0.00000	0	1.00000	0
52	M	0.00000	0	1.00000	0
53	V	0.00000	0	1.00000	0
54	V	0.00000	0	1.00000	0
55	I	0.00006	0	0.99994	0
56	V	0.00632	0	0.99368	0
57	S	0.19515	0	0.80485	0
58	I	0.22602	0	0.77398	0
59	A	0.49285	0	0.50715	0
60	H	0.76607	0	0.23393	0
61	F	0.83277	0	0.16723	0
62	K	0.99476	0	0.00524	0
63	Q	0.99996	0	0.00004	0
64	L	0.99998	0	0.00002	0
65	H	1.00000	0	0.00000	0
66	S	1.00000	0	0.00000	0
67	P	1.00000	0	0.00000	0
68	T	0.95440	0	0.04560	0
69	N	0.21171	0	0.78829	0
70	F	0.05520	0	0.94480	0
71	L	0.00101	0	0.99899	0
72	I	0.00008	0	0.99992	0
73	L	0.00000	0	1.00000	0
74	S	0.00000	0	1.00000	0
75	M	0.00000	0	1.00000	0
76	A	0.00000	0	1.00000	0
77	I	0.00000	0	1.00000	0
78	T	0.00000	0	1.00000	0
79	D	0.00000	0	1.00000	0
80	F	0.00000	0	1.00000	0
81	L	0.00000	0	1.00000	0
82	L	0.00000	0	1.00000	0
83	S	0.00000	0	1.00000	0
84	C	0.00000	0	1.00000	0
85	V	0.00000	0	1.00000	0
86	V	0.00000	0	1.00000	0
87	M	0.00000	0	1.00000	0
88	P	0.00000	0	1.00000	0
89	F	0.00000	0.00011	0.99989	0
90	S	0.00000	0.28417	0.71583	0
91	M	0.00000	0.34275	0.65725	0
92	I	0.00000	0.55831	0.44169	0
93	R	0.00000	0.99989	0.00011	0
94	S	0.00000	0.99994	0.00006	0
95	I	0.00000	0.99995	0.00005	0
96	E	0.00000	1	0.00000	0
97	S	0.00000	1	0.00000	0
98	C	0.00000	1	0.00000	0
99	W	0.00000	1	0.00000	0
100	Y	0.00000	1	0.00000	0
101	F	0.00000	0.99999	0.00001	0
102	G	0.00000	0.99999	0.00001	0
103	D	0.00000	0.99999	0.00001	0
104	L	0.00000	0.99987	0.00013	0
105	F	0.00000	0.9984	0.00160	0
106	C	0.00000	0.99821	0.00179	0
107	K	0.00000	0.99797	0.00203	0
108	I	0.00000	0.99658	0.00342	0
109	H	0.00000	0.89008	0.10992	0
110	S	0.00000	0.76808	0.23192	0
111	C	0.00000	0.64208	0.35792	0
112	C	0.00000	0.06756	0.93244	0
113	D	0.00000	0.01253	0.98747	0
114	I	0.00000	0.00016	0.99984	0
115	M	0.00000	0	1.00000	0
116	F	0.00000	0	1.00000	0
117	C	0.00000	0	1.00000	0
118	T	0.00000	0	1.00000	0
119	T	0.00000	0	1.00000	0
120	S	0.00000	0	1.00000	0
121	I	0.00000	0	1.00000	0
122	F	0.00000	0	1.00000	0
123	H	0.00000	0	1.00000	0
124	L	0.00000	0	1.00000	0
125	C	0.00001	0	0.99999	0
126	F	0.00001	0	0.99999	0
127	I	0.00002	0	0.99998	0
128	S	0.00003	0	0.99997	0
129	V	0.00004	0	0.99996	0
130	D	0.00008	0	0.99992	0
131	R	0.05937	0	0.94063	0
132	Y	0.76708	0	0.23292	0
133	Y	0.89232	0	0.10768	0
134	A	0.97353	0	0.02647	0
135	V	0.99999	0	0.00001	0
136	C	1.00000	0	0.00000	0
137	D	1.00000	0	0.00000	0
138	P	1.00000	0	0.00000	0
139	L	1.00000	0	0.00000	0
140	H	1.00000	0	0.00000	0
141	Y	1.00000	0	0.00000	0
142	V	1.00000	0	0.00000	0
143	T	1.00000	0	0.00000	0
144	K	0.99999	0	0.00001	0
145	I	0.99295	0	0.00705	0
146	T	0.98854	0	0.01146	0
147	I	0.94464	0	0.05536	0
148	P	0.91512	0	0.08488	0
149	V	0.11076	0	0.88924	0
150	I	0.03220	0	0.96780	0
151	E	0.02428	0	0.97572	0
152	V	0.00084	0	0.99916	0
153	F	0.00004	0	0.99996	0
154	L	0.00000	0	1.00000	0
155	L	0.00000	0	1.00000	0
156	I	0.00000	0	1.00000	0
157	S	0.00000	0	1.00000	0
158	W	0.00000	0	1.00000	0
159	S	0.00000	0	1.00000	0
160	F	0.00000	0	1.00000	0
161	P	0.00000	0	1.00000	0
162	T	0.00000	0	1.00000	0
163	F	0.00000	0	1.00000	0
164	F	0.00000	0	1.00000	0
165	A	0.00000	7e-05	0.99993	0
166	F	0.00000	0.00056	0.99944	0
167	G	0.00000	0.00959	0.99041	0
168	L	0.00000	0.01441	0.98559	0
169	V	0.00000	0.05691	0.94309	0
170	F	0.00000	0.24602	0.75398	0
171	S	0.00000	0.83473	0.16527	0
172	E	0.00000	0.98253	0.01747	0
173	L	0.00000	0.98764	0.01236	0
174	N	0.00000	0.99926	0.00074	0
175	K	0.00000	0.99999	0.00001	0
176	I	0.00000	1	0.00000	0
177	G	0.00000	1	0.00000	0
178	A	0.00000	1	0.00000	0
179	E	0.00000	1	0.00000	0
180	D	0.00000	1	0.00000	0
181	F	0.00000	1	0.00000	0
182	I	0.00000	1	0.00000	0
183	A	0.00000	1	0.00000	0
184	A	0.00000	1	0.00000	0
185	I	0.00000	1	0.00000	0
186	D	0.00000	1	0.00000	0
187	C	0.00000	1	0.00000	0
188	T	0.00000	1	0.00000	0
189	G	0.00000	1	0.00000	0
190	S	0.00000	1	0.00000	0
191	C	0.00000	0.99994	0.00006	0
192	V	0.00000	0.90567	0.09433	0
193	L	0.00000	0.90557	0.09443	0
194	I	0.00000	0.90501	0.09499	0
195	F	0.00000	0.90187	0.09813	0
196	N	0.00000	0.90175	0.09825	0
197	K	0.00000	0.90144	0.09856	0
198	L	0.00000	0.59431	0.40569	0
199	W	0.00000	0.15269	0.84731	0
200	G	0.00000	0.13506	0.86494	0
201	T	0.00000	0.1013	0.89870	0
202	L	0.00000	0.00546	0.99454	0
203	V	0.00000	0.00075	0.99925	0
204	S	0.00000	0.0002	0.99980	0
205	F	0.00000	0.00012	0.99988	0
206	I	0.00000	0	1.00000	0
207	A	0.00000	0	1.00000	0
208	F	0.00000	0	1.00000	0
209	F	0.00000	0	1.00000	0
210	L	0.00000	0	1.00000	0
211	P	0.00000	0	1.00000	0
212	G	0.00000	0	1.00000	0
213	T	0.00000	0	1.00000	0
214	V	0.00000	0	1.00000	0
215	M	0.00002	0	0.99998	0
216	V	0.00005	0	0.99995	0
217	G	0.00192	0	0.99808	0
218	I	0.00363	0	0.99637	0
219	Y	0.01232	0	0.98768	0
220	I	0.03256	0	0.96744	0
221	H	0.07929	0	0.92071	0
222	I	0.08887	0	0.91113	0
223	F	0.19306	0	0.80694	0
224	T	0.85406	0	0.14594	0
225	V	0.89049	0	0.10951	0
226	A	0.99573	0	0.00427	0
227	R	0.99984	0	0.00016	0
228	K	0.99998	0	0.00002	0
229	H	0.99999	0	0.00001	0
230	A	1.00000	0	0.00000	0
231	K	1.00000	0	0.00000	0
232	Q	1.00000	0	0.00000	0
233	I	1.00000	0	0.00000	0
234	D	1.00000	0	0.00000	0
235	M	1.00000	0	0.00000	0
236	G	1.00000	0	0.00000	0
237	P	1.00000	0	0.00000	0
238	K	1.00000	0	0.00000	0
239	M	1.00000	0	0.00000	0
240	K	1.00000	0	0.00000	0
241	Q	1.00000	0	0.00000	0
242	V	1.00000	0	0.00000	0
243	G	1.00000	0	0.00000	0
244	S	1.00000	0	0.00000	0
245	E	1.00000	0	0.00000	0
246	S	1.00000	0	0.00000	0
247	E	1.00000	0	0.00000	0
248	I	1.00000	0	0.00000	0
249	K	1.00000	0	0.00000	0
250	N	1.00000	0	0.00000	0
251	S	1.00000	0	0.00000	0
252	S	1.00000	0	0.00000	0
253	K	1.00000	0	0.00000	0
254	K	1.00000	0	0.00000	0
255	E	1.00000	0	0.00000	0
256	N	0.99932	0	0.00068	0
257	K	0.99798	0	0.00202	0
258	A	0.34340	0	0.65660	0
259	T	0.33961	0	0.66039	0
260	K	0.24582	0	0.75418	0
261	T	0.14366	0	0.85634	0
262	L	0.00130	0	0.99870	0
263	S	0.00032	0	0.99968	0
264	I	0.00019	0	0.99981	0
265	V	0.00002	0	0.99998	0
266	V	0.00002	0	0.99998	0
267	G	0.00000	0	1.00000	0
268	V	0.00000	0	1.00000	0
269	F	0.00000	0	1.00000	0
270	V	0.00000	0	1.00000	0
271	L	0.00000	0	1.00000	0
272	C	0.00000	0	1.00000	0
273	W	0.00000	0	1.00000	0
274	L	0.00000	0	1.00000	0
275	P	0.00000	0	1.00000	0
276	F	0.00000	0	1.00000	0
277	F	0.00000	0	1.00000	0
278	V	0.00000	0.00038	0.99962	0
279	L	0.00000	0.00507	0.99493	0
280	T	0.00000	0.05602	0.94398	0
281	I	0.00000	0.16058	0.83942	0
282	T	0.00000	0.63651	0.36349	0
283	D	0.00000	0.97712	0.02288	0
284	P	0.00000	0.97842	0.02158	0
285	F	0.00000	0.97889	0.02111	0
286	I	0.00000	0.98119	0.01881	0
287	N	0.00000	0.98854	0.01146	0
288	F	0.00000	0.98921	0.01079	0
289	T	0.00000	0.99531	0.00469	0
290	T	0.00000	0.99902	0.00098	0
291	P	0.00000	0.99988	0.00012	0
292	E	0.00000	1	0.00000	0
293	D	0.00000	0.99995	0.00005	0
294	L	0.00000	0.99818	0.00182	0
295	Y	0.00000	0.99721	0.00279	0
296	N	0.00000	0.78539	0.21461	0
297	V	0.00000	0.02026	0.97974	0
298	F	0.00000	0.00417	0.99583	0
299	L	0.00000	0.00053	0.99947	0
300	W	0.00000	3e-05	0.99997	0
301	L	0.00000	0	1.00000	0
302	G	0.00000	0	1.00000	0
303	Y	0.00000	0	1.00000	0
304	L	0.00000	0	1.00000	0
305	N	0.00000	0	1.00000	0
306	S	0.00000	0	1.00000	0
307	T	0.00000	0	1.00000	0
308	F	0.00000	0	1.00000	0
309	N	0.00000	0	1.00000	0
310	P	0.00000	0	1.00000	0
311	I	0.00000	0	1.00000	0
312	I	0.00000	0	1.00000	0
313	Y	0.00000	0	1.00000	0
314	G	0.00002	0	0.99998	0
315	M	0.00029	0	0.99971	0
316	F	0.00673	0	0.99327	0
317	Y	0.07424	0	0.92576	0
318	P	0.43857	0	0.56143	0
319	W	0.74642	0	0.25358	0
320	F	0.95647	0	0.04353	0
321	R	1.00000	0	0.00000	0
322	K	1.00000	0	0.00000	0
323	A	1.00000	0	0.00000	0
324	L	1.00000	0	0.00000	0
325	R	1.00000	0	0.00000	0
326	M	1.00000	0	0.00000	0
327	I	1.00000	0	0.00000	0
328	V	1.00000	0	0.00000	0
329	T	1.00000	0	0.00000	0
330	G	1.00000	0	0.00000	0
331	M	1.00000	0	0.00000	0
332	I	1.00000	0	0.00000	0
333	F	1.00000	0	0.00000	0
334	H	1.00000	0	0.00000	0
335	P	1.00000	0	0.00000	0
336	D	1.00000	0	0.00000	0
337	F	1.00000	0	0.00000	0
338	S	1.00000	0	0.00000	0
339	T	1.00000	0	0.00000	0
340	L	1.00000	0	0.00000	0
341	S	1.00000	0	0.00000	0
342	L	1.00000	0	0.00000	0
343	F	1.00000	0	0.00000	0
344	P	1.00000	0	0.00000	0
345	T	1.00000	0	0.00000	0
346	H	1.00000	0	0.00000	0
347	G	1.00000	0	0.00000	0
