# UNNAMED
#pos	aa	i	o	M	S
1	M	0.00000	0.99944	0.00000	0.00056
2	E	0.00000	0.99944	0.00000	0.00056
3	E	0.00000	0.99944	0.00000	0.00056
4	P	0.00000	0.99944	0.00000	0.00056
5	S	0.00000	0.99944	0.00000	0.00055
6	A	0.00000	0.99944	0.00000	0.00056
7	Q	0.00000	0.99944	0.00000	0.00056
8	C	0.00000	0.99944	0.00000	0.00055
9	A	0.00000	0.99944	0.00000	0.00056
10	A	0.00000	0.99944	0.00000	0.00056
11	P	0.00000	0.99944	0.00000	0.00055
12	P	0.00000	0.99944	0.00000	0.00055
13	P	0.00000	0.99944	0.00000	0.00056
14	A	0.00000	0.99944	0.00000	0.00055
15	G	0.00000	0.99944	0.00000	0.00055
16	S	0.00000	0.99944	0.00000	0.00055
17	V	0.00000	0.99982	0.00000	0.00018
18	T	0.00000	0.99982	0.00000	0.00018
19	G	0.00000	0.99982	0.00000	0.00018
20	L	0.00000	0.99994	0.00000	6e-05
21	A	0.00000	0.99995	0.00000	5e-05
22	Q	0.00000	0.99999	0.00000	0
23	T	0.00000	0.99999	0.00000	0
24	N	0.00000	0.99999	0.00000	0
25	L	0.00000	1	0.00000	0
26	S	0.00000	1	0.00000	0
27	T	0.00000	1	0.00000	0
28	A	0.00000	1	0.00000	0
29	P	0.00000	1	0.00000	0
30	S	0.00000	1	0.00000	0
31	D	0.00000	1	0.00000	0
32	N	0.00000	1	0.00000	0
33	C	0.00000	1	0.00000	0
34	S	0.00000	1	0.00000	0
35	A	0.00000	1	0.00000	0
36	E	0.00000	1	0.00000	0
37	D	0.00000	1	0.00000	0
38	Y	0.00000	1	0.00000	0
39	I	0.00000	1	0.00000	0
40	Y	0.00000	1	0.00000	0
41	Q	0.00000	1	0.00000	0
42	D	0.00000	1	0.00000	0
43	S	0.00000	1	0.00000	0
44	I	0.00000	0.99831	0.00169	0
45	A	0.00000	0.99505	0.00495	0
46	L	0.00000	0.98975	0.01025	0
47	P	0.00000	0.98628	0.01372	0
48	W	0.00000	0.9753	0.02470	0
49	K	0.00000	0.96903	0.03097	0
50	V	0.00000	0.27111	0.72889	0
51	L	0.00000	0.09595	0.90405	0
52	L	0.00000	0.0297	0.97030	0
53	I	0.00000	0.00239	0.99761	0
54	I	0.00000	0.00049	0.99951	0
55	L	0.00000	0.00016	0.99984	0
56	L	0.00000	1e-05	0.99999	0
57	A	0.00000	0	1.00000	0
58	L	0.00000	0	1.00000	0
59	I	0.00000	0	1.00000	0
60	T	0.00000	0	1.00000	0
61	L	0.00000	0	1.00000	0
62	A	0.00000	0	1.00000	0
63	T	0.00000	0	1.00000	0
64	T	0.00000	0	1.00000	0
65	L	0.00000	0	1.00000	0
66	S	0.00000	0	1.00000	0
67	N	0.00000	0	1.00000	0
68	A	0.00000	0	1.00000	0
69	F	0.00000	0	1.00000	0
70	V	0.00014	0	0.99986	0
71	I	0.00226	0	0.99774	0
72	T	0.17761	0	0.82239	0
73	T	0.49602	0	0.50398	0
74	V	0.59843	0	0.40157	0
75	Y	0.76790	0	0.23210	0
76	R	0.99706	0	0.00294	0
77	T	0.99967	0	0.00033	0
78	R	0.99999	0	0.00001	0
79	K	1.00000	0	0.00000	0
80	L	1.00000	0	0.00000	0
81	H	1.00000	0	0.00000	0
82	T	1.00000	0	0.00000	0
83	P	1.00000	0	0.00000	0
84	A	0.33043	0	0.66957	0
85	N	0.04233	0	0.95767	0
86	Y	0.00980	0	0.99020	0
87	L	0.00009	0	0.99991	0
88	I	0.00000	0	1.00000	0
89	A	0.00000	0	1.00000	0
90	S	0.00000	0	1.00000	0
91	L	0.00000	0	1.00000	0
92	A	0.00000	0	1.00000	0
93	V	0.00000	0	1.00000	0
94	T	0.00000	0	1.00000	0
95	D	0.00000	0	1.00000	0
96	L	0.00000	0	1.00000	0
97	L	0.00000	0	1.00000	0
98	V	0.00000	0	1.00000	0
99	S	0.00000	0	1.00000	0
100	I	0.00000	0	1.00000	0
101	L	0.00000	0	1.00000	0
102	V	0.00000	1e-05	0.99999	0
103	M	0.00000	0.00058	0.99942	0
104	P	0.00000	0.00892	0.99108	0
105	I	0.00000	0.15913	0.84087	0
106	S	0.00000	0.67179	0.32821	0
107	T	0.00000	0.84081	0.15919	0
108	M	0.00000	0.88942	0.11058	0
109	Y	0.00000	0.99994	0.00006	0
110	T	0.00000	0.99997	0.00003	0
111	V	0.00000	0.99997	0.00003	0
112	T	0.00000	0.99999	0.00001	0
113	G	0.00000	1	0.00000	0
114	R	0.00000	1	0.00000	0
115	W	0.00000	1	0.00000	0
116	T	0.00000	1	0.00000	0
117	L	0.00000	1	0.00000	0
118	G	0.00000	1	0.00000	0
119	Q	0.00000	0.99981	0.00019	0
120	V	0.00000	0.99799	0.00201	0
121	V	0.00000	0.99758	0.00242	0
122	C	0.00000	0.99734	0.00266	0
123	D	0.00000	0.99628	0.00372	0
124	L	0.00000	0.99457	0.00543	0
125	W	0.00000	0.82228	0.17772	0
126	L	0.00000	0.09733	0.90267	0
127	S	0.00000	0.01839	0.98161	0
128	S	0.00000	0.00346	0.99654	0
129	D	0.00000	0.0013	0.99870	0
130	I	0.00000	4e-05	0.99996	0
131	T	0.00000	0	1.00000	0
132	C	0.00000	0	1.00000	0
133	C	0.00000	0	1.00000	0
134	T	0.00000	0	1.00000	0
135	A	0.00000	0	1.00000	0
136	S	0.00000	0	1.00000	0
137	I	0.00000	0	1.00000	0
138	L	0.00000	0	1.00000	0
139	H	0.00000	0	1.00000	0
140	L	0.00000	0	1.00000	0
141	C	0.00000	0	1.00000	0
142	V	0.00001	0	0.99999	0
143	I	0.00001	0	0.99999	0
144	A	0.00005	0	0.99995	0
145	L	0.00005	0	0.99995	0
146	D	0.00010	0	0.99990	0
147	R	0.10961	0	0.89039	0
148	Y	0.45227	0	0.54773	0
149	W	0.48003	0	0.51997	0
150	A	0.79723	0	0.20277	0
151	I	1.00000	0	0.00000	0
152	T	1.00000	0	0.00000	0
153	D	1.00000	0	0.00000	0
154	A	1.00000	0	0.00000	0
155	V	1.00000	0	0.00000	0
156	E	1.00000	0	0.00000	0
157	Y	1.00000	0	0.00000	0
158	S	1.00000	0	0.00000	0
159	A	1.00000	0	0.00000	0
160	K	1.00000	0	0.00000	0
161	R	1.00000	0	0.00000	0
162	T	1.00000	0	0.00000	0
163	P	0.99999	0	0.00001	0
164	K	0.99948	0	0.00052	0
165	R	0.96513	0	0.03487	0
166	A	0.16261	0	0.83739	0
167	A	0.02089	0	0.97911	0
168	V	0.00103	0	0.99897	0
169	M	0.00016	0	0.99984	0
170	I	0.00000	0	1.00000	0
171	V	0.00000	0	1.00000	0
172	L	0.00000	0	1.00000	0
173	V	0.00000	0	1.00000	0
174	W	0.00000	0	1.00000	0
175	V	0.00000	0	1.00000	0
176	F	0.00000	0	1.00000	0
177	S	0.00000	0	1.00000	0
178	I	0.00000	0	1.00000	0
179	S	0.00000	0	1.00000	0
180	I	0.00000	0	1.00000	0
181	S	0.00000	0	1.00000	0
182	L	0.00000	0	1.00000	0
183	P	0.00000	1e-05	0.99999	0
184	P	0.00000	9e-05	0.99991	0
185	F	0.00000	0.00083	0.99917	0
186	F	0.00000	0.03032	0.96968	0
187	W	0.00000	0.48323	0.51677	0
188	R	0.00000	0.96552	0.03448	0
189	Q	0.00000	0.99435	0.00565	0
190	A	0.00000	0.99789	0.00211	0
191	K	0.00000	0.99999	0.00001	0
192	A	0.00000	1	0.00000	0
193	E	0.00000	1	0.00000	0
194	E	0.00000	1	0.00000	0
195	E	0.00000	1	0.00000	0
196	V	0.00000	1	0.00000	0
197	S	0.00000	1	0.00000	0
198	D	0.00000	1	0.00000	0
199	C	0.00000	1	0.00000	0
200	V	0.00000	1	0.00000	0
201	V	0.00000	1	0.00000	0
202	N	0.00000	1	0.00000	0
203	T	0.00000	0.99999	0.00001	0
204	D	0.00000	0.99995	0.00005	0
205	H	0.00000	0.9774	0.02260	0
206	I	0.00000	0.75802	0.24198	0
207	L	0.00000	0.267	0.73300	0
208	Y	0.00000	0.24301	0.75699	0
209	T	0.00000	0.22059	0.77941	0
210	V	0.00000	0.00435	0.99565	0
211	Y	0.00000	0.00177	0.99823	0
212	S	0.00000	0.00138	0.99862	0
213	T	0.00000	0.0001	0.99990	0
214	V	0.00000	4e-05	0.99996	0
215	G	0.00000	0	1.00000	0
216	A	0.00000	0	1.00000	0
217	F	0.00000	0	1.00000	0
218	Y	0.00000	0	1.00000	0
219	F	0.00000	0	1.00000	0
220	P	0.00000	0	1.00000	0
221	T	0.00000	0	1.00000	0
222	L	0.00000	0	1.00000	0
223	L	0.00000	0	1.00000	0
224	L	0.00000	0	1.00000	0
225	I	0.00000	0	1.00000	0
226	A	0.00001	0	0.99999	0
227	L	0.00015	0	0.99985	0
228	Y	0.00455	0	0.99545	0
229	G	0.12233	0	0.87767	0
230	R	0.28417	0	0.71583	0
231	I	0.29600	0	0.70400	0
232	Y	0.35940	0	0.64060	0
233	V	0.72125	0	0.27875	0
234	E	0.98628	0	0.01372	0
235	A	0.99984	0	0.00016	0
236	R	0.99999	0	0.00001	0
237	S	1.00000	0	0.00000	0
238	R	1.00000	0	0.00000	0
239	I	1.00000	0	0.00000	0
240	L	1.00000	0	0.00000	0
241	K	1.00000	0	0.00000	0
242	Q	1.00000	0	0.00000	0
243	T	1.00000	0	0.00000	0
244	P	1.00000	0	0.00000	0
245	N	1.00000	0	0.00000	0
246	R	1.00000	0	0.00000	0
247	T	1.00000	0	0.00000	0
248	G	1.00000	0	0.00000	0
249	K	1.00000	0	0.00000	0
250	R	1.00000	0	0.00000	0
251	L	1.00000	0	0.00000	0
252	T	1.00000	0	0.00000	0
253	R	1.00000	0	0.00000	0
254	A	1.00000	0	0.00000	0
255	Q	1.00000	0	0.00000	0
256	L	1.00000	0	0.00000	0
257	I	1.00000	0	0.00000	0
258	T	1.00000	0	0.00000	0
259	D	1.00000	0	0.00000	0
260	S	1.00000	0	0.00000	0
261	P	1.00000	0	0.00000	0
262	G	1.00000	0	0.00000	0
263	S	1.00000	0	0.00000	0
264	T	1.00000	0	0.00000	0
265	S	1.00000	0	0.00000	0
266	S	1.00000	0	0.00000	0
267	V	1.00000	0	0.00000	0
268	T	1.00000	0	0.00000	0
269	S	1.00000	0	0.00000	0
270	I	1.00000	0	0.00000	0
271	N	1.00000	0	0.00000	0
272	S	1.00000	0	0.00000	0
273	R	1.00000	0	0.00000	0
274	A	1.00000	0	0.00000	0
275	P	1.00000	0	0.00000	0
276	E	1.00000	0	0.00000	0
277	L	1.00000	0	0.00000	0
278	P	1.00000	0	0.00000	0
279	S	1.00000	0	0.00000	0
280	E	1.00000	0	0.00000	0
281	S	1.00000	0	0.00000	0
282	G	1.00000	0	0.00000	0
283	S	1.00000	0	0.00000	0
284	P	1.00000	0	0.00000	0
285	V	1.00000	0	0.00000	0
286	Y	1.00000	0	0.00000	0
287	V	1.00000	0	0.00000	0
288	N	1.00000	0	0.00000	0
289	Q	1.00000	0	0.00000	0
290	V	1.00000	0	0.00000	0
291	K	1.00000	0	0.00000	0
292	V	1.00000	0	0.00000	0
293	R	1.00000	0	0.00000	0
294	V	1.00000	0	0.00000	0
295	S	1.00000	0	0.00000	0
296	D	1.00000	0	0.00000	0
297	A	1.00000	0	0.00000	0
298	L	1.00000	0	0.00000	0
299	L	1.00000	0	0.00000	0
300	E	1.00000	0	0.00000	0
301	K	1.00000	0	0.00000	0
302	K	1.00000	0	0.00000	0
303	K	1.00000	0	0.00000	0
304	L	1.00000	0	0.00000	0
305	M	1.00000	0	0.00000	0
306	A	1.00000	0	0.00000	0
307	A	1.00000	0	0.00000	0
308	R	1.00000	0	0.00000	0
309	E	1.00000	0	0.00000	0
310	R	0.99756	0	0.00244	0
311	K	0.99727	0	0.00273	0
312	A	0.76976	0	0.23024	0
313	T	0.76861	0	0.23139	0
314	K	0.76604	0	0.23396	0
315	T	0.76333	0	0.23667	0
316	L	0.00849	0	0.99151	0
317	G	0.00160	0	0.99840	0
318	I	0.00008	0	0.99992	0
319	I	0.00004	0	0.99996	0
320	L	0.00000	0	1.00000	0
321	G	0.00000	0	1.00000	0
322	A	0.00000	0	1.00000	0
323	F	0.00000	0	1.00000	0
324	I	0.00000	0	1.00000	0
325	V	0.00000	0	1.00000	0
326	C	0.00000	0	1.00000	0
327	W	0.00000	0	1.00000	0
328	L	0.00000	0	1.00000	0
329	P	0.00000	0	1.00000	0
330	F	0.00000	0	1.00000	0
331	F	0.00000	0	1.00000	0
332	I	0.00000	2e-05	0.99998	0
333	I	0.00000	0.00023	0.99977	0
334	S	0.00000	0.00193	0.99807	0
335	L	0.00000	0.00469	0.99531	0
336	V	0.00000	0.01856	0.98144	0
337	L	0.00000	0.05772	0.94228	0
338	P	0.00000	0.30858	0.69142	0
339	I	0.00000	0.4155	0.58450	0
340	C	0.00000	0.95062	0.04938	0
341	K	0.00000	0.99948	0.00052	0
342	D	0.00000	0.99999	0.00001	0
343	A	0.00000	0.99991	0.00009	0
344	C	0.00000	0.99955	0.00045	0
345	W	0.00000	0.99667	0.00333	0
346	F	0.00000	0.99272	0.00728	0
347	H	0.00000	0.98903	0.01097	0
348	L	0.00000	0.97735	0.02265	0
349	A	0.00000	0.97232	0.02768	0
350	I	0.00000	0.96768	0.03232	0
351	F	0.00000	0.96586	0.03414	0
352	D	0.00000	0.91569	0.08431	0
353	F	0.00000	0.00888	0.99112	0
354	F	0.00000	0.00039	0.99961	0
355	T	0.00000	1e-05	0.99999	0
356	W	0.00000	0	1.00000	0
357	L	0.00000	0	1.00000	0
358	G	0.00000	0	1.00000	0
359	Y	0.00000	0	1.00000	0
360	L	0.00000	0	1.00000	0
361	N	0.00000	0	1.00000	0
362	S	0.00000	0	1.00000	0
363	L	0.00000	0	1.00000	0
364	I	0.00000	0	1.00000	0
365	N	0.00001	0	0.99999	0
366	P	0.00001	0	0.99999	0
367	I	0.00002	0	0.99998	0
368	I	0.00023	0	0.99977	0
369	Y	0.00074	0	0.99926	0
370	T	0.00157	0	0.99843	0
371	M	0.00415	0	0.99585	0
372	S	0.06326	0	0.93674	0
373	N	0.34780	0	0.65220	0
374	E	1.00000	0	0.00000	0
375	D	1.00000	0	0.00000	0
376	F	1.00000	0	0.00000	0
377	K	1.00000	0	0.00000	0
378	Q	1.00000	0	0.00000	0
379	A	1.00000	0	0.00000	0
380	F	1.00000	0	0.00000	0
381	H	1.00000	0	0.00000	0
382	K	1.00000	0	0.00000	0
383	L	1.00000	0	0.00000	0
384	I	1.00000	0	0.00000	0
385	R	1.00000	0	0.00000	0
386	F	1.00000	0	0.00000	0
387	K	1.00000	0	0.00000	0
388	C	1.00000	0	0.00000	0
389	T	1.00000	0	0.00000	0
390	S	1.00000	0	0.00000	0
