# UNNAMED
#pos	aa	i	o	M	S
1	M	0.00000	0.52802	0.00000	0.47198
2	S	0.00000	0.52802	0.00000	0.47198
3	S	0.00000	0.52802	0.00000	0.47198
4	N	0.00000	0.52802	0.00000	0.47198
5	S	0.00000	0.52802	0.00000	0.47198
6	T	0.00000	0.52802	0.00000	0.47198
7	D	0.00000	0.52802	0.00000	0.47198
8	P	0.00000	0.52802	0.00000	0.47198
9	G	0.00000	0.52802	0.00000	0.47198
10	L	0.00000	0.52802	0.00000	0.47198
11	F	0.00000	0.52802	0.00000	0.47198
12	L	0.00000	0.52802	0.00000	0.47198
13	T	0.00000	0.52802	0.00000	0.47198
14	A	0.00000	0.52802	0.00000	0.47198
15	S	0.00000	0.52802	0.00000	0.47198
16	T	0.00000	0.52802	0.00000	0.47197
17	L	0.00000	0.52802	0.00000	0.47198
18	P	0.00000	0.52802	0.00000	0.47198
19	P	0.00000	0.52802	0.00000	0.47198
20	L	0.00000	0.52802	0.00000	0.47198
21	A	0.00000	0.52802	0.00000	0.47198
22	A	0.00000	0.52803	0.00000	0.47198
23	A	0.00000	0.74405	0.00000	0.25595
24	Y	0.00000	0.91751	0.00000	0.08249
25	S	0.00000	0.91751	0.00000	0.08249
26	Q	0.00000	0.99477	0.00000	0.00523
27	S	0.00000	0.99477	0.00000	0.00522
28	N	0.00000	1	0.00000	0
29	A	0.00000	1	0.00000	0
30	P	0.00000	1	0.00000	0
31	Y	0.00000	1	0.00000	0
32	Q	0.00000	1	0.00000	0
33	G	0.00000	1	0.00000	0
34	G	0.00000	1	0.00000	0
35	T	0.00000	1	0.00000	0
36	G	0.00000	1	0.00000	0
37	G	0.00000	1	0.00000	0
38	T	0.00000	1	0.00000	0
39	P	0.00000	1	0.00000	0
40	V	0.00000	1	0.00000	0
41	V	0.00000	1	0.00000	0
42	Y	0.00000	1	0.00000	0
43	H	0.00000	1	0.00000	0
44	A	0.00000	1	0.00000	0
45	M	0.00000	1	0.00000	0
46	D	0.00000	1	0.00000	0
47	D	0.00000	1	0.00000	0
48	N	0.00000	1	0.00000	0
49	S	0.00000	1	0.00000	0
50	S	0.00000	1	0.00000	0
51	S	0.00000	1	0.00000	0
52	I	0.00000	1	0.00000	0
53	S	0.00000	1	0.00000	0
54	K	0.00000	1	0.00000	0
55	L	0.00000	1	0.00000	0
56	L	0.00000	1	0.00000	0
57	N	0.00000	1	0.00000	0
58	S	0.00000	1	0.00000	0
59	T	0.00000	1	0.00000	0
60	L	0.00000	1	0.00000	0
61	E	0.00000	1	0.00000	0
62	P	0.00000	1	0.00000	0
63	Q	0.00000	1	0.00000	0
64	N	0.00000	1	0.00000	0
65	G	0.00000	1	0.00000	0
66	T	0.00000	1	0.00000	0
67	A	0.00000	1	0.00000	0
68	T	0.00000	1	0.00000	0
69	A	0.00000	1	0.00000	0
70	A	0.00000	1	0.00000	0
71	P	0.00000	1	0.00000	0
72	D	0.00000	1	0.00000	0
73	P	0.00000	1	0.00000	0
74	L	0.00000	0.99999	0.00001	0
75	G	0.00000	0.99998	0.00002	0
76	G	0.00000	0.99719	0.00281	0
77	H	0.00000	0.97372	0.02628	0
78	A	0.00000	0.90346	0.09654	0
79	V	0.00000	0.69091	0.30909	0
80	W	0.00000	0.60835	0.39165	0
81	Q	0.00000	0.55534	0.44466	0
82	V	0.00000	0.14151	0.85849	0
83	I	0.00000	0.0234	0.97660	0
84	L	0.00000	0.01152	0.98848	0
85	I	0.00000	0.00055	0.99945	0
86	V	0.00000	7e-05	0.99993	0
87	L	0.00000	1e-05	0.99999	0
88	L	0.00000	0	1.00000	0
89	T	0.00000	0	1.00000	0
90	G	0.00000	0	1.00000	0
91	M	0.00000	0	1.00000	0
92	L	0.00000	0	1.00000	0
93	S	0.00000	0	1.00000	0
94	L	0.00000	0	1.00000	0
95	V	0.00000	0	1.00000	0
96	T	0.00000	0	1.00000	0
97	V	0.00000	0	1.00000	0
98	I	0.00000	0	1.00000	0
99	G	0.00000	0	1.00000	0
100	N	0.00001	0	0.99999	0
101	I	0.00001	0	0.99999	0
102	L	0.00013	0	0.99987	0
103	V	0.00093	0	0.99907	0
104	V	0.00373	0	0.99627	0
105	V	0.04775	0	0.95225	0
106	S	0.69077	0	0.30923	0
107	F	0.75045	0	0.24955	0
108	K	0.99371	0	0.00629	0
109	V	0.99687	0	0.00313	0
110	N	0.99992	0	0.00008	0
111	R	1.00000	0	0.00000	0
112	Q	1.00000	0	0.00000	0
113	L	0.99988	0	0.00012	0
114	K	0.99964	0	0.00036	0
115	T	0.95782	0	0.04218	0
116	V	0.58860	0	0.41140	0
117	N	0.28617	0	0.71383	0
118	N	0.06133	0	0.93867	0
119	Y	0.02437	0	0.97563	0
120	F	0.00042	0	0.99958	0
121	L	0.00003	0	0.99997	0
122	L	0.00000	0	1.00000	0
123	S	0.00000	0	1.00000	0
124	L	0.00000	0	1.00000	0
125	A	0.00000	0	1.00000	0
126	V	0.00000	0	1.00000	0
127	A	0.00000	0	1.00000	0
128	D	0.00000	0	1.00000	0
129	L	0.00000	0	1.00000	0
130	I	0.00000	0	1.00000	0
131	I	0.00000	0	1.00000	0
132	G	0.00000	0	1.00000	0
133	V	0.00000	0	1.00000	0
134	I	0.00000	0.00182	0.99818	0
135	S	0.00000	0.09655	0.90345	0
136	M	0.00000	0.14944	0.85056	0
137	N	0.00000	0.5683	0.43170	0
138	L	0.00000	0.59854	0.40146	0
139	Y	0.00000	0.68821	0.31179	0
140	T	0.00000	0.70936	0.29064	0
141	A	0.00000	0.74692	0.25308	0
142	Y	0.00000	0.76969	0.23031	0
143	L	0.00000	0.78157	0.21843	0
144	V	0.00000	0.81081	0.18919	0
145	M	0.00000	0.84314	0.15686	0
146	G	0.00000	0.93633	0.06367	0
147	Y	0.00000	0.99074	0.00926	0
148	W	0.00000	0.99567	0.00433	0
149	A	0.00000	0.99935	0.00065	0
150	M	0.00000	0.99987	0.00013	0
151	G	0.00000	1	0.00000	0
152	N	0.00000	1	0.00000	0
153	W	0.00000	1	0.00000	0
154	A	0.00000	1	0.00000	0
155	C	0.00000	0.99999	0.00001	0
156	D	0.00000	0.99996	0.00004	0
157	L	0.00000	0.99949	0.00051	0
158	W	0.00000	0.9485	0.05150	0
159	L	0.00000	0.46253	0.53747	0
160	A	0.00000	0.10626	0.89374	0
161	I	0.00000	0.00362	0.99638	0
162	D	0.00000	0.00051	0.99949	0
163	Y	0.00000	0.0004	0.99960	0
164	V	0.00000	0.00039	0.99961	0
165	A	0.00000	0.00039	0.99961	0
166	S	0.00000	0.00039	0.99961	0
167	N	0.00000	0.00039	0.99961	0
168	A	0.00000	0.00039	0.99961	0
169	S	0.00000	0.00039	0.99961	0
170	V	0.00000	0.00039	0.99961	0
171	M	0.00000	0.00039	0.99961	0
172	N	0.00000	0.00039	0.99961	0
173	L	0.00000	0.00039	0.99961	0
174	L	0.00000	0.00039	0.99961	0
175	V	0.00000	0.00039	0.99961	0
176	I	0.00000	0.00039	0.99961	0
177	S	0.00000	0.00039	0.99961	0
178	F	0.00000	0.00039	0.99961	0
179	D	0.00006	0.00039	0.99956	0
180	R	0.04812	0.00039	0.95149	0
181	Y	0.24788	0.00039	0.75174	0
182	F	0.61300	0.00039	0.38661	0
183	S	0.91034	0.00039	0.08927	0
184	I	0.99957	0.00039	0.00004	0
185	T	0.99961	0.00039	0.00000	0
186	R	0.99961	0.00039	0.00000	0
187	P	0.99961	0.00039	0.00000	0
188	L	0.99961	0.00039	0.00000	0
189	T	0.99961	0.00039	0.00000	0
190	Y	0.99961	0.00039	0.00000	0
191	R	0.99961	0.00039	0.00000	0
192	A	0.99961	0.00039	0.00000	0
193	K	0.99961	0.00039	0.00000	0
194	R	0.99961	0.00039	0.00000	0
195	T	0.99961	0.00039	0.00000	0
196	T	0.99958	0.00039	0.00003	0
197	R	0.99938	0.00038	0.00024	0
198	R	0.98286	0.00037	0.01677	0
199	A	0.27112	0.00032	0.72856	0
200	G	0.15657	0.00023	0.84320	0
201	I	0.01439	5e-05	0.98556	0
202	M	0.00398	1e-05	0.99601	0
203	I	0.00006	0	0.99994	0
204	G	0.00001	0	0.99999	0
205	L	0.00000	0	1.00000	0
206	A	0.00000	0	1.00000	0
207	W	0.00000	0	1.00000	0
208	F	0.00000	0	1.00000	0
209	V	0.00000	0	1.00000	0
210	S	0.00000	0	1.00000	0
211	L	0.00000	0	1.00000	0
212	V	0.00000	0	1.00000	0
213	L	0.00000	0	1.00000	0
214	W	0.00000	0	1.00000	0
215	A	0.00000	0	1.00000	0
216	P	0.00000	0	1.00000	0
217	A	0.00000	1e-05	0.99999	0
218	I	0.00000	0.00021	0.99979	0
219	L	0.00000	0.00628	0.99372	0
220	L	0.00000	0.08525	0.91475	0
221	W	0.00000	0.36876	0.63124	0
222	Q	0.00000	0.85185	0.14815	0
223	F	0.00000	0.87784	0.12215	0
224	L	0.00001	0.93099	0.06900	0
225	E	0.00002	0.99909	0.00090	0
226	G	0.00036	0.99958	0.00005	0
227	K	0.00039	0.99961	0.00000	0
228	R	0.00039	0.99961	0.00000	0
229	T	0.00039	0.99961	0.00000	0
230	V	0.00039	0.99961	0.00000	0
231	P	0.00039	0.99961	0.00000	0
232	S	0.00039	0.99961	0.00000	0
233	G	0.00039	0.99961	0.00000	0
234	E	0.00039	0.99961	0.00000	0
235	C	0.00039	0.99961	0.00000	0
236	Y	0.00039	0.99956	0.00006	0
237	I	0.00039	0.99944	0.00018	0
238	Q	0.00039	0.99732	0.00229	0
239	F	0.00039	0.99678	0.00284	0
240	L	0.00039	0.99641	0.00320	0
241	S	0.00039	0.99547	0.00414	0
242	Q	0.00039	0.99415	0.00547	0
243	P	0.00037	0.90866	0.09097	0
244	I	0.00005	0.87254	0.12742	0
245	I	0.00001	0.86151	0.13849	0
246	T	0.00000	0.84353	0.15647	0
247	F	0.00000	0.83545	0.16455	0
248	C	0.00000	0.83465	0.16535	0
249	T	0.00000	0.83412	0.16588	0
250	A	0.00000	0.8337	0.16630	0
251	M	0.00000	0.8337	0.16630	0
252	A	0.00000	0.8337	0.16630	0
253	A	0.00000	0.8337	0.16630	0
254	F	0.00000	0.8337	0.16630	0
255	Y	0.00000	0.8337	0.16630	0
256	L	0.00000	0.8337	0.16630	0
257	P	0.00000	0.8337	0.16630	0
258	V	0.00000	0.8337	0.16630	0
259	T	0.00000	0.8337	0.16629	0
260	I	0.00000	0.8337	0.16629	0
261	M	0.00001	0.8337	0.16629	0
262	S	0.00001	0.8337	0.16628	0
263	V	0.00002	0.8337	0.16627	0
264	L	0.00006	0.83371	0.16622	0
265	Y	0.00027	0.83382	0.16591	0
266	W	0.00150	0.834	0.16450	0
267	R	0.02839	0.83408	0.13753	0
268	I	0.03345	0.83409	0.13247	0
269	Y	0.05513	0.83409	0.11078	0
270	K	0.16504	0.83409	0.00087	0
271	E	0.16587	0.83409	0.00004	0
272	T	0.16591	0.83409	0.00000	0
273	Q	0.16591	0.83409	0.00000	0
274	N	0.16591	0.83409	0.00000	0
275	R	0.16591	0.83409	0.00000	0
276	S	0.16591	0.83409	0.00000	0
277	K	0.16591	0.83409	0.00000	0
278	E	0.16591	0.83409	0.00000	0
279	L	0.16591	0.83409	0.00000	0
280	A	0.16591	0.83409	0.00000	0
281	G	0.16591	0.83409	0.00000	0
282	L	0.16591	0.83409	0.00000	0
283	Q	0.16591	0.83409	0.00000	0
284	G	0.16591	0.83409	0.00000	0
285	S	0.16591	0.83409	0.00000	0
286	S	0.16591	0.83409	0.00000	0
287	G	0.16591	0.83409	0.00000	0
288	I	0.16591	0.83409	0.00000	0
289	G	0.16591	0.83409	0.00000	0
290	A	0.16591	0.83409	0.00000	0
291	R	0.16591	0.83409	0.00000	0
292	G	0.16591	0.83409	0.00000	0
293	V	0.16591	0.83409	0.00000	0
294	N	0.16591	0.83409	0.00000	0
295	G	0.16591	0.83409	0.00000	0
296	G	0.16591	0.83409	0.00000	0
297	G	0.16591	0.83409	0.00000	0
298	E	0.16591	0.83409	0.00000	0
299	R	0.16591	0.83409	0.00000	0
300	A	0.16591	0.83409	0.00000	0
301	R	0.16591	0.83409	0.00000	0
302	F	0.16591	0.83409	0.00000	0
303	V	0.16591	0.83409	0.00000	0
304	H	0.16591	0.83409	0.00000	0
305	Q	0.16591	0.83409	0.00000	0
306	T	0.16591	0.83409	0.00000	0
307	G	0.16591	0.83409	0.00000	0
308	S	0.16591	0.83409	0.00000	0
309	S	0.16591	0.83409	0.00000	0
310	R	0.16591	0.83409	0.00000	0
311	S	0.16591	0.83409	0.00000	0
312	C	0.16591	0.83409	0.00000	0
313	S	0.16591	0.83409	0.00000	0
314	S	0.16591	0.83409	0.00000	0
315	Y	0.16591	0.83409	0.00000	0
316	E	0.16591	0.83409	0.00000	0
317	L	0.16591	0.83409	0.00000	0
318	T	0.16591	0.83409	0.00000	0
319	R	0.16591	0.83409	0.00000	0
320	L	0.16591	0.83409	0.00000	0
321	S	0.16591	0.83409	0.00000	0
322	R	0.16591	0.83409	0.00000	0
323	R	0.16591	0.83409	0.00000	0
324	K	0.16591	0.83409	0.00000	0
325	S	0.16591	0.83409	0.00000	0
326	T	0.16591	0.83409	0.00000	0
327	C	0.16591	0.83409	0.00000	0
328	R	0.16591	0.83409	0.00000	0
329	E	0.16591	0.83409	0.00000	0
330	L	0.16588	0.83409	0.00003	0
331	V	0.16588	0.83409	0.00003	0
332	G	0.16588	0.83409	0.00003	0
333	R	0.16588	0.83409	0.00003	0
334	F	0.16588	0.83409	0.00003	0
335	H	0.16588	0.83409	0.00003	0
336	C	0.16588	0.83409	0.00003	0
337	W	0.16588	0.83409	0.00003	0
338	P	0.16588	0.83409	0.00003	0
339	G	0.16588	0.83409	0.00003	0
340	V	0.16588	0.83409	0.00003	0
341	R	0.16588	0.83409	0.00003	0
342	S	0.16588	0.83409	0.00003	0
343	W	0.16588	0.83409	0.00003	0
344	R	0.16588	0.83409	0.00003	0
345	P	0.16588	0.83409	0.00003	0
346	G	0.16588	0.83409	0.00003	0
347	S	0.16588	0.83409	0.00003	0
348	M	0.16588	0.83409	0.00003	0
349	R	0.16588	0.83412	0.00000	0
350	Q	0.16588	0.83412	0.00000	0
351	G	0.16588	0.83412	0.00000	0
352	D	0.16588	0.83412	0.00000	0
353	G	0.16588	0.83412	0.00000	0
354	D	0.16588	0.83412	0.00000	0
355	P	0.16588	0.83412	0.00000	0
356	D	0.16588	0.83412	0.00000	0
357	Q	0.16588	0.83412	0.00000	0
358	S	0.16588	0.83412	0.00000	0
359	S	0.16588	0.83412	0.00000	0
360	S	0.16588	0.83412	0.00000	0
361	D	0.16588	0.83412	0.00000	0
362	S	0.16588	0.83412	0.00000	0
363	W	0.16588	0.83412	0.00000	0
364	N	0.16588	0.83412	0.00000	0
365	N	0.16588	0.83412	0.00000	0
366	N	0.16588	0.83412	0.00000	0
367	D	0.16588	0.83412	0.00000	0
368	A	0.16588	0.83412	0.00000	0
369	A	0.16588	0.83412	0.00000	0
370	V	0.16588	0.83412	0.00000	0
371	S	0.16588	0.83412	0.00000	0
372	L	0.16588	0.83412	0.00000	0
373	D	0.16588	0.83412	0.00000	0
374	Q	0.16588	0.83412	0.00000	0
375	S	0.16588	0.83412	0.00000	0
376	G	0.16588	0.83412	0.00000	0
377	S	0.16588	0.83412	0.00000	0
378	S	0.16588	0.83412	0.00000	0
379	E	0.16588	0.83412	0.00000	0
380	D	0.16588	0.83412	0.00000	0
381	E	0.16588	0.83412	0.00000	0
382	D	0.16588	0.83412	0.00000	0
383	C	0.16588	0.83412	0.00000	0
384	G	0.16588	0.83411	0.00000	0
385	G	0.16588	0.83402	0.00010	0
386	R	0.16588	0.83399	0.00012	0
387	D	0.16588	0.83314	0.00098	0
388	M	0.16588	0.00596	0.82816	0
389	I	0.16588	0.0017	0.83242	0
390	P	0.16588	0.00165	0.83247	0
391	Q	0.16588	0.00163	0.83249	0
392	S	0.16588	0.00037	0.83375	0
393	H	0.16588	0.00031	0.83381	0
394	A	0.16588	1e-05	0.83411	0
395	I	0.16588	1e-05	0.83411	0
396	F	0.16588	0	0.83412	0
397	S	0.16588	0	0.83412	0
398	I	0.16588	0	0.83412	0
399	V	0.16588	0	0.83412	0
400	L	0.16588	0	0.83412	0
401	S	0.16588	0	0.83412	0
402	L	0.16588	0	0.83412	0
403	P	0.16588	0	0.83412	0
404	G	0.16588	0	0.83412	0
405	I	0.16589	0	0.83411	0
406	K	0.16591	0	0.83409	0
407	A	0.16591	0	0.83409	0
408	A	0.16593	0	0.83407	0
409	V	0.17267	0	0.82733	0
410	N	0.74170	0	0.25830	0
411	S	0.98790	0	0.01210	0
412	Q	0.99730	0	0.00270	0
413	L	0.99753	0	0.00247	0
414	T	0.99832	0	0.00168	0
415	S	0.99858	0	0.00142	0
416	C	0.99867	0	0.00133	0
417	E	0.99990	0	0.00010	0
418	D	0.99999	0	0.00001	0
419	L	0.99999	0	0.00001	0
420	D	1.00000	0	0.00000	0
421	G	1.00000	0	0.00000	0
422	A	1.00000	0	0.00000	0
423	S	1.00000	0	0.00000	0
424	E	1.00000	0	0.00000	0
425	E	1.00000	0	0.00000	0
426	D	1.00000	0	0.00000	0
427	P	1.00000	0	0.00000	0
428	L	1.00000	0	0.00000	0
429	R	1.00000	0	0.00000	0
430	A	1.00000	0	0.00000	0
431	A	1.00000	0	0.00000	0
432	E	1.00000	0	0.00000	0
433	Y	1.00000	0	0.00000	0
434	N	1.00000	0	0.00000	0
435	R	1.00000	0	0.00000	0
436	D	1.00000	0	0.00000	0
437	S	1.00000	0	0.00000	0
438	L	1.00000	0	0.00000	0
439	S	1.00000	0	0.00000	0
440	S	1.00000	0	0.00000	0
441	V	1.00000	0	0.00000	0
442	A	1.00000	0	0.00000	0
443	P	1.00000	0	0.00000	0
444	N	1.00000	0	0.00000	0
445	T	1.00000	0	0.00000	0
446	I	1.00000	0	0.00000	0
447	A	1.00000	0	0.00000	0
448	T	1.00000	0	0.00000	0
449	V	1.00000	0	0.00000	0
450	T	1.00000	0	0.00000	0
451	P	1.00000	0	0.00000	0
452	E	1.00000	0	0.00000	0
453	G	1.00000	0	0.00000	0
454	Q	1.00000	0	0.00000	0
455	N	1.00000	0	0.00000	0
456	S	1.00000	0	0.00000	0
457	S	1.00000	0	0.00000	0
458	E	1.00000	0	0.00000	0
459	N	1.00000	0	0.00000	0
460	S	1.00000	0	0.00000	0
461	Y	1.00000	0	0.00000	0
462	H	1.00000	0	0.00000	0
463	Q	1.00000	0	0.00000	0
464	R	1.00000	0	0.00000	0
465	F	1.00000	0	0.00000	0
466	C	1.00000	0	0.00000	0
467	S	1.00000	0	0.00000	0
468	R	1.00000	0	0.00000	0
469	K	1.00000	0	0.00000	0
470	I	1.00000	0	0.00000	0
471	Q	1.00000	0	0.00000	0
472	S	1.00000	0	0.00000	0
473	L	1.00000	0	0.00000	0
474	S	1.00000	0	0.00000	0
475	S	1.00000	0	0.00000	0
476	I	1.00000	0	0.00000	0
477	Q	1.00000	0	0.00000	0
478	A	1.00000	0	0.00000	0
479	T	1.00000	0	0.00000	0
480	S	1.00000	0	0.00000	0
481	N	1.00000	0	0.00000	0
482	H	1.00000	0	0.00000	0
483	R	1.00000	0	0.00000	0
484	S	1.00000	0	0.00000	0
485	L	1.00000	0	0.00000	0
486	D	1.00000	0	0.00000	0
487	G	1.00000	0	0.00000	0
488	T	1.00000	0	0.00000	0
489	P	1.00000	0	0.00000	0
490	V	1.00000	0	0.00000	0
491	T	1.00000	0	0.00000	0
492	T	1.00000	0	0.00000	0
493	T	1.00000	0	0.00000	0
494	T	1.00000	0	0.00000	0
495	A	1.00000	0	0.00000	0
496	S	1.00000	0	0.00000	0
497	D	1.00000	0	0.00000	0
498	S	1.00000	0	0.00000	0
499	T	1.00000	0	0.00000	0
500	T	1.00000	0	0.00000	0
501	T	1.00000	0	0.00000	0
502	S	1.00000	0	0.00000	0
503	T	1.00000	0	0.00000	0
504	T	1.00000	0	0.00000	0
505	T	1.00000	0	0.00000	0
506	K	1.00000	0	0.00000	0
507	S	1.00000	0	0.00000	0
508	P	1.00000	0	0.00000	0
509	S	1.00000	0	0.00000	0
510	G	1.00000	0	0.00000	0
511	P	1.00000	0	0.00000	0
512	M	1.00000	0	0.00000	0
513	S	1.00000	0	0.00000	0
514	F	1.00000	0	0.00000	0
515	K	1.00000	0	0.00000	0
516	E	1.00000	0	0.00000	0
517	A	1.00000	0	0.00000	0
518	A	1.00000	0	0.00000	0
519	L	1.00000	0	0.00000	0
520	A	1.00000	0	0.00000	0
521	K	1.00000	0	0.00000	0
522	R	1.00000	0	0.00000	0
523	F	1.00000	0	0.00000	0
524	A	1.00000	0	0.00000	0
525	A	1.00000	0	0.00000	0
526	R	1.00000	0	0.00000	0
527	A	1.00000	0	0.00000	0
528	R	1.00000	0	0.00000	0
529	T	1.00000	0	0.00000	0
530	Q	1.00000	0	0.00000	0
531	I	1.00000	0	0.00000	0
532	T	1.00000	0	0.00000	0
533	K	1.00000	0	0.00000	0
534	R	1.00000	0	0.00000	0
535	K	1.00000	0	0.00000	0
536	R	1.00000	0	0.00000	0
537	M	1.00000	0	0.00000	0
538	S	1.00000	0	0.00000	0
539	L	1.00000	0	0.00000	0
540	V	1.00000	0	0.00000	0
541	K	1.00000	0	0.00000	0
542	E	1.00000	0	0.00000	0
543	K	0.97776	0	0.02224	0
544	K	0.97655	0	0.02345	0
545	A	0.30999	0	0.69001	0
546	A	0.25631	0	0.74369	0
547	Q	0.25111	0	0.74889	0
548	T	0.22299	0	0.77701	0
549	L	0.09810	0	0.90190	0
550	S	0.02697	0	0.97303	0
551	A	0.00255	0	0.99745	0
552	I	0.00025	0	0.99975	0
553	L	0.00012	0	0.99988	0
554	F	0.00003	0	0.99997	0
555	A	0.00003	0	0.99997	0
556	F	0.00003	0	0.99997	0
557	I	0.00003	0	0.99997	0
558	I	0.00003	0	0.99997	0
559	T	0.00003	0	0.99997	0
560	W	0.00003	0	0.99997	0
561	T	0.00003	0	0.99997	0
562	P	0.00003	0	0.99997	0
563	Y	0.00003	1e-05	0.99996	0
564	N	0.00003	0.0001	0.99987	0
565	I	0.00003	0.00016	0.99981	0
566	M	0.00003	0.00087	0.99910	0
567	V	0.00003	0.01084	0.98913	0
568	L	0.00003	0.09551	0.90447	0
569	I	0.00003	0.22164	0.77834	0
570	N	0.00003	0.59244	0.40753	0
571	A	0.00003	0.63804	0.36193	0
572	F	0.00003	0.69661	0.30336	0
573	C	0.00003	0.9752	0.02477	0
574	K	0.00003	0.99962	0.00036	0
575	T	0.00003	0.99987	0.00010	0
576	C	0.00003	0.99995	0.00002	0
577	I	0.00003	0.99995	0.00002	0
578	P	0.00003	0.99929	0.00068	0
579	E	0.00003	0.99044	0.00953	0
580	T	0.00003	0.85811	0.14186	0
581	L	0.00003	0.82521	0.17476	0
582	W	0.00003	0.81302	0.18696	0
583	A	0.00003	0.32278	0.67719	0
584	V	0.00003	0.01877	0.98121	0
585	G	0.00003	0.01223	0.98774	0
586	Y	0.00003	0.00067	0.99930	0
587	W	0.00003	1e-05	0.99997	0
588	L	0.00003	1e-05	0.99997	0
589	C	0.00003	1e-05	0.99997	0
590	Y	0.00003	1e-05	0.99997	0
591	V	0.00003	1e-05	0.99997	0
592	N	0.00003	1e-05	0.99997	0
593	S	0.00003	1e-05	0.99997	0
594	T	0.00003	0	0.99997	0
595	V	0.00003	0	0.99997	0
596	N	0.00003	0	0.99997	0
597	P	0.00003	0	0.99997	0
598	M	0.00003	0	0.99997	0
599	C	0.00005	0	0.99995	0
600	Y	0.00031	0	0.99969	0
601	A	0.00168	0	0.99832	0
602	L	0.00605	0	0.99395	0
603	C	0.11870	0	0.88130	0
604	N	0.31017	0	0.68983	0
605	K	0.99999	0	0.00001	0
606	T	0.99999	0	0.00001	0
607	F	0.99999	0	0.00001	0
608	R	0.99999	0	0.00001	0
609	T	0.99999	0	0.00001	0
610	T	0.99999	0	0.00001	0
611	F	0.99999	0	0.00001	0
612	K	0.99999	0	0.00001	0
613	M	0.99999	0	0.00001	0
614	I	0.99999	0	0.00001	0
615	L	0.99999	0	0.00001	0
616	L	0.99999	0	0.00001	0
617	C	0.99999	0	0.00001	0
618	R	1.00000	0	0.00000	0
619	W	1.00000	0	0.00000	0
620	D	1.00000	0	0.00000	0
621	Q	1.00000	0	0.00000	0
622	K	1.00000	0	0.00000	0
623	K	1.00000	0	0.00000	0
624	R	1.00000	0	0.00000	0
625	R	1.00000	0	0.00000	0
626	K	1.00000	0	0.00000	0
627	Q	1.00000	0	0.00000	0
628	Q	1.00000	0	0.00000	0
629	F	1.00000	0	0.00000	0
630	Q	1.00000	0	0.00000	0
631	Q	1.00000	0	0.00000	0
632	R	1.00000	0	0.00000	0
633	H	1.00000	0	0.00000	0
634	S	1.00000	0	0.00000	0
635	S	1.00000	0	0.00000	0
636	V	1.00000	0	0.00000	0
637	V	1.00000	0	0.00000	0
638	F	1.00000	0	0.00000	0
639	H	1.00000	0	0.00000	0
640	R	1.00000	0	0.00000	0
641	R	1.00000	0	0.00000	0
642	I	1.00000	0	0.00000	0
643	P	1.00000	0	0.00000	0
644	R	1.00000	0	0.00000	0
645	E	1.00000	0	0.00000	0
646	S	1.00000	0	0.00000	0
647	T	1.00000	0	0.00000	0
