# UNNAMED
#pos	aa	i	o	M	S
1	M	0.00000	0.99993	0.00000	7e-05
2	H	0.00000	0.99993	0.00000	7e-05
3	N	0.00000	0.99993	0.00000	7e-05
4	I	0.00000	0.99993	0.00000	7e-05
5	T	0.00000	0.99993	0.00000	7e-05
6	A	0.00000	0.99993	0.00000	7e-05
7	E	0.00000	0.99993	0.00000	7e-05
8	I	0.00000	0.99993	0.00000	6e-05
9	P	0.00000	0.99993	0.00000	6e-05
10	H	0.00000	0.99993	0.00000	7e-05
11	A	0.00000	0.99993	0.00000	6e-05
12	A	0.00000	0.99993	0.00000	6e-05
13	A	0.00000	0.99993	0.00000	7e-05
14	T	0.00000	0.99993	0.00000	7e-05
15	C	0.00000	0.99993	0.00000	7e-05
16	N	0.00000	0.99994	0.00000	5e-05
17	E	0.00000	0.99995	0.00000	5e-05
18	T	0.00000	0.99995	0.00000	5e-05
19	W	0.00000	0.99995	0.00000	5e-05
20	L	0.00000	0.99995	0.00000	5e-05
21	I	0.00000	1	0.00000	0
22	P	0.00000	1	0.00000	0
23	S	0.00000	1	0.00000	0
24	P	0.00000	0.99999	0.00001	0
25	S	0.00000	0.99994	0.00005	0
26	S	0.00000	0.99972	0.00028	0
27	E	0.00000	0.99899	0.00101	0
28	F	0.00000	0.94562	0.05438	0
29	S	0.00000	0.92531	0.07469	0
30	L	0.00000	0.7639	0.23610	0
31	G	0.00000	0.63477	0.36523	0
32	V	0.00000	0.32801	0.67199	0
33	L	0.00000	0.17231	0.82769	0
34	V	0.00000	0.07109	0.92891	0
35	L	0.00000	0.03612	0.96388	0
36	L	0.00000	0.02036	0.97964	0
37	A	0.00000	0.00829	0.99171	0
38	L	0.00000	0.00202	0.99798	0
39	L	0.00000	0.00014	0.99986	0
40	M	0.00000	6e-05	0.99994	0
41	V	0.00000	0	1.00000	0
42	L	0.00000	0	1.00000	0
43	L	0.00000	0	1.00000	0
44	C	0.00000	0	1.00000	0
45	L	0.00000	0	1.00000	0
46	V	0.00000	0	1.00000	0
47	T	0.00000	0	1.00000	0
48	I	0.00000	0	1.00000	0
49	L	0.00000	0	1.00000	0
50	G	0.00000	0	1.00000	0
51	N	0.00000	0	1.00000	0
52	I	0.00000	0	1.00000	0
53	L	0.00000	0	1.00000	0
54	V	0.00000	0	1.00000	0
55	I	0.00002	0	0.99998	0
56	L	0.00161	0	0.99839	0
57	A	0.04081	0	0.95919	0
58	F	0.08486	0	0.91514	0
59	V	0.35774	0	0.64226	0
60	M	0.85681	0	0.14319	0
61	D	0.99919	0	0.00081	0
62	K	0.99999	0	0.00001	0
63	N	1.00000	0	0.00000	0
64	L	1.00000	0	0.00000	0
65	R	1.00000	0	0.00000	0
66	H	0.99999	0	0.00001	0
67	R	0.99998	0	0.00002	0
68	S	0.99327	0	0.00673	0
69	N	0.88626	0	0.11374	0
70	Y	0.32504	0	0.67496	0
71	F	0.00341	0	0.99659	0
72	F	0.00009	0	0.99991	0
73	L	0.00000	0	1.00000	0
74	N	0.00000	0	1.00000	0
75	L	0.00000	0	1.00000	0
76	A	0.00000	0	1.00000	0
77	V	0.00000	0	1.00000	0
78	S	0.00000	0	1.00000	0
79	D	0.00000	0	1.00000	0
80	F	0.00000	0	1.00000	0
81	A	0.00000	0	1.00000	0
82	V	0.00000	0	1.00000	0
83	G	0.00000	0	1.00000	0
84	V	0.00000	0	1.00000	0
85	F	0.00000	0	1.00000	0
86	C	0.00000	0	1.00000	0
87	M	0.00000	0	1.00000	0
88	P	0.00000	2e-05	0.99998	0
89	L	0.00000	0.0001	0.99990	0
90	Y	0.00000	0.00061	0.99939	0
91	I	0.00000	0.00086	0.99914	0
92	P	0.00000	0.46105	0.53895	0
93	Y	0.00000	0.99977	0.00023	0
94	S	0.00000	0.99992	0.00008	0
95	L	0.00000	0.99995	0.00005	0
96	T	0.00000	0.99999	0.00001	0
97	G	0.00000	1	0.00000	0
98	K	0.00000	1	0.00000	0
99	W	0.00000	1	0.00000	0
100	H	0.00000	1	0.00000	0
101	L	0.00000	1	0.00000	0
102	G	0.00000	1	0.00000	0
103	R	0.00000	1	0.00000	0
104	G	0.00000	1	0.00000	0
105	I	0.00000	1	0.00000	0
106	C	0.00000	1	0.00000	0
107	K	0.00000	1	0.00000	0
108	L	0.00000	0.99972	0.00028	0
109	W	0.00000	0.95537	0.04463	0
110	L	0.00000	0.32862	0.67138	0
111	A	0.00000	0.12092	0.87908	0
112	M	0.00000	0.00191	0.99809	0
113	D	0.00000	0.00067	0.99933	0
114	Y	0.00000	5e-05	0.99995	0
115	L	0.00000	0	1.00000	0
116	L	0.00000	0	1.00000	0
117	C	0.00000	0	1.00000	0
118	T	0.00000	0	1.00000	0
119	A	0.00000	0	1.00000	0
120	S	0.00000	0	1.00000	0
121	V	0.00000	0	1.00000	0
122	F	0.00000	0	1.00000	0
123	N	0.00000	0	1.00000	0
124	I	0.00000	0	1.00000	0
125	V	0.00000	0	1.00000	0
126	L	0.00000	0	1.00000	0
127	I	0.00000	0	1.00000	0
128	S	0.00000	0	1.00000	0
129	Y	0.00000	0	1.00000	0
130	D	0.00001	0	0.99999	0
131	R	0.00270	0	0.99730	0
132	F	0.02708	0	0.97292	0
133	L	0.08894	0	0.91106	0
134	S	0.81035	0	0.18965	0
135	V	0.99991	0	0.00009	0
136	T	1.00000	0	0.00000	0
137	K	1.00000	0	0.00000	0
138	A	1.00000	0	0.00000	0
139	V	1.00000	0	0.00000	0
140	S	1.00000	0	0.00000	0
141	Y	1.00000	0	0.00000	0
142	R	1.00000	0	0.00000	0
143	A	1.00000	0	0.00000	0
144	Q	1.00000	0	0.00000	0
145	Q	0.99999	0	0.00001	0
146	G	0.99939	0	0.00061	0
147	I	0.99931	0	0.00069	0
148	T	0.99931	0	0.00069	0
149	S	0.99918	0	0.00082	0
150	N	0.99766	0	0.00234	0
151	P	0.98411	0	0.01589	0
152	A	0.45306	0	0.54694	0
153	I	0.02011	0	0.97989	0
154	E	0.01245	0	0.98755	0
155	M	0.00290	0	0.99710	0
156	V	0.00014	0	0.99986	0
157	A	0.00001	0	0.99999	0
158	I	0.00000	0	1.00000	0
159	W	0.00000	0	1.00000	0
160	V	0.00000	0	1.00000	0
161	L	0.00000	0	1.00000	0
162	A	0.00000	0	1.00000	0
163	F	0.00000	0	1.00000	0
164	L	0.00000	0	1.00000	0
165	L	0.00000	0	1.00000	0
166	Y	0.00000	0.00015	0.99985	0
167	C	0.00000	0.00062	0.99938	0
168	P	0.00000	0.00066	0.99934	0
169	A	0.00000	0.00067	0.99933	0
170	I	0.00000	0.00068	0.99932	0
171	L	0.00000	0.00089	0.99911	0
172	F	0.00000	0.00273	0.99727	0
173	W	0.00000	0.2346	0.76540	0
174	E	0.00000	0.9787	0.02130	0
175	H	0.00000	0.99008	0.00992	0
176	V	0.00000	0.99263	0.00737	0
177	A	0.00000	0.99615	0.00385	0
178	G	0.00000	0.99966	0.00034	0
179	H	0.00000	0.99998	0.00002	0
180	S	0.00000	1	0.00000	0
181	V	0.00000	1	0.00000	0
182	V	0.00000	1	0.00000	0
183	P	0.00000	1	0.00000	0
184	V	0.00000	1	0.00000	0
185	D	0.00000	1	0.00000	0
186	Q	0.00000	1	0.00000	0
187	C	0.00000	1	0.00000	0
188	H	0.00000	0.99997	0.00003	0
189	A	0.00000	0.99905	0.00095	0
190	E	0.00000	0.99884	0.00116	0
191	F	0.00000	0.94803	0.05197	0
192	F	0.00000	0.94008	0.05992	0
193	H	0.00000	0.93887	0.06113	0
194	N	0.00000	0.93483	0.06517	0
195	W	0.00000	0.52055	0.47945	0
196	Y	0.00000	0.48446	0.51554	0
197	F	0.00000	0.05818	0.94182	0
198	L	0.00000	0.04254	0.95746	0
199	L	0.00000	0.04215	0.95785	0
200	C	0.00000	0.00068	0.99932	0
201	A	0.00000	0.00023	0.99977	0
202	S	0.00000	0.00018	0.99982	0
203	T	0.00000	0.00012	0.99988	0
204	L	0.00000	0	1.00000	0
205	E	0.00000	0	1.00000	0
206	F	0.00000	0	1.00000	0
207	F	0.00000	0	1.00000	0
208	V	0.00000	0	1.00000	0
209	P	0.00000	0	1.00000	0
210	L	0.00000	0	1.00000	0
211	L	0.00000	0	1.00000	0
212	L	0.00000	0	1.00000	0
213	V	0.00001	0	0.99999	0
214	T	0.00013	0	0.99987	0
215	Y	0.00106	0	0.99894	0
216	F	0.00874	0	0.99126	0
217	N	0.10895	0	0.89105	0
218	M	0.14027	0	0.85973	0
219	H	0.19644	0	0.80356	0
220	I	0.25171	0	0.74829	0
221	F	0.31266	0	0.68734	0
222	H	0.79106	0	0.20894	0
223	N	0.97598	0	0.02402	0
224	I	0.99613	0	0.00387	0
225	Q	0.99994	0	0.00006	0
226	R	1.00000	0	0.00000	0
227	R	1.00000	0	0.00000	0
228	Q	1.00000	0	0.00000	0
229	R	1.00000	0	0.00000	0
230	R	1.00000	0	0.00000	0
231	G	1.00000	0	0.00000	0
232	S	1.00000	0	0.00000	0
233	V	1.00000	0	0.00000	0
234	Q	1.00000	0	0.00000	0
235	D	1.00000	0	0.00000	0
236	C	1.00000	0	0.00000	0
237	E	1.00000	0	0.00000	0
238	S	1.00000	0	0.00000	0
239	A	1.00000	0	0.00000	0
240	R	1.00000	0	0.00000	0
241	S	1.00000	0	0.00000	0
242	S	1.00000	0	0.00000	0
243	S	1.00000	0	0.00000	0
244	L	1.00000	0	0.00000	0
245	S	1.00000	0	0.00000	0
246	W	1.00000	0	0.00000	0
247	R	1.00000	0	0.00000	0
248	F	1.00000	0	0.00000	0
249	C	1.00000	0	0.00000	0
250	G	1.00000	0	0.00000	0
251	L	1.00000	0	0.00000	0
252	P	1.00000	0	0.00000	0
253	R	1.00000	0	0.00000	0
254	P	1.00000	0	0.00000	0
255	G	1.00000	0	0.00000	0
256	A	1.00000	0	0.00000	0
257	S	1.00000	0	0.00000	0
258	S	1.00000	0	0.00000	0
259	P	1.00000	0	0.00000	0
260	S	1.00000	0	0.00000	0
261	S	1.00000	0	0.00000	0
262	E	1.00000	0	0.00000	0
263	A	1.00000	0	0.00000	0
264	E	1.00000	0	0.00000	0
265	D	1.00000	0	0.00000	0
266	S	1.00000	0	0.00000	0
267	V	1.00000	0	0.00000	0
268	S	1.00000	0	0.00000	0
269	S	1.00000	0	0.00000	0
270	S	1.00000	0	0.00000	0
271	V	1.00000	0	0.00000	0
272	R	1.00000	0	0.00000	0
273	P	1.00000	0	0.00000	0
274	K	1.00000	0	0.00000	0
275	K	1.00000	0	0.00000	0
276	E	1.00000	0	0.00000	0
277	S	1.00000	0	0.00000	0
278	L	1.00000	0	0.00000	0
279	E	1.00000	0	0.00000	0
280	T	1.00000	0	0.00000	0
281	D	1.00000	0	0.00000	0
282	C	1.00000	0	0.00000	0
283	S	1.00000	0	0.00000	0
284	S	1.00000	0	0.00000	0
285	P	1.00000	0	0.00000	0
286	S	1.00000	0	0.00000	0
287	R	1.00000	0	0.00000	0
288	G	1.00000	0	0.00000	0
289	N	1.00000	0	0.00000	0
290	S	1.00000	0	0.00000	0
291	V	1.00000	0	0.00000	0
292	T	1.00000	0	0.00000	0
293	P	1.00000	0	0.00000	0
294	E	1.00000	0	0.00000	0
295	N	1.00000	0	0.00000	0
296	D	1.00000	0	0.00000	0
297	F	1.00000	0	0.00000	0
298	S	1.00000	0	0.00000	0
299	A	1.00000	0	0.00000	0
300	S	1.00000	0	0.00000	0
301	F	1.00000	0	0.00000	0
302	C	1.00000	0	0.00000	0
303	L	1.00000	0	0.00000	0
304	K	1.00000	0	0.00000	0
305	T	1.00000	0	0.00000	0
306	G	1.00000	0	0.00000	0
307	S	1.00000	0	0.00000	0
308	K	1.00000	0	0.00000	0
309	L	1.00000	0	0.00000	0
310	Q	1.00000	0	0.00000	0
311	R	1.00000	0	0.00000	0
312	D	1.00000	0	0.00000	0
313	K	0.76844	0	0.23156	0
314	K	0.76610	0	0.23390	0
315	I	0.49449	0	0.50551	0
316	A	0.48741	0	0.51259	0
317	K	0.48250	0	0.51750	0
318	S	0.30964	0	0.69036	0
319	L	0.00466	0	0.99534	0
320	A	0.00005	0	0.99995	0
321	I	0.00001	0	0.99999	0
322	I	0.00000	0	1.00000	0
323	V	0.00000	0	1.00000	0
324	C	0.00000	0	1.00000	0
325	V	0.00000	0	1.00000	0
326	F	0.00000	0	1.00000	0
327	A	0.00000	0	1.00000	0
328	I	0.00000	0	1.00000	0
329	C	0.00000	0	1.00000	0
330	W	0.00000	0	1.00000	0
331	A	0.00000	0	1.00000	0
332	P	0.00000	0	1.00000	0
333	Y	0.00000	0	1.00000	0
334	S	0.00000	2e-05	0.99998	0
335	L	0.00000	0.00021	0.99979	0
336	L	0.00000	0.00176	0.99824	0
337	M	0.00000	0.00812	0.99188	0
338	I	0.00000	0.09982	0.90018	0
339	I	0.00000	0.20405	0.79595	0
340	R	0.00000	0.89332	0.10668	0
341	G	0.00000	0.94494	0.05506	0
342	A	0.00000	0.96467	0.03533	0
343	C	0.00000	0.99612	0.00388	0
344	Q	0.00000	0.99954	0.00046	0
345	G	0.00000	0.99999	0.00001	0
346	T	0.00000	1	0.00000	0
347	C	0.00000	1	0.00000	0
348	V	0.00000	1	0.00000	0
349	H	0.00000	1	0.00000	0
350	N	0.00000	0.99995	0.00005	0
351	F	0.00000	0.99977	0.00023	0
352	L	0.00000	0.99967	0.00033	0
353	Y	0.00000	0.99963	0.00037	0
354	E	0.00000	0.9927	0.00730	0
355	A	0.00000	0.96146	0.03854	0
356	T	0.00000	0.94339	0.05661	0
357	F	0.00000	0.05093	0.94907	0
358	W	0.00000	0.00024	0.99976	0
359	L	0.00000	0	1.00000	0
360	L	0.00000	0	1.00000	0
361	W	0.00000	0	1.00000	0
362	L	0.00000	0	1.00000	0
363	N	0.00000	0	1.00000	0
364	S	0.00000	0	1.00000	0
365	S	0.00000	0	1.00000	0
366	L	0.00000	0	1.00000	0
367	N	0.00000	0	1.00000	0
368	P	0.00000	0	1.00000	0
369	F	0.00000	0	1.00000	0
370	L	0.00000	0	1.00000	0
371	Y	0.00000	0	1.00000	0
372	P	0.00000	0	1.00000	0
373	L	0.00002	0	0.99998	0
374	C	0.00058	0	0.99942	0
375	H	0.00500	0	0.99500	0
376	V	0.08101	0	0.91899	0
377	K	1.00000	0	0.00000	0
378	F	1.00000	0	0.00000	0
379	R	1.00000	0	0.00000	0
380	M	1.00000	0	0.00000	0
381	A	1.00000	0	0.00000	0
382	F	1.00000	0	0.00000	0
383	L	1.00000	0	0.00000	0
384	K	1.00000	0	0.00000	0
385	I	1.00000	0	0.00000	0
386	L	1.00000	0	0.00000	0
387	C	1.00000	0	0.00000	0
388	R	1.00000	0	0.00000	0
389	K	1.00000	0	0.00000	0
390	K	1.00000	0	0.00000	0
391	F	1.00000	0	0.00000	0
392	A	1.00000	0	0.00000	0
393	T	1.00000	0	0.00000	0
394	L	1.00000	0	0.00000	0
395	R	1.00000	0	0.00000	0
396	S	1.00000	0	0.00000	0
397	G	1.00000	0	0.00000	0
398	S	1.00000	0	0.00000	0
399	F	1.00000	0	0.00000	0
