# UNNAMED
#pos	aa	i	o	M	S
1	M	0.00000	0.99999	0.00000	1e-05
2	A	0.00000	0.99999	0.00000	0
3	N	0.00000	0.99999	0.00000	0
4	F	0.00000	0.99999	0.00000	0
5	T	0.00000	0.99999	0.00000	0
6	P	0.00000	0.99999	0.00000	1e-05
7	V	0.00000	0.99999	0.00000	1e-05
8	N	0.00000	0.99999	0.00000	1e-05
9	G	0.00000	0.99999	0.00000	0
10	S	0.00000	0.99999	0.00000	0
11	Y	0.00000	0.99999	0.00000	0
12	G	0.00000	0.99999	0.00000	0
13	N	0.00000	0.99999	0.00000	0
14	Q	0.00000	1	0.00000	0
15	S	0.00000	1	0.00000	0
16	D	0.00000	1	0.00000	0
17	Q	0.00000	1	0.00000	0
18	S	0.00000	1	0.00000	0
19	V	0.00000	1	0.00000	0
20	Q	0.00000	1	0.00000	0
21	A	0.00000	1	0.00000	0
22	M	0.00000	1	0.00000	0
23	P	0.00000	1	0.00000	0
24	A	0.00000	1	0.00000	0
25	A	0.00000	1	0.00000	0
26	P	0.00000	1	0.00000	0
27	N	0.00000	1	0.00000	0
28	R	0.00000	1	0.00000	0
29	Y	0.00000	0.99996	0.00004	0
30	E	0.00000	0.99994	0.00006	0
31	T	0.00000	0.99918	0.00082	0
32	V	0.00000	0.99728	0.00272	0
33	E	0.00000	0.99507	0.00493	0
34	M	0.00000	0.91991	0.08009	0
35	V	0.00000	0.36111	0.63889	0
36	F	0.00000	0.11342	0.88658	0
37	I	0.00000	0.00647	0.99353	0
38	A	0.00000	0.00135	0.99865	0
39	T	0.00000	0.00028	0.99972	0
40	V	0.00000	1e-05	0.99999	0
41	T	0.00000	0	1.00000	0
42	G	0.00000	0	1.00000	0
43	S	0.00000	0	1.00000	0
44	L	0.00000	0	1.00000	0
45	S	0.00000	0	1.00000	0
46	L	0.00000	0	1.00000	0
47	V	0.00000	0	1.00000	0
48	T	0.00000	0	1.00000	0
49	V	0.00000	0	1.00000	0
50	V	0.00000	0	1.00000	0
51	G	0.00000	0	1.00000	0
52	N	0.00000	0	1.00000	0
53	I	0.00000	0	1.00000	0
54	L	0.00001	0	0.99999	0
55	V	0.00018	0	0.99982	0
56	M	0.00221	0	0.99779	0
57	L	0.01916	0	0.98084	0
58	S	0.46065	0	0.53935	0
59	I	0.52178	0	0.47822	0
60	K	0.98541	0	0.01459	0
61	V	0.99334	0	0.00666	0
62	N	0.99977	0	0.00023	0
63	R	0.99999	0	0.00001	0
64	Q	1.00000	0	0.00000	0
65	L	0.99972	0	0.00028	0
66	Q	0.99908	0	0.00092	0
67	T	0.97921	0	0.02079	0
68	V	0.75251	0	0.24749	0
69	N	0.46217	0	0.53783	0
70	N	0.11694	0	0.88306	0
71	Y	0.04641	0	0.95359	0
72	F	0.00074	0	0.99926	0
73	L	0.00005	0	0.99995	0
74	F	0.00000	0	1.00000	0
75	S	0.00000	0	1.00000	0
76	L	0.00000	0	1.00000	0
77	A	0.00000	0	1.00000	0
78	C	0.00000	0	1.00000	0
79	A	0.00000	0	1.00000	0
80	D	0.00000	0	1.00000	0
81	L	0.00000	0	1.00000	0
82	I	0.00000	0	1.00000	0
83	I	0.00000	0	1.00000	0
84	G	0.00000	0	1.00000	0
85	A	0.00000	1e-05	0.99999	0
86	F	0.00000	0.00086	0.99914	0
87	S	0.00000	0.04504	0.95496	0
88	M	0.00000	0.07032	0.92968	0
89	N	0.00000	0.27667	0.72333	0
90	L	0.00000	0.292	0.70800	0
91	Y	0.00000	0.40937	0.59063	0
92	T	0.00000	0.44175	0.55825	0
93	V	0.00000	0.50035	0.49965	0
94	Y	0.00000	0.57945	0.42055	0
95	I	0.00000	0.62141	0.37859	0
96	I	0.00000	0.75382	0.24618	0
97	K	0.00000	0.95446	0.04554	0
98	G	0.00000	0.9903	0.00970	0
99	Y	0.00000	0.99885	0.00115	0
100	W	0.00000	0.99966	0.00034	0
101	P	0.00000	0.99994	0.00006	0
102	L	0.00000	1	0.00000	0
103	G	0.00000	1	0.00000	0
104	A	0.00000	0.99997	0.00003	0
105	V	0.00000	0.9999	0.00010	0
106	V	0.00000	0.99989	0.00011	0
107	C	0.00000	0.99988	0.00012	0
108	D	0.00000	0.99979	0.00021	0
109	L	0.00000	0.99926	0.00074	0
110	W	0.00000	0.94814	0.05186	0
111	L	0.00000	0.53578	0.46422	0
112	A	0.00000	0.28767	0.71233	0
113	L	0.00000	0.00904	0.99096	0
114	D	0.00000	0.0003	0.99970	0
115	Y	0.00000	2e-05	0.99998	0
116	V	0.00000	0	1.00000	0
117	V	0.00000	0	1.00000	0
118	S	0.00000	0	1.00000	0
119	N	0.00000	0	1.00000	0
120	A	0.00000	0	1.00000	0
121	S	0.00000	0	1.00000	0
122	V	0.00000	0	1.00000	0
123	M	0.00000	0	1.00000	0
124	N	0.00000	0	1.00000	0
125	L	0.00000	0	1.00000	0
126	L	0.00000	0	1.00000	0
127	I	0.00000	0	1.00000	0
128	I	0.00000	0	1.00000	0
129	S	0.00000	0	1.00000	0
130	F	0.00000	0	1.00000	0
131	D	0.00020	0	0.99980	0
132	R	0.10790	0	0.89210	0
133	Y	0.38933	0	0.61067	0
134	F	0.67386	0	0.32614	0
135	C	0.93770	0	0.06230	0
136	V	0.99998	0	0.00002	0
137	T	1.00000	0	0.00000	0
138	K	1.00000	0	0.00000	0
139	P	1.00000	0	0.00000	0
140	L	1.00000	0	0.00000	0
141	T	1.00000	0	0.00000	0
142	Y	1.00000	0	0.00000	0
143	P	1.00000	0	0.00000	0
144	A	1.00000	0	0.00000	0
145	R	1.00000	0	0.00000	0
146	R	1.00000	0	0.00000	0
147	T	0.99995	0	0.00005	0
148	T	0.99972	0	0.00028	0
149	K	0.99589	0	0.00411	0
150	M	0.64315	0	0.35685	0
151	A	0.25627	0	0.74373	0
152	G	0.13443	0	0.86557	0
153	L	0.01922	0	0.98078	0
154	M	0.00708	0	0.99292	0
155	I	0.00035	0	0.99965	0
156	A	0.00005	0	0.99995	0
157	A	0.00000	0	1.00000	0
158	A	0.00000	0	1.00000	0
159	W	0.00000	0	1.00000	0
160	V	0.00000	0	1.00000	0
161	L	0.00000	0	1.00000	0
162	S	0.00000	0	1.00000	0
163	F	0.00000	0	1.00000	0
164	V	0.00000	0	1.00000	0
165	L	0.00000	0	1.00000	0
166	W	0.00000	0	1.00000	0
167	A	0.00000	0	1.00000	0
168	P	0.00000	5e-05	0.99995	0
169	A	0.00000	0.00016	0.99984	0
170	I	0.00000	0.00308	0.99692	0
171	L	0.00000	0.03051	0.96949	0
172	F	0.00000	0.18235	0.81765	0
173	W	0.00000	0.51858	0.48142	0
174	Q	0.00000	0.92436	0.07564	0
175	F	0.00000	0.94195	0.05805	0
176	V	0.00000	0.97214	0.02786	0
177	V	0.00000	0.9909	0.00910	0
178	G	0.00000	0.99958	0.00042	0
179	E	0.00000	1	0.00000	0
180	R	0.00000	1	0.00000	0
181	T	0.00000	1	0.00000	0
182	V	0.00000	1	0.00000	0
183	P	0.00000	1	0.00000	0
184	D	0.00000	1	0.00000	0
185	N	0.00000	1	0.00000	0
186	Q	0.00000	1	0.00000	0
187	C	0.00000	1	0.00000	0
188	F	0.00000	0.99946	0.00054	0
189	I	0.00000	0.99866	0.00134	0
190	Q	0.00000	0.99661	0.00339	0
191	F	0.00000	0.99483	0.00517	0
192	L	0.00000	0.99262	0.00738	0
193	S	0.00000	0.99128	0.00872	0
194	N	0.00000	0.98944	0.01056	0
195	P	0.00000	0.3441	0.65590	0
196	A	0.00000	0.13913	0.86087	0
197	V	0.00000	0.0702	0.92980	0
198	T	0.00000	0.06112	0.93888	0
199	F	0.00000	0.02914	0.97086	0
200	G	0.00000	0.02372	0.97628	0
201	T	0.00000	0.01958	0.98042	0
202	A	0.00000	0.00042	0.99958	0
203	I	0.00000	0.00025	0.99975	0
204	A	0.00000	0	1.00000	0
205	A	0.00000	0	1.00000	0
206	F	0.00000	0	1.00000	0
207	Y	0.00000	0	1.00000	0
208	L	0.00000	0	1.00000	0
209	P	0.00000	0	1.00000	0
210	V	0.00000	0	1.00000	0
211	V	0.00000	0	1.00000	0
212	I	0.00002	0	0.99998	0
213	M	0.00005	0	0.99995	0
214	T	0.00008	0	0.99992	0
215	V	0.00019	0	0.99981	0
216	L	0.00048	0	0.99952	0
217	Y	0.00154	0	0.99846	0
218	I	0.01390	0	0.98610	0
219	H	0.15522	0	0.84478	0
220	I	0.28691	0	0.71309	0
221	S	0.83729	0	0.16271	0
222	L	0.91323	0	0.08677	0
223	A	0.95836	0	0.04164	0
224	S	0.99894	0	0.00106	0
225	R	0.99980	0	0.00020	0
226	S	0.99988	0	0.00012	0
227	R	0.99996	0	0.00004	0
228	V	0.99996	0	0.00004	0
229	H	0.99998	0	0.00002	0
230	K	1.00000	0	0.00000	0
231	H	1.00000	0	0.00000	0
232	R	1.00000	0	0.00000	0
233	P	1.00000	0	0.00000	0
234	E	1.00000	0	0.00000	0
235	G	1.00000	0	0.00000	0
236	P	1.00000	0	0.00000	0
237	K	1.00000	0	0.00000	0
238	E	1.00000	0	0.00000	0
239	K	1.00000	0	0.00000	0
240	K	1.00000	0	0.00000	0
241	A	1.00000	0	0.00000	0
242	K	1.00000	0	0.00000	0
243	G	1.00000	0	0.00000	0
244	L	1.00000	0	0.00000	0
245	S	1.00000	0	0.00000	0
246	F	1.00000	0	0.00000	0
247	L	1.00000	0	0.00000	0
248	R	1.00000	0	0.00000	0
249	S	1.00000	0	0.00000	0
250	P	1.00000	0	0.00000	0
251	L	1.00000	0	0.00000	0
252	M	1.00000	0	0.00000	0
253	K	1.00000	0	0.00000	0
254	Q	1.00000	0	0.00000	0
255	Q	1.00000	0	0.00000	0
256	S	1.00000	0	0.00000	0
257	G	1.00000	0	0.00000	0
258	K	1.00000	0	0.00000	0
259	N	1.00000	0	0.00000	0
260	P	1.00000	0	0.00000	0
261	N	1.00000	0	0.00000	0
262	R	1.00000	0	0.00000	0
263	K	1.00000	0	0.00000	0
264	P	1.00000	0	0.00000	0
265	A	1.00000	0	0.00000	0
266	E	1.00000	0	0.00000	0
267	A	1.00000	0	0.00000	0
268	A	1.00000	0	0.00000	0
269	K	1.00000	0	0.00000	0
270	E	1.00000	0	0.00000	0
271	E	1.00000	0	0.00000	0
272	I	1.00000	0	0.00000	0
273	R	1.00000	0	0.00000	0
274	N	1.00000	0	0.00000	0
275	G	1.00000	0	0.00000	0
276	R	1.00000	0	0.00000	0
277	L	1.00000	0	0.00000	0
278	E	1.00000	0	0.00000	0
279	E	1.00000	0	0.00000	0
280	A	1.00000	0	0.00000	0
281	P	1.00000	0	0.00000	0
282	P	1.00000	0	0.00000	0
283	P	1.00000	0	0.00000	0
284	V	1.00000	0	0.00000	0
285	L	1.00000	0	0.00000	0
286	L	1.00000	0	0.00000	0
287	P	1.00000	0	0.00000	0
288	P	1.00000	0	0.00000	0
289	R	1.00000	0	0.00000	0
290	P	1.00000	0	0.00000	0
291	P	1.00000	0	0.00000	0
292	E	1.00000	0	0.00000	0
293	D	1.00000	0	0.00000	0
294	K	1.00000	0	0.00000	0
295	D	1.00000	0	0.00000	0
296	T	1.00000	0	0.00000	0
297	S	1.00000	0	0.00000	0
298	N	1.00000	0	0.00000	0
299	D	1.00000	0	0.00000	0
300	S	1.00000	0	0.00000	0
301	S	1.00000	0	0.00000	0
302	S	1.00000	0	0.00000	0
303	A	1.00000	0	0.00000	0
304	S	1.00000	0	0.00000	0
305	V	1.00000	0	0.00000	0
306	T	1.00000	0	0.00000	0
307	Q	1.00000	0	0.00000	0
308	N	1.00000	0	0.00000	0
309	T	1.00000	0	0.00000	0
310	R	1.00000	0	0.00000	0
311	E	1.00000	0	0.00000	0
312	R	1.00000	0	0.00000	0
313	P	1.00000	0	0.00000	0
314	P	1.00000	0	0.00000	0
315	T	1.00000	0	0.00000	0
316	E	1.00000	0	0.00000	0
317	G	1.00000	0	0.00000	0
318	S	1.00000	0	0.00000	0
319	T	1.00000	0	0.00000	0
320	A	1.00000	0	0.00000	0
321	E	1.00000	0	0.00000	0
322	T	1.00000	0	0.00000	0
323	G	1.00000	0	0.00000	0
324	C	1.00000	0	0.00000	0
325	S	1.00000	0	0.00000	0
326	P	1.00000	0	0.00000	0
327	S	1.00000	0	0.00000	0
328	T	1.00000	0	0.00000	0
329	P	1.00000	0	0.00000	0
330	L	1.00000	0	0.00000	0
331	P	1.00000	0	0.00000	0
332	P	1.00000	0	0.00000	0
333	R	1.00000	0	0.00000	0
334	P	1.00000	0	0.00000	0
335	R	1.00000	0	0.00000	0
336	A	1.00000	0	0.00000	0
337	L	1.00000	0	0.00000	0
338	N	1.00000	0	0.00000	0
339	P	1.00000	0	0.00000	0
340	A	1.00000	0	0.00000	0
341	S	1.00000	0	0.00000	0
342	K	1.00000	0	0.00000	0
343	W	1.00000	0	0.00000	0
344	S	1.00000	0	0.00000	0
345	K	1.00000	0	0.00000	0
346	I	1.00000	0	0.00000	0
347	Q	1.00000	0	0.00000	0
348	I	1.00000	0	0.00000	0
349	V	1.00000	0	0.00000	0
350	T	1.00000	0	0.00000	0
351	K	1.00000	0	0.00000	0
352	Q	1.00000	0	0.00000	0
353	T	1.00000	0	0.00000	0
354	G	1.00000	0	0.00000	0
355	N	1.00000	0	0.00000	0
356	E	1.00000	0	0.00000	0
357	C	1.00000	0	0.00000	0
358	V	1.00000	0	0.00000	0
359	T	1.00000	0	0.00000	0
360	A	1.00000	0	0.00000	0
361	I	1.00000	0	0.00000	0
362	E	1.00000	0	0.00000	0
363	I	1.00000	0	0.00000	0
364	V	1.00000	0	0.00000	0
365	P	1.00000	0	0.00000	0
366	A	1.00000	0	0.00000	0
367	T	1.00000	0	0.00000	0
368	P	1.00000	0	0.00000	0
369	A	1.00000	0	0.00000	0
370	G	1.00000	0	0.00000	0
371	L	1.00000	0	0.00000	0
372	R	1.00000	0	0.00000	0
373	P	1.00000	0	0.00000	0
374	A	1.00000	0	0.00000	0
375	A	1.00000	0	0.00000	0
376	N	1.00000	0	0.00000	0
377	V	1.00000	0	0.00000	0
378	A	1.00000	0	0.00000	0
379	R	1.00000	0	0.00000	0
380	K	1.00000	0	0.00000	0
381	F	1.00000	0	0.00000	0
382	A	1.00000	0	0.00000	0
383	S	1.00000	0	0.00000	0
384	I	1.00000	0	0.00000	0
385	A	1.00000	0	0.00000	0
386	R	1.00000	0	0.00000	0
387	N	1.00000	0	0.00000	0
388	Q	1.00000	0	0.00000	0
389	V	1.00000	0	0.00000	0
390	R	1.00000	0	0.00000	0
391	K	1.00000	0	0.00000	0
392	K	1.00000	0	0.00000	0
393	R	1.00000	0	0.00000	0
394	Q	1.00000	0	0.00000	0
395	M	1.00000	0	0.00000	0
396	A	1.00000	0	0.00000	0
397	A	1.00000	0	0.00000	0
398	R	1.00000	0	0.00000	0
399	E	1.00000	0	0.00000	0
400	R	0.79538	0	0.20462	0
401	K	0.73951	0	0.26049	0
402	V	0.54016	0	0.45984	0
403	T	0.31808	0	0.68192	0
404	R	0.28108	0	0.71892	0
405	T	0.23706	0	0.76294	0
406	I	0.19237	0	0.80763	0
407	F	0.00531	0	0.99469	0
408	A	0.00098	0	0.99902	0
409	I	0.00057	0	0.99943	0
410	L	0.00003	0	0.99997	0
411	L	0.00000	0	1.00000	0
412	A	0.00000	0	1.00000	0
413	F	0.00000	0	1.00000	0
414	I	0.00000	0	1.00000	0
415	V	0.00000	0	1.00000	0
416	T	0.00000	0	1.00000	0
417	W	0.00000	0	1.00000	0
418	T	0.00000	0	1.00000	0
419	P	0.00000	3e-05	0.99997	0
420	Y	0.00000	0.00019	0.99981	0
421	N	0.00000	0.00126	0.99874	0
422	V	0.00000	0.00166	0.99834	0
423	M	0.00000	0.00359	0.99641	0
424	V	0.00000	0.02131	0.97869	0
425	L	0.00000	0.14201	0.85799	0
426	V	0.00000	0.31061	0.68939	0
427	N	0.00000	0.70271	0.29729	0
428	T	0.00000	0.76792	0.23208	0
429	F	0.00000	0.7954	0.20460	0
430	C	0.00000	0.97603	0.02397	0
431	Q	0.00000	0.99556	0.00444	0
432	S	0.00000	0.99873	0.00127	0
433	C	0.00000	0.9997	0.00030	0
434	V	0.00000	0.99977	0.00023	0
435	P	0.00000	0.99983	0.00017	0
436	D	0.00000	0.99988	0.00012	0
437	T	0.00000	0.9957	0.00430	0
438	V	0.00000	0.99464	0.00536	0
439	W	0.00000	0.99413	0.00587	0
440	S	0.00000	0.97182	0.02818	0
441	I	0.00000	0.76039	0.23961	0
442	G	0.00000	0.74478	0.25522	0
443	Y	0.00000	0.52407	0.47593	0
444	W	0.00000	0.04487	0.95513	0
445	L	0.00000	0.00014	0.99985	0
446	C	0.00000	1e-05	0.99999	0
447	Y	0.00000	0	1.00000	0
448	V	0.00000	0	1.00000	0
449	N	0.00000	0	1.00000	0
450	S	0.00000	0	1.00000	0
451	T	0.00000	0	1.00000	0
452	I	0.00000	0	1.00000	0
453	N	0.00000	0	1.00000	0
454	P	0.00000	0	1.00000	0
455	A	0.00000	0	1.00000	0
456	C	0.00000	0	1.00000	0
457	Y	0.00001	0	0.99999	0
458	A	0.00004	0	0.99996	0
459	L	0.00014	0	0.99986	0
460	C	0.00409	0	0.99591	0
461	N	0.04246	0	0.95754	0
462	A	0.11148	0	0.88852	0
463	T	0.14482	0	0.85518	0
464	F	0.26270	0	0.73730	0
465	K	1.00000	0	0.00000	0
466	K	1.00000	0	0.00000	0
467	T	1.00000	0	0.00000	0
468	F	1.00000	0	0.00000	0
469	K	1.00000	0	0.00000	0
470	H	1.00000	0	0.00000	0
471	L	1.00000	0	0.00000	0
472	L	1.00000	0	0.00000	0
473	L	1.00000	0	0.00000	0
474	C	1.00000	0	0.00000	0
475	Q	1.00000	0	0.00000	0
476	Y	1.00000	0	0.00000	0
477	R	1.00000	0	0.00000	0
478	N	1.00000	0	0.00000	0
479	I	1.00000	0	0.00000	0
480	G	1.00000	0	0.00000	0
481	T	1.00000	0	0.00000	0
482	A	1.00000	0	0.00000	0
483	R	1.00000	0	0.00000	0
