# UNNAMED
#pos	aa	i	o	M	S
1	M	0.00000	0.99998	0.00000	2e-05
2	E	0.00000	0.99998	0.00000	1e-05
3	S	0.00000	0.99998	0.00000	1e-05
4	M	0.00000	0.99998	0.00000	1e-05
5	N	0.00000	0.99998	0.00000	1e-05
6	M	0.00000	0.99998	0.00000	1e-05
7	I	0.00000	0.99998	0.00000	1e-05
8	L	0.00000	0.99998	0.00000	2e-05
9	Y	0.00000	0.99998	0.00000	2e-05
10	N	0.00000	0.99998	0.00000	2e-05
11	N	0.00000	0.99998	0.00000	2e-05
12	E	0.00000	0.99998	0.00000	1e-05
13	T	0.00000	0.99998	0.00000	1e-05
14	F	0.00000	0.99998	0.00000	1e-05
15	D	0.00000	0.99998	0.00000	2e-05
16	R	0.00000	0.99998	0.00000	2e-05
17	N	0.00000	0.99998	0.00000	2e-05
18	W	0.00000	0.99998	0.00000	2e-05
19	T	0.00000	0.99998	0.00000	2e-05
20	D	0.00000	1	0.00000	0
21	Y	0.00000	1	0.00000	0
22	L	0.00000	1	0.00000	0
23	N	0.00000	1	0.00000	0
24	E	0.00000	1	0.00000	0
25	T	0.00000	1	0.00000	0
26	D	0.00000	1	0.00000	0
27	V	0.00000	1	0.00000	0
28	G	0.00000	1	0.00000	0
29	P	0.00000	1	0.00000	0
30	R	0.00000	1	0.00000	0
31	H	0.00000	0.99972	0.00028	0
32	P	0.00000	0.96826	0.03174	0
33	Y	0.00000	0.83991	0.16009	0
34	N	0.00000	0.81061	0.18939	0
35	Y	0.00000	0.22028	0.77972	0
36	Y	0.00000	0.10088	0.89912	0
37	A	0.00000	0.04885	0.95115	0
38	M	0.00000	0.02927	0.97073	0
39	L	0.00000	0.00858	0.99142	0
40	L	0.00000	0.00118	0.99882	0
41	T	0.00000	7e-05	0.99993	0
42	L	0.00000	0	1.00000	0
43	L	0.00000	0	1.00000	0
44	I	0.00000	0	1.00000	0
45	F	0.00000	0	1.00000	0
46	V	0.00000	0	1.00000	0
47	I	0.00000	0	1.00000	0
48	V	0.00000	0	1.00000	0
49	F	0.00000	0	1.00000	0
50	G	0.00000	0	1.00000	0
51	N	0.00000	0	1.00000	0
52	V	0.00000	0	1.00000	0
53	L	0.00000	0	1.00000	0
54	V	0.00004	0	0.99996	0
55	C	0.00045	0	0.99955	0
56	M	0.01138	0	0.98862	0
57	A	0.10837	0	0.89163	0
58	V	0.29421	0	0.70579	0
59	S	0.91801	0	0.08199	0
60	R	0.99792	0	0.00208	0
61	E	0.99997	0	0.00003	0
62	K	1.00000	0	0.00000	0
63	A	1.00000	0	0.00000	0
64	L	1.00000	0	0.00000	0
65	Q	1.00000	0	0.00000	0
66	T	0.99989	0	0.00011	0
67	T	0.99677	0	0.00323	0
68	T	0.88060	0	0.11940	0
69	N	0.16235	0	0.83765	0
70	Y	0.04476	0	0.95524	0
71	L	0.00038	0	0.99962	0
72	I	0.00000	0	1.00000	0
73	V	0.00000	0	1.00000	0
74	S	0.00000	0	1.00000	0
75	L	0.00000	0	1.00000	0
76	A	0.00000	0	1.00000	0
77	V	0.00000	0	1.00000	0
78	A	0.00000	0	1.00000	0
79	D	0.00000	0	1.00000	0
80	L	0.00000	0	1.00000	0
81	L	0.00000	0	1.00000	0
82	V	0.00000	0	1.00000	0
83	A	0.00000	0	1.00000	0
84	T	0.00000	0	1.00000	0
85	L	0.00000	0	1.00000	0
86	V	0.00000	0	1.00000	0
87	M	0.00000	5e-05	0.99995	0
88	P	0.00000	0.00104	0.99896	0
89	W	0.00000	0.01108	0.98892	0
90	V	0.00000	0.0638	0.93620	0
91	V	0.00000	0.34136	0.65864	0
92	Y	0.00000	0.89811	0.10189	0
93	L	0.00000	0.9998	0.00020	0
94	E	0.00000	1	0.00000	0
95	V	0.00000	1	0.00000	0
96	V	0.00000	1	0.00000	0
97	G	0.00000	1	0.00000	0
98	E	0.00000	1	0.00000	0
99	W	0.00000	1	0.00000	0
100	R	0.00000	1	0.00000	0
101	F	0.00000	1	0.00000	0
102	S	0.00000	1	0.00000	0
103	Q	0.00000	1	0.00000	0
104	I	0.00000	0.99999	0.00001	0
105	H	0.00000	0.99996	0.00004	0
106	C	0.00000	0.99984	0.00016	0
107	D	0.00000	0.99885	0.00115	0
108	I	0.00000	0.9925	0.00750	0
109	F	0.00000	0.39522	0.60478	0
110	V	0.00000	0.07144	0.92856	0
111	T	0.00000	0.03066	0.96934	0
112	L	0.00000	0.00026	0.99974	0
113	D	0.00000	6e-05	0.99994	0
114	V	0.00000	0	1.00000	0
115	M	0.00000	0	1.00000	0
116	M	0.00000	0	1.00000	0
117	C	0.00000	0	1.00000	0
118	T	0.00000	0	1.00000	0
119	A	0.00000	0	1.00000	0
120	S	0.00000	0	1.00000	0
121	I	0.00000	0	1.00000	0
122	L	0.00000	0	1.00000	0
123	N	0.00000	0	1.00000	0
124	L	0.00000	0	1.00000	0
125	C	0.00000	0	1.00000	0
126	A	0.00000	0	1.00000	0
127	I	0.00000	0	1.00000	0
128	S	0.00000	0	1.00000	0
129	I	0.00000	0	1.00000	0
130	D	0.00001	0	0.99999	0
131	R	0.02125	0	0.97875	0
132	Y	0.45176	0	0.54824	0
133	T	0.91483	0	0.08517	0
134	A	0.99198	0	0.00802	0
135	V	1.00000	0	0.00000	0
136	A	1.00000	0	0.00000	0
137	M	1.00000	0	0.00000	0
138	P	1.00000	0	0.00000	0
139	M	1.00000	0	0.00000	0
140	L	1.00000	0	0.00000	0
141	Y	1.00000	0	0.00000	0
142	N	1.00000	0	0.00000	0
143	T	1.00000	0	0.00000	0
144	R	1.00000	0	0.00000	0
145	Y	1.00000	0	0.00000	0
146	S	1.00000	0	0.00000	0
147	S	0.99999	0	0.00001	0
148	K	0.99999	0	0.00001	0
149	R	0.99915	0	0.00085	0
150	R	0.98219	0	0.01781	0
151	V	0.20948	0	0.79052	0
152	T	0.12984	0	0.87016	0
153	V	0.00231	0	0.99769	0
154	M	0.00005	0	0.99995	0
155	I	0.00000	0	1.00000	0
156	T	0.00000	0	1.00000	0
157	V	0.00000	0	1.00000	0
158	V	0.00000	0	1.00000	0
159	W	0.00000	0	1.00000	0
160	V	0.00000	0	1.00000	0
161	L	0.00000	0	1.00000	0
162	S	0.00000	0	1.00000	0
163	F	0.00000	0	1.00000	0
164	A	0.00000	0	1.00000	0
165	I	0.00000	0	1.00000	0
166	S	0.00000	0	1.00000	0
167	C	0.00000	0	1.00000	0
168	P	0.00000	1e-05	0.99999	0
169	L	0.00000	2e-05	0.99998	0
170	L	0.00000	0.00032	0.99968	0
171	F	0.00000	0.00902	0.99098	0
172	G	0.00000	0.11145	0.88855	0
173	L	0.00000	0.30858	0.69142	0
174	N	0.00000	0.97981	0.02019	0
175	N	0.00000	0.99953	0.00047	0
176	T	0.00000	0.99997	0.00003	0
177	E	0.00000	1	0.00000	0
178	N	0.00000	1	0.00000	0
179	R	0.00000	1	0.00000	0
180	K	0.00000	1	0.00000	0
181	C	0.00000	1	0.00000	0
182	M	0.00000	1	0.00000	0
183	I	0.00000	1	0.00000	0
184	A	0.00000	1	0.00000	0
185	N	0.00000	0.99998	0.00002	0
186	P	0.00000	0.99786	0.00214	0
187	A	0.00000	0.769	0.23100	0
188	F	0.00000	0.43413	0.56587	0
189	V	0.00000	0.42446	0.57554	0
190	V	0.00000	0.38633	0.61367	0
191	Y	0.00000	0.25579	0.74421	0
192	S	0.00000	0.24926	0.75074	0
193	S	0.00000	0.14716	0.85284	0
194	I	0.00000	0.05256	0.94744	0
195	V	0.00000	2e-05	0.99998	0
196	S	0.00000	0	1.00000	0
197	F	0.00000	0	1.00000	0
198	Y	0.00000	0	1.00000	0
199	V	0.00000	0	1.00000	0
200	P	0.00000	0	1.00000	0
201	F	0.00000	0	1.00000	0
202	I	0.00000	0	1.00000	0
203	V	0.00000	0	1.00000	0
204	T	0.00000	0	1.00000	0
205	L	0.00000	0	1.00000	0
206	L	0.00000	0	1.00000	0
207	V	0.00000	0	1.00000	0
208	Y	0.00002	0	0.99998	0
209	V	0.00123	0	0.99877	0
210	Q	0.03880	0	0.96120	0
211	I	0.04052	0	0.95948	0
212	Y	0.05269	0	0.94731	0
213	I	0.11757	0	0.88243	0
214	V	0.16578	0	0.83422	0
215	L	0.26974	0	0.73026	0
216	R	0.95106	0	0.04894	0
217	K	0.99906	0	0.00094	0
218	R	0.99993	0	0.00007	0
219	R	1.00000	0	0.00000	0
220	K	1.00000	0	0.00000	0
221	R	1.00000	0	0.00000	0
222	V	1.00000	0	0.00000	0
223	N	1.00000	0	0.00000	0
224	T	1.00000	0	0.00000	0
225	K	1.00000	0	0.00000	0
226	R	1.00000	0	0.00000	0
227	S	1.00000	0	0.00000	0
228	S	1.00000	0	0.00000	0
229	H	1.00000	0	0.00000	0
230	G	1.00000	0	0.00000	0
231	P	1.00000	0	0.00000	0
232	E	1.00000	0	0.00000	0
233	S	1.00000	0	0.00000	0
234	E	1.00000	0	0.00000	0
235	M	1.00000	0	0.00000	0
236	Q	1.00000	0	0.00000	0
237	E	1.00000	0	0.00000	0
238	P	1.00000	0	0.00000	0
239	L	1.00000	0	0.00000	0
240	K	1.00000	0	0.00000	0
241	D	1.00000	0	0.00000	0
242	K	1.00000	0	0.00000	0
243	C	1.00000	0	0.00000	0
244	T	1.00000	0	0.00000	0
245	H	1.00000	0	0.00000	0
246	P	1.00000	0	0.00000	0
247	E	1.00000	0	0.00000	0
248	D	1.00000	0	0.00000	0
249	V	1.00000	0	0.00000	0
250	K	1.00000	0	0.00000	0
251	L	1.00000	0	0.00000	0
252	C	1.00000	0	0.00000	0
253	T	1.00000	0	0.00000	0
254	V	1.00000	0	0.00000	0
255	I	1.00000	0	0.00000	0
256	V	1.00000	0	0.00000	0
257	K	1.00000	0	0.00000	0
258	S	1.00000	0	0.00000	0
259	N	1.00000	0	0.00000	0
260	G	1.00000	0	0.00000	0
261	S	1.00000	0	0.00000	0
262	F	1.00000	0	0.00000	0
263	P	1.00000	0	0.00000	0
264	V	1.00000	0	0.00000	0
265	S	1.00000	0	0.00000	0
266	K	1.00000	0	0.00000	0
267	K	1.00000	0	0.00000	0
268	K	1.00000	0	0.00000	0
269	V	1.00000	0	0.00000	0
270	E	1.00000	0	0.00000	0
271	A	1.00000	0	0.00000	0
272	V	1.00000	0	0.00000	0
273	N	1.00000	0	0.00000	0
274	H	1.00000	0	0.00000	0
275	P	1.00000	0	0.00000	0
276	E	1.00000	0	0.00000	0
277	E	1.00000	0	0.00000	0
278	M	1.00000	0	0.00000	0
279	E	1.00000	0	0.00000	0
280	M	1.00000	0	0.00000	0
281	D	1.00000	0	0.00000	0
282	M	1.00000	0	0.00000	0
283	M	1.00000	0	0.00000	0
284	S	1.00000	0	0.00000	0
285	S	1.00000	0	0.00000	0
286	T	1.00000	0	0.00000	0
287	S	1.00000	0	0.00000	0
288	P	1.00000	0	0.00000	0
289	P	1.00000	0	0.00000	0
290	E	1.00000	0	0.00000	0
291	K	1.00000	0	0.00000	0
292	T	1.00000	0	0.00000	0
293	K	1.00000	0	0.00000	0
294	H	1.00000	0	0.00000	0
295	K	1.00000	0	0.00000	0
296	V	1.00000	0	0.00000	0
297	A	1.00000	0	0.00000	0
298	S	1.00000	0	0.00000	0
299	H	1.00000	0	0.00000	0
300	N	1.00000	0	0.00000	0
301	H	1.00000	0	0.00000	0
302	Q	1.00000	0	0.00000	0
303	L	1.00000	0	0.00000	0
304	A	1.00000	0	0.00000	0
305	V	1.00000	0	0.00000	0
306	P	1.00000	0	0.00000	0
307	A	1.00000	0	0.00000	0
308	T	1.00000	0	0.00000	0
309	S	1.00000	0	0.00000	0
310	N	1.00000	0	0.00000	0
311	Q	1.00000	0	0.00000	0
312	C	1.00000	0	0.00000	0
313	I	1.00000	0	0.00000	0
314	D	1.00000	0	0.00000	0
315	S	1.00000	0	0.00000	0
316	N	1.00000	0	0.00000	0
317	L	1.00000	0	0.00000	0
318	P	1.00000	0	0.00000	0
319	S	1.00000	0	0.00000	0
320	P	1.00000	0	0.00000	0
321	V	1.00000	0	0.00000	0
322	G	1.00000	0	0.00000	0
323	S	1.00000	0	0.00000	0
324	P	1.00000	0	0.00000	0
325	V	1.00000	0	0.00000	0
326	K	1.00000	0	0.00000	0
327	A	1.00000	0	0.00000	0
328	E	1.00000	0	0.00000	0
329	K	1.00000	0	0.00000	0
330	N	1.00000	0	0.00000	0
331	G	1.00000	0	0.00000	0
332	H	1.00000	0	0.00000	0
333	T	1.00000	0	0.00000	0
334	K	1.00000	0	0.00000	0
335	D	1.00000	0	0.00000	0
336	S	1.00000	0	0.00000	0
337	T	1.00000	0	0.00000	0
338	K	1.00000	0	0.00000	0
339	T	1.00000	0	0.00000	0
340	A	1.00000	0	0.00000	0
341	K	1.00000	0	0.00000	0
342	V	1.00000	0	0.00000	0
343	F	1.00000	0	0.00000	0
344	E	1.00000	0	0.00000	0
345	I	1.00000	0	0.00000	0
346	Q	1.00000	0	0.00000	0
347	S	1.00000	0	0.00000	0
348	M	1.00000	0	0.00000	0
349	P	1.00000	0	0.00000	0
350	N	1.00000	0	0.00000	0
351	G	1.00000	0	0.00000	0
352	K	1.00000	0	0.00000	0
353	T	1.00000	0	0.00000	0
354	R	1.00000	0	0.00000	0
355	T	1.00000	0	0.00000	0
356	S	1.00000	0	0.00000	0
357	I	1.00000	0	0.00000	0
358	K	1.00000	0	0.00000	0
359	T	1.00000	0	0.00000	0
360	M	1.00000	0	0.00000	0
361	S	1.00000	0	0.00000	0
362	R	1.00000	0	0.00000	0
363	R	1.00000	0	0.00000	0
364	K	1.00000	0	0.00000	0
365	L	1.00000	0	0.00000	0
366	S	1.00000	0	0.00000	0
367	Q	1.00000	0	0.00000	0
368	Q	1.00000	0	0.00000	0
369	K	1.00000	0	0.00000	0
370	E	1.00000	0	0.00000	0
371	K	0.99734	0	0.00266	0
372	K	0.99714	0	0.00286	0
373	A	0.97239	0	0.02761	0
374	T	0.96960	0	0.03040	0
375	Q	0.87341	0	0.12659	0
376	M	0.85634	0	0.14366	0
377	L	0.00828	0	0.99172	0
378	A	0.00009	0	0.99991	0
379	I	0.00000	0	1.00000	0
380	V	0.00000	0	1.00000	0
381	L	0.00000	0	1.00000	0
382	G	0.00000	0	1.00000	0
383	V	0.00000	0	1.00000	0
384	F	0.00000	0	1.00000	0
385	I	0.00000	0	1.00000	0
386	I	0.00000	0	1.00000	0
387	C	0.00000	0	1.00000	0
388	W	0.00000	0	1.00000	0
389	L	0.00000	0	1.00000	0
390	P	0.00000	0	1.00000	0
391	F	0.00000	0	1.00000	0
392	F	0.00000	0	1.00000	0
393	I	0.00000	8e-05	0.99992	0
394	T	0.00000	0.00087	0.99913	0
395	H	0.00000	0.00184	0.99816	0
396	I	0.00000	0.00341	0.99659	0
397	L	0.00000	0.01729	0.98271	0
398	Y	0.00000	0.17701	0.82299	0
399	T	0.00000	0.60938	0.39062	0
400	H	0.00000	0.98709	0.01291	0
401	C	0.00000	0.9983	0.00170	0
402	T	0.00000	0.99953	0.00047	0
403	K	0.00000	1	0.00000	0
404	C	0.00000	0.99996	0.00004	0
405	T	0.00000	0.99968	0.00032	0
406	I	0.00000	0.99597	0.00403	0
407	P	0.00000	0.99175	0.00825	0
408	L	0.00000	0.93557	0.06443	0
409	A	0.00000	0.91957	0.08043	0
410	M	0.00000	0.9047	0.09530	0
411	Y	0.00000	0.90241	0.09759	0
412	N	0.00000	0.59465	0.40535	0
413	A	0.00000	0.01498	0.98502	0
414	F	0.00000	0.00176	0.99824	0
415	T	0.00000	0.00042	0.99958	0
416	W	0.00000	0	1.00000	0
417	L	0.00000	0	1.00000	0
418	G	0.00000	0	1.00000	0
419	Y	0.00000	0	1.00000	0
420	V	0.00000	0	1.00000	0
421	N	0.00000	0	1.00000	0
422	S	0.00000	0	1.00000	0
423	A	0.00000	0	1.00000	0
424	V	0.00000	0	1.00000	0
425	N	0.00000	0	1.00000	0
426	P	0.00000	0	1.00000	0
427	I	0.00000	0	1.00000	0
428	I	0.00009	0	0.99991	0
429	Y	0.00203	0	0.99797	0
430	T	0.00699	0	0.99301	0
431	T	0.01347	0	0.98653	0
432	F	0.10520	0	0.89480	0
433	N	0.58955	0	0.41045	0
434	I	0.79200	0	0.20800	0
435	E	1.00000	0	0.00000	0
436	F	1.00000	0	0.00000	0
437	R	1.00000	0	0.00000	0
438	K	1.00000	0	0.00000	0
439	A	1.00000	0	0.00000	0
440	F	1.00000	0	0.00000	0
441	M	1.00000	0	0.00000	0
442	K	1.00000	0	0.00000	0
443	I	1.00000	0	0.00000	0
444	L	1.00000	0	0.00000	0
445	H	1.00000	0	0.00000	0
446	C	1.00000	0	0.00000	0
