# UNNAMED
#pos	aa	i	o	M	S
1	M	0.00000	0.99976	0.00000	0.00024
2	S	0.00000	0.99976	0.00000	0.00024
3	H	0.00000	0.99976	0.00000	0.00024
4	P	0.00000	0.99976	0.00000	0.00024
5	L	0.00000	0.99976	0.00000	0.00024
6	H	0.00000	0.99976	0.00000	0.00024
7	S	0.00000	0.99976	0.00000	0.00024
8	L	0.00000	0.99976	0.00000	0.00024
9	N	0.00000	0.99976	0.00000	0.00024
10	G	0.00000	0.99976	0.00000	0.00025
11	P	0.00000	0.99976	0.00000	0.00025
12	G	0.00000	0.99976	0.00000	0.00023
13	A	0.00000	0.99976	0.00000	0.00024
14	G	0.00000	0.99976	0.00000	0.00024
15	N	0.00000	0.99996	0.00000	4e-05
16	G	0.00000	0.99996	0.00000	5e-05
17	S	0.00000	0.99996	0.00000	5e-05
18	L	0.00000	0.99998	0.00000	2e-05
19	S	0.00000	0.99998	0.00000	2e-05
20	P	0.00000	0.99998	0.00000	2e-05
21	L	0.00000	0.99998	0.00000	2e-05
22	S	0.00000	0.99998	0.00000	2e-05
23	V	0.00000	0.99998	0.00000	2e-05
24	T	0.00000	0.99998	0.00000	2e-05
25	G	0.00000	0.99998	0.00000	2e-05
26	A	0.00000	1	0.00000	0
27	P	0.00000	1	0.00000	0
28	K	0.00000	1	0.00000	0
29	Q	0.00000	1	0.00000	0
30	D	0.00000	1	0.00000	0
31	Y	0.00000	1	0.00000	0
32	P	0.00000	1	0.00000	0
33	S	0.00000	1	0.00000	0
34	E	0.00000	1	0.00000	0
35	E	0.00000	1	0.00000	0
36	Q	0.00000	1	0.00000	0
37	G	0.00000	1	0.00000	0
38	N	0.00000	0.99974	0.00026	0
39	K	0.00000	0.9911	0.00890	0
40	V	0.00000	0.50142	0.49858	0
41	H	0.00000	0.3405	0.65950	0
42	W	0.00000	0.15193	0.84807	0
43	A	0.00000	0.06619	0.93381	0
44	A	0.00000	0.02348	0.97652	0
45	L	0.00000	0.00629	0.99371	0
46	L	0.00000	0.00238	0.99762	0
47	I	0.00000	0.00031	0.99969	0
48	L	0.00000	0.00011	0.99989	0
49	L	0.00000	1e-05	0.99999	0
50	L	0.00000	0	1.00000	0
51	I	0.00000	0	1.00000	0
52	I	0.00000	0	1.00000	0
53	P	0.00000	0	1.00000	0
54	T	0.00000	0	1.00000	0
55	I	0.00000	0	1.00000	0
56	G	0.00000	0	1.00000	0
57	G	0.00000	0	1.00000	0
58	N	0.00000	0	1.00000	0
59	I	0.00000	0	1.00000	0
60	L	0.00000	0	1.00000	0
61	V	0.00000	0	1.00000	0
62	I	0.00008	0	0.99992	0
63	L	0.00637	0	0.99363	0
64	A	0.17137	0	0.82863	0
65	V	0.35930	0	0.64070	0
66	S	0.88341	0	0.11659	0
67	L	0.93946	0	0.06054	0
68	E	0.99902	0	0.00098	0
69	K	0.99999	0	0.00001	0
70	K	1.00000	0	0.00000	0
71	L	0.99996	0	0.00004	0
72	Q	0.99980	0	0.00020	0
73	Y	0.98793	0	0.01207	0
74	A	0.96906	0	0.03094	0
75	T	0.77776	0	0.22224	0
76	N	0.16571	0	0.83429	0
77	Y	0.05373	0	0.94627	0
78	F	0.00055	0	0.99945	0
79	L	0.00003	0	0.99997	0
80	T	0.00001	0	0.99999	0
81	S	0.00000	0	1.00000	0
82	L	0.00000	0	1.00000	0
83	A	0.00000	0	1.00000	0
84	V	0.00000	0	1.00000	0
85	A	0.00000	0	1.00000	0
86	D	0.00000	0	1.00000	0
87	L	0.00000	0	1.00000	0
88	L	0.00000	0	1.00000	0
89	V	0.00000	0	1.00000	0
90	G	0.00000	0	1.00000	0
91	L	0.00000	0	1.00000	0
92	F	0.00000	0	1.00000	0
93	V	0.00000	3e-05	0.99997	0
94	M	0.00000	0.00056	0.99944	0
95	P	0.00000	0.00697	0.99303	0
96	I	0.00000	0.01948	0.98052	0
97	A	0.00000	0.13551	0.86449	0
98	L	0.00000	0.26598	0.73402	0
99	L	0.00000	0.54431	0.45569	0
100	M	0.00000	0.97577	0.02423	0
101	I	0.00000	0.97716	0.02284	0
102	L	0.00000	0.97912	0.02088	0
103	F	0.00000	0.98479	0.01521	0
104	D	0.00000	0.99945	0.00055	0
105	N	0.00000	0.99999	0.00001	0
106	T	0.00000	1	0.00000	0
107	W	0.00000	1	0.00000	0
108	P	0.00000	1	0.00000	0
109	L	0.00000	1	0.00000	0
110	P	0.00000	1	0.00000	0
111	T	0.00000	1	0.00000	0
112	A	0.00000	1	0.00000	0
113	L	0.00000	0.99999	0.00001	0
114	C	0.00000	0.99999	0.00001	0
115	P	0.00000	0.99993	0.00007	0
116	I	0.00000	0.9981	0.00190	0
117	W	0.00000	0.84913	0.15087	0
118	L	0.00000	0.14758	0.85242	0
119	F	0.00000	0.02291	0.97709	0
120	L	0.00000	0.00101	0.99899	0
121	D	0.00000	0.00034	0.99966	0
122	V	0.00000	1e-05	0.99999	0
123	L	0.00000	0	1.00000	0
124	F	0.00000	0	1.00000	0
125	S	0.00000	0	1.00000	0
126	T	0.00000	0	1.00000	0
127	A	0.00000	0	1.00000	0
128	S	0.00000	0	1.00000	0
129	I	0.00000	0	1.00000	0
130	M	0.00000	0	1.00000	0
131	H	0.00000	0	1.00000	0
132	L	0.00000	0	1.00000	0
133	C	0.00000	0	1.00000	0
134	A	0.00000	0	1.00000	0
135	I	0.00000	0	1.00000	0
136	S	0.00000	0	1.00000	0
137	L	0.00000	0	1.00000	0
138	D	0.00005	0	0.99995	0
139	R	0.10907	0	0.89093	0
140	Y	0.55272	0	0.44728	0
141	I	0.88847	0	0.11153	0
142	A	0.94290	0	0.05710	0
143	I	0.99999	0	0.00001	0
144	K	1.00000	0	0.00000	0
145	K	1.00000	0	0.00000	0
146	P	1.00000	0	0.00000	0
147	I	1.00000	0	0.00000	0
148	Q	1.00000	0	0.00000	0
149	A	1.00000	0	0.00000	0
150	S	1.00000	0	0.00000	0
151	Q	1.00000	0	0.00000	0
152	Y	0.99994	0	0.00006	0
153	N	0.99973	0	0.00027	0
154	S	0.99802	0	0.00198	0
155	W	0.98142	0	0.01858	0
156	A	0.94288	0	0.05712	0
157	T	0.76058	0	0.23942	0
158	T	0.41837	0	0.58163	0
159	I	0.01762	0	0.98238	0
160	I	0.00384	0	0.99616	0
161	K	0.00332	0	0.99668	0
162	I	0.00001	0	0.99999	0
163	I	0.00000	0	1.00000	0
164	V	0.00000	0	1.00000	0
165	V	0.00000	0	1.00000	0
166	W	0.00000	0	1.00000	0
167	L	0.00000	0	1.00000	0
168	I	0.00000	0	1.00000	0
169	S	0.00000	0	1.00000	0
170	I	0.00000	0	1.00000	0
171	G	0.00000	0	1.00000	0
172	I	0.00000	0	1.00000	0
173	A	0.00000	1e-05	0.99999	0
174	I	0.00000	0.00013	0.99987	0
175	P	0.00000	0.00324	0.99676	0
176	V	0.00000	0.00748	0.99252	0
177	P	0.00000	0.09531	0.90469	0
178	I	0.00000	0.20025	0.79975	0
179	R	0.00000	0.84442	0.15558	0
180	G	0.00000	0.90453	0.09547	0
181	I	0.00000	0.93645	0.06355	0
182	E	0.00000	0.99846	0.00154	0
183	D	0.00000	1	0.00000	0
184	G	0.00000	1	0.00000	0
185	N	0.00000	1	0.00000	0
186	G	0.00000	1	0.00000	0
187	N	0.00000	1	0.00000	0
188	S	0.00000	1	0.00000	0
189	T	0.00000	1	0.00000	0
190	N	0.00000	1	0.00000	0
191	I	0.00000	1	0.00000	0
192	T	0.00000	1	0.00000	0
193	C	0.00000	1	0.00000	0
194	F	0.00000	1	0.00000	0
195	L	0.00000	1	0.00000	0
196	T	0.00000	1	0.00000	0
197	P	0.00000	1	0.00000	0
198	D	0.00000	1	0.00000	0
199	R	0.00000	1	0.00000	0
200	F	0.00000	0.99998	0.00002	0
201	H	0.00000	0.99984	0.00016	0
202	D	0.00000	0.99446	0.00554	0
203	F	0.00000	0.03736	0.96264	0
204	I	0.00000	0.01066	0.98934	0
205	L	0.00000	0.00642	0.99358	0
206	Y	0.00000	0.00111	0.99889	0
207	G	0.00000	0.00097	0.99903	0
208	S	0.00000	0.00069	0.99931	0
209	V	0.00000	0.00052	0.99948	0
210	A	0.00000	0	1.00000	0
211	S	0.00000	0	1.00000	0
212	F	0.00000	0	1.00000	0
213	F	0.00000	0	1.00000	0
214	I	0.00000	0	1.00000	0
215	P	0.00000	0	1.00000	0
216	L	0.00000	0	1.00000	0
217	A	0.00000	0	1.00000	0
218	I	0.00000	0	1.00000	0
219	M	0.00000	0	1.00000	0
220	I	0.00000	0	1.00000	0
221	V	0.00000	0	1.00000	0
222	T	0.00000	0	1.00000	0
223	Y	0.00000	0	1.00000	0
224	L	0.00025	0	0.99975	0
225	L	0.01027	0	0.98973	0
226	T	0.13257	0	0.86743	0
227	I	0.19951	0	0.80049	0
228	R	0.94515	0	0.05485	0
229	V	0.95190	0	0.04810	0
230	L	0.96810	0	0.03190	0
231	R	0.99842	0	0.00158	0
232	K	0.99995	0	0.00005	0
233	K	1.00000	0	0.00000	0
234	A	1.00000	0	0.00000	0
235	Y	1.00000	0	0.00000	0
236	L	1.00000	0	0.00000	0
237	I	1.00000	0	0.00000	0
238	N	1.00000	0	0.00000	0
239	K	1.00000	0	0.00000	0
240	P	1.00000	0	0.00000	0
241	P	1.00000	0	0.00000	0
242	Q	1.00000	0	0.00000	0
243	R	1.00000	0	0.00000	0
244	F	1.00000	0	0.00000	0
245	T	1.00000	0	0.00000	0
246	W	1.00000	0	0.00000	0
247	S	1.00000	0	0.00000	0
248	A	1.00000	0	0.00000	0
249	V	1.00000	0	0.00000	0
250	S	1.00000	0	0.00000	0
251	T	1.00000	0	0.00000	0
252	V	1.00000	0	0.00000	0
253	F	1.00000	0	0.00000	0
254	Q	1.00000	0	0.00000	0
255	R	1.00000	0	0.00000	0
256	D	1.00000	0	0.00000	0
257	T	1.00000	0	0.00000	0
258	T	1.00000	0	0.00000	0
259	P	1.00000	0	0.00000	0
260	A	1.00000	0	0.00000	0
261	S	1.00000	0	0.00000	0
262	S	1.00000	0	0.00000	0
263	P	1.00000	0	0.00000	0
264	E	1.00000	0	0.00000	0
265	K	1.00000	0	0.00000	0
266	V	1.00000	0	0.00000	0
267	A	1.00000	0	0.00000	0
268	M	1.00000	0	0.00000	0
269	L	1.00000	0	0.00000	0
270	N	1.00000	0	0.00000	0
271	G	1.00000	0	0.00000	0
272	S	1.00000	0	0.00000	0
273	R	1.00000	0	0.00000	0
274	K	1.00000	0	0.00000	0
275	D	1.00000	0	0.00000	0
276	Q	1.00000	0	0.00000	0
277	T	1.00000	0	0.00000	0
278	L	1.00000	0	0.00000	0
279	P	1.00000	0	0.00000	0
280	S	1.00000	0	0.00000	0
281	D	1.00000	0	0.00000	0
282	M	1.00000	0	0.00000	0
283	P	1.00000	0	0.00000	0
284	I	1.00000	0	0.00000	0
285	S	1.00000	0	0.00000	0
286	R	1.00000	0	0.00000	0
287	T	1.00000	0	0.00000	0
288	S	1.00000	0	0.00000	0
289	T	1.00000	0	0.00000	0
290	I	1.00000	0	0.00000	0
291	G	1.00000	0	0.00000	0
292	R	1.00000	0	0.00000	0
293	K	1.00000	0	0.00000	0
294	S	1.00000	0	0.00000	0
295	M	1.00000	0	0.00000	0
296	Q	1.00000	0	0.00000	0
297	T	1.00000	0	0.00000	0
298	I	1.00000	0	0.00000	0
299	T	1.00000	0	0.00000	0
300	N	1.00000	0	0.00000	0
301	E	1.00000	0	0.00000	0
302	Q	0.99710	0	0.00290	0
303	R	0.99636	0	0.00364	0
304	A	0.29635	0	0.70365	0
305	S	0.29375	0	0.70625	0
306	K	0.03382	0	0.96618	0
307	V	0.00346	0	0.99654	0
308	L	0.00040	0	0.99960	0
309	G	0.00035	0	0.99965	0
310	I	0.00001	0	0.99999	0
311	V	0.00000	0	1.00000	0
312	F	0.00000	0	1.00000	0
313	F	0.00000	0	1.00000	0
314	L	0.00000	0	1.00000	0
315	F	0.00000	0	1.00000	0
316	L	0.00000	0	1.00000	0
317	L	0.00000	0	1.00000	0
318	M	0.00000	0	1.00000	0
319	W	0.00000	0	1.00000	0
320	C	0.00000	0	1.00000	0
321	P	0.00000	0	1.00000	0
322	F	0.00000	0	1.00000	0
323	F	0.00000	2e-05	0.99998	0
324	I	0.00000	0.00062	0.99938	0
325	T	0.00000	0.01058	0.98942	0
326	N	0.00000	0.14166	0.85834	0
327	I	0.00000	0.20197	0.79803	0
328	S	0.00000	0.44779	0.55221	0
329	S	0.00000	0.55836	0.44164	0
330	V	0.00000	0.60991	0.39009	0
331	L	0.00000	0.71355	0.28645	0
332	C	0.00000	0.97813	0.02187	0
333	N	0.00000	0.99758	0.00242	0
334	S	0.00000	0.99939	0.00061	0
335	C	0.00000	0.99996	0.00004	0
336	N	0.00000	1	0.00000	0
337	Q	0.00000	1	0.00000	0
338	E	0.00000	0.99999	0.00001	0
339	V	0.00000	0.9999	0.00010	0
340	F	0.00000	0.99978	0.00022	0
341	Q	0.00000	0.99916	0.00084	0
342	K	0.00000	0.99489	0.00511	0
343	L	0.00000	0.95626	0.04374	0
344	L	0.00000	0.93631	0.06369	0
345	E	0.00000	0.56853	0.43147	0
346	I	0.00000	0.00475	0.99525	0
347	F	0.00000	0.00018	0.99982	0
348	V	0.00000	0	1.00000	0
349	W	0.00000	0	1.00000	0
350	I	0.00000	0	1.00000	0
351	G	0.00000	0	1.00000	0
352	Y	0.00000	0	1.00000	0
353	V	0.00000	0	1.00000	0
354	S	0.00000	0	1.00000	0
355	S	0.00000	0	1.00000	0
356	G	0.00000	0	1.00000	0
357	V	0.00000	0	1.00000	0
358	N	0.00000	0	1.00000	0
359	P	0.00000	0	1.00000	0
360	L	0.00000	0	1.00000	0
361	V	0.00000	0	1.00000	0
362	Y	0.00004	0	0.99996	0
363	T	0.00030	0	0.99970	0
364	L	0.00133	0	0.99867	0
365	F	0.08567	0	0.91433	0
366	N	0.57666	0	0.42334	0
367	K	1.00000	0	0.00000	0
368	T	1.00000	0	0.00000	0
369	F	1.00000	0	0.00000	0
370	R	1.00000	0	0.00000	0
371	E	1.00000	0	0.00000	0
372	A	1.00000	0	0.00000	0
373	F	1.00000	0	0.00000	0
374	S	1.00000	0	0.00000	0
375	R	1.00000	0	0.00000	0
376	Y	1.00000	0	0.00000	0
377	I	1.00000	0	0.00000	0
378	T	1.00000	0	0.00000	0
379	C	1.00000	0	0.00000	0
380	N	1.00000	0	0.00000	0
381	Y	1.00000	0	0.00000	0
382	R	1.00000	0	0.00000	0
383	T	1.00000	0	0.00000	0
384	T	1.00000	0	0.00000	0
385	K	1.00000	0	0.00000	0
386	P	1.00000	0	0.00000	0
387	I	1.00000	0	0.00000	0
388	K	1.00000	0	0.00000	0
389	A	1.00000	0	0.00000	0
390	L	1.00000	0	0.00000	0
391	R	1.00000	0	0.00000	0
392	Q	1.00000	0	0.00000	0
393	R	1.00000	0	0.00000	0
394	S	1.00000	0	0.00000	0
395	S	1.00000	0	0.00000	0
396	R	1.00000	0	0.00000	0
397	I	1.00000	0	0.00000	0
398	S	1.00000	0	0.00000	0
399	F	1.00000	0	0.00000	0
400	R	1.00000	0	0.00000	0
401	S	1.00000	0	0.00000	0
402	S	1.00000	0	0.00000	0
403	V	1.00000	0	0.00000	0
404	A	1.00000	0	0.00000	0
405	E	1.00000	0	0.00000	0
406	N	1.00000	0	0.00000	0
407	S	1.00000	0	0.00000	0
408	K	1.00000	0	0.00000	0
409	L	1.00000	0	0.00000	0
410	F	1.00000	0	0.00000	0
411	V	1.00000	0	0.00000	0
412	M	1.00000	0	0.00000	0
413	N	1.00000	0	0.00000	0
414	G	1.00000	0	0.00000	0
415	M	1.00000	0	0.00000	0
416	R	1.00000	0	0.00000	0
417	N	1.00000	0	0.00000	0
418	G	1.00000	0	0.00000	0
419	I	1.00000	0	0.00000	0
420	N	1.00000	0	0.00000	0
421	P	1.00000	0	0.00000	0
422	I	1.00000	0	0.00000	0
423	M	1.00000	0	0.00000	0
424	Y	1.00000	0	0.00000	0
425	Q	1.00000	0	0.00000	0
426	S	1.00000	0	0.00000	0
427	P	1.00000	0	0.00000	0
428	M	1.00000	0	0.00000	0
429	R	1.00000	0	0.00000	0
430	L	1.00000	0	0.00000	0
431	R	1.00000	0	0.00000	0
432	S	1.00000	0	0.00000	0
433	S	1.00000	0	0.00000	0
434	P	1.00000	0	0.00000	0
435	I	1.00000	0	0.00000	0
436	Q	1.00000	0	0.00000	0
437	A	1.00000	0	0.00000	0
438	S	1.00000	0	0.00000	0
439	S	1.00000	0	0.00000	0
440	A	1.00000	0	0.00000	0
441	I	1.00000	0	0.00000	0
442	L	1.00000	0	0.00000	0
443	L	1.00000	0	0.00000	0
444	D	1.00000	0	0.00000	0
445	T	1.00000	0	0.00000	0
446	L	1.00000	0	0.00000	0
447	L	1.00000	0	0.00000	0
448	L	1.00000	0	0.00000	0
449	T	1.00000	0	0.00000	0
450	E	1.00000	0	0.00000	0
451	N	1.00000	0	0.00000	0
452	E	1.00000	0	0.00000	0
453	V	1.00000	0	0.00000	0
454	D	1.00000	0	0.00000	0
455	K	1.00000	0	0.00000	0
456	T	1.00000	0	0.00000	0
457	E	1.00000	0	0.00000	0
458	E	1.00000	0	0.00000	0
459	Q	1.00000	0	0.00000	0
460	V	1.00000	0	0.00000	0
461	S	1.00000	0	0.00000	0
462	Y	1.00000	0	0.00000	0
463	V	1.00000	0	0.00000	0
