# UNNAMED
#pos	aa	i	o	M	S
1	M	0.00000	0.99938	0.00000	0.00062
2	E	0.00000	0.99938	0.00000	0.00062
3	N	0.00000	0.99938	0.00000	0.00062
4	P	0.00000	0.99938	0.00000	0.00062
5	A	0.00000	0.99938	0.00000	0.00062
6	R	0.00000	0.99938	0.00000	0.00062
7	Y	0.00000	0.99938	0.00000	0.00062
8	L	0.00000	0.99938	0.00000	0.00062
9	S	0.00000	0.99938	0.00000	0.00062
10	S	0.00000	0.99938	0.00000	0.00062
11	V	0.00000	0.99938	0.00000	0.00062
12	Q	0.00000	0.99938	0.00000	0.00062
13	G	0.00000	0.99938	0.00000	0.00062
14	I	0.00000	0.99944	0.00000	0.00056
15	D	0.00000	0.99944	0.00000	0.00056
16	T	0.00000	0.99944	0.00000	0.00056
17	V	0.00000	0.99999	0.00000	0
18	P	0.00000	1	0.00000	0
19	A	0.00000	1	0.00000	0
20	P	0.00000	1	0.00000	0
21	L	0.00000	1	0.00000	0
22	G	0.00000	1	0.00000	0
23	E	0.00000	1	0.00000	0
24	I	0.00000	1	0.00000	0
25	M	0.00000	1	0.00000	0
26	W	0.00000	1	0.00000	0
27	N	0.00000	1	0.00000	0
28	S	0.00000	1	0.00000	0
29	T	0.00000	1	0.00000	0
30	E	0.00000	1	0.00000	0
31	T	0.00000	1	0.00000	0
32	E	0.00000	1	0.00000	0
33	A	0.00000	1	0.00000	0
34	T	0.00000	1	0.00000	0
35	N	0.00000	1	0.00000	0
36	D	0.00000	1	0.00000	0
37	G	0.00000	1	0.00000	0
38	G	0.00000	1	0.00000	0
39	K	0.00000	1	0.00000	0
40	D	0.00000	1	0.00000	0
41	V	0.00000	0.94641	0.05359	0
42	V	0.00000	0.90693	0.09307	0
43	V	0.00000	0.86422	0.13578	0
44	R	0.00000	0.85368	0.14632	0
45	T	0.00000	0.78191	0.21809	0
46	V	0.00000	0.7267	0.27330	0
47	T	0.00000	0.71031	0.28969	0
48	G	0.00000	0.70422	0.29578	0
49	C	0.00000	0.69685	0.30315	0
50	L	0.00000	0.66661	0.33339	0
51	L	0.00000	0.6423	0.35770	0
52	S	0.00000	0.63719	0.36281	0
53	L	0.00000	0.14243	0.85757	0
54	L	0.00000	0.00785	0.99215	0
55	I	0.00000	0.00014	0.99986	0
56	L	0.00000	1e-05	0.99999	0
57	W	0.00000	0	1.00000	0
58	T	0.00000	0	1.00000	0
59	L	0.00000	0	1.00000	0
60	L	0.00000	0	1.00000	0
61	G	0.00000	0	1.00000	0
62	N	0.00000	0	1.00000	0
63	I	0.00000	0	1.00000	0
64	L	0.00001	0	0.99999	0
65	V	0.00011	0	0.99989	0
66	C	0.00097	0	0.99903	0
67	S	0.01546	0	0.98454	0
68	A	0.03592	0	0.96408	0
69	V	0.05970	0	0.94030	0
70	L	0.13213	0	0.86787	0
71	R	0.31089	0	0.68911	0
72	F	0.32280	0	0.67720	0
73	R	0.92138	0	0.07862	0
74	H	0.96443	0	0.03557	0
75	L	0.98068	0	0.01932	0
76	R	0.99999	0	0.00001	0
77	T	0.99999	0	0.00001	0
78	K	0.99974	0	0.00026	0
79	V	0.97628	0	0.02372	0
80	T	0.87724	0	0.12276	0
81	N	0.17089	0	0.82911	0
82	I	0.01793	0	0.98207	0
83	F	0.00025	0	0.99975	0
84	I	0.00001	0	0.99999	0
85	V	0.00000	0	1.00000	0
86	S	0.00000	0	1.00000	0
87	L	0.00000	0	1.00000	0
88	A	0.00000	0	1.00000	0
89	L	0.00000	0	1.00000	0
90	S	0.00000	0	1.00000	0
91	D	0.00000	0	1.00000	0
92	L	0.00000	0	1.00000	0
93	F	0.00000	0	1.00000	0
94	V	0.00000	0	1.00000	0
95	A	0.00000	0	1.00000	0
96	V	0.00000	0	1.00000	0
97	L	0.00000	0	1.00000	0
98	V	0.00000	4e-05	0.99996	0
99	M	0.00000	0.00062	0.99938	0
100	P	0.00000	0.01171	0.98829	0
101	W	0.00000	0.12332	0.87668	0
102	K	0.00000	0.43994	0.56006	0
103	A	0.00000	0.61499	0.38501	0
104	V	0.00000	0.7747	0.22530	0
105	A	0.00000	0.99982	0.00018	0
106	E	0.00000	1	0.00000	0
107	V	0.00000	1	0.00000	0
108	A	0.00000	1	0.00000	0
109	G	0.00000	1	0.00000	0
110	Y	0.00000	1	0.00000	0
111	W	0.00000	1	0.00000	0
112	P	0.00000	1	0.00000	0
113	F	0.00000	1	0.00000	0
114	G	0.00000	1	0.00000	0
115	T	0.00000	1	0.00000	0
116	F	0.00000	1	0.00000	0
117	C	0.00000	1	0.00000	0
118	N	0.00000	0.99999	0.00001	0
119	V	0.00000	0.99762	0.00238	0
120	W	0.00000	0.80046	0.19954	0
121	V	0.00000	0.08594	0.91406	0
122	A	0.00000	0.0023	0.99770	0
123	F	0.00000	5e-05	0.99995	0
124	D	0.00000	1e-05	0.99999	0
125	I	0.00000	0	1.00000	0
126	M	0.00000	0	1.00000	0
127	C	0.00000	0	1.00000	0
128	S	0.00000	0	1.00000	0
129	T	0.00000	0	1.00000	0
130	A	0.00000	0	1.00000	0
131	S	0.00000	0	1.00000	0
132	I	0.00000	0	1.00000	0
133	L	0.00000	0	1.00000	0
134	N	0.00000	0	1.00000	0
135	L	0.00000	0	1.00000	0
136	C	0.00000	0	1.00000	0
137	I	0.00000	0	1.00000	0
138	I	0.00000	0	1.00000	0
139	S	0.00000	0	1.00000	0
140	V	0.00001	0	0.99999	0
141	D	0.00010	0	0.99990	0
142	R	0.19357	0	0.80643	0
143	Y	0.52512	0	0.47488	0
144	W	0.84937	0	0.15063	0
145	A	0.99185	0	0.00815	0
146	I	1.00000	0	0.00000	0
147	S	1.00000	0	0.00000	0
148	S	1.00000	0	0.00000	0
149	P	1.00000	0	0.00000	0
150	F	1.00000	0	0.00000	0
151	R	1.00000	0	0.00000	0
152	Y	1.00000	0	0.00000	0
153	E	1.00000	0	0.00000	0
154	R	1.00000	0	0.00000	0
155	K	1.00000	0	0.00000	0
156	M	0.99994	0	0.00006	0
157	T	0.99980	0	0.00020	0
158	Q	0.99906	0	0.00094	0
159	R	0.91278	0	0.08722	0
160	V	0.10368	0	0.89632	0
161	A	0.01201	0	0.98799	0
162	F	0.00087	0	0.99913	0
163	V	0.00002	0	0.99998	0
164	M	0.00000	0	1.00000	0
165	I	0.00000	0	1.00000	0
166	S	0.00000	0	1.00000	0
167	I	0.00000	0	1.00000	0
168	T	0.00000	0	1.00000	0
169	W	0.00000	0	1.00000	0
170	T	0.00000	0	1.00000	0
171	L	0.00000	0	1.00000	0
172	S	0.00000	0	1.00000	0
173	V	0.00000	0	1.00000	0
174	L	0.00000	0	1.00000	0
175	I	0.00000	0	1.00000	0
176	S	0.00000	0	1.00000	0
177	F	0.00000	1e-05	0.99999	0
178	I	0.00000	0.0004	0.99960	0
179	P	0.00000	0.03014	0.96986	0
180	V	0.00000	0.09499	0.90501	0
181	Q	0.00000	0.57288	0.42712	0
182	L	0.00000	0.69218	0.30782	0
183	N	0.00000	0.97428	0.02572	0
184	W	0.00000	0.98932	0.01068	0
185	H	0.00000	0.99917	0.00083	0
186	K	0.00000	1	0.00000	0
187	A	0.00000	1	0.00000	0
188	T	0.00000	1	0.00000	0
189	A	0.00000	1	0.00000	0
190	D	0.00000	1	0.00000	0
191	G	0.00000	1	0.00000	0
192	L	0.00000	1	0.00000	0
193	A	0.00000	1	0.00000	0
194	G	0.00000	1	0.00000	0
195	A	0.00000	1	0.00000	0
196	H	0.00000	1	0.00000	0
197	N	0.00000	1	0.00000	0
198	S	0.00000	1	0.00000	0
199	S	0.00000	1	0.00000	0
200	A	0.00000	1	0.00000	0
201	S	0.00000	1	0.00000	0
202	R	0.00000	1	0.00000	0
203	Q	0.00000	1	0.00000	0
204	L	0.00000	1	0.00000	0
205	E	0.00000	1	0.00000	0
206	E	0.00000	1	0.00000	0
207	N	0.00000	1	0.00000	0
208	C	0.00000	1	0.00000	0
209	D	0.00000	1	0.00000	0
210	S	0.00000	0.99537	0.00463	0
211	S	0.00000	0.99494	0.00506	0
212	L	0.00000	0.99389	0.00611	0
213	S	0.00000	0.99379	0.00621	0
214	R	0.00000	0.99065	0.00935	0
215	E	0.00000	0.95214	0.04786	0
216	Y	0.00000	0.03715	0.96285	0
217	A	0.00000	0.02198	0.97802	0
218	I	0.00000	0.01569	0.98431	0
219	S	0.00000	0.00238	0.99762	0
220	S	0.00000	0.00201	0.99799	0
221	S	0.00000	0.0002	0.99980	0
222	L	0.00000	6e-05	0.99994	0
223	I	0.00000	0	1.00000	0
224	S	0.00000	0	1.00000	0
225	F	0.00000	0	1.00000	0
226	Y	0.00000	0	1.00000	0
227	I	0.00000	0	1.00000	0
228	P	0.00000	0	1.00000	0
229	V	0.00000	0	1.00000	0
230	A	0.00000	0	1.00000	0
231	I	0.00000	0	1.00000	0
232	M	0.00000	0	1.00000	0
233	I	0.00001	0	0.99999	0
234	V	0.00054	0	0.99946	0
235	T	0.00294	0	0.99706	0
236	Y	0.00380	0	0.99620	0
237	T	0.02422	0	0.97578	0
238	R	0.07273	0	0.92727	0
239	I	0.08018	0	0.91982	0
240	Y	0.14124	0	0.85876	0
241	R	0.94907	0	0.05093	0
242	I	0.95627	0	0.04373	0
243	A	0.99959	0	0.00041	0
244	Q	0.99998	0	0.00002	0
245	I	0.99999	0	0.00001	0
246	Q	1.00000	0	0.00000	0
247	I	1.00000	0	0.00000	0
248	R	1.00000	0	0.00000	0
249	R	1.00000	0	0.00000	0
250	I	1.00000	0	0.00000	0
251	A	1.00000	0	0.00000	0
252	S	1.00000	0	0.00000	0
253	L	1.00000	0	0.00000	0
254	E	1.00000	0	0.00000	0
255	R	1.00000	0	0.00000	0
256	A	1.00000	0	0.00000	0
257	A	1.00000	0	0.00000	0
258	E	1.00000	0	0.00000	0
259	H	1.00000	0	0.00000	0
260	A	1.00000	0	0.00000	0
261	Q	1.00000	0	0.00000	0
262	S	1.00000	0	0.00000	0
263	C	1.00000	0	0.00000	0
264	R	1.00000	0	0.00000	0
265	S	1.00000	0	0.00000	0
266	N	1.00000	0	0.00000	0
267	R	1.00000	0	0.00000	0
268	I	1.00000	0	0.00000	0
269	E	1.00000	0	0.00000	0
270	C	1.00000	0	0.00000	0
271	Q	1.00000	0	0.00000	0
272	H	1.00000	0	0.00000	0
273	H	1.00000	0	0.00000	0
274	N	1.00000	0	0.00000	0
275	T	1.00000	0	0.00000	0
276	L	1.00000	0	0.00000	0
277	K	1.00000	0	0.00000	0
278	T	1.00000	0	0.00000	0
279	S	1.00000	0	0.00000	0
280	I	1.00000	0	0.00000	0
281	K	1.00000	0	0.00000	0
282	R	1.00000	0	0.00000	0
283	E	1.00000	0	0.00000	0
284	T	0.94380	0	0.05620	0
285	K	0.94241	0	0.05759	0
286	V	0.35226	0	0.64774	0
287	F	0.32074	0	0.67926	0
288	K	0.32029	0	0.67971	0
289	T	0.27597	0	0.72403	0
290	L	0.00649	0	0.99351	0
291	S	0.00149	0	0.99851	0
292	V	0.00081	0	0.99919	0
293	I	0.00006	0	0.99994	0
294	M	0.00000	0	1.00000	0
295	G	0.00000	0	1.00000	0
296	V	0.00000	0	1.00000	0
297	F	0.00000	0	1.00000	0
298	V	0.00000	0	1.00000	0
299	C	0.00000	0	1.00000	0
300	C	0.00000	0	1.00000	0
301	W	0.00000	0	1.00000	0
302	L	0.00000	0	1.00000	0
303	P	0.00000	0	1.00000	0
304	F	0.00000	0	1.00000	0
305	F	0.00000	2e-05	0.99998	0
306	V	0.00000	0.00285	0.99715	0
307	L	0.00000	0.02689	0.97311	0
308	N	0.00000	0.25487	0.74513	0
309	C	0.00000	0.35149	0.64851	0
310	M	0.00000	0.36338	0.63662	0
311	V	0.00000	0.42809	0.57191	0
312	P	0.00000	0.6136	0.38640	0
313	F	0.00000	0.66436	0.33564	0
314	C	0.00000	0.84646	0.15354	0
315	N	0.00000	0.99178	0.00822	0
316	K	0.00000	0.99956	0.00044	0
317	P	0.00000	0.99963	0.00037	0
318	A	0.00000	0.99965	0.00035	0
319	A	0.00000	0.99968	0.00032	0
320	D	0.00000	0.99999	0.00001	0
321	R	0.00000	0.99999	0.00001	0
322	D	0.00000	0.99999	0.00001	0
323	A	0.00000	0.99999	0.00001	0
324	G	0.00000	0.99999	0.00001	0
325	L	0.00000	0.99999	0.00001	0
326	P	0.00000	0.99999	0.00001	0
327	C	0.00000	0.99999	0.00001	0
328	V	0.00000	0.99994	0.00006	0
329	S	0.00000	0.99991	0.00009	0
330	E	0.00000	0.9997	0.00030	0
331	T	0.00000	0.99737	0.00263	0
332	T	0.00000	0.99352	0.00648	0
333	F	0.00000	0.98463	0.01537	0
334	D	0.00000	0.84135	0.15865	0
335	V	0.00000	0.02005	0.97995	0
336	F	0.00000	0.01557	0.98443	0
337	V	0.00000	5e-05	0.99995	0
338	W	0.00000	0	1.00000	0
339	F	0.00000	0	1.00000	0
340	G	0.00000	0	1.00000	0
341	W	0.00001	0	0.99999	0
342	A	0.00001	0	0.99999	0
343	N	0.00001	0	0.99999	0
344	S	0.00001	0	0.99999	0
345	S	0.00001	0	0.99999	0
346	L	0.00001	0	0.99999	0
347	N	0.00001	0	0.99999	0
348	P	0.00001	0	0.99999	0
349	I	0.00001	0	0.99999	0
350	I	0.00001	0	0.99999	0
351	Y	0.00003	0	0.99997	0
352	A	0.00006	0	0.99994	0
353	F	0.00130	0	0.99870	0
354	N	0.33733	0	0.66267	0
355	N	0.60636	0	0.39364	0
356	E	1.00000	0	0.00000	0
357	F	1.00000	0	0.00000	0
358	R	1.00000	0	0.00000	0
359	K	1.00000	0	0.00000	0
360	A	1.00000	0	0.00000	0
361	F	1.00000	0	0.00000	0
362	A	1.00000	0	0.00000	0
363	S	1.00000	0	0.00000	0
364	L	1.00000	0	0.00000	0
365	L	1.00000	0	0.00000	0
366	G	1.00000	0	0.00000	0
367	C	1.00000	0	0.00000	0
368	R	1.00000	0	0.00000	0
369	H	1.00000	0	0.00000	0
370	F	1.00000	0	0.00000	0
371	C	1.00000	0	0.00000	0
372	S	1.00000	0	0.00000	0
373	S	1.00000	0	0.00000	0
374	T	1.00000	0	0.00000	0
375	P	1.00000	0	0.00000	0
376	V	1.00000	0	0.00000	0
377	E	1.00000	0	0.00000	0
378	T	1.00000	0	0.00000	0
379	V	1.00000	0	0.00000	0
380	N	1.00000	0	0.00000	0
381	I	1.00000	0	0.00000	0
382	S	1.00000	0	0.00000	0
383	N	1.00000	0	0.00000	0
384	E	1.00000	0	0.00000	0
385	L	1.00000	0	0.00000	0
386	V	1.00000	0	0.00000	0
387	S	1.00000	0	0.00000	0
388	Y	1.00000	0	0.00000	0
389	N	1.00000	0	0.00000	0
390	Q	1.00000	0	0.00000	0
391	D	1.00000	0	0.00000	0
392	T	1.00000	0	0.00000	0
393	I	1.00000	0	0.00000	0
394	I	1.00000	0	0.00000	0
395	H	1.00000	0	0.00000	0
396	K	1.00000	0	0.00000	0
397	E	1.00000	0	0.00000	0
398	I	1.00000	0	0.00000	0
399	A	1.00000	0	0.00000	0
400	N	1.00000	0	0.00000	0
401	A	1.00000	0	0.00000	0
402	Y	1.00000	0	0.00000	0
403	V	1.00000	0	0.00000	0
404	N	1.00000	0	0.00000	0
405	M	1.00000	0	0.00000	0
406	I	1.00000	0	0.00000	0
407	P	1.00000	0	0.00000	0
408	N	1.00000	0	0.00000	0
409	V	1.00000	0	0.00000	0
410	V	1.00000	0	0.00000	0
411	E	1.00000	0	0.00000	0
412	C	1.00000	0	0.00000	0
413	M	1.00000	0	0.00000	0
414	E	1.00000	0	0.00000	0
415	H	1.00000	0	0.00000	0
416	E	1.00000	0	0.00000	0
417	E	1.00000	0	0.00000	0
418	T	1.00000	0	0.00000	0
419	F	1.00000	0	0.00000	0
420	D	1.00000	0	0.00000	0
421	R	1.00000	0	0.00000	0
422	I	1.00000	0	0.00000	0
423	S	1.00000	0	0.00000	0
424	Q	1.00000	0	0.00000	0
425	F	1.00000	0	0.00000	0
426	S	1.00000	0	0.00000	0
427	H	1.00000	0	0.00000	0
428	N	1.00000	0	0.00000	0
429	N	1.00000	0	0.00000	0
430	D	1.00000	0	0.00000	0
431	N	1.00000	0	0.00000	0
432	A	1.00000	0	0.00000	0
433	T	1.00000	0	0.00000	0
434	D	1.00000	0	0.00000	0
435	S	1.00000	0	0.00000	0
436	V	1.00000	0	0.00000	0
437	C	1.00000	0	0.00000	0
438	D	1.00000	0	0.00000	0
439	L	1.00000	0	0.00000	0
440	E	1.00000	0	0.00000	0
441	D	1.00000	0	0.00000	0
442	C	1.00000	0	0.00000	0
443	E	1.00000	0	0.00000	0
444	A	1.00000	0	0.00000	0
445	D	1.00000	0	0.00000	0
446	I	1.00000	0	0.00000	0
447	S	1.00000	0	0.00000	0
448	L	1.00000	0	0.00000	0
449	D	1.00000	0	0.00000	0
450	R	1.00000	0	0.00000	0
451	L	1.00000	0	0.00000	0
452	S	1.00000	0	0.00000	0
453	P	1.00000	0	0.00000	0
454	F	1.00000	0	0.00000	0
455	T	1.00000	0	0.00000	0
456	P	1.00000	0	0.00000	0
457	N	1.00000	0	0.00000	0
458	G	1.00000	0	0.00000	0
459	L	1.00000	0	0.00000	0
460	H	1.00000	0	0.00000	0
