# UNNAMED
#pos	aa	i	o	M	S
1	M	0.00000	0.99993	0.00000	7e-05
2	C	0.00000	0.99993	0.00000	7e-05
3	H	0.00000	0.99993	0.00000	7e-05
4	Y	0.00000	0.99993	0.00000	7e-05
5	I	0.00000	0.99993	0.00000	7e-05
6	P	0.00000	0.99993	0.00000	7e-05
7	H	0.00000	0.99993	0.00000	7e-05
8	L	0.00000	0.99993	0.00000	7e-05
9	M	0.00000	0.99993	0.00000	7e-05
10	T	0.00000	0.99993	0.00000	7e-05
11	S	0.00000	0.99993	0.00000	7e-05
12	G	0.00000	0.99993	0.00000	7e-05
13	R	0.00000	0.99997	0.00000	3e-05
14	R	0.00000	0.99997	0.00000	3e-05
15	L	0.00000	0.99997	0.00000	3e-05
16	H	0.00000	0.99997	0.00000	3e-05
17	V	0.00000	0.99997	0.00000	3e-05
18	N	0.00000	0.99997	0.00000	3e-05
19	C	0.00000	0.99997	0.00000	3e-05
20	C	0.00000	0.99997	0.00000	3e-05
21	R	0.00000	0.99997	0.00000	3e-05
22	W	0.00000	0.99997	0.00000	3e-05
23	T	0.00000	0.99997	0.00000	3e-05
24	D	0.00000	0.99997	0.00000	3e-05
25	G	0.00000	0.99997	0.00000	3e-05
26	Q	0.00000	0.99997	0.00000	3e-05
27	A	0.00000	0.99997	0.00000	3e-05
28	D	0.00000	1	0.00000	0
29	S	0.00000	1	0.00000	0
30	G	0.00000	1	0.00000	0
31	K	0.00000	1	0.00000	0
32	L	0.00000	1	0.00000	0
33	S	0.00000	1	0.00000	0
34	S	0.00000	1	0.00000	0
35	S	0.00000	1	0.00000	0
36	N	0.00000	1	0.00000	0
37	T	0.00000	1	0.00000	0
38	P	0.00000	1	0.00000	0
39	G	0.00000	1	0.00000	0
40	N	0.00000	1	0.00000	0
41	M	0.00000	1	0.00000	0
42	E	0.00000	1	0.00000	0
43	P	0.00000	1	0.00000	0
44	T	0.00000	1	0.00000	0
45	P	0.00000	1	0.00000	0
46	T	0.00000	1	0.00000	0
47	L	0.00000	1	0.00000	0
48	L	0.00000	1	0.00000	0
49	R	0.00000	1	0.00000	0
50	L	0.00000	1	0.00000	0
51	S	0.00000	1	0.00000	0
52	V	0.00000	1	0.00000	0
53	N	0.00000	1	0.00000	0
54	T	0.00000	1	0.00000	0
55	S	0.00000	1	0.00000	0
56	R	0.00000	1	0.00000	0
57	V	0.00000	1	0.00000	0
58	P	0.00000	1	0.00000	0
59	P	0.00000	1	0.00000	0
60	L	0.00000	1	0.00000	0
61	S	0.00000	1	0.00000	0
62	P	0.00000	0.99994	0.00006	0
63	P	0.00000	0.9998	0.00020	0
64	Y	0.00000	0.99811	0.00189	0
65	P	0.00000	0.99729	0.00271	0
66	Y	0.00000	0.98552	0.01448	0
67	S	0.00000	0.98125	0.01875	0
68	T	0.00000	0.95184	0.04816	0
69	A	0.00000	0.92432	0.07568	0
70	Q	0.00000	0.8503	0.14970	0
71	L	0.00000	0.40529	0.59471	0
72	V	0.00000	0.2068	0.79320	0
73	L	0.00000	0.11757	0.88243	0
74	I	0.00000	0.02626	0.97374	0
75	A	0.00000	0.00784	0.99216	0
76	M	0.00000	0.00396	0.99604	0
77	V	0.00000	0.00018	0.99982	0
78	T	0.00000	4e-05	0.99996	0
79	T	0.00000	0	1.00000	0
80	S	0.00000	0	1.00000	0
81	L	0.00000	0	1.00000	0
82	S	0.00000	0	1.00000	0
83	I	0.00000	0	1.00000	0
84	L	0.00000	0	1.00000	0
85	T	0.00000	0	1.00000	0
86	V	0.00000	0	1.00000	0
87	L	0.00000	0	1.00000	0
88	G	0.00004	0	0.99996	0
89	N	0.00008	0	0.99992	0
90	T	0.00009	0	0.99991	0
91	L	0.00010	0	0.99990	0
92	V	0.00019	0	0.99981	0
93	I	0.00069	0	0.99931	0
94	L	0.02362	0	0.97638	0
95	S	0.37560	0	0.62440	0
96	I	0.47282	0	0.52718	0
97	K	0.98840	0	0.01160	0
98	V	0.99502	0	0.00498	0
99	N	0.99985	0	0.00015	0
100	R	0.99999	0	0.00001	0
101	H	0.99950	0	0.00050	0
102	L	0.99563	0	0.00437	0
103	Q	0.98613	0	0.01387	0
104	M	0.66895	0	0.33105	0
105	V	0.45735	0	0.54265	0
106	N	0.23141	0	0.76859	0
107	N	0.03903	0	0.96097	0
108	Y	0.01229	0	0.98771	0
109	F	0.00013	0	0.99987	0
110	L	0.00001	0	0.99999	0
111	L	0.00000	0	1.00000	0
112	S	0.00000	0	1.00000	0
113	L	0.00000	0	1.00000	0
114	A	0.00000	0	1.00000	0
115	V	0.00000	0	1.00000	0
116	A	0.00000	0	1.00000	0
117	D	0.00000	0	1.00000	0
118	L	0.00000	0	1.00000	0
119	I	0.00000	0	1.00000	0
120	I	0.00000	0	1.00000	0
121	G	0.00000	0	1.00000	0
122	L	0.00000	4e-05	0.99996	0
123	F	0.00000	0.00704	0.99296	0
124	S	0.00000	0.17821	0.82179	0
125	M	0.00000	0.23803	0.76197	0
126	N	0.00000	0.60698	0.39302	0
127	V	0.00000	0.63079	0.36921	0
128	Y	0.00000	0.7583	0.24170	0
129	T	0.00000	0.7924	0.20760	0
130	L	0.00000	0.85314	0.14686	0
131	Y	0.00000	0.93982	0.06018	0
132	K	0.00000	0.98542	0.01458	0
133	L	0.00000	0.99091	0.00909	0
134	Q	0.00000	0.99744	0.00256	0
135	G	0.00000	0.99916	0.00084	0
136	R	0.00000	0.99996	0.00004	0
137	W	0.00000	1	0.00000	0
138	L	0.00000	1	0.00000	0
139	L	0.00000	1	0.00000	0
140	G	0.00000	1	0.00000	0
141	P	0.00000	1	0.00000	0
142	V	0.00000	0.99999	0.00001	0
143	L	0.00000	0.99999	0.00001	0
144	C	0.00000	0.99999	0.00001	0
145	D	0.00000	0.99994	0.00006	0
146	A	0.00000	0.99968	0.00032	0
147	W	0.00000	0.93676	0.06324	0
148	L	0.00000	0.39072	0.60928	0
149	V	0.00000	0.03404	0.96596	0
150	L	0.00000	0.00134	0.99866	0
151	D	0.00000	0.0003	0.99970	0
152	Y	0.00000	2e-05	0.99998	0
153	V	0.00000	0	1.00000	0
154	A	0.00000	0	1.00000	0
155	S	0.00000	0	1.00000	0
156	S	0.00000	0	1.00000	0
157	A	0.00000	0	1.00000	0
158	S	0.00000	0	1.00000	0
159	V	0.00000	0	1.00000	0
160	L	0.00000	0	1.00000	0
161	N	0.00000	0	1.00000	0
162	L	0.00000	0	1.00000	0
163	L	0.00000	0	1.00000	0
164	L	0.00000	0	1.00000	0
165	I	0.00000	0	1.00000	0
166	S	0.00000	0	1.00000	0
167	L	0.00000	0	1.00000	0
168	D	0.00028	0	0.99972	0
169	R	0.05581	0	0.94419	0
170	Y	0.32926	0	0.67074	0
171	F	0.71134	0	0.28866	0
172	C	0.94017	0	0.05983	0
173	L	0.99997	0	0.00003	0
174	T	1.00000	0	0.00000	0
175	R	1.00000	0	0.00000	0
176	P	1.00000	0	0.00000	0
177	L	1.00000	0	0.00000	0
178	S	1.00000	0	0.00000	0
179	Y	1.00000	0	0.00000	0
180	P	1.00000	0	0.00000	0
181	V	1.00000	0	0.00000	0
182	R	1.00000	0	0.00000	0
183	R	1.00000	0	0.00000	0
184	T	0.99991	0	0.00009	0
185	G	0.99917	0	0.00083	0
186	R	0.99316	0	0.00684	0
187	M	0.43188	0	0.56812	0
188	A	0.06522	0	0.93478	0
189	C	0.00024	0	0.99976	0
190	L	0.00002	0	0.99998	0
191	M	0.00000	0	1.00000	0
192	I	0.00000	0	1.00000	0
193	A	0.00000	0	1.00000	0
194	A	0.00000	0	1.00000	0
195	A	0.00000	0	1.00000	0
196	W	0.00000	0	1.00000	0
197	L	0.00000	0	1.00000	0
198	L	0.00000	0	1.00000	0
199	S	0.00000	0	1.00000	0
200	F	0.00000	0	1.00000	0
201	I	0.00000	0	1.00000	0
202	L	0.00000	0	1.00000	0
203	W	0.00000	0	1.00000	0
204	A	0.00000	1e-05	0.99999	0
205	P	0.00000	0.00015	0.99985	0
206	A	0.00000	0.00063	0.99937	0
207	I	0.00000	0.01273	0.98727	0
208	L	0.00000	0.12538	0.87462	0
209	S	0.00000	0.73638	0.26362	0
210	W	0.00000	0.86552	0.13448	0
211	Q	0.00000	0.99566	0.00434	0
212	T	0.00000	0.99953	0.00047	0
213	D	0.00000	1	0.00000	0
214	K	0.00000	1	0.00000	0
215	G	0.00000	1	0.00000	0
216	G	0.00000	1	0.00000	0
217	R	0.00000	1	0.00000	0
218	V	0.00000	1	0.00000	0
219	V	0.00000	1	0.00000	0
220	P	0.00000	1	0.00000	0
221	H	0.00000	1	0.00000	0
222	D	0.00000	1	0.00000	0
223	Q	0.00000	1	0.00000	0
224	C	0.00000	0.99999	0.00001	0
225	Y	0.00000	0.99758	0.00242	0
226	I	0.00000	0.96054	0.03946	0
227	R	0.00000	0.90102	0.09898	0
228	L	0.00000	0.804	0.19600	0
229	L	0.00000	0.72493	0.27507	0
230	V	0.00000	0.69649	0.30351	0
231	S	0.00000	0.65284	0.34716	0
232	P	0.00000	0.31109	0.68891	0
233	A	0.00000	0.23141	0.76859	0
234	V	0.00000	0.19993	0.80007	0
235	T	0.00000	0.19844	0.80156	0
236	M	0.00000	0.01142	0.98858	0
237	G	0.00000	0.00694	0.99306	0
238	T	0.00000	0.00656	0.99344	0
239	T	0.00000	0.00374	0.99626	0
240	L	0.00000	0.0034	0.99660	0
241	P	0.00000	0.00054	0.99946	0
242	S	0.00000	0.0004	0.99960	0
243	F	0.00000	0.0003	0.99970	0
244	Y	0.00000	0.00027	0.99973	0
245	L	0.00000	7e-05	0.99993	0
246	P	0.00000	7e-05	0.99993	0
247	A	0.00000	0	1.00000	0
248	I	0.00001	0	0.99999	0
249	I	0.00016	0	0.99984	0
250	M	0.00049	0	0.99951	0
251	I	0.00103	0	0.99897	0
252	G	0.04488	0	0.95512	0
253	L	0.06606	0	0.93394	0
254	Y	0.12475	0	0.87525	0
255	S	0.43228	0	0.56772	0
256	H	0.51281	0	0.48719	0
257	L	0.54117	0	0.45883	0
258	S	0.78093	0	0.21907	0
259	V	0.82755	0	0.17245	0
260	A	0.87371	0	0.12629	0
261	S	0.99042	0	0.00958	0
262	Y	0.99136	0	0.00864	0
263	S	0.99608	0	0.00392	0
264	R	0.99888	0	0.00112	0
265	M	0.99907	0	0.00093	0
266	S	0.99929	0	0.00071	0
267	V	0.99938	0	0.00062	0
268	L	0.99944	0	0.00056	0
269	M	0.99999	0	0.00001	0
270	P	1.00000	0	0.00000	0
271	N	1.00000	0	0.00000	0
272	Q	1.00000	0	0.00000	0
273	G	1.00000	0	0.00000	0
274	A	1.00000	0	0.00000	0
275	L	1.00000	0	0.00000	0
276	R	1.00000	0	0.00000	0
277	A	1.00000	0	0.00000	0
278	S	1.00000	0	0.00000	0
279	S	1.00000	0	0.00000	0
280	P	1.00000	0	0.00000	0
281	S	1.00000	0	0.00000	0
282	L	1.00000	0	0.00000	0
283	K	1.00000	0	0.00000	0
284	D	1.00000	0	0.00000	0
285	F	1.00000	0	0.00000	0
286	L	1.00000	0	0.00000	0
287	L	1.00000	0	0.00000	0
288	R	1.00000	0	0.00000	0
289	R	1.00000	0	0.00000	0
290	R	1.00000	0	0.00000	0
291	G	1.00000	0	0.00000	0
292	M	1.00000	0	0.00000	0
293	G	1.00000	0	0.00000	0
294	T	1.00000	0	0.00000	0
295	S	1.00000	0	0.00000	0
296	D	1.00000	0	0.00000	0
297	P	1.00000	0	0.00000	0
298	C	1.00000	0	0.00000	0
299	S	1.00000	0	0.00000	0
300	D	1.00000	0	0.00000	0
301	L	1.00000	0	0.00000	0
302	T	1.00000	0	0.00000	0
303	P	1.00000	0	0.00000	0
304	N	1.00000	0	0.00000	0
305	Q	1.00000	0	0.00000	0
306	L	1.00000	0	0.00000	0
307	Q	1.00000	0	0.00000	0
308	S	1.00000	0	0.00000	0
309	C	1.00000	0	0.00000	0
310	T	1.00000	0	0.00000	0
311	P	1.00000	0	0.00000	0
312	K	1.00000	0	0.00000	0
313	T	1.00000	0	0.00000	0
314	R	1.00000	0	0.00000	0
315	R	1.00000	0	0.00000	0
316	K	1.00000	0	0.00000	0
317	K	1.00000	0	0.00000	0
318	K	1.00000	0	0.00000	0
319	T	1.00000	0	0.00000	0
320	C	1.00000	0	0.00000	0
321	R	1.00000	0	0.00000	0
322	S	1.00000	0	0.00000	0
323	P	1.00000	0	0.00000	0
324	D	1.00000	0	0.00000	0
325	D	1.00000	0	0.00000	0
326	T	1.00000	0	0.00000	0
327	A	1.00000	0	0.00000	0
328	Q	1.00000	0	0.00000	0
329	A	1.00000	0	0.00000	0
330	E	1.00000	0	0.00000	0
331	S	1.00000	0	0.00000	0
332	S	1.00000	0	0.00000	0
333	W	1.00000	0	0.00000	0
334	R	1.00000	0	0.00000	0
335	H	1.00000	0	0.00000	0
336	W	1.00000	0	0.00000	0
337	K	1.00000	0	0.00000	0
338	H	1.00000	0	0.00000	0
339	P	1.00000	0	0.00000	0
340	S	1.00000	0	0.00000	0
341	Q	1.00000	0	0.00000	0
342	T	1.00000	0	0.00000	0
343	A	1.00000	0	0.00000	0
344	V	1.00000	0	0.00000	0
345	K	1.00000	0	0.00000	0
346	P	1.00000	0	0.00000	0
347	T	1.00000	0	0.00000	0
348	G	1.00000	0	0.00000	0
349	D	1.00000	0	0.00000	0
350	E	1.00000	0	0.00000	0
351	D	1.00000	0	0.00000	0
352	H	1.00000	0	0.00000	0
353	N	1.00000	0	0.00000	0
354	K	1.00000	0	0.00000	0
355	T	1.00000	0	0.00000	0
356	E	1.00000	0	0.00000	0
357	S	1.00000	0	0.00000	0
358	E	1.00000	0	0.00000	0
359	D	1.00000	0	0.00000	0
360	S	1.00000	0	0.00000	0
361	F	1.00000	0	0.00000	0
362	N	1.00000	0	0.00000	0
363	A	1.00000	0	0.00000	0
364	D	1.00000	0	0.00000	0
365	L	1.00000	0	0.00000	0
366	H	1.00000	0	0.00000	0
367	R	1.00000	0	0.00000	0
368	A	1.00000	0	0.00000	0
369	A	1.00000	0	0.00000	0
370	S	1.00000	0	0.00000	0
371	A	1.00000	0	0.00000	0
372	V	1.00000	0	0.00000	0
373	F	1.00000	0	0.00000	0
374	S	1.00000	0	0.00000	0
375	S	1.00000	0	0.00000	0
376	C	1.00000	0	0.00000	0
377	P	1.00000	0	0.00000	0
378	D	1.00000	0	0.00000	0
379	I	1.00000	0	0.00000	0
380	S	1.00000	0	0.00000	0
381	S	1.00000	0	0.00000	0
382	H	1.00000	0	0.00000	0
383	E	1.00000	0	0.00000	0
384	R	1.00000	0	0.00000	0
385	R	1.00000	0	0.00000	0
386	R	1.00000	0	0.00000	0
387	Q	1.00000	0	0.00000	0
388	R	1.00000	0	0.00000	0
389	V	1.00000	0	0.00000	0
390	M	1.00000	0	0.00000	0
391	A	1.00000	0	0.00000	0
392	R	1.00000	0	0.00000	0
393	E	1.00000	0	0.00000	0
394	R	0.99551	0	0.00449	0
395	R	0.99396	0	0.00604	0
396	V	0.98978	0	0.01022	0
397	T	0.91576	0	0.08424	0
398	R	0.89614	0	0.10386	0
399	T	0.77824	0	0.22176	0
400	I	0.71011	0	0.28989	0
401	L	0.01257	0	0.98743	0
402	A	0.00836	0	0.99164	0
403	I	0.00003	0	0.99997	0
404	I	0.00002	0	0.99998	0
405	L	0.00000	0	1.00000	0
406	V	0.00000	0	1.00000	0
407	F	0.00000	0	1.00000	0
408	V	0.00000	0	1.00000	0
409	L	0.00000	0	1.00000	0
410	T	0.00000	0	1.00000	0
411	W	0.00000	0	1.00000	0
412	T	0.00000	0	1.00000	0
413	P	0.00000	0	1.00000	0
414	Y	0.00000	0	1.00000	0
415	N	0.00000	2e-05	0.99998	0
416	V	0.00000	2e-05	0.99998	0
417	M	0.00000	5e-05	0.99995	0
418	A	0.00000	0.00037	0.99963	0
419	V	0.00000	0.00336	0.99664	0
420	V	0.00000	0.00692	0.99308	0
421	A	0.00000	0.01963	0.98037	0
422	A	0.00000	0.08261	0.91739	0
423	F	0.00000	0.23564	0.76436	0
424	C	0.00000	0.87696	0.12304	0
425	H	0.00000	0.96681	0.03319	0
426	C	0.00000	0.99811	0.00189	0
427	R	0.00000	0.99981	0.00019	0
428	I	0.00000	0.99985	0.00015	0
429	P	0.00000	0.99991	0.00009	0
430	D	0.00000	0.99998	0.00002	0
431	A	0.00000	0.99897	0.00103	0
432	L	0.00000	0.99881	0.00119	0
433	W	0.00000	0.99871	0.00129	0
434	T	0.00000	0.99018	0.00982	0
435	T	0.00000	0.95581	0.04419	0
436	G	0.00000	0.93918	0.06082	0
437	Y	0.00000	0.66769	0.33231	0
438	W	0.00000	0.05772	0.94228	0
439	L	0.00000	0.00019	0.99981	0
440	C	0.00000	1e-05	0.99999	0
441	Y	0.00000	0	1.00000	0
442	V	0.00000	0	1.00000	0
443	N	0.00000	0	1.00000	0
444	S	0.00000	0	1.00000	0
445	T	0.00000	0	1.00000	0
446	V	0.00000	0	1.00000	0
447	N	0.00000	0	1.00000	0
448	P	0.00000	0	1.00000	0
449	G	0.00000	0	1.00000	0
450	C	0.00000	0	1.00000	0
451	Y	0.00000	0	1.00000	0
452	A	0.00000	0	1.00000	0
453	L	0.00002	0	0.99998	0
454	C	0.00032	0	0.99968	0
455	N	0.00147	0	0.99853	0
456	V	0.00447	0	0.99553	0
457	T	0.01321	0	0.98679	0
458	F	0.13685	0	0.86315	0
459	R	1.00000	0	0.00000	0
460	K	1.00000	0	0.00000	0
461	T	1.00000	0	0.00000	0
462	F	1.00000	0	0.00000	0
463	C	1.00000	0	0.00000	0
464	S	1.00000	0	0.00000	0
465	L	1.00000	0	0.00000	0
466	L	1.00000	0	0.00000	0
467	R	1.00000	0	0.00000	0
468	C	1.00000	0	0.00000	0
469	R	1.00000	0	0.00000	0
470	C	1.00000	0	0.00000	0
471	R	1.00000	0	0.00000	0
472	R	1.00000	0	0.00000	0
473	L	1.00000	0	0.00000	0
