# UNNAMED
#pos	aa	i	o	M	S
1	M	0.00000	0.99999	0.00000	1e-05
2	A	0.00000	0.99999	0.00000	1e-05
3	F	0.00000	0.99999	0.00000	1e-05
4	L	0.00000	0.99999	0.00000	1e-05
5	P	0.00000	0.99999	0.00000	1e-05
6	G	0.00000	0.99999	0.00000	1e-05
7	N	0.00000	0.99999	0.00000	1e-05
8	S	0.00000	0.99999	0.00000	1e-05
9	S	0.00000	0.99999	0.00000	1e-05
10	D	0.00000	0.99999	0.00000	1e-05
11	C	0.00000	0.99999	0.00000	1e-05
12	S	0.00000	0.99999	0.00000	1e-05
13	N	0.00000	0.99999	0.00000	1e-05
14	C	0.00000	0.99999	0.00000	1e-05
15	T	0.00000	0.99999	0.00000	1e-05
16	H	0.00000	0.99999	0.00000	0
17	S	0.00000	0.99999	0.00000	0
18	V	0.00000	0.99999	0.00000	0
19	G	0.00000	0.99999	0.00001	0
20	P	0.00000	0.99999	0.00001	0
21	V	0.00000	0.99973	0.00027	0
22	N	0.00000	0.99958	0.00042	0
23	I	0.00000	0.98457	0.01543	0
24	S	0.00000	0.98192	0.01808	0
25	K	0.00000	0.97174	0.02826	0
26	A	0.00000	0.66872	0.33128	0
27	I	0.00000	0.26684	0.73316	0
28	L	0.00000	0.11194	0.88806	0
29	L	0.00000	0.03894	0.96106	0
30	G	0.00000	0.01914	0.98086	0
31	V	0.00000	0.00399	0.99601	0
32	I	0.00000	0.00107	0.99893	0
33	L	0.00000	0.00049	0.99951	0
34	G	0.00000	0.00029	0.99971	0
35	G	0.00000	6e-05	0.99994	0
36	L	0.00000	1e-05	0.99999	0
37	I	0.00000	0	1.00000	0
38	V	0.00000	0	1.00000	0
39	F	0.00000	0	1.00000	0
40	G	0.00000	0	1.00000	0
41	V	0.00000	0	1.00000	0
42	L	0.00000	0	1.00000	0
43	G	0.00000	0	1.00000	0
44	N	0.00000	0	1.00000	0
45	I	0.00000	0	1.00000	0
46	L	0.00000	0	1.00000	0
47	V	0.00001	0	0.99999	0
48	I	0.00010	0	0.99990	0
49	L	0.01052	0	0.98948	0
50	S	0.35115	0	0.64885	0
51	V	0.41127	0	0.58873	0
52	A	0.61087	0	0.38913	0
53	C	0.80672	0	0.19328	0
54	H	0.95543	0	0.04457	0
55	R	0.99768	0	0.00232	0
56	H	0.99959	0	0.00041	0
57	L	0.99983	0	0.00017	0
58	Q	1.00000	0	0.00000	0
59	S	0.99987	0	0.00013	0
60	V	0.99389	0	0.00611	0
61	T	0.97578	0	0.02422	0
62	H	0.63671	0	0.36329	0
63	Y	0.15907	0	0.84093	0
64	Y	0.00346	0	0.99654	0
65	I	0.00005	0	0.99995	0
66	I	0.00000	0	1.00000	0
67	N	0.00000	0	1.00000	0
68	L	0.00000	0	1.00000	0
69	A	0.00000	0	1.00000	0
70	V	0.00000	0	1.00000	0
71	A	0.00000	0	1.00000	0
72	D	0.00000	0	1.00000	0
73	L	0.00000	0	1.00000	0
74	L	0.00000	0	1.00000	0
75	L	0.00000	0	1.00000	0
76	T	0.00000	0	1.00000	0
77	S	0.00000	0	1.00000	0
78	T	0.00000	0	1.00000	0
79	V	0.00000	0	1.00000	0
80	L	0.00000	3e-05	0.99997	0
81	P	0.00000	0.00088	0.99912	0
82	F	0.00000	0.01001	0.98999	0
83	S	0.00000	0.41823	0.58177	0
84	A	0.00000	0.61686	0.38314	0
85	T	0.00000	0.8497	0.15030	0
86	M	0.00000	0.99854	0.00146	0
87	E	0.00000	0.99909	0.00091	0
88	I	0.00000	0.99911	0.00089	0
89	L	0.00000	0.99929	0.00071	0
90	G	0.00000	0.99976	0.00024	0
91	Y	0.00000	0.99997	0.00003	0
92	W	0.00000	0.99999	0.00001	0
93	A	0.00000	1	0.00000	0
94	F	0.00000	0.99998	0.00002	0
95	G	0.00000	0.99998	0.00002	0
96	R	0.00000	0.99998	0.00002	0
97	I	0.00000	0.99997	0.00003	0
98	F	0.00000	0.99997	0.00003	0
99	C	0.00000	0.99997	0.00003	0
100	N	0.00000	0.99997	0.00003	0
101	I	0.00000	0.99866	0.00134	0
102	W	0.00000	0.88451	0.11549	0
103	A	0.00000	0.29144	0.70856	0
104	A	0.00000	0.00772	0.99228	0
105	V	0.00000	6e-05	0.99994	0
106	D	0.00000	1e-05	0.99999	0
107	V	0.00000	0	1.00000	0
108	L	0.00000	0	1.00000	0
109	C	0.00000	0	1.00000	0
110	C	0.00000	0	1.00000	0
111	T	0.00000	0	1.00000	0
112	A	0.00000	0	1.00000	0
113	S	0.00000	0	1.00000	0
114	I	0.00000	0	1.00000	0
115	M	0.00000	0	1.00000	0
116	S	0.00000	0	1.00000	0
117	L	0.00000	0	1.00000	0
118	C	0.00000	0	1.00000	0
119	I	0.00000	0	1.00000	0
120	I	0.00000	0	1.00000	0
121	S	0.00000	0	1.00000	0
122	I	0.00000	0	1.00000	0
123	D	0.00004	0	0.99996	0
124	R	0.07763	0	0.92237	0
125	Y	0.30340	0	0.69660	0
126	I	0.87416	0	0.12584	0
127	G	0.98202	0	0.01798	0
128	V	0.99999	0	0.00001	0
129	S	1.00000	0	0.00000	0
130	Y	1.00000	0	0.00000	0
131	P	1.00000	0	0.00000	0
132	L	1.00000	0	0.00000	0
133	R	1.00000	0	0.00000	0
134	Y	1.00000	0	0.00000	0
135	P	1.00000	0	0.00000	0
136	S	1.00000	0	0.00000	0
137	I	1.00000	0	0.00000	0
138	V	1.00000	0	0.00000	0
139	T	1.00000	0	0.00000	0
140	E	0.99999	0	0.00001	0
141	K	0.99994	0	0.00006	0
142	R	0.99498	0	0.00502	0
143	G	0.68134	0	0.31866	0
144	L	0.04117	0	0.95883	0
145	L	0.00428	0	0.99572	0
146	A	0.00008	0	0.99992	0
147	L	0.00000	0	1.00000	0
148	L	0.00000	0	1.00000	0
149	C	0.00000	0	1.00000	0
150	V	0.00000	0	1.00000	0
151	W	0.00000	0	1.00000	0
152	A	0.00000	0	1.00000	0
153	L	0.00000	0	1.00000	0
154	S	0.00000	0	1.00000	0
155	L	0.00000	0	1.00000	0
156	V	0.00000	0	1.00000	0
157	I	0.00000	0	1.00000	0
158	S	0.00000	0	1.00000	0
159	I	0.00000	0	1.00000	0
160	G	0.00000	0	1.00000	0
161	P	0.00000	2e-05	0.99998	0
162	L	0.00000	0.00028	0.99972	0
163	F	0.00000	0.01484	0.98516	0
164	G	0.00000	0.38418	0.61582	0
165	W	0.00000	0.59232	0.40768	0
166	K	0.00000	0.99537	0.00463	0
167	E	0.00000	0.99996	0.00004	0
168	P	0.00000	1	0.00000	0
169	A	0.00000	1	0.00000	0
170	P	0.00000	1	0.00000	0
171	E	0.00000	1	0.00000	0
172	D	0.00000	1	0.00000	0
173	E	0.00000	1	0.00000	0
174	T	0.00000	1	0.00000	0
175	I	0.00000	1	0.00000	0
176	C	0.00000	1	0.00000	0
177	Q	0.00000	1	0.00000	0
178	I	0.00000	1	0.00000	0
179	T	0.00000	1	0.00000	0
180	E	0.00000	1	0.00000	0
181	E	0.00000	1	0.00000	0
182	P	0.00000	0.99935	0.00065	0
183	G	0.00000	0.92256	0.07744	0
184	Y	0.00000	0.85631	0.14369	0
185	V	0.00000	0.8279	0.17210	0
186	L	0.00000	0.05929	0.94071	0
187	F	0.00000	0.00262	0.99738	0
188	S	0.00000	0.0023	0.99770	0
189	A	0.00000	5e-05	0.99995	0
190	L	0.00000	2e-05	0.99998	0
191	G	0.00000	0	1.00000	0
192	S	0.00000	0	1.00000	0
193	F	0.00000	0	1.00000	0
194	Y	0.00000	0	1.00000	0
195	L	0.00000	0	1.00000	0
196	P	0.00000	0	1.00000	0
197	L	0.00000	0	1.00000	0
198	T	0.00000	0	1.00000	0
199	I	0.00000	0	1.00000	0
200	I	0.00000	0	1.00000	0
201	L	0.00000	0	1.00000	0
202	V	0.00000	0	1.00000	0
203	M	0.00000	0	1.00000	0
204	Y	0.00002	0	0.99998	0
205	C	0.00095	0	0.99905	0
206	R	0.01290	0	0.98710	0
207	V	0.01439	0	0.98561	0
208	Y	0.02381	0	0.97619	0
209	V	0.14023	0	0.85977	0
210	V	0.28034	0	0.71966	0
211	A	0.99276	0	0.00724	0
212	K	0.99984	0	0.00016	0
213	R	1.00000	0	0.00000	0
214	E	1.00000	0	0.00000	0
215	N	1.00000	0	0.00000	0
216	K	1.00000	0	0.00000	0
217	G	1.00000	0	0.00000	0
218	L	1.00000	0	0.00000	0
219	S	1.00000	0	0.00000	0
220	S	1.00000	0	0.00000	0
221	G	1.00000	0	0.00000	0
222	L	1.00000	0	0.00000	0
223	K	1.00000	0	0.00000	0
224	T	1.00000	0	0.00000	0
225	E	1.00000	0	0.00000	0
226	R	1.00000	0	0.00000	0
227	S	1.00000	0	0.00000	0
228	H	1.00000	0	0.00000	0
229	S	1.00000	0	0.00000	0
230	E	1.00000	0	0.00000	0
231	Q	1.00000	0	0.00000	0
232	V	1.00000	0	0.00000	0
233	T	1.00000	0	0.00000	0
234	L	1.00000	0	0.00000	0
235	R	1.00000	0	0.00000	0
236	I	1.00000	0	0.00000	0
237	H	1.00000	0	0.00000	0
238	R	1.00000	0	0.00000	0
239	K	1.00000	0	0.00000	0
240	N	1.00000	0	0.00000	0
241	A	1.00000	0	0.00000	0
242	P	1.00000	0	0.00000	0
243	G	1.00000	0	0.00000	0
244	A	1.00000	0	0.00000	0
245	S	1.00000	0	0.00000	0
246	G	1.00000	0	0.00000	0
247	S	1.00000	0	0.00000	0
248	A	1.00000	0	0.00000	0
249	S	1.00000	0	0.00000	0
250	N	1.00000	0	0.00000	0
251	P	1.00000	0	0.00000	0
252	K	1.00000	0	0.00000	0
253	S	1.00000	0	0.00000	0
254	K	1.00000	0	0.00000	0
255	H	1.00000	0	0.00000	0
256	H	1.00000	0	0.00000	0
257	F	1.00000	0	0.00000	0
258	S	1.00000	0	0.00000	0
259	V	1.00000	0	0.00000	0
260	R	1.00000	0	0.00000	0
261	L	1.00000	0	0.00000	0
262	L	1.00000	0	0.00000	0
263	K	1.00000	0	0.00000	0
264	F	1.00000	0	0.00000	0
265	S	1.00000	0	0.00000	0
266	R	1.00000	0	0.00000	0
267	E	1.00000	0	0.00000	0
268	K	0.99401	0	0.00599	0
269	K	0.99367	0	0.00633	0
270	A	0.75320	0	0.24680	0
271	A	0.75198	0	0.24802	0
272	K	0.72117	0	0.27883	0
273	T	0.62041	0	0.37959	0
274	L	0.02374	0	0.97626	0
275	G	0.00237	0	0.99763	0
276	I	0.00143	0	0.99857	0
277	V	0.00013	0	0.99987	0
278	V	0.00012	0	0.99988	0
279	G	0.00001	0	0.99999	0
280	C	0.00000	0	1.00000	0
281	F	0.00000	0	1.00000	0
282	V	0.00000	0	1.00000	0
283	L	0.00000	0	1.00000	0
284	C	0.00000	0	1.00000	0
285	W	0.00000	0	1.00000	0
286	L	0.00000	0	1.00000	0
287	P	0.00000	0	1.00000	0
288	F	0.00000	0	1.00000	0
289	F	0.00000	0	1.00000	0
290	V	0.00000	5e-05	0.99995	0
291	V	0.00000	0.00052	0.99948	0
292	M	0.00000	0.00319	0.99681	0
293	P	0.00000	0.05589	0.94411	0
294	L	0.00000	0.07406	0.92594	0
295	G	0.00000	0.15023	0.84977	0
296	S	0.00000	0.17727	0.82273	0
297	F	0.00000	0.19147	0.80853	0
298	F	0.00000	0.22657	0.77343	0
299	P	0.00000	0.49235	0.50765	0
300	A	0.00000	0.54459	0.45541	0
301	V	0.00000	0.70516	0.29484	0
302	K	0.00000	0.9983	0.00170	0
303	P	0.00000	0.99979	0.00021	0
304	P	0.00000	0.99996	0.00004	0
305	D	0.00000	0.99957	0.00043	0
306	T	0.00000	0.98133	0.01867	0
307	L	0.00000	0.94441	0.05559	0
308	F	0.00000	0.93707	0.06293	0
309	K	0.00000	0.76878	0.23122	0
310	I	0.00000	0.00948	0.99052	0
311	T	0.00000	0.00176	0.99824	0
312	F	0.00000	3e-05	0.99997	0
313	W	0.00000	0	1.00000	0
314	L	0.00000	0	1.00000	0
315	G	0.00000	0	1.00000	0
316	Y	0.00000	0	1.00000	0
317	L	0.00000	0	1.00000	0
318	N	0.00000	0	1.00000	0
319	S	0.00000	0	1.00000	0
320	C	0.00000	0	1.00000	0
321	I	0.00000	0	1.00000	0
322	N	0.00000	0	1.00000	0
323	P	0.00000	0	1.00000	0
324	I	0.00000	0	1.00000	0
325	I	0.00000	0	1.00000	0
326	Y	0.00012	0	0.99988	0
327	P	0.00110	0	0.99890	0
328	C	0.01385	0	0.98615	0
329	S	0.17344	0	0.82656	0
330	S	0.36633	0	0.63367	0
331	Q	0.98507	0	0.01493	0
332	E	1.00000	0	0.00000	0
333	F	1.00000	0	0.00000	0
334	K	1.00000	0	0.00000	0
335	K	1.00000	0	0.00000	0
336	A	1.00000	0	0.00000	0
337	F	1.00000	0	0.00000	0
338	Q	1.00000	0	0.00000	0
339	N	1.00000	0	0.00000	0
340	V	1.00000	0	0.00000	0
341	L	1.00000	0	0.00000	0
342	R	1.00000	0	0.00000	0
343	V	1.00000	0	0.00000	0
344	Q	1.00000	0	0.00000	0
345	C	1.00000	0	0.00000	0
346	L	1.00000	0	0.00000	0
347	P	1.00000	0	0.00000	0
348	R	1.00000	0	0.00000	0
349	K	1.00000	0	0.00000	0
350	Q	1.00000	0	0.00000	0
351	A	1.00000	0	0.00000	0
352	A	1.00000	0	0.00000	0
353	K	1.00000	0	0.00000	0
354	K	1.00000	0	0.00000	0
355	Q	1.00000	0	0.00000	0
356	S	1.00000	0	0.00000	0
357	P	1.00000	0	0.00000	0
358	S	1.00000	0	0.00000	0
359	F	1.00000	0	0.00000	0
360	N	1.00000	0	0.00000	0
361	L	1.00000	0	0.00000	0
362	N	1.00000	0	0.00000	0
363	H	1.00000	0	0.00000	0
364	P	1.00000	0	0.00000	0
365	A	1.00000	0	0.00000	0
366	S	1.00000	0	0.00000	0
367	P	1.00000	0	0.00000	0
368	S	1.00000	0	0.00000	0
369	M	1.00000	0	0.00000	0
370	E	1.00000	0	0.00000	0
371	S	1.00000	0	0.00000	0
372	S	1.00000	0	0.00000	0
373	R	1.00000	0	0.00000	0
374	G	1.00000	0	0.00000	0
375	V	1.00000	0	0.00000	0
376	V	1.00000	0	0.00000	0
377	R	1.00000	0	0.00000	0
378	I	1.00000	0	0.00000	0
379	P	1.00000	0	0.00000	0
380	V	1.00000	0	0.00000	0
381	G	1.00000	0	0.00000	0
382	S	1.00000	0	0.00000	0
383	G	1.00000	0	0.00000	0
384	E	1.00000	0	0.00000	0
385	T	1.00000	0	0.00000	0
386	F	1.00000	0	0.00000	0
387	Y	1.00000	0	0.00000	0
388	K	1.00000	0	0.00000	0
389	I	1.00000	0	0.00000	0
390	S	1.00000	0	0.00000	0
391	K	1.00000	0	0.00000	0
392	S	1.00000	0	0.00000	0
393	D	1.00000	0	0.00000	0
394	G	1.00000	0	0.00000	0
395	V	1.00000	0	0.00000	0
396	C	1.00000	0	0.00000	0
397	E	1.00000	0	0.00000	0
398	W	1.00000	0	0.00000	0
399	K	1.00000	0	0.00000	0
400	I	1.00000	0	0.00000	0
401	F	1.00000	0	0.00000	0
402	S	1.00000	0	0.00000	0
403	A	1.00000	0	0.00000	0
404	V	1.00000	0	0.00000	0
405	Q	1.00000	0	0.00000	0
406	S	1.00000	0	0.00000	0
407	M	1.00000	0	0.00000	0
408	P	1.00000	0	0.00000	0
409	A	1.00000	0	0.00000	0
410	K	1.00000	0	0.00000	0
411	T	1.00000	0	0.00000	0
412	A	1.00000	0	0.00000	0
413	V	1.00000	0	0.00000	0
414	S	1.00000	0	0.00000	0
415	K	1.00000	0	0.00000	0
416	D	1.00000	0	0.00000	0
417	C	1.00000	0	0.00000	0
418	T	1.00000	0	0.00000	0
419	A	1.00000	0	0.00000	0
420	A	1.00000	0	0.00000	0
421	K	1.00000	0	0.00000	0
422	V	1.00000	0	0.00000	0
423	K	1.00000	0	0.00000	0
424	S	1.00000	0	0.00000	0
425	K	1.00000	0	0.00000	0
426	G	1.00000	0	0.00000	0
427	F	1.00000	0	0.00000	0
428	L	1.00000	0	0.00000	0
429	Q	1.00000	0	0.00000	0
430	E	1.00000	0	0.00000	0
431	C	1.00000	0	0.00000	0
432	C	1.00000	0	0.00000	0
433	C	1.00000	0	0.00000	0
434	A	1.00000	0	0.00000	0
435	G	1.00000	0	0.00000	0
436	T	1.00000	0	0.00000	0
437	S	1.00000	0	0.00000	0
438	G	1.00000	0	0.00000	0
439	N	1.00000	0	0.00000	0
440	L	1.00000	0	0.00000	0
441	G	1.00000	0	0.00000	0
442	H	1.00000	0	0.00000	0
443	E	1.00000	0	0.00000	0
444	N	1.00000	0	0.00000	0
445	C	1.00000	0	0.00000	0
446	K	1.00000	0	0.00000	0
447	V	1.00000	0	0.00000	0
448	P	1.00000	0	0.00000	0
449	T	1.00000	0	0.00000	0
450	I	1.00000	0	0.00000	0
451	K	1.00000	0	0.00000	0
452	I	1.00000	0	0.00000	0
453	H	1.00000	0	0.00000	0
454	T	1.00000	0	0.00000	0
455	I	1.00000	0	0.00000	0
456	S	1.00000	0	0.00000	0
457	L	1.00000	0	0.00000	0
458	S	1.00000	0	0.00000	0
459	E	1.00000	0	0.00000	0
460	S	1.00000	0	0.00000	0
461	G	1.00000	0	0.00000	0
462	E	1.00000	0	0.00000	0
463	D	1.00000	0	0.00000	0
464	V	1.00000	0	0.00000	0
