# UNNAMED
#pos	aa	i	o	M	S
1	M	0.00000	0.99996	0.00000	4e-05
2	T	0.00000	0.99996	0.00000	4e-05
3	F	0.00000	0.99996	0.00000	3e-05
4	A	0.00000	0.99996	0.00000	3e-05
5	N	0.00000	0.99996	0.00000	3e-05
6	S	0.00000	0.99996	0.00000	4e-05
7	S	0.00000	0.99996	0.00000	4e-05
8	C	0.00000	0.99996	0.00000	4e-05
9	I	0.00000	0.99996	0.00000	3e-05
10	V	0.00000	0.99996	0.00000	4e-05
11	R	0.00000	0.99996	0.00000	4e-05
12	E	0.00000	0.99996	0.00000	4e-05
13	K	0.00000	0.99996	0.00000	3e-05
14	M	0.00000	0.99997	0.00000	3e-05
15	C	0.00000	0.99997	0.00000	3e-05
16	P	0.00000	0.99997	0.00000	3e-05
17	G	0.00000	0.99997	0.00000	3e-05
18	N	0.00000	1	0.00000	0
19	K	0.00000	1	0.00000	0
20	T	0.00000	1	0.00000	0
21	T	0.00000	0.99999	0.00001	0
22	M	0.00000	0.99993	0.00007	0
23	A	0.00000	0.9997	0.00030	0
24	T	0.00000	0.99947	0.00053	0
25	P	0.00000	0.99808	0.00192	0
26	Q	0.00000	0.99296	0.00704	0
27	L	0.00000	0.94633	0.05367	0
28	M	0.00000	0.90085	0.09915	0
29	P	0.00000	0.6856	0.31440	0
30	L	0.00000	0.18383	0.81617	0
31	V	0.00000	0.07165	0.92835	0
32	V	0.00000	0.02153	0.97847	0
33	V	0.00000	0.00147	0.99853	0
34	L	0.00000	0.00029	0.99971	0
35	S	0.00000	0.00014	0.99986	0
36	T	0.00000	1e-05	0.99999	0
37	I	0.00000	0	1.00000	0
38	S	0.00000	0	1.00000	0
39	L	0.00000	0	1.00000	0
40	V	0.00000	0	1.00000	0
41	T	0.00000	0	1.00000	0
42	V	0.00000	0	1.00000	0
43	G	0.00000	0	1.00000	0
44	L	0.00000	0	1.00000	0
45	N	0.00000	0	1.00000	0
46	L	0.00000	0	1.00000	0
47	L	0.00000	0	1.00000	0
48	V	0.00000	0	1.00000	0
49	L	0.00018	0	0.99982	0
50	Y	0.00235	0	0.99765	0
51	A	0.07326	0	0.92674	0
52	V	0.25122	0	0.74878	0
53	R	0.88540	0	0.11460	0
54	I	0.90428	0	0.09572	0
55	E	0.99997	0	0.00003	0
56	R	1.00000	0	0.00000	0
57	T	1.00000	0	0.00000	0
58	L	0.99992	0	0.00008	0
59	H	0.99954	0	0.00046	0
60	T	0.99881	0	0.00119	0
61	V	0.94037	0	0.05963	0
62	G	0.72646	0	0.27354	0
63	N	0.10014	0	0.89986	0
64	L	0.01410	0	0.98590	0
65	Y	0.00061	0	0.99939	0
66	I	0.00001	0	0.99999	0
67	V	0.00000	0	1.00000	0
68	S	0.00000	0	1.00000	0
69	L	0.00000	0	1.00000	0
70	S	0.00000	0	1.00000	0
71	V	0.00000	0	1.00000	0
72	A	0.00000	0	1.00000	0
73	D	0.00000	0	1.00000	0
74	L	0.00000	0	1.00000	0
75	M	0.00000	0	1.00000	0
76	V	0.00000	0	1.00000	0
77	G	0.00000	0	1.00000	0
78	A	0.00000	0	1.00000	0
79	V	0.00000	0	1.00000	0
80	V	0.00000	0.00013	0.99987	0
81	M	0.00000	0.00146	0.99854	0
82	P	0.00000	0.02016	0.97984	0
83	M	0.00000	0.05844	0.94156	0
84	N	0.00000	0.63799	0.36201	0
85	I	0.00000	0.68456	0.31544	0
86	L	0.00000	0.80887	0.19113	0
87	Y	0.00000	0.99927	0.00073	0
88	L	0.00000	0.99932	0.00068	0
89	I	0.00000	0.99937	0.00063	0
90	M	0.00000	0.9996	0.00040	0
91	T	0.00000	0.99991	0.00009	0
92	K	0.00000	0.99999	0.00001	0
93	W	0.00000	0.99999	0.00001	0
94	S	0.00000	1	0.00000	0
95	L	0.00000	0.99999	0.00001	0
96	G	0.00000	0.99998	0.00002	0
97	R	0.00000	0.99998	0.00002	0
98	P	0.00000	0.99991	0.00009	0
99	L	0.00000	0.99889	0.00111	0
100	C	0.00000	0.99823	0.00177	0
101	L	0.00000	0.99541	0.00459	0
102	F	0.00000	0.99456	0.00544	0
103	W	0.00000	0.94705	0.05295	0
104	L	0.00000	0.5574	0.44260	0
105	S	0.00000	0.30514	0.69486	0
106	M	0.00000	0.01127	0.98873	0
107	D	0.00000	0.00341	0.99659	0
108	Y	0.00000	0.0002	0.99980	0
109	V	0.00000	0	1.00000	0
110	A	0.00000	0	1.00000	0
111	S	0.00000	0	1.00000	0
112	T	0.00000	0	1.00000	0
113	A	0.00000	0	1.00000	0
114	S	0.00000	0	1.00000	0
115	I	0.00000	0	1.00000	0
116	F	0.00000	0	1.00000	0
117	S	0.00000	0	1.00000	0
118	V	0.00000	0	1.00000	0
119	F	0.00000	0	1.00000	0
120	I	0.00000	0	1.00000	0
121	L	0.00000	0	1.00000	0
122	C	0.00002	0	0.99998	0
123	I	0.00010	0	0.99990	0
124	D	0.00048	0	0.99952	0
125	R	0.10285	0	0.89715	0
126	Y	0.25531	0	0.74469	0
127	R	0.59332	0	0.40668	0
128	S	0.91878	0	0.08122	0
129	V	0.99997	0	0.00003	0
130	Q	1.00000	0	0.00000	0
131	Q	1.00000	0	0.00000	0
132	P	1.00000	0	0.00000	0
133	L	1.00000	0	0.00000	0
134	R	1.00000	0	0.00000	0
135	Y	1.00000	0	0.00000	0
136	L	1.00000	0	0.00000	0
137	R	1.00000	0	0.00000	0
138	Y	1.00000	0	0.00000	0
139	R	1.00000	0	0.00000	0
140	T	0.99996	0	0.00004	0
141	K	0.99970	0	0.00030	0
142	T	0.95758	0	0.04242	0
143	R	0.92362	0	0.07638	0
144	A	0.14787	0	0.85213	0
145	L	0.00871	0	0.99129	0
146	A	0.00248	0	0.99752	0
147	T	0.00119	0	0.99881	0
148	I	0.00001	0	0.99999	0
149	V	0.00000	0	1.00000	0
150	G	0.00000	0	1.00000	0
151	A	0.00000	0	1.00000	0
152	W	0.00000	0	1.00000	0
153	F	0.00000	0	1.00000	0
154	L	0.00000	0	1.00000	0
155	A	0.00000	0	1.00000	0
156	F	0.00000	0	1.00000	0
157	L	0.00000	0	1.00000	0
158	W	0.00000	0	1.00000	0
159	I	0.00000	0	1.00000	0
160	I	0.00000	0	1.00000	0
161	P	0.00000	0.00027	0.99973	0
162	I	0.00000	0.0011	0.99890	0
163	L	0.00000	0.01406	0.98594	0
164	G	0.00000	0.301	0.69900	0
165	W	0.00000	0.5338	0.46620	0
166	H	0.00000	0.84291	0.15709	0
167	H	0.00000	0.96576	0.03424	0
168	F	0.00000	0.9818	0.01820	0
169	R	0.00000	0.99955	0.00045	0
170	P	0.00000	0.99997	0.00003	0
171	E	0.00000	1	0.00000	0
172	D	0.00000	1	0.00000	0
173	A	0.00000	1	0.00000	0
174	R	0.00000	1	0.00000	0
175	C	0.00000	1	0.00000	0
176	Q	0.00000	1	0.00000	0
177	E	0.00000	1	0.00000	0
178	D	0.00000	1	0.00000	0
179	K	0.00000	1	0.00000	0
180	C	0.00000	1	0.00000	0
181	E	0.00000	1	0.00000	0
182	T	0.00000	1	0.00000	0
183	D	0.00000	1	0.00000	0
184	F	0.00000	0.99811	0.00189	0
185	Y	0.00000	0.99781	0.00219	0
186	N	0.00000	0.49478	0.50522	0
187	V	0.00000	0.48826	0.51174	0
188	T	0.00000	0.45127	0.54873	0
189	W	0.00000	0.41301	0.58699	0
190	F	0.00000	0.38439	0.61561	0
191	K	0.00000	0.38205	0.61795	0
192	I	0.00000	0.2822	0.71780	0
193	M	0.00000	0.00156	0.99844	0
194	T	0.00000	0.00119	0.99881	0
195	A	0.00000	7e-05	0.99993	0
196	I	0.00000	5e-05	0.99995	0
197	I	0.00000	0	1.00000	0
198	N	0.00000	0	1.00000	0
199	F	0.00000	0	1.00000	0
200	Y	0.00000	0	1.00000	0
201	L	0.00000	0	1.00000	0
202	P	0.00000	0	1.00000	0
203	T	0.00000	0	1.00000	0
204	L	0.00000	0	1.00000	0
205	L	0.00000	0	1.00000	0
206	M	0.00000	0	1.00000	0
207	L	0.00000	0	1.00000	0
208	W	0.00002	0	0.99998	0
209	F	0.00201	0	0.99799	0
210	Y	0.03428	0	0.96572	0
211	A	0.28255	0	0.71745	0
212	K	0.50981	0	0.49019	0
213	I	0.51659	0	0.48341	0
214	Y	0.54269	0	0.45731	0
215	K	0.96513	0	0.03487	0
216	A	0.97533	0	0.02467	0
217	V	0.99145	0	0.00855	0
218	R	0.99966	0	0.00034	0
219	Q	1.00000	0	0.00000	0
220	H	1.00000	0	0.00000	0
221	C	1.00000	0	0.00000	0
222	Q	1.00000	0	0.00000	0
223	H	1.00000	0	0.00000	0
224	R	1.00000	0	0.00000	0
225	Q	1.00000	0	0.00000	0
226	F	1.00000	0	0.00000	0
227	S	1.00000	0	0.00000	0
228	N	1.00000	0	0.00000	0
229	G	1.00000	0	0.00000	0
230	S	1.00000	0	0.00000	0
231	L	1.00000	0	0.00000	0
232	P	1.00000	0	0.00000	0
233	A	1.00000	0	0.00000	0
234	F	1.00000	0	0.00000	0
235	F	1.00000	0	0.00000	0
236	E	1.00000	0	0.00000	0
237	T	1.00000	0	0.00000	0
238	S	1.00000	0	0.00000	0
239	L	1.00000	0	0.00000	0
240	K	1.00000	0	0.00000	0
241	Q	1.00000	0	0.00000	0
242	E	1.00000	0	0.00000	0
243	N	1.00000	0	0.00000	0
244	P	1.00000	0	0.00000	0
245	K	1.00000	0	0.00000	0
246	V	1.00000	0	0.00000	0
247	G	1.00000	0	0.00000	0
248	A	1.00000	0	0.00000	0
249	K	1.00000	0	0.00000	0
250	K	1.00000	0	0.00000	0
251	P	1.00000	0	0.00000	0
252	G	1.00000	0	0.00000	0
253	K	1.00000	0	0.00000	0
254	R	1.00000	0	0.00000	0
255	S	1.00000	0	0.00000	0
256	S	1.00000	0	0.00000	0
257	L	1.00000	0	0.00000	0
258	E	1.00000	0	0.00000	0
259	V	1.00000	0	0.00000	0
260	L	1.00000	0	0.00000	0
261	K	1.00000	0	0.00000	0
262	R	1.00000	0	0.00000	0
263	K	1.00000	0	0.00000	0
264	P	1.00000	0	0.00000	0
265	K	1.00000	0	0.00000	0
266	V	1.00000	0	0.00000	0
267	A	1.00000	0	0.00000	0
268	S	1.00000	0	0.00000	0
269	D	1.00000	0	0.00000	0
270	G	1.00000	0	0.00000	0
271	P	1.00000	0	0.00000	0
272	V	1.00000	0	0.00000	0
273	A	1.00000	0	0.00000	0
274	K	1.00000	0	0.00000	0
275	P	1.00000	0	0.00000	0
276	L	1.00000	0	0.00000	0
277	S	1.00000	0	0.00000	0
278	Q	1.00000	0	0.00000	0
279	D	1.00000	0	0.00000	0
280	A	1.00000	0	0.00000	0
281	E	1.00000	0	0.00000	0
282	E	1.00000	0	0.00000	0
283	S	1.00000	0	0.00000	0
284	K	1.00000	0	0.00000	0
285	S	1.00000	0	0.00000	0
286	P	1.00000	0	0.00000	0
287	T	1.00000	0	0.00000	0
288	G	1.00000	0	0.00000	0
289	C	1.00000	0	0.00000	0
290	T	1.00000	0	0.00000	0
291	Q	1.00000	0	0.00000	0
292	E	1.00000	0	0.00000	0
293	E	1.00000	0	0.00000	0
294	D	1.00000	0	0.00000	0
295	G	1.00000	0	0.00000	0
296	E	1.00000	0	0.00000	0
297	V	1.00000	0	0.00000	0
298	A	1.00000	0	0.00000	0
299	K	1.00000	0	0.00000	0
300	V	1.00000	0	0.00000	0
301	L	1.00000	0	0.00000	0
302	E	1.00000	0	0.00000	0
303	C	1.00000	0	0.00000	0
304	L	1.00000	0	0.00000	0
305	P	1.00000	0	0.00000	0
306	L	1.00000	0	0.00000	0
307	N	1.00000	0	0.00000	0
308	M	1.00000	0	0.00000	0
309	V	1.00000	0	0.00000	0
310	Q	1.00000	0	0.00000	0
311	T	1.00000	0	0.00000	0
312	H	1.00000	0	0.00000	0
313	L	1.00000	0	0.00000	0
314	V	1.00000	0	0.00000	0
315	G	1.00000	0	0.00000	0
316	E	1.00000	0	0.00000	0
317	G	1.00000	0	0.00000	0
318	N	1.00000	0	0.00000	0
319	G	1.00000	0	0.00000	0
320	S	1.00000	0	0.00000	0
321	G	1.00000	0	0.00000	0
322	Y	1.00000	0	0.00000	0
323	A	1.00000	0	0.00000	0
324	A	1.00000	0	0.00000	0
325	I	1.00000	0	0.00000	0
326	S	1.00000	0	0.00000	0
327	Q	1.00000	0	0.00000	0
328	S	1.00000	0	0.00000	0
329	P	1.00000	0	0.00000	0
330	L	1.00000	0	0.00000	0
331	E	1.00000	0	0.00000	0
332	L	1.00000	0	0.00000	0
333	D	1.00000	0	0.00000	0
334	E	1.00000	0	0.00000	0
335	E	1.00000	0	0.00000	0
336	V	1.00000	0	0.00000	0
337	P	1.00000	0	0.00000	0
338	N	1.00000	0	0.00000	0
339	T	1.00000	0	0.00000	0
340	H	1.00000	0	0.00000	0
341	E	1.00000	0	0.00000	0
342	A	1.00000	0	0.00000	0
343	G	1.00000	0	0.00000	0
344	E	1.00000	0	0.00000	0
345	P	1.00000	0	0.00000	0
346	S	1.00000	0	0.00000	0
347	E	1.00000	0	0.00000	0
348	D	1.00000	0	0.00000	0
349	Q	1.00000	0	0.00000	0
350	T	1.00000	0	0.00000	0
351	M	1.00000	0	0.00000	0
352	V	1.00000	0	0.00000	0
353	D	1.00000	0	0.00000	0
354	S	1.00000	0	0.00000	0
355	Q	1.00000	0	0.00000	0
356	S	1.00000	0	0.00000	0
357	F	1.00000	0	0.00000	0
358	S	1.00000	0	0.00000	0
359	R	1.00000	0	0.00000	0
360	T	1.00000	0	0.00000	0
361	D	1.00000	0	0.00000	0
362	S	1.00000	0	0.00000	0
363	D	1.00000	0	0.00000	0
364	T	1.00000	0	0.00000	0
365	P	1.00000	0	0.00000	0
366	T	1.00000	0	0.00000	0
367	E	1.00000	0	0.00000	0
368	P	1.00000	0	0.00000	0
369	A	1.00000	0	0.00000	0
370	S	1.00000	0	0.00000	0
371	G	1.00000	0	0.00000	0
372	K	1.00000	0	0.00000	0
373	G	1.00000	0	0.00000	0
374	R	1.00000	0	0.00000	0
375	T	1.00000	0	0.00000	0
376	G	1.00000	0	0.00000	0
377	S	1.00000	0	0.00000	0
378	E	1.00000	0	0.00000	0
379	S	1.00000	0	0.00000	0
380	T	1.00000	0	0.00000	0
381	T	1.00000	0	0.00000	0
382	G	1.00000	0	0.00000	0
383	L	1.00000	0	0.00000	0
384	D	1.00000	0	0.00000	0
385	Y	1.00000	0	0.00000	0
386	I	1.00000	0	0.00000	0
387	K	1.00000	0	0.00000	0
388	L	1.00000	0	0.00000	0
389	T	1.00000	0	0.00000	0
390	W	1.00000	0	0.00000	0
391	K	1.00000	0	0.00000	0
392	R	1.00000	0	0.00000	0
393	F	1.00000	0	0.00000	0
394	R	1.00000	0	0.00000	0
395	S	1.00000	0	0.00000	0
396	H	1.00000	0	0.00000	0
397	S	1.00000	0	0.00000	0
398	R	1.00000	0	0.00000	0
399	Q	1.00000	0	0.00000	0
400	Y	1.00000	0	0.00000	0
401	V	1.00000	0	0.00000	0
402	S	1.00000	0	0.00000	0
403	G	1.00000	0	0.00000	0
404	L	1.00000	0	0.00000	0
405	H	1.00000	0	0.00000	0
406	M	1.00000	0	0.00000	0
407	N	1.00000	0	0.00000	0
408	R	1.00000	0	0.00000	0
409	E	1.00000	0	0.00000	0
410	W	0.60134	0	0.39866	0
411	K	0.60117	0	0.39883	0
412	A	0.45435	0	0.54565	0
413	A	0.45350	0	0.54650	0
414	K	0.45323	0	0.54677	0
415	Q	0.42568	0	0.57432	0
416	L	0.10472	0	0.89528	0
417	G	0.01987	0	0.98013	0
418	F	0.00079	0	0.99921	0
419	I	0.00006	0	0.99994	0
420	M	0.00004	0	0.99996	0
421	A	0.00000	0	1.00000	0
422	A	0.00000	0	1.00000	0
423	F	0.00000	0	1.00000	0
424	I	0.00000	0	1.00000	0
425	L	0.00000	0	1.00000	0
426	C	0.00000	0	1.00000	0
427	W	0.00000	0	1.00000	0
428	I	0.00000	0	1.00000	0
429	P	0.00000	0	1.00000	0
430	Y	0.00000	0	1.00000	0
431	F	0.00000	0	1.00000	0
432	I	0.00000	7e-05	0.99993	0
433	F	0.00000	0.00049	0.99951	0
434	F	0.00000	0.00315	0.99685	0
435	M	0.00000	0.02869	0.97131	0
436	V	0.00000	0.06303	0.93697	0
437	V	0.00000	0.11917	0.88083	0
438	A	0.00000	0.22863	0.77137	0
439	F	0.00000	0.40351	0.59649	0
440	C	0.00000	0.97045	0.02955	0
441	E	0.00000	0.99927	0.00073	0
442	K	0.00000	0.99999	0.00001	0
443	C	0.00000	1	0.00000	0
444	C	0.00000	1	0.00000	0
445	N	0.00000	0.99998	0.00002	0
446	D	0.00000	0.99976	0.00024	0
447	Y	0.00000	0.99063	0.00937	0
448	V	0.00000	0.96942	0.03058	0
449	H	0.00000	0.96399	0.03601	0
450	M	0.00000	0.05268	0.94732	0
451	F	0.00000	0.00027	0.99973	0
452	T	0.00000	3e-05	0.99997	0
453	I	0.00000	0	1.00000	0
454	W	0.00000	0	1.00000	0
455	L	0.00000	0	1.00000	0
456	G	0.00000	0	1.00000	0
457	Y	0.00000	0	1.00000	0
458	V	0.00000	0	1.00000	0
459	N	0.00000	0	1.00000	0
460	S	0.00000	0	1.00000	0
461	T	0.00000	0	1.00000	0
462	L	0.00000	0	1.00000	0
463	N	0.00000	0	1.00000	0
464	P	0.00000	0	1.00000	0
465	L	0.00000	0	1.00000	0
466	I	0.00000	0	1.00000	0
467	Y	0.00002	0	0.99998	0
468	P	0.00027	0	0.99973	0
469	L	0.00842	0	0.99158	0
470	C	0.42820	0	0.57180	0
471	N	0.93753	0	0.06247	0
472	E	1.00000	0	0.00000	0
473	N	1.00000	0	0.00000	0
474	F	1.00000	0	0.00000	0
475	K	1.00000	0	0.00000	0
476	K	1.00000	0	0.00000	0
477	T	1.00000	0	0.00000	0
478	F	1.00000	0	0.00000	0
479	K	1.00000	0	0.00000	0
480	K	1.00000	0	0.00000	0
481	I	1.00000	0	0.00000	0
482	L	1.00000	0	0.00000	0
483	R	1.00000	0	0.00000	0
484	I	1.00000	0	0.00000	0
485	H	1.00000	0	0.00000	0
486	S	1.00000	0	0.00000	0
