# UNNAMED
#pos	aa	i	o	M	S
1	M	0.00000	0.99985	0.00000	0.00015
2	T	0.00000	0.99985	0.00000	0.00016
3	S	0.00000	0.99985	0.00000	0.00015
4	N	0.00000	0.99985	0.00000	0.00015
5	F	0.00000	0.99985	0.00000	0.00015
6	S	0.00000	0.99985	0.00000	0.00015
7	Q	0.00000	0.99985	0.00000	0.00015
8	P	0.00000	0.99985	0.00000	0.00016
9	V	0.00000	0.99985	0.00000	0.00015
10	L	0.00000	0.99985	0.00000	0.00015
11	Q	0.00000	0.99985	0.00000	0.00015
12	L	0.00000	0.99985	0.00000	0.00015
13	C	0.00000	0.99985	0.00000	0.00015
14	Y	0.00000	0.99985	0.00000	0.00015
15	E	0.00000	0.99985	0.00000	0.00015
16	N	0.00000	0.99986	0.00000	0.00014
17	V	0.00000	0.99986	0.00000	0.00014
18	N	0.00000	0.99986	0.00000	0.00014
19	G	0.00000	0.99986	0.00000	0.00013
20	S	0.00000	0.99987	0.00000	0.00013
21	C	0.00000	0.99995	0.00000	5e-05
22	I	0.00000	0.99999	0.00000	1e-05
23	K	0.00000	0.99999	0.00000	1e-05
24	T	0.00000	0.99999	0.00000	1e-05
25	S	0.00000	1	0.00000	0
26	Y	0.00000	1	0.00000	0
27	S	0.00000	1	0.00000	0
28	P	0.00000	1	0.00000	0
29	G	0.00000	0.99997	0.00003	0
30	P	0.00000	0.99992	0.00008	0
31	R	0.00000	0.98792	0.01208	0
32	V	0.00000	0.46363	0.53637	0
33	I	0.00000	0.16611	0.83389	0
34	L	0.00000	0.06394	0.93606	0
35	Y	0.00000	0.02983	0.97017	0
36	A	0.00000	0.00982	0.99018	0
37	V	0.00000	0.00245	0.99755	0
38	F	0.00000	0.00059	0.99941	0
39	G	0.00000	0.00022	0.99978	0
40	F	0.00000	1e-05	0.99999	0
41	G	0.00000	0	1.00000	0
42	A	0.00000	0	1.00000	0
43	V	0.00000	0	1.00000	0
44	L	0.00000	0	1.00000	0
45	A	0.00000	0	1.00000	0
46	V	0.00000	0	1.00000	0
47	L	0.00000	0	1.00000	0
48	G	0.00000	0	1.00000	0
49	N	0.00000	0	1.00000	0
50	L	0.00000	0	1.00000	0
51	L	0.00001	0	0.99999	0
52	V	0.00033	0	0.99967	0
53	M	0.00640	0	0.99360	0
54	T	0.06903	0	0.93097	0
55	S	0.19358	0	0.80642	0
56	V	0.22398	0	0.77602	0
57	L	0.30776	0	0.69224	0
58	Y	0.45584	0	0.54416	0
59	F	0.55890	0	0.44110	0
60	K	0.98977	0	0.01023	0
61	Q	0.99994	0	0.00006	0
62	L	0.99998	0	0.00002	0
63	H	1.00000	0	0.00000	0
64	S	1.00000	0	0.00000	0
65	P	1.00000	0	0.00000	0
66	T	0.70742	0	0.29258	0
67	N	0.18725	0	0.81275	0
68	F	0.03908	0	0.96092	0
69	L	0.00081	0	0.99919	0
70	I	0.00002	0	0.99998	0
71	A	0.00000	0	1.00000	0
72	S	0.00000	0	1.00000	0
73	L	0.00000	0	1.00000	0
74	A	0.00000	0	1.00000	0
75	C	0.00000	0	1.00000	0
76	A	0.00000	0	1.00000	0
77	D	0.00000	0	1.00000	0
78	F	0.00000	0	1.00000	0
79	L	0.00000	0	1.00000	0
80	V	0.00000	0	1.00000	0
81	G	0.00000	0	1.00000	0
82	V	0.00000	0	1.00000	0
83	T	0.00000	0	1.00000	0
84	V	0.00000	2e-05	0.99998	0
85	M	0.00000	0.00137	0.99863	0
86	P	0.00000	0.02441	0.97559	0
87	F	0.00000	0.07246	0.92754	0
88	S	0.00000	0.29601	0.70399	0
89	M	0.00000	0.37289	0.62711	0
90	V	0.00000	0.63239	0.36761	0
91	R	0.00000	0.99992	0.00008	0
92	S	0.00000	0.99997	0.00003	0
93	V	0.00000	0.99997	0.00003	0
94	E	0.00000	1	0.00000	0
95	S	0.00000	1	0.00000	0
96	C	0.00000	1	0.00000	0
97	W	0.00000	1	0.00000	0
98	Y	0.00000	1	0.00000	0
99	F	0.00000	0.99997	0.00003	0
100	G	0.00000	0.99997	0.00003	0
101	A	0.00000	0.99996	0.00004	0
102	K	0.00000	0.99992	0.00008	0
103	F	0.00000	0.91409	0.08591	0
104	C	0.00000	0.89828	0.10172	0
105	T	0.00000	0.87813	0.12187	0
106	F	0.00000	0.87267	0.12733	0
107	H	0.00000	0.58724	0.41276	0
108	T	0.00000	0.49922	0.50078	0
109	C	0.00000	0.43676	0.56324	0
110	C	0.00000	0.13808	0.86192	0
111	D	0.00000	0.10486	0.89514	0
112	A	0.00000	0.00255	0.99745	0
113	A	0.00000	3e-05	0.99997	0
114	F	0.00000	0	1.00000	0
115	C	0.00000	0	1.00000	0
116	Y	0.00000	0	1.00000	0
117	S	0.00000	0	1.00000	0
118	S	0.00000	0	1.00000	0
119	L	0.00000	0	1.00000	0
120	F	0.00000	0	1.00000	0
121	H	0.00000	0	1.00000	0
122	L	0.00000	0	1.00000	0
123	C	0.00002	0	0.99998	0
124	F	0.00003	0	0.99997	0
125	I	0.00011	0	0.99989	0
126	S	0.00023	0	0.99977	0
127	I	0.00029	0	0.99971	0
128	D	0.00056	0	0.99944	0
129	R	0.18532	0	0.81468	0
130	Y	0.72217	0	0.27783	0
131	I	0.84602	0	0.15398	0
132	A	0.93734	0	0.06266	0
133	V	0.99981	0	0.00019	0
134	T	1.00000	0	0.00000	0
135	D	1.00000	0	0.00000	0
136	P	1.00000	0	0.00000	0
137	L	1.00000	0	0.00000	0
138	V	1.00000	0	0.00000	0
139	Y	1.00000	0	0.00000	0
140	P	1.00000	0	0.00000	0
141	F	0.99991	0	0.00009	0
142	K	0.99988	0	0.00012	0
143	F	0.99434	0	0.00566	0
144	S	0.99167	0	0.00833	0
145	V	0.98014	0	0.01986	0
146	S	0.97298	0	0.02702	0
147	M	0.88167	0	0.11833	0
148	S	0.80957	0	0.19043	0
149	G	0.42158	0	0.57842	0
150	I	0.01144	0	0.98856	0
151	C	0.00003	0	0.99997	0
152	I	0.00000	0	1.00000	0
153	C	0.00000	0	1.00000	0
154	I	0.00000	0	1.00000	0
155	S	0.00000	0	1.00000	0
156	W	0.00000	0	1.00000	0
157	I	0.00000	0	1.00000	0
158	L	0.00000	0	1.00000	0
159	P	0.00000	0	1.00000	0
160	L	0.00000	0	1.00000	0
161	V	0.00000	1e-05	0.99999	0
162	Y	0.00000	0.0001	0.99990	0
163	S	0.00000	0.00115	0.99885	0
164	G	0.00000	0.00259	0.99741	0
165	A	0.00000	0.00395	0.99605	0
166	V	0.00000	0.00751	0.99249	0
167	F	0.00000	0.02237	0.97763	0
168	Y	0.00000	0.06106	0.93894	0
169	T	0.00000	0.19586	0.80414	0
170	G	0.00000	0.54476	0.45524	0
171	I	0.00000	0.6421	0.35790	0
172	S	0.00000	0.94314	0.05686	0
173	D	0.00000	0.99999	0.00001	0
174	D	0.00000	1	0.00000	0
175	G	0.00000	1	0.00000	0
176	L	0.00000	1	0.00000	0
177	E	0.00000	1	0.00000	0
178	N	0.00000	1	0.00000	0
179	L	0.00000	1	0.00000	0
180	V	0.00000	1	0.00000	0
181	S	0.00000	1	0.00000	0
182	A	0.00000	1	0.00000	0
183	L	0.00000	1	0.00000	0
184	N	0.00000	1	0.00000	0
185	C	0.00000	1	0.00000	0
186	V	0.00000	1	0.00000	0
187	G	0.00000	1	0.00000	0
188	G	0.00000	1	0.00000	0
189	C	0.00000	1	0.00000	0
190	Q	0.00000	1	0.00000	0
191	N	0.00000	0.98704	0.01296	0
192	V	0.00000	0.98688	0.01312	0
193	V	0.00000	0.98682	0.01318	0
194	N	0.00000	0.98681	0.01319	0
195	Q	0.00000	0.98677	0.01323	0
196	D	0.00000	0.36431	0.63569	0
197	W	0.00000	0.23304	0.76696	0
198	V	0.00000	0.15225	0.84775	0
199	L	0.00000	0.1208	0.87920	0
200	I	0.00000	0.11131	0.88869	0
201	D	0.00000	0.1103	0.88970	0
202	F	0.00000	0.04952	0.95048	0
203	L	0.00000	2e-05	0.99998	0
204	L	0.00000	0	1.00000	0
205	F	0.00000	0	1.00000	0
206	F	0.00000	0	1.00000	0
207	I	0.00000	0	1.00000	0
208	P	0.00000	0	1.00000	0
209	T	0.00000	0	1.00000	0
210	L	0.00000	0	1.00000	0
211	V	0.00000	0	1.00000	0
212	M	0.00000	0	1.00000	0
213	V	0.00000	0	1.00000	0
214	I	0.00003	0	0.99997	0
215	L	0.00053	0	0.99947	0
216	Y	0.00279	0	0.99721	0
217	S	0.01845	0	0.98155	0
218	K	0.03176	0	0.96824	0
219	I	0.03342	0	0.96658	0
220	F	0.04667	0	0.95333	0
221	V	0.17408	0	0.82592	0
222	V	0.26098	0	0.73902	0
223	A	0.90377	0	0.09623	0
224	K	0.98691	0	0.01309	0
225	Q	0.99907	0	0.00093	0
226	Q	0.99989	0	0.00011	0
227	A	0.99991	0	0.00009	0
228	I	0.99993	0	0.00007	0
229	K	1.00000	0	0.00000	0
230	I	1.00000	0	0.00000	0
231	E	1.00000	0	0.00000	0
232	T	1.00000	0	0.00000	0
233	S	1.00000	0	0.00000	0
234	M	1.00000	0	0.00000	0
235	G	1.00000	0	0.00000	0
236	S	1.00000	0	0.00000	0
237	S	1.00000	0	0.00000	0
238	E	1.00000	0	0.00000	0
239	T	1.00000	0	0.00000	0
240	E	1.00000	0	0.00000	0
241	S	1.00000	0	0.00000	0
242	S	1.00000	0	0.00000	0
243	S	1.00000	0	0.00000	0
244	E	1.00000	0	0.00000	0
245	S	1.00000	0	0.00000	0
246	Y	1.00000	0	0.00000	0
247	K	1.00000	0	0.00000	0
248	A	1.00000	0	0.00000	0
249	R	1.00000	0	0.00000	0
250	V	1.00000	0	0.00000	0
251	A	1.00000	0	0.00000	0
252	R	1.00000	0	0.00000	0
253	R	1.00000	0	0.00000	0
254	E	1.00000	0	0.00000	0
255	R	0.92649	0	0.07351	0
256	K	0.92324	0	0.07676	0
257	A	0.11837	0	0.88163	0
258	A	0.09276	0	0.90724	0
259	K	0.08108	0	0.91892	0
260	T	0.05871	0	0.94129	0
261	L	0.02868	0	0.97132	0
262	G	0.02405	0	0.97595	0
263	V	0.02125	0	0.97875	0
264	T	0.02112	0	0.97888	0
265	V	0.02023	0	0.97977	0
266	V	0.00022	0	0.99978	0
267	A	0.00003	0	0.99997	0
268	F	0.00002	0	0.99998	0
269	L	0.00000	0	1.00000	0
270	I	0.00000	0	1.00000	0
271	S	0.00000	0	1.00000	0
272	W	0.00000	0	1.00000	0
273	L	0.00000	0	1.00000	0
274	P	0.00000	0.00019	0.99981	0
275	Y	0.00000	0.00099	0.99901	0
276	T	0.00000	0.00897	0.99103	0
277	I	0.00000	0.05129	0.94871	0
278	D	0.00000	0.67232	0.32768	0
279	A	0.00000	0.67579	0.32421	0
280	L	0.00000	0.70571	0.29429	0
281	I	0.00000	0.75279	0.24721	0
282	D	0.00000	0.92813	0.07187	0
283	S	0.00000	0.92851	0.07149	0
284	F	0.00000	0.92889	0.07111	0
285	M	0.00000	0.93014	0.06986	0
286	G	0.00000	0.93524	0.06476	0
287	F	0.00000	0.93635	0.06365	0
288	I	0.00000	0.94705	0.05295	0
289	T	0.00000	0.97901	0.02099	0
290	P	0.00000	0.98889	0.01111	0
291	A	0.00000	0.98302	0.01698	0
292	Y	0.00000	0.97939	0.02061	0
293	I	0.00000	0.97689	0.02311	0
294	Y	0.00000	0.97962	0.02038	0
295	E	0.00000	0.90981	0.09019	0
296	I	0.00000	0.82761	0.17239	0
297	C	0.00000	0.80562	0.19438	0
298	G	0.00000	0.72925	0.27075	0
299	W	0.00000	0.05773	0.94227	0
300	C	0.00000	0.00215	0.99785	0
301	A	0.00001	1e-05	0.99998	0
302	Y	0.00001	0	0.99999	0
303	Y	0.00002	0	0.99998	0
304	N	0.00022	0	0.99978	0
305	S	0.00023	0	0.99977	0
306	A	0.00024	0	0.99976	0
307	M	0.00027	0	0.99973	0
308	N	0.00028	0	0.99972	0
309	P	0.00028	0	0.99972	0
310	L	0.00028	0	0.99972	0
311	I	0.00031	0	0.99969	0
312	Y	0.00137	0	0.99863	0
313	A	0.00455	0	0.99545	0
314	L	0.00660	0	0.99340	0
315	F	0.01165	0	0.98835	0
316	Y	0.01981	0	0.98019	0
317	P	0.04615	0	0.95385	0
318	W	0.05960	0	0.94040	0
319	F	0.34445	0	0.65555	0
320	R	1.00000	0	0.00000	0
321	K	1.00000	0	0.00000	0
322	A	1.00000	0	0.00000	0
323	V	1.00000	0	0.00000	0
324	K	1.00000	0	0.00000	0
325	L	1.00000	0	0.00000	0
326	I	1.00000	0	0.00000	0
327	L	1.00000	0	0.00000	0
328	S	1.00000	0	0.00000	0
329	G	1.00000	0	0.00000	0
330	E	1.00000	0	0.00000	0
331	I	1.00000	0	0.00000	0
332	L	1.00000	0	0.00000	0
333	K	1.00000	0	0.00000	0
334	G	1.00000	0	0.00000	0
335	S	1.00000	0	0.00000	0
336	S	1.00000	0	0.00000	0
337	S	1.00000	0	0.00000	0
338	T	1.00000	0	0.00000	0
339	I	1.00000	0	0.00000	0
340	S	1.00000	0	0.00000	0
341	V	1.00000	0	0.00000	0
342	F	1.00000	0	0.00000	0
343	S	1.00000	0	0.00000	0
344	E	1.00000	0	0.00000	0
