# UNNAMED
#pos	aa	i	o	M	S
1	M	0.00000	0.99979	0.00000	0.00021
2	S	0.00000	0.99979	0.00000	0.00021
3	T	0.00000	0.99979	0.00000	0.00021
4	V	0.00000	0.99979	0.00000	0.00021
5	L	0.00000	0.99979	0.00000	0.00021
6	N	0.00000	0.99979	0.00000	0.00021
7	Q	0.00000	0.99979	0.00000	0.00021
8	G	0.00000	0.99979	0.00000	0.00021
9	A	0.00000	0.99979	0.00000	0.00021
10	E	0.00000	0.99979	0.00000	0.00021
11	E	0.00000	0.99979	0.00000	0.00021
12	H	0.00000	0.99979	0.00000	0.00021
13	P	0.00000	0.99979	0.00000	0.00021
14	P	0.00000	0.99979	0.00000	0.00021
15	V	0.00000	0.99979	0.00000	0.00021
16	F	0.00000	0.99979	0.00000	0.00021
17	C	0.00000	0.99979	0.00000	0.00021
18	Y	0.00000	1	0.00000	0
19	Q	0.00000	1	0.00000	0
20	V	0.00000	1	0.00000	0
21	N	0.00000	1	0.00000	0
22	G	0.00000	1	0.00000	0
23	S	0.00000	1	0.00000	0
24	C	0.00000	1	0.00000	0
25	P	0.00000	1	0.00000	0
26	R	0.00000	1	0.00000	0
27	T	0.00000	1	0.00000	0
28	V	0.00000	1	0.00000	0
29	H	0.00000	1	0.00000	0
30	P	0.00000	1	0.00000	0
31	L	0.00000	1	0.00000	0
32	D	0.00000	1	0.00000	0
33	I	0.00000	0.99029	0.00971	0
34	Q	0.00000	0.88497	0.11503	0
35	L	0.00000	0.37203	0.62797	0
36	A	0.00000	0.04497	0.95503	0
37	I	0.00000	0.00646	0.99354	0
38	Y	0.00000	0.00197	0.99803	0
39	L	0.00000	0.00076	0.99924	0
40	A	0.00000	0.00053	0.99947	0
41	C	0.00000	0.00046	0.99954	0
42	A	0.00000	0.00023	0.99977	0
43	V	0.00000	6e-05	0.99994	0
44	G	0.00000	3e-05	0.99997	0
45	M	0.00000	1e-05	0.99999	0
46	L	0.00000	0	1.00000	0
47	I	0.00000	0	1.00000	0
48	T	0.00000	0	1.00000	0
49	V	0.00000	0	1.00000	0
50	L	0.00000	0	1.00000	0
51	G	0.00000	0	1.00000	0
52	N	0.00000	0	1.00000	0
53	L	0.00000	0	1.00000	0
54	F	0.00000	0	1.00000	0
55	V	0.00000	0	1.00000	0
56	V	0.00005	0	0.99995	0
57	F	0.00191	0	0.99809	0
58	A	0.12196	0	0.87804	0
59	V	0.36531	0	0.63469	0
60	S	0.82460	0	0.17540	0
61	Y	0.87257	0	0.12743	0
62	F	0.92452	0	0.07548	0
63	K	0.99877	0	0.00123	0
64	V	0.99944	0	0.00056	0
65	L	0.99971	0	0.00029	0
66	H	1.00000	0	0.00000	0
67	T	1.00000	0	0.00000	0
68	P	1.00000	0	0.00000	0
69	T	0.93001	0	0.06999	0
70	N	0.12345	0	0.87655	0
71	F	0.01377	0	0.98623	0
72	L	0.00018	0	0.99982	0
73	L	0.00002	0	0.99998	0
74	L	0.00000	0	1.00000	0
75	S	0.00000	0	1.00000	0
76	L	0.00000	0	1.00000	0
77	A	0.00000	0	1.00000	0
78	L	0.00000	0	1.00000	0
79	A	0.00000	0	1.00000	0
80	D	0.00000	0	1.00000	0
81	T	0.00000	0	1.00000	0
82	F	0.00000	0	1.00000	0
83	L	0.00000	0	1.00000	0
84	G	0.00000	0	1.00000	0
85	L	0.00000	0	1.00000	0
86	L	0.00000	0	1.00000	0
87	V	0.00000	1e-05	0.99999	0
88	L	0.00000	0.00056	0.99944	0
89	P	0.00000	0.02072	0.97928	0
90	L	0.00000	0.0766	0.92340	0
91	S	0.00000	0.55223	0.44777	0
92	T	0.00000	0.74025	0.25975	0
93	V	0.00000	0.80117	0.19883	0
94	R	0.00000	0.99994	0.00006	0
95	S	0.00000	0.99997	0.00003	0
96	V	0.00000	0.99997	0.00003	0
97	E	0.00000	1	0.00000	0
98	S	0.00000	1	0.00000	0
99	C	0.00000	1	0.00000	0
100	W	0.00000	1	0.00000	0
101	F	0.00000	1	0.00000	0
102	F	0.00000	1	0.00000	0
103	G	0.00000	1	0.00000	0
104	D	0.00000	1	0.00000	0
105	F	0.00000	0.99997	0.00003	0
106	L	0.00000	0.99973	0.00027	0
107	C	0.00000	0.99966	0.00034	0
108	R	0.00000	0.99387	0.00613	0
109	L	0.00000	0.98629	0.01371	0
110	H	0.00000	0.31549	0.68451	0
111	T	0.00000	0.18162	0.81838	0
112	Y	0.00000	0.04713	0.95287	0
113	L	0.00000	0.00014	0.99986	0
114	D	0.00000	3e-05	0.99997	0
115	T	0.00000	0	1.00000	0
116	L	0.00000	0	1.00000	0
117	F	0.00000	0	1.00000	0
118	C	0.00000	0	1.00000	0
119	L	0.00000	0	1.00000	0
120	T	0.00000	0	1.00000	0
121	S	0.00000	0	1.00000	0
122	I	0.00000	0	1.00000	0
123	F	0.00000	0	1.00000	0
124	H	0.00000	0	1.00000	0
125	L	0.00000	0	1.00000	0
126	C	0.00000	0	1.00000	0
127	F	0.00000	0	1.00000	0
128	I	0.00000	0	1.00000	0
129	S	0.00000	0	1.00000	0
130	I	0.00001	0	0.99999	0
131	D	0.00012	0	0.99988	0
132	R	0.16610	0	0.83390	0
133	H	0.95171	0	0.04829	0
134	C	0.99640	0	0.00360	0
135	A	0.99962	0	0.00038	0
136	I	1.00000	0	0.00000	0
137	C	1.00000	0	0.00000	0
138	E	1.00000	0	0.00000	0
139	P	1.00000	0	0.00000	0
140	L	1.00000	0	0.00000	0
141	I	1.00000	0	0.00000	0
142	Y	1.00000	0	0.00000	0
143	P	1.00000	0	0.00000	0
144	S	1.00000	0	0.00000	0
145	K	1.00000	0	0.00000	0
146	F	0.99999	0	0.00001	0
147	T	0.99997	0	0.00003	0
148	V	0.99981	0	0.00019	0
149	R	0.99434	0	0.00566	0
150	V	0.11342	0	0.88658	0
151	A	0.04510	0	0.95490	0
152	F	0.00145	0	0.99855	0
153	R	0.00069	0	0.99931	0
154	Y	0.00001	0	0.99999	0
155	I	0.00000	0	1.00000	0
156	L	0.00000	0	1.00000	0
157	A	0.00000	0	1.00000	0
158	G	0.00000	0	1.00000	0
159	W	0.00000	0	1.00000	0
160	G	0.00000	0	1.00000	0
161	I	0.00000	0	1.00000	0
162	P	0.00000	0	1.00000	0
163	A	0.00000	0	1.00000	0
164	A	0.00000	0	1.00000	0
165	Y	0.00000	0	1.00000	0
166	T	0.00000	0	1.00000	0
167	A	0.00000	0	1.00000	0
168	F	0.00000	2e-05	0.99998	0
169	F	0.00000	0.00261	0.99739	0
170	L	0.00000	0.09759	0.90241	0
171	Y	0.00000	0.43639	0.56361	0
172	T	0.00000	0.88992	0.11008	0
173	D	0.00000	0.9995	0.00050	0
174	V	0.00000	0.99962	0.00038	0
175	V	0.00000	0.99978	0.00022	0
176	D	0.00000	1	0.00000	0
177	N	0.00000	1	0.00000	0
178	G	0.00000	1	0.00000	0
179	L	0.00000	1	0.00000	0
180	H	0.00000	1	0.00000	0
181	Q	0.00000	1	0.00000	0
182	G	0.00000	1	0.00000	0
183	L	0.00000	1	0.00000	0
184	E	0.00000	1	0.00000	0
185	E	0.00000	1	0.00000	0
186	M	0.00000	1	0.00000	0
187	P	0.00000	1	0.00000	0
188	C	0.00000	1	0.00000	0
189	V	0.00000	1	0.00000	0
190	G	0.00000	1	0.00000	0
191	S	0.00000	1	0.00000	0
192	C	0.00000	0.99998	0.00002	0
193	Q	0.00000	0.97834	0.02166	0
194	L	0.00000	0.97788	0.02212	0
195	L	0.00000	0.97709	0.02291	0
196	F	0.00000	0.9751	0.02490	0
197	N	0.00000	0.97505	0.02495	0
198	K	0.00000	0.97498	0.02502	0
199	F	0.00000	0.42218	0.57782	0
200	W	0.00000	0.41499	0.58501	0
201	G	0.00000	0.11447	0.88553	0
202	W	0.00000	0.01105	0.98895	0
203	L	0.00000	0.00323	0.99677	0
204	N	0.00000	0.00258	0.99742	0
205	F	0.00000	0.00145	0.99855	0
206	P	0.00000	3e-05	0.99997	0
207	M	0.00000	0	1.00000	0
208	F	0.00000	0	1.00000	0
209	F	0.00000	0	1.00000	0
210	F	0.00000	0	1.00000	0
211	P	0.00000	0	1.00000	0
212	C	0.00000	0	1.00000	0
213	L	0.00000	0	1.00000	0
214	I	0.00000	0	1.00000	0
215	M	0.00001	0	0.99999	0
216	I	0.00003	0	0.99997	0
217	S	0.00298	0	0.99702	0
218	L	0.00368	0	0.99632	0
219	Y	0.00571	0	0.99429	0
220	V	0.01188	0	0.98812	0
221	K	0.03962	0	0.96038	0
222	I	0.04168	0	0.95832	0
223	C	0.09129	0	0.90871	0
224	V	0.31888	0	0.68112	0
225	V	0.49313	0	0.50687	0
226	A	0.96680	0	0.03320	0
227	T	0.99491	0	0.00509	0
228	R	0.99969	0	0.00031	0
229	Q	0.99999	0	0.00001	0
230	A	1.00000	0	0.00000	0
231	Q	1.00000	0	0.00000	0
232	Q	1.00000	0	0.00000	0
233	I	1.00000	0	0.00000	0
234	N	1.00000	0	0.00000	0
235	T	1.00000	0	0.00000	0
236	L	1.00000	0	0.00000	0
237	S	1.00000	0	0.00000	0
238	K	1.00000	0	0.00000	0
239	N	1.00000	0	0.00000	0
240	L	1.00000	0	0.00000	0
241	A	1.00000	0	0.00000	0
242	G	1.00000	0	0.00000	0
243	A	1.00000	0	0.00000	0
244	A	1.00000	0	0.00000	0
245	K	1.00000	0	0.00000	0
246	R	1.00000	0	0.00000	0
247	E	1.00000	0	0.00000	0
248	R	0.92826	0	0.07174	0
249	K	0.92487	0	0.07513	0
250	A	0.10865	0	0.89135	0
251	A	0.10757	0	0.89243	0
252	K	0.10235	0	0.89765	0
253	T	0.07773	0	0.92227	0
254	L	0.00094	0	0.99906	0
255	G	0.00085	0	0.99915	0
256	I	0.00038	0	0.99962	0
257	A	0.00036	0	0.99964	0
258	V	0.00035	0	0.99965	0
259	G	0.00003	0	0.99997	0
260	I	0.00000	0	1.00000	0
261	F	0.00000	0	1.00000	0
262	L	0.00000	0	1.00000	0
263	L	0.00000	0	1.00000	0
264	C	0.00000	0	1.00000	0
265	W	0.00000	0	1.00000	0
266	L	0.00000	0	1.00000	0
267	P	0.00000	1e-05	0.99999	0
268	F	0.00000	6e-05	0.99994	0
269	T	0.00000	0.00186	0.99814	0
270	V	0.00000	0.06663	0.93337	0
271	D	0.00000	0.76534	0.23466	0
272	T	0.00000	0.76919	0.23081	0
273	L	0.00000	0.77659	0.22341	0
274	V	0.00000	0.81499	0.18501	0
275	D	0.00000	0.94074	0.05926	0
276	S	0.00000	0.94111	0.05889	0
277	L	0.00000	0.94154	0.05846	0
278	L	0.00000	0.94466	0.05534	0
279	N	0.00000	0.95584	0.04416	0
280	F	0.00000	0.95695	0.04305	0
281	I	0.00000	0.96707	0.03293	0
282	T	0.00000	0.99224	0.00776	0
283	P	0.00000	0.99794	0.00206	0
284	P	0.00000	0.99584	0.00416	0
285	L	0.00000	0.95556	0.04444	0
286	V	0.00000	0.94395	0.05605	0
287	F	0.00000	0.94083	0.05917	0
288	D	0.00000	0.86531	0.13469	0
289	I	0.00000	0.05541	0.94459	0
290	F	0.00000	0.00247	0.99753	0
291	I	0.00000	1e-05	0.99999	0
292	W	0.00000	0	1.00000	0
293	F	0.00000	0	1.00000	0
294	A	0.00000	0	1.00000	0
295	Y	0.00000	0	1.00000	0
296	F	0.00001	0	0.99999	0
297	N	0.00023	0	0.99977	0
298	S	0.00024	0	0.99976	0
299	A	0.00025	0	0.99975	0
300	C	0.00027	0	0.99973	0
301	N	0.00027	0	0.99973	0
302	P	0.00027	0	0.99973	0
303	I	0.00027	0	0.99973	0
304	I	0.00028	0	0.99972	0
305	Y	0.00044	0	0.99956	0
306	V	0.00125	0	0.99875	0
307	F	0.00417	0	0.99583	0
308	S	0.13294	0	0.86706	0
309	Y	0.24740	0	0.75260	0
310	R	1.00000	0	0.00000	0
311	W	1.00000	0	0.00000	0
312	F	1.00000	0	0.00000	0
313	R	1.00000	0	0.00000	0
314	K	1.00000	0	0.00000	0
315	A	1.00000	0	0.00000	0
316	L	1.00000	0	0.00000	0
317	K	1.00000	0	0.00000	0
318	L	1.00000	0	0.00000	0
319	C	1.00000	0	0.00000	0
320	L	1.00000	0	0.00000	0
321	S	1.00000	0	0.00000	0
322	R	1.00000	0	0.00000	0
323	E	1.00000	0	0.00000	0
324	I	1.00000	0	0.00000	0
325	F	1.00000	0	0.00000	0
326	S	1.00000	0	0.00000	0
327	S	1.00000	0	0.00000	0
328	R	1.00000	0	0.00000	0
329	T	1.00000	0	0.00000	0
330	R	1.00000	0	0.00000	0
331	T	1.00000	0	0.00000	0
332	I	1.00000	0	0.00000	0
333	D	1.00000	0	0.00000	0
334	L	1.00000	0	0.00000	0
335	Y	1.00000	0	0.00000	0
336	Q	1.00000	0	0.00000	0
337	E	1.00000	0	0.00000	0
