# UNNAMED
#pos	aa	i	o	M	S
1	M	0.00000	0.99987	0.00000	0.00013
2	S	0.00000	0.99987	0.00000	0.00013
3	T	0.00000	0.99987	0.00000	0.00013
4	N	0.00000	0.99987	0.00000	0.00013
5	S	0.00000	0.99987	0.00000	0.00014
6	S	0.00000	0.99987	0.00000	0.00013
7	P	0.00000	0.99987	0.00000	0.00013
8	S	0.00000	0.99987	0.00000	0.00013
9	A	0.00000	0.99987	0.00000	0.00013
10	S	0.00000	0.99987	0.00000	0.00013
11	E	0.00000	0.99987	0.00000	0.00013
12	Q	0.00000	0.99987	0.00000	0.00013
13	F	0.00000	0.99987	0.00000	0.00013
14	C	0.00000	0.99987	0.00000	0.00013
15	Y	0.00000	0.99987	0.00000	0.00014
16	Q	0.00000	0.99987	0.00000	0.00013
17	N	0.00000	0.99987	0.00000	0.00013
18	V	0.00000	0.99987	0.00000	0.00013
19	T	0.00000	0.99987	0.00000	0.00013
20	G	0.00000	0.99987	0.00000	0.00013
21	S	0.00000	0.99998	0.00000	3e-05
22	C	0.00000	0.99997	0.00000	3e-05
23	A	0.00000	0.99997	0.00000	2e-05
24	K	0.00000	1	0.00000	0
25	A	0.00000	1	0.00000	0
26	P	0.00000	1	0.00000	0
27	Y	0.00000	1	0.00000	0
28	S	0.00000	1	0.00000	0
29	P	0.00000	1	0.00000	0
30	G	0.00000	0.99999	0.00001	0
31	P	0.00000	0.99997	0.00003	0
32	R	0.00000	0.99426	0.00574	0
33	L	0.00000	0.44781	0.55219	0
34	I	0.00000	0.13586	0.86414	0
35	L	0.00000	0.03575	0.96425	0
36	Y	0.00000	0.00763	0.99237	0
37	T	0.00000	0.0023	0.99770	0
38	L	0.00000	0.00072	0.99928	0
39	F	0.00000	0.00018	0.99982	0
40	S	0.00000	9e-05	0.99991	0
41	L	0.00000	1e-05	0.99999	0
42	G	0.00000	0	1.00000	0
43	A	0.00000	0	1.00000	0
44	V	0.00000	0	1.00000	0
45	L	0.00000	0	1.00000	0
46	A	0.00000	0	1.00000	0
47	V	0.00000	0	1.00000	0
48	F	0.00000	0	1.00000	0
49	G	0.00000	0	1.00000	0
50	N	0.00000	0	1.00000	0
51	L	0.00000	0	1.00000	0
52	L	0.00000	0	1.00000	0
53	V	0.00000	0	1.00000	0
54	V	0.00004	0	0.99996	0
55	I	0.00148	0	0.99852	0
56	S	0.11872	0	0.88128	0
57	I	0.14719	0	0.85281	0
58	L	0.37425	0	0.62575	0
59	H	0.77075	0	0.22925	0
60	F	0.86773	0	0.13227	0
61	K	0.99699	0	0.00301	0
62	Q	0.99999	0	0.00001	0
63	L	1.00000	0	0.00000	0
64	H	1.00000	0	0.00000	0
65	S	1.00000	0	0.00000	0
66	P	1.00000	0	0.00000	0
67	T	0.64926	0	0.35074	0
68	N	0.14125	0	0.85875	0
69	F	0.02448	0	0.97552	0
70	L	0.00042	0	0.99958	0
71	I	0.00001	0	0.99999	0
72	A	0.00000	0	1.00000	0
73	S	0.00000	0	1.00000	0
74	L	0.00000	0	1.00000	0
75	A	0.00000	0	1.00000	0
76	C	0.00000	0	1.00000	0
77	A	0.00000	0	1.00000	0
78	D	0.00000	0	1.00000	0
79	F	0.00000	0	1.00000	0
80	P	0.00000	0	1.00000	0
81	V	0.00000	0	1.00000	0
82	G	0.00000	0	1.00000	0
83	V	0.00000	0	1.00000	0
84	T	0.00000	0.00062	0.99938	0
85	V	0.00000	0.03685	0.96315	0
86	M	0.00000	0.03822	0.96178	0
87	P	0.00000	0.06131	0.93869	0
88	F	0.00000	0.10878	0.89122	0
89	S	0.00000	0.32684	0.67316	0
90	M	0.00000	0.40101	0.59899	0
91	V	0.00000	0.64942	0.35058	0
92	R	0.00000	0.99993	0.00007	0
93	S	0.00000	0.99997	0.00003	0
94	V	0.00000	0.99997	0.00003	0
95	E	0.00000	1	0.00000	0
96	G	0.00000	1	0.00000	0
97	C	0.00000	1	0.00000	0
98	W	0.00000	1	0.00000	0
99	Y	0.00000	0.99999	0.00001	0
100	F	0.00000	0.99995	0.00005	0
101	G	0.00000	0.99995	0.00005	0
102	P	0.00000	0.99995	0.00005	0
103	S	0.00000	0.99948	0.00052	0
104	F	0.00000	0.94277	0.05723	0
105	C	0.00000	0.93307	0.06693	0
106	T	0.00000	0.92152	0.07848	0
107	F	0.00000	0.91862	0.08138	0
108	H	0.00000	0.78115	0.21885	0
109	T	0.00000	0.6071	0.39290	0
110	C	0.00000	0.50201	0.49799	0
111	C	0.00000	0.09675	0.90325	0
112	D	0.00000	0.06538	0.93462	0
113	V	0.00000	0.00051	0.99949	0
114	A	0.00000	1e-05	0.99999	0
115	F	0.00000	0	1.00000	0
116	C	0.00000	0	1.00000	0
117	Y	0.00000	0	1.00000	0
118	S	0.00000	0	1.00000	0
119	S	0.00000	0	1.00000	0
120	L	0.00000	0	1.00000	0
121	F	0.00000	0	1.00000	0
122	H	0.00000	0	1.00000	0
123	L	0.00000	0	1.00000	0
124	C	0.00015	0	0.99985	0
125	F	0.00020	0	0.99980	0
126	I	0.00093	0	0.99907	0
127	S	0.00185	0	0.99815	0
128	I	0.00213	0	0.99787	0
129	D	0.00276	0	0.99724	0
130	R	0.25074	0	0.74926	0
131	Y	0.81013	0	0.18987	0
132	I	0.91228	0	0.08772	0
133	A	0.96743	0	0.03257	0
134	V	0.99990	0	0.00010	0
135	T	1.00000	0	0.00000	0
136	E	1.00000	0	0.00000	0
137	P	1.00000	0	0.00000	0
138	L	1.00000	0	0.00000	0
139	V	1.00000	0	0.00000	0
140	Y	1.00000	0	0.00000	0
141	P	1.00000	0	0.00000	0
142	T	0.99992	0	0.00008	0
143	K	0.99938	0	0.00062	0
144	F	0.86996	0	0.13004	0
145	T	0.80295	0	0.19705	0
146	V	0.54071	0	0.45929	0
147	S	0.46327	0	0.53673	0
148	V	0.22556	0	0.77444	0
149	S	0.19661	0	0.80339	0
150	G	0.11127	0	0.88873	0
151	T	0.05147	0	0.94853	0
152	C	0.00019	0	0.99981	0
153	I	0.00001	0	0.99999	0
154	G	0.00000	0	1.00000	0
155	I	0.00000	0	1.00000	0
156	S	0.00000	0	1.00000	0
157	W	0.00000	0	1.00000	0
158	I	0.00000	0	1.00000	0
159	L	0.00000	0	1.00000	0
160	P	0.00000	0	1.00000	0
161	L	0.00000	0	1.00000	0
162	V	0.00000	1e-05	0.99999	0
163	Y	0.00000	0.00152	0.99848	0
164	S	0.00000	0.02529	0.97471	0
165	G	0.00000	0.05918	0.94082	0
166	A	0.00000	0.09118	0.90882	0
167	V	0.00000	0.16872	0.83128	0
168	F	0.00000	0.35741	0.64259	0
169	Y	0.00000	0.53793	0.46207	0
170	T	0.00000	0.72237	0.27763	0
171	G	0.00000	0.87227	0.12773	0
172	A	0.00000	0.89813	0.10187	0
173	Y	0.00000	0.96108	0.03892	0
174	D	0.00000	0.99999	0.00001	0
175	D	0.00000	1	0.00000	0
176	G	0.00000	1	0.00000	0
177	L	0.00000	1	0.00000	0
178	E	0.00000	1	0.00000	0
179	E	0.00000	1	0.00000	0
180	L	0.00000	1	0.00000	0
181	S	0.00000	1	0.00000	0
182	R	0.00000	1	0.00000	0
183	A	0.00000	1	0.00000	0
184	V	0.00000	1	0.00000	0
185	N	0.00000	1	0.00000	0
186	C	0.00000	1	0.00000	0
187	V	0.00000	1	0.00000	0
188	G	0.00000	1	0.00000	0
189	G	0.00000	1	0.00000	0
190	C	0.00000	1	0.00000	0
191	Q	0.00000	1	0.00000	0
192	T	0.00000	0.9998	0.00020	0
193	V	0.00000	0.99972	0.00028	0
194	V	0.00000	0.99969	0.00031	0
195	N	0.00000	0.99969	0.00031	0
196	Q	0.00000	0.99963	0.00037	0
197	N	0.00000	0.06521	0.93479	0
198	W	0.00000	0.06112	0.93888	0
199	V	0.00000	0.05825	0.94175	0
200	L	0.00000	0.01334	0.98666	0
201	I	0.00000	0.01297	0.98703	0
202	D	0.00000	0.01292	0.98708	0
203	F	0.00000	0.00733	0.99267	0
204	L	0.00000	0	1.00000	0
205	S	0.00000	0	1.00000	0
206	F	0.00000	0	1.00000	0
207	F	0.00000	0	1.00000	0
208	I	0.00000	0	1.00000	0
209	P	0.00000	0	1.00000	0
210	T	0.00000	0	1.00000	0
211	L	0.00000	0	1.00000	0
212	V	0.00000	0	1.00000	0
213	M	0.00000	0	1.00000	0
214	I	0.00000	0	1.00000	0
215	I	0.00000	0	1.00000	0
216	L	0.00001	0	0.99999	0
217	Y	0.00007	0	0.99993	0
218	S	0.00293	0	0.99707	0
219	N	0.00790	0	0.99210	0
220	I	0.00987	0	0.99013	0
221	F	0.02500	0	0.97500	0
222	L	0.16057	0	0.83943	0
223	V	0.24108	0	0.75892	0
224	A	0.72565	0	0.27435	0
225	R	0.99292	0	0.00708	0
226	Q	0.99978	0	0.00022	0
227	Q	0.99999	0	0.00001	0
228	A	0.99999	0	0.00001	0
229	K	1.00000	0	0.00000	0
230	K	1.00000	0	0.00000	0
231	I	1.00000	0	0.00000	0
232	E	1.00000	0	0.00000	0
233	D	1.00000	0	0.00000	0
234	T	1.00000	0	0.00000	0
235	G	1.00000	0	0.00000	0
236	G	1.00000	0	0.00000	0
237	K	1.00000	0	0.00000	0
238	I	1.00000	0	0.00000	0
239	E	1.00000	0	0.00000	0
240	L	1.00000	0	0.00000	0
241	S	1.00000	0	0.00000	0
242	S	1.00000	0	0.00000	0
243	A	1.00000	0	0.00000	0
244	S	1.00000	0	0.00000	0
245	Y	1.00000	0	0.00000	0
246	K	1.00000	0	0.00000	0
247	S	1.00000	0	0.00000	0
248	R	1.00000	0	0.00000	0
249	V	1.00000	0	0.00000	0
250	A	1.00000	0	0.00000	0
251	K	1.00000	0	0.00000	0
252	R	1.00000	0	0.00000	0
253	E	1.00000	0	0.00000	0
254	R	0.90631	0	0.09369	0
255	K	0.90236	0	0.09764	0
256	A	0.05151	0	0.94849	0
257	A	0.05062	0	0.94938	0
258	K	0.04409	0	0.95591	0
259	T	0.03182	0	0.96818	0
260	L	0.01417	0	0.98583	0
261	G	0.01154	0	0.98846	0
262	I	0.01010	0	0.98990	0
263	T	0.00677	0	0.99323	0
264	V	0.00641	0	0.99359	0
265	V	0.00004	0	0.99996	0
266	A	0.00000	0	1.00000	0
267	F	0.00000	0	1.00000	0
268	M	0.00000	0	1.00000	0
269	I	0.00000	0	1.00000	0
270	S	0.00000	0	1.00000	0
271	W	0.00000	0	1.00000	0
272	L	0.00000	0	1.00000	0
273	P	0.00000	0.00047	0.99953	0
274	Y	0.00000	0.00171	0.99829	0
275	S	0.00000	0.01404	0.98596	0
276	I	0.00000	0.06991	0.93009	0
277	D	0.00000	0.8789	0.12110	0
278	S	0.00000	0.88333	0.11667	0
279	L	0.00000	0.89055	0.10945	0
280	I	0.00000	0.90182	0.09818	0
281	D	0.00000	0.9592	0.04080	0
282	A	0.00000	0.95922	0.04078	0
283	Y	0.00000	0.96019	0.03981	0
284	M	0.00000	0.96143	0.03857	0
285	G	0.00000	0.96667	0.03333	0
286	F	0.00000	0.96785	0.03215	0
287	I	0.00000	0.97968	0.02032	0
288	T	0.00000	0.99681	0.00319	0
289	P	0.00000	0.99837	0.00163	0
290	A	0.00000	0.98506	0.01494	0
291	Y	0.00000	0.96601	0.03399	0
292	I	0.00000	0.95184	0.04816	0
293	Y	0.00000	0.95022	0.04978	0
294	E	0.00000	0.51397	0.48603	0
295	I	0.00000	0.1334	0.86660	0
296	C	0.00000	0.1208	0.87920	0
297	C	0.00000	0.08302	0.91698	0
298	W	0.00000	0.0064	0.99360	0
299	C	0.00000	0.00026	0.99974	0
300	G	0.00001	3e-05	0.99996	0
301	Y	0.00003	0	0.99997	0
302	Y	0.00004	0	0.99996	0
303	N	0.00033	0	0.99967	0
304	S	0.00034	0	0.99966	0
305	A	0.00035	0	0.99965	0
306	M	0.00036	0	0.99964	0
307	N	0.00036	0	0.99964	0
308	P	0.00036	0	0.99964	0
309	L	0.00036	0	0.99964	0
310	I	0.00038	0	0.99962	0
311	Y	0.00122	0	0.99878	0
312	A	0.00321	0	0.99679	0
313	L	0.00453	0	0.99547	0
314	F	0.00866	0	0.99134	0
315	Y	0.12101	0	0.87899	0
316	P	0.35480	0	0.64520	0
317	W	0.51649	0	0.48351	0
318	F	0.79332	0	0.20668	0
319	R	1.00000	0	0.00000	0
320	K	1.00000	0	0.00000	0
321	A	1.00000	0	0.00000	0
322	L	1.00000	0	0.00000	0
323	K	1.00000	0	0.00000	0
324	I	1.00000	0	0.00000	0
325	I	1.00000	0	0.00000	0
326	M	1.00000	0	0.00000	0
327	S	1.00000	0	0.00000	0
328	G	1.00000	0	0.00000	0
329	W	1.00000	0	0.00000	0
330	V	1.00000	0	0.00000	0
331	F	1.00000	0	0.00000	0
332	E	1.00000	0	0.00000	0
333	D	1.00000	0	0.00000	0
334	S	1.00000	0	0.00000	0
335	S	1.00000	0	0.00000	0
336	A	1.00000	0	0.00000	0
337	T	1.00000	0	0.00000	0
338	M	1.00000	0	0.00000	0
339	N	1.00000	0	0.00000	0
340	L	1.00000	0	0.00000	0
341	F	1.00000	0	0.00000	0
342	P	1.00000	0	0.00000	0
343	E	1.00000	0	0.00000	0
344	Q	1.00000	0	0.00000	0
345	M	1.00000	0	0.00000	0
