# UNNAMED
#pos	aa	i	o	M	S
1	M	0.00000	0.99996	0.00000	4e-05
2	L	0.00000	0.99996	0.00000	4e-05
3	P	0.00000	0.99996	0.00000	4e-05
4	P	0.00000	0.99996	0.00000	4e-05
5	G	0.00000	0.99996	0.00000	4e-05
6	R	0.00000	0.99996	0.00000	4e-05
7	N	0.00000	0.99996	0.00000	4e-05
8	G	0.00000	0.99996	0.00000	5e-05
9	T	0.00000	0.99996	0.00000	5e-05
10	A	0.00000	0.99996	0.00000	4e-05
11	Y	0.00000	0.99996	0.00000	4e-05
12	R	0.00000	0.99996	0.00000	4e-05
13	A	0.00000	0.99996	0.00000	5e-05
14	R	0.00000	0.99996	0.00000	5e-05
15	F	0.00000	0.99996	0.00000	4e-05
16	G	0.00000	0.99996	0.00000	4e-05
17	Q	0.00000	0.99996	0.00000	4e-05
18	Q	0.00000	0.99996	0.00000	4e-05
19	Q	0.00000	0.99996	0.00000	4e-05
20	R	0.00000	0.99996	0.00000	4e-05
21	A	0.00000	0.99996	0.00000	4e-05
22	Q	0.00000	0.99996	0.00000	4e-05
23	G	0.00000	0.99996	0.00000	5e-05
24	G	0.00000	0.99998	0.00000	2e-05
25	A	0.00000	0.99997	0.00000	2e-05
26	V	0.00000	0.99999	0.00000	1e-05
27	G	0.00000	0.99999	0.00000	1e-05
28	G	0.00000	0.99999	0.00000	1e-05
29	S	0.00000	1	0.00000	0
30	E	0.00000	1	0.00000	0
31	G	0.00000	0.99999	0.00000	0
32	A	0.00000	0.99999	0.00001	0
33	G	0.00000	0.99996	0.00004	0
34	P	0.00000	0.99984	0.00016	0
35	L	0.00000	0.99803	0.00197	0
36	G	0.00000	0.99551	0.00449	0
37	P	0.00000	0.98507	0.01493	0
38	A	0.00000	0.87869	0.12131	0
39	Q	0.00000	0.75504	0.24496	0
40	V	0.00000	0.33534	0.66466	0
41	V	0.00000	0.19499	0.80501	0
42	T	0.00000	0.15358	0.84642	0
43	A	0.00000	0.08979	0.91021	0
44	G	0.00000	0.05912	0.94088	0
45	L	0.00000	0.0335	0.96650	0
46	L	0.00000	0.01931	0.98069	0
47	T	0.00000	0.01692	0.98308	0
48	L	0.00000	0.00138	0.99862	0
49	L	0.00000	6e-05	0.99994	0
50	I	0.00000	0	1.00000	0
51	V	0.00000	0	1.00000	0
52	W	0.00000	0	1.00000	0
53	T	0.00000	0	1.00000	0
54	L	0.00000	0	1.00000	0
55	L	0.00000	0	1.00000	0
56	G	0.00000	0	1.00000	0
57	N	0.00000	0	1.00000	0
58	V	0.00000	0	1.00000	0
59	L	0.00000	0	1.00000	0
60	V	0.00000	0	1.00000	0
61	C	0.00006	0	0.99994	0
62	A	0.00126	0	0.99874	0
63	A	0.01751	0	0.98249	0
64	I	0.04686	0	0.95314	0
65	V	0.33445	0	0.66555	0
66	R	0.97173	0	0.02827	0
67	S	0.99336	0	0.00664	0
68	R	0.99935	0	0.00065	0
69	H	0.99973	0	0.00027	0
70	L	0.99985	0	0.00015	0
71	R	1.00000	0	0.00000	0
72	A	0.99991	0	0.00009	0
73	K	0.99926	0	0.00074	0
74	M	0.93138	0	0.06862	0
75	T	0.80443	0	0.19557	0
76	N	0.15184	0	0.84816	0
77	V	0.06167	0	0.93833	0
78	F	0.00044	0	0.99956	0
79	I	0.00001	0	0.99999	0
80	V	0.00000	0	1.00000	0
81	S	0.00000	0	1.00000	0
82	L	0.00000	0	1.00000	0
83	A	0.00000	0	1.00000	0
84	V	0.00000	0	1.00000	0
85	S	0.00000	0	1.00000	0
86	D	0.00000	0	1.00000	0
87	L	0.00000	0	1.00000	0
88	F	0.00000	0	1.00000	0
89	V	0.00000	0	1.00000	0
90	A	0.00000	0	1.00000	0
91	L	0.00000	0	1.00000	0
92	L	0.00000	0	1.00000	0
93	V	0.00000	6e-05	0.99994	0
94	M	0.00000	0.00065	0.99935	0
95	P	0.00000	0.00847	0.99153	0
96	W	0.00000	0.07389	0.92611	0
97	K	0.00000	0.416	0.58400	0
98	A	0.00000	0.5986	0.40140	0
99	V	0.00000	0.76417	0.23583	0
100	A	0.00000	0.9998	0.00020	0
101	E	0.00000	1	0.00000	0
102	V	0.00000	1	0.00000	0
103	A	0.00000	1	0.00000	0
104	G	0.00000	1	0.00000	0
105	Y	0.00000	1	0.00000	0
106	W	0.00000	1	0.00000	0
107	P	0.00000	1	0.00000	0
108	F	0.00000	1	0.00000	0
109	G	0.00000	1	0.00000	0
110	A	0.00000	0.99999	0.00001	0
111	F	0.00000	0.99998	0.00002	0
112	C	0.00000	0.99996	0.00004	0
113	D	0.00000	0.9998	0.00020	0
114	V	0.00000	0.99771	0.00229	0
115	W	0.00000	0.8124	0.18760	0
116	V	0.00000	0.09226	0.90774	0
117	A	0.00000	0.00257	0.99743	0
118	F	0.00000	5e-05	0.99995	0
119	D	0.00000	1e-05	0.99999	0
120	I	0.00000	0	1.00000	0
121	M	0.00000	0	1.00000	0
122	C	0.00000	0	1.00000	0
123	S	0.00000	0	1.00000	0
124	T	0.00000	0	1.00000	0
125	A	0.00000	0	1.00000	0
126	S	0.00000	0	1.00000	0
127	I	0.00000	0	1.00000	0
128	L	0.00000	0	1.00000	0
129	N	0.00000	0	1.00000	0
130	L	0.00000	0	1.00000	0
131	C	0.00000	0	1.00000	0
132	V	0.00000	0	1.00000	0
133	I	0.00000	0	1.00000	0
134	S	0.00000	0	1.00000	0
135	V	0.00000	0	1.00000	0
136	D	0.00007	0	0.99993	0
137	R	0.12749	0	0.87251	0
138	Y	0.46747	0	0.53253	0
139	W	0.82869	0	0.17131	0
140	A	0.99050	0	0.00950	0
141	I	1.00000	0	0.00000	0
142	S	1.00000	0	0.00000	0
143	R	1.00000	0	0.00000	0
144	P	1.00000	0	0.00000	0
145	F	1.00000	0	0.00000	0
146	R	1.00000	0	0.00000	0
147	Y	1.00000	0	0.00000	0
148	E	1.00000	0	0.00000	0
149	R	1.00000	0	0.00000	0
150	K	1.00000	0	0.00000	0
151	M	0.99997	0	0.00003	0
152	T	0.99991	0	0.00009	0
153	Q	0.99948	0	0.00052	0
154	R	0.94423	0	0.05577	0
155	V	0.12886	0	0.87114	0
156	A	0.02393	0	0.97607	0
157	L	0.00277	0	0.99723	0
158	V	0.00017	0	0.99983	0
159	I	0.00000	0	1.00000	0
160	V	0.00000	0	1.00000	0
161	G	0.00000	0	1.00000	0
162	L	0.00000	0	1.00000	0
163	A	0.00000	0	1.00000	0
164	W	0.00000	0	1.00000	0
165	T	0.00000	0	1.00000	0
166	L	0.00000	0	1.00000	0
167	S	0.00000	0	1.00000	0
168	I	0.00000	0	1.00000	0
169	L	0.00000	0	1.00000	0
170	I	0.00000	0	1.00000	0
171	S	0.00000	0	1.00000	0
172	F	0.00000	0	1.00000	0
173	I	0.00000	0.00023	0.99977	0
174	P	0.00000	0.02103	0.97897	0
175	V	0.00000	0.07481	0.92519	0
176	Q	0.00000	0.50909	0.49091	0
177	L	0.00000	0.62513	0.37487	0
178	H	0.00000	0.91844	0.08156	0
179	W	0.00000	0.96413	0.03587	0
180	H	0.00000	0.99692	0.00308	0
181	R	0.00000	0.99999	0.00001	0
182	D	0.00000	1	0.00000	0
183	K	0.00000	1	0.00000	0
184	A	0.00000	1	0.00000	0
185	G	0.00000	1	0.00000	0
186	S	0.00000	1	0.00000	0
187	S	0.00000	1	0.00000	0
188	W	0.00000	1	0.00000	0
189	S	0.00000	1	0.00000	0
190	E	0.00000	1	0.00000	0
191	M	0.00000	1	0.00000	0
192	D	0.00000	1	0.00000	0
193	P	0.00000	1	0.00000	0
194	P	0.00000	1	0.00000	0
195	S	0.00000	1	0.00000	0
196	Y	0.00000	1	0.00000	0
197	L	0.00000	1	0.00000	0
198	A	0.00000	1	0.00000	0
199	N	0.00000	1	0.00000	0
200	G	0.00000	1	0.00000	0
201	T	0.00000	1	0.00000	0
202	P	0.00000	1	0.00000	0
203	W	0.00000	1	0.00000	0
204	E	0.00000	1	0.00000	0
205	E	0.00000	1	0.00000	0
206	A	0.00000	1	0.00000	0
207	G	0.00000	1	0.00000	0
208	E	0.00000	1	0.00000	0
209	P	0.00000	1	0.00000	0
210	E	0.00000	1	0.00000	0
211	V	0.00000	1	0.00000	0
212	R	0.00000	1	0.00000	0
213	T	0.00000	1	0.00000	0
214	E	0.00000	1	0.00000	0
215	N	0.00000	1	0.00000	0
216	C	0.00000	1	0.00000	0
217	D	0.00000	1	0.00000	0
218	S	0.00000	0.99976	0.00024	0
219	S	0.00000	0.99814	0.00186	0
220	L	0.00000	0.99447	0.00553	0
221	N	0.00000	0.99416	0.00584	0
222	R	0.00000	0.95806	0.04194	0
223	T	0.00000	0.54143	0.45857	0
224	Y	0.00000	0.01908	0.98092	0
225	A	0.00000	0.01086	0.98914	0
226	I	0.00000	0.00762	0.99238	0
227	S	0.00000	0.00108	0.99892	0
228	S	0.00000	0.0009	0.99910	0
229	S	0.00000	8e-05	0.99992	0
230	L	0.00000	3e-05	0.99997	0
231	I	0.00000	0	1.00000	0
232	S	0.00000	0	1.00000	0
233	F	0.00000	0	1.00000	0
234	Y	0.00000	0	1.00000	0
235	I	0.00000	0	1.00000	0
236	P	0.00000	0	1.00000	0
237	V	0.00000	0	1.00000	0
238	A	0.00000	0	1.00000	0
239	I	0.00000	0	1.00000	0
240	M	0.00000	0	1.00000	0
241	I	0.00000	0	1.00000	0
242	V	0.00015	0	0.99985	0
243	T	0.00174	0	0.99826	0
244	Y	0.00409	0	0.99591	0
245	T	0.07668	0	0.92332	0
246	R	0.17671	0	0.82329	0
247	I	0.18687	0	0.81313	0
248	Y	0.25081	0	0.74919	0
249	R	0.96413	0	0.03587	0
250	I	0.96975	0	0.03025	0
251	A	0.99977	0	0.00023	0
252	Q	0.99999	0	0.00001	0
253	V	1.00000	0	0.00000	0
254	Q	1.00000	0	0.00000	0
255	I	1.00000	0	0.00000	0
256	R	1.00000	0	0.00000	0
257	R	1.00000	0	0.00000	0
258	I	1.00000	0	0.00000	0
259	S	1.00000	0	0.00000	0
260	S	1.00000	0	0.00000	0
261	L	1.00000	0	0.00000	0
262	E	1.00000	0	0.00000	0
263	R	1.00000	0	0.00000	0
264	A	1.00000	0	0.00000	0
265	V	1.00000	0	0.00000	0
266	E	1.00000	0	0.00000	0
267	H	1.00000	0	0.00000	0
268	A	1.00000	0	0.00000	0
269	Q	1.00000	0	0.00000	0
270	S	1.00000	0	0.00000	0
271	C	1.00000	0	0.00000	0
272	R	1.00000	0	0.00000	0
273	S	1.00000	0	0.00000	0
274	R	1.00000	0	0.00000	0
275	A	1.00000	0	0.00000	0
276	A	1.00000	0	0.00000	0
277	C	1.00000	0	0.00000	0
278	A	1.00000	0	0.00000	0
279	P	1.00000	0	0.00000	0
280	D	1.00000	0	0.00000	0
281	A	1.00000	0	0.00000	0
282	S	1.00000	0	0.00000	0
283	L	1.00000	0	0.00000	0
284	R	1.00000	0	0.00000	0
285	T	1.00000	0	0.00000	0
286	S	1.00000	0	0.00000	0
287	I	1.00000	0	0.00000	0
288	K	1.00000	0	0.00000	0
289	K	1.00000	0	0.00000	0
290	E	1.00000	0	0.00000	0
291	T	0.97373	0	0.02627	0
292	K	0.97308	0	0.02692	0
293	V	0.69673	0	0.30327	0
294	L	0.68199	0	0.31801	0
295	Q	0.68184	0	0.31816	0
296	T	0.59014	0	0.40986	0
297	L	0.01522	0	0.98478	0
298	S	0.00401	0	0.99599	0
299	V	0.00235	0	0.99765	0
300	I	0.00022	0	0.99978	0
301	M	0.00001	0	0.99999	0
302	G	0.00000	0	1.00000	0
303	V	0.00000	0	1.00000	0
304	F	0.00000	0	1.00000	0
305	V	0.00000	0	1.00000	0
306	C	0.00000	0	1.00000	0
307	C	0.00000	0	1.00000	0
308	W	0.00000	0	1.00000	0
309	L	0.00000	0	1.00000	0
310	P	0.00000	0	1.00000	0
311	F	0.00000	0	1.00000	0
312	F	0.00000	1e-05	0.99999	0
313	I	0.00000	0.00099	0.99901	0
314	L	0.00000	0.01237	0.98763	0
315	N	0.00000	0.1205	0.87950	0
316	C	0.00000	0.16702	0.83298	0
317	M	0.00000	0.17323	0.82677	0
318	V	0.00000	0.2158	0.78420	0
319	P	0.00000	0.3787	0.62130	0
320	F	0.00000	0.43848	0.56152	0
321	C	0.00000	0.69883	0.30117	0
322	S	0.00000	0.93199	0.06801	0
323	G	0.00000	0.98246	0.01754	0
324	H	0.00000	0.99423	0.00577	0
325	P	0.00000	0.99915	0.00085	0
326	E	0.00000	0.99986	0.00014	0
327	G	0.00000	0.99996	0.00004	0
328	P	0.00000	0.99996	0.00004	0
329	R	0.00000	0.99996	0.00004	0
330	A	0.00000	0.99996	0.00004	0
331	G	0.00000	0.99996	0.00004	0
332	F	0.00000	0.99996	0.00004	0
333	P	0.00000	0.99996	0.00004	0
334	C	0.00000	0.99995	0.00005	0
335	V	0.00000	0.99987	0.00013	0
336	S	0.00000	0.99983	0.00017	0
337	E	0.00000	0.99959	0.00041	0
338	T	0.00000	0.99715	0.00285	0
339	T	0.00000	0.99349	0.00651	0
340	F	0.00000	0.98561	0.01439	0
341	D	0.00000	0.86248	0.13752	0
342	V	0.00000	0.09981	0.90019	0
343	F	0.00000	0.09316	0.90684	0
344	V	0.00000	0.00484	0.99516	0
345	W	0.00000	0.00015	0.99985	0
346	F	0.00000	1e-05	0.99999	0
347	G	0.00001	0	0.99999	0
348	W	0.00002	0	0.99997	0
349	A	0.00003	0	0.99996	0
350	N	0.00004	0	0.99995	0
351	S	0.00004	0	0.99995	0
352	S	0.00004	0	0.99995	0
353	L	0.00004	0	0.99995	0
354	N	0.00004	0	0.99995	0
355	P	0.00004	0	0.99995	0
356	I	0.00004	0	0.99996	0
357	I	0.00005	0	0.99995	0
358	Y	0.00011	0	0.99989	0
359	A	0.00025	0	0.99974	0
360	F	0.00531	0	0.99469	0
361	N	0.28789	0	0.71211	0
362	A	0.51431	0	0.48569	0
363	D	0.80801	0	0.19199	0
364	F	0.84122	0	0.15878	0
365	R	0.99999	0	0.00001	0
366	N	0.99999	0	0.00001	0
367	V	0.99999	0	0.00001	0
368	F	0.99999	0	0.00001	0
369	A	0.99999	0	0.00001	0
370	Q	0.99999	0	0.00001	0
371	L	0.99999	0	0.00001	0
372	L	1.00000	0	0.00000	0
373	G	1.00000	0	0.00000	0
374	C	1.00000	0	0.00000	0
375	S	1.00000	0	0.00000	0
376	H	1.00000	0	0.00000	0
377	L	1.00000	0	0.00000	0
378	C	1.00000	0	0.00000	0
379	S	1.00000	0	0.00000	0
380	R	1.00000	0	0.00000	0
381	T	1.00000	0	0.00000	0
382	P	1.00000	0	0.00000	0
383	V	1.00000	0	0.00000	0
384	E	1.00000	0	0.00000	0
385	T	1.00000	0	0.00000	0
386	V	1.00000	0	0.00000	0
387	N	1.00000	0	0.00000	0
388	I	1.00000	0	0.00000	0
389	S	1.00000	0	0.00000	0
390	N	1.00000	0	0.00000	0
391	E	1.00000	0	0.00000	0
392	L	1.00000	0	0.00000	0
393	I	1.00000	0	0.00000	0
394	S	1.00000	0	0.00000	0
395	Y	1.00000	0	0.00000	0
396	N	1.00000	0	0.00000	0
397	Q	1.00000	0	0.00000	0
398	D	1.00000	0	0.00000	0
399	T	1.00000	0	0.00000	0
400	V	1.00000	0	0.00000	0
401	F	1.00000	0	0.00000	0
402	H	1.00000	0	0.00000	0
403	K	1.00000	0	0.00000	0
404	E	1.00000	0	0.00000	0
405	I	1.00000	0	0.00000	0
406	A	1.00000	0	0.00000	0
407	A	1.00000	0	0.00000	0
408	A	1.00000	0	0.00000	0
409	Y	1.00000	0	0.00000	0
410	I	1.00000	0	0.00000	0
411	H	1.00000	0	0.00000	0
412	M	1.00000	0	0.00000	0
413	I	1.00000	0	0.00000	0
414	P	1.00000	0	0.00000	0
415	N	1.00000	0	0.00000	0
416	A	1.00000	0	0.00000	0
417	V	1.00000	0	0.00000	0
418	T	1.00000	0	0.00000	0
419	P	1.00000	0	0.00000	0
420	G	1.00000	0	0.00000	0
421	D	1.00000	0	0.00000	0
422	G	1.00000	0	0.00000	0
423	E	1.00000	0	0.00000	0
424	V	1.00000	0	0.00000	0
425	D	1.00000	0	0.00000	0
426	K	1.00000	0	0.00000	0
427	E	1.00000	0	0.00000	0
428	E	1.00000	0	0.00000	0
429	R	1.00000	0	0.00000	0
430	E	1.00000	0	0.00000	0
431	G	1.00000	0	0.00000	0
432	P	1.00000	0	0.00000	0
433	F	1.00000	0	0.00000	0
434	D	1.00000	0	0.00000	0
435	R	1.00000	0	0.00000	0
436	M	1.00000	0	0.00000	0
437	S	1.00000	0	0.00000	0
438	Q	1.00000	0	0.00000	0
439	M	1.00000	0	0.00000	0
440	S	1.00000	0	0.00000	0
441	Q	1.00000	0	0.00000	0
442	T	1.00000	0	0.00000	0
443	S	1.00000	0	0.00000	0
444	P	1.00000	0	0.00000	0
445	H	1.00000	0	0.00000	0
446	G	1.00000	0	0.00000	0
447	D	1.00000	0	0.00000	0
448	P	1.00000	0	0.00000	0
449	A	1.00000	0	0.00000	0
450	A	1.00000	0	0.00000	0
451	D	1.00000	0	0.00000	0
452	S	1.00000	0	0.00000	0
453	V	1.00000	0	0.00000	0
454	W	1.00000	0	0.00000	0
455	E	1.00000	0	0.00000	0
456	L	1.00000	0	0.00000	0
457	D	1.00000	0	0.00000	0
458	C	1.00000	0	0.00000	0
459	E	1.00000	0	0.00000	0
460	G	1.00000	0	0.00000	0
461	E	1.00000	0	0.00000	0
462	I	1.00000	0	0.00000	0
463	S	1.00000	0	0.00000	0
464	L	1.00000	0	0.00000	0
465	G	1.00000	0	0.00000	0
466	K	1.00000	0	0.00000	0
467	I	1.00000	0	0.00000	0
468	T	1.00000	0	0.00000	0
469	P	1.00000	0	0.00000	0
470	F	1.00000	0	0.00000	0
471	T	1.00000	0	0.00000	0
472	P	1.00000	0	0.00000	0
473	N	1.00000	0	0.00000	0
474	G	1.00000	0	0.00000	0
475	F	1.00000	0	0.00000	0
476	H	1.00000	0	0.00000	0
477	S	1.00000	0	0.00000	0
478	A	1.00000	0	0.00000	0
479	A	1.00000	0	0.00000	0
