# UNNAMED
#pos	aa	i	o	M	S
1	M	0.00000	0.95999	0.00000	0.04001
2	D	0.00000	0.95999	0.00000	0.04001
3	L	0.00000	0.95999	0.00000	0.04001
4	L	0.00000	0.95999	0.00000	0.04001
5	L	0.00000	0.95999	0.00000	0.04
6	L	0.00000	0.95999	0.00000	0.04001
7	G	0.00000	0.95999	0.00000	0.04001
8	N	0.00000	0.95999	0.00000	0.04
9	T	0.00000	0.95999	0.00000	0.04
10	S	0.00000	0.95999	0.00000	0.04001
11	L	0.00000	0.95999	0.00000	0.04001
12	G	0.00000	0.95999	0.00000	0.04001
13	S	0.00000	0.95999	0.00000	0.04
14	P	0.00000	0.95999	0.00000	0.04
15	N	0.00000	0.95999	0.00000	0.04
16	G	0.00000	0.96	0.00000	0.04
17	S	0.00000	0.96	0.00000	0.04
18	L	0.00000	0.97397	0.00000	0.02603
19	A	0.00000	0.9881	0.00000	0.0119
20	L	0.00000	0.99953	0.00000	0.00047
21	L	0.00000	0.99993	0.00000	7e-05
22	P	0.00000	0.99993	0.00000	7e-05
23	P	0.00000	0.99993	0.00000	7e-05
24	S	0.00000	0.99993	0.00000	7e-05
25	S	0.00000	0.99993	0.00000	7e-05
26	P	0.00000	0.99993	0.00000	7e-05
27	S	0.00000	0.99993	0.00000	7e-05
28	S	0.00000	0.99993	0.00000	6e-05
29	A	0.00000	0.99994	0.00000	6e-05
30	A	0.00000	1	0.00000	1e-05
31	L	0.00000	0.99999	0.00000	0
32	L	0.00000	1	0.00000	0
33	Q	0.00000	1	0.00000	0
34	P	0.00000	1	0.00000	0
35	P	0.00000	0.99998	0.00002	0
36	S	0.00000	0.9996	0.00040	0
37	P	0.00000	0.99722	0.00278	0
38	Y	0.00000	0.98368	0.01632	0
39	S	0.00000	0.97469	0.02531	0
40	P	0.00000	0.92487	0.07513	0
41	A	0.00000	0.80344	0.19656	0
42	A	0.00000	0.68468	0.31532	0
43	V	0.00000	0.55158	0.44842	0
44	A	0.00000	0.49313	0.50687	0
45	S	0.00000	0.449	0.55100	0
46	L	0.00000	0.24607	0.75393	0
47	A	0.00000	0.19193	0.80807	0
48	A	0.00000	0.12545	0.87455	0
49	L	0.00000	0.05036	0.94964	0
50	V	0.00000	0.00713	0.99287	0
51	G	0.00000	0.00236	0.99764	0
52	F	0.00000	9e-05	0.99991	0
53	I	0.00000	0	1.00000	0
54	I	0.00000	0	1.00000	0
55	V	0.00000	0	1.00000	0
56	F	0.00000	0	1.00000	0
57	T	0.00000	0	1.00000	0
58	I	0.00000	0	1.00000	0
59	V	0.00000	0	1.00000	0
60	G	0.00000	0	1.00000	0
61	N	0.00000	0	1.00000	0
62	V	0.00000	0	1.00000	0
63	L	0.00000	0	1.00000	0
64	V	0.00001	0	0.99999	0
65	V	0.00006	0	0.99994	0
66	I	0.00122	0	0.99878	0
67	A	0.06788	0	0.93212	0
68	V	0.15880	0	0.84120	0
69	L	0.40891	0	0.59109	0
70	T	0.93451	0	0.06549	0
71	S	0.99606	0	0.00394	0
72	R	0.99987	0	0.00013	0
73	A	0.99995	0	0.00005	0
74	L	0.99998	0	0.00002	0
75	R	1.00000	0	0.00000	0
76	A	1.00000	0	0.00000	0
77	P	1.00000	0	0.00000	0
78	Q	0.83465	0	0.16535	0
79	N	0.14542	0	0.85458	0
80	L	0.02370	0	0.97630	0
81	F	0.00021	0	0.99979	0
82	L	0.00000	0	1.00000	0
83	V	0.00000	0	1.00000	0
84	S	0.00000	0	1.00000	0
85	L	0.00000	0	1.00000	0
86	A	0.00000	0	1.00000	0
87	S	0.00000	0	1.00000	0
88	A	0.00000	0	1.00000	0
89	D	0.00000	0	1.00000	0
90	I	0.00000	0	1.00000	0
91	L	0.00000	0	1.00000	0
92	V	0.00000	0	1.00000	0
93	A	0.00000	0	1.00000	0
94	T	0.00000	0	1.00000	0
95	L	0.00000	0	1.00000	0
96	V	0.00000	0	1.00000	0
97	M	0.00000	0.00017	0.99983	0
98	P	0.00000	0.00374	0.99626	0
99	F	0.00000	0.03971	0.96029	0
100	S	0.00000	0.38298	0.61702	0
101	L	0.00000	0.51678	0.48322	0
102	A	0.00000	0.80708	0.19292	0
103	N	0.00000	0.99998	0.00002	0
104	E	0.00000	0.99999	0.00001	0
105	L	0.00000	0.99999	0.00001	0
106	M	0.00000	0.99999	0.00001	0
107	N	0.00000	1	0.00000	0
108	Y	0.00000	1	0.00000	0
109	W	0.00000	1	0.00000	0
110	Y	0.00000	1	0.00000	0
111	F	0.00000	1	0.00000	0
112	G	0.00000	1	0.00000	0
113	K	0.00000	1	0.00000	0
114	V	0.00000	1	0.00000	0
115	W	0.00000	1	0.00000	0
116	C	0.00000	1	0.00000	0
117	N	0.00000	1	0.00000	0
118	I	0.00000	0.99909	0.00091	0
119	Y	0.00000	0.8727	0.12730	0
120	L	0.00000	0.42231	0.57769	0
121	A	0.00000	0.25569	0.74431	0
122	L	0.00000	0.00649	0.99351	0
123	D	0.00000	0.00258	0.99742	0
124	V	0.00000	4e-05	0.99996	0
125	L	0.00000	0	1.00000	0
126	F	0.00000	0	1.00000	0
127	C	0.00000	0	1.00000	0
128	T	0.00000	0	1.00000	0
129	S	0.00000	0	1.00000	0
130	S	0.00000	0	1.00000	0
131	I	0.00000	0	1.00000	0
132	V	0.00000	0	1.00000	0
133	H	0.00000	0	1.00000	0
134	L	0.00000	0	1.00000	0
135	C	0.00000	0	1.00000	0
136	A	0.00000	0	1.00000	0
137	I	0.00000	0	1.00000	0
138	S	0.00000	0	1.00000	0
139	L	0.00000	0	1.00000	0
140	D	0.00000	0	1.00000	0
141	R	0.00254	0	0.99746	0
142	Y	0.02206	0	0.97794	0
143	W	0.03940	0	0.96060	0
144	S	0.40342	0	0.59658	0
145	V	0.99998	0	0.00002	0
146	T	1.00000	0	0.00000	0
147	Q	1.00000	0	0.00000	0
148	A	1.00000	0	0.00000	0
149	V	1.00000	0	0.00000	0
150	E	1.00000	0	0.00000	0
151	Y	1.00000	0	0.00000	0
152	N	1.00000	0	0.00000	0
153	L	1.00000	0	0.00000	0
154	K	1.00000	0	0.00000	0
155	R	1.00000	0	0.00000	0
156	T	1.00000	0	0.00000	0
157	P	1.00000	0	0.00000	0
158	R	0.99998	0	0.00002	0
159	R	0.99513	0	0.00487	0
160	I	0.73379	0	0.26621	0
161	K	0.70829	0	0.29171	0
162	A	0.27076	0	0.72924	0
163	I	0.00252	0	0.99748	0
164	I	0.00000	0	1.00000	0
165	V	0.00000	0	1.00000	0
166	T	0.00000	0	1.00000	0
167	V	0.00000	0	1.00000	0
168	W	0.00000	0	1.00000	0
169	L	0.00000	0	1.00000	0
170	I	0.00000	0	1.00000	0
171	S	0.00000	0	1.00000	0
172	A	0.00000	0	1.00000	0
173	V	0.00000	0	1.00000	0
174	I	0.00000	0	1.00000	0
175	S	0.00000	0	1.00000	0
176	F	0.00000	0	1.00000	0
177	P	0.00000	0	1.00000	0
178	P	0.00000	2e-05	0.99998	0
179	L	0.00000	0.00017	0.99983	0
180	I	0.00000	0.00629	0.99371	0
181	S	0.00000	0.07372	0.92628	0
182	M	0.00000	0.104	0.89600	0
183	Y	0.00000	0.42464	0.57536	0
184	R	0.00000	0.98704	0.01296	0
185	D	0.00000	0.99999	0.00001	0
186	P	0.00000	1	0.00000	0
187	E	0.00000	1	0.00000	0
188	G	0.00000	1	0.00000	0
189	D	0.00000	1	0.00000	0
190	V	0.00000	1	0.00000	0
191	F	0.00000	1	0.00000	0
192	P	0.00000	1	0.00000	0
193	Q	0.00000	1	0.00000	0
194	C	0.00000	1	0.00000	0
195	K	0.00000	1	0.00000	0
196	L	0.00000	1	0.00000	0
197	N	0.00000	1	0.00000	0
198	D	0.00000	1	0.00000	0
199	E	0.00000	0.99988	0.00012	0
200	T	0.00000	0.73048	0.26952	0
201	W	0.00000	0.1586	0.84140	0
202	Y	0.00000	0.00526	0.99474	0
203	I	0.00000	0.00267	0.99733	0
204	L	0.00000	0.00083	0.99917	0
205	S	0.00000	7e-05	0.99993	0
206	S	0.00000	5e-05	0.99995	0
207	C	0.00000	4e-05	0.99996	0
208	I	0.00000	1e-05	0.99999	0
209	V	0.00000	0	1.00000	0
210	S	0.00000	0	1.00000	0
211	F	0.00000	0	1.00000	0
212	F	0.00000	0	1.00000	0
213	A	0.00000	0	1.00000	0
214	P	0.00000	0	1.00000	0
215	C	0.00000	0	1.00000	0
216	L	0.00000	0	1.00000	0
217	I	0.00000	0	1.00000	0
218	M	0.00000	0	1.00000	0
219	V	0.00000	0	1.00000	0
220	L	0.00000	0	1.00000	0
221	V	0.00002	0	0.99998	0
222	Y	0.00068	0	0.99932	0
223	I	0.01761	0	0.98239	0
224	R	0.28716	0	0.71284	0
225	I	0.30911	0	0.69089	0
226	Y	0.43337	0	0.56663	0
227	R	0.98975	0	0.01025	0
228	V	0.99358	0	0.00642	0
229	A	0.99995	0	0.00005	0
230	K	0.99999	0	0.00001	0
231	L	1.00000	0	0.00000	0
232	R	1.00000	0	0.00000	0
233	T	1.00000	0	0.00000	0
234	R	1.00000	0	0.00000	0
235	T	1.00000	0	0.00000	0
236	L	1.00000	0	0.00000	0
237	S	1.00000	0	0.00000	0
238	E	1.00000	0	0.00000	0
239	K	1.00000	0	0.00000	0
240	R	1.00000	0	0.00000	0
241	T	1.00000	0	0.00000	0
242	M	1.00000	0	0.00000	0
243	P	1.00000	0	0.00000	0
244	E	1.00000	0	0.00000	0
245	G	1.00000	0	0.00000	0
246	S	1.00000	0	0.00000	0
247	S	1.00000	0	0.00000	0
248	Q	1.00000	0	0.00000	0
249	T	1.00000	0	0.00000	0
250	E	1.00000	0	0.00000	0
251	N	1.00000	0	0.00000	0
252	G	1.00000	0	0.00000	0
253	L	1.00000	0	0.00000	0
254	S	1.00000	0	0.00000	0
255	R	1.00000	0	0.00000	0
256	A	1.00000	0	0.00000	0
257	A	1.00000	0	0.00000	0
258	G	1.00000	0	0.00000	0
259	G	1.00000	0	0.00000	0
260	C	1.00000	0	0.00000	0
261	T	1.00000	0	0.00000	0
262	S	1.00000	0	0.00000	0
263	L	1.00000	0	0.00000	0
264	R	1.00000	0	0.00000	0
265	M	1.00000	0	0.00000	0
266	Q	1.00000	0	0.00000	0
267	L	1.00000	0	0.00000	0
268	G	1.00000	0	0.00000	0
269	E	1.00000	0	0.00000	0
270	N	1.00000	0	0.00000	0
271	G	1.00000	0	0.00000	0
272	H	1.00000	0	0.00000	0
273	Y	1.00000	0	0.00000	0
274	S	1.00000	0	0.00000	0
275	V	1.00000	0	0.00000	0
276	H	1.00000	0	0.00000	0
277	H	1.00000	0	0.00000	0
278	W	1.00000	0	0.00000	0
279	R	1.00000	0	0.00000	0
280	K	1.00000	0	0.00000	0
281	A	1.00000	0	0.00000	0
282	S	1.00000	0	0.00000	0
283	E	1.00000	0	0.00000	0
284	L	1.00000	0	0.00000	0
285	E	1.00000	0	0.00000	0
286	D	1.00000	0	0.00000	0
287	I	1.00000	0	0.00000	0
288	E	1.00000	0	0.00000	0
289	L	1.00000	0	0.00000	0
290	E	1.00000	0	0.00000	0
291	E	1.00000	0	0.00000	0
292	S	1.00000	0	0.00000	0
293	S	1.00000	0	0.00000	0
294	T	1.00000	0	0.00000	0
295	S	1.00000	0	0.00000	0
296	E	1.00000	0	0.00000	0
297	S	1.00000	0	0.00000	0
298	R	1.00000	0	0.00000	0
299	R	1.00000	0	0.00000	0
300	R	1.00000	0	0.00000	0
301	R	1.00000	0	0.00000	0
302	S	1.00000	0	0.00000	0
303	R	1.00000	0	0.00000	0
304	E	1.00000	0	0.00000	0
305	E	1.00000	0	0.00000	0
306	H	1.00000	0	0.00000	0
307	P	1.00000	0	0.00000	0
308	R	1.00000	0	0.00000	0
309	K	1.00000	0	0.00000	0
310	S	1.00000	0	0.00000	0
311	S	1.00000	0	0.00000	0
312	K	1.00000	0	0.00000	0
313	S	1.00000	0	0.00000	0
314	Q	1.00000	0	0.00000	0
315	S	1.00000	0	0.00000	0
316	F	1.00000	0	0.00000	0
317	S	1.00000	0	0.00000	0
318	Y	1.00000	0	0.00000	0
319	S	1.00000	0	0.00000	0
320	Y	1.00000	0	0.00000	0
321	S	1.00000	0	0.00000	0
322	S	1.00000	0	0.00000	0
323	K	1.00000	0	0.00000	0
324	H	1.00000	0	0.00000	0
325	S	1.00000	0	0.00000	0
326	S	1.00000	0	0.00000	0
327	S	1.00000	0	0.00000	0
328	R	1.00000	0	0.00000	0
329	L	1.00000	0	0.00000	0
330	S	1.00000	0	0.00000	0
331	R	1.00000	0	0.00000	0
332	S	1.00000	0	0.00000	0
333	S	1.00000	0	0.00000	0
334	N	1.00000	0	0.00000	0
335	R	1.00000	0	0.00000	0
336	S	1.00000	0	0.00000	0
337	M	1.00000	0	0.00000	0
338	E	1.00000	0	0.00000	0
339	F	1.00000	0	0.00000	0
340	F	1.00000	0	0.00000	0
341	S	1.00000	0	0.00000	0
342	Y	1.00000	0	0.00000	0
343	R	1.00000	0	0.00000	0
344	R	1.00000	0	0.00000	0
345	R	1.00000	0	0.00000	0
346	R	1.00000	0	0.00000	0
347	K	1.00000	0	0.00000	0
348	R	1.00000	0	0.00000	0
349	S	1.00000	0	0.00000	0
350	S	1.00000	0	0.00000	0
351	I	1.00000	0	0.00000	0
352	C	1.00000	0	0.00000	0
353	R	1.00000	0	0.00000	0
354	K	1.00000	0	0.00000	0
355	K	1.00000	0	0.00000	0
356	V	1.00000	0	0.00000	0
357	T	1.00000	0	0.00000	0
358	Q	1.00000	0	0.00000	0
359	A	1.00000	0	0.00000	0
360	R	1.00000	0	0.00000	0
361	E	1.00000	0	0.00000	0
362	K	0.96446	0	0.03554	0
363	R	0.96299	0	0.03701	0
364	F	0.68518	0	0.31482	0
365	T	0.44969	0	0.55031	0
366	F	0.16919	0	0.83081	0
367	V	0.07851	0	0.92149	0
368	L	0.00094	0	0.99906	0
369	A	0.00002	0	0.99998	0
370	V	0.00001	0	0.99999	0
371	V	0.00000	0	1.00000	0
372	M	0.00000	0	1.00000	0
373	G	0.00000	0	1.00000	0
374	V	0.00000	0	1.00000	0
375	F	0.00000	0	1.00000	0
376	V	0.00000	0	1.00000	0
377	V	0.00000	0	1.00000	0
378	C	0.00000	0	1.00000	0
379	W	0.00000	0	1.00000	0
380	F	0.00000	0	1.00000	0
381	P	0.00000	0	1.00000	0
382	F	0.00000	0	1.00000	0
383	F	0.00000	1e-05	0.99999	0
384	F	0.00000	0.00144	0.99856	0
385	S	0.00000	0.02167	0.97833	0
386	Y	0.00000	0.04226	0.95774	0
387	S	0.00000	0.13387	0.86613	0
388	L	0.00000	0.19238	0.80762	0
389	Y	0.00000	0.47793	0.52207	0
390	G	0.00000	0.78288	0.21712	0
391	I	0.00000	0.89925	0.10075	0
392	C	0.00000	0.98999	0.01001	0
393	R	0.00000	0.9997	0.00030	0
394	E	0.00000	0.99999	0.00001	0
395	A	0.00000	1	0.00000	0
396	C	0.00000	1	0.00000	0
397	E	0.00000	1	0.00000	0
398	V	0.00000	1	0.00000	0
399	P	0.00000	1	0.00000	0
400	E	0.00000	0.99856	0.00144	0
401	T	0.00000	0.98818	0.01182	0
402	L	0.00000	0.96325	0.03675	0
403	F	0.00000	0.95631	0.04369	0
404	K	0.00000	0.73971	0.26029	0
405	F	0.00000	0.00762	0.99238	0
406	F	0.00000	0.00049	0.99951	0
407	F	0.00000	1e-05	0.99999	0
408	W	0.00000	0	1.00000	0
409	I	0.00000	0	1.00000	0
410	G	0.00000	0	1.00000	0
411	Y	0.00000	0	1.00000	0
412	C	0.00000	0	1.00000	0
413	N	0.00000	0	1.00000	0
414	S	0.00000	0	1.00000	0
415	S	0.00000	0	1.00000	0
416	L	0.00000	0	1.00000	0
417	N	0.00000	0	1.00000	0
418	P	0.00000	0	1.00000	0
419	V	0.00000	0	1.00000	0
420	I	0.00000	0	1.00000	0
421	Y	0.00000	0	1.00000	0
422	T	0.00002	0	0.99998	0
423	I	0.00029	0	0.99971	0
424	F	0.01976	0	0.98024	0
425	N	0.42064	0	0.57936	0
426	Q	0.96785	0	0.03215	0
427	D	0.99140	0	0.00860	0
428	F	0.99601	0	0.00399	0
429	R	1.00000	0	0.00000	0
430	R	1.00000	0	0.00000	0
431	S	1.00000	0	0.00000	0
432	F	1.00000	0	0.00000	0
433	K	1.00000	0	0.00000	0
434	H	1.00000	0	0.00000	0
435	I	1.00000	0	0.00000	0
436	L	1.00000	0	0.00000	0
437	F	1.00000	0	0.00000	0
438	K	1.00000	0	0.00000	0
439	K	1.00000	0	0.00000	0
440	K	1.00000	0	0.00000	0
441	K	1.00000	0	0.00000	0
442	K	1.00000	0	0.00000	0
443	N	1.00000	0	0.00000	0
444	F	1.00000	0	0.00000	0
445	R	1.00000	0	0.00000	0
446	H	1.00000	0	0.00000	0
