# UNNAMED
#pos	aa	i	o	M	S
1	M	0.00000	0.99985	0.00000	0.00015
2	N	0.00000	0.99985	0.00000	0.00015
3	S	0.00000	0.99985	0.00000	0.00015
4	P	0.00000	0.99985	0.00000	0.00015
5	D	0.00000	0.99985	0.00000	0.00015
6	Q	0.00000	0.99985	0.00000	0.00015
7	W	0.00000	0.99985	0.00000	0.00015
8	S	0.00000	0.99985	0.00000	0.00015
9	P	0.00000	0.99985	0.00000	0.00015
10	P	0.00000	0.99985	0.00000	0.00015
11	E	0.00000	0.99985	0.00000	0.00015
12	V	0.00000	0.99985	0.00000	0.00015
13	E	0.00000	0.99985	0.00000	0.00015
14	F	0.00000	0.99985	0.00000	0.00015
15	C	0.00000	0.99985	0.00000	0.00015
16	F	0.00000	0.99985	0.00000	0.00015
17	A	0.00000	0.99985	0.00000	0.00015
18	S	0.00000	1	0.00000	0
19	V	0.00000	1	0.00000	0
20	N	0.00000	1	0.00000	0
21	N	0.00000	1	0.00000	0
22	S	0.00000	1	0.00000	0
23	C	0.00000	1	0.00000	0
24	P	0.00000	1	0.00000	0
25	R	0.00000	1	0.00000	0
26	N	0.00000	1	0.00000	0
27	M	0.00000	1	0.00000	0
28	R	0.00000	1	0.00000	0
29	S	0.00000	0.99999	0.00001	0
30	M	0.00000	0.99996	0.00004	0
31	L	0.00000	0.99968	0.00032	0
32	S	0.00000	0.99952	0.00048	0
33	V	0.00000	0.95981	0.04019	0
34	S	0.00000	0.92597	0.07403	0
35	T	0.00000	0.7644	0.23560	0
36	M	0.00000	0.67851	0.32149	0
37	Y	0.00000	0.08666	0.91334	0
38	F	0.00000	0.02554	0.97446	0
39	V	0.00000	0.01533	0.98467	0
40	M	0.00000	0.01046	0.98954	0
41	I	0.00000	0.00079	0.99921	0
42	S	0.00000	0.00047	0.99953	0
43	A	0.00000	2e-05	0.99998	0
44	I	0.00000	0	1.00000	0
45	V	0.00000	0	1.00000	0
46	M	0.00000	0	1.00000	0
47	T	0.00000	0	1.00000	0
48	M	0.00000	0	1.00000	0
49	L	0.00000	0	1.00000	0
50	G	0.00000	0	1.00000	0
51	N	0.00000	0	1.00000	0
52	M	0.00000	0	1.00000	0
53	F	0.00000	0	1.00000	0
54	V	0.00000	0	1.00000	0
55	I	0.00001	0	0.99999	0
56	I	0.00102	0	0.99898	0
57	S	0.13555	0	0.86445	0
58	I	0.16679	0	0.83321	0
59	A	0.43184	0	0.56816	0
60	H	0.74812	0	0.25188	0
61	F	0.83286	0	0.16714	0
62	K	0.99461	0	0.00539	0
63	Q	0.99996	0	0.00004	0
64	L	0.99998	0	0.00002	0
65	H	1.00000	0	0.00000	0
66	S	1.00000	0	0.00000	0
67	P	1.00000	0	0.00000	0
68	T	0.95711	0	0.04289	0
69	N	0.21769	0	0.78231	0
70	F	0.05704	0	0.94296	0
71	L	0.00096	0	0.99904	0
72	I	0.00001	0	0.99999	0
73	L	0.00000	0	1.00000	0
74	S	0.00000	0	1.00000	0
75	M	0.00000	0	1.00000	0
76	A	0.00000	0	1.00000	0
77	T	0.00000	0	1.00000	0
78	T	0.00000	0	1.00000	0
79	D	0.00000	0	1.00000	0
80	F	0.00000	0	1.00000	0
81	L	0.00000	0	1.00000	0
82	L	0.00000	0	1.00000	0
83	S	0.00000	0	1.00000	0
84	C	0.00000	0	1.00000	0
85	V	0.00000	0	1.00000	0
86	V	0.00000	0	1.00000	0
87	M	0.00000	0	1.00000	0
88	P	0.00000	0	1.00000	0
89	F	0.00000	0.00011	0.99989	0
90	S	0.00000	0.29558	0.70442	0
91	M	0.00000	0.35547	0.64453	0
92	I	0.00000	0.57096	0.42904	0
93	R	0.00000	0.9999	0.00010	0
94	S	0.00000	0.99995	0.00005	0
95	I	0.00000	0.99996	0.00004	0
96	E	0.00000	1	0.00000	0
97	S	0.00000	1	0.00000	0
98	C	0.00000	1	0.00000	0
99	R	0.00000	1	0.00000	0
100	Y	0.00000	1	0.00000	0
101	F	0.00000	1	0.00000	0
102	G	0.00000	1	0.00000	0
103	D	0.00000	1	0.00000	0
104	L	0.00000	0.99999	0.00001	0
105	F	0.00000	0.99993	0.00007	0
106	C	0.00000	0.99992	0.00008	0
107	K	0.00000	0.99989	0.00011	0
108	L	0.00000	0.99426	0.00574	0
109	H	0.00000	0.48459	0.51541	0
110	S	0.00000	0.31293	0.68707	0
111	S	0.00000	0.13615	0.86385	0
112	F	0.00000	0.00033	0.99967	0
113	D	0.00000	6e-05	0.99994	0
114	M	0.00000	0	1.00000	0
115	M	0.00000	0	1.00000	0
116	L	0.00000	0	1.00000	0
117	C	0.00000	0	1.00000	0
118	T	0.00000	0	1.00000	0
119	T	0.00000	0	1.00000	0
120	S	0.00000	0	1.00000	0
121	I	0.00000	0	1.00000	0
122	F	0.00000	0	1.00000	0
123	H	0.00000	0	1.00000	0
124	L	0.00000	0	1.00000	0
125	C	0.00000	0	1.00000	0
126	F	0.00000	0	1.00000	0
127	I	0.00000	0	1.00000	0
128	S	0.00001	0	0.99999	0
129	V	0.00002	0	0.99998	0
130	D	0.00018	0	0.99982	0
131	R	0.14915	0	0.85085	0
132	Y	0.91187	0	0.08813	0
133	Y	0.97315	0	0.02685	0
134	A	0.99559	0	0.00441	0
135	V	1.00000	0	0.00000	0
136	C	1.00000	0	0.00000	0
137	D	1.00000	0	0.00000	0
138	P	1.00000	0	0.00000	0
139	L	1.00000	0	0.00000	0
140	H	1.00000	0	0.00000	0
141	Y	1.00000	0	0.00000	0
142	V	1.00000	0	0.00000	0
143	T	0.99999	0	0.00001	0
144	K	0.99997	0	0.00003	0
145	I	0.98814	0	0.01186	0
146	T	0.98203	0	0.01797	0
147	I	0.92620	0	0.07380	0
148	P	0.89191	0	0.10809	0
149	V	0.07577	0	0.92423	0
150	I	0.01170	0	0.98830	0
151	E	0.00736	0	0.99264	0
152	V	0.00026	0	0.99974	0
153	F	0.00003	0	0.99997	0
154	L	0.00000	0	1.00000	0
155	L	0.00000	0	1.00000	0
156	I	0.00000	0	1.00000	0
157	S	0.00000	0	1.00000	0
158	W	0.00000	0	1.00000	0
159	S	0.00000	0	1.00000	0
160	V	0.00000	0	1.00000	0
161	P	0.00000	0	1.00000	0
162	I	0.00000	0	1.00000	0
163	L	0.00000	0	1.00000	0
164	F	0.00000	0	1.00000	0
165	A	0.00000	0.0003	0.99970	0
166	Y	0.00000	0.00307	0.99693	0
167	G	0.00000	0.01459	0.98541	0
168	L	0.00000	0.0207	0.97930	0
169	V	0.00000	0.0718	0.92820	0
170	F	0.00000	0.28779	0.71221	0
171	S	0.00000	0.94457	0.05543	0
172	E	0.00000	0.99483	0.00517	0
173	L	0.00000	0.99637	0.00363	0
174	N	0.00000	0.99942	0.00058	0
175	L	0.00000	0.9996	0.00040	0
176	I	0.00000	0.9998	0.00020	0
177	G	0.00000	0.99999	0.00001	0
178	A	0.00000	1	0.00000	0
179	E	0.00000	1	0.00000	0
180	D	0.00000	1	0.00000	0
181	F	0.00000	1	0.00000	0
182	V	0.00000	1	0.00000	0
183	A	0.00000	1	0.00000	0
184	A	0.00000	1	0.00000	0
185	I	0.00000	1	0.00000	0
186	S	0.00000	1	0.00000	0
187	C	0.00000	1	0.00000	0
188	T	0.00000	1	0.00000	0
189	G	0.00000	1	0.00000	0
190	L	0.00000	1	0.00000	0
191	C	0.00000	0.9999	0.00010	0
192	M	0.00000	0.86279	0.13721	0
193	L	0.00000	0.86273	0.13727	0
194	V	0.00000	0.86239	0.13761	0
195	F	0.00000	0.85988	0.14012	0
196	N	0.00000	0.85979	0.14021	0
197	K	0.00000	0.85957	0.14043	0
198	L	0.00000	0.66684	0.33316	0
199	W	0.00000	0.12002	0.87998	0
200	G	0.00000	0.05419	0.94581	0
201	V	0.00000	0.02165	0.97835	0
202	L	0.00000	0.00121	0.99879	0
203	A	0.00000	0.00019	0.99981	0
204	S	0.00000	7e-05	0.99993	0
205	V	0.00000	5e-05	0.99995	0
206	I	0.00000	0	1.00000	0
207	A	0.00000	0	1.00000	0
208	F	0.00000	0	1.00000	0
209	F	0.00000	0	1.00000	0
210	L	0.00000	0	1.00000	0
211	P	0.00000	0	1.00000	0
212	G	0.00000	0	1.00000	0
213	T	0.00000	0	1.00000	0
214	V	0.00000	0	1.00000	0
215	M	0.00003	0	0.99997	0
216	V	0.00008	0	0.99992	0
217	G	0.00319	0	0.99681	0
218	I	0.00604	0	0.99396	0
219	Y	0.02048	0	0.97952	0
220	V	0.05380	0	0.94620	0
221	H	0.11149	0	0.88851	0
222	I	0.12140	0	0.87860	0
223	F	0.22412	0	0.77588	0
224	T	0.88874	0	0.11126	0
225	V	0.92187	0	0.07813	0
226	A	0.99787	0	0.00213	0
227	R	0.99994	0	0.00006	0
228	K	0.99999	0	0.00001	0
229	H	1.00000	0	0.00000	0
230	A	1.00000	0	0.00000	0
231	K	1.00000	0	0.00000	0
232	Q	1.00000	0	0.00000	0
233	I	1.00000	0	0.00000	0
234	G	1.00000	0	0.00000	0
235	A	1.00000	0	0.00000	0
236	G	1.00000	0	0.00000	0
237	P	1.00000	0	0.00000	0
238	T	1.00000	0	0.00000	0
239	V	1.00000	0	0.00000	0
240	K	1.00000	0	0.00000	0
241	Q	1.00000	0	0.00000	0
242	A	1.00000	0	0.00000	0
243	G	1.00000	0	0.00000	0
244	S	1.00000	0	0.00000	0
245	E	1.00000	0	0.00000	0
246	S	1.00000	0	0.00000	0
247	K	1.00000	0	0.00000	0
248	M	1.00000	0	0.00000	0
249	K	1.00000	0	0.00000	0
250	A	1.00000	0	0.00000	0
251	S	1.00000	0	0.00000	0
252	S	1.00000	0	0.00000	0
253	K	1.00000	0	0.00000	0
254	K	1.00000	0	0.00000	0
255	E	1.00000	0	0.00000	0
256	S	0.98723	0	0.01277	0
257	K	0.98615	0	0.01385	0
258	A	0.45522	0	0.54478	0
259	T	0.45214	0	0.54786	0
260	K	0.37632	0	0.62368	0
261	T	0.25294	0	0.74706	0
262	L	0.00150	0	0.99850	0
263	S	0.00023	0	0.99977	0
264	I	0.00013	0	0.99987	0
265	V	0.00001	0	0.99999	0
266	M	0.00001	0	0.99999	0
267	G	0.00000	0	1.00000	0
268	V	0.00000	0	1.00000	0
269	F	0.00000	0	1.00000	0
270	V	0.00000	0	1.00000	0
271	L	0.00000	0	1.00000	0
272	C	0.00000	0	1.00000	0
273	W	0.00000	0	1.00000	0
274	L	0.00000	0	1.00000	0
275	P	0.00000	0	1.00000	0
276	F	0.00000	0	1.00000	0
277	F	0.00000	0	1.00000	0
278	L	0.00000	0.00018	0.99982	0
279	M	0.00000	0.00338	0.99662	0
280	T	0.00000	0.04703	0.95297	0
281	I	0.00000	0.13651	0.86349	0
282	T	0.00000	0.58669	0.41331	0
283	D	0.00000	0.98392	0.01608	0
284	P	0.00000	0.98541	0.01459	0
285	F	0.00000	0.98579	0.01421	0
286	V	0.00000	0.98778	0.01222	0
287	N	0.00000	0.9926	0.00740	0
288	F	0.00000	0.99305	0.00695	0
289	S	0.00000	0.99721	0.00279	0
290	T	0.00000	0.99941	0.00059	0
291	P	0.00000	0.99992	0.00008	0
292	E	0.00000	0.99999	0.00001	0
293	D	0.00000	0.99997	0.00003	0
294	L	0.00000	0.9988	0.00120	0
295	Y	0.00000	0.99812	0.00188	0
296	N	0.00000	0.82663	0.17337	0
297	A	0.00000	0.06259	0.93741	0
298	F	0.00000	0.0152	0.98480	0
299	L	0.00000	0.00143	0.99857	0
300	W	0.00000	9e-05	0.99991	0
301	L	0.00000	0	1.00000	0
302	G	0.00000	0	1.00000	0
303	Y	0.00000	0	1.00000	0
304	F	0.00000	0	1.00000	0
305	N	0.00000	0	1.00000	0
306	S	0.00000	0	1.00000	0
307	T	0.00000	0	1.00000	0
308	F	0.00000	0	1.00000	0
309	N	0.00000	0	1.00000	0
310	P	0.00000	0	1.00000	0
311	I	0.00000	0	1.00000	0
312	I	0.00000	0	1.00000	0
313	Y	0.00000	0	1.00000	0
314	G	0.00001	0	0.99999	0
315	M	0.00018	0	0.99982	0
316	F	0.00404	0	0.99596	0
317	Y	0.04462	0	0.95538	0
318	P	0.26527	0	0.73473	0
319	W	0.45440	0	0.54560	0
320	F	0.90396	0	0.09604	0
321	R	1.00000	0	0.00000	0
322	K	1.00000	0	0.00000	0
323	A	1.00000	0	0.00000	0
324	L	1.00000	0	0.00000	0
325	R	1.00000	0	0.00000	0
326	M	1.00000	0	0.00000	0
327	I	1.00000	0	0.00000	0
328	I	1.00000	0	0.00000	0
329	T	1.00000	0	0.00000	0
330	G	1.00000	0	0.00000	0
331	M	1.00000	0	0.00000	0
332	I	1.00000	0	0.00000	0
333	F	1.00000	0	0.00000	0
334	R	1.00000	0	0.00000	0
335	P	1.00000	0	0.00000	0
336	D	1.00000	0	0.00000	0
337	S	1.00000	0	0.00000	0
338	S	1.00000	0	0.00000	0
339	T	1.00000	0	0.00000	0
340	L	1.00000	0	0.00000	0
341	S	1.00000	0	0.00000	0
342	L	1.00000	0	0.00000	0
343	F	1.00000	0	0.00000	0
344	P	1.00000	0	0.00000	0
345	A	1.00000	0	0.00000	0
346	H	1.00000	0	0.00000	0
347	A	1.00000	0	0.00000	0
