# UNNAMED
#pos	aa	i	o	M	S
1	M	0.00000	0.99999	0.00000	1e-05
2	V	0.00000	0.99999	0.00000	1e-05
3	P	0.00000	0.99999	0.00000	1e-05
4	A	0.00000	0.99999	0.00000	1e-05
5	E	0.00000	0.99999	0.00000	1e-05
6	N	0.00000	0.99999	0.00000	1e-05
7	M	0.00000	0.99999	0.00000	1e-05
8	T	0.00000	0.99999	0.00000	1e-05
9	I	0.00000	0.99999	0.00000	1e-05
10	F	0.00000	0.99999	0.00000	1e-05
11	S	0.00000	0.99999	0.00000	1e-05
12	L	0.00000	0.99999	0.00000	1e-05
13	E	0.00000	0.99999	0.00000	1e-05
14	D	0.00000	0.99999	0.00000	1e-05
15	A	0.00000	0.99999	0.00000	1e-05
16	C	0.00000	0.99999	0.00000	1e-05
17	F	0.00000	0.99999	0.00000	1e-05
18	N	0.00000	0.99999	0.00000	1e-05
19	C	0.00000	0.99999	0.00000	1e-05
20	S	0.00000	0.99999	0.00000	1e-05
21	S	0.00000	1	0.00000	0
22	S	0.00000	1	0.00000	0
23	T	0.00000	1	0.00000	0
24	H	0.00000	1	0.00000	0
25	M	0.00000	1	0.00000	0
26	D	0.00000	1	0.00000	0
27	V	0.00000	1	0.00000	0
28	D	0.00000	1	0.00000	0
29	V	0.00000	0.9893	0.01070	0
30	A	0.00000	0.98153	0.01847	0
31	K	0.00000	0.97414	0.02586	0
32	A	0.00000	0.74858	0.25142	0
33	V	0.00000	0.43623	0.56377	0
34	V	0.00000	0.26524	0.73476	0
35	L	0.00000	0.22103	0.77897	0
36	G	0.00000	0.18568	0.81432	0
37	V	0.00000	0.10496	0.89504	0
38	V	0.00000	0.05875	0.94125	0
39	M	0.00000	0.04441	0.95559	0
40	V	0.00000	0.01073	0.98927	0
41	V	0.00000	0.00058	0.99942	0
42	F	0.00000	4e-05	0.99996	0
43	V	0.00000	0	1.00000	0
44	V	0.00000	0	1.00000	0
45	F	0.00000	0	1.00000	0
46	G	0.00000	0	1.00000	0
47	V	0.00000	0	1.00000	0
48	F	0.00000	0	1.00000	0
49	G	0.00000	0	1.00000	0
50	N	0.00000	0	1.00000	0
51	I	0.00000	0	1.00000	0
52	L	0.00000	0	1.00000	0
53	V	0.00001	0	0.99999	0
54	I	0.00011	0	0.99989	0
55	L	0.00814	0	0.99186	0
56	S	0.22145	0	0.77855	0
57	V	0.25361	0	0.74639	0
58	L	0.35041	0	0.64959	0
59	L	0.55883	0	0.44117	0
60	H	0.82920	0	0.17080	0
61	H	0.91987	0	0.08013	0
62	Q	0.99899	0	0.00101	0
63	W	0.99975	0	0.00025	0
64	R	1.00000	0	0.00000	0
65	S	0.99749	0	0.00251	0
66	V	0.95445	0	0.04555	0
67	T	0.79752	0	0.20248	0
68	H	0.59722	0	0.40278	0
69	Y	0.19440	0	0.80560	0
70	F	0.00198	0	0.99802	0
71	I	0.00001	0	0.99999	0
72	A	0.00000	0	1.00000	0
73	N	0.00000	0	1.00000	0
74	L	0.00000	0	1.00000	0
75	A	0.00000	0	1.00000	0
76	A	0.00000	0	1.00000	0
77	A	0.00000	0	1.00000	0
78	D	0.00000	0	1.00000	0
79	L	0.00000	0	1.00000	0
80	L	0.00000	0	1.00000	0
81	L	0.00000	0	1.00000	0
82	S	0.00000	0	1.00000	0
83	S	0.00000	0	1.00000	0
84	A	0.00000	0	1.00000	0
85	V	0.00000	0	1.00000	0
86	L	0.00000	4e-05	0.99996	0
87	P	0.00000	0.00054	0.99946	0
88	F	0.00000	0.01093	0.98907	0
89	S	0.00000	0.37358	0.62642	0
90	A	0.00000	0.59137	0.40863	0
91	T	0.00000	0.8408	0.15920	0
92	S	0.00000	0.99996	0.00004	0
93	E	0.00000	0.99998	0.00002	0
94	A	0.00000	0.99998	0.00002	0
95	L	0.00000	0.99999	0.00001	0
96	G	0.00000	0.99999	0.00001	0
97	R	0.00000	1	0.00000	0
98	W	0.00000	1	0.00000	0
99	V	0.00000	1	0.00000	0
100	F	0.00000	1	0.00000	0
101	G	0.00000	1	0.00000	0
102	R	0.00000	1	0.00000	0
103	S	0.00000	1	0.00000	0
104	L	0.00000	1	0.00000	0
105	C	0.00000	1	0.00000	0
106	N	0.00000	0.99999	0.00001	0
107	V	0.00000	0.99902	0.00098	0
108	W	0.00000	0.90067	0.09933	0
109	A	0.00000	0.3229	0.67710	0
110	A	0.00000	0.0097	0.99030	0
111	L	0.00000	0.0001	0.99990	0
112	D	0.00000	3e-05	0.99997	0
113	V	0.00000	0	1.00000	0
114	L	0.00000	0	1.00000	0
115	C	0.00000	0	1.00000	0
116	C	0.00000	0	1.00000	0
117	T	0.00000	0	1.00000	0
118	A	0.00000	0	1.00000	0
119	S	0.00000	0	1.00000	0
120	I	0.00000	0	1.00000	0
121	L	0.00000	0	1.00000	0
122	S	0.00000	0	1.00000	0
123	L	0.00000	0	1.00000	0
124	C	0.00000	0	1.00000	0
125	V	0.00000	0	1.00000	0
126	I	0.00000	0	1.00000	0
127	S	0.00000	0	1.00000	0
128	I	0.00000	0	1.00000	0
129	D	0.00001	0	0.99999	0
130	R	0.03099	0	0.96901	0
131	F	0.16495	0	0.83505	0
132	L	0.77603	0	0.22397	0
133	A	0.97111	0	0.02889	0
134	V	0.99999	0	0.00001	0
135	S	1.00000	0	0.00000	0
136	Y	1.00000	0	0.00000	0
137	P	1.00000	0	0.00000	0
138	L	1.00000	0	0.00000	0
139	R	1.00000	0	0.00000	0
140	Y	1.00000	0	0.00000	0
141	P	1.00000	0	0.00000	0
142	A	1.00000	0	0.00000	0
143	I	1.00000	0	0.00000	0
144	A	0.99996	0	0.00004	0
145	T	0.99995	0	0.00005	0
146	G	0.99991	0	0.00009	0
147	R	0.99982	0	0.00018	0
148	R	0.99446	0	0.00554	0
149	G	0.57897	0	0.42103	0
150	L	0.06349	0	0.93651	0
151	T	0.02411	0	0.97589	0
152	A	0.00029	0	0.99971	0
153	V	0.00000	0	1.00000	0
154	A	0.00000	0	1.00000	0
155	A	0.00000	0	1.00000	0
156	L	0.00000	0	1.00000	0
157	W	0.00000	0	1.00000	0
158	G	0.00000	0	1.00000	0
159	L	0.00000	0	1.00000	0
160	S	0.00000	0	1.00000	0
161	A	0.00000	0	1.00000	0
162	A	0.00000	0	1.00000	0
163	I	0.00000	0	1.00000	0
164	S	0.00000	1e-05	0.99999	0
165	V	0.00000	1e-05	0.99999	0
166	G	0.00000	7e-05	0.99993	0
167	P	0.00000	0.00012	0.99988	0
168	L	0.00000	0.00046	0.99954	0
169	F	0.00000	0.01852	0.98148	0
170	G	0.00000	0.41094	0.58906	0
171	W	0.00000	0.61409	0.38591	0
172	K	0.00000	0.99491	0.00509	0
173	E	0.00000	0.99994	0.00006	0
174	P	0.00000	0.99999	0.00001	0
175	H	0.00000	1	0.00000	0
176	P	0.00000	1	0.00000	0
177	E	0.00000	1	0.00000	0
178	D	0.00000	1	0.00000	0
179	E	0.00000	1	0.00000	0
180	T	0.00000	1	0.00000	0
181	V	0.00000	1	0.00000	0
182	C	0.00000	1	0.00000	0
183	R	0.00000	1	0.00000	0
184	I	0.00000	1	0.00000	0
185	T	0.00000	1	0.00000	0
186	E	0.00000	1	0.00000	0
187	E	0.00000	0.99998	0.00002	0
188	P	0.00000	0.99772	0.00228	0
189	G	0.00000	0.79298	0.20702	0
190	Y	0.00000	0.67098	0.32902	0
191	A	0.00000	0.63663	0.36337	0
192	L	0.00000	0.03066	0.96934	0
193	F	0.00000	0.00103	0.99897	0
194	S	0.00000	0.00089	0.99911	0
195	A	0.00000	2e-05	0.99998	0
196	L	0.00000	1e-05	0.99999	0
197	G	0.00000	0	1.00000	0
198	S	0.00000	0	1.00000	0
199	F	0.00000	0	1.00000	0
200	Y	0.00000	0	1.00000	0
201	I	0.00000	0	1.00000	0
202	P	0.00000	0	1.00000	0
203	L	0.00000	0	1.00000	0
204	A	0.00000	0	1.00000	0
205	I	0.00000	0	1.00000	0
206	I	0.00000	0	1.00000	0
207	L	0.00000	0	1.00000	0
208	A	0.00000	0	1.00000	0
209	M	0.00000	0	1.00000	0
210	Y	0.00009	0	0.99991	0
211	C	0.00414	0	0.99586	0
212	R	0.05637	0	0.94363	0
213	V	0.06290	0	0.93710	0
214	Y	0.10791	0	0.89209	0
215	T	0.67080	0	0.32920	0
216	V	0.72417	0	0.27583	0
217	A	0.99721	0	0.00279	0
218	K	0.99994	0	0.00006	0
219	R	1.00000	0	0.00000	0
220	V	1.00000	0	0.00000	0
221	S	1.00000	0	0.00000	0
222	K	1.00000	0	0.00000	0
223	S	1.00000	0	0.00000	0
224	L	1.00000	0	0.00000	0
225	Q	1.00000	0	0.00000	0
226	E	1.00000	0	0.00000	0
227	S	1.00000	0	0.00000	0
228	Q	1.00000	0	0.00000	0
229	R	1.00000	0	0.00000	0
230	E	1.00000	0	0.00000	0
231	G	1.00000	0	0.00000	0
232	V	1.00000	0	0.00000	0
233	E	1.00000	0	0.00000	0
234	M	1.00000	0	0.00000	0
235	E	1.00000	0	0.00000	0
236	G	1.00000	0	0.00000	0
237	V	1.00000	0	0.00000	0
238	M	1.00000	0	0.00000	0
239	L	1.00000	0	0.00000	0
240	R	1.00000	0	0.00000	0
241	K	1.00000	0	0.00000	0
242	H	1.00000	0	0.00000	0
243	R	1.00000	0	0.00000	0
244	G	1.00000	0	0.00000	0
245	K	1.00000	0	0.00000	0
246	A	1.00000	0	0.00000	0
247	A	1.00000	0	0.00000	0
248	H	1.00000	0	0.00000	0
249	C	1.00000	0	0.00000	0
250	G	1.00000	0	0.00000	0
251	R	1.00000	0	0.00000	0
252	Q	1.00000	0	0.00000	0
253	E	1.00000	0	0.00000	0
254	D	1.00000	0	0.00000	0
255	E	1.00000	0	0.00000	0
256	E	1.00000	0	0.00000	0
257	E	1.00000	0	0.00000	0
258	A	1.00000	0	0.00000	0
259	T	1.00000	0	0.00000	0
260	M	1.00000	0	0.00000	0
261	H	1.00000	0	0.00000	0
262	K	1.00000	0	0.00000	0
263	R	1.00000	0	0.00000	0
264	P	1.00000	0	0.00000	0
265	S	1.00000	0	0.00000	0
266	F	1.00000	0	0.00000	0
267	P	1.00000	0	0.00000	0
268	L	1.00000	0	0.00000	0
269	P	1.00000	0	0.00000	0
270	K	1.00000	0	0.00000	0
271	L	1.00000	0	0.00000	0
272	M	1.00000	0	0.00000	0
273	K	1.00000	0	0.00000	0
274	F	1.00000	0	0.00000	0
275	S	1.00000	0	0.00000	0
276	G	1.00000	0	0.00000	0
277	E	1.00000	0	0.00000	0
278	V	0.91420	0	0.08580	0
279	K	0.91363	0	0.08637	0
280	A	0.55343	0	0.44657	0
281	A	0.55187	0	0.44813	0
282	K	0.51926	0	0.48074	0
283	T	0.43180	0	0.56820	0
284	L	0.01246	0	0.98754	0
285	G	0.00074	0	0.99926	0
286	I	0.00036	0	0.99964	0
287	V	0.00001	0	0.99999	0
288	V	0.00001	0	0.99999	0
289	G	0.00000	0	1.00000	0
290	C	0.00000	0	1.00000	0
291	F	0.00000	0	1.00000	0
292	V	0.00000	0	1.00000	0
293	L	0.00000	0	1.00000	0
294	C	0.00000	0	1.00000	0
295	W	0.00000	0	1.00000	0
296	L	0.00000	0	1.00000	0
297	P	0.00000	0	1.00000	0
298	F	0.00000	0	1.00000	0
299	F	0.00000	0	1.00000	0
300	L	0.00000	0.00028	0.99972	0
301	V	0.00000	0.00298	0.99702	0
302	L	0.00000	0.01432	0.98568	0
303	P	0.00000	0.15702	0.84298	0
304	I	0.00000	0.20155	0.79845	0
305	G	0.00000	0.33895	0.66105	0
306	S	0.00000	0.37656	0.62344	0
307	I	0.00000	0.39566	0.60434	0
308	F	0.00000	0.44892	0.55108	0
309	P	0.00000	0.84881	0.15119	0
310	S	0.00000	0.94084	0.05916	0
311	C	0.00000	0.99557	0.00443	0
312	K	0.00000	0.99997	0.00003	0
313	P	0.00000	1	0.00000	0
314	S	0.00000	1	0.00000	0
315	E	0.00000	0.99939	0.00061	0
316	T	0.00000	0.9955	0.00450	0
317	I	0.00000	0.98569	0.01431	0
318	F	0.00000	0.98159	0.01841	0
319	K	0.00000	0.84093	0.15907	0
320	I	0.00000	0.011	0.98900	0
321	T	0.00000	0.00202	0.99798	0
322	F	0.00000	3e-05	0.99997	0
323	W	0.00000	0	1.00000	0
324	L	0.00000	0	1.00000	0
325	G	0.00000	0	1.00000	0
326	Y	0.00000	0	1.00000	0
327	L	0.00000	0	1.00000	0
328	N	0.00000	0	1.00000	0
329	S	0.00000	0	1.00000	0
330	C	0.00000	0	1.00000	0
331	I	0.00000	0	1.00000	0
332	N	0.00000	0	1.00000	0
333	P	0.00000	0	1.00000	0
334	I	0.00000	0	1.00000	0
335	I	0.00000	0	1.00000	0
336	Y	0.00008	0	0.99992	0
337	P	0.00055	0	0.99945	0
338	C	0.00227	0	0.99773	0
339	F	0.01455	0	0.98545	0
340	S	0.24402	0	0.75598	0
341	Q	0.98220	0	0.01780	0
342	E	1.00000	0	0.00000	0
343	F	1.00000	0	0.00000	0
344	K	1.00000	0	0.00000	0
345	R	1.00000	0	0.00000	0
346	A	1.00000	0	0.00000	0
347	F	1.00000	0	0.00000	0
348	H	1.00000	0	0.00000	0
349	N	1.00000	0	0.00000	0
350	V	1.00000	0	0.00000	0
351	L	1.00000	0	0.00000	0
352	H	1.00000	0	0.00000	0
353	G	1.00000	0	0.00000	0
354	R	1.00000	0	0.00000	0
355	C	1.00000	0	0.00000	0
356	L	1.00000	0	0.00000	0
357	R	1.00000	0	0.00000	0
358	T	1.00000	0	0.00000	0
359	A	1.00000	0	0.00000	0
360	V	1.00000	0	0.00000	0
361	P	1.00000	0	0.00000	0
362	T	1.00000	0	0.00000	0
363	P	1.00000	0	0.00000	0
364	K	1.00000	0	0.00000	0
365	S	1.00000	0	0.00000	0
366	P	1.00000	0	0.00000	0
367	G	1.00000	0	0.00000	0
368	H	1.00000	0	0.00000	0
369	T	1.00000	0	0.00000	0
370	S	1.00000	0	0.00000	0
371	A	1.00000	0	0.00000	0
372	H	1.00000	0	0.00000	0
373	F	1.00000	0	0.00000	0
374	S	1.00000	0	0.00000	0
375	S	1.00000	0	0.00000	0
376	P	1.00000	0	0.00000	0
377	G	1.00000	0	0.00000	0
378	P	1.00000	0	0.00000	0
379	T	1.00000	0	0.00000	0
380	S	1.00000	0	0.00000	0
381	S	1.00000	0	0.00000	0
382	A	1.00000	0	0.00000	0
383	S	1.00000	0	0.00000	0
384	T	1.00000	0	0.00000	0
385	T	1.00000	0	0.00000	0
386	S	1.00000	0	0.00000	0
387	V	1.00000	0	0.00000	0
388	Q	1.00000	0	0.00000	0
389	S	1.00000	0	0.00000	0
390	H	1.00000	0	0.00000	0
391	G	1.00000	0	0.00000	0
392	P	1.00000	0	0.00000	0
393	A	1.00000	0	0.00000	0
394	S	1.00000	0	0.00000	0
395	P	1.00000	0	0.00000	0
396	W	1.00000	0	0.00000	0
397	T	1.00000	0	0.00000	0
398	C	1.00000	0	0.00000	0
399	C	1.00000	0	0.00000	0
400	R	1.00000	0	0.00000	0
401	L	1.00000	0	0.00000	0
402	L	1.00000	0	0.00000	0
403	S	1.00000	0	0.00000	0
404	T	1.00000	0	0.00000	0
405	S	1.00000	0	0.00000	0
406	S	1.00000	0	0.00000	0
407	S	1.00000	0	0.00000	0
408	S	1.00000	0	0.00000	0
409	V	1.00000	0	0.00000	0
410	S	1.00000	0	0.00000	0
411	G	1.00000	0	0.00000	0
412	L	1.00000	0	0.00000	0
413	D	1.00000	0	0.00000	0
414	Q	1.00000	0	0.00000	0
415	A	1.00000	0	0.00000	0
416	Q	1.00000	0	0.00000	0
417	N	1.00000	0	0.00000	0
418	A	1.00000	0	0.00000	0
419	P	1.00000	0	0.00000	0
420	A	1.00000	0	0.00000	0
421	Q	1.00000	0	0.00000	0
422	G	1.00000	0	0.00000	0
423	K	1.00000	0	0.00000	0
424	S	1.00000	0	0.00000	0
425	L	1.00000	0	0.00000	0
426	L	1.00000	0	0.00000	0
427	N	1.00000	0	0.00000	0
428	A	1.00000	0	0.00000	0
429	W	1.00000	0	0.00000	0
430	C	1.00000	0	0.00000	0
431	F	1.00000	0	0.00000	0
432	S	1.00000	0	0.00000	0
433	A	1.00000	0	0.00000	0
434	R	1.00000	0	0.00000	0
435	Q	1.00000	0	0.00000	0
436	T	1.00000	0	0.00000	0
437	P	1.00000	0	0.00000	0
438	I	1.00000	0	0.00000	0
439	P	1.00000	0	0.00000	0
440	Q	1.00000	0	0.00000	0
441	D	1.00000	0	0.00000	0
442	S	1.00000	0	0.00000	0
443	S	1.00000	0	0.00000	0
444	G	1.00000	0	0.00000	0
445	P	1.00000	0	0.00000	0
446	K	1.00000	0	0.00000	0
447	S	1.00000	0	0.00000	0
448	K	1.00000	0	0.00000	0
449	K	1.00000	0	0.00000	0
450	I	1.00000	0	0.00000	0
451	L	1.00000	0	0.00000	0
452	R	1.00000	0	0.00000	0
453	L	1.00000	0	0.00000	0
454	S	1.00000	0	0.00000	0
455	L	1.00000	0	0.00000	0
456	A	1.00000	0	0.00000	0
457	I	1.00000	0	0.00000	0
458	T	1.00000	0	0.00000	0
459	G	1.00000	0	0.00000	0
460	E	1.00000	0	0.00000	0
461	P	1.00000	0	0.00000	0
462	V	1.00000	0	0.00000	0
