# UNNAMED
#pos	aa	i	o	M	S
1	M	0.00000	0.99974	0.00000	0.00026
2	I	0.00000	0.99974	0.00000	0.00026
3	A	0.00000	0.99974	0.00000	0.00026
4	A	0.00000	0.45134	0.54840	0.00026
5	A	0.00000	0.21404	0.78570	0.00026
6	W	0.00000	0.03417	0.96557	0.00026
7	V	0.00000	0.01182	0.98792	0.00026
8	L	0.00000	0.01046	0.98928	0.00026
9	S	0.00000	0.00297	0.99676	0.00026
10	F	0.00000	0.00059	0.99915	0.00027
11	I	0.00000	1e-05	0.99973	0.00026
12	L	0.00000	0	0.99974	0.00026
13	W	0.00000	0	0.99974	0.00026
14	A	0.00000	0	0.99974	0.00027
15	P	0.00000	0	0.99974	0.00027
16	A	0.00000	0	0.99974	0.00027
17	I	0.00000	0	0.99974	0.00027
18	L	0.00000	0	0.99974	0.00027
19	F	0.00000	0.00021	0.99974	6e-05
20	W	0.00000	0.00021	0.99974	5e-05
21	Q	0.00000	0.00022	0.99973	5e-05
22	F	0.00002	0.00022	0.99972	5e-05
23	I	0.00178	0.00022	0.99796	4e-05
24	V	0.11208	0.00022	0.88765	5e-05
25	G	0.85352	0.00022	0.14621	5e-05
26	V	0.86590	0.00022	0.13384	5e-05
27	R	0.99088	0.00022	0.00886	5e-05
28	T	0.99528	0.00022	0.00445	5e-05
29	V	0.99622	0.00027	0.00351	0
30	K	0.99941	0.00026	0.00032	0
31	D	0.99973	0.00026	0.00000	0
32	G	0.99955	0.00026	0.00019	0
33	E	0.99247	0.00026	0.00727	0
34	C	0.71380	0.00024	0.28596	0
35	Y	0.18164	1e-05	0.81835	0
36	I	0.08602	0	0.91398	0
37	Q	0.03233	0	0.96767	0
38	F	0.00045	0	0.99955	0
39	F	0.00003	0	0.99997	0
40	S	0.00001	0	0.99999	0
41	N	0.00000	0	1.00000	0
42	A	0.00000	0	1.00000	0
43	A	0.00000	0	1.00000	0
44	V	0.00000	0	1.00000	0
45	T	0.00000	0	1.00000	0
46	F	0.00000	0	1.00000	0
47	G	0.00000	0	1.00000	0
48	T	0.00000	0	1.00000	0
49	A	0.00000	0	1.00000	0
50	I	0.00000	0	1.00000	0
51	A	0.00000	0	1.00000	0
52	A	0.00000	0	1.00000	0
53	F	0.00000	1e-05	0.99999	0
54	Y	0.00002	0.00024	0.99973	0
55	L	0.00011	0.00064	0.99925	0
56	P	0.00026	0.00188	0.99786	0
57	V	0.00026	0.00715	0.99259	0
58	I	0.00025	0.0352	0.96455	0
59	I	0.00025	0.10095	0.89879	0
60	M	0.00025	0.25298	0.74677	0
61	T	0.00025	0.99897	0.00078	0
62	V	0.00007	0.99918	0.00075	0
63	L	0.00000	0.99943	0.00057	0
64	Y	0.00000	0.99969	0.00031	0
65	W	0.00000	0.99972	0.00028	0
66	H	0.00000	0.99973	0.00027	0
67	I	0.00000	0.99974	0.00026	0
68	S	0.00000	0.99974	0.00026	0
69	R	0.00000	0.99974	0.00026	0
70	A	0.00000	0.99974	0.00026	0
71	S	0.00000	0.99974	0.00026	0
72	K	0.00000	0.99974	0.00026	0
73	S	0.00000	0.99974	0.00026	0
74	R	0.00000	0.99974	0.00026	0
75	I	0.00000	0.99974	0.00026	0
76	K	0.00000	0.99974	0.00026	0
77	K	0.00000	0.99975	0.00025	0
78	E	0.00000	0.99975	0.00025	0
79	K	0.00000	0.99975	0.00025	0
80	K	0.00000	0.99982	0.00018	0
81	E	0.00000	1	0.00000	0
82	P	0.00000	1	0.00000	0
83	V	0.00000	1	0.00000	0
84	A	0.00000	1	0.00000	0
85	N	0.00000	1	0.00000	0
86	Q	0.00000	1	0.00000	0
87	D	0.00000	1	0.00000	0
88	P	0.00000	1	0.00000	0
89	V	0.00000	1	0.00000	0
90	S	0.00000	1	0.00000	0
91	P	0.00000	0.99999	0.00001	0
92	S	0.00000	0.99969	0.00031	0
93	L	0.00000	0.25676	0.74324	0
94	V	0.00000	0.04056	0.95944	0
95	Q	0.00000	0.00611	0.99389	0
96	G	0.00000	0.0001	0.99990	0
97	R	0.00000	0	1.00000	0
98	I	0.00000	0	1.00000	0
99	V	0.00000	0	1.00000	0
100	K	0.00000	0	1.00000	0
101	P	0.00000	0	1.00000	0
102	N	0.00000	0	1.00000	0
103	N	0.00000	0	1.00000	0
104	N	0.00000	0	1.00000	0
105	N	0.00000	0	1.00000	0
106	M	0.00000	0	1.00000	0
107	P	0.00000	0	1.00000	0
108	S	0.00000	0	1.00000	0
109	S	0.00000	0	1.00000	0
110	D	0.00000	0	1.00000	0
111	D	0.00000	0	1.00000	0
112	G	0.00000	0	1.00000	0
113	L	0.00039	0	0.99961	0
114	E	0.02684	0	0.97316	0
115	H	0.99655	0	0.00345	0
116	N	1.00000	0	0.00000	0
117	K	1.00000	0	0.00000	0
118	I	1.00000	0	0.00000	0
119	Q	1.00000	0	0.00000	0
120	N	1.00000	0	0.00000	0
121	G	1.00000	0	0.00000	0
122	K	1.00000	0	0.00000	0
123	A	1.00000	0	0.00000	0
124	P	1.00000	0	0.00000	0
125	R	1.00000	0	0.00000	0
126	D	1.00000	0	0.00000	0
127	P	0.99997	0	0.00003	0
128	V	0.99558	0	0.00442	0
129	T	0.98998	0	0.01002	0
130	E	0.96009	0	0.03991	0
131	N	0.85269	0	0.14731	0
132	C	0.05101	0	0.94899	0
133	V	0.04505	0	0.95495	0
134	Q	0.03682	0	0.96318	0
135	G	0.00282	0	0.99718	0
136	E	0.00027	0	0.99973	0
137	E	0.00010	0	0.99990	0
138	K	0.00000	0	1.00000	0
139	E	0.00000	0	1.00000	0
140	S	0.00000	0	1.00000	0
141	S	0.00000	0	1.00000	0
142	N	0.00000	0	1.00000	0
143	D	0.00000	0	1.00000	0
144	S	0.00000	0	1.00000	0
145	T	0.00000	0	1.00000	0
146	S	0.00000	0	1.00000	0
147	V	0.00000	0	1.00000	0
148	S	0.00000	7e-05	0.99993	0
149	A	0.00000	0.0004	0.99960	0
150	V	0.00000	0.00277	0.99723	0
151	A	0.00000	0.02202	0.97798	0
152	S	0.00000	0.33311	0.66689	0
153	N	0.00000	0.73883	0.26117	0
154	M	0.00000	0.81132	0.18868	0
155	R	0.00000	0.99061	0.00939	0
156	D	0.00000	0.99996	0.00004	0
157	D	0.00000	1	0.00000	0
158	E	0.00000	1	0.00000	0
159	I	0.00000	1	0.00000	0
160	T	0.00000	1	0.00000	0
161	Q	0.00000	1	0.00000	0
162	D	0.00000	1	0.00000	0
163	E	0.00000	1	0.00000	0
164	N	0.00000	1	0.00000	0
165	T	0.00000	1	0.00000	0
166	V	0.00000	1	0.00000	0
167	S	0.00000	1	0.00000	0
168	T	0.00000	1	0.00000	0
169	S	0.00000	1	0.00000	0
170	L	0.00000	1	0.00000	0
171	G	0.00000	1	0.00000	0
172	H	0.00000	1	0.00000	0
173	S	0.00000	1	0.00000	0
174	K	0.00000	1	0.00000	0
175	D	0.00000	1	0.00000	0
176	E	0.00000	1	0.00000	0
177	N	0.00000	1	0.00000	0
178	S	0.00000	1	0.00000	0
179	K	0.00000	0.99993	0.00007	0
180	Q	0.00000	0.99992	0.00008	0
181	T	0.00000	0.99764	0.00236	0
182	C	0.00000	0.99732	0.00268	0
183	I	0.00000	0.39976	0.60024	0
184	K	0.00000	0.39931	0.60069	0
185	I	0.00000	0.25549	0.74451	0
186	G	0.00000	0.1442	0.85580	0
187	T	0.00000	0.14233	0.85767	0
188	K	0.00000	0.10988	0.89012	0
189	T	0.00000	0.10808	0.89192	0
190	P	0.00000	0.10794	0.89206	0
191	K	0.00000	0.10793	0.89207	0
192	S	0.00000	0.10691	0.89309	0
193	D	0.00000	0.1069	0.89310	0
194	S	0.00000	0.10525	0.89475	0
195	C	0.00000	0.10509	0.89491	0
196	T	0.00000	0.10409	0.89591	0
197	P	0.00000	0.10328	0.89672	0
198	T	0.00000	0.00793	0.99207	0
199	N	0.00000	0.00756	0.99244	0
200	T	0.00000	0.00683	0.99317	0
201	T	0.00000	0.00196	0.99804	0
202	V	0.00000	0.00055	0.99945	0
203	E	0.00019	0.00044	0.99937	0
204	V	0.00034	0	0.99966	0
205	V	0.00722	0	0.99278	0
206	G	0.19855	0	0.80145	0
207	S	0.63748	0	0.36252	0
208	S	0.78092	0	0.21908	0
209	G	0.83236	0	0.16764	0
210	Q	0.88688	0	0.11312	0
211	N	0.88902	0	0.11098	0
212	G	0.89011	0	0.10989	0
213	D	0.89268	0	0.10732	0
214	E	0.89333	0	0.10667	0
215	K	0.89391	0	0.10609	0
216	Q	0.89435	0	0.10565	0
217	N	0.89440	0	0.10560	0
218	I	0.89445	0	0.10555	0
219	V	0.89685	0	0.10315	0
220	A	0.96496	0	0.03504	0
221	R	0.98568	0	0.01432	0
222	K	0.99039	0	0.00961	0
223	I	0.99073	0	0.00927	0
224	V	0.99237	0	0.00763	0
225	K	0.99962	0	0.00038	0
226	M	0.99999	0	0.00001	0
227	T	1.00000	0	0.00000	0
228	K	1.00000	0	0.00000	0
229	Q	1.00000	0	0.00000	0
230	P	1.00000	0	0.00000	0
231	A	1.00000	0	0.00000	0
232	K	1.00000	0	0.00000	0
233	K	1.00000	0	0.00000	0
234	K	1.00000	0	0.00000	0
235	P	1.00000	0	0.00000	0
236	P	1.00000	0	0.00000	0
237	P	1.00000	0	0.00000	0
238	S	1.00000	0	0.00000	0
239	R	1.00000	0	0.00000	0
240	E	1.00000	0	0.00000	0
241	K	0.91235	0	0.08765	0
242	K	0.89714	0	0.10286	0
243	V	0.87784	0	0.12216	0
244	T	0.61480	0	0.38520	0
245	R	0.56503	0	0.43497	0
246	T	0.49742	0	0.50258	0
247	I	0.41757	0	0.58243	0
248	L	0.01080	0	0.98920	0
249	A	0.00215	0	0.99785	0
250	I	0.00088	0	0.99912	0
251	L	0.00070	0	0.99930	0
252	L	0.00003	0	0.99997	0
253	A	0.00001	0	0.99999	0
254	F	0.00000	0	1.00000	0
255	I	0.00000	0	1.00000	0
256	I	0.00000	0	1.00000	0
257	T	0.00000	0	1.00000	0
258	W	0.00000	0	1.00000	0
259	A	0.00000	0	1.00000	0
260	P	0.00000	3e-05	0.99997	0
261	Y	0.00000	0.00014	0.99986	0
262	N	0.00000	0.00077	0.99923	0
263	V	0.00000	0.00097	0.99903	0
264	M	0.00000	0.00199	0.99801	0
265	V	0.00000	0.00824	0.99176	0
266	L	0.00000	0.05643	0.94357	0
267	I	0.00000	0.13743	0.86257	0
268	N	0.00000	0.46955	0.53045	0
269	T	0.00000	0.54491	0.45509	0
270	F	0.00000	0.58444	0.41556	0
271	C	0.00000	0.87172	0.12828	0
272	A	0.00000	0.90386	0.09614	0
273	P	0.00000	0.97934	0.02066	0
274	C	0.00000	0.99408	0.00592	0
275	I	0.00000	0.99514	0.00486	0
276	P	0.00000	0.99678	0.00322	0
277	N	0.00000	0.99589	0.00411	0
278	T	0.00000	0.97797	0.02203	0
279	V	0.00000	0.97347	0.02653	0
280	W	0.00000	0.97161	0.02839	0
281	T	0.00000	0.87078	0.12922	0
282	I	0.00000	0.63705	0.36295	0
283	G	0.00000	0.61784	0.38216	0
284	Y	0.00001	0.33426	0.66573	0
285	W	0.00002	0.02878	0.97120	0
286	L	0.00002	9e-05	0.99988	0
287	C	0.00003	0	0.99997	0
288	Y	0.00003	0	0.99997	0
289	I	0.00003	0	0.99997	0
290	N	0.00003	0	0.99997	0
291	S	0.00003	0	0.99997	0
292	T	0.00003	0	0.99997	0
293	I	0.00003	0	0.99997	0
294	N	0.00003	0	0.99997	0
295	P	0.00003	0	0.99997	0
296	A	0.00003	0	0.99997	0
297	C	0.00004	0	0.99996	0
298	Y	0.00010	0	0.99990	0
299	A	0.00037	0	0.99963	0
300	L	0.00100	0	0.99900	0
301	C	0.01818	0	0.98182	0
302	N	0.08282	0	0.91718	0
303	A	0.16753	0	0.83247	0
304	T	0.21638	0	0.78362	0
305	F	0.34772	0	0.65228	0
306	K	1.00000	0	0.00000	0
307	K	1.00000	0	0.00000	0
308	T	1.00000	0	0.00000	0
309	F	1.00000	0	0.00000	0
310	K	1.00000	0	0.00000	0
311	H	1.00000	0	0.00000	0
312	L	1.00000	0	0.00000	0
313	L	1.00000	0	0.00000	0
314	M	1.00000	0	0.00000	0
315	C	1.00000	0	0.00000	0
316	H	1.00000	0	0.00000	0
317	Y	1.00000	0	0.00000	0
318	K	1.00000	0	0.00000	0
319	N	1.00000	0	0.00000	0
320	I	1.00000	0	0.00000	0
321	G	1.00000	0	0.00000	0
322	A	1.00000	0	0.00000	0
323	T	1.00000	0	0.00000	0
324	R	1.00000	0	0.00000	0
