# UNNAMED
#pos	aa	i	o	M	S
1	M	0.00000	1	0.00000	0
2	D	0.00000	1	0.00000	0
3	S	0.00000	1	0.00000	0
4	L	0.00000	1	0.00000	0
5	N	0.00000	1	0.00000	0
6	S	0.00000	1	0.00000	0
7	S	0.00000	1	0.00000	0
8	D	0.00000	1	0.00000	0
9	Q	0.00000	1	0.00000	0
10	N	0.00000	1	0.00000	0
11	L	0.00000	1	0.00000	0
12	T	0.00000	1	0.00000	0
13	S	0.00000	1	0.00000	0
14	E	0.00000	1	0.00000	0
15	E	0.00000	1	0.00000	0
16	L	0.00000	1	0.00000	0
17	L	0.00000	1	0.00000	0
18	N	0.00000	1	0.00000	0
19	R	0.00000	1	0.00000	0
20	M	0.00000	0.99988	0.00012	0
21	P	0.00000	0.99931	0.00069	0
22	S	0.00000	0.99523	0.00477	0
23	K	0.00000	0.98463	0.01537	0
24	I	0.00000	0.43106	0.56894	0
25	L	0.00000	0.20813	0.79187	0
26	V	0.00000	0.07913	0.92087	0
27	S	0.00000	0.05584	0.94416	0
28	L	0.00000	0.01998	0.98002	0
29	T	0.00000	0.00746	0.99254	0
30	L	0.00000	0.00187	0.99813	0
31	S	0.00000	0.00083	0.99917	0
32	G	0.00000	0.00028	0.99972	0
33	L	0.00000	2e-05	0.99998	0
34	A	0.00000	0	1.00000	0
35	L	0.00000	0	1.00000	0
36	M	0.00000	0	1.00000	0
37	T	0.00000	0	1.00000	0
38	T	0.00000	0	1.00000	0
39	T	0.00000	0	1.00000	0
40	I	0.00000	0	1.00000	0
41	N	0.00000	0	1.00000	0
42	S	0.00000	0	1.00000	0
43	L	0.00000	0	1.00000	0
44	V	0.00000	0	1.00000	0
45	I	0.00001	0	0.99999	0
46	A	0.00012	0	0.99988	0
47	A	0.00165	0	0.99835	0
48	I	0.01156	0	0.98844	0
49	I	0.09636	0	0.90364	0
50	V	0.53508	0	0.46492	0
51	T	0.95769	0	0.04231	0
52	R	0.99937	0	0.00063	0
53	K	1.00000	0	0.00000	0
54	L	1.00000	0	0.00000	0
55	H	1.00000	0	0.00000	0
56	H	1.00000	0	0.00000	0
57	P	1.00000	0	0.00000	0
58	A	0.87181	0	0.12819	0
59	N	0.24974	0	0.75026	0
60	Y	0.09662	0	0.90338	0
61	L	0.00156	0	0.99844	0
62	I	0.00003	0	0.99997	0
63	C	0.00000	0	1.00000	0
64	S	0.00000	0	1.00000	0
65	L	0.00000	0	1.00000	0
66	A	0.00000	0	1.00000	0
67	V	0.00000	0	1.00000	0
68	T	0.00000	0	1.00000	0
69	D	0.00000	0	1.00000	0
70	F	0.00000	0	1.00000	0
71	L	0.00000	0	1.00000	0
72	V	0.00000	0	1.00000	0
73	A	0.00000	0	1.00000	0
74	V	0.00000	0	1.00000	0
75	L	0.00000	0	1.00000	0
76	V	0.00000	0	1.00000	0
77	M	0.00000	0.00019	0.99981	0
78	P	0.00000	0.00437	0.99563	0
79	F	0.00000	0.04725	0.95275	0
80	S	0.00000	0.27072	0.72928	0
81	I	0.00000	0.36061	0.63939	0
82	V	0.00000	0.61539	0.38461	0
83	Y	0.00000	0.99871	0.00129	0
84	I	0.00000	0.99881	0.00119	0
85	V	0.00000	0.99896	0.00104	0
86	R	0.00000	0.99995	0.00005	0
87	E	0.00000	1	0.00000	0
88	S	0.00000	1	0.00000	0
89	W	0.00000	1	0.00000	0
90	I	0.00000	1	0.00000	0
91	M	0.00000	1	0.00000	0
92	G	0.00000	1	0.00000	0
93	Q	0.00000	0.99999	0.00001	0
94	V	0.00000	0.99984	0.00016	0
95	V	0.00000	0.9998	0.00020	0
96	C	0.00000	0.99977	0.00023	0
97	D	0.00000	0.99965	0.00035	0
98	I	0.00000	0.99741	0.00259	0
99	W	0.00000	0.80799	0.19201	0
100	L	0.00000	0.07722	0.92278	0
101	S	0.00000	0.01068	0.98932	0
102	V	0.00000	0.00018	0.99982	0
103	D	0.00000	7e-05	0.99993	0
104	I	0.00000	0	1.00000	0
105	T	0.00000	0	1.00000	0
106	C	0.00000	0	1.00000	0
107	C	0.00000	0	1.00000	0
108	T	0.00000	0	1.00000	0
109	C	0.00000	0	1.00000	0
110	S	0.00000	0	1.00000	0
111	I	0.00000	0	1.00000	0
112	L	0.00000	0	1.00000	0
113	H	0.00000	0	1.00000	0
114	L	0.00000	0	1.00000	0
115	S	0.00000	0	1.00000	0
116	A	0.00000	0	1.00000	0
117	I	0.00000	0	1.00000	0
118	A	0.00000	0	1.00000	0
119	L	0.00000	0	1.00000	0
120	D	0.00010	0	0.99990	0
121	R	0.09169	0	0.90831	0
122	Y	0.64103	0	0.35897	0
123	R	0.68103	0	0.31897	0
124	A	0.88340	0	0.11660	0
125	I	1.00000	0	0.00000	0
126	T	1.00000	0	0.00000	0
127	D	1.00000	0	0.00000	0
128	A	1.00000	0	0.00000	0
129	V	1.00000	0	0.00000	0
130	E	1.00000	0	0.00000	0
131	Y	1.00000	0	0.00000	0
132	S	1.00000	0	0.00000	0
133	R	1.00000	0	0.00000	0
134	K	1.00000	0	0.00000	0
135	R	1.00000	0	0.00000	0
136	T	0.99981	0	0.00019	0
137	P	0.99944	0	0.00056	0
138	K	0.97527	0	0.02473	0
139	H	0.65319	0	0.34681	0
140	A	0.05629	0	0.94371	0
141	G	0.01519	0	0.98481	0
142	I	0.00041	0	0.99959	0
143	T	0.00008	0	0.99992	0
144	I	0.00000	0	1.00000	0
145	T	0.00000	0	1.00000	0
146	I	0.00000	0	1.00000	0
147	V	0.00000	0	1.00000	0
148	W	0.00000	0	1.00000	0
149	I	0.00000	0	1.00000	0
150	I	0.00000	0	1.00000	0
151	S	0.00000	0	1.00000	0
152	I	0.00000	0	1.00000	0
153	F	0.00000	0	1.00000	0
154	I	0.00000	0	1.00000	0
155	S	0.00000	0	1.00000	0
156	M	0.00000	1e-05	0.99999	0
157	P	0.00000	0.00065	0.99935	0
158	P	0.00000	0.00337	0.99663	0
159	L	0.00000	0.00808	0.99192	0
160	F	0.00000	0.07365	0.92635	0
161	W	0.00000	0.67361	0.32639	0
162	R	0.00000	0.98044	0.01956	0
163	H	0.00000	0.99602	0.00398	0
164	Q	0.00000	0.99983	0.00017	0
165	G	0.00000	0.99999	0.00001	0
166	T	0.00000	1	0.00000	0
167	S	0.00000	1	0.00000	0
168	R	0.00000	1	0.00000	0
169	D	0.00000	1	0.00000	0
170	D	0.00000	1	0.00000	0
171	E	0.00000	1	0.00000	0
172	C	0.00000	1	0.00000	0
173	I	0.00000	1	0.00000	0
174	I	0.00000	1	0.00000	0
175	K	0.00000	1	0.00000	0
176	H	0.00000	0.99999	0.00001	0
177	D	0.00000	0.99998	0.00002	0
178	H	0.00000	0.99719	0.00281	0
179	I	0.00000	0.85047	0.14953	0
180	V	0.00000	0.49512	0.50488	0
181	S	0.00000	0.4686	0.53140	0
182	T	0.00000	0.45256	0.54744	0
183	I	0.00000	0.0029	0.99710	0
184	Y	0.00000	0.00044	0.99956	0
185	S	0.00000	0.00026	0.99974	0
186	T	0.00000	3e-05	0.99997	0
187	F	0.00000	2e-05	0.99998	0
188	G	0.00000	0	1.00000	0
189	A	0.00000	0	1.00000	0
190	F	0.00000	0	1.00000	0
191	Y	0.00000	0	1.00000	0
192	I	0.00000	0	1.00000	0
193	P	0.00000	0	1.00000	0
194	L	0.00000	0	1.00000	0
195	T	0.00000	0	1.00000	0
196	L	0.00000	0	1.00000	0
197	I	0.00000	0	1.00000	0
198	L	0.00000	0	1.00000	0
199	I	0.00000	0	1.00000	0
200	L	0.00001	0	0.99999	0
201	Y	0.00045	0	0.99955	0
202	Y	0.01359	0	0.98641	0
203	K	0.19787	0	0.80213	0
204	I	0.21082	0	0.78918	0
205	Y	0.28617	0	0.71383	0
206	K	0.98951	0	0.01049	0
207	A	0.99809	0	0.00191	0
208	A	0.99984	0	0.00016	0
209	K	0.99998	0	0.00002	0
210	M	0.99999	0	0.00001	0
211	L	0.99999	0	0.00001	0
212	Y	0.99999	0	0.00001	0
213	H	1.00000	0	0.00000	0
214	K	1.00000	0	0.00000	0
215	R	1.00000	0	0.00000	0
216	Q	1.00000	0	0.00000	0
217	A	1.00000	0	0.00000	0
218	S	1.00000	0	0.00000	0
219	R	1.00000	0	0.00000	0
220	I	1.00000	0	0.00000	0
221	A	1.00000	0	0.00000	0
222	K	1.00000	0	0.00000	0
223	E	1.00000	0	0.00000	0
224	E	1.00000	0	0.00000	0
225	V	1.00000	0	0.00000	0
226	N	1.00000	0	0.00000	0
227	G	1.00000	0	0.00000	0
228	Q	1.00000	0	0.00000	0
229	V	1.00000	0	0.00000	0
230	L	1.00000	0	0.00000	0
231	L	1.00000	0	0.00000	0
232	G	1.00000	0	0.00000	0
233	S	1.00000	0	0.00000	0
234	S	1.00000	0	0.00000	0
235	E	1.00000	0	0.00000	0
236	K	1.00000	0	0.00000	0
237	S	1.00000	0	0.00000	0
238	T	1.00000	0	0.00000	0
239	R	1.00000	0	0.00000	0
240	L	1.00000	0	0.00000	0
241	V	1.00000	0	0.00000	0
242	S	1.00000	0	0.00000	0
243	T	1.00000	0	0.00000	0
244	P	1.00000	0	0.00000	0
245	Y	1.00000	0	0.00000	0
246	M	1.00000	0	0.00000	0
247	L	1.00000	0	0.00000	0
248	E	1.00000	0	0.00000	0
249	K	1.00000	0	0.00000	0
250	S	1.00000	0	0.00000	0
251	L	1.00000	0	0.00000	0
252	S	1.00000	0	0.00000	0
253	D	1.00000	0	0.00000	0
254	P	1.00000	0	0.00000	0
255	S	1.00000	0	0.00000	0
256	T	1.00000	0	0.00000	0
257	D	1.00000	0	0.00000	0
258	F	1.00000	0	0.00000	0
259	D	1.00000	0	0.00000	0
260	K	1.00000	0	0.00000	0
261	I	1.00000	0	0.00000	0
262	H	1.00000	0	0.00000	0
263	S	1.00000	0	0.00000	0
264	T	1.00000	0	0.00000	0
265	V	1.00000	0	0.00000	0
266	K	1.00000	0	0.00000	0
267	S	1.00000	0	0.00000	0
268	S	1.00000	0	0.00000	0
269	R	1.00000	0	0.00000	0
270	S	1.00000	0	0.00000	0
271	D	1.00000	0	0.00000	0
272	F	1.00000	0	0.00000	0
273	K	1.00000	0	0.00000	0
274	H	1.00000	0	0.00000	0
275	E	1.00000	0	0.00000	0
276	K	1.00000	0	0.00000	0
277	S	1.00000	0	0.00000	0
278	W	1.00000	0	0.00000	0
279	R	1.00000	0	0.00000	0
280	R	1.00000	0	0.00000	0
281	Q	1.00000	0	0.00000	0
282	K	1.00000	0	0.00000	0
283	I	1.00000	0	0.00000	0
284	S	1.00000	0	0.00000	0
285	G	1.00000	0	0.00000	0
286	T	1.00000	0	0.00000	0
287	R	1.00000	0	0.00000	0
288	E	1.00000	0	0.00000	0
289	R	0.89861	0	0.10139	0
290	K	0.89446	0	0.10554	0
291	A	0.03493	0	0.96507	0
292	A	0.03461	0	0.96539	0
293	T	0.03423	0	0.96577	0
294	T	0.03406	0	0.96594	0
295	L	0.00025	0	0.99975	0
296	G	0.00004	0	0.99996	0
297	L	0.00001	0	0.99999	0
298	I	0.00000	0	1.00000	0
299	L	0.00000	0	1.00000	0
300	G	0.00000	0	1.00000	0
301	A	0.00000	0	1.00000	0
302	F	0.00000	0	1.00000	0
303	V	0.00000	0	1.00000	0
304	I	0.00000	0	1.00000	0
305	C	0.00000	0	1.00000	0
306	W	0.00000	0	1.00000	0
307	L	0.00000	0	1.00000	0
308	P	0.00000	0	1.00000	0
309	F	0.00000	1e-05	0.99999	0
310	F	0.00000	0.00028	0.99972	0
311	V	0.00000	0.07497	0.92503	0
312	K	0.00000	0.85195	0.14805	0
313	E	0.00000	0.87385	0.12615	0
314	L	0.00000	0.87614	0.12386	0
315	V	0.00000	0.88703	0.11297	0
316	V	0.00000	0.91219	0.08781	0
317	N	0.00000	0.98336	0.01664	0
318	V	0.00000	0.98971	0.01029	0
319	C	0.00000	0.9992	0.00080	0
320	E	0.00000	0.99998	0.00002	0
321	K	0.00000	1	0.00000	0
322	C	0.00000	1	0.00000	0
323	K	0.00000	1	0.00000	0
324	I	0.00000	0.99997	0.00003	0
325	S	0.00000	0.99997	0.00003	0
326	E	0.00000	0.99992	0.00008	0
327	E	0.00000	0.9996	0.00040	0
328	M	0.00000	0.99674	0.00326	0
329	S	0.00000	0.99623	0.00377	0
330	N	0.00000	0.67209	0.32791	0
331	F	0.00000	0.00648	0.99352	0
332	L	0.00000	0.0002	0.99980	0
333	T	0.00000	1e-05	0.99999	0
334	W	0.00000	0	1.00000	0
335	L	0.00000	0	1.00000	0
336	G	0.00000	0	1.00000	0
337	Y	0.00000	0	1.00000	0
338	L	0.00000	0	1.00000	0
339	N	0.00000	0	1.00000	0
340	S	0.00000	0	1.00000	0
341	L	0.00000	0	1.00000	0
342	I	0.00000	0	1.00000	0
343	N	0.00000	0	1.00000	0
344	P	0.00000	0	1.00000	0
345	L	0.00000	0	1.00000	0
346	I	0.00000	0	1.00000	0
347	Y	0.00000	0	1.00000	0
348	T	0.00000	0	1.00000	0
349	I	0.00006	0	0.99994	0
350	F	0.01788	0	0.98212	0
351	N	0.35680	0	0.64320	0
352	E	1.00000	0	0.00000	0
353	D	1.00000	0	0.00000	0
354	F	1.00000	0	0.00000	0
355	K	1.00000	0	0.00000	0
356	K	1.00000	0	0.00000	0
357	A	1.00000	0	0.00000	0
358	F	1.00000	0	0.00000	0
359	Q	1.00000	0	0.00000	0
360	K	1.00000	0	0.00000	0
361	L	1.00000	0	0.00000	0
362	V	1.00000	0	0.00000	0
363	R	1.00000	0	0.00000	0
364	C	1.00000	0	0.00000	0
365	R	1.00000	0	0.00000	0
366	C	1.00000	0	0.00000	0
