# UNNAMED
#pos	aa	i	o	M	S
1	M	0.00000	0.99994	0.00000	6e-05
2	E	0.00000	0.99994	0.00000	7e-05
3	L	0.00000	0.99994	0.00000	6e-05
4	L	0.00000	0.99994	0.00000	6e-05
5	Q	0.00000	0.99994	0.00000	6e-05
6	S	0.00000	0.99994	0.00000	6e-05
7	Q	0.00000	0.99994	0.00000	6e-05
8	S	0.00000	0.99994	0.00000	6e-05
9	A	0.00000	0.99994	0.00000	6e-05
10	H	0.00000	0.99994	0.00000	6e-05
11	R	0.00000	0.99994	0.00000	6e-05
12	Q	0.00000	0.99994	0.00000	6e-05
13	Q	0.00000	0.99994	0.00000	7e-05
14	P	0.00000	0.99994	0.00000	7e-05
15	P	0.00000	0.99994	0.00000	6e-05
16	T	0.00000	0.99994	0.00000	6e-05
17	Q	0.00000	0.99994	0.00000	6e-05
18	L	0.00000	0.99994	0.00000	6e-05
19	L	0.00000	0.99995	0.00000	6e-05
20	G	0.00000	0.99994	0.00000	6e-05
21	L	0.00000	0.99998	0.00000	1e-05
22	E	0.00000	0.99999	0.00000	2e-05
23	R	0.00000	0.99999	0.00000	1e-05
24	R	0.00000	0.99999	0.00000	1e-05
25	S	0.00000	0.99995	0.00004	1e-05
26	S	0.00000	0.99983	0.00016	1e-05
27	V	0.00000	0.99768	0.00231	1e-05
28	L	0.00000	0.9958	0.00419	1e-05
29	C	0.00000	0.99535	0.00464	1e-05
30	A	0.00000	0.99407	0.00593	0
31	R	0.00000	0.99244	0.00756	0
32	Q	0.00000	0.98547	0.01453	0
33	S	0.00000	0.97921	0.02079	0
34	G	0.00000	0.95988	0.04012	0
35	Q	0.00000	0.9444	0.05560	0
36	E	0.00000	0.9379	0.06210	0
37	M	0.00000	0.92411	0.07589	0
38	R	0.00000	0.90763	0.09237	0
39	T	0.00000	0.86475	0.13525	0
40	G	0.00000	0.8355	0.16450	0
41	A	0.00000	0.78838	0.21162	0
42	F	0.00000	0.78652	0.21348	0
43	C	0.00000	0.78571	0.21429	0
44	I	0.00000	0.78035	0.21965	0
45	P	0.00000	0.77726	0.22274	0
46	L	0.00000	0.31152	0.68848	0
47	Y	0.00001	0.04504	0.95495	0
48	V	0.00011	0.01247	0.98742	0
49	P	0.00128	0.00367	0.99505	0
50	Y	0.00136	0.00073	0.99790	0
51	V	0.00266	0.00037	0.99697	0
52	L	0.02016	1e-05	0.97983	0
53	T	0.02824	1e-05	0.97175	0
54	G	0.03645	1e-05	0.96354	0
55	R	0.07203	1e-05	0.92796	0
56	W	0.07222	0	0.92778	0
57	S	0.07340	0	0.92660	0
58	F	0.07414	0	0.92586	0
59	G	0.09888	0	0.90112	0
60	R	0.21281	0	0.78719	0
61	G	0.21274	0	0.78726	0
62	L	0.19254	0	0.80746	0
63	C	0.18473	0	0.81527	0
64	K	0.18390	0	0.81610	0
65	L	0.13035	0	0.86965	0
66	W	0.12940	0	0.87060	0
67	L	0.14036	0	0.85964	0
68	V	0.30314	0	0.69686	0
69	V	0.82775	0	0.17225	0
70	D	0.84022	0	0.15978	0
71	Y	0.78851	0	0.21149	0
72	L	0.78365	0	0.21635	0
73	L	0.78343	0	0.21657	0
74	C	0.78339	0	0.21661	0
75	T	0.78328	0	0.21672	0
76	S	0.77313	0	0.22687	0
77	S	0.59497	0	0.40503	0
78	V	0.20852	0	0.79148	0
79	F	0.02580	0	0.97420	0
80	N	0.00157	0	0.99843	0
81	I	0.00014	0	0.99986	0
82	V	0.00000	6e-05	0.99994	0
83	L	0.00000	0.00168	0.99832	0
84	I	0.00000	0.00905	0.99095	0
85	S	0.00000	0.04914	0.95086	0
86	Y	0.00000	0.08328	0.91672	0
87	D	0.00000	0.09562	0.90438	0
88	R	0.00000	0.09646	0.90354	0
89	F	0.00000	0.09679	0.90321	0
90	L	0.00000	0.09781	0.90219	0
91	S	0.00000	0.11544	0.88456	0
92	V	0.00000	0.11871	0.88129	0
93	T	0.00000	0.17381	0.82619	0
94	R	0.00000	0.19474	0.80526	0
95	A	0.00000	0.19695	0.80305	0
96	V	0.00000	0.20396	0.79604	0
97	S	0.00000	0.56445	0.43555	0
98	Y	0.00000	0.72799	0.27201	0
99	R	0.00000	0.87818	0.12182	0
100	A	0.00000	0.91374	0.08626	0
101	Q	0.00000	0.98164	0.01836	0
102	Q	0.00000	0.99308	0.00692	0
103	G	0.00000	0.99939	0.00061	0
104	D	0.00000	1	0.00000	0
105	T	0.00000	1	0.00000	0
106	R	0.00000	0.9988	0.00120	0
107	R	0.00000	0.99544	0.00455	0
108	A	0.00000	0.98861	0.01139	0
109	V	0.00000	0.97965	0.02035	0
110	R	0.00000	0.97468	0.02532	0
111	K	0.00000	0.94953	0.05047	0
112	M	0.00000	0.46233	0.53767	0
113	A	0.00000	0.13448	0.86552	0
114	L	0.00000	0.00808	0.99192	0
115	V	0.00000	0.00063	0.99937	0
116	W	0.00000	6e-05	0.99994	0
117	V	0.00000	0	1.00000	0
118	L	0.00000	0	1.00000	0
119	A	0.00000	0	1.00000	0
120	F	0.00000	0	1.00000	0
121	L	0.00000	0	1.00000	0
122	L	0.00000	0	1.00000	0
123	Y	0.00000	0	1.00000	0
124	G	0.00000	0	1.00000	0
125	P	0.00000	0	1.00000	0
126	A	0.00000	0	1.00000	0
127	I	0.00000	0	1.00000	0
128	L	0.00000	0	1.00000	0
129	S	0.00000	0	1.00000	0
130	W	0.00000	0	1.00000	0
131	E	0.00010	0	0.99990	0
132	Y	0.00299	0	0.99701	0
133	L	0.01455	0	0.98545	0
134	S	0.08402	0	0.91598	0
135	G	0.86730	0	0.13270	0
136	G	0.99949	0	0.00050	0
137	S	0.99998	0	0.00002	0
138	S	0.99999	0	0.00001	0
139	I	0.99999	0	0.00001	0
140	P	1.00000	0	0.00000	0
141	E	1.00000	0	0.00000	0
142	G	1.00000	0	0.00000	0
143	H	1.00000	0	0.00000	0
144	C	1.00000	0	0.00000	0
145	Y	1.00000	0	0.00000	0
146	A	1.00000	0	0.00000	0
147	E	1.00000	0	0.00000	0
148	F	0.99993	0	0.00007	0
149	F	0.99959	0	0.00041	0
150	Y	0.98945	0	0.01055	0
151	N	0.97518	0	0.02482	0
152	W	0.78916	0	0.21084	0
153	Y	0.48602	0	0.51398	0
154	F	0.08392	0	0.91608	0
155	L	0.00755	0	0.99245	0
156	I	0.00097	0	0.99903	0
157	T	0.00052	0	0.99948	0
158	A	0.00010	0	0.99990	0
159	S	0.00005	0	0.99995	0
160	T	0.00001	0	0.99999	0
161	L	0.00000	0	1.00000	0
162	E	0.00000	0	1.00000	0
163	F	0.00000	0	1.00000	0
164	F	0.00000	0	1.00000	0
165	T	0.00000	0	1.00000	0
166	P	0.00000	0	1.00000	0
167	F	0.00000	0	1.00000	0
168	L	0.00000	0	1.00000	0
169	S	0.00000	6e-05	0.99994	0
170	V	0.00000	0.0002	0.99980	0
171	T	0.00000	0.00142	0.99858	0
172	F	0.00000	0.00518	0.99482	0
173	F	0.00000	0.04549	0.95451	0
174	N	0.00000	0.37891	0.62109	0
175	L	0.00000	0.45306	0.54694	0
176	S	0.00000	0.76992	0.23008	0
177	I	0.00000	0.8546	0.14539	0
178	Y	0.00000	0.95184	0.04816	0
179	L	0.00000	0.97831	0.02169	0
180	N	0.00000	0.99923	0.00076	0
181	I	0.00000	0.99966	0.00034	0
182	Q	0.00000	0.99999	0.00001	0
183	R	0.00000	1	0.00000	0
184	R	0.00000	1	0.00000	0
185	T	0.00000	1	0.00000	0
186	R	0.00000	1	0.00000	0
187	L	0.00000	1	0.00000	0
188	R	0.00000	1	0.00000	0
189	L	0.00000	1	0.00000	0
190	D	0.00000	1	0.00000	0
191	G	0.00000	1	0.00000	0
192	T	0.00000	1	0.00000	0
193	R	0.00000	1	0.00000	0
194	E	0.00000	1	0.00000	0
195	A	0.00000	1	0.00000	0
196	G	0.00000	1	0.00000	0
197	P	0.00000	1	0.00000	0
198	E	0.00000	1	0.00000	0
199	P	0.00000	1	0.00000	0
200	P	0.00000	0.99999	0.00001	0
201	P	0.00000	0.99999	0.00001	0
202	E	0.00000	0.99998	0.00002	0
203	A	0.00000	0.99989	0.00011	0
204	Q	0.00000	0.99988	0.00012	0
205	S	0.00000	0.99987	0.00013	0
206	S	0.00000	0.99987	0.00013	0
207	P	0.00000	0.99986	0.00014	0
208	P	0.00000	0.99985	0.00015	0
209	P	0.00000	0.99985	0.00015	0
210	P	0.00000	0.99985	0.00015	0
211	P	0.00000	0.99984	0.00016	0
212	P	0.00000	0.99984	0.00016	0
213	G	0.00000	0.99984	0.00016	0
214	C	0.00000	0.99984	0.00016	0
215	W	0.00000	0.99984	0.00016	0
216	G	0.00000	0.99984	0.00016	0
217	C	0.00000	0.99984	0.00016	0
218	W	0.00000	0.99984	0.00016	0
219	P	0.00000	0.99984	0.00015	0
220	K	0.00000	0.99984	0.00015	0
221	G	0.00000	0.99984	0.00015	0
222	H	0.00000	0.99984	0.00015	0
223	G	0.00001	0.99984	0.00015	0
224	E	0.00001	0.99983	0.00015	0
225	A	0.00003	0.97652	0.02345	0
226	V	0.00003	0.97521	0.02475	0
227	P	0.00012	0.97272	0.02715	0
228	L	0.00012	0.9724	0.02747	0
229	H	0.00013	0.97195	0.02792	0
230	R	0.00013	0.9563	0.04357	0
231	Y	0.00013	0.95244	0.04743	0
232	G	0.00013	0.90592	0.09395	0
233	V	0.00014	0.80122	0.19864	0
234	G	0.00016	0.79466	0.20518	0
235	E	0.00016	0.79065	0.20919	0
236	A	0.00016	0.48077	0.51907	0
237	G	0.00016	0.4805	0.51934	0
238	P	0.00016	0.47751	0.52234	0
239	G	0.00016	0.4339	0.56594	0
240	G	0.00016	0.43285	0.56699	0
241	E	0.00016	0.42865	0.57120	0
242	A	0.00016	0.41936	0.58048	0
243	G	0.00016	0.34017	0.65968	0
244	E	0.00016	0.29273	0.70712	0
245	A	0.00016	0.02215	0.97769	0
246	T	0.00027	0.00824	0.99149	0
247	L	0.00058	0.00019	0.99923	0
248	G	0.00489	1e-05	0.99510	0
249	G	0.01554	0	0.98446	0
250	G	0.02261	0	0.97739	0
251	S	0.02612	0	0.97388	0
252	G	0.02727	0	0.97272	0
253	G	0.02815	0	0.97185	0
254	A	0.03006	0	0.96994	0
255	A	0.03750	0	0.96250	0
256	A	0.06540	0	0.93460	0
257	S	0.20098	0	0.79902	0
258	P	0.38767	0	0.61233	0
259	T	0.46600	0	0.53400	0
260	S	0.51252	0	0.48748	0
261	S	0.52596	0	0.47404	0
262	S	0.53010	0	0.46990	0
263	G	0.53336	0	0.46664	0
264	S	0.56744	0	0.43256	0
265	S	0.59540	0	0.40460	0
266	S	0.65409	0	0.34591	0
267	R	0.77741	0	0.22259	0
268	G	0.83031	0	0.16969	0
269	N	0.94558	0	0.05442	0
270	E	0.99638	0	0.00362	0
271	R	0.99967	0	0.00033	0
272	P	1.00000	0	0.00000	0
273	R	1.00000	0	0.00000	0
274	S	1.00000	0	0.00000	0
275	L	1.00000	0	0.00000	0
276	K	1.00000	0	0.00000	0
277	R	1.00000	0	0.00000	0
278	G	1.00000	0	0.00000	0
279	S	1.00000	0	0.00000	0
280	K	1.00000	0	0.00000	0
281	P	1.00000	0	0.00000	0
282	S	1.00000	0	0.00000	0
283	A	1.00000	0	0.00000	0
284	S	1.00000	0	0.00000	0
285	S	1.00000	0	0.00000	0
286	A	1.00000	0	0.00000	0
287	S	1.00000	0	0.00000	0
288	L	1.00000	0	0.00000	0
289	E	1.00000	0	0.00000	0
290	K	1.00000	0	0.00000	0
291	R	1.00000	0	0.00000	0
292	M	1.00000	0	0.00000	0
293	K	1.00000	0	0.00000	0
294	M	1.00000	0	0.00000	0
295	V	1.00000	0	0.00000	0
296	S	1.00000	0	0.00000	0
297	Q	1.00000	0	0.00000	0
298	S	1.00000	0	0.00000	0
299	I	1.00000	0	0.00000	0
300	T	1.00000	0	0.00000	0
301	Q	1.00000	0	0.00000	0
302	R	1.00000	0	0.00000	0
303	F	1.00000	0	0.00000	0
304	R	1.00000	0	0.00000	0
305	L	1.00000	0	0.00000	0
306	S	1.00000	0	0.00000	0
307	R	1.00000	0	0.00000	0
308	D	1.00000	0	0.00000	0
309	K	0.93023	0	0.06977	0
310	K	0.92950	0	0.07050	0
311	V	0.84168	0	0.15832	0
312	A	0.83773	0	0.16227	0
313	K	0.83473	0	0.16527	0
314	S	0.70941	0	0.29059	0
315	L	0.00165	0	0.99835	0
316	A	0.00090	0	0.99910	0
317	I	0.00054	0	0.99946	0
318	I	0.00000	0	1.00000	0
319	V	0.00000	0	1.00000	0
320	S	0.00000	0	1.00000	0
321	I	0.00000	0	1.00000	0
322	F	0.00000	0	1.00000	0
323	G	0.00000	0	1.00000	0
324	L	0.00000	0	1.00000	0
325	C	0.00000	0	1.00000	0
326	W	0.00000	0	1.00000	0
327	A	0.00000	0	1.00000	0
328	P	0.00000	0	1.00000	0
329	Y	0.00000	0	1.00000	0
330	T	0.00000	1e-05	0.99999	0
331	L	0.00000	7e-05	0.99993	0
332	L	0.00000	0.00061	0.99939	0
333	M	0.00000	0.00284	0.99716	0
334	I	0.00000	0.03712	0.96288	0
335	I	0.00000	0.09013	0.90987	0
336	R	0.00000	0.51846	0.48154	0
337	A	0.00000	0.56141	0.43859	0
338	A	0.00000	0.71138	0.28862	0
339	C	0.00000	0.9638	0.03620	0
340	H	0.00000	0.99198	0.00802	0
341	G	0.00000	0.99993	0.00007	0
342	H	0.00000	0.99999	0.00001	0
343	C	0.00000	1	0.00000	0
344	I	0.00000	1	0.00000	0
345	P	0.00000	1	0.00000	0
346	D	0.00000	1	0.00000	0
347	Y	0.00000	1	0.00000	0
348	W	0.00000	1	0.00000	0
349	Y	0.00000	1	0.00000	0
350	E	0.00000	0.99995	0.00005	0
351	T	0.00000	0.99953	0.00047	0
352	S	0.00000	0.99831	0.00169	0
353	F	0.00000	0.12557	0.87443	0
354	W	0.00000	0.01037	0.98963	0
355	L	0.00000	3e-05	0.99997	0
356	L	0.00000	0	1.00000	0
357	W	0.00000	0	1.00000	0
358	A	0.00000	0	1.00000	0
359	N	0.00000	0	1.00000	0
360	S	0.00000	0	1.00000	0
361	A	0.00000	0	1.00000	0
362	V	0.00000	0	1.00000	0
363	N	0.00000	0	1.00000	0
364	P	0.00000	0	1.00000	0
365	V	0.00000	0	1.00000	0
366	L	0.00000	0	1.00000	0
367	Y	0.00000	0	1.00000	0
368	P	0.00000	0	1.00000	0
369	L	0.00000	0	1.00000	0
370	C	0.00001	0	0.99999	0
371	H	0.00004	0	0.99996	0
372	Y	0.00213	0	0.99787	0
373	S	0.02081	0	0.97919	0
374	F	0.25708	0	0.74292	0
375	R	1.00000	0	0.00000	0
376	R	1.00000	0	0.00000	0
377	A	1.00000	0	0.00000	0
378	F	1.00000	0	0.00000	0
379	T	1.00000	0	0.00000	0
380	K	1.00000	0	0.00000	0
381	L	1.00000	0	0.00000	0
382	L	1.00000	0	0.00000	0
383	C	1.00000	0	0.00000	0
384	P	1.00000	0	0.00000	0
385	Q	1.00000	0	0.00000	0
386	K	1.00000	0	0.00000	0
387	L	1.00000	0	0.00000	0
388	K	1.00000	0	0.00000	0
389	V	1.00000	0	0.00000	0
390	Q	1.00000	0	0.00000	0
391	P	1.00000	0	0.00000	0
392	H	1.00000	0	0.00000	0
393	G	1.00000	0	0.00000	0
394	S	1.00000	0	0.00000	0
395	L	1.00000	0	0.00000	0
396	E	1.00000	0	0.00000	0
397	Q	1.00000	0	0.00000	0
398	C	1.00000	0	0.00000	0
399	W	1.00000	0	0.00000	0
400	K	1.00000	0	0.00000	0
401	K	1.00000	0	0.00000	0
402	M	1.00000	0	0.00000	0
403	K	1.00000	0	0.00000	0
404	K	1.00000	0	0.00000	0
405	T	1.00000	0	0.00000	0
406	R	1.00000	0	0.00000	0
407	L	1.00000	0	0.00000	0
