# UNNAMED
#pos	aa	i	o	M	S
1	M	0.00000	1	0.00000	0
2	D	0.00000	1	0.00000	0
3	M	0.00000	1	0.00000	0
4	L	0.00000	1	0.00000	0
5	C	0.00000	1	0.00000	0
6	E	0.00000	1	0.00000	0
7	E	0.00000	1	0.00000	0
8	N	0.00000	1	0.00000	0
9	T	0.00000	1	0.00000	0
10	S	0.00000	1	0.00000	0
11	L	0.00000	1	0.00000	0
12	S	0.00000	1	0.00000	0
13	S	0.00000	1	0.00000	0
14	M	0.00000	1	0.00000	0
15	N	0.00000	1	0.00000	0
16	S	0.00000	1	0.00000	0
17	L	0.00000	1	0.00000	0
18	M	0.00000	1	0.00000	0
19	Q	0.00000	1	0.00000	0
20	L	0.00000	1	0.00000	0
21	S	0.00000	1	0.00000	0
22	D	0.00000	1	0.00000	0
23	D	0.00000	1	0.00000	0
24	T	0.00000	1	0.00000	0
25	R	0.00000	1	0.00000	0
26	L	0.00000	1	0.00000	0
27	Y	0.00000	1	0.00000	0
28	S	0.00000	1	0.00000	0
29	K	0.00000	1	0.00000	0
30	D	0.00000	1	0.00000	0
31	V	0.00000	1	0.00000	0
32	S	0.00000	1	0.00000	0
33	S	0.00000	1	0.00000	0
34	G	0.00000	1	0.00000	0
35	E	0.00000	1	0.00000	0
36	A	0.00000	1	0.00000	0
37	N	0.00000	1	0.00000	0
38	T	0.00000	1	0.00000	0
39	S	0.00000	1	0.00000	0
40	D	0.00000	1	0.00000	0
41	A	0.00000	1	0.00000	0
42	F	0.00000	1	0.00000	0
43	N	0.00000	1	0.00000	0
44	W	0.00000	1	0.00000	0
45	T	0.00000	1	0.00000	0
46	V	0.00000	1	0.00000	0
47	D	0.00000	1	0.00000	0
48	S	0.00000	1	0.00000	0
49	E	0.00000	1	0.00000	0
50	N	0.00000	1	0.00000	0
51	R	0.00000	1	0.00000	0
52	T	0.00000	1	0.00000	0
53	N	0.00000	1	0.00000	0
54	I	0.00000	1	0.00000	0
55	S	0.00000	1	0.00000	0
56	C	0.00000	1	0.00000	0
57	E	0.00000	1	0.00000	0
58	G	0.00000	1	0.00000	0
59	C	0.00000	1	0.00000	0
60	L	0.00000	1	0.00000	0
61	S	0.00000	1	0.00000	0
62	P	0.00000	1	0.00000	0
63	P	0.00000	1	0.00000	0
64	C	0.00000	1	0.00000	0
65	F	0.00000	1	0.00000	0
66	P	0.00000	1	0.00000	0
67	F	0.00000	1	0.00000	0
68	L	0.00000	1	0.00000	0
69	R	0.00000	1	0.00000	0
70	L	0.00000	1	0.00000	0
71	Q	0.00000	1	0.00000	0
72	E	0.00000	0.99999	0.00001	0
73	K	0.00000	0.99962	0.00038	0
74	N	0.00000	0.98467	0.01533	0
75	W	0.00000	0.69094	0.30906	0
76	S	0.00000	0.57988	0.42012	0
77	A	0.00000	0.30438	0.69562	0
78	L	0.00000	0.11951	0.88049	0
79	L	0.00000	0.04929	0.95071	0
80	T	0.00000	0.01226	0.98774	0
81	A	0.00000	0.0013	0.99870	0
82	V	0.00000	6e-05	0.99994	0
83	V	0.00000	0	1.00000	0
84	I	0.00000	0	1.00000	0
85	V	0.00000	0	1.00000	0
86	L	0.00000	0	1.00000	0
87	T	0.00000	0	1.00000	0
88	I	0.00000	0	1.00000	0
89	A	0.00000	0	1.00000	0
90	G	0.00000	0	1.00000	0
91	N	0.00000	0	1.00000	0
92	I	0.00000	0	1.00000	0
93	L	0.00000	0	1.00000	0
94	V	0.00000	0	1.00000	0
95	I	0.00002	0	0.99998	0
96	M	0.00426	0	0.99574	0
97	A	0.05970	0	0.94030	0
98	V	0.17465	0	0.82535	0
99	S	0.72917	0	0.27083	0
100	L	0.82792	0	0.17208	0
101	E	0.99756	0	0.00244	0
102	K	0.99996	0	0.00004	0
103	K	1.00000	0	0.00000	0
104	L	1.00000	0	0.00000	0
105	Q	0.99998	0	0.00002	0
106	N	0.99890	0	0.00110	0
107	A	0.99605	0	0.00395	0
108	T	0.96798	0	0.03202	0
109	N	0.21474	0	0.78526	0
110	Y	0.07258	0	0.92742	0
111	F	0.00084	0	0.99916	0
112	L	0.00011	0	0.99989	0
113	M	0.00000	0	1.00000	0
114	S	0.00000	0	1.00000	0
115	L	0.00000	0	1.00000	0
116	A	0.00000	0	1.00000	0
117	I	0.00000	0	1.00000	0
118	A	0.00000	0	1.00000	0
119	D	0.00000	0	1.00000	0
120	M	0.00000	0	1.00000	0
121	L	0.00000	0	1.00000	0
122	L	0.00000	0	1.00000	0
123	G	0.00000	0	1.00000	0
124	F	0.00000	0	1.00000	0
125	L	0.00000	0	1.00000	0
126	V	0.00000	1e-05	0.99999	0
127	M	0.00000	0.00026	0.99974	0
128	P	0.00000	0.01499	0.98501	0
129	V	0.00000	0.05755	0.94245	0
130	S	0.00000	0.22914	0.77086	0
131	M	0.00000	0.30065	0.69935	0
132	L	0.00000	0.56527	0.43473	0
133	T	0.00000	0.99763	0.00237	0
134	I	0.00000	0.99776	0.00224	0
135	L	0.00000	0.99799	0.00201	0
136	Y	0.00000	0.9997	0.00030	0
137	G	0.00000	0.99989	0.00011	0
138	Y	0.00000	0.99998	0.00002	0
139	R	0.00000	1	0.00000	0
140	W	0.00000	1	0.00000	0
141	P	0.00000	1	0.00000	0
142	L	0.00000	1	0.00000	0
143	P	0.00000	1	0.00000	0
144	S	0.00000	1	0.00000	0
145	K	0.00000	1	0.00000	0
146	L	0.00000	0.99999	0.00001	0
147	C	0.00000	0.99998	0.00002	0
148	A	0.00000	0.99879	0.00121	0
149	V	0.00000	0.99744	0.00256	0
150	W	0.00000	0.87265	0.12735	0
151	I	0.00000	0.20813	0.79187	0
152	Y	0.00000	0.09339	0.90661	0
153	L	0.00000	0.00418	0.99582	0
154	D	0.00000	0.00137	0.99863	0
155	V	0.00000	4e-05	0.99996	0
156	L	0.00000	0	1.00000	0
157	F	0.00000	0	1.00000	0
158	S	0.00000	0	1.00000	0
159	T	0.00000	0	1.00000	0
160	A	0.00000	0	1.00000	0
161	S	0.00000	0	1.00000	0
162	I	0.00000	0	1.00000	0
163	M	0.00000	0	1.00000	0
164	H	0.00000	0	1.00000	0
165	L	0.00000	0	1.00000	0
166	C	0.00000	0	1.00000	0
167	A	0.00000	0	1.00000	0
168	I	0.00000	0	1.00000	0
169	S	0.00000	0	1.00000	0
170	L	0.00000	0	1.00000	0
171	D	0.00002	0	0.99998	0
172	R	0.05509	0	0.94491	0
173	Y	0.30975	0	0.69025	0
174	V	0.84712	0	0.15288	0
175	A	0.91345	0	0.08655	0
176	I	0.99997	0	0.00003	0
177	Q	1.00000	0	0.00000	0
178	N	1.00000	0	0.00000	0
179	P	1.00000	0	0.00000	0
180	I	1.00000	0	0.00000	0
181	H	1.00000	0	0.00000	0
182	H	1.00000	0	0.00000	0
183	S	1.00000	0	0.00000	0
184	R	1.00000	0	0.00000	0
185	F	1.00000	0	0.00000	0
186	N	1.00000	0	0.00000	0
187	S	1.00000	0	0.00000	0
188	R	1.00000	0	0.00000	0
189	T	0.99987	0	0.00013	0
190	K	0.99760	0	0.00240	0
191	A	0.54619	0	0.45381	0
192	F	0.10691	0	0.89309	0
193	L	0.02662	0	0.97338	0
194	K	0.02279	0	0.97721	0
195	I	0.00006	0	0.99994	0
196	I	0.00000	0	1.00000	0
197	A	0.00000	0	1.00000	0
198	V	0.00000	0	1.00000	0
199	W	0.00000	0	1.00000	0
200	T	0.00000	0	1.00000	0
201	I	0.00000	0	1.00000	0
202	S	0.00000	0	1.00000	0
203	V	0.00000	0	1.00000	0
204	G	0.00000	0	1.00000	0
205	I	0.00000	0	1.00000	0
206	S	0.00000	0	1.00000	0
207	M	0.00000	0	1.00000	0
208	P	0.00000	0	1.00000	0
209	I	0.00000	1e-05	0.99999	0
210	P	0.00000	0.00301	0.99699	0
211	V	0.00000	0.01412	0.98588	0
212	F	0.00000	0.12604	0.87396	0
213	G	0.00000	0.51023	0.48977	0
214	L	0.00000	0.66663	0.33337	0
215	Q	0.00000	0.96726	0.03274	0
216	D	0.00000	0.99997	0.00003	0
217	D	0.00000	1	0.00000	0
218	S	0.00000	1	0.00000	0
219	K	0.00000	1	0.00000	0
220	V	0.00000	1	0.00000	0
221	F	0.00000	1	0.00000	0
222	K	0.00000	1	0.00000	0
223	E	0.00000	1	0.00000	0
224	G	0.00000	1	0.00000	0
225	S	0.00000	1	0.00000	0
226	C	0.00000	1	0.00000	0
227	L	0.00000	1	0.00000	0
228	L	0.00000	1	0.00000	0
229	A	0.00000	1	0.00000	0
230	D	0.00000	1	0.00000	0
231	D	0.00000	0.99999	0.00001	0
232	N	0.00000	0.7933	0.20670	0
233	F	0.00000	0.0163	0.98370	0
234	V	0.00000	0.00871	0.99129	0
235	L	0.00000	0.00232	0.99768	0
236	I	0.00000	2e-05	0.99998	0
237	G	0.00000	1e-05	0.99999	0
238	S	0.00000	1e-05	0.99999	0
239	F	0.00000	0	1.00000	0
240	V	0.00000	0	1.00000	0
241	S	0.00000	0	1.00000	0
242	F	0.00000	0	1.00000	0
243	F	0.00000	0	1.00000	0
244	I	0.00000	0	1.00000	0
245	P	0.00000	0	1.00000	0
246	L	0.00000	0	1.00000	0
247	T	0.00000	0	1.00000	0
248	I	0.00000	0	1.00000	0
249	M	0.00000	0	1.00000	0
250	V	0.00000	0	1.00000	0
251	I	0.00000	0	1.00000	0
252	T	0.00000	0	1.00000	0
253	Y	0.00001	0	0.99999	0
254	F	0.00034	0	0.99966	0
255	L	0.01717	0	0.98283	0
256	T	0.18217	0	0.81783	0
257	I	0.25501	0	0.74499	0
258	K	0.99356	0	0.00644	0
259	S	0.99835	0	0.00165	0
260	L	0.99893	0	0.00107	0
261	Q	0.99998	0	0.00002	0
262	K	1.00000	0	0.00000	0
263	E	1.00000	0	0.00000	0
264	A	1.00000	0	0.00000	0
265	T	1.00000	0	0.00000	0
266	L	1.00000	0	0.00000	0
267	C	1.00000	0	0.00000	0
268	V	1.00000	0	0.00000	0
269	S	1.00000	0	0.00000	0
270	D	1.00000	0	0.00000	0
271	P	1.00000	0	0.00000	0
272	G	1.00000	0	0.00000	0
273	T	1.00000	0	0.00000	0
274	R	1.00000	0	0.00000	0
275	A	1.00000	0	0.00000	0
276	K	1.00000	0	0.00000	0
277	L	1.00000	0	0.00000	0
278	A	1.00000	0	0.00000	0
279	S	1.00000	0	0.00000	0
280	F	1.00000	0	0.00000	0
281	S	1.00000	0	0.00000	0
282	F	1.00000	0	0.00000	0
283	L	1.00000	0	0.00000	0
284	P	1.00000	0	0.00000	0
285	Q	1.00000	0	0.00000	0
286	S	1.00000	0	0.00000	0
287	S	1.00000	0	0.00000	0
288	L	1.00000	0	0.00000	0
289	S	1.00000	0	0.00000	0
290	S	1.00000	0	0.00000	0
291	E	1.00000	0	0.00000	0
292	K	1.00000	0	0.00000	0
293	L	1.00000	0	0.00000	0
294	F	1.00000	0	0.00000	0
295	Q	1.00000	0	0.00000	0
296	R	1.00000	0	0.00000	0
297	S	1.00000	0	0.00000	0
298	I	1.00000	0	0.00000	0
299	H	1.00000	0	0.00000	0
300	R	1.00000	0	0.00000	0
301	E	1.00000	0	0.00000	0
302	P	1.00000	0	0.00000	0
303	G	1.00000	0	0.00000	0
304	S	1.00000	0	0.00000	0
305	Y	1.00000	0	0.00000	0
306	A	1.00000	0	0.00000	0
307	G	1.00000	0	0.00000	0
308	R	1.00000	0	0.00000	0
309	R	1.00000	0	0.00000	0
310	T	1.00000	0	0.00000	0
311	M	1.00000	0	0.00000	0
312	Q	1.00000	0	0.00000	0
313	S	1.00000	0	0.00000	0
314	I	1.00000	0	0.00000	0
315	S	1.00000	0	0.00000	0
316	N	1.00000	0	0.00000	0
317	E	1.00000	0	0.00000	0
318	Q	0.99783	0	0.00217	0
319	K	0.99691	0	0.00309	0
320	A	0.15594	0	0.84406	0
321	C	0.15097	0	0.84903	0
322	K	0.02115	0	0.97885	0
323	V	0.00250	0	0.99750	0
324	L	0.00042	0	0.99958	0
325	G	0.00038	0	0.99962	0
326	I	0.00013	0	0.99987	0
327	V	0.00001	0	0.99999	0
328	F	0.00000	0	1.00000	0
329	F	0.00000	0	1.00000	0
330	L	0.00000	0	1.00000	0
331	F	0.00000	0	1.00000	0
332	V	0.00000	0	1.00000	0
333	V	0.00000	0	1.00000	0
334	M	0.00000	0	1.00000	0
335	W	0.00000	0	1.00000	0
336	C	0.00000	0	1.00000	0
337	P	0.00000	0	1.00000	0
338	F	0.00000	0	1.00000	0
339	F	0.00000	0	1.00000	0
340	I	0.00000	3e-05	0.99997	0
341	T	0.00000	0.00049	0.99951	0
342	N	0.00000	0.00634	0.99366	0
343	I	0.00000	0.00892	0.99108	0
344	M	0.00000	0.01869	0.98131	0
345	A	0.00000	0.06779	0.93221	0
346	V	0.00000	0.17449	0.82551	0
347	M	0.00000	0.36768	0.63232	0
348	C	0.00000	0.96005	0.03995	0
349	K	0.00000	0.99985	0.00015	0
350	E	0.00000	0.99999	0.00001	0
351	S	0.00000	0.99999	0.00001	0
352	C	0.00000	0.99998	0.00002	0
353	N	0.00000	0.99993	0.00007	0
354	E	0.00000	0.99989	0.00011	0
355	A	0.00000	0.99955	0.00045	0
356	V	0.00000	0.99839	0.00161	0
357	I	0.00000	0.99691	0.00309	0
358	G	0.00000	0.99602	0.00398	0
359	A	0.00000	0.95109	0.04891	0
360	L	0.00000	0.90876	0.09124	0
361	L	0.00000	0.88655	0.11345	0
362	N	0.00000	0.47114	0.52886	0
363	V	0.00000	0.00339	0.99661	0
364	F	0.00000	0.00013	0.99987	0
365	V	0.00000	0	1.00000	0
366	W	0.00000	0	1.00000	0
367	I	0.00000	0	1.00000	0
368	G	0.00000	0	1.00000	0
369	Y	0.00000	0	1.00000	0
370	L	0.00000	0	1.00000	0
371	S	0.00002	0	0.99998	0
372	S	0.00002	0	0.99998	0
373	A	0.00002	0	0.99998	0
374	V	0.00002	0	0.99998	0
375	N	0.00002	0	0.99998	0
376	P	0.00002	0	0.99998	0
377	L	0.00003	0	0.99997	0
378	V	0.00004	0	0.99996	0
379	Y	0.00026	0	0.99974	0
380	T	0.00101	0	0.99899	0
381	L	0.00332	0	0.99668	0
382	F	0.10594	0	0.89406	0
383	N	0.60611	0	0.39389	0
384	K	1.00000	0	0.00000	0
385	T	1.00000	0	0.00000	0
386	Y	1.00000	0	0.00000	0
387	R	1.00000	0	0.00000	0
388	S	1.00000	0	0.00000	0
389	A	1.00000	0	0.00000	0
390	F	1.00000	0	0.00000	0
391	S	1.00000	0	0.00000	0
392	R	1.00000	0	0.00000	0
393	Y	1.00000	0	0.00000	0
394	I	1.00000	0	0.00000	0
395	Q	1.00000	0	0.00000	0
396	C	1.00000	0	0.00000	0
397	Q	1.00000	0	0.00000	0
398	Y	1.00000	0	0.00000	0
399	K	1.00000	0	0.00000	0
400	E	1.00000	0	0.00000	0
401	N	1.00000	0	0.00000	0
402	K	1.00000	0	0.00000	0
403	K	1.00000	0	0.00000	0
404	P	1.00000	0	0.00000	0
405	L	1.00000	0	0.00000	0
406	Q	1.00000	0	0.00000	0
407	L	1.00000	0	0.00000	0
408	I	1.00000	0	0.00000	0
409	L	1.00000	0	0.00000	0
410	V	1.00000	0	0.00000	0
411	N	1.00000	0	0.00000	0
412	T	1.00000	0	0.00000	0
413	I	1.00000	0	0.00000	0
414	P	1.00000	0	0.00000	0
415	A	1.00000	0	0.00000	0
416	L	1.00000	0	0.00000	0
417	A	1.00000	0	0.00000	0
418	Y	1.00000	0	0.00000	0
419	K	1.00000	0	0.00000	0
420	S	1.00000	0	0.00000	0
421	S	1.00000	0	0.00000	0
422	Q	1.00000	0	0.00000	0
423	L	1.00000	0	0.00000	0
424	Q	1.00000	0	0.00000	0
425	M	1.00000	0	0.00000	0
426	G	1.00000	0	0.00000	0
427	Q	1.00000	0	0.00000	0
428	K	1.00000	0	0.00000	0
429	K	1.00000	0	0.00000	0
430	N	1.00000	0	0.00000	0
431	S	1.00000	0	0.00000	0
432	K	1.00000	0	0.00000	0
433	K	1.00000	0	0.00000	0
434	E	1.00000	0	0.00000	0
435	A	1.00000	0	0.00000	0
436	K	1.00000	0	0.00000	0
437	M	1.00000	0	0.00000	0
438	T	1.00000	0	0.00000	0
439	D	1.00000	0	0.00000	0
440	N	1.00000	0	0.00000	0
441	N	1.00000	0	0.00000	0
442	C	1.00000	0	0.00000	0
443	S	1.00000	0	0.00000	0
444	M	1.00000	0	0.00000	0
445	V	1.00000	0	0.00000	0
446	A	1.00000	0	0.00000	0
447	L	1.00000	0	0.00000	0
448	G	1.00000	0	0.00000	0
449	K	1.00000	0	0.00000	0
450	Q	1.00000	0	0.00000	0
451	H	1.00000	0	0.00000	0
452	S	1.00000	0	0.00000	0
453	D	1.00000	0	0.00000	0
454	D	1.00000	0	0.00000	0
455	A	1.00000	0	0.00000	0
456	S	1.00000	0	0.00000	0
457	T	1.00000	0	0.00000	0
458	D	1.00000	0	0.00000	0
459	N	1.00000	0	0.00000	0
460	I	1.00000	0	0.00000	0
461	D	1.00000	0	0.00000	0
462	T	1.00000	0	0.00000	0
463	V	1.00000	0	0.00000	0
464	N	1.00000	0	0.00000	0
465	E	1.00000	0	0.00000	0
466	K	1.00000	0	0.00000	0
467	V	1.00000	0	0.00000	0
468	S	1.00000	0	0.00000	0
469	C	1.00000	0	0.00000	0
470	V	1.00000	0	0.00000	0
