# UNNAMED
#pos	aa	i	o	M	S
1	M	0.00000	0.88367	0.00000	0.11633
2	G	0.00000	0.88367	0.00000	0.11633
3	G	0.00000	0.88367	0.00000	0.11633
4	P	0.00000	0.88367	0.00000	0.11633
5	A	0.00000	0.88367	0.00000	0.11633
6	R	0.00000	0.88367	0.00000	0.11633
7	T	0.00000	0.88367	0.00000	0.11633
8	V	0.00000	0.88367	0.00000	0.11633
9	L	0.00000	0.88367	0.00000	0.11634
10	G	0.00000	0.88367	0.00000	0.11633
11	G	0.00000	0.88367	0.00000	0.11632
12	I	0.00000	0.88367	0.00000	0.11633
13	G	0.00000	0.88367	0.00000	0.11634
14	T	0.00000	0.8837	0.00000	0.11631
15	T	0.00000	0.88381	0.00000	0.11618
16	T	0.00000	0.88385	0.00000	0.11615
17	S	0.00000	0.88686	0.00000	0.11314
18	S	0.00000	0.91603	0.00000	0.08397
19	L	0.00000	0.92485	0.00000	0.07515
20	E	0.00000	0.93449	0.00000	0.06551
21	V	0.00000	0.94038	0.00000	0.05962
22	G	0.00000	0.94038	0.00000	0.05962
23	S	0.00000	0.94038	0.00000	0.05962
24	Q	0.00000	0.99928	0.00000	0.00072
25	I	0.00000	0.99999	0.00000	1e-05
26	G	0.00000	0.99999	0.00000	1e-05
27	W	0.00000	1	0.00000	0
28	P	0.00000	1	0.00000	0
29	S	0.00000	1	0.00000	0
30	N	0.00000	1	0.00000	0
31	N	0.00000	1	0.00000	0
32	P	0.00000	1	0.00000	0
33	L	0.00000	1	0.00000	0
34	D	0.00000	1	0.00000	0
35	F	0.00000	1	0.00000	0
36	N	0.00000	1	0.00000	0
37	Q	0.00000	1	0.00000	0
38	T	0.00000	1	0.00000	0
39	L	0.00000	1	0.00000	0
40	A	0.00000	1	0.00000	0
41	W	0.00000	1	0.00000	0
42	G	0.00000	1	0.00000	0
43	T	0.00000	1	0.00000	0
44	G	0.00000	1	0.00000	0
45	G	0.00000	1	0.00000	0
46	G	0.00000	1	0.00000	0
47	G	0.00000	1	0.00000	0
48	G	0.00000	1	0.00000	0
49	A	0.00000	1	0.00000	0
50	S	0.00000	1	0.00000	0
51	A	0.00000	1	0.00000	0
52	A	0.00000	1	0.00000	0
53	A	0.00000	1	0.00000	0
54	M	0.00000	1	0.00000	0
55	S	0.00000	1	0.00000	0
56	L	0.00000	1	0.00000	0
57	G	0.00000	1	0.00000	0
58	L	0.00000	1	0.00000	0
59	G	0.00000	1	0.00000	0
60	L	0.00000	1	0.00000	0
61	D	0.00000	1	0.00000	0
62	N	0.00000	1	0.00000	0
63	S	0.00000	1	0.00000	0
64	T	0.00000	1	0.00000	0
65	T	0.00000	1	0.00000	0
66	Q	0.00000	1	0.00000	0
67	E	0.00000	1	0.00000	0
68	S	0.00000	1	0.00000	0
69	V	0.00000	1	0.00000	0
70	T	0.00000	1	0.00000	0
71	K	0.00000	1	0.00000	0
72	S	0.00000	1	0.00000	0
73	V	0.00000	1	0.00000	0
74	I	0.00000	1	0.00000	0
75	K	0.00000	1	0.00000	0
76	E	0.00000	0.99999	0.00001	0
77	K	0.00000	0.9996	0.00040	0
78	N	0.00000	0.98392	0.01608	0
79	W	0.00000	0.68191	0.31809	0
80	P	0.00000	0.55031	0.44969	0
81	A	0.00000	0.30947	0.69053	0
82	L	0.00000	0.15459	0.84541	0
83	L	0.00000	0.05215	0.94785	0
84	I	0.00000	0.00193	0.99807	0
85	L	0.00000	0.00015	0.99985	0
86	V	0.00000	1e-05	0.99999	0
87	I	0.00000	0	1.00000	0
88	I	0.00000	0	1.00000	0
89	A	0.00000	0	1.00000	0
90	L	0.00000	0	1.00000	0
91	T	0.00000	0	1.00000	0
92	V	0.00000	0	1.00000	0
93	G	0.00000	0	1.00000	0
94	G	0.00000	0	1.00000	0
95	N	0.00000	0	1.00000	0
96	I	0.00000	0	1.00000	0
97	L	0.00000	0	1.00000	0
98	V	0.00000	0	1.00000	0
99	I	0.00001	0	0.99999	0
100	L	0.00188	0	0.99812	0
101	A	0.07951	0	0.92049	0
102	V	0.21326	0	0.78674	0
103	S	0.77265	0	0.22735	0
104	L	0.86183	0	0.13817	0
105	E	0.99711	0	0.00289	0
106	K	0.99996	0	0.00004	0
107	K	1.00000	0	0.00000	0
108	L	0.99985	0	0.00015	0
109	Q	0.99915	0	0.00085	0
110	N	0.98349	0	0.01651	0
111	A	0.94407	0	0.05593	0
112	T	0.57713	0	0.42287	0
113	N	0.10031	0	0.89969	0
114	F	0.01415	0	0.98585	0
115	F	0.00016	0	0.99984	0
116	L	0.00002	0	0.99998	0
117	R	0.00001	0	0.99999	0
118	S	0.00000	0	1.00000	0
119	L	0.00000	0	1.00000	0
120	A	0.00000	0	1.00000	0
121	V	0.00000	0	1.00000	0
122	A	0.00000	0	1.00000	0
123	D	0.00000	0	1.00000	0
124	M	0.00000	0	1.00000	0
125	L	0.00000	0	1.00000	0
126	V	0.00000	0	1.00000	0
127	G	0.00000	0	1.00000	0
128	I	0.00000	0	1.00000	0
129	L	0.00000	2e-05	0.99998	0
130	V	0.00000	0.00022	0.99978	0
131	M	0.00000	0.00434	0.99566	0
132	P	0.00000	0.05444	0.94556	0
133	V	0.00000	0.14524	0.85476	0
134	S	0.00000	0.3925	0.60750	0
135	L	0.00000	0.48025	0.51975	0
136	I	0.00000	0.65997	0.34003	0
137	N	0.00000	0.99967	0.00033	0
138	I	0.00000	0.99969	0.00031	0
139	L	0.00000	0.99972	0.00028	0
140	Y	0.00000	0.99994	0.00006	0
141	D	0.00000	1	0.00000	0
142	Y	0.00000	1	0.00000	0
143	A	0.00000	1	0.00000	0
144	W	0.00000	1	0.00000	0
145	P	0.00000	1	0.00000	0
146	L	0.00000	1	0.00000	0
147	P	0.00000	1	0.00000	0
148	S	0.00000	1	0.00000	0
149	A	0.00000	1	0.00000	0
150	L	0.00000	1	0.00000	0
151	C	0.00000	1	0.00000	0
152	P	0.00000	0.99997	0.00003	0
153	I	0.00000	0.99888	0.00112	0
154	W	0.00000	0.89234	0.10766	0
155	I	0.00000	0.25688	0.74312	0
156	Y	0.00000	0.12958	0.87042	0
157	L	0.00000	0.00787	0.99213	0
158	D	0.00000	0.00293	0.99707	0
159	V	0.00000	9e-05	0.99991	0
160	L	0.00000	0	1.00000	0
161	F	0.00000	0	1.00000	0
162	S	0.00000	0	1.00000	0
163	T	0.00000	0	1.00000	0
164	A	0.00000	0	1.00000	0
165	S	0.00000	0	1.00000	0
166	I	0.00000	0	1.00000	0
167	M	0.00000	0	1.00000	0
168	H	0.00000	0	1.00000	0
169	L	0.00000	0	1.00000	0
170	C	0.00000	0	1.00000	0
171	A	0.00000	0	1.00000	0
172	I	0.00000	0	1.00000	0
173	S	0.00000	0	1.00000	0
174	L	0.00000	0	1.00000	0
175	D	0.00000	0	1.00000	0
176	R	0.01541	0	0.98459	0
177	Y	0.19160	0	0.80840	0
178	V	0.69875	0	0.30125	0
179	A	0.79403	0	0.20597	0
180	I	0.99999	0	0.00001	0
181	R	1.00000	0	0.00000	0
182	N	1.00000	0	0.00000	0
183	P	1.00000	0	0.00000	0
184	I	1.00000	0	0.00000	0
185	E	1.00000	0	0.00000	0
186	H	1.00000	0	0.00000	0
187	S	1.00000	0	0.00000	0
188	R	1.00000	0	0.00000	0
189	F	1.00000	0	0.00000	0
190	N	1.00000	0	0.00000	0
191	S	1.00000	0	0.00000	0
192	R	1.00000	0	0.00000	0
193	T	0.99994	0	0.00006	0
194	K	0.99891	0	0.00109	0
195	A	0.80506	0	0.19494	0
196	M	0.64272	0	0.35728	0
197	M	0.44792	0	0.55208	0
198	K	0.39500	0	0.60500	0
199	I	0.00154	0	0.99846	0
200	A	0.00005	0	0.99995	0
201	A	0.00000	0	1.00000	0
202	V	0.00000	0	1.00000	0
203	W	0.00000	0	1.00000	0
204	T	0.00000	0	1.00000	0
205	I	0.00000	0	1.00000	0
206	S	0.00000	0	1.00000	0
207	I	0.00000	0	1.00000	0
208	G	0.00000	0	1.00000	0
209	V	0.00000	0	1.00000	0
210	S	0.00000	0	1.00000	0
211	M	0.00000	0	1.00000	0
212	P	0.00000	0	1.00000	0
213	I	0.00000	0	1.00000	0
214	P	0.00000	0.00152	0.99848	0
215	V	0.00000	0.00739	0.99261	0
216	I	0.00000	0.06646	0.93354	0
217	G	0.00000	0.22753	0.77247	0
218	L	0.00000	0.31521	0.68479	0
219	H	0.00000	0.69533	0.30467	0
220	N	0.00000	0.97487	0.02513	0
221	E	0.00000	0.99974	0.00026	0
222	D	0.00000	1	0.00000	0
223	K	0.00000	1	0.00000	0
224	V	0.00000	1	0.00000	0
225	F	0.00000	1	0.00000	0
226	V	0.00000	1	0.00000	0
227	N	0.00000	1	0.00000	0
228	G	0.00000	1	0.00000	0
229	S	0.00000	1	0.00000	0
230	C	0.00000	1	0.00000	0
231	V	0.00000	1	0.00000	0
232	L	0.00000	1	0.00000	0
233	N	0.00000	1	0.00000	0
234	E	0.00000	1	0.00000	0
235	E	0.00000	0.99995	0.00005	0
236	R	0.00000	0.90923	0.09077	0
237	F	0.00000	0.0173	0.98270	0
238	I	0.00000	0.00778	0.99222	0
239	L	0.00000	0.00097	0.99903	0
240	I	0.00000	0.00033	0.99967	0
241	G	0.00000	0.00028	0.99972	0
242	S	0.00000	0.00017	0.99983	0
243	F	0.00000	0.0001	0.99990	0
244	V	0.00000	0	1.00000	0
245	A	0.00000	0	1.00000	0
246	F	0.00000	0	1.00000	0
247	F	0.00000	0	1.00000	0
248	I	0.00000	0	1.00000	0
249	P	0.00000	0	1.00000	0
250	L	0.00000	0	1.00000	0
251	V	0.00000	0	1.00000	0
252	I	0.00000	0	1.00000	0
253	M	0.00000	0	1.00000	0
254	V	0.00000	0	1.00000	0
255	V	0.00000	0	1.00000	0
256	T	0.00000	0	1.00000	0
257	Y	0.00001	0	0.99999	0
258	C	0.00040	0	0.99960	0
259	L	0.01224	0	0.98776	0
260	T	0.14753	0	0.85247	0
261	I	0.21758	0	0.78242	0
262	Q	0.97748	0	0.02252	0
263	V	0.98001	0	0.01999	0
264	L	0.98705	0	0.01295	0
265	Q	0.99977	0	0.00023	0
266	R	0.99999	0	0.00001	0
267	Q	1.00000	0	0.00000	0
268	A	1.00000	0	0.00000	0
269	T	1.00000	0	0.00000	0
270	V	1.00000	0	0.00000	0
271	F	1.00000	0	0.00000	0
272	L	1.00000	0	0.00000	0
273	Y	1.00000	0	0.00000	0
274	E	1.00000	0	0.00000	0
275	A	1.00000	0	0.00000	0
276	K	1.00000	0	0.00000	0
277	S	1.00000	0	0.00000	0
278	S	1.00000	0	0.00000	0
279	S	1.00000	0	0.00000	0
280	Q	1.00000	0	0.00000	0
281	Q	1.00000	0	0.00000	0
282	P	1.00000	0	0.00000	0
283	L	1.00000	0	0.00000	0
284	S	1.00000	0	0.00000	0
285	A	1.00000	0	0.00000	0
286	P	1.00000	0	0.00000	0
287	A	1.00000	0	0.00000	0
288	I	1.00000	0	0.00000	0
289	T	1.00000	0	0.00000	0
290	L	1.00000	0	0.00000	0
291	Q	1.00000	0	0.00000	0
292	P	1.00000	0	0.00000	0
293	P	1.00000	0	0.00000	0
294	P	1.00000	0	0.00000	0
295	S	1.00000	0	0.00000	0
296	Q	1.00000	0	0.00000	0
297	L	1.00000	0	0.00000	0
298	K	1.00000	0	0.00000	0
299	P	1.00000	0	0.00000	0
300	P	1.00000	0	0.00000	0
301	P	1.00000	0	0.00000	0
302	L	1.00000	0	0.00000	0
303	Q	1.00000	0	0.00000	0
304	S	1.00000	0	0.00000	0
305	R	1.00000	0	0.00000	0
306	R	1.00000	0	0.00000	0
307	N	1.00000	0	0.00000	0
308	T	1.00000	0	0.00000	0
309	L	1.00000	0	0.00000	0
310	S	1.00000	0	0.00000	0
311	C	1.00000	0	0.00000	0
312	L	1.00000	0	0.00000	0
313	K	1.00000	0	0.00000	0
314	G	1.00000	0	0.00000	0
315	P	1.00000	0	0.00000	0
316	E	1.00000	0	0.00000	0
317	P	1.00000	0	0.00000	0
318	S	1.00000	0	0.00000	0
319	I	1.00000	0	0.00000	0
320	L	1.00000	0	0.00000	0
321	L	1.00000	0	0.00000	0
322	S	1.00000	0	0.00000	0
323	A	1.00000	0	0.00000	0
324	S	1.00000	0	0.00000	0
325	A	1.00000	0	0.00000	0
326	S	1.00000	0	0.00000	0
327	D	1.00000	0	0.00000	0
328	S	1.00000	0	0.00000	0
329	L	1.00000	0	0.00000	0
330	S	1.00000	0	0.00000	0
331	I	1.00000	0	0.00000	0
332	I	1.00000	0	0.00000	0
333	P	1.00000	0	0.00000	0
334	S	1.00000	0	0.00000	0
335	S	1.00000	0	0.00000	0
336	E	1.00000	0	0.00000	0
337	A	1.00000	0	0.00000	0
338	A	1.00000	0	0.00000	0
339	S	1.00000	0	0.00000	0
340	Q	1.00000	0	0.00000	0
341	L	1.00000	0	0.00000	0
342	S	1.00000	0	0.00000	0
343	S	1.00000	0	0.00000	0
344	P	1.00000	0	0.00000	0
345	A	1.00000	0	0.00000	0
346	A	1.00000	0	0.00000	0
347	G	1.00000	0	0.00000	0
348	P	1.00000	0	0.00000	0
349	G	1.00000	0	0.00000	0
350	R	1.00000	0	0.00000	0
351	S	1.00000	0	0.00000	0
352	D	1.00000	0	0.00000	0
353	A	1.00000	0	0.00000	0
354	S	1.00000	0	0.00000	0
355	G	1.00000	0	0.00000	0
356	C	1.00000	0	0.00000	0
357	H	1.00000	0	0.00000	0
358	G	1.00000	0	0.00000	0
359	R	1.00000	0	0.00000	0
360	R	1.00000	0	0.00000	0
361	G	1.00000	0	0.00000	0
362	M	1.00000	0	0.00000	0
363	M	1.00000	0	0.00000	0
364	Q	1.00000	0	0.00000	0
365	A	1.00000	0	0.00000	0
366	I	1.00000	0	0.00000	0
367	K	1.00000	0	0.00000	0
368	N	1.00000	0	0.00000	0
369	E	1.00000	0	0.00000	0
370	R	0.99580	0	0.00420	0
371	R	0.99540	0	0.00460	0
372	A	0.44481	0	0.55519	0
373	S	0.44189	0	0.55811	0
374	K	0.05895	0	0.94105	0
375	V	0.00641	0	0.99359	0
376	L	0.00076	0	0.99924	0
377	G	0.00066	0	0.99934	0
378	I	0.00004	0	0.99996	0
379	V	0.00003	0	0.99997	0
380	F	0.00000	0	1.00000	0
381	F	0.00000	0	1.00000	0
382	L	0.00000	0	1.00000	0
383	F	0.00000	0	1.00000	0
384	L	0.00000	0	1.00000	0
385	V	0.00000	0	1.00000	0
386	M	0.00000	0	1.00000	0
387	W	0.00000	0	1.00000	0
388	C	0.00000	0	1.00000	0
389	P	0.00000	0	1.00000	0
390	F	0.00000	0	1.00000	0
391	F	0.00000	1e-05	0.99999	0
392	I	0.00000	0.00017	0.99983	0
393	T	0.00000	0.0026	0.99740	0
394	N	0.00000	0.03385	0.96615	0
395	V	0.00000	0.0481	0.95190	0
396	T	0.00000	0.09063	0.90937	0
397	F	0.00000	0.11294	0.88706	0
398	V	0.00000	0.21629	0.78371	0
399	L	0.00000	0.42444	0.57556	0
400	C	0.00000	0.9575	0.04250	0
401	R	0.00000	0.99879	0.00121	0
402	D	0.00000	1	0.00000	0
403	S	0.00000	1	0.00000	0
404	C	0.00000	1	0.00000	0
405	N	0.00000	1	0.00000	0
406	E	0.00000	1	0.00000	0
407	S	0.00000	0.99999	0.00001	0
408	L	0.00000	0.99983	0.00017	0
409	L	0.00000	0.99966	0.00034	0
410	H	0.00000	0.99959	0.00041	0
411	D	0.00000	0.99873	0.00127	0
412	L	0.00000	0.96931	0.03069	0
413	L	0.00000	0.95388	0.04612	0
414	N	0.00000	0.66556	0.33444	0
415	V	0.00000	0.00479	0.99521	0
416	F	0.00000	0.00018	0.99982	0
417	V	0.00000	0	1.00000	0
418	W	0.00000	0	1.00000	0
419	V	0.00000	0	1.00000	0
420	G	0.00000	0	1.00000	0
421	Y	0.00000	0	1.00000	0
422	I	0.00000	0	1.00000	0
423	S	0.00000	0	1.00000	0
424	S	0.00000	0	1.00000	0
425	G	0.00000	0	1.00000	0
426	V	0.00000	0	1.00000	0
427	N	0.00000	0	1.00000	0
428	P	0.00000	0	1.00000	0
429	L	0.00000	0	1.00000	0
430	V	0.00000	0	1.00000	0
431	Y	0.00001	0	0.99999	0
432	T	0.00005	0	0.99995	0
433	L	0.00075	0	0.99925	0
434	F	0.06783	0	0.93217	0
435	N	0.55192	0	0.44808	0
436	K	1.00000	0	0.00000	0
437	T	1.00000	0	0.00000	0
438	Y	1.00000	0	0.00000	0
439	R	1.00000	0	0.00000	0
440	R	1.00000	0	0.00000	0
441	A	1.00000	0	0.00000	0
442	F	1.00000	0	0.00000	0
443	S	1.00000	0	0.00000	0
444	N	1.00000	0	0.00000	0
445	Y	1.00000	0	0.00000	0
446	I	1.00000	0	0.00000	0
447	R	1.00000	0	0.00000	0
448	C	1.00000	0	0.00000	0
449	Q	1.00000	0	0.00000	0
450	Y	1.00000	0	0.00000	0
451	K	1.00000	0	0.00000	0
452	A	1.00000	0	0.00000	0
453	G	1.00000	0	0.00000	0
454	A	1.00000	0	0.00000	0
455	N	1.00000	0	0.00000	0
456	A	1.00000	0	0.00000	0
457	A	1.00000	0	0.00000	0
458	G	1.00000	0	0.00000	0
459	Q	1.00000	0	0.00000	0
460	G	1.00000	0	0.00000	0
461	G	1.00000	0	0.00000	0
462	K	1.00000	0	0.00000	0
463	T	1.00000	0	0.00000	0
464	L	1.00000	0	0.00000	0
465	L	1.00000	0	0.00000	0
466	T	1.00000	0	0.00000	0
467	P	1.00000	0	0.00000	0
468	Q	1.00000	0	0.00000	0
469	Q	1.00000	0	0.00000	0
470	C	1.00000	0	0.00000	0
471	P	1.00000	0	0.00000	0
472	S	1.00000	0	0.00000	0
473	H	1.00000	0	0.00000	0
474	A	1.00000	0	0.00000	0
475	V	1.00000	0	0.00000	0
476	T	1.00000	0	0.00000	0
477	P	1.00000	0	0.00000	0
478	L	1.00000	0	0.00000	0
479	L	1.00000	0	0.00000	0
480	M	1.00000	0	0.00000	0
481	G	1.00000	0	0.00000	0
482	G	1.00000	0	0.00000	0
483	H	1.00000	0	0.00000	0
484	D	1.00000	0	0.00000	0
485	K	1.00000	0	0.00000	0
486	S	1.00000	0	0.00000	0
487	G	1.00000	0	0.00000	0
488	V	1.00000	0	0.00000	0
489	D	1.00000	0	0.00000	0
490	R	1.00000	0	0.00000	0
491	N	1.00000	0	0.00000	0
492	S	1.00000	0	0.00000	0
493	N	1.00000	0	0.00000	0
494	C	1.00000	0	0.00000	0
495	R	1.00000	0	0.00000	0
496	N	1.00000	0	0.00000	0
497	G	1.00000	0	0.00000	0
498	S	1.00000	0	0.00000	0
499	R	1.00000	0	0.00000	0
500	G	1.00000	0	0.00000	0
501	D	1.00000	0	0.00000	0
502	N	1.00000	0	0.00000	0
503	G	1.00000	0	0.00000	0
504	R	1.00000	0	0.00000	0
505	L	1.00000	0	0.00000	0
506	T	1.00000	0	0.00000	0
507	V	1.00000	0	0.00000	0
508	D	1.00000	0	0.00000	0
509	P	1.00000	0	0.00000	0
510	E	1.00000	0	0.00000	0
511	D	1.00000	0	0.00000	0
512	T	1.00000	0	0.00000	0
513	T	1.00000	0	0.00000	0
514	D	1.00000	0	0.00000	0
515	D	1.00000	0	0.00000	0
516	G	1.00000	0	0.00000	0
517	T	1.00000	0	0.00000	0
518	Q	1.00000	0	0.00000	0
519	I	1.00000	0	0.00000	0
520	G	1.00000	0	0.00000	0
521	L	1.00000	0	0.00000	0
522	V	1.00000	0	0.00000	0
523	S	1.00000	0	0.00000	0
524	Q	1.00000	0	0.00000	0
525	S	1.00000	0	0.00000	0
526	L	1.00000	0	0.00000	0
527	S	1.00000	0	0.00000	0
528	E	1.00000	0	0.00000	0
529	C	1.00000	0	0.00000	0
530	H	1.00000	0	0.00000	0
531	N	1.00000	0	0.00000	0
532	A	1.00000	0	0.00000	0
533	G	1.00000	0	0.00000	0
534	T	1.00000	0	0.00000	0
535	L	1.00000	0	0.00000	0
536	S	1.00000	0	0.00000	0
537	E	1.00000	0	0.00000	0
538	T	1.00000	0	0.00000	0
539	E	1.00000	0	0.00000	0
540	P	1.00000	0	0.00000	0
541	E	1.00000	0	0.00000	0
542	T	1.00000	0	0.00000	0
543	E	1.00000	0	0.00000	0
544	I	1.00000	0	0.00000	0
545	E	1.00000	0	0.00000	0
546	Q	1.00000	0	0.00000	0
547	E	1.00000	0	0.00000	0
548	L	1.00000	0	0.00000	0
549	S	1.00000	0	0.00000	0
550	L	1.00000	0	0.00000	0
551	I	1.00000	0	0.00000	0
552	S	1.00000	0	0.00000	0
553	Y	1.00000	0	0.00000	0
554	P	1.00000	0	0.00000	0
555	P	1.00000	0	0.00000	0
556	P	1.00000	0	0.00000	0
557	R	1.00000	0	0.00000	0
558	E	1.00000	0	0.00000	0
559	H	1.00000	0	0.00000	0
560	T	1.00000	0	0.00000	0
561	S	1.00000	0	0.00000	0
562	S	1.00000	0	0.00000	0
563	V	1.00000	0	0.00000	0
