# UNNAMED
#pos	aa	i	o	M	S
1	M	0.00000	1	0.00000	0
2	D	0.00000	1	0.00000	0
3	P	0.00000	1	0.00000	0
4	C	0.00000	1	0.00000	0
5	Y	0.00000	1	0.00000	0
6	N	0.00000	1	0.00000	0
7	Q	0.00000	1	0.00000	0
8	T	0.00000	1	0.00000	0
9	A	0.00000	1	0.00000	0
10	S	0.00000	1	0.00000	0
11	Q	0.00000	1	0.00000	0
12	E	0.00000	1	0.00000	0
13	R	0.00000	1	0.00000	0
14	M	0.00000	1	0.00000	0
15	D	0.00000	1	0.00000	0
16	F	0.00000	0.88752	0.11248	0
17	P	0.00000	0.84967	0.15033	0
18	L	0.00000	0.60867	0.39133	0
19	Q	0.00000	0.50834	0.49166	0
20	L	0.00000	0.20689	0.79311	0
21	L	0.00000	0.17752	0.82248	0
22	V	0.00000	0.16443	0.83557	0
23	G	0.00000	0.16089	0.83911	0
24	S	0.00000	0.15025	0.84975	0
25	C	0.00000	0.13545	0.86455	0
26	L	0.00000	0.02034	0.97966	0
27	A	0.00000	0.00571	0.99429	0
28	I	0.00000	0.00011	0.99989	0
29	L	0.00000	0	1.00000	0
30	I	0.00000	0	1.00000	0
31	M	0.00000	0	1.00000	0
32	I	0.00000	0	1.00000	0
33	T	0.00000	0	1.00000	0
34	L	0.00000	0	1.00000	0
35	C	0.00000	0	1.00000	0
36	G	0.00000	0	1.00000	0
37	N	0.00000	0	1.00000	0
38	I	0.00000	0	1.00000	0
39	I	0.00000	0	1.00000	0
40	V	0.00013	0	0.99987	0
41	C	0.00097	0	0.99903	0
42	L	0.01249	0	0.98751	0
43	A	0.24396	0	0.75604	0
44	V	0.45835	0	0.54165	0
45	T	0.79942	0	0.20058	0
46	L	0.85191	0	0.14809	0
47	D	0.99837	0	0.00163	0
48	R	0.99995	0	0.00005	0
49	R	1.00000	0	0.00000	0
50	L	0.99999	0	0.00001	0
51	R	0.99998	0	0.00002	0
52	S	0.99566	0	0.00434	0
53	L	0.86120	0	0.13880	0
54	T	0.75445	0	0.24555	0
55	N	0.16235	0	0.83765	0
56	C	0.06239	0	0.93761	0
57	I	0.00039	0	0.99961	0
58	I	0.00003	0	0.99997	0
59	V	0.00000	0	1.00000	0
60	S	0.00000	0	1.00000	0
61	L	0.00000	0	1.00000	0
62	A	0.00000	0	1.00000	0
63	I	0.00000	0	1.00000	0
64	T	0.00000	0	1.00000	0
65	D	0.00000	0	1.00000	0
66	L	0.00000	0	1.00000	0
67	L	0.00000	0	1.00000	0
68	L	0.00000	0	1.00000	0
69	G	0.00000	0	1.00000	0
70	L	0.00000	0	1.00000	0
71	L	0.00000	0	1.00000	0
72	V	0.00000	9e-05	0.99991	0
73	L	0.00000	0.00158	0.99842	0
74	P	0.00000	0.02053	0.97947	0
75	F	0.00000	0.05339	0.94661	0
76	S	0.00000	0.34546	0.65454	0
77	A	0.00000	0.45325	0.54675	0
78	F	0.00000	0.55203	0.44797	0
79	Y	0.00000	0.99983	0.00017	0
80	E	0.00000	0.99994	0.00006	0
81	L	0.00000	0.99994	0.00006	0
82	A	0.00000	0.99997	0.00003	0
83	K	0.00000	1	0.00000	0
84	E	0.00000	1	0.00000	0
85	W	0.00000	1	0.00000	0
86	P	0.00000	1	0.00000	0
87	F	0.00000	1	0.00000	0
88	G	0.00000	1	0.00000	0
89	S	0.00000	1	0.00000	0
90	T	0.00000	1	0.00000	0
91	L	0.00000	1	0.00000	0
92	C	0.00000	1	0.00000	0
93	N	0.00000	0.99999	0.00001	0
94	I	0.00000	0.99914	0.00086	0
95	Y	0.00000	0.91564	0.08436	0
96	T	0.00000	0.72189	0.27811	0
97	S	0.00000	0.46691	0.53309	0
98	L	0.00000	0.00682	0.99318	0
99	D	0.00000	0.00219	0.99781	0
100	V	0.00000	6e-05	0.99994	0
101	M	0.00000	0	1.00000	0
102	L	0.00000	0	1.00000	0
103	C	0.00000	0	1.00000	0
104	T	0.00000	0	1.00000	0
105	A	0.00000	0	1.00000	0
106	S	0.00000	0	1.00000	0
107	I	0.00000	0	1.00000	0
108	L	0.00000	0	1.00000	0
109	N	0.00000	0	1.00000	0
110	L	0.00000	0	1.00000	0
111	F	0.00000	0	1.00000	0
112	M	0.00000	0	1.00000	0
113	I	0.00000	0	1.00000	0
114	S	0.00000	0	1.00000	0
115	L	0.00000	0	1.00000	0
116	D	0.00003	0	0.99997	0
117	R	0.00657	0	0.99343	0
118	Y	0.18272	0	0.81728	0
119	F	0.51111	0	0.48889	0
120	A	0.84785	0	0.15215	0
121	V	0.99994	0	0.00006	0
122	T	1.00000	0	0.00000	0
123	T	1.00000	0	0.00000	0
124	P	1.00000	0	0.00000	0
125	L	1.00000	0	0.00000	0
126	R	1.00000	0	0.00000	0
127	Y	1.00000	0	0.00000	0
128	G	1.00000	0	0.00000	0
129	Q	1.00000	0	0.00000	0
130	L	0.99999	0	0.00001	0
131	V	0.99749	0	0.00251	0
132	T	0.99641	0	0.00359	0
133	S	0.98781	0	0.01219	0
134	F	0.91587	0	0.08413	0
135	R	0.90748	0	0.09252	0
136	V	0.33064	0	0.66936	0
137	A	0.09925	0	0.90075	0
138	V	0.01913	0	0.98087	0
139	G	0.01089	0	0.98911	0
140	L	0.00004	0	0.99996	0
141	I	0.00000	0	1.00000	0
142	V	0.00000	0	1.00000	0
143	I	0.00000	0	1.00000	0
144	W	0.00000	0	1.00000	0
145	T	0.00000	0	1.00000	0
146	V	0.00000	0	1.00000	0
147	S	0.00000	0	1.00000	0
148	L	0.00000	0	1.00000	0
149	M	0.00000	0	1.00000	0
150	V	0.00000	0	1.00000	0
151	S	0.00000	7e-05	0.99993	0
152	F	0.00000	0.00018	0.99982	0
153	L	0.00000	0.00172	0.99828	0
154	P	0.00000	0.02347	0.97653	0
155	I	0.00000	0.03384	0.96616	0
156	H	0.00000	0.13956	0.86044	0
157	L	0.00000	0.24749	0.75251	0
158	G	0.00000	0.75443	0.24557	0
159	W	0.00000	0.85957	0.14043	0
160	N	0.00000	0.99092	0.00908	0
161	T	0.00000	0.99981	0.00019	0
162	N	0.00000	0.99999	0.00001	0
163	G	0.00000	1	0.00000	0
164	T	0.00000	1	0.00000	0
165	A	0.00000	1	0.00000	0
166	V	0.00000	1	0.00000	0
167	Q	0.00000	1	0.00000	0
168	N	0.00000	1	0.00000	0
169	T	0.00000	1	0.00000	0
170	A	0.00000	1	0.00000	0
171	P	0.00000	1	0.00000	0
172	N	0.00000	1	0.00000	0
173	C	0.00000	1	0.00000	0
174	N	0.00000	1	0.00000	0
175	K	0.00000	1	0.00000	0
176	E	0.00000	1	0.00000	0
177	C	0.00000	1	0.00000	0
178	M	0.00000	0.9998	0.00020	0
179	L	0.00000	0.9998	0.00020	0
180	E	0.00000	0.99979	0.00021	0
181	V	0.00000	0.99774	0.00226	0
182	N	0.00000	0.99773	0.00227	0
183	P	0.00000	0.99686	0.00314	0
184	V	0.00000	0.00344	0.99656	0
185	Y	0.00000	0.00312	0.99688	0
186	G	0.00000	0.00305	0.99695	0
187	L	0.00000	0.00291	0.99709	0
188	V	0.00000	0.00283	0.99717	0
189	D	0.00000	0.00283	0.99717	0
190	A	0.00000	0.00021	0.99979	0
191	L	0.00000	0.00012	0.99988	0
192	L	0.00000	0	1.00000	0
193	T	0.00000	0	1.00000	0
194	F	0.00000	0	1.00000	0
195	Y	0.00000	0	1.00000	0
196	I	0.00000	0	1.00000	0
197	P	0.00000	0	1.00000	0
198	L	0.00000	0	1.00000	0
199	V	0.00000	0	1.00000	0
200	I	0.00000	0	1.00000	0
201	M	0.00000	0	1.00000	0
202	C	0.00000	0	1.00000	0
203	I	0.00003	0	0.99997	0
204	T	0.00023	0	0.99977	0
205	Y	0.00054	0	0.99946	0
206	Y	0.01192	0	0.98808	0
207	Q	0.29792	0	0.70208	0
208	I	0.31031	0	0.68969	0
209	F	0.36690	0	0.63310	0
210	K	0.99259	0	0.00741	0
211	I	0.99541	0	0.00459	0
212	A	0.99684	0	0.00316	0
213	R	0.99978	0	0.00022	0
214	E	0.99999	0	0.00001	0
215	Q	1.00000	0	0.00000	0
216	A	1.00000	0	0.00000	0
217	K	1.00000	0	0.00000	0
218	R	1.00000	0	0.00000	0
219	I	1.00000	0	0.00000	0
220	N	1.00000	0	0.00000	0
221	H	1.00000	0	0.00000	0
222	I	1.00000	0	0.00000	0
223	W	1.00000	0	0.00000	0
224	C	1.00000	0	0.00000	0
225	S	1.00000	0	0.00000	0
226	S	1.00000	0	0.00000	0
227	S	1.00000	0	0.00000	0
228	N	1.00000	0	0.00000	0
229	A	1.00000	0	0.00000	0
230	P	1.00000	0	0.00000	0
231	M	1.00000	0	0.00000	0
232	P	1.00000	0	0.00000	0
233	P	1.00000	0	0.00000	0
234	M	1.00000	0	0.00000	0
235	V	1.00000	0	0.00000	0
236	K	1.00000	0	0.00000	0
237	E	1.00000	0	0.00000	0
238	H	0.99932	0	0.00068	0
239	K	0.99659	0	0.00341	0
240	A	0.73679	0	0.26321	0
241	T	0.35200	0	0.64800	0
242	V	0.06854	0	0.93146	0
243	T	0.06797	0	0.93203	0
244	L	0.00037	0	0.99963	0
245	A	0.00002	0	0.99998	0
246	V	0.00000	0	1.00000	0
247	V	0.00000	0	1.00000	0
248	L	0.00000	0	1.00000	0
249	G	0.00000	0	1.00000	0
250	A	0.00000	0	1.00000	0
251	F	0.00000	0	1.00000	0
252	I	0.00000	0	1.00000	0
253	V	0.00000	0	1.00000	0
254	C	0.00000	0	1.00000	0
255	W	0.00000	0	1.00000	0
256	F	0.00000	0	1.00000	0
257	P	0.00000	0	1.00000	0
258	Y	0.00000	0	1.00000	0
259	F	0.00000	0	1.00000	0
260	T	0.00000	0.00085	0.99915	0
261	V	0.00000	0.00368	0.99632	0
262	F	0.00000	0.02674	0.97326	0
263	T	0.00000	0.57405	0.42595	0
264	Y	0.00000	0.72801	0.27199	0
265	R	0.00000	0.95455	0.04545	0
266	G	0.00000	0.96987	0.03013	0
267	V	0.00000	0.9757	0.02430	0
268	W	0.00000	0.98794	0.01206	0
269	G	0.00000	0.99933	0.00067	0
270	D	0.00000	1	0.00000	0
271	S	0.00000	1	0.00000	0
272	K	0.00000	1	0.00000	0
273	V	0.00000	1	0.00000	0
274	K	0.00000	1	0.00000	0
275	G	0.00000	0.99999	0.00001	0
276	T	0.00000	0.99982	0.00018	0
277	P	0.00000	0.99893	0.00107	0
278	M	0.00000	0.98535	0.01465	0
279	S	0.00000	0.82424	0.17576	0
280	I	0.00000	0.00718	0.99282	0
281	V	0.00000	0.00024	0.99976	0
282	L	0.00000	0	1.00000	0
283	W	0.00000	0	1.00000	0
284	L	0.00000	0	1.00000	0
285	G	0.00000	0	1.00000	0
286	Y	0.00000	0	1.00000	0
287	A	0.00000	0	1.00000	0
288	N	0.00000	0	1.00000	0
289	S	0.00000	0	1.00000	0
290	A	0.00000	0	1.00000	0
291	L	0.00000	0	1.00000	0
292	N	0.00000	0	1.00000	0
293	P	0.00000	0	1.00000	0
294	I	0.00000	0	1.00000	0
295	L	0.00000	0	1.00000	0
296	Y	0.00000	0	1.00000	0
297	G	0.00000	0	1.00000	0
298	T	0.00011	0	0.99989	0
299	L	0.01165	0	0.98835	0
300	N	0.47530	0	0.52470	0
301	R	1.00000	0	0.00000	0
302	D	1.00000	0	0.00000	0
303	F	1.00000	0	0.00000	0
304	R	1.00000	0	0.00000	0
305	E	1.00000	0	0.00000	0
306	A	1.00000	0	0.00000	0
307	Y	1.00000	0	0.00000	0
308	Q	1.00000	0	0.00000	0
309	H	1.00000	0	0.00000	0
310	L	1.00000	0	0.00000	0
311	L	1.00000	0	0.00000	0
312	R	1.00000	0	0.00000	0
313	C	1.00000	0	0.00000	0
314	W	1.00000	0	0.00000	0
315	R	1.00000	0	0.00000	0
316	T	1.00000	0	0.00000	0
317	G	1.00000	0	0.00000	0
318	D	1.00000	0	0.00000	0
319	P	1.00000	0	0.00000	0
320	R	1.00000	0	0.00000	0
321	S	1.00000	0	0.00000	0
322	S	1.00000	0	0.00000	0
323	C	1.00000	0	0.00000	0
324	L	1.00000	0	0.00000	0
325	R	1.00000	0	0.00000	0
326	R	1.00000	0	0.00000	0
327	L	1.00000	0	0.00000	0
328	Q	1.00000	0	0.00000	0
329	K	1.00000	0	0.00000	0
330	A	1.00000	0	0.00000	0
331	Q	1.00000	0	0.00000	0
332	S	1.00000	0	0.00000	0
333	R	1.00000	0	0.00000	0
334	T	1.00000	0	0.00000	0
335	R	1.00000	0	0.00000	0
336	N	1.00000	0	0.00000	0
337	C	1.00000	0	0.00000	0
338	R	1.00000	0	0.00000	0
339	Q	1.00000	0	0.00000	0
340	G	1.00000	0	0.00000	0
341	Q	1.00000	0	0.00000	0
342	G	1.00000	0	0.00000	0
343	R	1.00000	0	0.00000	0
344	Q	1.00000	0	0.00000	0
345	E	1.00000	0	0.00000	0
346	G	1.00000	0	0.00000	0
347	K	1.00000	0	0.00000	0
348	P	1.00000	0	0.00000	0
349	L	1.00000	0	0.00000	0
350	K	1.00000	0	0.00000	0
351	L	1.00000	0	0.00000	0
352	E	1.00000	0	0.00000	0
353	M	1.00000	0	0.00000	0
354	R	1.00000	0	0.00000	0
355	N	1.00000	0	0.00000	0
356	G	1.00000	0	0.00000	0
357	K	1.00000	0	0.00000	0
358	E	1.00000	0	0.00000	0
359	T	1.00000	0	0.00000	0
360	L	1.00000	0	0.00000	0
361	L	1.00000	0	0.00000	0
362	I	1.00000	0	0.00000	0
363	D	1.00000	0	0.00000	0
364	G	1.00000	0	0.00000	0
365	A	1.00000	0	0.00000	0
366	L	1.00000	0	0.00000	0
367	K	1.00000	0	0.00000	0
368	R	1.00000	0	0.00000	0
