# UNNAMED
#pos	aa	i	o	M	S
1	M	0.00000	1	0.00000	0
2	D	0.00000	1	0.00000	0
3	L	0.00000	1	0.00000	0
4	T	0.00000	1	0.00000	0
5	Y	0.00000	1	0.00000	0
6	I	0.00000	1	0.00000	0
7	P	0.00000	1	0.00000	0
8	E	0.00000	1	0.00000	0
9	D	0.00000	1	0.00000	0
10	L	0.00000	1	0.00000	0
11	S	0.00000	1	0.00000	0
12	S	0.00000	1	0.00000	0
13	C	0.00000	1	0.00000	0
14	P	0.00000	1	0.00000	0
15	K	0.00000	1	0.00000	0
16	F	0.00000	1	0.00000	0
17	G	0.00000	1	0.00000	0
18	N	0.00000	1	0.00000	0
19	K	0.00000	1	0.00000	0
20	S	0.00000	1	0.00000	0
21	C	0.00000	1	0.00000	0
22	P	0.00000	1	0.00000	0
23	P	0.00000	1	0.00000	0
24	T	0.00000	1	0.00000	0
25	N	0.00000	1	0.00000	0
26	R	0.00000	1	0.00000	0
27	S	0.00000	1	0.00000	0
28	F	0.00000	0.99997	0.00003	0
29	R	0.00000	0.99994	0.00006	0
30	V	0.00000	0.99906	0.00094	0
31	R	0.00000	0.97653	0.02347	0
32	V	0.00000	0.53209	0.46791	0
33	I	0.00000	0.20392	0.79608	0
34	M	0.00000	0.17576	0.82424	0
35	Y	0.00000	0.03409	0.96591	0
36	S	0.00000	0.02213	0.97787	0
37	F	0.00000	0.00431	0.99569	0
38	M	0.00000	0.00324	0.99676	0
39	T	0.00000	0.00179	0.99821	0
40	G	0.00000	0.00088	0.99912	0
41	A	0.00000	0.00016	0.99984	0
42	M	0.00000	4e-05	0.99996	0
43	V	0.00000	0	1.00000	0
44	I	0.00000	0	1.00000	0
45	T	0.00000	0	1.00000	0
46	I	0.00000	0	1.00000	0
47	F	0.00000	0	1.00000	0
48	G	0.00000	0	1.00000	0
49	N	0.00000	0	1.00000	0
50	L	0.00000	0	1.00000	0
51	V	0.00000	0	1.00000	0
52	I	0.00001	0	0.99999	0
53	M	0.00023	0	0.99977	0
54	I	0.00292	0	0.99708	0
55	S	0.25611	0	0.74389	0
56	I	0.32853	0	0.67147	0
57	S	0.91493	0	0.08507	0
58	H	0.96807	0	0.03193	0
59	F	0.97905	0	0.02095	0
60	K	0.99915	0	0.00085	0
61	Q	0.99996	0	0.00004	0
62	L	0.99997	0	0.00003	0
63	H	1.00000	0	0.00000	0
64	S	1.00000	0	0.00000	0
65	P	1.00000	0	0.00000	0
66	T	0.90598	0	0.09402	0
67	N	0.11151	0	0.88849	0
68	F	0.02030	0	0.97970	0
69	L	0.00024	0	0.99976	0
70	I	0.00000	0	1.00000	0
71	L	0.00000	0	1.00000	0
72	S	0.00000	0	1.00000	0
73	M	0.00000	0	1.00000	0
74	A	0.00000	0	1.00000	0
75	T	0.00000	0	1.00000	0
76	T	0.00000	0	1.00000	0
77	D	0.00000	0	1.00000	0
78	F	0.00000	0	1.00000	0
79	L	0.00000	0	1.00000	0
80	L	0.00000	0	1.00000	0
81	G	0.00000	0	1.00000	0
82	F	0.00000	0	1.00000	0
83	L	0.00000	0	1.00000	0
84	I	0.00000	1e-05	0.99999	0
85	M	0.00000	0.0018	0.99820	0
86	P	0.00000	0.10578	0.89422	0
87	Y	0.00000	0.39281	0.60719	0
88	S	0.00000	0.53427	0.46573	0
89	M	0.00000	0.59049	0.40951	0
90	V	0.00000	0.75786	0.24214	0
91	R	0.00000	0.99995	0.00005	0
92	S	0.00000	0.99998	0.00002	0
93	V	0.00000	0.99998	0.00002	0
94	E	0.00000	1	0.00000	0
95	S	0.00000	1	0.00000	0
96	C	0.00000	1	0.00000	0
97	W	0.00000	1	0.00000	0
98	Y	0.00000	1	0.00000	0
99	F	0.00000	1	0.00000	0
100	G	0.00000	1	0.00000	0
101	H	0.00000	1	0.00000	0
102	R	0.00000	1	0.00000	0
103	F	0.00000	0.99998	0.00002	0
104	C	0.00000	0.99997	0.00003	0
105	K	0.00000	0.99994	0.00006	0
106	F	0.00000	0.99352	0.00648	0
107	H	0.00000	0.52331	0.47669	0
108	A	0.00000	0.28287	0.71713	0
109	S	0.00000	0.18226	0.81774	0
110	F	0.00000	0.00625	0.99375	0
111	D	0.00000	0.00295	0.99705	0
112	M	0.00000	4e-05	0.99996	0
113	M	0.00000	0	1.00000	0
114	L	0.00000	0	1.00000	0
115	S	0.00000	0	1.00000	0
116	L	0.00000	0	1.00000	0
117	T	0.00000	0	1.00000	0
118	S	0.00000	0	1.00000	0
119	I	0.00000	0	1.00000	0
120	F	0.00000	0	1.00000	0
121	H	0.00000	0	1.00000	0
122	L	0.00000	0	1.00000	0
123	C	0.00000	0	1.00000	0
124	S	0.00000	0	1.00000	0
125	I	0.00000	0	1.00000	0
126	A	0.00000	0	1.00000	0
127	I	0.00000	0	1.00000	0
128	D	0.00001	0	0.99999	0
129	R	0.00814	0	0.99186	0
130	F	0.15140	0	0.84860	0
131	Y	0.70932	0	0.29068	0
132	A	0.94336	0	0.05664	0
133	V	0.99998	0	0.00002	0
134	C	1.00000	0	0.00000	0
135	Y	1.00000	0	0.00000	0
136	P	1.00000	0	0.00000	0
137	L	1.00000	0	0.00000	0
138	H	1.00000	0	0.00000	0
139	Y	1.00000	0	0.00000	0
140	T	1.00000	0	0.00000	0
141	T	1.00000	0	0.00000	0
142	T	1.00000	0	0.00000	0
143	M	1.00000	0	0.00000	0
144	T	0.99999	0	0.00001	0
145	V	0.99903	0	0.00097	0
146	S	0.96315	0	0.03685	0
147	M	0.74973	0	0.25027	0
148	I	0.52515	0	0.47485	0
149	K	0.51594	0	0.48406	0
150	R	0.46833	0	0.53167	0
151	L	0.03828	0	0.96172	0
152	L	0.00216	0	0.99784	0
153	A	0.00049	0	0.99951	0
154	F	0.00000	0	1.00000	0
155	C	0.00000	0	1.00000	0
156	W	0.00000	0	1.00000	0
157	A	0.00000	0	1.00000	0
158	A	0.00000	0	1.00000	0
159	P	0.00000	0	1.00000	0
160	A	0.00000	0	1.00000	0
161	L	0.00000	0	1.00000	0
162	F	0.00000	0	1.00000	0
163	S	0.00000	0	1.00000	0
164	F	0.00000	0	1.00000	0
165	G	0.00000	0.00017	0.99983	0
166	L	0.00000	0.00053	0.99947	0
167	V	0.00000	0.00762	0.99238	0
168	L	0.00000	0.04735	0.95265	0
169	S	0.00000	0.37785	0.62215	0
170	E	0.00000	0.55857	0.44143	0
171	A	0.00000	0.60662	0.39338	0
172	N	0.00000	0.88418	0.11582	0
173	V	0.00000	0.92736	0.07264	0
174	S	0.00000	0.98548	0.01452	0
175	G	0.00000	0.99881	0.00119	0
176	M	0.00000	0.99949	0.00051	0
177	Q	0.00000	0.99999	0.00001	0
178	S	0.00000	1	0.00000	0
179	Y	0.00000	1	0.00000	0
180	E	0.00000	1	0.00000	0
181	I	0.00000	1	0.00000	0
182	L	0.00000	1	0.00000	0
183	V	0.00000	1	0.00000	0
184	A	0.00000	1	0.00000	0
185	C	0.00000	1	0.00000	0
186	F	0.00000	1	0.00000	0
187	N	0.00000	1	0.00000	0
188	F	0.00000	1	0.00000	0
189	C	0.00000	0.99996	0.00004	0
190	A	0.00000	0.95544	0.04456	0
191	L	0.00000	0.95536	0.04464	0
192	T	0.00000	0.95521	0.04479	0
193	F	0.00000	0.95215	0.04785	0
194	N	0.00000	0.95208	0.04792	0
195	K	0.00000	0.95192	0.04808	0
196	F	0.00000	0.93852	0.06148	0
197	W	0.00000	0.92619	0.07381	0
198	G	0.00000	0.85962	0.14038	0
199	T	0.00000	0.59174	0.40826	0
200	I	0.00000	0.00239	0.99761	0
201	L	0.00000	0.0002	0.99980	0
202	F	0.00000	3e-05	0.99997	0
203	T	0.00000	2e-05	0.99998	0
204	T	0.00000	0	1.00000	0
205	C	0.00000	0	1.00000	0
206	F	0.00000	0	1.00000	0
207	F	0.00000	0	1.00000	0
208	T	0.00000	0	1.00000	0
209	P	0.00000	0	1.00000	0
210	G	0.00000	0	1.00000	0
211	S	0.00000	0	1.00000	0
212	I	0.00000	0	1.00000	0
213	M	0.00001	0	0.99999	0
214	V	0.00004	0	0.99996	0
215	G	0.00174	0	0.99826	0
216	I	0.00330	0	0.99670	0
217	Y	0.01508	0	0.98492	0
218	G	0.04175	0	0.95825	0
219	K	0.04874	0	0.95126	0
220	I	0.04891	0	0.95109	0
221	F	0.05172	0	0.94828	0
222	V	0.09333	0	0.90667	0
223	V	0.16001	0	0.83999	0
224	S	0.98492	0	0.01508	0
225	K	0.99965	0	0.00035	0
226	R	0.99999	0	0.00001	0
227	H	1.00000	0	0.00000	0
228	A	1.00000	0	0.00000	0
229	R	1.00000	0	0.00000	0
230	A	1.00000	0	0.00000	0
231	L	1.00000	0	0.00000	0
232	S	1.00000	0	0.00000	0
233	S	1.00000	0	0.00000	0
234	M	1.00000	0	0.00000	0
235	P	1.00000	0	0.00000	0
236	E	1.00000	0	0.00000	0
237	T	1.00000	0	0.00000	0
238	T	1.00000	0	0.00000	0
239	K	1.00000	0	0.00000	0
240	R	1.00000	0	0.00000	0
241	E	1.00000	0	0.00000	0
242	I	1.00000	0	0.00000	0
243	R	1.00000	0	0.00000	0
244	K	1.00000	0	0.00000	0
245	N	1.00000	0	0.00000	0
246	L	1.00000	0	0.00000	0
247	S	1.00000	0	0.00000	0
248	K	1.00000	0	0.00000	0
249	K	1.00000	0	0.00000	0
250	K	1.00000	0	0.00000	0
251	D	1.00000	0	0.00000	0
252	R	0.99110	0	0.00890	0
253	K	0.99011	0	0.00989	0
254	A	0.31193	0	0.68807	0
255	A	0.30922	0	0.69078	0
256	K	0.26960	0	0.73040	0
257	T	0.19096	0	0.80904	0
258	L	0.00092	0	0.99908	0
259	G	0.00002	0	0.99998	0
260	I	0.00000	0	1.00000	0
261	V	0.00000	0	1.00000	0
262	M	0.00000	0	1.00000	0
263	G	0.00000	0	1.00000	0
264	V	0.00000	0	1.00000	0
265	F	0.00000	0	1.00000	0
266	L	0.00000	0	1.00000	0
267	A	0.00000	0	1.00000	0
268	C	0.00000	0	1.00000	0
269	W	0.00000	0	1.00000	0
270	L	0.00000	0	1.00000	0
271	P	0.00000	0	1.00000	0
272	C	0.00000	0	1.00000	0
273	F	0.00000	0	1.00000	0
274	L	0.00000	1e-05	0.99999	0
275	A	0.00000	0.0001	0.99990	0
276	V	0.00000	0.00066	0.99934	0
277	L	0.00000	0.00555	0.99445	0
278	V	0.00000	0.2617	0.73830	0
279	D	0.00000	0.99452	0.00548	0
280	P	0.00000	0.99659	0.00341	0
281	Y	0.00000	0.99709	0.00291	0
282	L	0.00000	0.99774	0.00226	0
283	D	0.00000	0.99998	0.00002	0
284	Y	0.00000	0.99999	0.00001	0
285	S	0.00000	0.99999	0.00001	0
286	T	0.00000	1	0.00000	0
287	P	0.00000	1	0.00000	0
288	T	0.00000	0.99996	0.00004	0
289	I	0.00000	0.99974	0.00026	0
290	V	0.00000	0.99945	0.00055	0
291	L	0.00000	0.99908	0.00092	0
292	D	0.00000	0.98155	0.01845	0
293	L	0.00000	0.03187	0.96813	0
294	L	0.00000	0.00664	0.99336	0
295	V	0.00000	0.00085	0.99915	0
296	W	0.00000	6e-05	0.99994	0
297	L	0.00000	0	1.00000	0
298	G	0.00000	0	1.00000	0
299	Y	0.00000	0	1.00000	0
300	F	0.00000	0	1.00000	0
301	N	0.00000	0	1.00000	0
302	S	0.00000	0	1.00000	0
303	T	0.00000	0	1.00000	0
304	C	0.00000	0	1.00000	0
305	N	0.00000	0	1.00000	0
306	P	0.00000	0	1.00000	0
307	L	0.00000	0	1.00000	0
308	I	0.00000	0	1.00000	0
309	H	0.00000	0	1.00000	0
310	G	0.00001	0	0.99999	0
311	F	0.00001	0	0.99999	0
312	F	0.00022	0	0.99978	0
313	Y	0.00858	0	0.99142	0
314	P	0.06372	0	0.93628	0
315	W	0.28052	0	0.71948	0
316	F	0.80713	0	0.19287	0
317	R	1.00000	0	0.00000	0
318	K	1.00000	0	0.00000	0
319	A	1.00000	0	0.00000	0
320	L	1.00000	0	0.00000	0
321	E	1.00000	0	0.00000	0
322	H	1.00000	0	0.00000	0
323	I	1.00000	0	0.00000	0
324	V	1.00000	0	0.00000	0
325	S	1.00000	0	0.00000	0
326	G	1.00000	0	0.00000	0
327	K	1.00000	0	0.00000	0
328	I	1.00000	0	0.00000	0
329	F	1.00000	0	0.00000	0
330	R	1.00000	0	0.00000	0
331	S	1.00000	0	0.00000	0
332	N	1.00000	0	0.00000	0
333	S	1.00000	0	0.00000	0
334	E	1.00000	0	0.00000	0
335	M	1.00000	0	0.00000	0
336	A	1.00000	0	0.00000	0
337	N	1.00000	0	0.00000	0
338	L	1.00000	0	0.00000	0
339	F	1.00000	0	0.00000	0
340	P	1.00000	0	0.00000	0
341	E	1.00000	0	0.00000	0
342	A	1.00000	0	0.00000	0
343	H	1.00000	0	0.00000	0
