# UNNAMED
#pos	aa	i	o	M	S
1	M	0.00000	0.99987	0.00000	0.00013
2	S	0.00000	0.99987	0.00000	0.00012
3	V	0.00000	0.99987	0.00000	0.00013
4	V	0.00000	0.99987	0.00000	0.00013
5	L	0.00000	0.99987	0.00000	0.00013
6	N	0.00000	0.99987	0.00000	0.00013
7	Q	0.00000	0.99987	0.00000	0.00013
8	G	0.00000	0.99987	0.00000	0.00013
9	A	0.00000	0.99987	0.00000	0.00013
10	E	0.00000	0.99987	0.00000	0.00013
11	K	0.00000	0.99987	0.00000	0.00013
12	H	0.00000	0.99987	0.00000	0.00013
13	P	0.00000	0.99987	0.00000	0.00013
14	I	0.00000	0.99987	0.00000	0.00013
15	T	0.00000	0.99987	0.00000	0.00013
16	F	0.00000	0.99987	0.00000	0.00013
17	C	0.00000	0.99987	0.00000	0.00013
18	Y	0.00000	1	0.00000	0
19	Q	0.00000	1	0.00000	0
20	V	0.00000	1	0.00000	0
21	N	0.00000	1	0.00000	0
22	G	0.00000	1	0.00000	0
23	S	0.00000	1	0.00000	0
24	C	0.00000	1	0.00000	0
25	P	0.00000	1	0.00000	0
26	R	0.00000	1	0.00000	0
27	T	0.00000	0.99996	0.00004	0
28	V	0.00000	0.99993	0.00007	0
29	H	0.00000	0.99988	0.00012	0
30	P	0.00000	0.99954	0.00046	0
31	L	0.00000	0.99867	0.00133	0
32	G	0.00000	0.99787	0.00213	0
33	I	0.00000	0.99249	0.00751	0
34	Q	0.00000	0.93407	0.06593	0
35	G	0.00000	0.64959	0.35041	0
36	A	0.00000	0.07831	0.92169	0
37	I	0.00000	0.01104	0.98896	0
38	Y	0.00000	0.00322	0.99678	0
39	L	0.00000	0.00167	0.99833	0
40	A	0.00000	0.00137	0.99863	0
41	C	0.00000	0.00119	0.99881	0
42	A	0.00000	0.00062	0.99938	0
43	A	0.00000	0.00021	0.99979	0
44	G	0.00000	6e-05	0.99994	0
45	V	0.00000	0	1.00000	0
46	L	0.00000	0	1.00000	0
47	I	0.00000	0	1.00000	0
48	T	0.00000	0	1.00000	0
49	V	0.00000	0	1.00000	0
50	L	0.00000	0	1.00000	0
51	G	0.00000	0	1.00000	0
52	N	0.00000	0	1.00000	0
53	L	0.00000	0	1.00000	0
54	F	0.00000	0	1.00000	0
55	V	0.00000	0	1.00000	0
56	V	0.00004	0	0.99996	0
57	F	0.00155	0	0.99845	0
58	A	0.10856	0	0.89144	0
59	V	0.34150	0	0.65850	0
60	S	0.80646	0	0.19354	0
61	Y	0.85724	0	0.14276	0
62	F	0.91432	0	0.08568	0
63	K	0.99882	0	0.00118	0
64	A	0.99962	0	0.00038	0
65	L	0.99979	0	0.00021	0
66	H	1.00000	0	0.00000	0
67	T	1.00000	0	0.00000	0
68	P	1.00000	0	0.00000	0
69	T	0.93310	0	0.06690	0
70	N	0.12758	0	0.87242	0
71	F	0.01453	0	0.98547	0
72	L	0.00020	0	0.99980	0
73	L	0.00002	0	0.99998	0
74	L	0.00000	0	1.00000	0
75	S	0.00000	0	1.00000	0
76	L	0.00000	0	1.00000	0
77	A	0.00000	0	1.00000	0
78	L	0.00000	0	1.00000	0
79	A	0.00000	0	1.00000	0
80	D	0.00000	0	1.00000	0
81	M	0.00000	0	1.00000	0
82	F	0.00000	0	1.00000	0
83	L	0.00000	0	1.00000	0
84	R	0.00000	0	1.00000	0
85	L	0.00000	0	1.00000	0
86	L	0.00000	0	1.00000	0
87	V	0.00000	0	1.00000	0
88	L	0.00000	0.00025	0.99975	0
89	P	0.00000	0.00908	0.99092	0
90	L	0.00000	0.06545	0.93455	0
91	S	0.00000	0.54614	0.45386	0
92	T	0.00000	0.73645	0.26355	0
93	V	0.00000	0.7982	0.20180	0
94	R	0.00000	0.99994	0.00006	0
95	S	0.00000	0.99997	0.00003	0
96	V	0.00000	0.99997	0.00003	0
97	E	0.00000	1	0.00000	0
98	S	0.00000	1	0.00000	0
99	C	0.00000	1	0.00000	0
100	W	0.00000	1	0.00000	0
101	F	0.00000	1	0.00000	0
102	F	0.00000	1	0.00000	0
103	G	0.00000	1	0.00000	0
104	G	0.00000	0.99999	0.00001	0
105	F	0.00000	0.99994	0.00006	0
106	F	0.00000	0.99955	0.00045	0
107	C	0.00000	0.99948	0.00052	0
108	R	0.00000	0.99371	0.00629	0
109	L	0.00000	0.98616	0.01384	0
110	H	0.00000	0.3161	0.68390	0
111	T	0.00000	0.18217	0.81783	0
112	Y	0.00000	0.04737	0.95263	0
113	L	0.00000	0.00014	0.99986	0
114	D	0.00000	3e-05	0.99997	0
115	T	0.00000	0	1.00000	0
116	L	0.00000	0	1.00000	0
117	F	0.00000	0	1.00000	0
118	C	0.00000	0	1.00000	0
119	L	0.00000	0	1.00000	0
120	T	0.00000	0	1.00000	0
121	S	0.00000	0	1.00000	0
122	I	0.00000	0	1.00000	0
123	F	0.00000	0	1.00000	0
124	H	0.00000	0	1.00000	0
125	L	0.00000	0	1.00000	0
126	C	0.00000	0	1.00000	0
127	F	0.00000	0	1.00000	0
128	I	0.00000	0	1.00000	0
129	S	0.00000	0	1.00000	0
130	I	0.00001	0	0.99999	0
131	D	0.00012	0	0.99988	0
132	R	0.16462	0	0.83538	0
133	H	0.95089	0	0.04911	0
134	C	0.99625	0	0.00375	0
135	A	0.99959	0	0.00041	0
136	I	1.00000	0	0.00000	0
137	C	1.00000	0	0.00000	0
138	E	1.00000	0	0.00000	0
139	P	1.00000	0	0.00000	0
140	L	1.00000	0	0.00000	0
141	L	1.00000	0	0.00000	0
142	Y	1.00000	0	0.00000	0
143	P	1.00000	0	0.00000	0
144	S	1.00000	0	0.00000	0
145	K	1.00000	0	0.00000	0
146	V	0.99999	0	0.00001	0
147	T	0.99998	0	0.00002	0
148	V	0.99985	0	0.00015	0
149	R	0.99535	0	0.00465	0
150	V	0.14483	0	0.85517	0
151	A	0.05472	0	0.94528	0
152	L	0.00328	0	0.99672	0
153	R	0.00169	0	0.99831	0
154	Y	0.00003	0	0.99997	0
155	I	0.00000	0	1.00000	0
156	L	0.00000	0	1.00000	0
157	A	0.00000	0	1.00000	0
158	G	0.00000	0	1.00000	0
159	W	0.00000	0	1.00000	0
160	G	0.00000	0	1.00000	0
161	V	0.00000	0	1.00000	0
162	P	0.00000	0	1.00000	0
163	A	0.00000	0	1.00000	0
164	A	0.00000	0	1.00000	0
165	Y	0.00000	0	1.00000	0
166	T	0.00000	0	1.00000	0
167	A	0.00000	0	1.00000	0
168	F	0.00000	1e-05	0.99999	0
169	L	0.00000	0.0021	0.99790	0
170	L	0.00000	0.07337	0.92663	0
171	Y	0.00000	0.32759	0.67241	0
172	A	0.00000	0.66253	0.33747	0
173	D	0.00000	0.99869	0.00131	0
174	V	0.00000	0.99902	0.00098	0
175	V	0.00000	0.99943	0.00057	0
176	E	0.00000	1	0.00000	0
177	R	0.00000	1	0.00000	0
178	G	0.00000	1	0.00000	0
179	L	0.00000	1	0.00000	0
180	S	0.00000	1	0.00000	0
181	Q	0.00000	1	0.00000	0
182	W	0.00000	1	0.00000	0
183	L	0.00000	1	0.00000	0
184	E	0.00000	1	0.00000	0
185	E	0.00000	1	0.00000	0
186	M	0.00000	1	0.00000	0
187	P	0.00000	1	0.00000	0
188	C	0.00000	1	0.00000	0
189	V	0.00000	1	0.00000	0
190	G	0.00000	1	0.00000	0
191	S	0.00000	1	0.00000	0
192	C	0.00000	0.99999	0.00001	0
193	Q	0.00000	0.98956	0.01044	0
194	L	0.00000	0.98933	0.01067	0
195	L	0.00000	0.98891	0.01109	0
196	F	0.00000	0.98771	0.01229	0
197	N	0.00000	0.98768	0.01232	0
198	K	0.00000	0.98761	0.01239	0
199	F	0.00000	0.44352	0.55648	0
200	W	0.00000	0.4361	0.56390	0
201	G	0.00000	0.12032	0.87968	0
202	W	0.00000	0.01109	0.98891	0
203	L	0.00000	0.00288	0.99712	0
204	N	0.00000	0.0022	0.99780	0
205	F	0.00000	0.00114	0.99886	0
206	P	0.00000	2e-05	0.99998	0
207	M	0.00000	0	1.00000	0
208	F	0.00000	0	1.00000	0
209	F	0.00000	0	1.00000	0
210	F	0.00000	0	1.00000	0
211	P	0.00000	0	1.00000	0
212	C	0.00000	0	1.00000	0
213	L	0.00000	0	1.00000	0
214	I	0.00000	0	1.00000	0
215	M	0.00000	0	1.00000	0
216	I	0.00001	0	0.99999	0
217	S	0.00141	0	0.99859	0
218	L	0.00174	0	0.99826	0
219	Y	0.00270	0	0.99730	0
220	V	0.00562	0	0.99438	0
221	K	0.01907	0	0.98093	0
222	I	0.02008	0	0.97992	0
223	F	0.04455	0	0.95545	0
224	V	0.28354	0	0.71646	0
225	V	0.46697	0	0.53303	0
226	A	0.96706	0	0.03294	0
227	S	0.99684	0	0.00316	0
228	R	0.99982	0	0.00018	0
229	Q	0.99999	0	0.00001	0
230	A	1.00000	0	0.00000	0
231	Q	1.00000	0	0.00000	0
232	Q	1.00000	0	0.00000	0
233	I	1.00000	0	0.00000	0
234	N	1.00000	0	0.00000	0
235	S	1.00000	0	0.00000	0
236	L	1.00000	0	0.00000	0
237	S	1.00000	0	0.00000	0
238	K	1.00000	0	0.00000	0
239	S	1.00000	0	0.00000	0
240	L	1.00000	0	0.00000	0
241	A	1.00000	0	0.00000	0
242	G	1.00000	0	0.00000	0
243	A	1.00000	0	0.00000	0
244	A	1.00000	0	0.00000	0
245	K	1.00000	0	0.00000	0
246	R	1.00000	0	0.00000	0
247	E	1.00000	0	0.00000	0
248	R	0.93397	0	0.06603	0
249	K	0.93076	0	0.06924	0
250	A	0.12095	0	0.87905	0
251	A	0.11977	0	0.88023	0
252	K	0.11356	0	0.88644	0
253	T	0.08580	0	0.91420	0
254	L	0.01399	0	0.98601	0
255	G	0.01256	0	0.98744	0
256	I	0.00014	0	0.99986	0
257	A	0.00013	0	0.99987	0
258	V	0.00013	0	0.99987	0
259	G	0.00001	0	0.99999	0
260	V	0.00000	0	1.00000	0
261	Y	0.00000	0	1.00000	0
262	L	0.00000	0	1.00000	0
263	L	0.00000	0	1.00000	0
264	C	0.00000	0	1.00000	0
265	W	0.00000	0	1.00000	0
266	L	0.00000	0	1.00000	0
267	P	0.00000	1e-05	0.99999	0
268	F	0.00000	4e-05	0.99996	0
269	T	0.00000	0.00133	0.99867	0
270	I	0.00000	0.04752	0.95248	0
271	D	0.00000	0.72393	0.27607	0
272	T	0.00000	0.72764	0.27236	0
273	M	0.00000	0.73474	0.26526	0
274	V	0.00000	0.78348	0.21652	0
275	D	0.00000	0.94263	0.05737	0
276	S	0.00000	0.94305	0.05695	0
277	L	0.00000	0.94348	0.05652	0
278	L	0.00000	0.94745	0.05255	0
279	N	0.00000	0.95689	0.04311	0
280	F	0.00000	0.95787	0.04213	0
281	I	0.00000	0.96733	0.03267	0
282	T	0.00000	0.99194	0.00806	0
283	P	0.00000	0.99765	0.00235	0
284	P	0.00000	0.99345	0.00655	0
285	L	0.00000	0.84978	0.15022	0
286	V	0.00000	0.80811	0.19189	0
287	F	0.00000	0.79679	0.20321	0
288	N	0.00000	0.52628	0.47372	0
289	V	0.00000	0.02914	0.97086	0
290	F	0.00000	0.0013	0.99870	0
291	I	0.00000	1e-05	0.99999	0
292	W	0.00000	0	1.00000	0
293	L	0.00000	0	1.00000	0
294	A	0.00000	0	1.00000	0
295	Y	0.00000	0	1.00000	0
296	F	0.00001	0	0.99999	0
297	N	0.00043	0	0.99957	0
298	S	0.00044	0	0.99956	0
299	A	0.00045	0	0.99955	0
300	C	0.00050	0	0.99950	0
301	N	0.00051	0	0.99949	0
302	P	0.00051	0	0.99949	0
303	I	0.00052	0	0.99948	0
304	I	0.00054	0	0.99946	0
305	Y	0.00085	0	0.99915	0
306	V	0.00331	0	0.99669	0
307	F	0.01294	0	0.98706	0
308	S	0.28441	0	0.71559	0
309	Y	0.40470	0	0.59530	0
310	R	1.00000	0	0.00000	0
311	W	1.00000	0	0.00000	0
312	F	1.00000	0	0.00000	0
313	R	1.00000	0	0.00000	0
314	K	1.00000	0	0.00000	0
315	A	1.00000	0	0.00000	0
316	L	1.00000	0	0.00000	0
317	K	1.00000	0	0.00000	0
318	L	1.00000	0	0.00000	0
319	I	1.00000	0	0.00000	0
320	L	1.00000	0	0.00000	0
321	S	1.00000	0	0.00000	0
322	R	1.00000	0	0.00000	0
323	E	1.00000	0	0.00000	0
324	I	1.00000	0	0.00000	0
325	F	1.00000	0	0.00000	0
326	S	1.00000	0	0.00000	0
327	L	1.00000	0	0.00000	0
328	R	1.00000	0	0.00000	0
329	T	1.00000	0	0.00000	0
330	P	1.00000	0	0.00000	0
331	T	1.00000	0	0.00000	0
332	V	1.00000	0	0.00000	0
333	D	1.00000	0	0.00000	0
334	L	1.00000	0	0.00000	0
335	Y	1.00000	0	0.00000	0
336	Q	1.00000	0	0.00000	0
337	E	1.00000	0	0.00000	0
