# UNNAMED
#pos	aa	i	o	M	S
1	M	0.00000	1	0.00000	0
2	M	0.00000	1	0.00000	0
3	N	0.00000	1	0.00000	0
4	S	0.00000	1	0.00000	0
5	S	0.00000	1	0.00000	0
6	E	0.00000	1	0.00000	0
7	L	0.00000	1	0.00000	0
8	R	0.00000	1	0.00000	0
9	N	0.00000	1	0.00000	0
10	L	0.00000	1	0.00000	0
11	Q	0.00000	1	0.00000	0
12	T	0.00000	1	0.00000	0
13	M	0.00000	1	0.00000	0
14	Q	0.00000	1	0.00000	0
15	F	0.00000	1	0.00000	0
16	C	0.00000	1	0.00000	0
17	F	0.00000	1	0.00000	0
18	D	0.00000	1	0.00000	0
19	F	0.00000	1	0.00000	0
20	I	0.00000	1	0.00000	0
21	N	0.00000	1	0.00000	0
22	N	0.00000	1	0.00000	0
23	S	0.00000	1	0.00000	0
24	C	0.00000	1	0.00000	0
25	H	0.00000	1	0.00000	0
26	R	0.00000	1	0.00000	0
27	N	0.00000	0.99989	0.00011	0
28	I	0.00000	0.99617	0.00383	0
29	K	0.00000	0.99571	0.00429	0
30	S	0.00000	0.96828	0.03172	0
31	T	0.00000	0.94622	0.05378	0
32	L	0.00000	0.91984	0.08016	0
33	S	0.00000	0.90502	0.09498	0
34	L	0.00000	0.89564	0.10436	0
35	C	0.00000	0.88009	0.11991	0
36	A	0.00000	0.6354	0.36460	0
37	M	0.00000	0.51861	0.48139	0
38	C	0.00000	0.37867	0.62133	0
39	I	0.00000	0.05421	0.94579	0
40	F	0.00000	0.03256	0.96744	0
41	M	0.00000	0.02729	0.97271	0
42	G	0.00000	0.01908	0.98092	0
43	G	0.00000	0.00872	0.99128	0
44	A	0.00000	0.00047	0.99953	0
45	I	0.00000	0	1.00000	0
46	V	0.00000	0	1.00000	0
47	F	0.00000	0	1.00000	0
48	T	0.00000	0	1.00000	0
49	L	0.00000	0	1.00000	0
50	G	0.00000	0	1.00000	0
51	G	0.00000	0	1.00000	0
52	N	0.00000	0	1.00000	0
53	M	0.00000	0	1.00000	0
54	L	0.00000	0	1.00000	0
55	V	0.00000	0	1.00000	0
56	I	0.00003	0	0.99997	0
57	I	0.00236	0	0.99764	0
58	S	0.20973	0	0.79027	0
59	I	0.25102	0	0.74898	0
60	S	0.79976	0	0.20024	0
61	H	0.89141	0	0.10859	0
62	F	0.92001	0	0.07999	0
63	K	0.99523	0	0.00477	0
64	Q	0.99979	0	0.00021	0
65	L	0.99983	0	0.00017	0
66	H	1.00000	0	0.00000	0
67	S	1.00000	0	0.00000	0
68	P	1.00000	0	0.00000	0
69	T	0.87476	0	0.12524	0
70	N	0.16341	0	0.83659	0
71	L	0.04704	0	0.95296	0
72	L	0.00299	0	0.99701	0
73	I	0.00003	0	0.99997	0
74	C	0.00000	0	1.00000	0
75	S	0.00000	0	1.00000	0
76	M	0.00000	0	1.00000	0
77	V	0.00000	0	1.00000	0
78	T	0.00000	0	1.00000	0
79	T	0.00000	0	1.00000	0
80	D	0.00000	0	1.00000	0
81	F	0.00000	0	1.00000	0
82	L	0.00000	0	1.00000	0
83	L	0.00000	0	1.00000	0
84	S	0.00000	0	1.00000	0
85	T	0.00000	0	1.00000	0
86	L	0.00000	0	1.00000	0
87	V	0.00000	0	1.00000	0
88	M	0.00000	0.00014	0.99986	0
89	P	0.00000	0.00696	0.99304	0
90	Y	0.00000	0.18542	0.81458	0
91	S	0.00000	0.35107	0.64893	0
92	M	0.00000	0.41695	0.58305	0
93	V	0.00000	0.65183	0.34817	0
94	R	0.00000	0.99992	0.00008	0
95	S	0.00000	0.99997	0.00003	0
96	V	0.00000	0.99997	0.00003	0
97	E	0.00000	1	0.00000	0
98	S	0.00000	1	0.00000	0
99	C	0.00000	1	0.00000	0
100	W	0.00000	1	0.00000	0
101	Y	0.00000	1	0.00000	0
102	F	0.00000	1	0.00000	0
103	G	0.00000	1	0.00000	0
104	E	0.00000	1	0.00000	0
105	V	0.00000	0.99976	0.00024	0
106	F	0.00000	0.99731	0.00269	0
107	C	0.00000	0.99688	0.00312	0
108	K	0.00000	0.99636	0.00364	0
109	L	0.00000	0.99356	0.00644	0
110	H	0.00000	0.7615	0.23850	0
111	T	0.00000	0.52078	0.47922	0
112	C	0.00000	0.35452	0.64548	0
113	C	0.00000	0.03729	0.96271	0
114	D	0.00000	0.0071	0.99290	0
115	I	0.00000	9e-05	0.99991	0
116	M	0.00000	0	1.00000	0
117	L	0.00000	0	1.00000	0
118	C	0.00000	0	1.00000	0
119	T	0.00000	0	1.00000	0
120	T	0.00000	0	1.00000	0
121	S	0.00000	0	1.00000	0
122	I	0.00000	0	1.00000	0
123	F	0.00000	0	1.00000	0
124	H	0.00000	0	1.00000	0
125	L	0.00000	0	1.00000	0
126	C	0.00001	0	0.99999	0
127	F	0.00001	0	0.99999	0
128	I	0.00004	0	0.99996	0
129	S	0.00008	0	0.99992	0
130	V	0.00010	0	0.99990	0
131	D	0.00027	0	0.99973	0
132	R	0.20495	0	0.79505	0
133	Y	0.84690	0	0.15310	0
134	Y	0.93286	0	0.06714	0
135	A	0.98342	0	0.01658	0
136	V	1.00000	0	0.00000	0
137	S	1.00000	0	0.00000	0
138	D	1.00000	0	0.00000	0
139	P	1.00000	0	0.00000	0
140	L	1.00000	0	0.00000	0
141	H	1.00000	0	0.00000	0
142	Y	1.00000	0	0.00000	0
143	V	1.00000	0	0.00000	0
144	T	0.99999	0	0.00001	0
145	K	0.99997	0	0.00003	0
146	I	0.98924	0	0.01076	0
147	T	0.98378	0	0.01622	0
148	I	0.93354	0	0.06646	0
149	P	0.90223	0	0.09777	0
150	V	0.11708	0	0.88292	0
151	V	0.04620	0	0.95380	0
152	E	0.03504	0	0.96496	0
153	V	0.00131	0	0.99869	0
154	F	0.00007	0	0.99993	0
155	L	0.00000	0	1.00000	0
156	L	0.00000	0	1.00000	0
157	I	0.00000	0	1.00000	0
158	S	0.00000	0	1.00000	0
159	W	0.00000	0	1.00000	0
160	S	0.00000	0	1.00000	0
161	V	0.00000	0	1.00000	0
162	X	0.00000	0	1.00000	0
163	F	0.00000	0	1.00000	0
164	I	0.00000	0	1.00000	0
165	F	0.00000	0	1.00000	0
166	A	0.00000	0.00016	0.99984	0
167	F	0.00000	0.0016	0.99840	0
168	G	0.00000	0.01297	0.98703	0
169	L	0.00000	0.01769	0.98231	0
170	V	0.00000	0.0636	0.93640	0
171	L	0.00000	0.25967	0.74033	0
172	S	0.00000	0.82695	0.17305	0
173	E	0.00000	0.97407	0.02593	0
174	M	0.00000	0.97974	0.02026	0
175	N	0.00000	0.99857	0.00143	0
176	T	0.00000	0.9998	0.00020	0
177	D	0.00000	1	0.00000	0
178	G	0.00000	1	0.00000	0
179	I	0.00000	1	0.00000	0
180	E	0.00000	1	0.00000	0
181	N	0.00000	1	0.00000	0
182	Y	0.00000	1	0.00000	0
183	V	0.00000	1	0.00000	0
184	A	0.00000	1	0.00000	0
185	S	0.00000	1	0.00000	0
186	I	0.00000	1	0.00000	0
187	D	0.00000	1	0.00000	0
188	C	0.00000	1	0.00000	0
189	R	0.00000	1	0.00000	0
190	G	0.00000	1	0.00000	0
191	L	0.00000	1	0.00000	0
192	C	0.00000	0.99999	0.00001	0
193	T	0.00000	0.98864	0.01136	0
194	L	0.00000	0.98858	0.01142	0
195	I	0.00000	0.98829	0.01171	0
196	V	0.00000	0.98666	0.01334	0
197	N	0.00000	0.98656	0.01344	0
198	K	0.00000	0.9863	0.01370	0
199	L	0.00000	0.75396	0.24604	0
200	W	0.00000	0.09337	0.90663	0
201	G	0.00000	0.08089	0.91911	0
202	V	0.00000	0.03231	0.96769	0
203	L	0.00000	0.00179	0.99821	0
204	A	0.00000	0.00027	0.99973	0
205	S	0.00000	8e-05	0.99992	0
206	L	0.00000	4e-05	0.99996	0
207	I	0.00000	0	1.00000	0
208	A	0.00000	0	1.00000	0
209	F	0.00000	0	1.00000	0
210	F	0.00000	0	1.00000	0
211	I	0.00000	0	1.00000	0
212	P	0.00000	0	1.00000	0
213	G	0.00000	0	1.00000	0
214	T	0.00000	0	1.00000	0
215	V	0.00000	0	1.00000	0
216	M	0.00000	0	1.00000	0
217	V	0.00001	0	0.99999	0
218	G	0.00027	0	0.99973	0
219	I	0.00051	0	0.99949	0
220	Y	0.00174	0	0.99826	0
221	V	0.00496	0	0.99504	0
222	H	0.01697	0	0.98303	0
223	I	0.02358	0	0.97642	0
224	F	0.13032	0	0.86968	0
225	T	0.87203	0	0.12797	0
226	V	0.90938	0	0.09062	0
227	A	0.99740	0	0.00260	0
228	R	0.99993	0	0.00007	0
229	K	1.00000	0	0.00000	0
230	H	1.00000	0	0.00000	0
231	D	1.00000	0	0.00000	0
232	T	1.00000	0	0.00000	0
233	Q	1.00000	0	0.00000	0
234	I	1.00000	0	0.00000	0
235	A	1.00000	0	0.00000	0
236	K	1.00000	0	0.00000	0
237	A	1.00000	0	0.00000	0
238	S	1.00000	0	0.00000	0
239	N	1.00000	0	0.00000	0
240	M	1.00000	0	0.00000	0
241	L	1.00000	0	0.00000	0
242	K	1.00000	0	0.00000	0
243	P	1.00000	0	0.00000	0
244	V	1.00000	0	0.00000	0
245	S	1.00000	0	0.00000	0
246	D	1.00000	0	0.00000	0
247	T	1.00000	0	0.00000	0
248	K	1.00000	0	0.00000	0
249	N	1.00000	0	0.00000	0
250	K	1.00000	0	0.00000	0
251	I	1.00000	0	0.00000	0
252	S	1.00000	0	0.00000	0
253	T	1.00000	0	0.00000	0
254	K	1.00000	0	0.00000	0
255	I	1.00000	0	0.00000	0
256	E	1.00000	0	0.00000	0
257	S	0.98373	0	0.01627	0
258	K	0.98237	0	0.01763	0
259	A	0.31128	0	0.68872	0
260	T	0.30739	0	0.69261	0
261	K	0.21111	0	0.78889	0
262	T	0.20577	0	0.79423	0
263	L	0.00180	0	0.99820	0
264	S	0.00041	0	0.99959	0
265	I	0.00023	0	0.99977	0
266	V	0.00001	0	0.99999	0
267	I	0.00000	0	1.00000	0
268	G	0.00000	0	1.00000	0
269	V	0.00000	0	1.00000	0
270	F	0.00000	0	1.00000	0
271	V	0.00000	0	1.00000	0
272	F	0.00000	0	1.00000	0
273	C	0.00000	0	1.00000	0
274	W	0.00000	0	1.00000	0
275	L	0.00000	0	1.00000	0
276	P	0.00000	0	1.00000	0
277	F	0.00000	0	1.00000	0
278	F	0.00000	0	1.00000	0
279	V	0.00000	0.00052	0.99948	0
280	L	0.00000	0.00588	0.99412	0
281	T	0.00000	0.06062	0.93938	0
282	I	0.00000	0.16835	0.83165	0
283	T	0.00000	0.63702	0.36298	0
284	D	0.00000	0.97273	0.02727	0
285	P	0.00000	0.9741	0.02590	0
286	F	0.00000	0.97462	0.02538	0
287	I	0.00000	0.97732	0.02268	0
288	N	0.00000	0.98624	0.01376	0
289	F	0.00000	0.98707	0.01293	0
290	S	0.00000	0.99481	0.00519	0
291	T	0.00000	0.99891	0.00109	0
292	P	0.00000	0.99986	0.00014	0
293	E	0.00000	1	0.00000	0
294	D	0.00000	0.99998	0.00002	0
295	L	0.00000	0.99891	0.00109	0
296	Y	0.00000	0.99825	0.00175	0
297	N	0.00000	0.82454	0.17546	0
298	V	0.00000	0.03021	0.96979	0
299	F	0.00000	0.00762	0.99238	0
300	L	0.00000	0.00076	0.99924	0
301	W	0.00000	5e-05	0.99995	0
302	L	0.00000	0	1.00000	0
303	G	0.00000	0	1.00000	0
304	Y	0.00000	0	1.00000	0
305	F	0.00000	0	1.00000	0
306	N	0.00000	0	1.00000	0
307	S	0.00000	0	1.00000	0
308	A	0.00000	0	1.00000	0
309	C	0.00000	0	1.00000	0
310	N	0.00000	0	1.00000	0
311	P	0.00000	0	1.00000	0
312	I	0.00000	0	1.00000	0
313	I	0.00000	0	1.00000	0
314	Y	0.00000	0	1.00000	0
315	G	0.00000	0	1.00000	0
316	L	0.00008	0	0.99992	0
317	F	0.00171	0	0.99829	0
318	Y	0.04228	0	0.95772	0
319	P	0.26122	0	0.73878	0
320	W	0.44622	0	0.55378	0
321	F	0.87608	0	0.12392	0
322	R	1.00000	0	0.00000	0
323	Q	1.00000	0	0.00000	0
324	A	1.00000	0	0.00000	0
325	F	1.00000	0	0.00000	0
326	K	1.00000	0	0.00000	0
327	M	1.00000	0	0.00000	0
328	I	1.00000	0	0.00000	0
329	V	1.00000	0	0.00000	0
330	T	1.00000	0	0.00000	0
331	G	1.00000	0	0.00000	0
332	K	1.00000	0	0.00000	0
333	I	1.00000	0	0.00000	0
334	F	1.00000	0	0.00000	0
335	R	1.00000	0	0.00000	0
336	P	1.00000	0	0.00000	0
337	D	1.00000	0	0.00000	0
338	S	1.00000	0	0.00000	0
339	S	1.00000	0	0.00000	0
340	T	1.00000	0	0.00000	0
341	L	1.00000	0	0.00000	0
342	N	1.00000	0	0.00000	0
343	L	1.00000	0	0.00000	0
344	F	1.00000	0	0.00000	0
345	P	1.00000	0	0.00000	0
346	A	1.00000	0	0.00000	0
347	D	1.00000	0	0.00000	0
348	T	1.00000	0	0.00000	0
