# UNNAMED
#pos	aa	i	o	M	S
1	M	0.00000	0.99994	0.00000	6e-05
2	G	0.00000	0.99994	0.00000	6e-05
3	N	0.00000	0.99994	0.00000	6e-05
4	R	0.00000	0.99994	0.00000	6e-05
5	S	0.00000	0.99994	0.00000	6e-05
6	A	0.00000	0.99994	0.00000	6e-05
7	A	0.00000	0.99994	0.00000	6e-05
8	D	0.00000	0.99994	0.00000	6e-05
9	A	0.00000	0.99994	0.00000	6e-05
10	A	0.00000	0.99994	0.00000	6e-05
11	G	0.00000	0.99994	0.00000	6e-05
12	L	0.00000	0.99994	0.00000	6e-05
13	L	0.00000	0.99994	0.00000	6e-05
14	A	0.00000	0.99994	0.00000	6e-05
15	G	0.00000	0.99994	0.00000	6e-05
16	R	0.00000	0.99994	0.00000	6e-05
17	G	0.00000	0.99994	0.00000	7e-05
18	P	0.00000	0.99994	0.00000	6e-05
19	D	0.00000	0.99994	0.00000	6e-05
20	A	0.00000	0.99994	0.00000	6e-05
21	G	0.00000	0.99994	0.00000	6e-05
22	P	0.00000	0.99994	0.00000	6e-05
23	S	0.00000	0.99988	0.00006	6e-05
24	G	0.00000	0.99961	0.00033	6e-05
25	A	0.00000	0.99873	0.00121	6e-05
26	A	0.00000	0.99736	0.00264	0
27	T	0.00000	0.99626	0.00374	0
28	G	0.00000	0.98838	0.01162	0
29	L	0.00000	0.97513	0.02487	0
30	A	0.00000	0.96212	0.03788	0
31	G	0.00000	0.9456	0.05440	0
32	P	0.00000	0.90046	0.09954	0
33	G	0.00000	0.74482	0.25518	0
34	A	0.00000	0.3825	0.61750	0
35	A	0.00000	0.21046	0.78954	0
36	A	0.00000	0.13754	0.86246	0
37	L	0.00000	0.06619	0.93381	0
38	A	0.00000	0.04043	0.95957	0
39	G	0.00000	0.03006	0.96994	0
40	G	0.00000	0.00744	0.99256	0
41	V	0.00000	0.00047	0.99953	0
42	L	0.00000	3e-05	0.99997	0
43	L	0.00000	0	1.00000	0
44	I	0.00000	0	1.00000	0
45	G	0.00000	0	1.00000	0
46	A	0.00000	0	1.00000	0
47	V	0.00000	0	1.00000	0
48	L	0.00000	0	1.00000	0
49	A	0.00000	0	1.00000	0
50	G	0.00000	0	1.00000	0
51	N	0.00000	0	1.00000	0
52	S	0.00001	0	0.99999	0
53	L	0.00001	0	0.99999	0
54	V	0.00003	0	0.99997	0
55	C	0.00031	0	0.99969	0
56	V	0.00552	0	0.99448	0
57	S	0.13675	0	0.86325	0
58	V	0.23838	0	0.76162	0
59	A	0.53521	0	0.46479	0
60	A	0.79827	0	0.20173	0
61	E	0.99667	0	0.00333	0
62	R	0.99976	0	0.00024	0
63	A	0.99991	0	0.00009	0
64	L	0.99996	0	0.00004	0
65	Q	1.00000	0	0.00000	0
66	T	1.00000	0	0.00000	0
67	P	1.00000	0	0.00000	0
68	T	0.90477	0	0.09523	0
69	N	0.21344	0	0.78656	0
70	Y	0.07180	0	0.92820	0
71	F	0.00066	0	0.99934	0
72	I	0.00000	0	1.00000	0
73	V	0.00000	0	1.00000	0
74	S	0.00000	0	1.00000	0
75	L	0.00000	0	1.00000	0
76	A	0.00000	0	1.00000	0
77	A	0.00000	0	1.00000	0
78	A	0.00000	0	1.00000	0
79	D	0.00000	0	1.00000	0
80	L	0.00000	0	1.00000	0
81	L	0.00000	0	1.00000	0
82	L	0.00000	0	1.00000	0
83	A	0.00000	0	1.00000	0
84	L	0.00000	0	1.00000	0
85	L	0.00000	0	1.00000	0
86	V	0.00000	0	1.00000	0
87	L	0.00000	1e-05	0.99999	0
88	P	0.00000	0.00037	0.99963	0
89	L	0.00000	0.00423	0.99577	0
90	F	0.00000	0.0366	0.96340	0
91	V	0.00000	0.27652	0.72348	0
92	Y	0.00000	0.77956	0.22044	0
93	S	0.00000	0.99996	0.00004	0
94	E	0.00000	1	0.00000	0
95	V	0.00000	1	0.00000	0
96	Q	0.00000	1	0.00000	0
97	G	0.00000	1	0.00000	0
98	G	0.00000	1	0.00000	0
99	V	0.00000	1	0.00000	0
100	W	0.00000	1	0.00000	0
101	R	0.00000	1	0.00000	0
102	L	0.00000	1	0.00000	0
103	S	0.00000	1	0.00000	0
104	P	0.00000	1	0.00000	0
105	G	0.00000	0.99999	0.00001	0
106	L	0.00000	0.99995	0.00005	0
107	C	0.00000	0.99993	0.00007	0
108	D	0.00000	0.99961	0.00039	0
109	A	0.00000	0.99805	0.00195	0
110	L	0.00000	0.53981	0.46019	0
111	M	0.00000	0.07979	0.92021	0
112	A	0.00000	0.02011	0.97989	0
113	M	0.00000	0.00014	0.99986	0
114	D	0.00000	3e-05	0.99997	0
115	V	0.00000	0	1.00000	0
116	M	0.00000	0	1.00000	0
117	L	0.00000	0	1.00000	0
118	C	0.00000	0	1.00000	0
119	T	0.00000	0	1.00000	0
120	A	0.00000	0	1.00000	0
121	S	0.00000	0	1.00000	0
122	I	0.00000	0	1.00000	0
123	F	0.00000	0	1.00000	0
124	N	0.00000	0	1.00000	0
125	L	0.00000	0	1.00000	0
126	C	0.00000	0	1.00000	0
127	A	0.00000	0	1.00000	0
128	I	0.00000	0	1.00000	0
129	S	0.00000	0	1.00000	0
130	V	0.00000	0	1.00000	0
131	D	0.00001	0	0.99999	0
132	R	0.00826	0	0.99174	0
133	F	0.14073	0	0.85927	0
134	V	0.92117	0	0.07883	0
135	A	0.98842	0	0.01158	0
136	V	1.00000	0	0.00000	0
137	A	1.00000	0	0.00000	0
138	V	1.00000	0	0.00000	0
139	P	1.00000	0	0.00000	0
140	L	1.00000	0	0.00000	0
141	S	1.00000	0	0.00000	0
142	Y	1.00000	0	0.00000	0
143	N	1.00000	0	0.00000	0
144	S	1.00000	0	0.00000	0
145	Q	1.00000	0	0.00000	0
146	S	1.00000	0	0.00000	0
147	R	0.99999	0	0.00001	0
148	G	0.99950	0	0.00050	0
149	R	0.99756	0	0.00244	0
150	R	0.92912	0	0.07088	0
151	H	0.21571	0	0.78429	0
152	L	0.00806	0	0.99194	0
153	L	0.00026	0	0.99974	0
154	L	0.00000	0	1.00000	0
155	I	0.00000	0	1.00000	0
156	G	0.00000	0	1.00000	0
157	A	0.00000	0	1.00000	0
158	T	0.00000	0	1.00000	0
159	W	0.00000	0	1.00000	0
160	L	0.00000	0	1.00000	0
161	L	0.00000	0	1.00000	0
162	S	0.00000	0	1.00000	0
163	A	0.00000	0	1.00000	0
164	A	0.00000	0	1.00000	0
165	V	0.00000	0	1.00000	0
166	A	0.00000	0	1.00000	0
167	A	0.00000	0	1.00000	0
168	P	0.00000	0.00017	0.99983	0
169	V	0.00000	0.00061	0.99939	0
170	L	0.00000	0.01593	0.98407	0
171	C	0.00000	0.66398	0.33602	0
172	G	0.00000	0.79339	0.20661	0
173	L	0.00000	0.82406	0.17594	0
174	N	0.00000	0.99191	0.00809	0
175	D	0.00000	0.99999	0.00001	0
176	V	0.00000	0.99999	0.00001	0
177	R	0.00000	1	0.00000	0
178	G	0.00000	1	0.00000	0
179	R	0.00000	1	0.00000	0
180	D	0.00000	1	0.00000	0
181	P	0.00000	1	0.00000	0
182	A	0.00000	1	0.00000	0
183	Q	0.00000	1	0.00000	0
184	C	0.00000	1	0.00000	0
185	R	0.00000	1	0.00000	0
186	L	0.00000	1	0.00000	0
187	E	0.00000	1	0.00000	0
188	D	0.00000	1	0.00000	0
189	S	0.00000	0.9999	0.00010	0
190	D	0.00000	0.99774	0.00226	0
191	Y	0.00000	0.13205	0.86795	0
192	I	0.00000	0.028	0.97200	0
193	V	0.00000	0.00156	0.99844	0
194	Y	0.00000	8e-05	0.99992	0
195	S	0.00000	7e-05	0.99993	0
196	S	0.00000	5e-05	0.99995	0
197	V	0.00000	4e-05	0.99996	0
198	C	0.00000	0	1.00000	0
199	S	0.00000	0	1.00000	0
200	F	0.00000	0	1.00000	0
201	F	0.00000	0	1.00000	0
202	L	0.00000	0	1.00000	0
203	P	0.00000	0	1.00000	0
204	C	0.00000	0	1.00000	0
205	P	0.00000	0	1.00000	0
206	L	0.00000	0	1.00000	0
207	M	0.00000	0	1.00000	0
208	L	0.00000	0	1.00000	0
209	L	0.00000	0	1.00000	0
210	L	0.00000	0	1.00000	0
211	Y	0.00000	0	1.00000	0
212	W	0.00027	0	0.99973	0
213	A	0.03510	0	0.96490	0
214	T	0.15306	0	0.84694	0
215	F	0.22775	0	0.77225	0
216	R	0.98593	0	0.01407	0
217	G	0.99327	0	0.00673	0
218	L	0.99550	0	0.00450	0
219	R	0.99979	0	0.00021	0
220	R	0.99999	0	0.00001	0
221	W	1.00000	0	0.00000	0
222	E	1.00000	0	0.00000	0
223	E	1.00000	0	0.00000	0
224	A	1.00000	0	0.00000	0
225	R	1.00000	0	0.00000	0
226	R	1.00000	0	0.00000	0
227	A	1.00000	0	0.00000	0
228	K	1.00000	0	0.00000	0
229	L	1.00000	0	0.00000	0
230	H	1.00000	0	0.00000	0
231	G	1.00000	0	0.00000	0
232	R	1.00000	0	0.00000	0
233	R	1.00000	0	0.00000	0
234	S	1.00000	0	0.00000	0
235	S	1.00000	0	0.00000	0
236	R	1.00000	0	0.00000	0
237	A	1.00000	0	0.00000	0
238	P	1.00000	0	0.00000	0
239	G	1.00000	0	0.00000	0
240	H	1.00000	0	0.00000	0
241	A	1.00000	0	0.00000	0
242	P	1.00000	0	0.00000	0
243	G	1.00000	0	0.00000	0
244	P	1.00000	0	0.00000	0
245	Q	1.00000	0	0.00000	0
246	D	1.00000	0	0.00000	0
247	P	1.00000	0	0.00000	0
248	C	1.00000	0	0.00000	0
249	S	1.00000	0	0.00000	0
250	A	1.00000	0	0.00000	0
251	P	1.00000	0	0.00000	0
252	S	1.00000	0	0.00000	0
253	P	1.00000	0	0.00000	0
254	S	1.00000	0	0.00000	0
255	P	1.00000	0	0.00000	0
256	D	1.00000	0	0.00000	0
257	L	1.00000	0	0.00000	0
258	P	1.00000	0	0.00000	0
259	P	1.00000	0	0.00000	0
260	A	1.00000	0	0.00000	0
261	P	1.00000	0	0.00000	0
262	P	1.00000	0	0.00000	0
263	Q	1.00000	0	0.00000	0
264	A	1.00000	0	0.00000	0
265	R	1.00000	0	0.00000	0
266	R	1.00000	0	0.00000	0
267	R	1.00000	0	0.00000	0
268	R	1.00000	0	0.00000	0
269	R	1.00000	0	0.00000	0
270	A	1.00000	0	0.00000	0
271	K	1.00000	0	0.00000	0
272	I	1.00000	0	0.00000	0
273	T	1.00000	0	0.00000	0
274	G	1.00000	0	0.00000	0
275	R	1.00000	0	0.00000	0
276	E	1.00000	0	0.00000	0
277	R	0.78922	0	0.21078	0
278	K	0.77368	0	0.22632	0
279	A	0.03923	0	0.96077	0
280	M	0.01834	0	0.98166	0
281	R	0.01353	0	0.98647	0
282	V	0.00363	0	0.99637	0
283	L	0.00011	0	0.99989	0
284	P	0.00009	0	0.99991	0
285	V	0.00001	0	0.99999	0
286	V	0.00001	0	0.99999	0
287	V	0.00000	0	1.00000	0
288	G	0.00000	0	1.00000	0
289	A	0.00000	0	1.00000	0
290	F	0.00000	0	1.00000	0
291	L	0.00000	0	1.00000	0
292	V	0.00000	0	1.00000	0
293	C	0.00000	0	1.00000	0
294	W	0.00000	0	1.00000	0
295	T	0.00000	0	1.00000	0
296	P	0.00000	0	1.00000	0
297	F	0.00000	0	1.00000	0
298	F	0.00000	4e-05	0.99996	0
299	V	0.00000	0.00481	0.99519	0
300	V	0.00000	0.03328	0.96672	0
301	H	0.00000	0.16875	0.83125	0
302	I	0.00000	0.30305	0.69695	0
303	T	0.00000	0.76109	0.23891	0
304	R	0.00000	0.9669	0.03310	0
305	A	0.00000	0.9766	0.02340	0
306	L	0.00000	0.99561	0.00439	0
307	C	0.00000	0.99965	0.00035	0
308	P	0.00000	0.99994	0.00006	0
309	A	0.00000	0.99999	0.00001	0
310	C	0.00000	0.99999	0.00001	0
311	A	0.00000	0.9999	0.00010	0
312	V	0.00000	0.99956	0.00044	0
313	P	0.00000	0.99904	0.00096	0
314	A	0.00000	0.99792	0.00208	0
315	R	0.00000	0.99696	0.00304	0
316	V	0.00000	0.98552	0.01448	0
317	V	0.00000	0.98087	0.01913	0
318	S	0.00000	0.84504	0.15496	0
319	A	0.00000	0.01946	0.98054	0
320	V	0.00000	0.00132	0.99868	0
321	T	0.00000	0.00023	0.99977	0
322	W	0.00000	0	1.00000	0
323	L	0.00000	0	1.00000	0
324	G	0.00000	0	1.00000	0
325	Y	0.00000	0	1.00000	0
326	V	0.00000	0	1.00000	0
327	N	0.00000	0	1.00000	0
328	S	0.00000	0	1.00000	0
329	A	0.00000	0	1.00000	0
330	L	0.00000	0	1.00000	0
331	N	0.00000	0	1.00000	0
332	P	0.00000	0	1.00000	0
333	I	0.00000	0	1.00000	0
334	I	0.00002	0	0.99998	0
335	Y	0.00017	0	0.99983	0
336	T	0.00056	0	0.99944	0
337	V	0.00112	0	0.99888	0
338	F	0.00835	0	0.99165	0
339	N	0.29085	0	0.70915	0
340	A	0.89162	0	0.10838	0
341	E	1.00000	0	0.00000	0
342	F	1.00000	0	0.00000	0
343	R	1.00000	0	0.00000	0
344	N	1.00000	0	0.00000	0
345	V	1.00000	0	0.00000	0
346	F	1.00000	0	0.00000	0
347	R	1.00000	0	0.00000	0
348	K	1.00000	0	0.00000	0
349	V	1.00000	0	0.00000	0
350	L	1.00000	0	0.00000	0
351	S	1.00000	0	0.00000	0
352	T	1.00000	0	0.00000	0
353	C	1.00000	0	0.00000	0
354	C	1.00000	0	0.00000	0
