# UNNAMED
#pos	aa	i	o	M	S
1	M	0.00000	0.99138	0.00000	0.00862
2	M	0.00000	0.99138	0.00000	0.00863
3	S	0.00000	0.99138	0.00000	0.00862
4	F	0.00000	0.99138	0.00000	0.00862
5	C	0.00000	0.99138	0.00000	0.00862
6	H	0.00000	0.99138	0.00000	0.00862
7	N	0.00000	0.99138	0.00000	0.00862
8	I	0.00000	0.99138	0.00000	0.00862
9	I	0.00000	0.99138	0.00000	0.00862
10	N	0.00000	0.99138	0.00000	0.00862
11	I	0.00000	0.99138	0.00000	0.00862
12	S	0.00000	0.99138	0.00000	0.00862
13	C	0.00000	0.99138	0.00000	0.00863
14	V	0.00000	0.99178	0.00000	0.00822
15	N	0.00000	0.99178	0.00000	0.00822
16	S	0.00000	0.99178	0.00000	0.00822
17	S	0.00000	0.99178	0.00000	0.00821
18	W	0.00000	0.99241	0.00000	0.00758
19	S	0.00000	0.99241	0.00000	0.00759
20	N	0.00000	0.99987	0.00000	0.00013
21	D	0.00000	0.99987	0.00000	0.00013
22	V	0.00000	0.99951	0.00036	0.00013
23	R	0.00000	0.99018	0.00969	0.00013
24	A	0.00000	0.80283	0.19704	0.00013
25	S	0.00000	0.67594	0.32406	0
26	L	0.00000	0.41517	0.58483	0
27	Y	0.00000	0.25697	0.74303	0
28	S	0.00000	0.23474	0.76526	0
29	L	0.00000	0.14078	0.85922	0
30	M	0.00000	0.08171	0.91829	0
31	V	0.00000	0.01991	0.98009	0
32	L	0.00000	0.00424	0.99576	0
33	I	0.00000	5e-05	0.99995	0
34	I	0.00000	0	1.00000	0
35	L	0.00000	0	1.00000	0
36	T	0.00000	0	1.00000	0
37	T	0.00000	0	1.00000	0
38	L	0.00000	0	1.00000	0
39	L	0.00000	0	1.00000	0
40	G	0.00000	0	1.00000	0
41	N	0.00000	0	1.00000	0
42	L	0.00000	0	1.00000	0
43	M	0.00000	0	1.00000	0
44	V	0.00000	0	1.00000	0
45	I	0.00001	0	0.99999	0
46	I	0.00149	0	0.99851	0
47	S	0.17797	0	0.82203	0
48	I	0.24309	0	0.75691	0
49	S	0.71912	0	0.28088	0
50	H	0.80896	0	0.19104	0
51	F	0.84759	0	0.15241	0
52	K	0.98982	0	0.01018	0
53	Q	0.99957	0	0.00043	0
54	L	0.99967	0	0.00033	0
55	H	1.00000	0	0.00000	0
56	T	1.00000	0	0.00000	0
57	P	1.00000	0	0.00000	0
58	T	0.99466	0	0.00534	0
59	N	0.28856	0	0.71144	0
60	W	0.20291	0	0.79709	0
61	L	0.00307	0	0.99693	0
62	I	0.00003	0	0.99997	0
63	H	0.00000	0	1.00000	0
64	S	0.00000	0	1.00000	0
65	M	0.00000	0	1.00000	0
66	A	0.00000	0	1.00000	0
67	T	0.00000	0	1.00000	0
68	V	0.00000	0	1.00000	0
69	D	0.00000	0	1.00000	0
70	F	0.00000	0	1.00000	0
71	L	0.00000	0	1.00000	0
72	L	0.00000	0	1.00000	0
73	G	0.00000	0	1.00000	0
74	G	0.00000	0	1.00000	0
75	L	0.00000	0	1.00000	0
76	V	0.00000	0	1.00000	0
77	M	0.00000	0.00105	0.99895	0
78	P	0.00000	0.08957	0.91043	0
79	Y	0.00000	0.36715	0.63285	0
80	S	0.00000	0.46328	0.53672	0
81	M	0.00000	0.50758	0.49242	0
82	V	0.00000	0.69065	0.30935	0
83	R	0.00000	0.99992	0.00008	0
84	S	0.00000	0.99996	0.00004	0
85	V	0.00000	0.99997	0.00003	0
86	E	0.00000	1	0.00000	0
87	H	0.00000	1	0.00000	0
88	C	0.00000	1	0.00000	0
89	W	0.00000	1	0.00000	0
90	H	0.00000	1	0.00000	0
91	F	0.00000	1	0.00000	0
92	G	0.00000	1	0.00000	0
93	E	0.00000	1	0.00000	0
94	V	0.00000	0.99997	0.00003	0
95	F	0.00000	0.99975	0.00025	0
96	C	0.00000	0.99971	0.00029	0
97	K	0.00000	0.99956	0.00044	0
98	I	0.00000	0.99531	0.00469	0
99	H	0.00000	0.69265	0.30735	0
100	T	0.00000	0.37329	0.62671	0
101	S	0.00000	0.15306	0.84694	0
102	T	0.00000	0.00854	0.99146	0
103	D	0.00000	0.00033	0.99967	0
104	I	0.00000	0	1.00000	0
105	M	0.00000	0	1.00000	0
106	L	0.00000	0	1.00000	0
107	S	0.00000	0	1.00000	0
108	S	0.00000	0	1.00000	0
109	A	0.00000	0	1.00000	0
110	S	0.00000	0	1.00000	0
111	I	0.00000	0	1.00000	0
112	F	0.00000	0	1.00000	0
113	H	0.00000	0	1.00000	0
114	L	0.00000	0	1.00000	0
115	S	0.00001	0	0.99999	0
116	F	0.00001	0	0.99999	0
117	I	0.00002	0	0.99998	0
118	A	0.00007	0	0.99993	0
119	I	0.00013	0	0.99987	0
120	D	0.00081	0	0.99919	0
121	R	0.20255	0	0.79745	0
122	Y	0.95266	0	0.04734	0
123	C	0.99730	0	0.00270	0
124	A	0.99973	0	0.00027	0
125	V	1.00000	0	0.00000	0
126	C	1.00000	0	0.00000	0
127	D	1.00000	0	0.00000	0
128	P	1.00000	0	0.00000	0
129	L	1.00000	0	0.00000	0
130	R	1.00000	0	0.00000	0
131	Y	1.00000	0	0.00000	0
132	K	1.00000	0	0.00000	0
133	A	0.99998	0	0.00002	0
134	R	0.99960	0	0.00040	0
135	I	0.82171	0	0.17829	0
136	T	0.77853	0	0.22147	0
137	V	0.32379	0	0.67621	0
138	L	0.11868	0	0.88132	0
139	V	0.01264	0	0.98736	0
140	I	0.00152	0	0.99848	0
141	F	0.00007	0	0.99993	0
142	V	0.00000	0	1.00000	0
143	M	0.00000	0	1.00000	0
144	I	0.00000	0	1.00000	0
145	F	0.00000	0	1.00000	0
146	I	0.00000	0	1.00000	0
147	S	0.00000	0	1.00000	0
148	W	0.00000	0	1.00000	0
149	S	0.00000	0	1.00000	0
150	V	0.00000	0	1.00000	0
151	P	0.00000	0	1.00000	0
152	A	0.00000	0	1.00000	0
153	L	0.00000	0	1.00000	0
154	F	0.00000	2e-05	0.99998	0
155	A	0.00000	0.00123	0.99877	0
156	F	0.00000	0.01192	0.98808	0
157	G	0.00000	0.1552	0.84480	0
158	M	0.00000	0.183	0.81700	0
159	I	0.00000	0.29908	0.70092	0
160	F	0.00000	0.49403	0.50597	0
161	L	0.00000	0.72756	0.27244	0
162	E	0.00000	0.994	0.00600	0
163	L	0.00000	0.99799	0.00201	0
164	N	0.00000	0.99993	0.00007	0
165	F	0.00000	0.99998	0.00002	0
166	K	0.00000	1	0.00000	0
167	G	0.00000	1	0.00000	0
168	A	0.00000	1	0.00000	0
169	E	0.00000	1	0.00000	0
170	E	0.00000	1	0.00000	0
171	M	0.00000	1	0.00000	0
172	Y	0.00000	1	0.00000	0
173	Y	0.00000	1	0.00000	0
174	K	0.00000	1	0.00000	0
175	R	0.00000	1	0.00000	0
176	T	0.00000	1	0.00000	0
177	H	0.00000	1	0.00000	0
178	C	0.00000	1	0.00000	0
179	I	0.00000	1	0.00000	0
180	G	0.00000	1	0.00000	0
181	Y	0.00000	1	0.00000	0
182	C	0.00000	1	0.00000	0
183	S	0.00000	0.99578	0.00422	0
184	V	0.00000	0.99563	0.00437	0
185	F	0.00000	0.99494	0.00506	0
186	F	0.00000	0.99462	0.00538	0
187	S	0.00000	0.99461	0.00539	0
188	K	0.00000	0.9946	0.00540	0
189	T	0.00000	0.99047	0.00953	0
190	S	0.00000	0.98245	0.01755	0
191	G	0.00000	0.89098	0.10902	0
192	V	0.00000	0.54159	0.45841	0
193	L	0.00000	0.00642	0.99358	0
194	A	0.00000	0.00348	0.99652	0
195	F	0.00000	5e-05	0.99995	0
196	V	0.00000	2e-05	0.99998	0
197	T	0.00000	0	1.00000	0
198	S	0.00000	0	1.00000	0
199	F	0.00000	0	1.00000	0
200	Y	0.00000	0	1.00000	0
201	I	0.00000	0	1.00000	0
202	P	0.00000	0	1.00000	0
203	G	0.00000	0	1.00000	0
204	S	0.00000	0	1.00000	0
205	I	0.00000	0	1.00000	0
206	M	0.00000	0	1.00000	0
207	L	0.00000	0	1.00000	0
208	C	0.00001	0	0.99999	0
209	V	0.00008	0	0.99992	0
210	Y	0.00052	0	0.99948	0
211	F	0.00154	0	0.99846	0
212	R	0.00557	0	0.99443	0
213	I	0.00574	0	0.99426	0
214	Y	0.00804	0	0.99196	0
215	F	0.04167	0	0.95833	0
216	I	0.15242	0	0.84758	0
217	A	0.98978	0	0.01022	0
218	K	0.99975	0	0.00025	0
219	G	0.99999	0	0.00001	0
220	Q	1.00000	0	0.00000	0
221	A	1.00000	0	0.00000	0
222	R	1.00000	0	0.00000	0
223	S	1.00000	0	0.00000	0
224	I	1.00000	0	0.00000	0
225	N	1.00000	0	0.00000	0
226	D	1.00000	0	0.00000	0
227	A	1.00000	0	0.00000	0
228	S	1.00000	0	0.00000	0
229	Q	1.00000	0	0.00000	0
230	K	1.00000	0	0.00000	0
231	L	1.00000	0	0.00000	0
232	Q	1.00000	0	0.00000	0
233	I	1.00000	0	0.00000	0
234	G	1.00000	0	0.00000	0
235	L	1.00000	0	0.00000	0
236	E	1.00000	0	0.00000	0
237	E	1.00000	0	0.00000	0
238	K	1.00000	0	0.00000	0
239	N	1.00000	0	0.00000	0
240	G	1.00000	0	0.00000	0
241	I	1.00000	0	0.00000	0
242	S	1.00000	0	0.00000	0
243	R	1.00000	0	0.00000	0
244	T	1.00000	0	0.00000	0
245	K	1.00000	0	0.00000	0
246	E	1.00000	0	0.00000	0
247	G	0.98701	0	0.01299	0
248	K	0.98614	0	0.01386	0
249	A	0.39587	0	0.60413	0
250	A	0.39347	0	0.60653	0
251	K	0.35672	0	0.64328	0
252	T	0.27482	0	0.72518	0
253	L	0.00346	0	0.99654	0
254	G	0.00030	0	0.99970	0
255	I	0.00003	0	0.99997	0
256	V	0.00003	0	0.99997	0
257	M	0.00002	0	0.99998	0
258	G	0.00000	0	1.00000	0
259	V	0.00000	0	1.00000	0
260	F	0.00000	0	1.00000	0
261	L	0.00000	0	1.00000	0
262	I	0.00000	0	1.00000	0
263	C	0.00000	0	1.00000	0
264	W	0.00000	0	1.00000	0
265	C	0.00000	0	1.00000	0
266	P	0.00000	0	1.00000	0
267	F	0.00000	0	1.00000	0
268	F	0.00000	0	1.00000	0
269	V	0.00000	8e-05	0.99992	0
270	C	0.00000	0.00085	0.99915	0
271	M	0.00000	0.0027	0.99730	0
272	V	0.00000	0.03985	0.96015	0
273	M	0.00000	0.1505	0.84950	0
274	D	0.00000	0.86759	0.13241	0
275	P	0.00000	0.87006	0.12994	0
276	F	0.00000	0.87814	0.12186	0
277	L	0.00000	0.90094	0.09906	0
278	D	0.00000	0.99765	0.00235	0
279	Y	0.00000	0.99774	0.00226	0
280	A	0.00000	0.99795	0.00205	0
281	I	0.00000	0.99851	0.00149	0
282	P	0.00000	0.99933	0.00067	0
283	L	0.00000	0.99932	0.00068	0
284	T	0.00000	0.99979	0.00021	0
285	L	0.00000	0.99964	0.00036	0
286	N	0.00000	0.99958	0.00042	0
287	D	0.00000	0.96971	0.03029	0
288	A	0.00000	0.09312	0.90688	0
289	L	0.00000	0.02561	0.97439	0
290	I	0.00000	0.00693	0.99307	0
291	W	0.00000	0.0006	0.99940	0
292	F	0.00000	0	1.00000	0
293	G	0.00000	0	1.00000	0
294	Y	0.00000	0	1.00000	0
295	L	0.00000	0	1.00000	0
296	N	0.00000	0	1.00000	0
297	S	0.00000	0	1.00000	0
298	T	0.00000	0	1.00000	0
299	F	0.00000	0	1.00000	0
300	N	0.00000	0	1.00000	0
301	P	0.00000	0	1.00000	0
302	M	0.00000	0	1.00000	0
303	I	0.00000	0	1.00000	0
304	Y	0.00000	0	1.00000	0
305	A	0.00001	0	0.99999	0
306	F	0.00003	0	0.99997	0
307	F	0.00090	0	0.99910	0
308	Y	0.02717	0	0.97283	0
309	P	0.19989	0	0.80011	0
310	S	0.36156	0	0.63844	0
311	F	0.53282	0	0.46718	0
312	R	1.00000	0	0.00000	0
313	R	1.00000	0	0.00000	0
314	A	1.00000	0	0.00000	0
315	L	1.00000	0	0.00000	0
316	K	1.00000	0	0.00000	0
317	M	1.00000	0	0.00000	0
318	I	1.00000	0	0.00000	0
319	L	1.00000	0	0.00000	0
320	F	1.00000	0	0.00000	0
321	G	1.00000	0	0.00000	0
322	K	1.00000	0	0.00000	0
323	I	1.00000	0	0.00000	0
324	F	1.00000	0	0.00000	0
325	Q	1.00000	0	0.00000	0
326	K	1.00000	0	0.00000	0
327	D	1.00000	0	0.00000	0
328	S	1.00000	0	0.00000	0
329	S	1.00000	0	0.00000	0
330	R	1.00000	0	0.00000	0
331	C	1.00000	0	0.00000	0
332	Q	1.00000	0	0.00000	0
333	L	1.00000	0	0.00000	0
334	F	1.00000	0	0.00000	0
335	L	1.00000	0	0.00000	0
336	E	1.00000	0	0.00000	0
337	S	1.00000	0	0.00000	0
338	N	1.00000	0	0.00000	0
339	P	1.00000	0	0.00000	0
