# UNNAMED
#pos	aa	i	o	M	S
1	M	0.00000	0.99788	0.00000	0.00212
2	D	0.00000	0.99788	0.00000	0.00212
3	L	0.00000	0.99788	0.00000	0.00212
4	P	0.00000	0.99788	0.00000	0.00212
5	V	0.00000	0.99788	0.00000	0.00212
6	N	0.00000	0.99788	0.00000	0.00212
7	L	0.00000	0.99788	0.00000	0.00211
8	T	0.00000	0.99788	0.00000	0.00212
9	S	0.00000	0.99788	0.00000	0.00212
10	F	0.00000	0.99788	0.00000	0.00212
11	S	0.00000	0.99788	0.00000	0.00211
12	L	0.00000	0.99788	0.00000	0.00211
13	S	0.00000	0.99788	0.00000	0.00212
14	T	0.00000	0.99788	0.00000	0.00212
15	P	0.00000	0.99788	0.00000	0.00212
16	S	0.00000	0.99788	0.00000	0.00212
17	P	0.00000	0.99788	0.00000	0.00212
18	L	0.00000	0.99788	0.00000	0.00212
19	E	0.00000	0.99881	0.00000	0.00118
20	T	0.00000	0.99882	0.00000	0.00118
21	N	0.00000	0.99988	0.00000	0.00012
22	R	0.00000	0.99988	0.00000	0.00012
23	S	0.00000	0.99988	0.00000	0.00012
24	L	0.00000	0.99999	0.00000	1e-05
25	G	0.00000	0.99999	0.00000	1e-05
26	K	0.00000	1	0.00000	0
27	D	0.00000	1	0.00000	0
28	D	0.00000	1	0.00000	0
29	L	0.00000	1	0.00000	0
30	R	0.00000	1	0.00000	0
31	P	0.00000	0.99994	0.00006	0
32	S	0.00000	0.99963	0.00037	0
33	S	0.00000	0.99878	0.00122	0
34	P	0.00000	0.992	0.00800	0
35	L	0.00000	0.91737	0.08263	0
36	L	0.00000	0.88084	0.11916	0
37	S	0.00000	0.8359	0.16410	0
38	V	0.00000	0.66073	0.33927	0
39	F	0.00000	0.45241	0.54759	0
40	G	0.00000	0.39667	0.60333	0
41	V	0.00000	0.1302	0.86980	0
42	L	0.00000	0.04664	0.95336	0
43	I	0.00000	0.00619	0.99381	0
44	L	0.00000	0.0036	0.99640	0
45	T	0.00000	0.00124	0.99876	0
46	L	0.00000	0.00036	0.99964	0
47	L	0.00000	7e-05	0.99993	0
48	G	0.00000	2e-05	0.99998	0
49	F	0.00000	0	1.00000	0
50	L	0.00000	0	1.00000	0
51	V	0.00000	0	1.00000	0
52	A	0.00000	0	1.00000	0
53	A	0.00000	0	1.00000	0
54	T	0.00000	0	1.00000	0
55	F	0.00000	0	1.00000	0
56	A	0.00000	0	1.00000	0
57	W	0.00000	0	1.00000	0
58	N	0.00004	0	0.99996	0
59	L	0.00009	0	0.99991	0
60	L	0.00155	0	0.99845	0
61	V	0.01322	0	0.98678	0
62	L	0.13053	0	0.86947	0
63	A	0.14475	0	0.85525	0
64	T	0.28501	0	0.71499	0
65	I	0.31835	0	0.68165	0
66	L	0.56262	0	0.43738	0
67	R	0.98033	0	0.01967	0
68	V	0.98875	0	0.01125	0
69	R	0.99974	0	0.00026	0
70	T	0.99999	0	0.00001	0
71	F	0.99999	0	0.00001	0
72	H	1.00000	0	0.00000	0
73	R	1.00000	0	0.00000	0
74	V	0.99998	0	0.00002	0
75	P	0.99997	0	0.00003	0
76	H	0.16405	0	0.83595	0
77	N	0.09499	0	0.90501	0
78	L	0.00196	0	0.99804	0
79	V	0.00081	0	0.99919	0
80	A	0.00009	0	0.99991	0
81	S	0.00000	0	1.00000	0
82	M	0.00000	0	1.00000	0
83	A	0.00000	0	1.00000	0
84	I	0.00000	0	1.00000	0
85	S	0.00000	0	1.00000	0
86	D	0.00000	0	1.00000	0
87	V	0.00000	0	1.00000	0
88	L	0.00000	0	1.00000	0
89	V	0.00000	0	1.00000	0
90	A	0.00000	0	1.00000	0
91	A	0.00000	0	1.00000	0
92	L	0.00000	0	1.00000	0
93	V	0.00000	0	1.00000	0
94	M	0.00000	4e-05	0.99996	0
95	P	0.00000	0.00179	0.99821	0
96	L	0.00000	0.02427	0.97573	0
97	S	0.00000	0.278	0.72200	0
98	L	0.00000	0.38378	0.61622	0
99	V	0.00000	0.62675	0.37325	0
100	H	0.00000	0.99999	0.00001	0
101	E	0.00000	1	0.00000	0
102	L	0.00000	1	0.00000	0
103	S	0.00000	1	0.00000	0
104	G	0.00000	1	0.00000	0
105	R	0.00000	1	0.00000	0
106	R	0.00000	1	0.00000	0
107	W	0.00000	1	0.00000	0
108	Q	0.00000	1	0.00000	0
109	L	0.00000	0.99998	0.00002	0
110	G	0.00000	0.99998	0.00002	0
111	R	0.00000	0.99991	0.00009	0
112	R	0.00000	0.9997	0.00030	0
113	L	0.00000	0.99953	0.00047	0
114	C	0.00000	0.99923	0.00077	0
115	Q	0.00000	0.99594	0.00406	0
116	L	0.00000	0.99471	0.00529	0
117	W	0.00000	0.86492	0.13508	0
118	I	0.00000	0.14608	0.85392	0
119	A	0.00000	0.00715	0.99285	0
120	C	0.00000	0.00219	0.99781	0
121	D	0.00000	0.0007	0.99930	0
122	V	0.00000	2e-05	0.99998	0
123	L	0.00000	0	1.00000	0
124	C	0.00000	0	1.00000	0
125	C	0.00000	0	1.00000	0
126	T	0.00000	0	1.00000	0
127	A	0.00000	0	1.00000	0
128	S	0.00000	0	1.00000	0
129	I	0.00000	0	1.00000	0
130	W	0.00000	0	1.00000	0
131	N	0.00000	0	1.00000	0
132	V	0.00000	0	1.00000	0
133	T	0.00001	0	0.99999	0
134	A	0.00001	0	0.99999	0
135	I	0.00002	0	0.99998	0
136	A	0.00003	0	0.99997	0
137	L	0.00005	0	0.99995	0
138	D	0.00013	0	0.99987	0
139	R	0.06890	0	0.93110	0
140	Y	0.35723	0	0.64277	0
141	W	0.59507	0	0.40493	0
142	S	0.92679	0	0.07321	0
143	I	1.00000	0	0.00000	0
144	T	1.00000	0	0.00000	0
145	R	1.00000	0	0.00000	0
146	H	1.00000	0	0.00000	0
147	L	1.00000	0	0.00000	0
148	E	1.00000	0	0.00000	0
149	Y	1.00000	0	0.00000	0
150	T	1.00000	0	0.00000	0
151	L	1.00000	0	0.00000	0
152	R	1.00000	0	0.00000	0
153	T	0.99999	0	0.00001	0
154	R	0.99990	0	0.00010	0
155	K	0.99308	0	0.00692	0
156	C	0.09138	0	0.90862	0
157	I	0.03843	0	0.96157	0
158	S	0.03314	0	0.96686	0
159	N	0.01890	0	0.98110	0
160	V	0.00399	0	0.99601	0
161	M	0.00368	0	0.99632	0
162	I	0.00008	0	0.99992	0
163	A	0.00000	0	1.00000	0
164	L	0.00000	0	1.00000	0
165	T	0.00000	0	1.00000	0
166	W	0.00000	0	1.00000	0
167	A	0.00000	0	1.00000	0
168	L	0.00000	0	1.00000	0
169	S	0.00000	0	1.00000	0
170	A	0.00000	0	1.00000	0
171	V	0.00000	0	1.00000	0
172	I	0.00000	0	1.00000	0
173	S	0.00000	0	1.00000	0
174	L	0.00000	1e-05	0.99999	0
175	A	0.00000	0.00187	0.99813	0
176	P	0.00000	0.03138	0.96862	0
177	L	0.00000	0.05803	0.94197	0
178	L	0.00000	0.18014	0.81986	0
179	F	0.00000	0.52603	0.47397	0
180	G	0.00000	0.96362	0.03638	0
181	W	0.00000	0.98354	0.01646	0
182	G	0.00000	0.99772	0.00228	0
183	E	0.00000	0.99996	0.00004	0
184	T	0.00000	0.99999	0.00001	0
185	Y	0.00000	1	0.00000	0
186	S	0.00000	1	0.00000	0
187	E	0.00000	1	0.00000	0
188	G	0.00000	1	0.00000	0
189	S	0.00000	1	0.00000	0
190	E	0.00000	1	0.00000	0
191	E	0.00000	1	0.00000	0
192	C	0.00000	1	0.00000	0
193	Q	0.00000	1	0.00000	0
194	V	0.00000	1	0.00000	0
195	S	0.00000	1	0.00000	0
196	R	0.00000	0.99999	0.00001	0
197	E	0.00000	0.99962	0.00038	0
198	P	0.00000	0.99389	0.00611	0
199	S	0.00000	0.53687	0.46313	0
200	Y	0.00000	0.35435	0.64565	0
201	A	0.00000	0.21808	0.78192	0
202	V	0.00000	0.00174	0.99826	0
203	F	0.00000	0.00012	0.99988	0
204	S	0.00000	9e-05	0.99991	0
205	T	0.00000	2e-05	0.99998	0
206	V	0.00000	2e-05	0.99998	0
207	G	0.00000	0	1.00000	0
208	A	0.00000	0	1.00000	0
209	F	0.00000	0	1.00000	0
210	Y	0.00000	0	1.00000	0
211	L	0.00000	0	1.00000	0
212	P	0.00000	0	1.00000	0
213	L	0.00000	0	1.00000	0
214	C	0.00000	0	1.00000	0
215	V	0.00000	0	1.00000	0
216	V	0.00000	0	1.00000	0
217	L	0.00000	0	1.00000	0
218	F	0.00000	0	1.00000	0
219	V	0.00000	0	1.00000	0
220	Y	0.00007	0	0.99993	0
221	W	0.00323	0	0.99677	0
222	K	0.13825	0	0.86175	0
223	I	0.15050	0	0.84950	0
224	Y	0.25598	0	0.74402	0
225	K	0.98825	0	0.01175	0
226	A	0.99503	0	0.00497	0
227	A	0.99967	0	0.00033	0
228	K	0.99998	0	0.00002	0
229	F	0.99998	0	0.00002	0
230	R	1.00000	0	0.00000	0
231	V	1.00000	0	0.00000	0
232	G	1.00000	0	0.00000	0
233	S	1.00000	0	0.00000	0
234	R	1.00000	0	0.00000	0
235	K	1.00000	0	0.00000	0
236	T	1.00000	0	0.00000	0
237	N	1.00000	0	0.00000	0
238	S	1.00000	0	0.00000	0
239	V	1.00000	0	0.00000	0
240	S	1.00000	0	0.00000	0
241	P	1.00000	0	0.00000	0
242	I	1.00000	0	0.00000	0
243	S	1.00000	0	0.00000	0
244	E	1.00000	0	0.00000	0
245	A	1.00000	0	0.00000	0
246	V	1.00000	0	0.00000	0
247	E	1.00000	0	0.00000	0
248	G	1.00000	0	0.00000	0
249	A	1.00000	0	0.00000	0
250	P	1.00000	0	0.00000	0
251	T	1.00000	0	0.00000	0
252	C	1.00000	0	0.00000	0
253	L	1.00000	0	0.00000	0
254	F	1.00000	0	0.00000	0
255	Q	1.00000	0	0.00000	0
256	V	1.00000	0	0.00000	0
257	K	1.00000	0	0.00000	0
258	D	1.00000	0	0.00000	0
259	S	1.00000	0	0.00000	0
260	A	1.00000	0	0.00000	0
261	Q	1.00000	0	0.00000	0
262	Q	1.00000	0	0.00000	0
263	P	1.00000	0	0.00000	0
264	Q	1.00000	0	0.00000	0
265	M	1.00000	0	0.00000	0
266	V	1.00000	0	0.00000	0
267	F	1.00000	0	0.00000	0
268	T	1.00000	0	0.00000	0
269	V	1.00000	0	0.00000	0
270	R	1.00000	0	0.00000	0
271	H	1.00000	0	0.00000	0
272	A	1.00000	0	0.00000	0
273	T	1.00000	0	0.00000	0
274	V	1.00000	0	0.00000	0
275	T	1.00000	0	0.00000	0
276	F	1.00000	0	0.00000	0
277	Q	1.00000	0	0.00000	0
278	T	1.00000	0	0.00000	0
279	E	1.00000	0	0.00000	0
280	G	1.00000	0	0.00000	0
281	D	1.00000	0	0.00000	0
282	T	1.00000	0	0.00000	0
283	W	1.00000	0	0.00000	0
284	R	1.00000	0	0.00000	0
285	E	1.00000	0	0.00000	0
286	Q	1.00000	0	0.00000	0
287	K	1.00000	0	0.00000	0
288	E	1.00000	0	0.00000	0
289	Q	0.99476	0	0.00524	0
290	R	0.89993	0	0.10007	0
291	A	0.01125	0	0.98875	0
292	A	0.00856	0	0.99144	0
293	L	0.00790	0	0.99210	0
294	M	0.00751	0	0.99249	0
295	V	0.00015	0	0.99985	0
296	G	0.00001	0	0.99999	0
297	I	0.00000	0	1.00000	0
298	L	0.00000	0	1.00000	0
299	I	0.00000	0	1.00000	0
300	G	0.00000	0	1.00000	0
301	V	0.00000	0	1.00000	0
302	F	0.00000	0	1.00000	0
303	A	0.00000	0	1.00000	0
304	L	0.00000	0	1.00000	0
305	C	0.00000	0	1.00000	0
306	W	0.00000	0	1.00000	0
307	I	0.00000	0	1.00000	0
308	P	0.00000	0	1.00000	0
309	F	0.00000	0	1.00000	0
310	F	0.00000	2e-05	0.99998	0
311	L	0.00000	0.0086	0.99140	0
312	T	0.00000	0.16475	0.83525	0
313	E	0.00000	0.39428	0.60572	0
314	L	0.00000	0.41787	0.58213	0
315	I	0.00000	0.52582	0.47418	0
316	S	0.00000	0.83252	0.16748	0
317	P	0.00000	0.93694	0.06306	0
318	L	0.00000	0.95905	0.04095	0
319	C	0.00000	0.99727	0.00273	0
320	S	0.00000	0.99941	0.00059	0
321	C	0.00000	0.99996	0.00004	0
322	D	0.00000	1	0.00000	0
323	I	0.00000	0.99995	0.00005	0
324	P	0.00000	0.99876	0.00124	0
325	A	0.00000	0.99682	0.00318	0
326	I	0.00000	0.99488	0.00512	0
327	W	0.00000	0.99409	0.00591	0
328	K	0.00000	0.99363	0.00637	0
329	S	0.00000	0.78767	0.21233	0
330	I	0.00000	0.00468	0.99532	0
331	F	0.00000	0.00013	0.99987	0
332	L	0.00000	0	1.00000	0
333	W	0.00000	0	1.00000	0
334	L	0.00000	0	1.00000	0
335	G	0.00000	0	1.00000	0
336	Y	0.00000	0	1.00000	0
337	S	0.00000	0	1.00000	0
338	N	0.00000	0	1.00000	0
339	S	0.00000	0	1.00000	0
340	F	0.00000	0	1.00000	0
341	F	0.00000	0	1.00000	0
342	N	0.00000	0	1.00000	0
343	P	0.00000	0	1.00000	0
344	L	0.00000	0	1.00000	0
345	I	0.00005	0	0.99995	0
346	Y	0.00033	0	0.99967	0
347	T	0.00138	0	0.99862	0
348	A	0.00384	0	0.99616	0
349	F	0.07341	0	0.92659	0
350	N	0.78570	0	0.21430	0
351	K	1.00000	0	0.00000	0
352	N	1.00000	0	0.00000	0
353	Y	1.00000	0	0.00000	0
354	N	1.00000	0	0.00000	0
355	S	1.00000	0	0.00000	0
356	A	1.00000	0	0.00000	0
357	F	1.00000	0	0.00000	0
358	K	1.00000	0	0.00000	0
359	N	1.00000	0	0.00000	0
360	F	1.00000	0	0.00000	0
361	F	1.00000	0	0.00000	0
362	S	1.00000	0	0.00000	0
363	R	1.00000	0	0.00000	0
364	Q	1.00000	0	0.00000	0
365	H	1.00000	0	0.00000	0
