# UNNAMED
#pos	aa	i	o	M	S
1	M	0.00000	0.99999	0.00000	1e-05
2	T	0.00000	0.99999	0.00000	1e-05
3	G	0.00000	0.99999	0.00000	1e-05
4	D	0.00000	0.99999	0.00000	1e-05
5	L	0.00000	0.99999	0.00000	0
6	T	0.00000	0.99999	0.00000	0
7	P	0.00000	0.99999	0.00000	0
8	P	0.00000	0.99999	0.00000	0
9	P	0.00000	0.99999	0.00000	0
10	P	0.00000	0.99999	0.00000	0
11	V	0.00000	0.99999	0.00000	1e-05
12	Q	0.00000	0.99999	0.00000	0
13	L	0.00000	0.99999	0.00000	0
14	C	0.00000	0.99999	0.00000	0
15	Y	0.00000	0.99999	0.00000	0
16	E	0.00000	0.99999	0.00000	0
17	N	0.00000	0.99999	0.00000	0
18	V	0.00000	1	0.00000	0
19	N	0.00000	1	0.00000	0
20	G	0.00000	1	0.00000	0
21	S	0.00000	1	0.00000	0
22	C	0.00000	1	0.00000	0
23	V	0.00000	1	0.00000	0
24	K	0.00000	1	0.00000	0
25	A	0.00000	1	0.00000	0
26	P	0.00000	1	0.00000	0
27	Y	0.00000	1	0.00000	0
28	S	0.00000	1	0.00000	0
29	P	0.00000	0.99999	0.00001	0
30	G	0.00000	0.99997	0.00003	0
31	P	0.00000	0.99992	0.00008	0
32	R	0.00000	0.98872	0.01128	0
33	L	0.00000	0.60002	0.39998	0
34	L	0.00000	0.38548	0.61452	0
35	L	0.00000	0.09964	0.90036	0
36	Y	0.00000	0.01391	0.98609	0
37	L	0.00000	0.00356	0.99644	0
38	L	0.00000	0.00115	0.99885	0
39	F	0.00000	0.00024	0.99976	0
40	G	0.00000	0.00012	0.99988	0
41	S	0.00000	5e-05	0.99995	0
42	G	0.00000	1e-05	0.99999	0
43	A	0.00000	0	1.00000	0
44	A	0.00000	0	1.00000	0
45	L	0.00000	0	1.00000	0
46	A	0.00000	0	1.00000	0
47	V	0.00000	0	1.00000	0
48	L	0.00000	0	1.00000	0
49	G	0.00000	0	1.00000	0
50	N	0.00000	0	1.00000	0
51	L	0.00000	0	1.00000	0
52	L	0.00001	0	0.99999	0
53	V	0.00024	0	0.99976	0
54	M	0.00454	0	0.99546	0
55	T	0.04950	0	0.95050	0
56	S	0.14153	0	0.85847	0
57	I	0.16474	0	0.83526	0
58	L	0.35648	0	0.64352	0
59	H	0.70061	0	0.29939	0
60	F	0.75757	0	0.24243	0
61	K	0.99441	0	0.00559	0
62	Q	0.99997	0	0.00003	0
63	L	0.99999	0	0.00001	0
64	H	1.00000	0	0.00000	0
65	S	1.00000	0	0.00000	0
66	P	1.00000	0	0.00000	0
67	A	0.53721	0	0.46279	0
68	N	0.13578	0	0.86422	0
69	L	0.03237	0	0.96763	0
70	L	0.00061	0	0.99939	0
71	I	0.00002	0	0.99998	0
72	A	0.00000	0	1.00000	0
73	S	0.00000	0	1.00000	0
74	L	0.00000	0	1.00000	0
75	A	0.00000	0	1.00000	0
76	C	0.00000	0	1.00000	0
77	A	0.00000	0	1.00000	0
78	D	0.00000	0	1.00000	0
79	F	0.00000	0	1.00000	0
80	L	0.00000	0	1.00000	0
81	V	0.00000	0	1.00000	0
82	G	0.00000	0	1.00000	0
83	T	0.00000	0	1.00000	0
84	T	0.00000	0	1.00000	0
85	V	0.00000	2e-05	0.99998	0
86	M	0.00000	0.00113	0.99887	0
87	P	0.00000	0.01812	0.98188	0
88	F	0.00000	0.04978	0.95022	0
89	S	0.00000	0.3023	0.69770	0
90	M	0.00000	0.38357	0.61643	0
91	V	0.00000	0.64456	0.35544	0
92	R	0.00000	0.99993	0.00007	0
93	S	0.00000	0.99997	0.00003	0
94	V	0.00000	0.99998	0.00002	0
95	E	0.00000	1	0.00000	0
96	S	0.00000	1	0.00000	0
97	C	0.00000	1	0.00000	0
98	W	0.00000	1	0.00000	0
99	Y	0.00000	1	0.00000	0
100	F	0.00000	1	0.00000	0
101	G	0.00000	1	0.00000	0
102	D	0.00000	1	0.00000	0
103	S	0.00000	1	0.00000	0
104	F	0.00000	0.99988	0.00012	0
105	C	0.00000	0.99987	0.00013	0
106	K	0.00000	0.99978	0.00022	0
107	F	0.00000	0.98825	0.01175	0
108	H	0.00000	0.4376	0.56240	0
109	T	0.00000	0.1669	0.83310	0
110	S	0.00000	0.09808	0.90192	0
111	F	0.00000	0.00035	0.99965	0
112	D	0.00000	0.00021	0.99979	0
113	G	0.00000	0	1.00000	0
114	S	0.00000	0	1.00000	0
115	F	0.00000	0	1.00000	0
116	C	0.00000	0	1.00000	0
117	Y	0.00000	0	1.00000	0
118	C	0.00000	0	1.00000	0
119	S	0.00000	0	1.00000	0
120	I	0.00000	0	1.00000	0
121	F	0.00000	0	1.00000	0
122	H	0.00000	0	1.00000	0
123	L	0.00000	0	1.00000	0
124	S	0.00000	0	1.00000	0
125	F	0.00000	0	1.00000	0
126	I	0.00000	0	1.00000	0
127	S	0.00004	0	0.99996	0
128	I	0.00016	0	0.99984	0
129	D	0.00154	0	0.99846	0
130	R	0.41047	0	0.58953	0
131	Y	0.95880	0	0.04120	0
132	I	0.99386	0	0.00614	0
133	A	0.99923	0	0.00077	0
134	V	1.00000	0	0.00000	0
135	T	1.00000	0	0.00000	0
136	D	1.00000	0	0.00000	0
137	P	1.00000	0	0.00000	0
138	L	1.00000	0	0.00000	0
139	V	1.00000	0	0.00000	0
140	Y	1.00000	0	0.00000	0
141	P	1.00000	0	0.00000	0
142	T	0.99997	0	0.00003	0
143	R	0.99961	0	0.00039	0
144	F	0.89743	0	0.10257	0
145	S	0.84757	0	0.15243	0
146	V	0.52200	0	0.47800	0
147	S	0.39482	0	0.60518	0
148	V	0.07768	0	0.92232	0
149	S	0.06162	0	0.93838	0
150	C	0.00005	0	0.99995	0
151	M	0.00001	0	0.99999	0
152	C	0.00000	0	1.00000	0
153	V	0.00000	0	1.00000	0
154	A	0.00000	0	1.00000	0
155	S	0.00000	0	1.00000	0
156	S	0.00000	0	1.00000	0
157	W	0.00000	0	1.00000	0
158	V	0.00000	0	1.00000	0
159	L	0.00000	0	1.00000	0
160	S	0.00000	0	1.00000	0
161	V	0.00000	0	1.00000	0
162	I	0.00000	0	1.00000	0
163	Y	0.00000	0.00039	0.99961	0
164	S	0.00000	0.00668	0.99332	0
165	F	0.00000	0.01571	0.98429	0
166	S	0.00000	0.11395	0.88605	0
167	V	0.00000	0.18645	0.81355	0
168	F	0.00000	0.39827	0.60173	0
169	Y	0.00000	0.64066	0.35934	0
170	T	0.00000	0.90955	0.09045	0
171	E	0.00000	0.99534	0.00466	0
172	A	0.00000	0.9974	0.00260	0
173	S	0.00000	0.99973	0.00027	0
174	T	0.00000	0.99999	0.00001	0
175	K	0.00000	1	0.00000	0
176	G	0.00000	1	0.00000	0
177	L	0.00000	1	0.00000	0
178	E	0.00000	1	0.00000	0
179	D	0.00000	1	0.00000	0
180	L	0.00000	1	0.00000	0
181	V	0.00000	1	0.00000	0
182	S	0.00000	1	0.00000	0
183	A	0.00000	1	0.00000	0
184	L	0.00000	1	0.00000	0
185	S	0.00000	1	0.00000	0
186	C	0.00000	1	0.00000	0
187	V	0.00000	1	0.00000	0
188	G	0.00000	1	0.00000	0
189	G	0.00000	0.99999	0.00001	0
190	C	0.00000	0.99983	0.00017	0
191	Q	0.00000	0.99873	0.00127	0
192	M	0.00000	0.94369	0.05631	0
193	A	0.00000	0.94149	0.05851	0
194	V	0.00000	0.94048	0.05952	0
195	N	0.00000	0.94041	0.05959	0
196	Q	0.00000	0.93856	0.06144	0
197	S	0.00000	0.22392	0.77608	0
198	W	0.00000	0.10756	0.89244	0
199	V	0.00000	0.03721	0.96279	0
200	L	0.00000	0.01038	0.98962	0
201	I	0.00000	0.00246	0.99754	0
202	N	0.00000	0.00163	0.99837	0
203	F	0.00000	0.00072	0.99928	0
204	L	0.00000	0	1.00000	0
205	L	0.00000	0	1.00000	0
206	F	0.00000	0	1.00000	0
207	F	0.00000	0	1.00000	0
208	I	0.00000	0	1.00000	0
209	P	0.00000	0	1.00000	0
210	M	0.00000	0	1.00000	0
211	L	0.00000	0	1.00000	0
212	L	0.00000	0	1.00000	0
213	M	0.00004	0	0.99996	0
214	T	0.00023	0	0.99977	0
215	T	0.00302	0	0.99698	0
216	V	0.00488	0	0.99512	0
217	Y	0.01328	0	0.98672	0
218	S	0.05427	0	0.94573	0
219	K	0.06211	0	0.93789	0
220	I	0.06315	0	0.93685	0
221	F	0.07916	0	0.92084	0
222	L	0.20970	0	0.79030	0
223	I	0.29216	0	0.70784	0
224	A	0.96843	0	0.03157	0
225	K	0.99937	0	0.00063	0
226	Q	0.99998	0	0.00002	0
227	Q	1.00000	0	0.00000	0
228	A	1.00000	0	0.00000	0
229	R	1.00000	0	0.00000	0
230	K	1.00000	0	0.00000	0
231	I	1.00000	0	0.00000	0
232	E	1.00000	0	0.00000	0
233	S	1.00000	0	0.00000	0
234	Q	1.00000	0	0.00000	0
235	S	1.00000	0	0.00000	0
236	N	1.00000	0	0.00000	0
237	K	1.00000	0	0.00000	0
238	T	1.00000	0	0.00000	0
239	A	1.00000	0	0.00000	0
240	K	1.00000	0	0.00000	0
241	S	1.00000	0	0.00000	0
242	S	1.00000	0	0.00000	0
243	D	1.00000	0	0.00000	0
244	S	1.00000	0	0.00000	0
245	Y	1.00000	0	0.00000	0
246	K	1.00000	0	0.00000	0
247	D	1.00000	0	0.00000	0
248	R	1.00000	0	0.00000	0
249	V	1.00000	0	0.00000	0
250	A	1.00000	0	0.00000	0
251	R	1.00000	0	0.00000	0
252	R	1.00000	0	0.00000	0
253	E	1.00000	0	0.00000	0
254	R	0.90905	0	0.09095	0
255	K	0.90502	0	0.09498	0
256	A	0.03861	0	0.96139	0
257	A	0.02244	0	0.97756	0
258	T	0.02060	0	0.97940	0
259	T	0.01253	0	0.98747	0
260	L	0.01171	0	0.98829	0
261	G	0.00782	0	0.99218	0
262	V	0.00558	0	0.99442	0
263	A	0.00548	0	0.99452	0
264	V	0.00520	0	0.99480	0
265	I	0.00002	0	0.99998	0
266	A	0.00000	0	1.00000	0
267	F	0.00000	0	1.00000	0
268	L	0.00000	0	1.00000	0
269	I	0.00000	0	1.00000	0
270	S	0.00000	0	1.00000	0
271	W	0.00000	0	1.00000	0
272	L	0.00000	0	1.00000	0
273	P	0.00000	3e-05	0.99997	0
274	Y	0.00000	0.00016	0.99984	0
275	F	0.00000	0.00148	0.99852	0
276	I	0.00000	0.06101	0.93899	0
277	D	0.00000	0.93138	0.06862	0
278	S	0.00000	0.93621	0.06379	0
279	V	0.00000	0.94417	0.05583	0
280	I	0.00000	0.95125	0.04875	0
281	D	0.00000	0.97293	0.02707	0
282	A	0.00000	0.97298	0.02702	0
283	F	0.00000	0.97326	0.02674	0
284	L	0.00000	0.97448	0.02552	0
285	G	0.00000	0.9784	0.02160	0
286	F	0.00000	0.9792	0.02080	0
287	I	0.00000	0.98624	0.01376	0
288	T	0.00000	0.99595	0.00405	0
289	P	0.00000	0.9989	0.00110	0
290	T	0.00000	0.99938	0.00062	0
291	Y	0.00000	0.9996	0.00040	0
292	V	0.00000	0.99924	0.00076	0
293	Y	0.00000	0.99885	0.00115	0
294	E	0.00000	0.8605	0.13950	0
295	I	0.00000	0.21527	0.78473	0
296	L	0.00000	0.05137	0.94863	0
297	V	0.00000	0.00934	0.99066	0
298	W	0.00000	0.00072	0.99928	0
299	I	0.00000	0	1.00000	0
300	A	0.00000	0	1.00000	0
301	Y	0.00000	0	1.00000	0
302	Y	0.00000	0	1.00000	0
303	N	0.00000	0	1.00000	0
304	S	0.00000	0	1.00000	0
305	A	0.00000	0	1.00000	0
306	L	0.00000	0	1.00000	0
307	N	0.00000	0	1.00000	0
308	P	0.00000	0	1.00000	0
309	L	0.00000	0	1.00000	0
310	I	0.00000	0	1.00000	0
311	Y	0.00000	0	1.00000	0
312	A	0.00001	0	0.99999	0
313	F	0.00003	0	0.99997	0
314	F	0.00143	0	0.99857	0
315	Y	0.03971	0	0.96029	0
316	P	0.16177	0	0.83823	0
317	W	0.22793	0	0.77207	0
318	F	0.65634	0	0.34366	0
319	R	1.00000	0	0.00000	0
320	K	1.00000	0	0.00000	0
321	A	1.00000	0	0.00000	0
322	I	1.00000	0	0.00000	0
323	K	1.00000	0	0.00000	0
324	L	1.00000	0	0.00000	0
325	I	1.00000	0	0.00000	0
326	V	1.00000	0	0.00000	0
327	T	1.00000	0	0.00000	0
328	A	1.00000	0	0.00000	0
329	K	1.00000	0	0.00000	0
330	V	1.00000	0	0.00000	0
331	L	1.00000	0	0.00000	0
332	R	1.00000	0	0.00000	0
333	Q	1.00000	0	0.00000	0
334	N	1.00000	0	0.00000	0
335	S	1.00000	0	0.00000	0
336	S	1.00000	0	0.00000	0
337	T	1.00000	0	0.00000	0
338	T	1.00000	0	0.00000	0
339	N	1.00000	0	0.00000	0
340	L	1.00000	0	0.00000	0
341	F	1.00000	0	0.00000	0
342	L	1.00000	0	0.00000	0
343	E	1.00000	0	0.00000	0
