# UNNAMED
#pos	aa	i	o	M	S
1	M	0.00000	0.99984	0.00000	0.00016
2	Q	0.00000	0.99984	0.00000	0.00017
3	I	0.00000	0.99984	0.00000	0.00016
4	Q	0.00000	0.99984	0.00000	0.00016
5	Y	0.00000	0.99984	0.00000	0.00016
6	C	0.00000	0.99984	0.00000	0.00016
7	Y	0.00000	0.99984	0.00000	0.00016
8	E	0.00000	0.99984	0.00000	0.00016
9	S	0.00000	0.99984	0.00000	0.00016
10	I	0.00000	0.99984	0.00000	0.00017
11	N	0.00000	0.99984	0.00000	0.00016
12	R	0.00000	0.99984	0.00000	0.00016
13	S	0.00000	0.99984	0.00000	0.00016
14	C	0.00000	0.99999	0.00000	1e-05
15	E	0.00000	0.99999	0.00000	1e-05
16	K	0.00000	1	0.00000	0
17	N	0.00000	1	0.00000	0
18	G	0.00000	1	0.00000	0
19	W	0.00000	1	0.00000	0
20	S	0.00000	1	0.00000	0
21	N	0.00000	1	0.00000	0
22	N	0.00000	0.99999	0.00001	0
23	I	0.00000	0.99978	0.00022	0
24	R	0.00000	0.99734	0.00266	0
25	I	0.00000	0.84465	0.15535	0
26	P	0.00000	0.79011	0.20989	0
27	M	0.00000	0.66253	0.33747	0
28	Y	0.00000	0.12393	0.87607	0
29	V	0.00000	0.06277	0.93723	0
30	F	0.00000	0.03126	0.96874	0
31	M	0.00000	0.01945	0.98055	0
32	V	0.00000	0.00469	0.99531	0
33	S	0.00000	0.0029	0.99710	0
34	T	0.00000	0.00026	0.99974	0
35	I	0.00000	0	1.00000	0
36	L	0.00000	0	1.00000	0
37	A	0.00000	0	1.00000	0
38	T	0.00000	0	1.00000	0
39	V	0.00000	0	1.00000	0
40	V	0.00000	0	1.00000	0
41	G	0.00000	0	1.00000	0
42	N	0.00000	0	1.00000	0
43	L	0.00000	0	1.00000	0
44	A	0.00000	0	1.00000	0
45	V	0.00000	0	1.00000	0
46	I	0.00000	0	1.00000	0
47	I	0.00036	0	0.99964	0
48	S	0.04392	0	0.95608	0
49	I	0.06107	0	0.93893	0
50	A	0.33451	0	0.66549	0
51	H	0.67382	0	0.32618	0
52	F	0.77275	0	0.22725	0
53	K	0.99071	0	0.00929	0
54	Q	0.99986	0	0.00014	0
55	L	0.99993	0	0.00007	0
56	H	1.00000	0	0.00000	0
57	T	1.00000	0	0.00000	0
58	P	1.00000	0	0.00000	0
59	T	0.97408	0	0.02592	0
60	N	0.37592	0	0.62408	0
61	Y	0.21092	0	0.78908	0
62	L	0.00663	0	0.99337	0
63	I	0.00007	0	0.99993	0
64	L	0.00000	0	1.00000	0
65	S	0.00000	0	1.00000	0
66	M	0.00000	0	1.00000	0
67	S	0.00000	0	1.00000	0
68	T	0.00000	0	1.00000	0
69	V	0.00000	0	1.00000	0
70	D	0.00000	0	1.00000	0
71	F	0.00000	0	1.00000	0
72	L	0.00000	0	1.00000	0
73	L	0.00000	0	1.00000	0
74	G	0.00000	0	1.00000	0
75	S	0.00000	0	1.00000	0
76	C	0.00000	0	1.00000	0
77	V	0.00000	0	1.00000	0
78	M	0.00000	0	1.00000	0
79	P	0.00000	9e-05	0.99991	0
80	Y	0.00000	0.00034	0.99966	0
81	S	0.00000	0.00119	0.99881	0
82	M	0.00000	0.09184	0.90816	0
83	V	0.00000	0.44199	0.55801	0
84	R	0.00000	0.99986	0.00014	0
85	S	0.00000	0.99994	0.00006	0
86	V	0.00000	0.99994	0.00006	0
87	E	0.00000	1	0.00000	0
88	N	0.00000	1	0.00000	0
89	C	0.00000	1	0.00000	0
90	W	0.00000	1	0.00000	0
91	Y	0.00000	1	0.00000	0
92	F	0.00000	1	0.00000	0
93	G	0.00000	1	0.00000	0
94	D	0.00000	1	0.00000	0
95	L	0.00000	0.99998	0.00002	0
96	F	0.00000	0.99984	0.00016	0
97	C	0.00000	0.99981	0.00019	0
98	K	0.00000	0.9997	0.00030	0
99	V	0.00000	0.99627	0.00373	0
100	H	0.00000	0.72654	0.27346	0
101	T	0.00000	0.42254	0.57746	0
102	S	0.00000	0.19547	0.80453	0
103	T	0.00000	0.02145	0.97855	0
104	D	0.00000	0.00434	0.99566	0
105	I	0.00000	4e-05	0.99996	0
106	M	0.00000	0	1.00000	0
107	L	0.00000	0	1.00000	0
108	S	0.00000	0	1.00000	0
109	T	0.00000	0	1.00000	0
110	S	0.00000	0	1.00000	0
111	S	0.00000	0	1.00000	0
112	I	0.00000	0	1.00000	0
113	F	0.00000	0	1.00000	0
114	H	0.00000	0	1.00000	0
115	L	0.00000	0	1.00000	0
116	S	0.00000	0	1.00000	0
117	F	0.00001	0	0.99999	0
118	I	0.00002	0	0.99998	0
119	S	0.00010	0	0.99990	0
120	V	0.00014	0	0.99986	0
121	D	0.00055	0	0.99945	0
122	R	0.15550	0	0.84450	0
123	Y	0.88961	0	0.11039	0
124	F	0.94641	0	0.05359	0
125	A	0.98862	0	0.01138	0
126	V	1.00000	0	0.00000	0
127	C	1.00000	0	0.00000	0
128	D	1.00000	0	0.00000	0
129	P	1.00000	0	0.00000	0
130	L	1.00000	0	0.00000	0
131	R	1.00000	0	0.00000	0
132	Y	1.00000	0	0.00000	0
133	K	1.00000	0	0.00000	0
134	T	1.00000	0	0.00000	0
135	K	0.99994	0	0.00006	0
136	M	0.98567	0	0.01433	0
137	N	0.93513	0	0.06487	0
138	V	0.46208	0	0.53792	0
139	F	0.27236	0	0.72764	0
140	S	0.21488	0	0.78512	0
141	V	0.02791	0	0.97209	0
142	S	0.00992	0	0.99008	0
143	L	0.00054	0	0.99946	0
144	M	0.00028	0	0.99972	0
145	I	0.00001	0	0.99999	0
146	V	0.00000	0	1.00000	0
147	T	0.00000	0	1.00000	0
148	S	0.00000	0	1.00000	0
149	W	0.00000	0	1.00000	0
150	V	0.00000	0	1.00000	0
151	V	0.00000	0	1.00000	0
152	P	0.00000	0	1.00000	0
153	T	0.00000	0	1.00000	0
154	I	0.00000	0	1.00000	0
155	F	0.00000	0	1.00000	0
156	A	0.00000	7e-05	0.99993	0
157	F	0.00000	0.0009	0.99910	0
158	T	0.00000	0.02241	0.97759	0
159	M	0.00000	0.04401	0.95599	0
160	V	0.00000	0.1807	0.81930	0
161	F	0.00000	0.36335	0.63665	0
162	L	0.00000	0.60691	0.39309	0
163	E	0.00000	0.98938	0.01062	0
164	L	0.00000	0.99429	0.00571	0
165	N	0.00000	0.99939	0.00061	0
166	I	0.00000	0.99967	0.00033	0
167	K	0.00000	1	0.00000	0
168	G	0.00000	1	0.00000	0
169	T	0.00000	1	0.00000	0
170	E	0.00000	1	0.00000	0
171	S	0.00000	1	0.00000	0
172	Y	0.00000	1	0.00000	0
173	Y	0.00000	1	0.00000	0
174	Y	0.00000	1	0.00000	0
175	N	0.00000	1	0.00000	0
176	Q	0.00000	1	0.00000	0
177	V	0.00000	1	0.00000	0
178	S	0.00000	1	0.00000	0
179	C	0.00000	1	0.00000	0
180	F	0.00000	1	0.00000	0
181	G	0.00000	1	0.00000	0
182	G	0.00000	1	0.00000	0
183	C	0.00000	0.99914	0.00086	0
184	A	0.00000	0.99014	0.00986	0
185	V	0.00000	0.98111	0.01889	0
186	F	0.00000	0.94741	0.05259	0
187	F	0.00000	0.93589	0.06411	0
188	S	0.00000	0.93586	0.06414	0
189	Q	0.00000	0.93536	0.06464	0
190	T	0.00000	0.93188	0.06812	0
191	S	0.00000	0.83059	0.16941	0
192	G	0.00000	0.6612	0.33880	0
193	L	0.00000	0.32241	0.67759	0
194	V	0.00000	0.00826	0.99174	0
195	A	0.00000	0.00504	0.99496	0
196	S	0.00000	0.00073	0.99927	0
197	M	0.00000	0.00029	0.99971	0
198	V	0.00000	0	1.00000	0
199	S	0.00000	0	1.00000	0
200	F	0.00000	0	1.00000	0
201	Y	0.00000	0	1.00000	0
202	I	0.00000	0	1.00000	0
203	P	0.00000	0	1.00000	0
204	G	0.00000	0	1.00000	0
205	F	0.00000	0	1.00000	0
206	V	0.00000	0	1.00000	0
207	M	0.00000	0	1.00000	0
208	L	0.00001	0	0.99999	0
209	C	0.00028	0	0.99972	0
210	V	0.00284	0	0.99716	0
211	Y	0.01284	0	0.98716	0
212	G	0.05053	0	0.94947	0
213	K	0.06546	0	0.93454	0
214	I	0.06607	0	0.93393	0
215	Y	0.07212	0	0.92788	0
216	V	0.12748	0	0.87252	0
217	I	0.19018	0	0.80982	0
218	A	0.94166	0	0.05834	0
219	R	0.99828	0	0.00172	0
220	R	0.99999	0	0.00001	0
221	Q	1.00000	0	0.00000	0
222	A	1.00000	0	0.00000	0
223	R	1.00000	0	0.00000	0
224	S	1.00000	0	0.00000	0
225	I	1.00000	0	0.00000	0
226	K	1.00000	0	0.00000	0
227	D	1.00000	0	0.00000	0
228	S	1.00000	0	0.00000	0
229	A	1.00000	0	0.00000	0
230	N	1.00000	0	0.00000	0
231	Q	1.00000	0	0.00000	0
232	M	1.00000	0	0.00000	0
233	P	1.00000	0	0.00000	0
234	F	1.00000	0	0.00000	0
235	Q	1.00000	0	0.00000	0
236	I	1.00000	0	0.00000	0
237	T	1.00000	0	0.00000	0
238	L	1.00000	0	0.00000	0
239	G	1.00000	0	0.00000	0
240	V	1.00000	0	0.00000	0
241	N	1.00000	0	0.00000	0
242	Q	1.00000	0	0.00000	0
243	H	1.00000	0	0.00000	0
244	V	1.00000	0	0.00000	0
245	S	1.00000	0	0.00000	0
246	R	1.00000	0	0.00000	0
247	S	1.00000	0	0.00000	0
248	R	1.00000	0	0.00000	0
249	D	1.00000	0	0.00000	0
250	R	0.96774	0	0.03226	0
251	K	0.96578	0	0.03422	0
252	A	0.20711	0	0.79289	0
253	A	0.20515	0	0.79485	0
254	K	0.20404	0	0.79596	0
255	T	0.15195	0	0.84805	0
256	L	0.00276	0	0.99724	0
257	G	0.00048	0	0.99952	0
258	I	0.00013	0	0.99987	0
259	I	0.00012	0	0.99988	0
260	M	0.00011	0	0.99989	0
261	G	0.00001	0	0.99999	0
262	V	0.00000	0	1.00000	0
263	F	0.00000	0	1.00000	0
264	L	0.00000	0	1.00000	0
265	I	0.00000	0	1.00000	0
266	C	0.00000	0	1.00000	0
267	W	0.00000	0	1.00000	0
268	T	0.00000	0	1.00000	0
269	P	0.00000	0	1.00000	0
270	F	0.00000	0	1.00000	0
271	F	0.00000	4e-05	0.99996	0
272	F	0.00000	0.01043	0.98957	0
273	C	0.00000	0.21491	0.78509	0
274	T	0.00000	0.27299	0.72701	0
275	A	0.00000	0.38444	0.61556	0
276	T	0.00000	0.71163	0.28837	0
277	D	0.00000	0.92772	0.07228	0
278	G	0.00000	0.92834	0.07166	0
279	F	0.00000	0.93039	0.06961	0
280	I	0.00000	0.94108	0.05892	0
281	N	0.00000	0.96168	0.03832	0
282	Y	0.00000	0.96359	0.03641	0
283	V	0.00000	0.96777	0.03223	0
284	I	0.00000	0.97977	0.02023	0
285	P	0.00000	0.99708	0.00292	0
286	P	0.00000	0.99945	0.00055	0
287	I	0.00000	0.99874	0.00126	0
288	V	0.00000	0.99821	0.00179	0
289	I	0.00000	0.99765	0.00235	0
290	D	0.00000	0.96594	0.03406	0
291	A	0.00000	0.07509	0.92491	0
292	F	0.00000	0.01935	0.98065	0
293	V	0.00000	0.00332	0.99668	0
294	W	0.00000	0.0002	0.99980	0
295	I	0.00000	0	1.00000	0
296	G	0.00000	0	1.00000	0
297	Y	0.00000	0	1.00000	0
298	L	0.00000	0	1.00000	0
299	N	0.00008	0	0.99992	0
300	S	0.00008	0	0.99992	0
301	T	0.00009	0	0.99991	0
302	F	0.00009	0	0.99991	0
303	N	0.00009	0	0.99991	0
304	P	0.00009	0	0.99991	0
305	M	0.00009	0	0.99991	0
306	V	0.00009	0	0.99991	0
307	Y	0.00010	0	0.99990	0
308	A	0.00011	0	0.99989	0
309	F	0.00018	0	0.99982	0
310	F	0.00166	0	0.99834	0
311	Y	0.04229	0	0.95771	0
312	L	0.18989	0	0.81011	0
313	W	0.43661	0	0.56339	0
314	F	0.89999	0	0.10001	0
315	Q	0.99957	0	0.00043	0
316	R	1.00000	0	0.00000	0
317	A	1.00000	0	0.00000	0
318	L	1.00000	0	0.00000	0
319	R	1.00000	0	0.00000	0
320	M	1.00000	0	0.00000	0
321	I	1.00000	0	0.00000	0
322	L	1.00000	0	0.00000	0
323	F	1.00000	0	0.00000	0
324	G	1.00000	0	0.00000	0
325	K	1.00000	0	0.00000	0
326	V	1.00000	0	0.00000	0
327	F	1.00000	0	0.00000	0
328	H	1.00000	0	0.00000	0
329	P	1.00000	0	0.00000	0
330	D	1.00000	0	0.00000	0
331	S	1.00000	0	0.00000	0
332	S	1.00000	0	0.00000	0
333	R	1.00000	0	0.00000	0
334	T	1.00000	0	0.00000	0
335	I	1.00000	0	0.00000	0
336	L	1.00000	0	0.00000	0
337	Y	1.00000	0	0.00000	0
338	S	1.00000	0	0.00000	0
339	E	1.00000	0	0.00000	0
