# UNNAMED
#pos	aa	i	o	M	S
1	M	0.00000	1	0.00000	0
2	D	0.00000	1	0.00000	0
3	F	0.00000	1	0.00000	0
4	L	0.00000	1	0.00000	0
5	N	0.00000	1	0.00000	0
6	L	0.00000	1	0.00000	0
7	S	0.00000	1	0.00000	0
8	D	0.00000	1	0.00000	0
9	H	0.00000	1	0.00000	0
10	N	0.00000	1	0.00000	0
11	L	0.00000	1	0.00000	0
12	T	0.00000	1	0.00000	0
13	S	0.00000	1	0.00000	0
14	E	0.00000	1	0.00000	0
15	E	0.00000	1	0.00000	0
16	R	0.00000	1	0.00000	0
17	L	0.00000	1	0.00000	0
18	Q	0.00000	1	0.00000	0
19	G	0.00000	0.99999	0.00001	0
20	M	0.00000	0.99992	0.00008	0
21	P	0.00000	0.99958	0.00042	0
22	S	0.00000	0.99711	0.00289	0
23	K	0.00000	0.99071	0.00929	0
24	I	0.00000	0.42897	0.57103	0
25	L	0.00000	0.20276	0.79724	0
26	V	0.00000	0.07186	0.92814	0
27	S	0.00000	0.04823	0.95177	0
28	V	0.00000	0.01186	0.98814	0
29	T	0.00000	0.00443	0.99557	0
30	L	0.00000	0.00111	0.99889	0
31	S	0.00000	0.00049	0.99951	0
32	G	0.00000	0.00017	0.99983	0
33	L	0.00000	1e-05	0.99999	0
34	A	0.00000	0	1.00000	0
35	L	0.00000	0	1.00000	0
36	M	0.00000	0	1.00000	0
37	T	0.00000	0	1.00000	0
38	T	0.00000	0	1.00000	0
39	T	0.00000	0	1.00000	0
40	I	0.00000	0	1.00000	0
41	N	0.00000	0	1.00000	0
42	S	0.00000	0	1.00000	0
43	L	0.00000	0	1.00000	0
44	V	0.00000	0	1.00000	0
45	I	0.00001	0	0.99999	0
46	A	0.00012	0	0.99988	0
47	A	0.00166	0	0.99834	0
48	I	0.01161	0	0.98839	0
49	I	0.09689	0	0.90311	0
50	V	0.53715	0	0.46285	0
51	T	0.95846	0	0.04154	0
52	R	0.99940	0	0.00060	0
53	K	1.00000	0	0.00000	0
54	L	1.00000	0	0.00000	0
55	H	1.00000	0	0.00000	0
56	H	1.00000	0	0.00000	0
57	P	1.00000	0	0.00000	0
58	A	0.87124	0	0.12876	0
59	N	0.24864	0	0.75136	0
60	Y	0.09598	0	0.90402	0
61	L	0.00154	0	0.99846	0
62	I	0.00003	0	0.99997	0
63	C	0.00000	0	1.00000	0
64	S	0.00000	0	1.00000	0
65	L	0.00000	0	1.00000	0
66	A	0.00000	0	1.00000	0
67	V	0.00000	0	1.00000	0
68	T	0.00000	0	1.00000	0
69	D	0.00000	0	1.00000	0
70	F	0.00000	0	1.00000	0
71	L	0.00000	0	1.00000	0
72	V	0.00000	0	1.00000	0
73	A	0.00000	0	1.00000	0
74	V	0.00000	0	1.00000	0
75	L	0.00000	0	1.00000	0
76	V	0.00000	0	1.00000	0
77	M	0.00000	0.0002	0.99980	0
78	P	0.00000	0.00446	0.99554	0
79	F	0.00000	0.04801	0.95199	0
80	S	0.00000	0.27395	0.72605	0
81	I	0.00000	0.36435	0.63565	0
82	V	0.00000	0.61889	0.38111	0
83	Y	0.00000	0.99877	0.00123	0
84	I	0.00000	0.99886	0.00114	0
85	V	0.00000	0.99901	0.00099	0
86	R	0.00000	0.99995	0.00005	0
87	E	0.00000	1	0.00000	0
88	S	0.00000	1	0.00000	0
89	W	0.00000	1	0.00000	0
90	I	0.00000	1	0.00000	0
91	M	0.00000	1	0.00000	0
92	G	0.00000	1	0.00000	0
93	Q	0.00000	0.99999	0.00001	0
94	V	0.00000	0.99963	0.00037	0
95	V	0.00000	0.99953	0.00047	0
96	C	0.00000	0.99948	0.00052	0
97	D	0.00000	0.9992	0.00080	0
98	I	0.00000	0.99398	0.00602	0
99	W	0.00000	0.55385	0.44615	0
100	L	0.00000	0.05303	0.94697	0
101	S	0.00000	0.00735	0.99265	0
102	V	0.00000	0.00012	0.99988	0
103	D	0.00000	5e-05	0.99995	0
104	M	0.00000	0	1.00000	0
105	T	0.00000	0	1.00000	0
106	C	0.00000	0	1.00000	0
107	C	0.00000	0	1.00000	0
108	T	0.00000	0	1.00000	0
109	C	0.00000	0	1.00000	0
110	S	0.00000	0	1.00000	0
111	I	0.00000	0	1.00000	0
112	L	0.00000	0	1.00000	0
113	H	0.00000	0	1.00000	0
114	L	0.00000	0	1.00000	0
115	S	0.00000	0	1.00000	0
116	A	0.00000	0	1.00000	0
117	I	0.00000	0	1.00000	0
118	A	0.00001	0	0.99999	0
119	L	0.00001	0	0.99999	0
120	D	0.00015	0	0.99985	0
121	R	0.11161	0	0.88839	0
122	Y	0.68609	0	0.31391	0
123	R	0.72388	0	0.27612	0
124	A	0.90223	0	0.09777	0
125	I	1.00000	0	0.00000	0
126	T	1.00000	0	0.00000	0
127	D	1.00000	0	0.00000	0
128	A	1.00000	0	0.00000	0
129	V	1.00000	0	0.00000	0
130	E	1.00000	0	0.00000	0
131	Y	1.00000	0	0.00000	0
132	A	1.00000	0	0.00000	0
133	R	1.00000	0	0.00000	0
134	K	1.00000	0	0.00000	0
135	R	1.00000	0	0.00000	0
136	T	0.99985	0	0.00015	0
137	P	0.99958	0	0.00042	0
138	K	0.98348	0	0.01652	0
139	H	0.65029	0	0.34971	0
140	A	0.05293	0	0.94707	0
141	G	0.01328	0	0.98672	0
142	I	0.00031	0	0.99969	0
143	M	0.00003	0	0.99997	0
144	I	0.00000	0	1.00000	0
145	T	0.00000	0	1.00000	0
146	V	0.00000	0	1.00000	0
147	V	0.00000	0	1.00000	0
148	W	0.00000	0	1.00000	0
149	I	0.00000	0	1.00000	0
150	I	0.00000	0	1.00000	0
151	S	0.00000	0	1.00000	0
152	V	0.00000	0	1.00000	0
153	F	0.00000	0	1.00000	0
154	I	0.00000	0	1.00000	0
155	S	0.00000	0	1.00000	0
156	M	0.00000	1e-05	0.99999	0
157	P	0.00000	0.00044	0.99956	0
158	P	0.00000	0.00265	0.99735	0
159	L	0.00000	0.00709	0.99291	0
160	F	0.00000	0.07234	0.92766	0
161	W	0.00000	0.67464	0.32536	0
162	R	0.00000	0.98101	0.01899	0
163	H	0.00000	0.99627	0.00373	0
164	Q	0.00000	0.99985	0.00015	0
165	G	0.00000	0.99999	0.00001	0
166	T	0.00000	1	0.00000	0
167	S	0.00000	1	0.00000	0
168	R	0.00000	1	0.00000	0
169	E	0.00000	1	0.00000	0
170	D	0.00000	1	0.00000	0
171	E	0.00000	1	0.00000	0
172	C	0.00000	1	0.00000	0
173	I	0.00000	1	0.00000	0
174	I	0.00000	1	0.00000	0
175	K	0.00000	1	0.00000	0
176	H	0.00000	0.99999	0.00001	0
177	D	0.00000	0.99998	0.00002	0
178	H	0.00000	0.99719	0.00281	0
179	I	0.00000	0.85091	0.14909	0
180	V	0.00000	0.4964	0.50360	0
181	S	0.00000	0.46992	0.53008	0
182	T	0.00000	0.45388	0.54612	0
183	I	0.00000	0.00296	0.99704	0
184	Y	0.00000	0.00047	0.99953	0
185	S	0.00000	0.00029	0.99971	0
186	T	0.00000	2e-05	0.99998	0
187	F	0.00000	1e-05	0.99999	0
188	G	0.00000	0	1.00000	0
189	A	0.00000	0	1.00000	0
190	F	0.00000	0	1.00000	0
191	Y	0.00000	0	1.00000	0
192	I	0.00000	0	1.00000	0
193	P	0.00000	0	1.00000	0
194	L	0.00000	0	1.00000	0
195	T	0.00000	0	1.00000	0
196	L	0.00000	0	1.00000	0
197	I	0.00000	0	1.00000	0
198	L	0.00000	0	1.00000	0
199	I	0.00000	0	1.00000	0
200	L	0.00001	0	0.99999	0
201	Y	0.00045	0	0.99955	0
202	Y	0.01355	0	0.98645	0
203	K	0.19722	0	0.80278	0
204	I	0.21012	0	0.78988	0
205	Y	0.28523	0	0.71477	0
206	R	0.98624	0	0.01376	0
207	A	0.99751	0	0.00249	0
208	A	0.99980	0	0.00020	0
209	K	0.99999	0	0.00001	0
210	T	1.00000	0	0.00000	0
211	L	1.00000	0	0.00000	0
212	Y	1.00000	0	0.00000	0
213	H	1.00000	0	0.00000	0
214	K	1.00000	0	0.00000	0
215	R	1.00000	0	0.00000	0
216	Q	1.00000	0	0.00000	0
217	A	1.00000	0	0.00000	0
218	S	1.00000	0	0.00000	0
219	R	1.00000	0	0.00000	0
220	I	1.00000	0	0.00000	0
221	A	1.00000	0	0.00000	0
222	R	1.00000	0	0.00000	0
223	E	1.00000	0	0.00000	0
224	E	1.00000	0	0.00000	0
225	L	1.00000	0	0.00000	0
226	N	1.00000	0	0.00000	0
227	G	1.00000	0	0.00000	0
228	Q	1.00000	0	0.00000	0
229	V	1.00000	0	0.00000	0
230	L	1.00000	0	0.00000	0
231	L	1.00000	0	0.00000	0
232	E	1.00000	0	0.00000	0
233	G	1.00000	0	0.00000	0
234	G	1.00000	0	0.00000	0
235	E	1.00000	0	0.00000	0
236	K	1.00000	0	0.00000	0
237	K	1.00000	0	0.00000	0
238	T	1.00000	0	0.00000	0
239	R	1.00000	0	0.00000	0
240	L	1.00000	0	0.00000	0
241	V	1.00000	0	0.00000	0
242	S	1.00000	0	0.00000	0
243	T	1.00000	0	0.00000	0
244	P	1.00000	0	0.00000	0
245	Y	1.00000	0	0.00000	0
246	I	1.00000	0	0.00000	0
247	L	1.00000	0	0.00000	0
248	E	1.00000	0	0.00000	0
249	K	1.00000	0	0.00000	0
250	S	1.00000	0	0.00000	0
251	L	1.00000	0	0.00000	0
252	S	1.00000	0	0.00000	0
253	E	1.00000	0	0.00000	0
254	P	1.00000	0	0.00000	0
255	S	1.00000	0	0.00000	0
256	T	1.00000	0	0.00000	0
257	D	1.00000	0	0.00000	0
258	F	1.00000	0	0.00000	0
259	D	1.00000	0	0.00000	0
260	K	1.00000	0	0.00000	0
261	A	1.00000	0	0.00000	0
262	H	1.00000	0	0.00000	0
263	S	1.00000	0	0.00000	0
264	T	1.00000	0	0.00000	0
265	V	1.00000	0	0.00000	0
266	K	1.00000	0	0.00000	0
267	N	1.00000	0	0.00000	0
268	T	1.00000	0	0.00000	0
269	R	1.00000	0	0.00000	0
270	S	1.00000	0	0.00000	0
271	E	1.00000	0	0.00000	0
272	F	1.00000	0	0.00000	0
273	K	1.00000	0	0.00000	0
274	H	1.00000	0	0.00000	0
275	E	1.00000	0	0.00000	0
276	K	1.00000	0	0.00000	0
277	S	1.00000	0	0.00000	0
278	W	1.00000	0	0.00000	0
279	R	1.00000	0	0.00000	0
280	R	1.00000	0	0.00000	0
281	Q	1.00000	0	0.00000	0
282	R	1.00000	0	0.00000	0
283	I	1.00000	0	0.00000	0
284	S	1.00000	0	0.00000	0
285	G	1.00000	0	0.00000	0
286	T	1.00000	0	0.00000	0
287	R	1.00000	0	0.00000	0
288	E	1.00000	0	0.00000	0
289	R	0.89861	0	0.10139	0
290	K	0.89445	0	0.10555	0
291	A	0.03491	0	0.96509	0
292	A	0.03459	0	0.96541	0
293	T	0.03421	0	0.96579	0
294	T	0.03404	0	0.96596	0
295	L	0.00025	0	0.99975	0
296	G	0.00004	0	0.99996	0
297	L	0.00001	0	0.99999	0
298	I	0.00000	0	1.00000	0
299	L	0.00000	0	1.00000	0
300	G	0.00000	0	1.00000	0
301	A	0.00000	0	1.00000	0
302	F	0.00000	0	1.00000	0
303	V	0.00000	0	1.00000	0
304	I	0.00000	0	1.00000	0
305	C	0.00000	0	1.00000	0
306	W	0.00000	0	1.00000	0
307	L	0.00000	0	1.00000	0
308	P	0.00000	0	1.00000	0
309	F	0.00000	1e-05	0.99999	0
310	F	0.00000	0.00028	0.99972	0
311	V	0.00000	0.07499	0.92501	0
312	K	0.00000	0.85203	0.14797	0
313	E	0.00000	0.87392	0.12608	0
314	L	0.00000	0.87622	0.12378	0
315	V	0.00000	0.8871	0.11290	0
316	V	0.00000	0.91225	0.08775	0
317	N	0.00000	0.98337	0.01663	0
318	V	0.00000	0.98972	0.01028	0
319	C	0.00000	0.9992	0.00080	0
320	E	0.00000	0.99998	0.00002	0
321	K	0.00000	1	0.00000	0
322	C	0.00000	1	0.00000	0
323	E	0.00000	1	0.00000	0
324	I	0.00000	0.99999	0.00001	0
325	S	0.00000	0.99999	0.00001	0
326	E	0.00000	0.99998	0.00002	0
327	D	0.00000	0.99992	0.00008	0
328	M	0.00000	0.9963	0.00370	0
329	S	0.00000	0.99569	0.00431	0
330	N	0.00000	0.6427	0.35730	0
331	F	0.00000	0.00535	0.99465	0
332	L	0.00000	0.00015	0.99985	0
333	T	0.00000	1e-05	0.99999	0
334	W	0.00000	0	1.00000	0
335	L	0.00000	0	1.00000	0
336	G	0.00000	0	1.00000	0
337	Y	0.00000	0	1.00000	0
338	L	0.00000	0	1.00000	0
339	N	0.00000	0	1.00000	0
340	S	0.00000	0	1.00000	0
341	L	0.00000	0	1.00000	0
342	I	0.00000	0	1.00000	0
343	N	0.00000	0	1.00000	0
344	P	0.00000	0	1.00000	0
345	L	0.00000	0	1.00000	0
346	I	0.00000	0	1.00000	0
347	Y	0.00000	0	1.00000	0
348	T	0.00000	0	1.00000	0
349	I	0.00008	0	0.99992	0
350	F	0.02619	0	0.97381	0
351	N	0.52476	0	0.47524	0
352	E	1.00000	0	0.00000	0
353	D	1.00000	0	0.00000	0
354	F	1.00000	0	0.00000	0
355	K	1.00000	0	0.00000	0
356	K	1.00000	0	0.00000	0
357	A	1.00000	0	0.00000	0
358	F	1.00000	0	0.00000	0
359	Q	1.00000	0	0.00000	0
360	K	1.00000	0	0.00000	0
361	L	1.00000	0	0.00000	0
362	V	1.00000	0	0.00000	0
363	R	1.00000	0	0.00000	0
364	C	1.00000	0	0.00000	0
365	R	1.00000	0	0.00000	0
366	Y	1.00000	0	0.00000	0
