# UNNAMED
#pos	aa	i	o	M	S
1	M	0.00000	1	0.00000	0
2	Y	0.00000	1	0.00000	0
3	V	0.00000	1	0.00000	0
4	A	0.00000	0.79169	0.20831	0
5	I	0.00000	0.13095	0.86905	0
6	V	0.00000	0.06681	0.93319	0
7	G	0.00000	0.03732	0.96268	0
8	T	0.00000	0.00404	0.99596	0
9	I	0.00000	0	1.00000	0
10	L	0.00000	0	1.00000	0
11	I	0.00000	0	1.00000	0
12	T	0.00000	0	1.00000	0
13	V	0.00000	0	1.00000	0
14	C	0.00000	0	1.00000	0
15	G	0.00000	0	1.00000	0
16	N	0.00000	0	1.00000	0
17	L	0.00000	0	1.00000	0
18	V	0.00000	0	1.00000	0
19	V	0.00000	0	1.00000	0
20	I	0.00000	0	1.00000	0
21	I	0.00000	0	1.00000	0
22	S	0.00018	0	0.99982	0
23	I	0.00111	0	0.99889	0
24	A	0.05893	0	0.94107	0
25	H	0.28843	0	0.71157	0
26	F	0.43279	0	0.56721	0
27	K	0.96706	0	0.03294	0
28	Q	0.99939	0	0.00061	0
29	L	0.99968	0	0.00032	0
30	H	1.00000	0	0.00000	0
31	T	1.00000	0	0.00000	0
32	P	1.00000	0	0.00000	0
33	T	0.98253	0	0.01747	0
34	N	0.27918	0	0.72082	0
35	F	0.08554	0	0.91446	0
36	L	0.00213	0	0.99787	0
37	V	0.00044	0	0.99956	0
38	M	0.00002	0	0.99998	0
39	S	0.00000	0	1.00000	0
40	M	0.00000	0	1.00000	0
41	A	0.00000	0	1.00000	0
42	V	0.00000	0	1.00000	0
43	V	0.00000	0	1.00000	0
44	D	0.00000	0	1.00000	0
45	L	0.00000	0	1.00000	0
46	L	0.00000	0	1.00000	0
47	L	0.00000	0	1.00000	0
48	G	0.00000	0	1.00000	0
49	S	0.00000	0	1.00000	0
50	M	0.00000	0	1.00000	0
51	V	0.00000	0	1.00000	0
52	M	0.00000	0.00035	0.99965	0
53	P	0.00000	0.02706	0.97294	0
54	Y	0.00000	0.1104	0.88960	0
55	S	0.00000	0.39916	0.60084	0
56	M	0.00000	0.45418	0.54582	0
57	V	0.00000	0.66571	0.33429	0
58	R	0.00000	0.99987	0.00013	0
59	T	0.00000	0.99992	0.00008	0
60	V	0.00000	0.99993	0.00007	0
61	E	0.00000	1	0.00000	0
62	T	0.00000	1	0.00000	0
63	C	0.00000	1	0.00000	0
64	W	0.00000	1	0.00000	0
65	Y	0.00000	1	0.00000	0
66	F	0.00000	1	0.00000	0
67	G	0.00000	1	0.00000	0
68	D	0.00000	1	0.00000	0
69	I	0.00000	0.99999	0.00001	0
70	F	0.00000	0.99991	0.00009	0
71	C	0.00000	0.9999	0.00010	0
72	K	0.00000	0.99985	0.00015	0
73	V	0.00000	0.99829	0.00171	0
74	H	0.00000	0.86022	0.13978	0
75	S	0.00000	0.66836	0.33164	0
76	S	0.00000	0.39165	0.60835	0
77	T	0.00000	0.02415	0.97585	0
78	D	0.00000	0.00526	0.99474	0
79	I	0.00000	9e-05	0.99991	0
80	M	0.00000	0	1.00000	0
81	L	0.00000	0	1.00000	0
82	C	0.00000	0	1.00000	0
83	T	0.00000	0	1.00000	0
84	A	0.00000	0	1.00000	0
85	S	0.00000	0	1.00000	0
86	I	0.00000	0	1.00000	0
87	L	0.00000	0	1.00000	0
88	H	0.00000	0	1.00000	0
89	L	0.00000	0	1.00000	0
90	C	0.00000	0	1.00000	0
91	F	0.00000	0	1.00000	0
92	I	0.00000	0	1.00000	0
93	A	0.00001	0	0.99999	0
94	I	0.00001	0	0.99999	0
95	D	0.00005	0	0.99995	0
96	R	0.04602	0	0.95398	0
97	Y	0.31282	0	0.68718	0
98	Y	0.80938	0	0.19062	0
99	A	0.97499	0	0.02501	0
100	V	0.99999	0	0.00001	0
101	C	1.00000	0	0.00000	0
102	N	1.00000	0	0.00000	0
103	P	1.00000	0	0.00000	0
104	L	1.00000	0	0.00000	0
105	R	1.00000	0	0.00000	0
106	Y	1.00000	0	0.00000	0
107	K	1.00000	0	0.00000	0
108	A	1.00000	0	0.00000	0
109	K	0.99996	0	0.00004	0
110	I	0.98247	0	0.01753	0
111	T	0.97726	0	0.02274	0
112	G	0.89687	0	0.10313	0
113	F	0.50518	0	0.49482	0
114	A	0.27132	0	0.72868	0
115	V	0.05972	0	0.94028	0
116	M	0.01796	0	0.98204	0
117	M	0.00359	0	0.99641	0
118	M	0.00184	0	0.99816	0
119	I	0.00004	0	0.99996	0
120	T	0.00002	0	0.99998	0
121	M	0.00000	0	1.00000	0
122	S	0.00000	0	1.00000	0
123	W	0.00000	0	1.00000	0
124	T	0.00000	0	1.00000	0
125	L	0.00000	0	1.00000	0
126	S	0.00000	0	1.00000	0
127	A	0.00000	0	1.00000	0
128	I	0.00000	0	1.00000	0
129	I	0.00000	3e-05	0.99997	0
130	S	0.00000	0.00118	0.99882	0
131	F	0.00000	0.00268	0.99732	0
132	G	0.00000	0.01596	0.98404	0
133	M	0.00000	0.01924	0.98076	0
134	I	0.00000	0.04438	0.95562	0
135	F	0.00000	0.12391	0.87609	0
136	L	0.00000	0.41237	0.58763	0
137	G	0.00000	0.88609	0.11391	0
138	P	0.00000	0.99108	0.00892	0
139	H	0.00000	0.99731	0.00269	0
140	M	0.00000	0.99817	0.00183	0
141	K	0.00000	0.99999	0.00001	0
142	G	0.00000	1	0.00000	0
143	L	0.00000	1	0.00000	0
144	E	0.00000	1	0.00000	0
145	E	0.00000	1	0.00000	0
146	F	0.00000	1	0.00000	0
147	Y	0.00000	1	0.00000	0
148	Y	0.00000	1	0.00000	0
149	N	0.00000	1	0.00000	0
150	H	0.00000	1	0.00000	0
151	I	0.00000	1	0.00000	0
152	K	0.00000	1	0.00000	0
153	C	0.00000	1	0.00000	0
154	I	0.00000	1	0.00000	0
155	G	0.00000	1	0.00000	0
156	G	0.00000	1	0.00000	0
157	C	0.00000	0.99994	0.00006	0
158	V	0.00000	0.14143	0.85857	0
159	L	0.00000	0.13271	0.86729	0
160	F	0.00000	0.09575	0.90425	0
161	L	0.00000	0.09421	0.90579	0
162	I	0.00000	0.09409	0.90591	0
163	E	0.00000	0.09287	0.90713	0
164	A	0.00000	0.05703	0.94297	0
165	S	0.00000	0.03958	0.96042	0
166	A	0.00000	0.01153	0.98847	0
167	L	0.00000	0.00981	0.99019	0
168	S	0.00000	0.00325	0.99675	0
169	S	0.00000	0.00289	0.99711	0
170	S	0.00000	0.00041	0.99959	0
171	M	0.00000	0.00016	0.99984	0
172	I	0.00000	0	1.00000	0
173	S	0.00000	0	1.00000	0
174	F	0.00000	0	1.00000	0
175	Y	0.00000	0	1.00000	0
176	I	0.00000	0	1.00000	0
177	P	0.00000	0	1.00000	0
178	G	0.00000	0	1.00000	0
179	V	0.00000	0	1.00000	0
180	I	0.00004	0	0.99996	0
181	M	0.00017	0	0.99983	0
182	V	0.00039	0	0.99961	0
183	C	0.01426	0	0.98574	0
184	I	0.10433	0	0.89567	0
185	Y	0.32296	0	0.67704	0
186	G	0.80245	0	0.19755	0
187	K	0.91013	0	0.08987	0
188	I	0.91161	0	0.08839	0
189	Y	0.91644	0	0.08356	0
190	L	0.93420	0	0.06580	0
191	V	0.94382	0	0.05618	0
192	A	0.99668	0	0.00332	0
193	R	0.99985	0	0.00015	0
194	K	1.00000	0	0.00000	0
195	Q	1.00000	0	0.00000	0
196	A	1.00000	0	0.00000	0
197	T	1.00000	0	0.00000	0
198	A	1.00000	0	0.00000	0
199	I	1.00000	0	0.00000	0
200	K	1.00000	0	0.00000	0
201	N	1.00000	0	0.00000	0
202	I	1.00000	0	0.00000	0
203	A	1.00000	0	0.00000	0
204	S	1.00000	0	0.00000	0
205	Q	1.00000	0	0.00000	0
206	S	1.00000	0	0.00000	0
207	K	1.00000	0	0.00000	0
208	E	1.00000	0	0.00000	0
209	A	1.00000	0	0.00000	0
210	N	1.00000	0	0.00000	0
211	R	1.00000	0	0.00000	0
212	S	1.00000	0	0.00000	0
213	R	1.00000	0	0.00000	0
214	I	1.00000	0	0.00000	0
215	S	1.00000	0	0.00000	0
216	R	1.00000	0	0.00000	0
217	K	1.00000	0	0.00000	0
218	R	1.00000	0	0.00000	0
219	E	1.00000	0	0.00000	0
220	R	0.97127	0	0.02873	0
221	K	0.96941	0	0.03059	0
222	A	0.13031	0	0.86969	0
223	A	0.07689	0	0.92311	0
224	M	0.04897	0	0.95103	0
225	T	0.03897	0	0.96103	0
226	L	0.00076	0	0.99924	0
227	G	0.00013	0	0.99987	0
228	V	0.00004	0	0.99996	0
229	V	0.00004	0	0.99996	0
230	M	0.00004	0	0.99996	0
231	G	0.00000	0	1.00000	0
232	V	0.00000	0	1.00000	0
233	F	0.00000	0	1.00000	0
234	L	0.00000	0	1.00000	0
235	L	0.00000	0	1.00000	0
236	C	0.00000	0	1.00000	0
237	W	0.00000	0	1.00000	0
238	S	0.00000	0	1.00000	0
239	P	0.00000	0	1.00000	0
240	F	0.00000	0	1.00000	0
241	F	0.00000	3e-05	0.99997	0
242	F	0.00000	0.00882	0.99118	0
243	C	0.00000	0.18321	0.81679	0
244	N	0.00000	0.25005	0.74995	0
245	I	0.00000	0.27917	0.72083	0
246	M	0.00000	0.38967	0.61033	0
247	D	0.00000	0.95826	0.04174	0
248	P	0.00000	0.95929	0.04071	0
249	F	0.00000	0.96151	0.03849	0
250	L	0.00000	0.96804	0.03196	0
251	N	0.00000	0.98893	0.01107	0
252	Y	0.00000	0.98988	0.01012	0
253	I	0.00000	0.99174	0.00826	0
254	T	0.00000	0.99834	0.00166	0
255	P	0.00000	0.99978	0.00022	0
256	P	0.00000	0.99984	0.00016	0
257	I	0.00000	0.99857	0.00143	0
258	L	0.00000	0.99728	0.00272	0
259	F	0.00000	0.99634	0.00366	0
260	D	0.00000	0.95484	0.04516	0
261	A	0.00000	0.05957	0.94043	0
262	L	0.00000	0.01167	0.98833	0
263	V	0.00000	0.00225	0.99775	0
264	W	0.00000	0.00017	0.99983	0
265	F	0.00000	0	1.00000	0
266	G	0.00000	0	1.00000	0
267	Y	0.00000	0	1.00000	0
268	L	0.00000	0	1.00000	0
269	N	0.00001	0	0.99999	0
270	S	0.00001	0	0.99999	0
271	T	0.00001	0	0.99999	0
272	F	0.00001	0	0.99999	0
273	N	0.00001	0	0.99999	0
274	P	0.00001	0	0.99999	0
275	I	0.00001	0	0.99999	0
276	V	0.00001	0	0.99999	0
277	Y	0.00001	0	0.99999	0
278	G	0.00001	0	0.99999	0
279	F	0.00011	0	0.99989	0
280	F	0.00243	0	0.99757	0
281	Y	0.08127	0	0.91873	0
282	T	0.36666	0	0.63334	0
283	W	0.61228	0	0.38772	0
284	F	0.86356	0	0.13644	0
285	Q	0.99936	0	0.00064	0
286	K	1.00000	0	0.00000	0
287	T	1.00000	0	0.00000	0
288	L	1.00000	0	0.00000	0
289	K	1.00000	0	0.00000	0
290	I	1.00000	0	0.00000	0
291	I	1.00000	0	0.00000	0
292	L	1.00000	0	0.00000	0
293	F	1.00000	0	0.00000	0
294	G	1.00000	0	0.00000	0
295	K	1.00000	0	0.00000	0
296	V	1.00000	0	0.00000	0
297	F	1.00000	0	0.00000	0
298	Q	1.00000	0	0.00000	0
299	H	1.00000	0	0.00000	0
300	G	1.00000	0	0.00000	0
301	S	1.00000	0	0.00000	0
302	S	1.00000	0	0.00000	0
303	T	1.00000	0	0.00000	0
304	I	1.00000	0	0.00000	0
305	N	1.00000	0	0.00000	0
306	L	1.00000	0	0.00000	0
307	F	1.00000	0	0.00000	0
308	S	1.00000	0	0.00000	0
309	D	1.00000	0	0.00000	0
