# UNNAMED
#pos	aa	i	o	M	S
1	M	0.00000	0.99997	0.00000	3e-05
2	T	0.00000	0.99997	0.00000	3e-05
3	L	0.00000	0.99997	0.00000	3e-05
4	L	0.00000	0.99997	0.00000	3e-05
5	F	0.00000	0.99997	0.00000	3e-05
6	V	0.00000	0.99997	0.00000	3e-05
7	R	0.00000	0.99997	0.00000	3e-05
8	G	0.00000	0.99997	0.00000	3e-05
9	D	0.00000	0.99997	0.00000	3e-05
10	K	0.00000	0.99997	0.00000	3e-05
11	E	0.00000	0.99997	0.00000	3e-05
12	E	0.00000	0.99997	0.00000	3e-05
13	A	0.00000	0.99997	0.00000	3e-05
14	L	0.00000	0.99999	0.00000	1e-05
15	Q	0.00000	0.99999	0.00000	1e-05
16	P	0.00000	0.99999	0.00000	1e-05
17	I	0.00000	0.99999	0.00000	1e-05
18	R	0.00000	0.99999	0.00000	1e-05
19	A	0.00000	0.99999	0.00000	1e-05
20	P	0.00000	0.99999	0.00000	1e-05
21	S	0.00000	0.99999	0.00000	1e-05
22	A	0.00000	0.99999	0.00000	1e-05
23	R	0.00000	0.99999	0.00000	1e-05
24	S	0.00000	0.99999	0.00000	1e-05
25	E	0.00000	1	0.00000	0
26	V	0.00000	1	0.00000	0
27	L	0.00000	1	0.00000	0
28	T	0.00000	1	0.00000	0
29	Q	0.00000	1	0.00000	0
30	T	0.00000	1	0.00000	0
31	T	0.00000	1	0.00000	0
32	P	0.00000	1	0.00000	0
33	R	0.00000	1	0.00000	0
34	G	0.00000	1	0.00000	0
35	G	0.00000	1	0.00000	0
36	P	0.00000	1	0.00000	0
37	A	0.00000	1	0.00000	0
38	L	0.00000	1	0.00000	0
39	P	0.00000	1	0.00000	0
40	V	0.00000	1	0.00000	0
41	L	0.00000	1	0.00000	0
42	P	0.00000	1	0.00000	0
43	S	0.00000	1	0.00000	0
44	N	0.00000	1	0.00000	0
45	M	0.00000	1	0.00000	0
46	S	0.00000	1	0.00000	0
47	Q	0.00000	1	0.00000	0
48	D	0.00000	1	0.00000	0
49	E	0.00000	1	0.00000	0
50	S	0.00000	1	0.00000	0
51	Y	0.00000	1	0.00000	0
52	R	0.00000	1	0.00000	0
53	P	0.00000	1	0.00000	0
54	T	0.00000	1	0.00000	0
55	L	0.00000	1	0.00000	0
56	T	0.00000	1	0.00000	0
57	Q	0.00000	1	0.00000	0
58	L	0.00000	1	0.00000	0
59	S	0.00000	1	0.00000	0
60	I	0.00000	1	0.00000	0
61	M	0.00000	1	0.00000	0
62	E	0.00000	1	0.00000	0
63	N	0.00000	1	0.00000	0
64	V	0.00000	1	0.00000	0
65	T	0.00000	1	0.00000	0
66	L	0.00000	1	0.00000	0
67	G	0.00000	1	0.00000	0
68	S	0.00000	1	0.00000	0
69	P	0.00000	1	0.00000	0
70	A	0.00000	1	0.00000	0
71	G	0.00000	1	0.00000	0
72	E	0.00000	1	0.00000	0
73	A	0.00000	1	0.00000	0
74	R	0.00000	1	0.00000	0
75	M	0.00000	1	0.00000	0
76	R	0.00000	1	0.00000	0
77	D	0.00000	1	0.00000	0
78	Y	0.00000	0.93457	0.06543	0
79	N	0.00000	0.91631	0.08369	0
80	Y	0.00000	0.24822	0.75178	0
81	L	0.00000	0.09503	0.90497	0
82	A	0.00000	0.05262	0.94738	0
83	L	0.00000	0.01537	0.98463	0
84	V	0.00000	0.00328	0.99672	0
85	L	0.00000	0.00145	0.99855	0
86	G	0.00000	0.0004	0.99960	0
87	V	0.00000	4e-05	0.99996	0
88	L	0.00000	0	1.00000	0
89	L	0.00000	0	1.00000	0
90	I	0.00000	0	1.00000	0
91	L	0.00000	0	1.00000	0
92	I	0.00000	0	1.00000	0
93	I	0.00000	0	1.00000	0
94	I	0.00000	0	1.00000	0
95	L	0.00000	0	1.00000	0
96	G	0.00000	0	1.00000	0
97	N	0.00000	0	1.00000	0
98	V	0.00000	0	1.00000	0
99	L	0.00000	0	1.00000	0
100	V	0.00002	0	0.99998	0
101	C	0.00041	0	0.99959	0
102	L	0.01005	0	0.98995	0
103	S	0.31339	0	0.68661	0
104	V	0.37982	0	0.62018	0
105	L	0.57764	0	0.42236	0
106	T	0.96070	0	0.03930	0
107	E	0.99938	0	0.00062	0
108	R	0.99998	0	0.00002	0
109	S	1.00000	0	0.00000	0
110	L	1.00000	0	0.00000	0
111	K	1.00000	0	0.00000	0
112	T	0.99988	0	0.00012	0
113	A	0.99737	0	0.00263	0
114	T	0.96130	0	0.03870	0
115	N	0.16852	0	0.83148	0
116	Y	0.04805	0	0.95195	0
117	F	0.00037	0	0.99963	0
118	I	0.00000	0	1.00000	0
119	I	0.00000	0	1.00000	0
120	S	0.00000	0	1.00000	0
121	L	0.00000	0	1.00000	0
122	A	0.00000	0	1.00000	0
123	V	0.00000	0	1.00000	0
124	A	0.00000	0	1.00000	0
125	D	0.00000	0	1.00000	0
126	L	0.00000	0	1.00000	0
127	L	0.00000	0	1.00000	0
128	L	0.00000	0	1.00000	0
129	A	0.00000	0	1.00000	0
130	V	0.00000	0	1.00000	0
131	L	0.00000	0	1.00000	0
132	V	0.00000	0	1.00000	0
133	L	0.00000	0.00012	0.99988	0
134	P	0.00000	0.00473	0.99527	0
135	L	0.00000	0.05972	0.94028	0
136	Y	0.00000	0.30078	0.69922	0
137	V	0.00000	0.47352	0.52648	0
138	Y	0.00000	0.83917	0.16083	0
139	S	0.00000	0.99997	0.00003	0
140	E	0.00000	0.99999	0.00001	0
141	F	0.00000	0.99999	0.00001	0
142	L	0.00000	1	0.00000	0
143	G	0.00000	1	0.00000	0
144	G	0.00000	1	0.00000	0
145	T	0.00000	1	0.00000	0
146	W	0.00000	1	0.00000	0
147	T	0.00000	1	0.00000	0
148	L	0.00000	1	0.00000	0
149	S	0.00000	1	0.00000	0
150	T	0.00000	1	0.00000	0
151	S	0.00000	0.99999	0.00001	0
152	I	0.00000	0.99991	0.00009	0
153	C	0.00000	0.99988	0.00012	0
154	D	0.00000	0.99958	0.00042	0
155	A	0.00000	0.99809	0.00191	0
156	L	0.00000	0.56588	0.43412	0
157	M	0.00000	0.12927	0.87073	0
158	T	0.00000	0.07068	0.92932	0
159	M	0.00000	0.00063	0.99937	0
160	D	0.00000	0.00017	0.99983	0
161	V	0.00000	0	1.00000	0
162	M	0.00000	0	1.00000	0
163	L	0.00000	0	1.00000	0
164	C	0.00000	0	1.00000	0
165	T	0.00000	0	1.00000	0
166	A	0.00000	0	1.00000	0
167	S	0.00000	0	1.00000	0
168	I	0.00000	0	1.00000	0
169	L	0.00000	0	1.00000	0
170	N	0.00000	0	1.00000	0
171	L	0.00000	0	1.00000	0
172	C	0.00000	0	1.00000	0
173	A	0.00000	0	1.00000	0
174	I	0.00000	0	1.00000	0
175	S	0.00000	0	1.00000	0
176	V	0.00000	0	1.00000	0
177	D	0.00000	0	1.00000	0
178	R	0.00687	0	0.99313	0
179	Y	0.15780	0	0.84220	0
180	I	0.82736	0	0.17264	0
181	A	0.96272	0	0.03728	0
182	V	0.99999	0	0.00001	0
183	V	1.00000	0	0.00000	0
184	V	1.00000	0	0.00000	0
185	P	1.00000	0	0.00000	0
186	L	1.00000	0	0.00000	0
187	K	1.00000	0	0.00000	0
188	Y	1.00000	0	0.00000	0
189	N	1.00000	0	0.00000	0
190	R	1.00000	0	0.00000	0
191	N	1.00000	0	0.00000	0
192	Q	0.99992	0	0.00008	0
193	F	0.99803	0	0.00197	0
194	S	0.99664	0	0.00336	0
195	V	0.98982	0	0.01018	0
196	R	0.98879	0	0.01121	0
197	Q	0.93948	0	0.06052	0
198	L	0.38296	0	0.61704	0
199	S	0.12363	0	0.87637	0
200	L	0.00503	0	0.99497	0
201	I	0.00002	0	0.99998	0
202	T	0.00000	0	1.00000	0
203	A	0.00000	0	1.00000	0
204	T	0.00000	0	1.00000	0
205	W	0.00000	0	1.00000	0
206	V	0.00000	0	1.00000	0
207	L	0.00000	0	1.00000	0
208	S	0.00000	0	1.00000	0
209	L	0.00000	0	1.00000	0
210	G	0.00000	0	1.00000	0
211	V	0.00000	0	1.00000	0
212	A	0.00000	2e-05	0.99998	0
213	S	0.00000	0.00038	0.99962	0
214	P	0.00000	0.00101	0.99899	0
215	V	0.00000	0.00127	0.99873	0
216	I	0.00000	0.00266	0.99734	0
217	F	0.00000	0.01092	0.98908	0
218	G	0.00000	0.1034	0.89660	0
219	L	0.00000	0.18276	0.81724	0
220	N	0.00000	0.9233	0.07670	0
221	Q	0.00000	0.99198	0.00802	0
222	V	0.00000	0.99702	0.00298	0
223	P	0.00000	0.99977	0.00023	0
224	G	0.00000	1	0.00000	0
225	R	0.00000	1	0.00000	0
226	D	0.00000	1	0.00000	0
227	P	0.00000	1	0.00000	0
228	T	0.00000	1	0.00000	0
229	V	0.00000	1	0.00000	0
230	C	0.00000	1	0.00000	0
231	K	0.00000	1	0.00000	0
232	L	0.00000	1	0.00000	0
233	E	0.00000	1	0.00000	0
234	D	0.00000	1	0.00000	0
235	D	0.00000	0.99994	0.00006	0
236	Y	0.00000	0.5622	0.43780	0
237	F	0.00000	0.02825	0.97175	0
238	V	0.00000	0.00869	0.99131	0
239	V	0.00000	0.00061	0.99939	0
240	Y	0.00000	6e-05	0.99994	0
241	S	0.00000	5e-05	0.99995	0
242	S	0.00000	4e-05	0.99996	0
243	V	0.00000	2e-05	0.99998	0
244	C	0.00000	0	1.00000	0
245	S	0.00000	0	1.00000	0
246	F	0.00000	0	1.00000	0
247	F	0.00000	0	1.00000	0
248	V	0.00000	0	1.00000	0
249	P	0.00000	0	1.00000	0
250	C	0.00000	0	1.00000	0
251	P	0.00000	0	1.00000	0
252	V	0.00000	0	1.00000	0
253	M	0.00000	0	1.00000	0
254	L	0.00000	0	1.00000	0
255	F	0.00000	0	1.00000	0
256	L	0.00000	0	1.00000	0
257	Y	0.00000	0	1.00000	0
258	Y	0.00006	0	0.99994	0
259	W	0.00196	0	0.99804	0
260	M	0.05749	0	0.94251	0
261	F	0.15482	0	0.84518	0
262	H	0.94781	0	0.05219	0
263	G	0.99282	0	0.00718	0
264	L	0.99562	0	0.00438	0
265	R	0.99988	0	0.00012	0
266	R	0.99999	0	0.00001	0
267	W	0.99999	0	0.00001	0
268	S	1.00000	0	0.00000	0
269	S	1.00000	0	0.00000	0
270	R	1.00000	0	0.00000	0
271	S	1.00000	0	0.00000	0
272	R	1.00000	0	0.00000	0
273	S	1.00000	0	0.00000	0
274	Q	1.00000	0	0.00000	0
275	A	1.00000	0	0.00000	0
276	H	1.00000	0	0.00000	0
277	R	1.00000	0	0.00000	0
278	V	1.00000	0	0.00000	0
279	G	1.00000	0	0.00000	0
280	R	1.00000	0	0.00000	0
281	R	1.00000	0	0.00000	0
282	G	1.00000	0	0.00000	0
283	L	1.00000	0	0.00000	0
284	S	1.00000	0	0.00000	0
285	S	1.00000	0	0.00000	0
286	H	1.00000	0	0.00000	0
287	L	1.00000	0	0.00000	0
288	A	1.00000	0	0.00000	0
289	L	1.00000	0	0.00000	0
290	A	1.00000	0	0.00000	0
291	L	1.00000	0	0.00000	0
292	R	1.00000	0	0.00000	0
293	R	1.00000	0	0.00000	0
294	A	1.00000	0	0.00000	0
295	K	1.00000	0	0.00000	0
296	D	1.00000	0	0.00000	0
297	T	1.00000	0	0.00000	0
298	P	1.00000	0	0.00000	0
299	G	1.00000	0	0.00000	0
300	S	1.00000	0	0.00000	0
301	Q	1.00000	0	0.00000	0
302	E	1.00000	0	0.00000	0
303	K	1.00000	0	0.00000	0
304	V	1.00000	0	0.00000	0
305	V	1.00000	0	0.00000	0
306	Y	1.00000	0	0.00000	0
307	T	1.00000	0	0.00000	0
308	V	1.00000	0	0.00000	0
309	P	1.00000	0	0.00000	0
310	P	1.00000	0	0.00000	0
311	I	1.00000	0	0.00000	0
312	S	1.00000	0	0.00000	0
313	P	1.00000	0	0.00000	0
314	T	1.00000	0	0.00000	0
315	S	1.00000	0	0.00000	0
316	P	1.00000	0	0.00000	0
317	S	1.00000	0	0.00000	0
318	I	1.00000	0	0.00000	0
319	F	1.00000	0	0.00000	0
320	S	1.00000	0	0.00000	0
321	M	1.00000	0	0.00000	0
322	A	1.00000	0	0.00000	0
323	T	1.00000	0	0.00000	0
324	P	1.00000	0	0.00000	0
325	C	1.00000	0	0.00000	0
326	A	1.00000	0	0.00000	0
327	T	1.00000	0	0.00000	0
328	L	1.00000	0	0.00000	0
329	L	1.00000	0	0.00000	0
330	T	1.00000	0	0.00000	0
331	E	1.00000	0	0.00000	0
332	E	1.00000	0	0.00000	0
333	N	1.00000	0	0.00000	0
334	Q	1.00000	0	0.00000	0
335	H	1.00000	0	0.00000	0
336	G	1.00000	0	0.00000	0
337	A	1.00000	0	0.00000	0
338	V	1.00000	0	0.00000	0
339	M	1.00000	0	0.00000	0
340	A	1.00000	0	0.00000	0
341	A	1.00000	0	0.00000	0
342	D	1.00000	0	0.00000	0
343	S	1.00000	0	0.00000	0
344	D	1.00000	0	0.00000	0
345	P	1.00000	0	0.00000	0
346	V	1.00000	0	0.00000	0
347	T	1.00000	0	0.00000	0
348	T	1.00000	0	0.00000	0
349	Q	1.00000	0	0.00000	0
350	M	1.00000	0	0.00000	0
351	D	1.00000	0	0.00000	0
352	S	1.00000	0	0.00000	0
353	V	1.00000	0	0.00000	0
354	S	1.00000	0	0.00000	0
355	D	1.00000	0	0.00000	0
356	G	1.00000	0	0.00000	0
357	E	1.00000	0	0.00000	0
358	P	1.00000	0	0.00000	0
359	T	1.00000	0	0.00000	0
360	G	1.00000	0	0.00000	0
361	R	1.00000	0	0.00000	0
362	W	1.00000	0	0.00000	0
363	E	1.00000	0	0.00000	0
364	G	1.00000	0	0.00000	0
365	S	1.00000	0	0.00000	0
366	S	1.00000	0	0.00000	0
367	R	1.00000	0	0.00000	0
368	R	1.00000	0	0.00000	0
369	E	1.00000	0	0.00000	0
370	N	1.00000	0	0.00000	0
371	A	1.00000	0	0.00000	0
372	T	1.00000	0	0.00000	0
373	K	1.00000	0	0.00000	0
374	R	1.00000	0	0.00000	0
375	G	1.00000	0	0.00000	0
376	R	1.00000	0	0.00000	0
377	R	1.00000	0	0.00000	0
378	T	1.00000	0	0.00000	0
379	S	1.00000	0	0.00000	0
380	K	1.00000	0	0.00000	0
381	T	1.00000	0	0.00000	0
382	S	1.00000	0	0.00000	0
383	R	1.00000	0	0.00000	0
384	V	1.00000	0	0.00000	0
385	S	1.00000	0	0.00000	0
386	G	1.00000	0	0.00000	0
387	R	1.00000	0	0.00000	0
388	E	1.00000	0	0.00000	0
389	R	0.74909	0	0.25091	0
390	K	0.73262	0	0.26738	0
391	A	0.02699	0	0.97301	0
392	M	0.00866	0	0.99134	0
393	K	0.00485	0	0.99515	0
394	V	0.00104	0	0.99896	0
395	L	0.00001	0	0.99999	0
396	P	0.00000	0	0.99999	0
397	V	0.00000	0	1.00000	0
398	V	0.00000	0	1.00000	0
399	V	0.00000	0	1.00000	0
400	G	0.00000	0	1.00000	0
401	V	0.00000	0	1.00000	0
402	F	0.00000	0	1.00000	0
403	L	0.00000	0	1.00000	0
404	A	0.00000	0	1.00000	0
405	C	0.00000	0	1.00000	0
406	W	0.00000	0	1.00000	0
407	T	0.00000	0	1.00000	0
408	P	0.00000	0	1.00000	0
409	F	0.00000	2e-05	0.99998	0
410	F	0.00000	0.00023	0.99977	0
411	T	0.00000	0.02822	0.97178	0
412	V	0.00000	0.06412	0.93588	0
413	H	0.00000	0.23298	0.76702	0
414	V	0.00000	0.39892	0.60108	0
415	T	0.00000	0.81117	0.18883	0
416	K	0.00000	0.99402	0.00598	0
417	V	0.00000	0.99578	0.00422	0
418	L	0.00000	0.99925	0.00075	0
419	C	0.00000	0.99995	0.00005	0
420	R	0.00000	0.99999	0.00001	0
421	S	0.00000	1	0.00000	0
422	C	0.00000	1	0.00000	0
423	N	0.00000	0.99999	0.00001	0
424	I	0.00000	0.99996	0.00004	0
425	G	0.00000	0.99991	0.00009	0
426	P	0.00000	0.99976	0.00024	0
427	T	0.00000	0.99439	0.00561	0
428	L	0.00000	0.9687	0.03130	0
429	I	0.00000	0.96156	0.03844	0
430	S	0.00000	0.77309	0.22691	0
431	V	0.00000	0.00447	0.99553	0
432	V	0.00000	0.0002	0.99980	0
433	T	0.00000	3e-05	0.99997	0
434	W	0.00000	0	1.00000	0
435	L	0.00000	0	1.00000	0
436	G	0.00000	0	1.00000	0
437	Y	0.00000	0	1.00000	0
438	V	0.00000	0	1.00000	0
439	N	0.00000	0	1.00000	0
440	S	0.00000	0	1.00000	0
441	A	0.00000	0	1.00000	0
442	V	0.00000	0	1.00000	0
443	N	0.00000	0	1.00000	0
444	P	0.00000	0	1.00000	0
445	I	0.00000	0	1.00000	0
446	I	0.00000	0	1.00000	0
447	Y	0.00000	0	1.00000	0
448	T	0.00001	0	0.99999	0
449	I	0.00025	0	0.99975	0
450	F	0.03986	0	0.96014	0
451	N	0.77442	0	0.22558	0
452	A	0.96599	0	0.03401	0
453	E	1.00000	0	0.00000	0
454	F	1.00000	0	0.00000	0
455	R	1.00000	0	0.00000	0
456	N	1.00000	0	0.00000	0
457	V	1.00000	0	0.00000	0
458	F	1.00000	0	0.00000	0
459	H	1.00000	0	0.00000	0
460	R	1.00000	0	0.00000	0
461	L	1.00000	0	0.00000	0
462	L	1.00000	0	0.00000	0
463	C	1.00000	0	0.00000	0
464	C	1.00000	0	0.00000	0
465	R	1.00000	0	0.00000	0
466	T	1.00000	0	0.00000	0
