# UNNAMED
#pos	aa	i	o	M	S
1	M	0.00000	0.99999	0.00000	1e-05
2	S	0.00000	0.99999	0.00000	0
3	A	0.00000	0.99999	0.00000	0
4	T	0.00000	0.99999	0.00000	1e-05
5	N	0.00000	0.99999	0.00000	1e-05
6	S	0.00000	0.99999	0.00000	1e-05
7	T	0.00000	0.99998	0.00001	1e-05
8	I	0.00000	0.99995	0.00004	1e-05
9	I	0.00000	0.99995	0.00004	1e-05
10	L	0.00000	0.99995	0.00005	1e-05
11	P	0.00000	0.99993	0.00007	1e-05
12	L	0.00000	0.99961	0.00038	1e-05
13	S	0.00000	0.99884	0.00115	0
14	T	0.00000	0.99517	0.00482	0
15	R	0.00000	0.99029	0.00970	1e-05
16	I	0.00000	0.45074	0.54926	1e-05
17	T	0.00000	0.23115	0.76884	1e-05
18	L	0.00000	0.08083	0.91917	1e-05
19	A	0.00000	0.0343	0.96570	0
20	F	0.00000	0.00696	0.99304	0
21	F	0.00000	0.00289	0.99711	0
22	M	0.00000	0.00234	0.99766	0
23	S	0.00000	0.00097	0.99903	0
24	L	0.00000	9e-05	0.99991	0
25	L	0.00000	0	1.00000	0
26	A	0.00000	0	1.00000	0
27	F	0.00000	0	1.00000	0
28	A	0.00000	0	1.00000	0
29	I	0.00000	0	1.00000	0
30	M	0.00000	0	1.00000	0
31	L	0.00000	0	1.00000	0
32	G	0.00000	0	1.00000	0
33	N	0.00000	0	1.00000	0
34	A	0.00000	0	1.00000	0
35	V	0.00000	0	1.00000	0
36	V	0.00000	0	1.00000	0
37	I	0.00000	0	1.00000	0
38	L	0.00037	0	0.99963	0
39	A	0.01234	0	0.98766	0
40	F	0.04418	0	0.95582	0
41	V	0.23249	0	0.76751	0
42	V	0.60208	0	0.39792	0
43	D	0.99774	0	0.00226	0
44	K	0.99997	0	0.00003	0
45	N	0.99999	0	0.00001	0
46	L	0.99999	0	0.00001	0
47	R	0.99998	0	0.00002	0
48	H	0.99666	0	0.00334	0
49	R	0.99582	0	0.00418	0
50	S	0.91790	0	0.08210	0
51	N	0.55361	0	0.44639	0
52	Y	0.07197	0	0.92803	0
53	F	0.00024	0	0.99976	0
54	F	0.00001	0	0.99999	0
55	L	0.00000	0	1.00000	0
56	N	0.00000	0	1.00000	0
57	L	0.00000	0	1.00000	0
58	A	0.00000	0	1.00000	0
59	I	0.00000	0	1.00000	0
60	S	0.00000	0	1.00000	0
61	D	0.00000	0	1.00000	0
62	F	0.00000	0	1.00000	0
63	F	0.00000	0	1.00000	0
64	V	0.00000	0	1.00000	0
65	V	0.00000	0	1.00000	0
66	S	0.00000	0.00017	0.99983	0
67	E	0.00000	0.00347	0.99653	0
68	S	0.00000	0.00985	0.99015	0
69	W	0.00000	0.02921	0.97079	0
70	K	0.00000	0.31551	0.68449	0
71	N	0.00000	0.61509	0.38491	0
72	E	0.00000	0.9182	0.08180	0
73	K	0.00000	0.9571	0.04290	0
74	K	0.00000	0.99954	0.00046	0
75	D	0.00000	1	0.00000	0
76	C	0.00000	1	0.00000	0
77	E	0.00000	1	0.00000	0
78	P	0.00000	1	0.00000	0
79	G	0.00000	1	0.00000	0
80	F	0.00000	1	0.00000	0
81	F	0.00000	1	0.00000	0
82	S	0.00000	1	0.00000	0
83	E	0.00000	1	0.00000	0
84	W	0.00000	0.81686	0.18314	0
85	Y	0.00000	0.15115	0.84885	0
86	I	0.00000	0.00882	0.99118	0
87	L	0.00000	0.00235	0.99765	0
88	A	0.00000	0.00039	0.99961	0
89	I	0.00000	0	1.00000	0
90	T	0.00000	0	1.00000	0
91	S	0.00000	0	1.00000	0
92	F	0.00000	0	1.00000	0
93	L	0.00000	0	1.00000	0
94	E	0.00000	0	1.00000	0
95	F	0.00000	0	1.00000	0
96	L	0.00000	0	1.00000	0
97	L	0.00000	0	1.00000	0
98	P	0.00000	0	1.00000	0
99	V	0.00000	0	1.00000	0
100	F	0.00000	0	1.00000	0
101	S	0.00000	0	1.00000	0
102	V	0.00000	0	1.00000	0
103	A	0.00000	0	1.00000	0
104	Y	0.00083	0	0.99917	0
105	F	0.03200	0	0.96800	0
106	N	0.44630	0	0.55370	0
107	I	0.56327	0	0.43673	0
108	Y	0.67299	0	0.32701	0
109	I	0.99288	0	0.00712	0
110	Y	0.99736	0	0.00264	0
111	W	0.99834	0	0.00166	0
112	R	0.99981	0	0.00019	0
113	L	0.99999	0	0.00001	0
114	W	1.00000	0	0.00000	0
115	K	1.00000	0	0.00000	0
116	R	1.00000	0	0.00000	0
117	S	0.99909	0	0.00091	0
118	N	0.99464	0	0.00536	0
119	L	0.96735	0	0.03265	0
120	S	0.96393	0	0.03607	0
121	R	0.95780	0	0.04220	0
122	W	0.88699	0	0.11301	0
123	Q	0.86094	0	0.13906	0
124	S	0.58916	0	0.41084	0
125	G	0.35142	0	0.64858	0
126	A	0.01639	0	0.98361	0
127	G	0.00376	0	0.99624	0
128	L	0.00002	0	0.99998	0
129	T	0.00000	0	1.00000	0
130	A	0.00000	0	1.00000	0
131	S	0.00000	0	1.00000	0
132	V	0.00000	0	1.00000	0
133	S	0.00000	0	1.00000	0
134	S	0.00000	0	1.00000	0
135	S	0.00000	0	1.00000	0
136	N	0.00000	6e-05	0.99994	0
137	W	0.00000	0.00031	0.99969	0
138	G	0.00000	0.00528	0.99472	0
139	R	0.00000	0.02218	0.97782	0
140	S	0.00000	0.02557	0.97443	0
141	F	0.00000	0.02874	0.97126	0
142	S	0.00000	0.05794	0.94206	0
143	S	0.00000	0.10935	0.89065	0
144	R	0.00000	0.43342	0.56658	0
145	L	0.00000	0.43636	0.56364	0
146	F	0.00000	0.48478	0.51522	0
147	S	0.00000	0.80645	0.19355	0
148	R	0.00000	0.99258	0.00742	0
149	T	0.00000	0.99992	0.00008	0
150	S	0.00000	0.99998	0.00002	0
151	L	0.00000	0.99999	0.00001	0
152	P	0.00000	1	0.00000	0
153	E	0.00000	1	0.00000	0
154	P	0.00000	1	0.00000	0
155	K	0.00000	1	0.00000	0
156	E	0.00000	1	0.00000	0
157	G	0.00000	0.99999	0.00001	0
158	E	0.00000	0.99994	0.00006	0
159	E	0.00000	0.99994	0.00006	0
160	A	0.00000	0.96198	0.03802	0
161	A	0.00000	0.96133	0.03867	0
162	A	0.00000	0.95977	0.04023	0
163	S	0.00000	0.95938	0.04062	0
164	F	0.00000	0.95934	0.04066	0
165	R	0.00000	0.95934	0.04066	0
166	S	0.00000	0.95932	0.04068	0
167	K	0.00000	0.95932	0.04068	0
168	R	0.00000	0.95932	0.04068	0
169	Q	0.00000	0.95929	0.04071	0
170	S	0.00000	0.95763	0.04237	0
171	S	0.00000	0.95761	0.04239	0
172	L	0.00000	0.93929	0.06071	0
173	L	0.00000	0.93926	0.06074	0
174	F	0.00000	0.93926	0.06074	0
175	S	0.00000	0.93869	0.06131	0
176	L	0.00000	0.93862	0.06138	0
177	R	0.00000	0.93788	0.06212	0
178	T	0.00001	0.93467	0.06532	0
179	Q	0.00092	0.9346	0.06448	0
180	K	0.00528	0.93416	0.06056	0
181	N	0.02042	0.93032	0.04926	0
182	R	0.03847	0.90734	0.05418	0
183	S	0.03853	0.0005	0.96096	0
184	I	0.03859	7e-05	0.96134	0
185	T	0.04037	0	0.95963	0
186	A	0.04048	0	0.95952	0
187	S	0.04068	0	0.95932	0
188	K	0.04068	0	0.95932	0
189	T	0.04068	0	0.95932	0
190	G	0.04068	0	0.95932	0
191	S	0.04071	0	0.95929	0
192	L	0.04081	0	0.95919	0
193	S	0.05776	0	0.94224	0
194	Q	0.06015	0	0.93985	0
195	S	0.06044	0	0.93956	0
196	D	0.06064	0	0.93936	0
197	S	0.06065	0	0.93935	0
198	L	0.06065	0	0.93935	0
199	V	0.06067	0	0.93933	0
200	L	0.06086	0	0.93914	0
201	H	0.06446	0	0.93554	0
202	R	0.08559	0	0.91441	0
203	R	0.45115	0	0.54885	0
204	E	0.87795	0	0.12205	0
205	H	0.93822	0	0.06178	0
206	L	0.98916	0	0.01084	0
207	E	1.00000	0	0.00000	0
208	L	1.00000	0	0.00000	0
209	L	1.00000	0	0.00000	0
210	R	1.00000	0	0.00000	0
211	A	0.99993	0	0.00007	0
212	R	0.99644	0	0.00356	0
213	K	0.99634	0	0.00366	0
214	L	0.97456	0	0.02544	0
215	A	0.97342	0	0.02658	0
216	K	0.97297	0	0.02703	0
217	S	0.97162	0	0.02838	0
218	L	0.01742	0	0.98258	0
219	A	0.00094	0	0.99906	0
220	I	0.00046	0	0.99954	0
221	L	0.00001	0	0.99999	0
222	L	0.00001	0	0.99999	0
223	G	0.00000	0	1.00000	0
224	V	0.00000	0	1.00000	0
225	F	0.00000	0	1.00000	0
226	V	0.00000	0	1.00000	0
227	I	0.00000	0	1.00000	0
228	C	0.00000	0	1.00000	0
229	W	0.00000	0	1.00000	0
230	A	0.00000	0	1.00000	0
231	P	0.00000	0	1.00000	0
232	Y	0.00000	0	1.00000	0
233	S	0.00000	0	1.00000	0
234	L	0.00000	4e-05	0.99996	0
235	F	0.00000	0.00042	0.99958	0
236	T	0.00000	0.00279	0.99721	0
237	I	0.00000	0.00871	0.99129	0
238	V	0.00000	0.03858	0.96142	0
239	R	0.00000	0.49023	0.50977	0
240	S	0.00000	0.5464	0.45360	0
241	I	0.00000	0.58559	0.41441	0
242	Y	0.00000	0.75255	0.24745	0
243	P	0.00000	0.94645	0.05355	0
244	P	0.00000	0.9996	0.00040	0
245	D	0.00000	1	0.00000	0
246	Q	0.00000	1	0.00000	0
247	R	0.00000	1	0.00000	0
248	P	0.00000	1	0.00000	0
249	E	0.00000	0.99998	0.00002	0
250	T	0.00000	0.99909	0.00091	0
251	I	0.00000	0.99626	0.00374	0
252	V	0.00000	0.99454	0.00546	0
253	Y	0.00000	0.99393	0.00607	0
254	E	0.00000	0.89552	0.10448	0
255	I	0.00000	0.59401	0.40599	0
256	T	0.00000	0.56247	0.43753	0
257	F	0.00000	0.00297	0.99703	0
258	W	0.00000	0	1.00000	0
259	L	0.00000	0	1.00000	0
260	Q	0.00000	0	1.00000	0
261	W	0.00000	0	1.00000	0
262	F	0.00000	0	1.00000	0
263	N	0.00000	0	1.00000	0
264	S	0.00000	0	1.00000	0
265	V	0.00000	0	1.00000	0
266	V	0.00000	0	1.00000	0
267	N	0.00000	0	1.00000	0
268	P	0.00000	0	1.00000	0
269	I	0.00000	0	1.00000	0
270	L	0.00000	0	1.00000	0
271	Y	0.00000	0	1.00000	0
272	P	0.00002	0	0.99998	0
273	L	0.00032	0	0.99968	0
274	C	0.01137	0	0.98863	0
275	H	0.11163	0	0.88837	0
276	K	1.00000	0	0.00000	0
277	S	1.00000	0	0.00000	0
278	F	1.00000	0	0.00000	0
279	Q	1.00000	0	0.00000	0
280	K	1.00000	0	0.00000	0
281	A	1.00000	0	0.00000	0
282	F	1.00000	0	0.00000	0
283	W	1.00000	0	0.00000	0
284	K	1.00000	0	0.00000	0
285	I	1.00000	0	0.00000	0
286	L	1.00000	0	0.00000	0
287	C	1.00000	0	0.00000	0
288	R	1.00000	0	0.00000	0
289	K	1.00000	0	0.00000	0
290	K	1.00000	0	0.00000	0
291	Q	1.00000	0	0.00000	0
292	P	1.00000	0	0.00000	0
293	I	1.00000	0	0.00000	0
294	S	1.00000	0	0.00000	0
295	S	1.00000	0	0.00000	0
296	H	1.00000	0	0.00000	0
297	N	1.00000	0	0.00000	0
298	Q	1.00000	0	0.00000	0
299	S	1.00000	0	0.00000	0
300	M	1.00000	0	0.00000	0
301	S	1.00000	0	0.00000	0
302	S	1.00000	0	0.00000	0
