# UNNAMED
#pos	aa	i	o	M	S
1	M	0.00000	1	0.00000	0
2	A	0.00000	1	0.00000	0
3	L	0.00000	1	0.00000	0
4	F	0.00000	1	0.00000	0
5	T	0.00000	1	0.00000	0
6	R	0.00000	1	0.00000	0
7	T	0.00000	1	0.00000	0
8	S	0.00000	1	0.00000	0
9	S	0.00000	1	0.00000	0
10	H	0.00000	1	0.00000	0
11	P	0.00000	1	0.00000	0
12	N	0.00000	1	0.00000	0
13	T	0.00000	1	0.00000	0
14	T	0.00000	1	0.00000	0
15	D	0.00000	1	0.00000	0
16	P	0.00000	1	0.00000	0
17	L	0.00000	1	0.00000	0
18	P	0.00000	1	0.00000	0
19	C	0.00000	1	0.00000	0
20	G	0.00000	1	0.00000	0
21	A	0.00000	1	0.00000	0
22	D	0.00000	1	0.00000	0
23	N	0.00000	1	0.00000	0
24	T	0.00000	1	0.00000	0
25	T	0.00000	1	0.00000	0
26	E	0.00000	1	0.00000	0
27	S	0.00000	1	0.00000	0
28	D	0.00000	1	0.00000	0
29	L	0.00000	1	0.00000	0
30	P	0.00000	1	0.00000	0
31	H	0.00000	0.99975	0.00025	0
32	S	0.00000	0.96911	0.03089	0
33	H	0.00000	0.8267	0.17330	0
34	A	0.00000	0.62047	0.37953	0
35	Y	0.00000	0.59081	0.40919	0
36	Y	0.00000	0.10286	0.89714	0
37	A	0.00000	0.08471	0.91529	0
38	L	0.00000	0.05833	0.94167	0
39	C	0.00000	0.05146	0.94854	0
40	Y	0.00000	0.00344	0.99656	0
41	C	0.00000	0.00127	0.99873	0
42	I	0.00000	1e-05	0.99999	0
43	L	0.00000	0	1.00000	0
44	I	0.00000	0	1.00000	0
45	L	0.00000	0	1.00000	0
46	A	0.00000	0	1.00000	0
47	I	0.00000	0	1.00000	0
48	I	0.00000	0	1.00000	0
49	F	0.00000	0	1.00000	0
50	G	0.00000	0	1.00000	0
51	N	0.00000	0	1.00000	0
52	V	0.00000	0	1.00000	0
53	L	0.00000	0	1.00000	0
54	V	0.00001	0	0.99999	0
55	C	0.00007	0	0.99993	0
56	L	0.00143	0	0.99857	0
57	A	0.04503	0	0.95497	0
58	V	0.12535	0	0.87465	0
59	L	0.38981	0	0.61019	0
60	R	0.98420	0	0.01580	0
61	E	0.99964	0	0.00036	0
62	R	0.99999	0	0.00001	0
63	T	1.00000	0	0.00000	0
64	L	1.00000	0	0.00000	0
65	Q	1.00000	0	0.00000	0
66	T	0.99976	0	0.00024	0
67	T	0.99126	0	0.00874	0
68	T	0.89924	0	0.10076	0
69	N	0.20293	0	0.79707	0
70	Y	0.06415	0	0.93585	0
71	L	0.00073	0	0.99927	0
72	V	0.00007	0	0.99993	0
73	V	0.00000	0	1.00000	0
74	S	0.00000	0	1.00000	0
75	L	0.00000	0	1.00000	0
76	A	0.00000	0	1.00000	0
77	V	0.00000	0	1.00000	0
78	A	0.00000	0	1.00000	0
79	D	0.00000	0	1.00000	0
80	L	0.00000	0	1.00000	0
81	L	0.00000	0	1.00000	0
82	V	0.00000	0	1.00000	0
83	A	0.00000	0	1.00000	0
84	T	0.00000	0	1.00000	0
85	L	0.00000	0	1.00000	0
86	V	0.00000	0	1.00000	0
87	M	0.00000	4e-05	0.99996	0
88	P	0.00000	0.00093	0.99907	0
89	W	0.00000	0.01006	0.98994	0
90	V	0.00000	0.05943	0.94057	0
91	V	0.00000	0.32891	0.67109	0
92	Y	0.00000	0.89211	0.10789	0
93	L	0.00000	0.99978	0.00022	0
94	E	0.00000	1	0.00000	0
95	V	0.00000	1	0.00000	0
96	T	0.00000	1	0.00000	0
97	G	0.00000	1	0.00000	0
98	G	0.00000	1	0.00000	0
99	V	0.00000	1	0.00000	0
100	W	0.00000	1	0.00000	0
101	T	0.00000	1	0.00000	0
102	F	0.00000	1	0.00000	0
103	S	0.00000	1	0.00000	0
104	R	0.00000	1	0.00000	0
105	I	0.00000	1	0.00000	0
106	C	0.00000	1	0.00000	0
107	C	0.00000	0.99983	0.00017	0
108	D	0.00000	0.99857	0.00143	0
109	I	0.00000	0.99264	0.00736	0
110	F	0.00000	0.42257	0.57743	0
111	V	0.00000	0.09394	0.90606	0
112	T	0.00000	0.04664	0.95336	0
113	M	0.00000	0.00061	0.99939	0
114	D	0.00000	0.00021	0.99979	0
115	V	0.00000	1e-05	0.99999	0
116	M	0.00000	0	1.00000	0
117	M	0.00000	0	1.00000	0
118	C	0.00000	0	1.00000	0
119	T	0.00000	0	1.00000	0
120	A	0.00000	0	1.00000	0
121	S	0.00000	0	1.00000	0
122	I	0.00000	0	1.00000	0
123	L	0.00000	0	1.00000	0
124	N	0.00000	0	1.00000	0
125	L	0.00000	0	1.00000	0
126	C	0.00000	0	1.00000	0
127	A	0.00000	0	1.00000	0
128	I	0.00000	0	1.00000	0
129	S	0.00000	0	1.00000	0
130	I	0.00000	0	1.00000	0
131	D	0.00001	0	0.99999	0
132	R	0.01415	0	0.98585	0
133	Y	0.36314	0	0.63686	0
134	T	0.78684	0	0.21316	0
135	A	0.90818	0	0.09182	0
136	V	0.99997	0	0.00003	0
137	V	1.00000	0	0.00000	0
138	K	1.00000	0	0.00000	0
139	P	1.00000	0	0.00000	0
140	V	1.00000	0	0.00000	0
141	Q	1.00000	0	0.00000	0
142	Y	1.00000	0	0.00000	0
143	Q	1.00000	0	0.00000	0
144	Y	1.00000	0	0.00000	0
145	S	1.00000	0	0.00000	0
146	T	1.00000	0	0.00000	0
147	G	1.00000	0	0.00000	0
148	Q	0.99996	0	0.00004	0
149	S	0.95840	0	0.04160	0
150	S	0.90943	0	0.09057	0
151	C	0.87131	0	0.12869	0
152	R	0.87076	0	0.12924	0
153	R	0.84794	0	0.15206	0
154	V	0.28582	0	0.71418	0
155	S	0.20666	0	0.79334	0
156	L	0.10399	0	0.89601	0
157	M	0.00153	0	0.99847	0
158	I	0.00000	0	1.00000	0
159	V	0.00000	0	1.00000	0
160	I	0.00000	0	1.00000	0
161	V	0.00000	0	1.00000	0
162	W	0.00000	0	1.00000	0
163	M	0.00000	0	1.00000	0
164	L	0.00000	0	1.00000	0
165	A	0.00000	0	1.00000	0
166	F	0.00000	0	1.00000	0
167	A	0.00000	0	1.00000	0
168	V	0.00000	0.0011	0.99890	0
169	S	0.00000	0.02572	0.97428	0
170	C	0.00000	0.07956	0.92044	0
171	P	0.00000	0.08875	0.91125	0
172	L	0.00000	0.09183	0.90817	0
173	L	0.00000	0.09762	0.90238	0
174	F	0.00000	0.11402	0.88598	0
175	G	0.00000	0.20312	0.79688	0
176	F	0.00000	0.35526	0.64474	0
177	N	0.00000	0.96893	0.03107	0
178	T	0.00000	0.99616	0.00384	0
179	T	0.00000	0.99979	0.00021	0
180	G	0.00000	0.99999	0.00001	0
181	D	0.00000	1	0.00000	0
182	P	0.00000	1	0.00000	0
183	S	0.00000	1	0.00000	0
184	V	0.00000	1	0.00000	0
185	C	0.00000	1	0.00000	0
186	S	0.00000	1	0.00000	0
187	I	0.00000	0.99999	0.00001	0
188	S	0.00000	0.99998	0.00002	0
189	N	0.00000	0.99995	0.00005	0
190	P	0.00000	0.99086	0.00914	0
191	I	0.00000	0.40211	0.59789	0
192	F	0.00000	0.04894	0.95106	0
193	V	0.00000	0.04531	0.95469	0
194	I	0.00000	0.0296	0.97040	0
195	Y	0.00000	0.0068	0.99320	0
196	S	0.00000	0.00616	0.99384	0
197	S	0.00000	0.00099	0.99901	0
198	L	0.00000	0.00063	0.99937	0
199	V	0.00000	0	1.00000	0
200	S	0.00000	0	1.00000	0
201	F	0.00000	0	1.00000	0
202	Y	0.00000	0	1.00000	0
203	L	0.00000	0	1.00000	0
204	P	0.00000	0	1.00000	0
205	F	0.00000	0	1.00000	0
206	M	0.00000	0	1.00000	0
207	V	0.00000	0	1.00000	0
208	T	0.00000	0	1.00000	0
209	L	0.00000	0	1.00000	0
210	L	0.00000	0	1.00000	0
211	L	0.00000	0	1.00000	0
212	Y	0.00006	0	0.99994	0
213	V	0.00264	0	0.99736	0
214	R	0.07895	0	0.92105	0
215	I	0.08777	0	0.91223	0
216	Y	0.14622	0	0.85378	0
217	L	0.47426	0	0.52574	0
218	V	0.65041	0	0.34959	0
219	L	0.98974	0	0.01026	0
220	R	0.99960	0	0.00040	0
221	Q	1.00000	0	0.00000	0
222	R	1.00000	0	0.00000	0
223	Q	1.00000	0	0.00000	0
224	K	1.00000	0	0.00000	0
225	K	1.00000	0	0.00000	0
226	R	1.00000	0	0.00000	0
227	T	1.00000	0	0.00000	0
228	L	1.00000	0	0.00000	0
229	T	1.00000	0	0.00000	0
230	R	1.00000	0	0.00000	0
231	Q	1.00000	0	0.00000	0
232	G	1.00000	0	0.00000	0
233	S	1.00000	0	0.00000	0
234	H	1.00000	0	0.00000	0
235	S	1.00000	0	0.00000	0
236	A	1.00000	0	0.00000	0
237	S	1.00000	0	0.00000	0
238	T	1.00000	0	0.00000	0
239	K	1.00000	0	0.00000	0
240	P	1.00000	0	0.00000	0
241	C	1.00000	0	0.00000	0
242	Y	1.00000	0	0.00000	0
243	A	1.00000	0	0.00000	0
244	H	1.00000	0	0.00000	0
245	K	1.00000	0	0.00000	0
246	E	1.00000	0	0.00000	0
247	H	1.00000	0	0.00000	0
248	M	1.00000	0	0.00000	0
249	E	1.00000	0	0.00000	0
250	K	1.00000	0	0.00000	0
251	K	1.00000	0	0.00000	0
252	A	1.00000	0	0.00000	0
253	L	1.00000	0	0.00000	0
254	P	1.00000	0	0.00000	0
255	N	1.00000	0	0.00000	0
256	R	1.00000	0	0.00000	0
257	C	1.00000	0	0.00000	0
258	Q	1.00000	0	0.00000	0
259	G	1.00000	0	0.00000	0
260	T	1.00000	0	0.00000	0
261	S	1.00000	0	0.00000	0
262	S	1.00000	0	0.00000	0
263	P	1.00000	0	0.00000	0
264	C	1.00000	0	0.00000	0
265	L	1.00000	0	0.00000	0
266	P	1.00000	0	0.00000	0
267	L	1.00000	0	0.00000	0
268	K	1.00000	0	0.00000	0
269	C	1.00000	0	0.00000	0
270	S	1.00000	0	0.00000	0
271	G	1.00000	0	0.00000	0
272	Q	1.00000	0	0.00000	0
273	E	1.00000	0	0.00000	0
274	T	1.00000	0	0.00000	0
275	S	1.00000	0	0.00000	0
276	T	1.00000	0	0.00000	0
277	K	1.00000	0	0.00000	0
278	R	1.00000	0	0.00000	0
279	K	1.00000	0	0.00000	0
280	L	1.00000	0	0.00000	0
281	L	1.00000	0	0.00000	0
282	T	1.00000	0	0.00000	0
283	V	1.00000	0	0.00000	0
284	F	1.00000	0	0.00000	0
285	S	1.00000	0	0.00000	0
286	L	1.00000	0	0.00000	0
287	Q	1.00000	0	0.00000	0
288	R	1.00000	0	0.00000	0
289	Y	1.00000	0	0.00000	0
290	R	1.00000	0	0.00000	0
291	S	1.00000	0	0.00000	0
292	F	1.00000	0	0.00000	0
293	C	1.00000	0	0.00000	0
294	H	1.00000	0	0.00000	0
295	E	1.00000	0	0.00000	0
296	A	1.00000	0	0.00000	0
297	T	1.00000	0	0.00000	0
298	L	1.00000	0	0.00000	0
299	T	1.00000	0	0.00000	0
300	K	1.00000	0	0.00000	0
301	A	1.00000	0	0.00000	0
302	P	1.00000	0	0.00000	0
303	G	1.00000	0	0.00000	0
304	A	1.00000	0	0.00000	0
305	A	1.00000	0	0.00000	0
306	Q	1.00000	0	0.00000	0
307	H	1.00000	0	0.00000	0
308	R	1.00000	0	0.00000	0
309	R	1.00000	0	0.00000	0
310	L	1.00000	0	0.00000	0
311	E	1.00000	0	0.00000	0
312	E	1.00000	0	0.00000	0
313	R	1.00000	0	0.00000	0
314	R	1.00000	0	0.00000	0
315	K	1.00000	0	0.00000	0
316	S	1.00000	0	0.00000	0
317	M	1.00000	0	0.00000	0
318	K	1.00000	0	0.00000	0
319	P	1.00000	0	0.00000	0
320	G	1.00000	0	0.00000	0
321	L	1.00000	0	0.00000	0
322	E	1.00000	0	0.00000	0
323	V	1.00000	0	0.00000	0
324	R	1.00000	0	0.00000	0
325	R	1.00000	0	0.00000	0
326	L	1.00000	0	0.00000	0
327	S	1.00000	0	0.00000	0
328	N	1.00000	0	0.00000	0
329	G	1.00000	0	0.00000	0
330	R	1.00000	0	0.00000	0
331	T	1.00000	0	0.00000	0
332	M	1.00000	0	0.00000	0
333	S	1.00000	0	0.00000	0
334	S	1.00000	0	0.00000	0
335	L	1.00000	0	0.00000	0
336	K	1.00000	0	0.00000	0
337	L	1.00000	0	0.00000	0
338	A	1.00000	0	0.00000	0
339	H	1.00000	0	0.00000	0
340	Q	1.00000	0	0.00000	0
341	Q	1.00000	0	0.00000	0
342	P	1.00000	0	0.00000	0
343	R	1.00000	0	0.00000	0
344	L	1.00000	0	0.00000	0
345	I	1.00000	0	0.00000	0
346	Q	1.00000	0	0.00000	0
347	L	1.00000	0	0.00000	0
348	R	1.00000	0	0.00000	0
349	E	1.00000	0	0.00000	0
350	R	0.99648	0	0.00352	0
351	K	0.99602	0	0.00398	0
352	A	0.94281	0	0.05719	0
353	T	0.93753	0	0.06247	0
354	Q	0.78546	0	0.21454	0
355	M	0.76430	0	0.23570	0
356	L	0.00299	0	0.99701	0
357	A	0.00007	0	0.99993	0
358	I	0.00000	0	1.00000	0
359	V	0.00000	0	1.00000	0
360	L	0.00000	0	1.00000	0
361	G	0.00000	0	1.00000	0
362	A	0.00000	0	1.00000	0
363	F	0.00000	0	1.00000	0
364	I	0.00000	0	1.00000	0
365	V	0.00000	0	1.00000	0
366	C	0.00000	0	1.00000	0
367	W	0.00000	0	1.00000	0
368	L	0.00000	0	1.00000	0
369	P	0.00000	0	1.00000	0
370	F	0.00000	0	1.00000	0
371	F	0.00000	0	1.00000	0
372	L	0.00000	3e-05	0.99997	0
373	I	0.00000	0.00042	0.99958	0
374	H	0.00000	0.00376	0.99624	0
375	I	0.00000	0.00958	0.99042	0
376	L	0.00000	0.06281	0.93719	0
377	N	0.00000	0.68454	0.31546	0
378	T	0.00000	0.8446	0.15540	0
379	H	0.00000	0.99488	0.00512	0
380	C	0.00000	0.99937	0.00063	0
381	P	0.00000	0.99986	0.00014	0
382	S	0.00000	0.99997	0.00003	0
383	C	0.00000	0.99999	0.00001	0
384	H	0.00000	0.99999	0.00001	0
385	V	0.00000	0.99988	0.00012	0
386	S	0.00000	0.99977	0.00023	0
387	P	0.00000	0.99955	0.00045	0
388	G	0.00000	0.99734	0.00266	0
389	L	0.00000	0.99251	0.00749	0
390	Y	0.00000	0.99123	0.00877	0
391	S	0.00000	0.82681	0.17319	0
392	A	0.00000	0.08422	0.91578	0
393	S	0.00000	0.07055	0.92945	0
394	T	0.00000	0.03877	0.96123	0
395	W	0.00000	0.00303	0.99697	0
396	L	0.00000	1e-05	0.99999	0
397	G	0.00000	0	1.00000	0
398	Y	0.00000	0	1.00000	0
399	V	0.00000	0	1.00000	0
400	N	0.00000	0	1.00000	0
401	S	0.00000	0	1.00000	0
402	A	0.00000	0	1.00000	0
403	L	0.00000	0	1.00000	0
404	N	0.00000	0	1.00000	0
405	P	0.00000	0	1.00000	0
406	I	0.00000	0	1.00000	0
407	I	0.00000	0	1.00000	0
408	Y	0.00001	0	0.99999	0
409	T	0.00003	0	0.99997	0
410	T	0.00059	0	0.99941	0
411	F	0.04938	0	0.95062	0
412	N	0.56700	0	0.43300	0
413	T	0.83364	0	0.16636	0
414	D	0.93003	0	0.06997	0
415	F	0.94035	0	0.05965	0
416	R	1.00000	0	0.00000	0
417	K	1.00000	0	0.00000	0
418	A	1.00000	0	0.00000	0
419	F	1.00000	0	0.00000	0
420	L	1.00000	0	0.00000	0
421	K	1.00000	0	0.00000	0
422	I	1.00000	0	0.00000	0
423	L	1.00000	0	0.00000	0
424	C	1.00000	0	0.00000	0
425	C	1.00000	0	0.00000	0
