# UNNAMED
#pos	aa	i	o	M	S
1	M	0.00000	1	0.00000	0
2	T	0.00000	1	0.00000	0
3	K	0.00000	1	0.00000	0
4	L	0.00000	1	0.00000	0
5	L	0.00000	1	0.00000	0
6	W	0.00000	1	0.00000	0
7	R	0.00000	1	0.00000	0
8	D	0.00000	1	0.00000	0
9	W	0.00000	1	0.00000	0
10	S	0.00000	1	0.00000	0
11	G	0.00000	1	0.00000	0
12	L	0.00000	1	0.00000	0
13	N	0.00000	1	0.00000	0
14	Q	0.00000	1	0.00000	0
15	S	0.00000	1	0.00000	0
16	E	0.00000	1	0.00000	0
17	S	0.00000	1	0.00000	0
18	L	0.00000	1	0.00000	0
19	N	0.00000	1	0.00000	0
20	Q	0.00000	1	0.00000	0
21	W	0.00000	1	0.00000	0
22	L	0.00000	1	0.00000	0
23	T	0.00000	1	0.00000	0
24	E	0.00000	1	0.00000	0
25	V	0.00000	1	0.00000	0
26	Q	0.00000	1	0.00000	0
27	R	0.00000	1	0.00000	0
28	I	0.00000	1	0.00000	0
29	Q	0.00000	1	0.00000	0
30	E	0.00000	1	0.00000	0
31	E	0.00000	1	0.00000	0
32	N	0.00000	1	0.00000	0
33	A	0.00000	0.99999	0.00001	0
34	S	0.00000	0.99941	0.00059	0
35	R	0.00000	0.99664	0.00336	0
36	L	0.00000	0.87054	0.12946	0
37	C	0.00000	0.79859	0.20141	0
38	W	0.00000	0.32936	0.67064	0
39	A	0.00000	0.14708	0.85292	0
40	A	0.00000	0.05455	0.94545	0
41	L	0.00000	0.02193	0.97807	0
42	L	0.00000	0.00917	0.99083	0
43	F	0.00000	0.00221	0.99779	0
44	L	0.00000	0.00097	0.99903	0
45	M	0.00000	0.00033	0.99967	0
46	V	0.00000	1e-05	0.99999	0
47	I	0.00000	0	1.00000	0
48	I	0.00000	0	1.00000	0
49	P	0.00000	0	1.00000	0
50	T	0.00000	0	1.00000	0
51	I	0.00000	0	1.00000	0
52	G	0.00000	0	1.00000	0
53	G	0.00000	0	1.00000	0
54	N	0.00000	0	1.00000	0
55	I	0.00000	0	1.00000	0
56	L	0.00000	0	1.00000	0
57	V	0.00000	0	1.00000	0
58	I	0.00002	0	0.99998	0
59	L	0.00279	0	0.99721	0
60	A	0.10682	0	0.89318	0
61	V	0.26593	0	0.73407	0
62	S	0.83023	0	0.16977	0
63	L	0.90402	0	0.09598	0
64	E	0.99807	0	0.00193	0
65	K	0.99997	0	0.00003	0
66	K	1.00000	0	0.00000	0
67	L	1.00000	0	0.00000	0
68	Q	0.99999	0	0.00001	0
69	N	0.99909	0	0.00091	0
70	A	0.99654	0	0.00346	0
71	T	0.96953	0	0.03047	0
72	N	0.21147	0	0.78853	0
73	Y	0.06895	0	0.93105	0
74	F	0.00066	0	0.99934	0
75	L	0.00002	0	0.99998	0
76	M	0.00000	0	1.00000	0
77	S	0.00000	0	1.00000	0
78	L	0.00000	0	1.00000	0
79	A	0.00000	0	1.00000	0
80	V	0.00000	0	1.00000	0
81	A	0.00000	0	1.00000	0
82	D	0.00000	0	1.00000	0
83	L	0.00000	0	1.00000	0
84	L	0.00000	0	1.00000	0
85	V	0.00000	0	1.00000	0
86	G	0.00000	0	1.00000	0
87	L	0.00000	0	1.00000	0
88	F	0.00000	0	1.00000	0
89	V	0.00000	0	1.00000	0
90	M	0.00000	0.00012	0.99988	0
91	P	0.00000	0.00335	0.99665	0
92	I	0.00000	0.01257	0.98743	0
93	A	0.00000	0.11498	0.88502	0
94	L	0.00000	0.2422	0.75780	0
95	L	0.00000	0.531	0.46900	0
96	T	0.00000	0.99782	0.00218	0
97	V	0.00000	0.99797	0.00203	0
98	L	0.00000	0.99812	0.00188	0
99	F	0.00000	0.99858	0.00142	0
100	K	0.00000	0.99977	0.00023	0
101	S	0.00000	0.99998	0.00002	0
102	E	0.00000	1	0.00000	0
103	W	0.00000	1	0.00000	0
104	P	0.00000	1	0.00000	0
105	L	0.00000	1	0.00000	0
106	P	0.00000	1	0.00000	0
107	S	0.00000	1	0.00000	0
108	G	0.00000	1	0.00000	0
109	L	0.00000	1	0.00000	0
110	C	0.00000	1	0.00000	0
111	P	0.00000	0.99994	0.00006	0
112	I	0.00000	0.99815	0.00185	0
113	W	0.00000	0.85041	0.14959	0
114	I	0.00000	0.1361	0.86390	0
115	F	0.00000	0.02299	0.97701	0
116	L	0.00000	0.00116	0.99884	0
117	D	0.00000	0.0004	0.99960	0
118	V	0.00000	1e-05	0.99999	0
119	L	0.00000	0	1.00000	0
120	F	0.00000	0	1.00000	0
121	S	0.00000	0	1.00000	0
122	T	0.00000	0	1.00000	0
123	A	0.00000	0	1.00000	0
124	S	0.00000	0	1.00000	0
125	I	0.00000	0	1.00000	0
126	M	0.00000	0	1.00000	0
127	H	0.00000	0	1.00000	0
128	L	0.00000	0	1.00000	0
129	C	0.00000	0	1.00000	0
130	A	0.00000	0	1.00000	0
131	I	0.00000	0	1.00000	0
132	S	0.00000	0	1.00000	0
133	L	0.00000	0	1.00000	0
134	D	0.00004	0	0.99996	0
135	R	0.10050	0	0.89950	0
136	Y	0.52575	0	0.47425	0
137	L	0.84103	0	0.15897	0
138	A	0.92305	0	0.07695	0
139	I	0.99999	0	0.00001	0
140	K	1.00000	0	0.00000	0
141	K	1.00000	0	0.00000	0
142	P	1.00000	0	0.00000	0
143	I	1.00000	0	0.00000	0
144	Q	1.00000	0	0.00000	0
145	H	1.00000	0	0.00000	0
146	S	1.00000	0	0.00000	0
147	Q	1.00000	0	0.00000	0
148	F	1.00000	0	0.00000	0
149	K	1.00000	0	0.00000	0
150	S	0.99999	0	0.00001	0
151	R	0.99995	0	0.00005	0
152	A	0.99756	0	0.00244	0
153	K	0.98612	0	0.01388	0
154	A	0.10645	0	0.89355	0
155	L	0.00759	0	0.99241	0
156	A	0.00359	0	0.99641	0
157	K	0.00323	0	0.99677	0
158	I	0.00002	0	0.99998	0
159	A	0.00000	0	1.00000	0
160	V	0.00000	0	1.00000	0
161	V	0.00000	0	1.00000	0
162	W	0.00000	0	1.00000	0
163	I	0.00000	0	1.00000	0
164	I	0.00000	0	1.00000	0
165	S	0.00000	0	1.00000	0
166	I	0.00000	0	1.00000	0
167	G	0.00000	0	1.00000	0
168	I	0.00000	0	1.00000	0
169	A	0.00000	0	1.00000	0
170	I	0.00000	0	1.00000	0
171	P	0.00000	2e-05	0.99998	0
172	I	0.00000	0.00015	0.99985	0
173	P	0.00000	0.03386	0.96614	0
174	I	0.00000	0.16021	0.83979	0
175	K	0.00000	0.96873	0.03127	0
176	G	0.00000	0.98131	0.01869	0
177	L	0.00000	0.98631	0.01369	0
178	Q	0.00000	0.99766	0.00234	0
179	D	0.00000	1	0.00000	0
180	E	0.00000	1	0.00000	0
181	S	0.00000	1	0.00000	0
182	N	0.00000	1	0.00000	0
183	T	0.00000	1	0.00000	0
184	F	0.00000	1	0.00000	0
185	I	0.00000	1	0.00000	0
186	N	0.00000	1	0.00000	0
187	K	0.00000	1	0.00000	0
188	T	0.00000	1	0.00000	0
189	C	0.00000	1	0.00000	0
190	F	0.00000	1	0.00000	0
191	L	0.00000	1	0.00000	0
192	K	0.00000	1	0.00000	0
193	T	0.00000	0.99998	0.00002	0
194	E	0.00000	0.99997	0.00003	0
195	H	0.00000	0.99993	0.00007	0
196	F	0.00000	0.99965	0.00035	0
197	R	0.00000	0.99953	0.00047	0
198	E	0.00000	0.9204	0.07960	0
199	F	0.00000	0.00778	0.99222	0
200	I	0.00000	0.0044	0.99560	0
201	I	0.00000	0.00097	0.99903	0
202	F	0.00000	0.00032	0.99968	0
203	G	0.00000	0.00029	0.99971	0
204	S	0.00000	0.00022	0.99978	0
205	L	0.00000	7e-05	0.99993	0
206	A	0.00000	0	1.00000	0
207	A	0.00000	0	1.00000	0
208	F	0.00000	0	1.00000	0
209	F	0.00000	0	1.00000	0
210	V	0.00000	0	1.00000	0
211	P	0.00000	0	1.00000	0
212	L	0.00000	0	1.00000	0
213	G	0.00000	0	1.00000	0
214	I	0.00000	0	1.00000	0
215	M	0.00000	0	1.00000	0
216	M	0.00000	0	1.00000	0
217	V	0.00000	0	1.00000	0
218	I	0.00000	0	1.00000	0
219	Y	0.00001	0	0.99999	0
220	L	0.00052	0	0.99948	0
221	L	0.01624	0	0.98376	0
222	T	0.25716	0	0.74284	0
223	I	0.38212	0	0.61788	0
224	Q	0.98495	0	0.01505	0
225	V	0.98692	0	0.01308	0
226	L	0.99149	0	0.00851	0
227	R	0.99961	0	0.00039	0
228	K	0.99998	0	0.00002	0
229	K	0.99999	0	0.00001	0
230	A	0.99999	0	0.00001	0
231	Y	1.00000	0	0.00000	0
232	L	1.00000	0	0.00000	0
233	I	1.00000	0	0.00000	0
234	K	1.00000	0	0.00000	0
235	N	1.00000	0	0.00000	0
236	L	1.00000	0	0.00000	0
237	P	1.00000	0	0.00000	0
238	P	1.00000	0	0.00000	0
239	Q	1.00000	0	0.00000	0
240	R	1.00000	0	0.00000	0
241	L	1.00000	0	0.00000	0
242	N	1.00000	0	0.00000	0
243	W	1.00000	0	0.00000	0
244	S	1.00000	0	0.00000	0
245	T	1.00000	0	0.00000	0
246	I	1.00000	0	0.00000	0
247	S	1.00000	0	0.00000	0
248	T	1.00000	0	0.00000	0
249	V	1.00000	0	0.00000	0
250	F	1.00000	0	0.00000	0
251	Q	1.00000	0	0.00000	0
252	Q	1.00000	0	0.00000	0
253	D	1.00000	0	0.00000	0
254	I	1.00000	0	0.00000	0
255	S	1.00000	0	0.00000	0
256	P	1.00000	0	0.00000	0
257	T	1.00000	0	0.00000	0
258	S	1.00000	0	0.00000	0
259	S	1.00000	0	0.00000	0
260	P	1.00000	0	0.00000	0
261	E	1.00000	0	0.00000	0
262	K	1.00000	0	0.00000	0
263	V	1.00000	0	0.00000	0
264	A	1.00000	0	0.00000	0
265	M	1.00000	0	0.00000	0
266	L	1.00000	0	0.00000	0
267	D	1.00000	0	0.00000	0
268	G	1.00000	0	0.00000	0
269	S	1.00000	0	0.00000	0
270	R	1.00000	0	0.00000	0
271	K	1.00000	0	0.00000	0
272	E	1.00000	0	0.00000	0
273	K	1.00000	0	0.00000	0
274	S	1.00000	0	0.00000	0
275	L	1.00000	0	0.00000	0
276	A	1.00000	0	0.00000	0
277	T	1.00000	0	0.00000	0
278	S	1.00000	0	0.00000	0
279	N	1.00000	0	0.00000	0
280	E	1.00000	0	0.00000	0
281	E	1.00000	0	0.00000	0
282	T	1.00000	0	0.00000	0
283	P	1.00000	0	0.00000	0
284	I	1.00000	0	0.00000	0
285	R	1.00000	0	0.00000	0
286	R	1.00000	0	0.00000	0
287	L	1.00000	0	0.00000	0
288	S	1.00000	0	0.00000	0
289	T	1.00000	0	0.00000	0
290	V	1.00000	0	0.00000	0
291	G	1.00000	0	0.00000	0
292	K	1.00000	0	0.00000	0
293	K	1.00000	0	0.00000	0
294	S	1.00000	0	0.00000	0
295	M	1.00000	0	0.00000	0
296	H	1.00000	0	0.00000	0
297	T	1.00000	0	0.00000	0
298	I	1.00000	0	0.00000	0
299	S	1.00000	0	0.00000	0
300	N	1.00000	0	0.00000	0
301	E	1.00000	0	0.00000	0
302	E	1.00000	0	0.00000	0
303	R	0.99928	0	0.00072	0
304	A	0.30381	0	0.69619	0
305	S	0.30118	0	0.69882	0
306	K	0.03490	0	0.96510	0
307	V	0.00369	0	0.99631	0
308	L	0.00057	0	0.99943	0
309	G	0.00051	0	0.99949	0
310	I	0.00018	0	0.99982	0
311	V	0.00001	0	0.99999	0
312	F	0.00000	0	1.00000	0
313	F	0.00000	0	1.00000	0
314	L	0.00000	0	1.00000	0
315	F	0.00000	0	1.00000	0
316	V	0.00000	0	1.00000	0
317	V	0.00000	0	1.00000	0
318	M	0.00000	0	1.00000	0
319	W	0.00000	0	1.00000	0
320	C	0.00000	0	1.00000	0
321	P	0.00000	0	1.00000	0
322	F	0.00000	0	1.00000	0
323	F	0.00000	1e-05	0.99999	0
324	I	0.00000	0.00055	0.99945	0
325	T	0.00000	0.00979	0.99021	0
326	N	0.00000	0.13243	0.86757	0
327	I	0.00000	0.18896	0.81104	0
328	T	0.00000	0.41913	0.58087	0
329	S	0.00000	0.53978	0.46022	0
330	A	0.00000	0.59585	0.40415	0
331	L	0.00000	0.7042	0.29580	0
332	C	0.00000	0.97965	0.02035	0
333	K	0.00000	0.99982	0.00018	0
334	S	0.00000	0.99995	0.00005	0
335	C	0.00000	1	0.00000	0
336	S	0.00000	1	0.00000	0
337	E	0.00000	1	0.00000	0
338	E	0.00000	0.99998	0.00002	0
339	I	0.00000	0.99973	0.00027	0
340	I	0.00000	0.99906	0.00094	0
341	G	0.00000	0.99537	0.00463	0
342	M	0.00000	0.81268	0.18732	0
343	L	0.00000	0.77866	0.22134	0
344	M	0.00000	0.76108	0.23892	0
345	E	0.00000	0.57757	0.42243	0
346	V	0.00000	0.00414	0.99586	0
347	F	0.00000	0.00016	0.99984	0
348	V	0.00000	0	1.00000	0
349	W	0.00000	0	1.00000	0
350	V	0.00000	0	1.00000	0
351	G	0.00000	0	1.00000	0
352	Y	0.00000	0	1.00000	0
353	I	0.00000	0	1.00000	0
354	A	0.00000	0	1.00000	0
355	S	0.00000	0	1.00000	0
356	G	0.00000	0	1.00000	0
357	V	0.00000	0	1.00000	0
358	N	0.00000	0	1.00000	0
359	P	0.00000	0	1.00000	0
360	L	0.00000	0	1.00000	0
361	V	0.00002	0	0.99998	0
362	Y	0.00054	0	0.99946	0
363	T	0.00364	0	0.99636	0
364	L	0.00940	0	0.99060	0
365	F	0.15110	0	0.84890	0
366	N	0.61751	0	0.38249	0
367	K	1.00000	0	0.00000	0
368	T	1.00000	0	0.00000	0
369	F	1.00000	0	0.00000	0
370	R	1.00000	0	0.00000	0
371	E	1.00000	0	0.00000	0
372	A	1.00000	0	0.00000	0
373	F	1.00000	0	0.00000	0
374	S	1.00000	0	0.00000	0
375	R	1.00000	0	0.00000	0
376	Y	1.00000	0	0.00000	0
377	I	1.00000	0	0.00000	0
378	T	1.00000	0	0.00000	0
379	C	1.00000	0	0.00000	0
380	N	1.00000	0	0.00000	0
381	Y	1.00000	0	0.00000	0
382	Q	1.00000	0	0.00000	0
383	T	1.00000	0	0.00000	0
384	I	1.00000	0	0.00000	0
385	K	1.00000	0	0.00000	0
386	P	1.00000	0	0.00000	0
387	I	1.00000	0	0.00000	0
388	K	1.00000	0	0.00000	0
389	A	1.00000	0	0.00000	0
390	L	1.00000	0	0.00000	0
391	Q	1.00000	0	0.00000	0
392	R	1.00000	0	0.00000	0
393	W	1.00000	0	0.00000	0
394	S	1.00000	0	0.00000	0
395	S	1.00000	0	0.00000	0
396	R	1.00000	0	0.00000	0
397	I	1.00000	0	0.00000	0
398	S	1.00000	0	0.00000	0
399	F	1.00000	0	0.00000	0
400	R	1.00000	0	0.00000	0
401	N	1.00000	0	0.00000	0
402	S	1.00000	0	0.00000	0
403	V	1.00000	0	0.00000	0
404	T	1.00000	0	0.00000	0
405	E	1.00000	0	0.00000	0
406	N	1.00000	0	0.00000	0
407	S	1.00000	0	0.00000	0
408	K	1.00000	0	0.00000	0
409	L	1.00000	0	0.00000	0
410	F	1.00000	0	0.00000	0
411	M	1.00000	0	0.00000	0
412	K	1.00000	0	0.00000	0
413	H	1.00000	0	0.00000	0
414	G	1.00000	0	0.00000	0
415	V	1.00000	0	0.00000	0
416	R	1.00000	0	0.00000	0
417	N	1.00000	0	0.00000	0
418	G	1.00000	0	0.00000	0
419	I	1.00000	0	0.00000	0
420	S	1.00000	0	0.00000	0
421	P	1.00000	0	0.00000	0
422	G	1.00000	0	0.00000	0
423	M	1.00000	0	0.00000	0
424	Y	1.00000	0	0.00000	0
425	Q	1.00000	0	0.00000	0
426	S	1.00000	0	0.00000	0
427	P	1.00000	0	0.00000	0
428	L	1.00000	0	0.00000	0
429	R	1.00000	0	0.00000	0
430	L	1.00000	0	0.00000	0
431	R	1.00000	0	0.00000	0
432	S	1.00000	0	0.00000	0
433	T	1.00000	0	0.00000	0
434	P	1.00000	0	0.00000	0
435	I	1.00000	0	0.00000	0
436	Q	1.00000	0	0.00000	0
437	S	1.00000	0	0.00000	0
438	S	1.00000	0	0.00000	0
439	T	1.00000	0	0.00000	0
440	T	1.00000	0	0.00000	0
441	I	1.00000	0	0.00000	0
442	L	1.00000	0	0.00000	0
443	L	1.00000	0	0.00000	0
444	D	1.00000	0	0.00000	0
445	T	1.00000	0	0.00000	0
446	L	1.00000	0	0.00000	0
447	L	1.00000	0	0.00000	0
448	L	1.00000	0	0.00000	0
449	T	1.00000	0	0.00000	0
450	E	1.00000	0	0.00000	0
451	N	1.00000	0	0.00000	0
452	E	1.00000	0	0.00000	0
453	V	1.00000	0	0.00000	0
454	D	1.00000	0	0.00000	0
455	K	1.00000	0	0.00000	0
456	T	1.00000	0	0.00000	0
457	E	1.00000	0	0.00000	0
458	Q	1.00000	0	0.00000	0
459	V	1.00000	0	0.00000	0
460	S	1.00000	0	0.00000	0
461	Y	1.00000	0	0.00000	0
462	V	1.00000	0	0.00000	0
