# UNNAMED
#pos	aa	i	o	M	S
1	M	0.00000	1	0.00000	0
2	E	0.00000	1	0.00000	0
3	D	0.00000	1	0.00000	0
4	D	0.00000	1	0.00000	0
5	L	0.00000	1	0.00000	0
6	G	0.00000	1	0.00000	0
7	A	0.00000	1	0.00000	0
8	P	0.00000	1	0.00000	0
9	N	0.00000	1	0.00000	0
10	A	0.00000	1	0.00000	0
11	S	0.00000	1	0.00000	0
12	M	0.00000	1	0.00000	0
13	L	0.00000	1	0.00000	0
14	G	0.00000	1	0.00000	0
15	E	0.00000	1	0.00000	0
16	H	0.00000	0.99995	0.00005	0
17	S	0.00000	0.99988	0.00012	0
18	L	0.00000	0.99964	0.00036	0
19	L	0.00000	0.99951	0.00049	0
20	V	0.00000	0.98786	0.01214	0
21	G	0.00000	0.9832	0.01680	0
22	S	0.00000	0.9698	0.03020	0
23	S	0.00000	0.90657	0.09343	0
24	W	0.00000	0.33841	0.66159	0
25	M	0.00000	0.23305	0.76695	0
26	A	0.00000	0.18212	0.81788	0
27	A	0.00000	0.11284	0.88716	0
28	F	0.00000	0.02719	0.97281	0
29	L	0.00000	0.0044	0.99560	0
30	C	0.00000	0.0018	0.99820	0
31	F	0.00000	5e-05	0.99995	0
32	I	0.00000	0	1.00000	0
33	I	0.00000	0	1.00000	0
34	L	0.00000	0	1.00000	0
35	L	0.00000	0	1.00000	0
36	T	0.00000	0	1.00000	0
37	T	0.00000	0	1.00000	0
38	A	0.00000	0	1.00000	0
39	G	0.00000	0	1.00000	0
40	N	0.00000	0	1.00000	0
41	F	0.00000	0	1.00000	0
42	L	0.00000	0	1.00000	0
43	L	0.00000	0	1.00000	0
44	I	0.00000	0	1.00000	0
45	L	0.00009	0	0.99991	0
46	L	0.00322	0	0.99678	0
47	I	0.01389	0	0.98611	0
48	I	0.12145	0	0.87855	0
49	T	0.92751	0	0.07249	0
50	Q	0.99865	0	0.00135	0
51	R	0.99997	0	0.00003	0
52	S	1.00000	0	0.00000	0
53	L	1.00000	0	0.00000	0
54	R	1.00000	0	0.00000	0
55	N	0.99937	0	0.00063	0
56	T	0.99651	0	0.00349	0
57	S	0.90526	0	0.09474	0
58	N	0.26464	0	0.73536	0
59	Y	0.10643	0	0.89357	0
60	F	0.01262	0	0.98738	0
61	L	0.00172	0	0.99828	0
62	V	0.00005	0	0.99995	0
63	S	0.00000	0	1.00000	0
64	L	0.00000	0	1.00000	0
65	F	0.00000	0	1.00000	0
66	M	0.00000	0	1.00000	0
67	S	0.00000	0	1.00000	0
68	D	0.00000	0	1.00000	0
69	L	0.00000	0	1.00000	0
70	M	0.00000	0	1.00000	0
71	V	0.00000	0	1.00000	0
72	G	0.00000	0	1.00000	0
73	L	0.00000	0	1.00000	0
74	V	0.00000	0	1.00000	0
75	V	0.00000	1e-05	0.99999	0
76	M	0.00000	0.00028	0.99972	0
77	P	0.00000	0.00589	0.99411	0
78	P	0.00000	0.01989	0.98011	0
79	A	0.00000	0.08989	0.91011	0
80	M	0.00000	0.17695	0.82305	0
81	L	0.00000	0.49216	0.50784	0
82	N	0.00000	0.99997	0.00003	0
83	Q	0.00000	1	0.00000	0
84	L	0.00000	1	0.00000	0
85	Y	0.00000	1	0.00000	0
86	G	0.00000	1	0.00000	0
87	R	0.00000	1	0.00000	0
88	W	0.00000	1	0.00000	0
89	V	0.00000	1	0.00000	0
90	L	0.00000	1	0.00000	0
91	R	0.00000	1	0.00000	0
92	G	0.00000	1	0.00000	0
93	D	0.00000	1	0.00000	0
94	F	0.00000	0.99998	0.00002	0
95	C	0.00000	0.99996	0.00004	0
96	S	0.00000	0.99984	0.00016	0
97	L	0.00000	0.99848	0.00152	0
98	W	0.00000	0.86316	0.13684	0
99	Y	0.00000	0.21581	0.78419	0
100	S	0.00000	0.02069	0.97931	0
101	F	0.00000	0.00011	0.99989	0
102	D	0.00000	2e-05	0.99998	0
103	V	0.00000	0	1.00000	0
104	M	0.00000	0	1.00000	0
105	C	0.00000	0	1.00000	0
106	C	0.00000	0	1.00000	0
107	S	0.00000	0	1.00000	0
108	A	0.00000	0	1.00000	0
109	S	0.00000	0	1.00000	0
110	I	0.00000	0	1.00000	0
111	L	0.00000	0	1.00000	0
112	N	0.00000	0	1.00000	0
113	L	0.00000	0	1.00000	0
114	C	0.00000	0	1.00000	0
115	I	0.00000	0	1.00000	0
116	I	0.00000	0	1.00000	0
117	S	0.00000	0	1.00000	0
118	L	0.00000	0	1.00000	0
119	D	0.00007	0	0.99993	0
120	R	0.09270	0	0.90730	0
121	Y	0.56281	0	0.43719	0
122	L	0.92061	0	0.07939	0
123	L	0.97292	0	0.02708	0
124	I	1.00000	0	0.00000	0
125	I	1.00000	0	0.00000	0
126	S	1.00000	0	0.00000	0
127	P	1.00000	0	0.00000	0
128	L	1.00000	0	0.00000	0
129	K	1.00000	0	0.00000	0
130	Y	1.00000	0	0.00000	0
131	K	1.00000	0	0.00000	0
132	L	1.00000	0	0.00000	0
133	R	1.00000	0	0.00000	0
134	M	0.98904	0	0.01096	0
135	T	0.95255	0	0.04745	0
136	S	0.72925	0	0.27075	0
137	C	0.07007	0	0.92993	0
138	R	0.05975	0	0.94025	0
139	A	0.00963	0	0.99037	0
140	L	0.00159	0	0.99841	0
141	W	0.00081	0	0.99919	0
142	L	0.00058	0	0.99942	0
143	I	0.00000	0	1.00000	0
144	L	0.00000	0	1.00000	0
145	A	0.00000	0	1.00000	0
146	T	0.00000	0	1.00000	0
147	W	0.00000	0	1.00000	0
148	T	0.00000	0	1.00000	0
149	L	0.00000	0	1.00000	0
150	A	0.00000	0	1.00000	0
151	A	0.00000	0	1.00000	0
152	L	0.00000	0	1.00000	0
153	A	0.00000	2e-05	0.99998	0
154	S	0.00000	0.00093	0.99907	0
155	F	0.00000	0.00312	0.99688	0
156	L	0.00000	0.03314	0.96686	0
157	P	0.00000	0.35281	0.64719	0
158	I	0.00000	0.5383	0.46170	0
159	K	0.00000	0.96916	0.03084	0
160	M	0.00000	0.97449	0.02551	0
161	G	0.00000	0.99312	0.00688	0
162	W	0.00000	0.9961	0.00390	0
163	H	0.00000	0.99935	0.00065	0
164	E	0.00000	0.99998	0.00002	0
165	L	0.00000	0.99999	0.00001	0
166	E	0.00000	1	0.00000	0
167	F	0.00000	1	0.00000	0
168	E	0.00000	1	0.00000	0
169	V	0.00000	1	0.00000	0
170	R	0.00000	1	0.00000	0
171	S	0.00000	1	0.00000	0
172	P	0.00000	1	0.00000	0
173	N	0.00000	1	0.00000	0
174	V	0.00000	1	0.00000	0
175	T	0.00000	1	0.00000	0
176	S	0.00000	1	0.00000	0
177	Q	0.00000	1	0.00000	0
178	G	0.00000	1	0.00000	0
179	D	0.00000	1	0.00000	0
180	E	0.00000	1	0.00000	0
181	D	0.00000	1	0.00000	0
182	Q	0.00000	1	0.00000	0
183	C	0.00000	0.99983	0.00017	0
184	R	0.00000	0.99975	0.00025	0
185	L	0.00000	0.69309	0.30691	0
186	L	0.00000	0.67704	0.32296	0
187	V	0.00000	0.6697	0.33030	0
188	S	0.00000	0.66825	0.33175	0
189	L	0.00000	0.63015	0.36985	0
190	P	0.00000	0.61848	0.38152	0
191	Y	0.00000	0.11495	0.88505	0
192	A	0.00000	0.00098	0.99902	0
193	L	0.00000	0.00052	0.99948	0
194	V	0.00000	4e-05	0.99996	0
195	A	0.00000	1e-05	0.99999	0
196	S	0.00000	1e-05	0.99999	0
197	C	0.00000	1e-05	0.99999	0
198	L	0.00000	0	1.00000	0
199	T	0.00000	0	1.00000	0
200	F	0.00000	0	1.00000	0
201	F	0.00000	0	1.00000	0
202	L	0.00000	0	1.00000	0
203	P	0.00000	0	1.00000	0
204	S	0.00000	0	1.00000	0
205	A	0.00000	0	1.00000	0
206	A	0.00000	0	1.00000	0
207	I	0.00004	0	0.99996	0
208	S	0.00075	0	0.99925	0
209	F	0.00427	0	0.99573	0
210	T	0.09669	0	0.90331	0
211	Y	0.11857	0	0.88143	0
212	C	0.19383	0	0.80617	0
213	R	0.30952	0	0.69048	0
214	I	0.31898	0	0.68102	0
215	L	0.36497	0	0.63503	0
216	L	0.68360	0	0.31640	0
217	A	0.87941	0	0.12059	0
218	A	0.99929	0	0.00071	0
219	R	0.99999	0	0.00001	0
220	K	1.00000	0	0.00000	0
221	Q	1.00000	0	0.00000	0
222	A	1.00000	0	0.00000	0
223	V	1.00000	0	0.00000	0
224	Q	1.00000	0	0.00000	0
225	V	1.00000	0	0.00000	0
226	A	1.00000	0	0.00000	0
227	S	1.00000	0	0.00000	0
228	L	1.00000	0	0.00000	0
229	A	1.00000	0	0.00000	0
230	S	1.00000	0	0.00000	0
231	N	1.00000	0	0.00000	0
232	V	1.00000	0	0.00000	0
233	A	1.00000	0	0.00000	0
234	T	1.00000	0	0.00000	0
235	A	1.00000	0	0.00000	0
236	T	1.00000	0	0.00000	0
237	T	1.00000	0	0.00000	0
238	T	1.00000	0	0.00000	0
239	E	1.00000	0	0.00000	0
240	T	1.00000	0	0.00000	0
241	T	1.00000	0	0.00000	0
242	P	1.00000	0	0.00000	0
243	Q	1.00000	0	0.00000	0
244	V	1.00000	0	0.00000	0
245	P	1.00000	0	0.00000	0
246	R	1.00000	0	0.00000	0
247	A	1.00000	0	0.00000	0
248	P	1.00000	0	0.00000	0
249	S	1.00000	0	0.00000	0
250	Q	1.00000	0	0.00000	0
251	P	1.00000	0	0.00000	0
252	A	1.00000	0	0.00000	0
253	A	1.00000	0	0.00000	0
254	G	1.00000	0	0.00000	0
255	S	1.00000	0	0.00000	0
256	E	1.00000	0	0.00000	0
257	S	1.00000	0	0.00000	0
258	R	1.00000	0	0.00000	0
259	R	1.00000	0	0.00000	0
260	F	1.00000	0	0.00000	0
261	A	1.00000	0	0.00000	0
262	T	1.00000	0	0.00000	0
263	K	1.00000	0	0.00000	0
264	H	1.00000	0	0.00000	0
265	S	0.99954	0	0.00046	0
266	K	0.97850	0	0.02150	0
267	K	0.49594	0	0.50406	0
268	A	0.49194	0	0.50806	0
269	L	0.26861	0	0.73139	0
270	K	0.26798	0	0.73202	0
271	A	0.03283	0	0.96717	0
272	S	0.03223	0	0.96777	0
273	L	0.03152	0	0.96848	0
274	T	0.03139	0	0.96861	0
275	L	0.00079	0	0.99921	0
276	G	0.00009	0	0.99991	0
277	I	0.00000	0	1.00000	0
278	L	0.00000	0	1.00000	0
279	L	0.00000	0	1.00000	0
280	G	0.00000	0	1.00000	0
281	M	0.00000	0	1.00000	0
282	F	0.00000	0	1.00000	0
283	F	0.00000	0	1.00000	0
284	V	0.00000	0	1.00000	0
285	A	0.00000	0	1.00000	0
286	W	0.00000	4e-05	0.99996	0
287	L	0.00000	0.00031	0.99969	0
288	P	0.00000	0.00493	0.99507	0
289	F	0.00000	0.00815	0.99185	0
290	F	0.00000	0.0385	0.96150	0
291	V	0.00000	0.16407	0.83593	0
292	T	0.00000	0.53266	0.46734	0
293	N	0.00000	0.73771	0.26229	0
294	V	0.00000	0.78505	0.21495	0
295	T	0.00000	0.89513	0.10487	0
296	Q	0.00000	0.94087	0.05913	0
297	A	0.00000	0.94788	0.05212	0
298	V	0.00000	0.96264	0.03736	0
299	C	0.00000	0.98889	0.01111	0
300	S	0.00000	0.9914	0.00860	0
301	C	0.00000	0.9922	0.00780	0
302	V	0.00000	0.99222	0.00778	0
303	P	0.00000	0.99224	0.00776	0
304	A	0.00000	0.99221	0.00779	0
305	G	0.00000	0.99216	0.00784	0
306	F	0.00000	0.98961	0.01039	0
307	F	0.00000	0.98843	0.01157	0
308	D	0.00000	0.94593	0.05407	0
309	V	0.00000	0.00887	0.99113	0
310	L	0.00000	0.00028	0.99972	0
311	T	0.00001	0	0.99999	0
312	W	0.00001	0	0.99999	0
313	L	0.00002	0	0.99998	0
314	G	0.00038	0	0.99962	0
315	Y	0.00127	0	0.99873	0
316	C	0.00524	0	0.99476	0
317	N	0.00763	0	0.99237	0
318	S	0.00766	0	0.99234	0
319	T	0.00767	0	0.99233	0
320	M	0.00768	0	0.99232	0
321	N	0.00768	0	0.99232	0
322	P	0.00768	0	0.99232	0
323	I	0.00769	0	0.99231	0
324	I	0.00769	0	0.99231	0
325	Y	0.00769	0	0.99231	0
326	P	0.00771	0	0.99229	0
327	L	0.00792	0	0.99208	0
328	F	0.01428	0	0.98572	0
329	M	0.18431	0	0.81569	0
330	R	1.00000	0	0.00000	0
331	D	1.00000	0	0.00000	0
332	F	1.00000	0	0.00000	0
333	K	1.00000	0	0.00000	0
334	R	1.00000	0	0.00000	0
335	A	1.00000	0	0.00000	0
336	M	1.00000	0	0.00000	0
337	V	1.00000	0	0.00000	0
338	S	1.00000	0	0.00000	0
339	P	1.00000	0	0.00000	0
340	N	1.00000	0	0.00000	0
341	L	1.00000	0	0.00000	0
342	G	1.00000	0	0.00000	0
343	R	1.00000	0	0.00000	0
344	L	1.00000	0	0.00000	0
345	T	1.00000	0	0.00000	0
346	L	1.00000	0	0.00000	0
347	P	1.00000	0	0.00000	0
348	P	1.00000	0	0.00000	0
349	A	1.00000	0	0.00000	0
350	S	1.00000	0	0.00000	0
351	G	1.00000	0	0.00000	0
352	S	1.00000	0	0.00000	0
353	L	1.00000	0	0.00000	0
354	N	1.00000	0	0.00000	0
355	F	1.00000	0	0.00000	0
356	R	1.00000	0	0.00000	0
357	V	1.00000	0	0.00000	0
358	S	1.00000	0	0.00000	0
359	T	1.00000	0	0.00000	0
360	R	1.00000	0	0.00000	0
361	V	1.00000	0	0.00000	0
362	S	1.00000	0	0.00000	0
363	D	1.00000	0	0.00000	0
364	R	1.00000	0	0.00000	0
365	T	1.00000	0	0.00000	0
366	E	1.00000	0	0.00000	0
367	G	1.00000	0	0.00000	0
368	K	1.00000	0	0.00000	0
369	K	1.00000	0	0.00000	0
370	G	1.00000	0	0.00000	0
371	R	1.00000	0	0.00000	0
372	Q	1.00000	0	0.00000	0
373	P	1.00000	0	0.00000	0
374	E	1.00000	0	0.00000	0
375	P	1.00000	0	0.00000	0
376	Y	1.00000	0	0.00000	0
377	A	1.00000	0	0.00000	0
378	C	1.00000	0	0.00000	0
379	P	1.00000	0	0.00000	0
380	V	1.00000	0	0.00000	0
381	S	1.00000	0	0.00000	0
382	G	1.00000	0	0.00000	0
383	A	1.00000	0	0.00000	0
384	A	1.00000	0	0.00000	0
385	A	1.00000	0	0.00000	0
386	G	1.00000	0	0.00000	0
387	T	1.00000	0	0.00000	0
388	P	1.00000	0	0.00000	0
389	R	1.00000	0	0.00000	0
390	R	1.00000	0	0.00000	0
391	T	1.00000	0	0.00000	0
