# UNNAMED
#pos	aa	i	o	M	S
1	M	0.00000	0.99896	0.00000	0.00104
2	V	0.00000	0.99896	0.00000	0.00104
3	A	0.00000	0.99896	0.00000	0.00104
4	G	0.00000	0.99896	0.00000	0.00104
5	S	0.00000	0.99896	0.00000	0.00104
6	M	0.00000	0.99896	0.00000	0.00104
7	N	0.00000	0.99896	0.00000	0.00104
8	R	0.00000	0.99896	0.00000	0.00104
9	L	0.00000	0.99896	0.00000	0.00104
10	P	0.00000	0.99896	0.00000	0.00103
11	C	0.00000	0.99896	0.00000	0.00104
12	S	0.00000	0.99896	0.00000	0.00103
13	S	0.00000	0.99896	0.00000	0.00104
14	C	0.00000	0.99901	0.00000	0.00098
15	C	0.00000	0.9991	0.00000	0.0009
16	S	0.00000	0.99914	0.00000	0.00087
17	S	0.00000	1	0.00000	0
18	P	0.00000	1	0.00000	0
19	R	0.00000	1	0.00000	0
20	Y	0.00000	1	0.00000	0
21	K	0.00000	1	0.00000	0
22	K	0.00000	1	0.00000	0
23	H	0.00000	1	0.00000	0
24	A	0.00000	1	0.00000	0
25	C	0.00000	1	0.00000	0
26	R	0.00000	1	0.00000	0
27	A	0.00000	1	0.00000	0
28	P	0.00000	1	0.00000	0
29	Q	0.00000	1	0.00000	0
30	H	0.00000	1	0.00000	0
31	T	0.00000	0.99998	0.00002	0
32	V	0.00000	0.99997	0.00003	0
33	S	0.00000	0.99996	0.00004	0
34	P	0.00000	0.99986	0.00014	0
35	R	0.00000	0.99767	0.00233	0
36	A	0.00000	0.85998	0.14002	0
37	L	0.00000	0.76646	0.23354	0
38	T	0.00000	0.71867	0.28133	0
39	P	0.00000	0.64383	0.35617	0
40	V	0.00000	0.40525	0.59475	0
41	M	0.00000	0.28537	0.71463	0
42	L	0.00000	0.06565	0.93435	0
43	T	0.00000	0.01419	0.98581	0
44	V	0.00000	0.00167	0.99833	0
45	I	0.00000	2e-05	0.99998	0
46	V	0.00000	0	1.00000	0
47	X	0.00000	0	1.00000	0
48	X	0.00000	0	1.00000	0
49	T	0.00000	0	1.00000	0
50	L	0.00000	0	1.00000	0
51	F	0.00000	0	1.00000	0
52	G	0.00000	0	1.00000	0
53	N	0.00000	0	1.00000	0
54	V	0.00000	0	1.00000	0
55	L	0.00000	0	1.00000	0
56	V	0.00000	0	1.00000	0
57	C	0.00001	0	0.99999	0
58	A	0.00022	0	0.99978	0
59	A	0.00424	0	0.99576	0
60	I	0.01469	0	0.98531	0
61	V	0.18050	0	0.81950	0
62	R	0.85141	0	0.14859	0
63	Y	0.88602	0	0.11398	0
64	R	0.99516	0	0.00484	0
65	H	0.99891	0	0.00109	0
66	L	0.99955	0	0.00045	0
67	R	1.00000	0	0.00000	0
68	S	1.00000	0	0.00000	0
69	K	0.99973	0	0.00027	0
70	V	0.96860	0	0.03140	0
71	T	0.84214	0	0.15786	0
72	N	0.12110	0	0.87890	0
73	I	0.00876	0	0.99124	0
74	F	0.00008	0	0.99992	0
75	I	0.00000	0	1.00000	0
76	V	0.00000	0	1.00000	0
77	S	0.00000	0	1.00000	0
78	L	0.00000	0	1.00000	0
79	A	0.00000	0	1.00000	0
80	V	0.00000	0	1.00000	0
81	S	0.00000	0	1.00000	0
82	D	0.00000	0	1.00000	0
83	L	0.00000	0	1.00000	0
84	L	0.00000	0	1.00000	0
85	V	0.00000	0	1.00000	0
86	A	0.00000	0	1.00000	0
87	L	0.00000	0	1.00000	0
88	L	0.00000	0	1.00000	0
89	V	0.00000	1e-05	0.99999	0
90	M	0.00000	0.00042	0.99958	0
91	P	0.00000	0.00725	0.99275	0
92	W	0.00000	0.07139	0.92861	0
93	K	0.00000	0.42073	0.57927	0
94	A	0.00000	0.6072	0.39280	0
95	V	0.00000	0.77247	0.22753	0
96	A	0.00000	0.99982	0.00018	0
97	E	0.00000	1	0.00000	0
98	V	0.00000	1	0.00000	0
99	A	0.00000	1	0.00000	0
100	G	0.00000	1	0.00000	0
101	Y	0.00000	1	0.00000	0
102	W	0.00000	1	0.00000	0
103	P	0.00000	1	0.00000	0
104	F	0.00000	1	0.00000	0
105	G	0.00000	1	0.00000	0
106	A	0.00000	1	0.00000	0
107	F	0.00000	1	0.00000	0
108	C	0.00000	1	0.00000	0
109	N	0.00000	0.99999	0.00001	0
110	V	0.00000	0.99786	0.00214	0
111	W	0.00000	0.81072	0.18928	0
112	V	0.00000	0.09105	0.90895	0
113	A	0.00000	0.00251	0.99749	0
114	F	0.00000	5e-05	0.99995	0
115	D	0.00000	1e-05	0.99999	0
116	I	0.00000	0	1.00000	0
117	M	0.00000	0	1.00000	0
118	C	0.00000	0	1.00000	0
119	S	0.00000	0	1.00000	0
120	T	0.00000	0	1.00000	0
121	A	0.00000	0	1.00000	0
122	S	0.00000	0	1.00000	0
123	I	0.00000	0	1.00000	0
124	L	0.00000	0	1.00000	0
125	N	0.00000	0	1.00000	0
126	L	0.00000	0	1.00000	0
127	C	0.00000	0	1.00000	0
128	V	0.00000	0	1.00000	0
129	I	0.00000	0	1.00000	0
130	S	0.00000	0	1.00000	0
131	V	0.00000	0	1.00000	0
132	D	0.00007	0	0.99993	0
133	R	0.13206	0	0.86794	0
134	Y	0.48382	0	0.51618	0
135	W	0.83362	0	0.16638	0
136	A	0.99074	0	0.00926	0
137	I	1.00000	0	0.00000	0
138	S	1.00000	0	0.00000	0
139	S	1.00000	0	0.00000	0
140	P	1.00000	0	0.00000	0
141	F	1.00000	0	0.00000	0
142	R	1.00000	0	0.00000	0
143	Y	1.00000	0	0.00000	0
144	E	1.00000	0	0.00000	0
145	R	1.00000	0	0.00000	0
146	K	1.00000	0	0.00000	0
147	M	0.99996	0	0.00004	0
148	T	0.99988	0	0.00012	0
149	Q	0.99933	0	0.00067	0
150	R	0.92635	0	0.07365	0
151	L	0.15358	0	0.84642	0
152	A	0.01978	0	0.98022	0
153	L	0.00188	0	0.99812	0
154	V	0.00011	0	0.99989	0
155	M	0.00001	0	0.99999	0
156	I	0.00000	0	1.00000	0
157	S	0.00000	0	1.00000	0
158	V	0.00000	0	1.00000	0
159	A	0.00000	0	1.00000	0
160	W	0.00000	0	1.00000	0
161	A	0.00000	0	1.00000	0
162	L	0.00000	0	1.00000	0
163	S	0.00000	0	1.00000	0
164	V	0.00000	0	1.00000	0
165	L	0.00000	0	1.00000	0
166	I	0.00000	0	1.00000	0
167	S	0.00000	0	1.00000	0
168	F	0.00000	0	1.00000	0
169	I	0.00000	0.00026	0.99974	0
170	P	0.00000	0.022	0.97800	0
171	V	0.00000	0.07452	0.92548	0
172	Q	0.00000	0.50599	0.49401	0
173	L	0.00000	0.62809	0.37191	0
174	N	0.00000	0.96132	0.03868	0
175	W	0.00000	0.98214	0.01786	0
176	H	0.00000	0.99836	0.00164	0
177	K	0.00000	1	0.00000	0
178	G	0.00000	1	0.00000	0
179	G	0.00000	1	0.00000	0
180	D	0.00000	1	0.00000	0
181	V	0.00000	1	0.00000	0
182	V	0.00000	1	0.00000	0
183	A	0.00000	1	0.00000	0
184	A	0.00000	1	0.00000	0
185	A	0.00000	1	0.00000	0
186	D	0.00000	1	0.00000	0
187	I	0.00000	1	0.00000	0
188	E	0.00000	1	0.00000	0
189	D	0.00000	1	0.00000	0
190	G	0.00000	1	0.00000	0
191	F	0.00000	1	0.00000	0
192	G	0.00000	1	0.00000	0
193	T	0.00000	1	0.00000	0
194	A	0.00000	1	0.00000	0
195	W	0.00000	1	0.00000	0
196	A	0.00000	1	0.00000	0
197	A	0.00000	1	0.00000	0
198	A	0.00000	1	0.00000	0
199	G	0.00000	1	0.00000	0
200	A	0.00000	1	0.00000	0
201	V	0.00000	1	0.00000	0
202	T	0.00000	1	0.00000	0
203	T	0.00000	1	0.00000	0
204	W	0.00000	1	0.00000	0
205	A	0.00000	1	0.00000	0
206	E	0.00000	1	0.00000	0
207	D	0.00000	1	0.00000	0
208	R	0.00000	1	0.00000	0
209	S	0.00000	1	0.00000	0
210	T	0.00000	1	0.00000	0
211	T	0.00000	1	0.00000	0
212	W	0.00000	1	0.00000	0
213	A	0.00000	1	0.00000	0
214	A	0.00000	1	0.00000	0
215	L	0.00000	1	0.00000	0
216	A	0.00000	1	0.00000	0
217	A	0.00000	1	0.00000	0
218	V	0.00000	1	0.00000	0
219	R	0.00000	1	0.00000	0
220	P	0.00000	1	0.00000	0
221	S	0.00000	1	0.00000	0
222	D	0.00000	1	0.00000	0
223	G	0.00000	1	0.00000	0
224	T	0.00000	1	0.00000	0
225	S	0.00000	1	0.00000	0
226	G	0.00000	1	0.00000	0
227	S	0.00000	1	0.00000	0
228	N	0.00000	1	0.00000	0
229	D	0.00000	1	0.00000	0
230	T	0.00000	1	0.00000	0
231	L	0.00000	1	0.00000	0
232	T	0.00000	1	0.00000	0
233	G	0.00000	1	0.00000	0
234	P	0.00000	1	0.00000	0
235	S	0.00000	1	0.00000	0
236	E	0.00000	1	0.00000	0
237	S	0.00000	1	0.00000	0
238	C	0.00000	1	0.00000	0
239	D	0.00000	0.99999	0.00001	0
240	S	0.00000	0.99968	0.00032	0
241	S	0.00000	0.99764	0.00236	0
242	L	0.00000	0.99329	0.00671	0
243	N	0.00000	0.99293	0.00707	0
244	R	0.00000	0.95415	0.04585	0
245	T	0.00000	0.52775	0.47225	0
246	Y	0.00000	0.01711	0.98289	0
247	A	0.00000	0.00942	0.99058	0
248	I	0.00000	0.00651	0.99349	0
249	S	0.00000	0.00086	0.99914	0
250	S	0.00000	0.00072	0.99928	0
251	S	0.00000	6e-05	0.99994	0
252	L	0.00000	2e-05	0.99998	0
253	I	0.00000	0	1.00000	0
254	S	0.00000	0	1.00000	0
255	F	0.00000	0	1.00000	0
256	Y	0.00000	0	1.00000	0
257	I	0.00000	0	1.00000	0
258	P	0.00000	0	1.00000	0
259	V	0.00000	0	1.00000	0
260	A	0.00000	0	1.00000	0
261	I	0.00000	0	1.00000	0
262	M	0.00000	0	1.00000	0
263	I	0.00000	0	1.00000	0
264	V	0.00019	0	0.99981	0
265	T	0.00208	0	0.99792	0
266	Y	0.00463	0	0.99537	0
267	T	0.08008	0	0.91992	0
268	R	0.18227	0	0.81773	0
269	I	0.19253	0	0.80747	0
270	Y	0.25654	0	0.74346	0
271	R	0.96525	0	0.03475	0
272	I	0.97079	0	0.02921	0
273	A	0.99979	0	0.00021	0
274	Q	0.99999	0	0.00001	0
275	V	1.00000	0	0.00000	0
276	Q	1.00000	0	0.00000	0
277	I	1.00000	0	0.00000	0
278	R	1.00000	0	0.00000	0
279	R	1.00000	0	0.00000	0
280	I	1.00000	0	0.00000	0
281	S	1.00000	0	0.00000	0
282	S	1.00000	0	0.00000	0
283	L	1.00000	0	0.00000	0
284	E	1.00000	0	0.00000	0
285	R	1.00000	0	0.00000	0
286	A	1.00000	0	0.00000	0
287	A	1.00000	0	0.00000	0
288	E	1.00000	0	0.00000	0
289	H	1.00000	0	0.00000	0
290	A	1.00000	0	0.00000	0
291	Q	1.00000	0	0.00000	0
292	S	1.00000	0	0.00000	0
293	C	1.00000	0	0.00000	0
294	R	1.00000	0	0.00000	0
295	S	1.00000	0	0.00000	0
296	S	1.00000	0	0.00000	0
297	H	1.00000	0	0.00000	0
298	V	1.00000	0	0.00000	0
299	D	1.00000	0	0.00000	0
300	C	1.00000	0	0.00000	0
301	H	1.00000	0	0.00000	0
302	H	1.00000	0	0.00000	0
303	H	1.00000	0	0.00000	0
304	T	1.00000	0	0.00000	0
305	S	1.00000	0	0.00000	0
306	L	1.00000	0	0.00000	0
307	K	1.00000	0	0.00000	0
308	S	1.00000	0	0.00000	0
309	S	1.00000	0	0.00000	0
310	I	1.00000	0	0.00000	0
311	R	1.00000	0	0.00000	0
312	K	1.00000	0	0.00000	0
313	E	1.00000	0	0.00000	0
314	T	0.93645	0	0.06355	0
315	K	0.93488	0	0.06512	0
316	V	0.27464	0	0.72536	0
317	L	0.23990	0	0.76010	0
318	K	0.23955	0	0.76045	0
319	T	0.20616	0	0.79384	0
320	L	0.00477	0	0.99523	0
321	S	0.00107	0	0.99893	0
322	V	0.00057	0	0.99943	0
323	I	0.00004	0	0.99996	0
324	M	0.00000	0	1.00000	0
325	G	0.00000	0	1.00000	0
326	V	0.00000	0	1.00000	0
327	F	0.00000	0	1.00000	0
328	V	0.00000	0	1.00000	0
329	C	0.00000	0	1.00000	0
330	C	0.00000	0	1.00000	0
331	W	0.00000	0	1.00000	0
332	L	0.00000	0	1.00000	0
333	P	0.00000	0	1.00000	0
334	F	0.00000	0	1.00000	0
335	F	0.00000	1e-05	0.99999	0
336	I	0.00000	0.0024	0.99760	0
337	L	0.00000	0.02991	0.97009	0
338	N	0.00000	0.29053	0.70947	0
339	C	0.00000	0.40078	0.59922	0
340	M	0.00000	0.41423	0.58577	0
341	V	0.00000	0.48549	0.51451	0
342	P	0.00000	0.67004	0.32996	0
343	F	0.00000	0.71719	0.28281	0
344	C	0.00000	0.87628	0.12372	0
345	E	0.00000	0.99764	0.00236	0
346	S	0.00000	0.99919	0.00081	0
347	P	0.00000	0.99972	0.00028	0
348	P	0.00000	0.99991	0.00009	0
349	S	0.00000	0.99993	0.00007	0
350	D	0.00000	0.99999	0.00001	0
351	P	0.00000	0.99993	0.00007	0
352	H	0.00000	0.99991	0.00009	0
353	A	0.00000	0.99991	0.00009	0
354	G	0.00000	0.99991	0.00009	0
355	L	0.00000	0.99991	0.00009	0
356	P	0.00000	0.99991	0.00009	0
357	C	0.00000	0.99988	0.00012	0
358	V	0.00000	0.99964	0.00036	0
359	S	0.00000	0.99949	0.00051	0
360	E	0.00000	0.99817	0.00183	0
361	T	0.00000	0.99129	0.00871	0
362	T	0.00000	0.98053	0.01947	0
363	F	0.00000	0.95568	0.04432	0
364	N	0.00000	0.50318	0.49682	0
365	I	0.00000	0.09569	0.90430	0
366	F	0.00000	0.09005	0.90995	0
367	V	0.00000	0.00484	0.99516	0
368	W	0.00000	0.00015	0.99985	0
369	F	0.00000	0	0.99999	0
370	G	0.00001	0	0.99999	0
371	W	0.00004	0	0.99996	0
372	A	0.00006	0	0.99994	0
373	N	0.00009	0	0.99991	0
374	S	0.00009	0	0.99991	0
375	S	0.00009	0	0.99991	0
376	L	0.00009	0	0.99991	0
377	N	0.00009	0	0.99991	0
378	P	0.00009	0	0.99991	0
379	I	0.00009	0	0.99991	0
380	I	0.00010	0	0.99990	0
381	Y	0.00030	0	0.99970	0
382	A	0.00066	0	0.99934	0
383	F	0.01054	0	0.98946	0
384	N	0.31374	0	0.68626	0
385	A	0.50358	0	0.49642	0
386	D	0.80566	0	0.19433	0
387	F	0.83492	0	0.16507	0
388	R	1.00000	0	0.00000	0
389	K	1.00000	0	0.00000	0
390	V	1.00000	0	0.00000	0
391	F	1.00000	0	0.00000	0
392	S	1.00000	0	0.00000	0
393	N	1.00000	0	0.00000	0
394	L	1.00000	0	0.00000	0
395	L	1.00000	0	0.00000	0
396	G	1.00000	0	0.00000	0
397	C	1.00000	0	0.00000	0
398	G	1.00000	0	0.00000	0
399	Q	1.00000	0	0.00000	0
400	F	1.00000	0	0.00000	0
401	C	1.00000	0	0.00000	0
402	T	1.00000	0	0.00000	0
403	G	1.00000	0	0.00000	0
404	T	1.00000	0	0.00000	0
405	A	1.00000	0	0.00000	0
406	V	1.00000	0	0.00000	0
407	E	1.00000	0	0.00000	0
408	T	1.00000	0	0.00000	0
409	V	1.00000	0	0.00000	0
410	N	1.00000	0	0.00000	0
411	I	1.00000	0	0.00000	0
412	S	1.00000	0	0.00000	0
413	N	1.00000	0	0.00000	0
414	E	1.00000	0	0.00000	0
415	L	1.00000	0	0.00000	0
416	I	1.00000	0	0.00000	0
417	S	1.00000	0	0.00000	0
418	Y	1.00000	0	0.00000	0
419	N	1.00000	0	0.00000	0
420	Q	1.00000	0	0.00000	0
421	D	1.00000	0	0.00000	0
422	T	1.00000	0	0.00000	0
423	L	1.00000	0	0.00000	0
424	Y	1.00000	0	0.00000	0
425	H	1.00000	0	0.00000	0
426	K	1.00000	0	0.00000	0
427	E	1.00000	0	0.00000	0
428	I	1.00000	0	0.00000	0
429	V	1.00000	0	0.00000	0
430	T	1.00000	0	0.00000	0
431	A	1.00000	0	0.00000	0
432	Y	1.00000	0	0.00000	0
433	V	1.00000	0	0.00000	0
434	N	1.00000	0	0.00000	0
435	M	1.00000	0	0.00000	0
436	I	1.00000	0	0.00000	0
437	P	1.00000	0	0.00000	0
438	N	1.00000	0	0.00000	0
439	V	1.00000	0	0.00000	0
440	V	1.00000	0	0.00000	0
441	D	1.00000	0	0.00000	0
442	C	1.00000	0	0.00000	0
443	E	1.00000	0	0.00000	0
444	E	1.00000	0	0.00000	0
445	H	1.00000	0	0.00000	0
446	R	1.00000	0	0.00000	0
447	G	1.00000	0	0.00000	0
448	D	1.00000	0	0.00000	0
449	P	1.00000	0	0.00000	0
450	F	1.00000	0	0.00000	0
451	D	1.00000	0	0.00000	0
452	R	1.00000	0	0.00000	0
453	M	1.00000	0	0.00000	0
454	S	1.00000	0	0.00000	0
455	Q	1.00000	0	0.00000	0
456	I	1.00000	0	0.00000	0
457	S	1.00000	0	0.00000	0
458	P	1.00000	0	0.00000	0
459	D	1.00000	0	0.00000	0
460	H	1.00000	0	0.00000	0
461	E	1.00000	0	0.00000	0
462	V	1.00000	0	0.00000	0
463	A	1.00000	0	0.00000	0
464	T	1.00000	0	0.00000	0
465	D	1.00000	0	0.00000	0
466	S	1.00000	0	0.00000	0
467	A	1.00000	0	0.00000	0
468	C	1.00000	0	0.00000	0
469	E	1.00000	0	0.00000	0
470	L	1.00000	0	0.00000	0
471	D	1.00000	0	0.00000	0
472	C	1.00000	0	0.00000	0
473	E	1.00000	0	0.00000	0
474	G	1.00000	0	0.00000	0
475	E	1.00000	0	0.00000	0
476	I	1.00000	0	0.00000	0
477	S	1.00000	0	0.00000	0
478	L	1.00000	0	0.00000	0
479	G	1.00000	0	0.00000	0
480	K	1.00000	0	0.00000	0
481	I	1.00000	0	0.00000	0
482	T	1.00000	0	0.00000	0
483	P	1.00000	0	0.00000	0
484	F	1.00000	0	0.00000	0
485	T	1.00000	0	0.00000	0
486	P	1.00000	0	0.00000	0
487	N	1.00000	0	0.00000	0
488	G	1.00000	0	0.00000	0
489	L	1.00000	0	0.00000	0
490	H	1.00000	0	0.00000	0
