# UNNAMED
#pos	aa	i	o	M	S
1	M	0.00000	1	0.00000	0
2	A	0.00000	1	0.00000	0
3	F	0.00000	1	0.00000	0
4	V	0.00000	1	0.00000	0
5	D	0.00000	1	0.00000	0
6	I	0.00000	0.9952	0.00480	0
7	L	0.00000	0.99433	0.00567	0
8	K	0.00000	0.99408	0.00592	0
9	V	0.00000	0.98478	0.01522	0
10	A	0.00000	0.97875	0.02125	0
11	V	0.00000	0.97875	0.02125	0
12	S	0.00000	0.97875	0.02125	0
13	L	0.00000	0.97875	0.02125	0
14	T	0.00000	0.97875	0.02125	0
15	D	0.00000	0.97875	0.02125	0
16	R	0.00000	0.94517	0.05483	0
17	S	0.00000	0.60084	0.39916	0
18	H	0.00000	0.00894	0.99106	0
19	T	0.00000	9e-05	0.99991	0
20	I	0.00000	0	1.00000	0
21	R	0.00000	0	1.00000	0
22	Y	0.00000	0	1.00000	0
23	T	0.00000	0	1.00000	0
24	A	0.00000	0	1.00000	0
25	V	0.00002	0	0.99998	0
26	V	0.00120	0	0.99880	0
27	M	0.00340	0	0.99660	0
28	P	0.00368	0	0.99632	0
29	V	0.00380	0	0.99620	0
30	H	0.00576	0	0.99424	0
31	Y	0.00870	0	0.99130	0
32	Q	0.02062	0	0.97938	0
33	H	0.02092	0	0.97908	0
34	G	0.03246	0	0.96754	0
35	T	0.61164	0	0.38836	0
36	G	0.97372	0	0.02628	0
37	Q	0.99612	0	0.00388	0
38	S	0.99996	0	0.00004	0
39	S	0.99999	0	0.00001	0
40	C	0.99999	0	0.00001	0
41	R	1.00000	0	0.00000	0
42	R	0.99917	0	0.00083	0
43	V	0.36049	0	0.63951	0
44	A	0.10390	0	0.89610	0
45	L	0.00454	0	0.99546	0
46	M	0.00059	0	0.99941	0
47	I	0.00000	0	1.00000	0
48	T	0.00000	0	1.00000	0
49	A	0.00000	0	1.00000	0
50	V	0.00000	0	1.00000	0
51	W	0.00000	0	1.00000	0
52	V	0.00000	0	1.00000	0
53	L	0.00000	0	1.00000	0
54	A	0.00000	0	1.00000	0
55	F	0.00000	0	1.00000	0
56	A	0.00000	0	1.00000	0
57	V	0.00000	0	1.00000	0
58	S	0.00000	0	1.00000	0
59	C	0.00000	0	1.00000	0
60	P	0.00000	0	1.00000	0
61	L	0.00000	0	1.00000	0
62	L	0.00000	1e-05	0.99999	0
63	F	0.00000	7e-05	0.99993	0
64	G	0.00000	0.00239	0.99761	0
65	F	0.00000	0.99558	0.00442	0
66	N	0.00000	0.99939	0.00061	0
67	T	0.00000	0.99979	0.00021	0
68	T	0.00000	0.99997	0.00003	0
69	G	0.00000	1	0.00000	0
70	D	0.00000	1	0.00000	0
71	P	0.00000	1	0.00000	0
72	S	0.00000	1	0.00000	0
73	V	0.00000	1	0.00000	0
74	C	0.00000	1	0.00000	0
75	S	0.00000	1	0.00000	0
76	I	0.00000	1	0.00000	0
77	S	0.00000	1	0.00000	0
78	N	0.00000	1	0.00000	0
79	P	0.00000	0.99825	0.00175	0
80	D	0.00000	0.64889	0.35111	0
81	F	0.00000	0.08038	0.91962	0
82	V	0.00000	0.04693	0.95307	0
83	I	0.00000	0.02288	0.97712	0
84	Y	0.00000	0.01086	0.98914	0
85	S	0.00000	0.00982	0.99018	0
86	S	0.00000	0.00774	0.99226	0
87	V	0.00000	0.00029	0.99971	0
88	V	0.00000	1e-05	0.99999	0
89	S	0.00000	0	1.00000	0
90	F	0.00000	0	1.00000	0
91	Y	0.00000	0	1.00000	0
92	L	0.00000	0	1.00000	0
93	P	0.00000	0	1.00000	0
94	F	0.00000	0	1.00000	0
95	G	0.00000	0	1.00000	0
96	V	0.00000	0	1.00000	0
97	T	0.00000	0	1.00000	0
98	V	0.00000	0	1.00000	0
99	L	0.00000	0	1.00000	0
100	V	0.00002	0	0.99998	0
101	Y	0.00035	0	0.99965	0
102	A	0.00646	0	0.99354	0
103	R	0.07598	0	0.92402	0
104	I	0.32976	0	0.67024	0
105	Y	0.70915	0	0.29085	0
106	V	0.97343	0	0.02657	0
107	V	0.98900	0	0.01100	0
108	L	0.99999	0	0.00001	0
109	R	1.00000	0	0.00000	0
110	Q	1.00000	0	0.00000	0
111	R	1.00000	0	0.00000	0
112	R	1.00000	0	0.00000	0
113	R	1.00000	0	0.00000	0
114	K	1.00000	0	0.00000	0
115	R	0.99983	0	0.00017	0
116	I	0.99694	0	0.00306	0
117	L	0.99681	0	0.00319	0
118	T	0.99681	0	0.00319	0
119	R	0.99681	0	0.00319	0
120	Q	0.99680	0	0.00320	0
121	N	0.99667	0	0.00333	0
122	S	0.99596	0	0.00404	0
123	Q	0.99278	0	0.00722	0
124	C	0.00001	0	0.99999	0
125	I	0.00000	0	1.00000	0
126	S	0.00000	0	1.00000	0
127	V	0.00000	0	1.00000	0
128	R	0.00000	0	1.00000	0
129	P	0.00000	0	1.00000	0
130	S	0.00000	0	1.00000	0
131	F	0.00000	0	1.00000	0
132	P	0.00000	0	1.00000	0
133	Q	0.00000	0	1.00000	0
134	H	0.00000	1e-05	0.99999	0
135	S	0.00000	0.00015	0.99985	0
136	S	0.00000	0.00114	0.99886	0
137	C	0.00000	0.0024	0.99760	0
138	L	0.00000	0.00276	0.99724	0
139	R	0.00000	0.00319	0.99681	0
140	L	0.00000	0.00319	0.99681	0
141	H	0.00000	0.00321	0.99679	0
142	P	0.00000	0.00329	0.99671	0
143	I	0.00000	0.02552	0.97448	0
144	R	0.00000	0.99285	0.00715	0
145	Q	0.00000	0.99865	0.00135	0
146	F	0.00000	0.99965	0.00035	0
147	S	0.00000	0.99986	0.00014	0
148	L	0.00000	0.99992	0.00008	0
149	R	0.00000	1	0.00000	0
150	A	0.00000	1	0.00000	0
151	R	0.00000	1	0.00000	0
152	F	0.00000	1	0.00000	0
153	P	0.00000	1	0.00000	0
154	S	0.00000	1	0.00000	0
155	D	0.00000	1	0.00000	0
156	A	0.00000	1	0.00000	0
157	T	0.00000	1	0.00000	0
158	G	0.00000	1	0.00000	0
159	K	0.00000	1	0.00000	0
160	M	0.00000	1	0.00000	0
161	G	0.00000	1	0.00000	0
162	H	0.00000	1	0.00000	0
163	S	0.00000	1	0.00000	0
164	E	0.00000	1	0.00000	0
165	D	0.00000	1	0.00000	0
166	K	0.00000	0.99999	0.00001	0
167	Q	0.00000	0.99999	0.00001	0
168	Y	0.00000	0.99999	0.00001	0
169	P	0.00000	0.99944	0.00056	0
170	Q	0.00000	0.99944	0.00056	0
171	K	0.00000	0.99944	0.00056	0
172	C	0.00000	0.99944	0.00056	0
173	Q	0.00000	0.99938	0.00062	0
174	D	0.00000	0.99775	0.00225	0
175	P	0.00000	0.98874	0.01126	0
176	L	0.00000	0.88083	0.11917	0
177	L	0.00000	0.84791	0.15209	0
178	S	0.00000	0.8479	0.15210	0
179	H	0.00000	0.84789	0.15211	0
180	L	0.00000	0.84789	0.15211	0
181	Q	0.00000	0.84789	0.15211	0
182	P	0.00000	0.84788	0.15212	0
183	L	0.00000	0.84788	0.15212	0
184	S	0.00000	0.84788	0.15212	0
185	P	0.00000	0.84788	0.15212	0
186	G	0.00000	0.84785	0.15215	0
187	R	0.00000	0.84784	0.15216	0
188	A	0.00000	0.79226	0.20774	0
189	H	0.00000	0.3328	0.66720	0
190	M	0.00000	0.18615	0.81385	0
191	G	0.00010	0.15747	0.84244	0
192	L	0.00051	0.04013	0.95936	0
193	R	0.00056	0.03998	0.95946	0
194	R	0.00057	0.03834	0.96109	0
195	Y	0.00057	0.0379	0.96153	0
196	Y	0.00071	0.02544	0.97386	0
197	S	0.04370	0.02543	0.93087	0
198	I	0.12118	0.02543	0.85339	0
199	C	0.14811	0.02543	0.82646	0
200	Q	0.15208	0.02543	0.82248	0
201	D	0.15211	0.02543	0.82246	0
202	T	0.15211	0.02543	0.82246	0
203	A	0.15211	0.02543	0.82246	0
204	F	0.15211	0.02543	0.82246	0
205	G	0.15211	0.02543	0.82245	0
206	P	0.15212	0.02543	0.82245	0
207	P	0.15212	0.02543	0.82244	0
208	G	0.15212	0.02543	0.82244	0
209	F	0.15216	0.02543	0.82241	0
210	H	0.15662	0.02543	0.81795	0
211	E	0.18266	0.02543	0.79190	0
212	G	0.21777	0.02543	0.75680	0
213	E	0.81097	0.02543	0.16359	0
214	G	0.88003	0.02543	0.09454	0
215	E	0.96079	0.02543	0.01378	0
216	L	0.96104	0.02543	0.01353	0
217	K	0.96837	0.02543	0.00620	0
218	K	0.97369	0.02541	0.00090	0
219	D	0.97444	0.02512	0.00043	0
220	A	0.97450	0.00045	0.02505	0
221	S	0.97456	0.00041	0.02503	0
222	T	0.97457	9e-05	0.02535	0
223	R	0.97457	2e-05	0.02541	0
224	N	0.97457	2e-05	0.02541	0
225	S	0.97457	1e-05	0.02542	0
226	L	0.97457	1e-05	0.02542	0
227	S	0.97457	1e-05	0.02542	0
228	P	0.97457	0	0.02543	0
229	T	0.97457	0	0.02543	0
230	M	0.97457	0	0.02543	0
231	A	0.97457	0	0.02543	0
232	P	0.97457	0	0.02543	0
233	K	0.97457	0	0.02543	0
234	L	0.97457	0	0.02543	0
235	S	0.97457	0	0.02543	0
236	L	0.97457	0	0.02543	0
237	E	0.97457	0	0.02543	0
238	V	0.97457	0	0.02543	0
239	R	0.97460	0	0.02540	0
240	K	0.97475	0	0.02525	0
241	L	0.97520	0	0.02480	0
242	S	0.98944	0	0.01056	0
243	N	0.99802	0	0.00198	0
244	G	0.99996	0	0.00004	0
245	R	0.99998	0	0.00002	0
246	L	0.99998	0	0.00002	0
247	S	0.99998	0	0.00002	0
248	T	0.99998	0	0.00002	0
249	S	0.99999	0	0.00001	0
250	L	0.99999	0	0.00001	0
251	K	1.00000	0	0.00000	0
252	L	1.00000	0	0.00000	0
253	G	1.00000	0	0.00000	0
254	P	1.00000	0	0.00000	0
255	L	1.00000	0	0.00000	0
256	Q	1.00000	0	0.00000	0
257	P	1.00000	0	0.00000	0
258	R	1.00000	0	0.00000	0
259	G	1.00000	0	0.00000	0
260	V	1.00000	0	0.00000	0
261	P	1.00000	0	0.00000	0
262	L	1.00000	0	0.00000	0
263	R	1.00000	0	0.00000	0
264	E	1.00000	0	0.00000	0
265	K	0.98892	0	0.01108	0
266	K	0.98817	0	0.01183	0
267	A	0.84806	0	0.15194	0
268	T	0.84364	0	0.15636	0
269	Q	0.71377	0	0.28623	0
270	M	0.69516	0	0.30484	0
271	L	0.00547	0	0.99453	0
272	V	0.00002	0	0.99998	0
273	I	0.00000	0	1.00000	0
274	V	0.00000	0	1.00000	0
275	L	0.00000	0	1.00000	0
276	G	0.00000	0	1.00000	0
277	T	0.00000	0	1.00000	0
278	F	0.00000	0	1.00000	0
279	I	0.00000	0	1.00000	0
280	V	0.00000	0	1.00000	0
281	C	0.00000	0	1.00000	0
282	W	0.00000	0	1.00000	0
283	L	0.00000	0	1.00000	0
284	P	0.00000	0	1.00000	0
285	F	0.00000	0	1.00000	0
286	F	0.00000	0	1.00000	0
287	L	0.00000	0.00056	0.99944	0
288	T	0.00000	0.00838	0.99162	0
289	H	0.00000	0.01794	0.98206	0
290	V	0.00000	0.03095	0.96905	0
291	L	0.00000	0.09424	0.90576	0
292	N	0.00000	0.71358	0.28642	0
293	T	0.00000	0.86469	0.13531	0
294	H	0.00000	0.99543	0.00457	0
295	C	0.00000	0.99932	0.00068	0
296	P	0.00000	0.99976	0.00024	0
297	A	0.00000	0.99986	0.00014	0
298	C	0.00000	0.99999	0.00001	0
299	H	0.00000	1	0.00000	0
300	V	0.00000	1	0.00000	0
301	S	0.00000	1	0.00000	0
302	P	0.00000	0.99996	0.00004	0
303	G	0.00000	0.99957	0.00043	0
304	L	0.00000	0.99192	0.00808	0
305	Y	0.00000	0.98988	0.01012	0
306	R	0.00000	0.718	0.28200	0
307	A	0.00000	0.02484	0.97516	0
308	T	0.00000	0.00912	0.99088	0
309	T	0.00000	0.00218	0.99782	0
310	W	0.00000	1e-05	0.99999	0
311	L	0.00000	0	1.00000	0
312	G	0.00000	0	1.00000	0
313	Y	0.00000	0	1.00000	0
314	V	0.00000	0	1.00000	0
315	N	0.00000	0	1.00000	0
316	S	0.00000	0	1.00000	0
317	A	0.00000	0	1.00000	0
318	L	0.00000	0	1.00000	0
319	N	0.00000	0	1.00000	0
320	P	0.00000	0	1.00000	0
321	V	0.00000	0	1.00000	0
322	I	0.00000	0	1.00000	0
323	Y	0.00001	0	0.99999	0
324	T	0.00010	0	0.99990	0
325	T	0.00073	0	0.99927	0
326	F	0.05644	0	0.94356	0
327	N	0.53449	0	0.46551	0
328	I	0.75741	0	0.24259	0
329	E	1.00000	0	0.00000	0
330	F	1.00000	0	0.00000	0
331	R	1.00000	0	0.00000	0
332	K	1.00000	0	0.00000	0
333	A	1.00000	0	0.00000	0
334	F	1.00000	0	0.00000	0
335	L	1.00000	0	0.00000	0
336	K	1.00000	0	0.00000	0
337	I	1.00000	0	0.00000	0
338	L	1.00000	0	0.00000	0
339	S	1.00000	0	0.00000	0
340	C	1.00000	0	0.00000	0
