# UNNAMED
#pos	aa	i	o	M	S
1	M	0.00000	1	0.00000	0
2	L	0.00000	1	0.00000	0
3	P	0.00000	1	0.00000	0
4	P	0.00000	1	0.00000	0
5	G	0.00000	1	0.00000	0
6	R	0.00000	1	0.00000	0
7	N	0.00000	1	0.00000	0
8	G	0.00000	1	0.00000	0
9	S	0.00000	1	0.00000	0
10	V	0.00000	1	0.00000	0
11	D	0.00000	1	0.00000	0
12	S	0.00000	1	0.00000	0
13	E	0.00000	1	0.00000	0
14	R	0.00000	1	0.00000	0
15	F	0.00000	1	0.00000	0
16	G	0.00000	1	0.00000	0
17	R	0.00000	1	0.00000	0
18	Q	0.00000	1	0.00000	0
19	P	0.00000	1	0.00000	0
20	G	0.00000	1	0.00000	0
21	L	0.00000	1	0.00000	0
22	A	0.00000	1	0.00000	0
23	Q	0.00000	1	0.00000	0
24	K	0.00000	1	0.00000	0
25	G	0.00000	1	0.00000	0
26	A	0.00000	1	0.00000	0
27	V	0.00000	1	0.00000	0
28	G	0.00000	1	0.00000	0
29	G	0.00000	1	0.00000	0
30	S	0.00000	1	0.00000	0
31	A	0.00000	0.99999	0.00001	0
32	G	0.00000	0.99998	0.00002	0
33	V	0.00000	0.99995	0.00005	0
34	A	0.00000	0.99987	0.00013	0
35	P	0.00000	0.99975	0.00025	0
36	L	0.00000	0.99791	0.00209	0
37	G	0.00000	0.99536	0.00464	0
38	P	0.00000	0.98478	0.01522	0
39	A	0.00000	0.87722	0.12278	0
40	Q	0.00000	0.75236	0.24764	0
41	V	0.00000	0.32919	0.67081	0
42	V	0.00000	0.18787	0.81213	0
43	T	0.00000	0.14621	0.85379	0
44	A	0.00000	0.08214	0.91786	0
45	G	0.00000	0.05137	0.94863	0
46	L	0.00000	0.02569	0.97431	0
47	L	0.00000	0.01148	0.98852	0
48	T	0.00000	0.01006	0.98994	0
49	L	0.00000	0.00082	0.99918	0
50	L	0.00000	4e-05	0.99996	0
51	I	0.00000	0	1.00000	0
52	L	0.00000	0	1.00000	0
53	W	0.00000	0	1.00000	0
54	T	0.00000	0	1.00000	0
55	L	0.00000	0	1.00000	0
56	L	0.00000	0	1.00000	0
57	G	0.00000	0	1.00000	0
58	N	0.00000	0	1.00000	0
59	V	0.00000	0	1.00000	0
60	L	0.00000	0	1.00000	0
61	V	0.00000	0	1.00000	0
62	C	0.00006	0	0.99994	0
63	A	0.00126	0	0.99874	0
64	A	0.01762	0	0.98238	0
65	I	0.04720	0	0.95280	0
66	V	0.33712	0	0.66288	0
67	R	0.97540	0	0.02460	0
68	S	0.99520	0	0.00480	0
69	R	0.99959	0	0.00041	0
70	H	0.99983	0	0.00017	0
71	L	0.99991	0	0.00009	0
72	R	1.00000	0	0.00000	0
73	A	0.99998	0	0.00002	0
74	R	0.99981	0	0.00019	0
75	M	0.93168	0	0.06832	0
76	T	0.80438	0	0.19562	0
77	N	0.15127	0	0.84873	0
78	V	0.06128	0	0.93872	0
79	F	0.00043	0	0.99957	0
80	I	0.00000	0	1.00000	0
81	V	0.00000	0	1.00000	0
82	S	0.00000	0	1.00000	0
83	L	0.00000	0	1.00000	0
84	A	0.00000	0	1.00000	0
85	V	0.00000	0	1.00000	0
86	S	0.00000	0	1.00000	0
87	D	0.00000	0	1.00000	0
88	L	0.00000	0	1.00000	0
89	C	0.00000	0	1.00000	0
90	V	0.00000	0	1.00000	0
91	A	0.00000	0	1.00000	0
92	L	0.00000	0	1.00000	0
93	L	0.00000	0	1.00000	0
94	V	0.00000	0	1.00000	0
95	M	0.00000	0.00059	0.99941	0
96	P	0.00000	0.00839	0.99161	0
97	W	0.00000	0.07386	0.92614	0
98	K	0.00000	0.4162	0.58380	0
99	A	0.00000	0.59886	0.40114	0
100	V	0.00000	0.7644	0.23560	0
101	A	0.00000	0.9998	0.00020	0
102	E	0.00000	1	0.00000	0
103	V	0.00000	1	0.00000	0
104	A	0.00000	1	0.00000	0
105	G	0.00000	1	0.00000	0
106	Y	0.00000	1	0.00000	0
107	W	0.00000	1	0.00000	0
108	P	0.00000	1	0.00000	0
109	F	0.00000	1	0.00000	0
110	G	0.00000	1	0.00000	0
111	A	0.00000	1	0.00000	0
112	F	0.00000	1	0.00000	0
113	C	0.00000	1	0.00000	0
114	N	0.00000	0.99999	0.00001	0
115	V	0.00000	0.99776	0.00224	0
116	W	0.00000	0.80581	0.19419	0
117	V	0.00000	0.0878	0.91220	0
118	A	0.00000	0.00233	0.99767	0
119	F	0.00000	5e-05	0.99995	0
120	D	0.00000	1e-05	0.99999	0
121	I	0.00000	0	1.00000	0
122	M	0.00000	0	1.00000	0
123	C	0.00000	0	1.00000	0
124	S	0.00000	0	1.00000	0
125	T	0.00000	0	1.00000	0
126	A	0.00000	0	1.00000	0
127	S	0.00000	0	1.00000	0
128	I	0.00000	0	1.00000	0
129	L	0.00000	0	1.00000	0
130	N	0.00000	0	1.00000	0
131	L	0.00000	0	1.00000	0
132	C	0.00000	0	1.00000	0
133	V	0.00000	0	1.00000	0
134	I	0.00000	0	1.00000	0
135	S	0.00000	0	1.00000	0
136	V	0.00001	0	0.99999	0
137	D	0.00009	0	0.99991	0
138	R	0.15239	0	0.84761	0
139	Y	0.51331	0	0.48669	0
140	W	0.85556	0	0.14444	0
141	A	0.99279	0	0.00721	0
142	I	1.00000	0	0.00000	0
143	S	1.00000	0	0.00000	0
144	R	1.00000	0	0.00000	0
145	P	1.00000	0	0.00000	0
146	F	1.00000	0	0.00000	0
147	R	1.00000	0	0.00000	0
148	Y	1.00000	0	0.00000	0
149	E	1.00000	0	0.00000	0
150	R	1.00000	0	0.00000	0
151	K	1.00000	0	0.00000	0
152	M	0.99979	0	0.00021	0
153	T	0.99932	0	0.00068	0
154	Q	0.99622	0	0.00378	0
155	S	0.59939	0	0.40061	0
156	V	0.07161	0	0.92839	0
157	A	0.01058	0	0.98942	0
158	L	0.00088	0	0.99912	0
159	V	0.00006	0	0.99994	0
160	M	0.00002	0	0.99998	0
161	V	0.00000	0	1.00000	0
162	G	0.00000	0	1.00000	0
163	L	0.00000	0	1.00000	0
164	A	0.00000	0	1.00000	0
165	W	0.00000	0	1.00000	0
166	A	0.00000	0	1.00000	0
167	L	0.00000	0	1.00000	0
168	S	0.00000	0	1.00000	0
169	I	0.00000	0	1.00000	0
170	L	0.00000	0	1.00000	0
171	I	0.00000	0	1.00000	0
172	S	0.00000	1e-05	0.99999	0
173	F	0.00000	2e-05	0.99998	0
174	I	0.00000	0.00158	0.99842	0
175	P	0.00000	0.07987	0.92013	0
176	V	0.00000	0.17321	0.82679	0
177	Q	0.00000	0.64937	0.35063	0
178	L	0.00000	0.7507	0.24930	0
179	N	0.00000	0.9785	0.02150	0
180	W	0.00000	0.99076	0.00924	0
181	H	0.00000	0.99922	0.00078	0
182	R	0.00000	1	0.00000	0
183	D	0.00000	1	0.00000	0
184	K	0.00000	1	0.00000	0
185	A	0.00000	1	0.00000	0
186	G	0.00000	1	0.00000	0
187	T	0.00000	1	0.00000	0
188	W	0.00000	1	0.00000	0
189	G	0.00000	1	0.00000	0
190	G	0.00000	1	0.00000	0
191	V	0.00000	1	0.00000	0
192	D	0.00000	1	0.00000	0
193	P	0.00000	1	0.00000	0
194	P	0.00000	1	0.00000	0
195	S	0.00000	1	0.00000	0
196	N	0.00000	1	0.00000	0
197	L	0.00000	1	0.00000	0
198	A	0.00000	1	0.00000	0
199	N	0.00000	1	0.00000	0
200	R	0.00000	1	0.00000	0
201	T	0.00000	1	0.00000	0
202	P	0.00000	1	0.00000	0
203	W	0.00000	1	0.00000	0
204	D	0.00000	1	0.00000	0
205	E	0.00000	1	0.00000	0
206	A	0.00000	1	0.00000	0
207	G	0.00000	1	0.00000	0
208	E	0.00000	1	0.00000	0
209	P	0.00000	1	0.00000	0
210	E	0.00000	1	0.00000	0
211	A	0.00000	1	0.00000	0
212	R	0.00000	1	0.00000	0
213	T	0.00000	1	0.00000	0
214	A	0.00000	1	0.00000	0
215	N	0.00000	1	0.00000	0
216	C	0.00000	1	0.00000	0
217	D	0.00000	1	0.00000	0
218	S	0.00000	0.99976	0.00024	0
219	S	0.00000	0.99814	0.00186	0
220	L	0.00000	0.99449	0.00551	0
221	N	0.00000	0.99418	0.00582	0
222	R	0.00000	0.9581	0.04190	0
223	T	0.00000	0.54162	0.45838	0
224	Y	0.00000	0.01912	0.98088	0
225	A	0.00000	0.01089	0.98911	0
226	I	0.00000	0.00765	0.99235	0
227	S	0.00000	0.00108	0.99892	0
228	S	0.00000	0.0009	0.99910	0
229	S	0.00000	8e-05	0.99992	0
230	L	0.00000	3e-05	0.99997	0
231	I	0.00000	0	1.00000	0
232	S	0.00000	0	1.00000	0
233	F	0.00000	0	1.00000	0
234	Y	0.00000	0	1.00000	0
235	I	0.00000	0	1.00000	0
236	P	0.00000	0	1.00000	0
237	V	0.00000	0	1.00000	0
238	A	0.00000	0	1.00000	0
239	I	0.00000	0	1.00000	0
240	M	0.00000	0	1.00000	0
241	I	0.00000	0	1.00000	0
242	V	0.00015	0	0.99985	0
243	T	0.00173	0	0.99827	0
244	Y	0.00409	0	0.99591	0
245	T	0.07683	0	0.92317	0
246	R	0.17702	0	0.82298	0
247	I	0.18719	0	0.81281	0
248	Y	0.25115	0	0.74885	0
249	R	0.96418	0	0.03582	0
250	I	0.96980	0	0.03020	0
251	A	0.99977	0	0.00023	0
252	Q	0.99999	0	0.00001	0
253	V	1.00000	0	0.00000	0
254	Q	1.00000	0	0.00000	0
255	I	1.00000	0	0.00000	0
256	R	1.00000	0	0.00000	0
257	R	1.00000	0	0.00000	0
258	I	1.00000	0	0.00000	0
259	S	1.00000	0	0.00000	0
260	S	1.00000	0	0.00000	0
261	L	1.00000	0	0.00000	0
262	E	1.00000	0	0.00000	0
263	R	1.00000	0	0.00000	0
264	A	1.00000	0	0.00000	0
265	A	1.00000	0	0.00000	0
266	E	1.00000	0	0.00000	0
267	H	1.00000	0	0.00000	0
268	A	1.00000	0	0.00000	0
269	Q	1.00000	0	0.00000	0
270	S	1.00000	0	0.00000	0
271	C	1.00000	0	0.00000	0
272	R	1.00000	0	0.00000	0
273	S	1.00000	0	0.00000	0
274	R	1.00000	0	0.00000	0
275	V	1.00000	0	0.00000	0
276	A	1.00000	0	0.00000	0
277	C	1.00000	0	0.00000	0
278	A	1.00000	0	0.00000	0
279	P	1.00000	0	0.00000	0
280	E	1.00000	0	0.00000	0
281	G	1.00000	0	0.00000	0
282	S	1.00000	0	0.00000	0
283	L	1.00000	0	0.00000	0
284	R	1.00000	0	0.00000	0
285	A	1.00000	0	0.00000	0
286	S	1.00000	0	0.00000	0
287	I	1.00000	0	0.00000	0
288	K	1.00000	0	0.00000	0
289	K	1.00000	0	0.00000	0
290	E	1.00000	0	0.00000	0
291	T	0.96511	0	0.03489	0
292	K	0.96424	0	0.03576	0
293	V	0.58101	0	0.41899	0
294	L	0.54806	0	0.45194	0
295	K	0.54749	0	0.45251	0
296	T	0.48382	0	0.51618	0
297	L	0.01825	0	0.98175	0
298	S	0.00719	0	0.99281	0
299	M	0.00509	0	0.99491	0
300	I	0.00066	0	0.99934	0
301	M	0.00004	0	0.99996	0
302	G	0.00000	0	1.00000	0
303	V	0.00000	0	1.00000	0
304	F	0.00000	0	1.00000	0
305	V	0.00000	0	1.00000	0
306	C	0.00000	0	1.00000	0
307	C	0.00000	0	1.00000	0
308	W	0.00000	0	1.00000	0
309	L	0.00000	0	1.00000	0
310	P	0.00000	0	1.00000	0
311	F	0.00000	0	1.00000	0
312	F	0.00000	1e-05	0.99999	0
313	I	0.00000	0.0013	0.99870	0
314	L	0.00000	0.01636	0.98364	0
315	N	0.00000	0.15999	0.84001	0
316	C	0.00000	0.22144	0.77856	0
317	M	0.00000	0.22917	0.77083	0
318	V	0.00000	0.27366	0.72634	0
319	P	0.00000	0.40714	0.59286	0
320	F	0.00000	0.44744	0.55256	0
321	C	0.00000	0.60326	0.39674	0
322	I	0.00000	0.73384	0.26616	0
323	G	0.00000	0.93257	0.06743	0
324	H	0.00000	0.97799	0.02201	0
325	P	0.00000	0.99675	0.00325	0
326	E	0.00000	0.9995	0.00050	0
327	S	0.00000	0.99988	0.00012	0
328	P	0.00000	0.99996	0.00004	0
329	Q	0.00000	0.99998	0.00002	0
330	A	0.00000	0.99998	0.00002	0
331	G	0.00000	0.99998	0.00002	0
332	F	0.00000	0.99998	0.00002	0
333	P	0.00000	0.99998	0.00002	0
334	C	0.00000	0.99997	0.00003	0
335	V	0.00000	0.9999	0.00010	0
336	S	0.00000	0.99986	0.00014	0
337	E	0.00000	0.99962	0.00038	0
338	T	0.00000	0.99719	0.00281	0
339	T	0.00000	0.99354	0.00646	0
340	F	0.00000	0.98566	0.01434	0
341	D	0.00000	0.86261	0.13739	0
342	V	0.00000	0.09992	0.90008	0
343	F	0.00000	0.09326	0.90674	0
344	V	0.00000	0.00484	0.99516	0
345	W	0.00000	0.00015	0.99985	0
346	F	0.00000	0	1.00000	0
347	G	0.00001	0	0.99999	0
348	W	0.00001	0	0.99999	0
349	A	0.00001	0	0.99999	0
350	N	0.00002	0	0.99998	0
351	S	0.00002	0	0.99998	0
352	S	0.00002	0	0.99998	0
353	L	0.00002	0	0.99998	0
354	N	0.00002	0	0.99998	0
355	P	0.00002	0	0.99998	0
356	I	0.00002	0	0.99998	0
357	I	0.00002	0	0.99998	0
358	Y	0.00009	0	0.99991	0
359	A	0.00023	0	0.99977	0
360	F	0.00528	0	0.99472	0
361	N	0.28779	0	0.71221	0
362	A	0.51420	0	0.48580	0
363	D	0.80792	0	0.19208	0
364	F	0.84113	0	0.15887	0
365	R	1.00000	0	0.00000	0
366	K	1.00000	0	0.00000	0
367	V	1.00000	0	0.00000	0
368	F	1.00000	0	0.00000	0
369	A	1.00000	0	0.00000	0
370	Q	1.00000	0	0.00000	0
371	L	1.00000	0	0.00000	0
372	L	1.00000	0	0.00000	0
373	G	1.00000	0	0.00000	0
374	C	1.00000	0	0.00000	0
375	S	1.00000	0	0.00000	0
376	H	1.00000	0	0.00000	0
377	L	1.00000	0	0.00000	0
378	C	1.00000	0	0.00000	0
379	S	1.00000	0	0.00000	0
380	R	1.00000	0	0.00000	0
381	T	1.00000	0	0.00000	0
382	R	1.00000	0	0.00000	0
383	V	1.00000	0	0.00000	0
384	E	1.00000	0	0.00000	0
385	T	1.00000	0	0.00000	0
386	V	1.00000	0	0.00000	0
387	N	1.00000	0	0.00000	0
388	I	1.00000	0	0.00000	0
389	S	1.00000	0	0.00000	0
390	N	1.00000	0	0.00000	0
391	E	1.00000	0	0.00000	0
392	L	1.00000	0	0.00000	0
393	V	1.00000	0	0.00000	0
394	S	1.00000	0	0.00000	0
395	Y	1.00000	0	0.00000	0
396	N	1.00000	0	0.00000	0
397	Q	1.00000	0	0.00000	0
398	D	1.00000	0	0.00000	0
399	T	1.00000	0	0.00000	0
400	V	1.00000	0	0.00000	0
401	L	1.00000	0	0.00000	0
402	H	1.00000	0	0.00000	0
403	R	1.00000	0	0.00000	0
404	E	1.00000	0	0.00000	0
405	I	1.00000	0	0.00000	0
406	A	1.00000	0	0.00000	0
407	A	1.00000	0	0.00000	0
408	A	1.00000	0	0.00000	0
409	Y	1.00000	0	0.00000	0
410	I	1.00000	0	0.00000	0
411	H	1.00000	0	0.00000	0
412	M	1.00000	0	0.00000	0
413	I	1.00000	0	0.00000	0
414	P	1.00000	0	0.00000	0
415	N	1.00000	0	0.00000	0
416	A	1.00000	0	0.00000	0
417	V	1.00000	0	0.00000	0
418	T	1.00000	0	0.00000	0
419	P	1.00000	0	0.00000	0
420	G	1.00000	0	0.00000	0
421	A	1.00000	0	0.00000	0
422	G	1.00000	0	0.00000	0
423	E	1.00000	0	0.00000	0
424	G	1.00000	0	0.00000	0
425	D	1.00000	0	0.00000	0
426	K	1.00000	0	0.00000	0
427	E	1.00000	0	0.00000	0
428	E	1.00000	0	0.00000	0
429	E	1.00000	0	0.00000	0
430	G	1.00000	0	0.00000	0
431	G	1.00000	0	0.00000	0
432	P	1.00000	0	0.00000	0
433	F	1.00000	0	0.00000	0
434	G	1.00000	0	0.00000	0
435	R	1.00000	0	0.00000	0
436	M	1.00000	0	0.00000	0
437	S	1.00000	0	0.00000	0
438	Q	1.00000	0	0.00000	0
439	I	1.00000	0	0.00000	0
440	C	1.00000	0	0.00000	0
441	Q	1.00000	0	0.00000	0
442	A	1.00000	0	0.00000	0
443	S	1.00000	0	0.00000	0
444	P	1.00000	0	0.00000	0
445	H	1.00000	0	0.00000	0
446	G	1.00000	0	0.00000	0
447	D	1.00000	0	0.00000	0
448	P	1.00000	0	0.00000	0
449	A	1.00000	0	0.00000	0
450	A	1.00000	0	0.00000	0
451	E	1.00000	0	0.00000	0
452	S	1.00000	0	0.00000	0
453	V	1.00000	0	0.00000	0
454	W	1.00000	0	0.00000	0
455	E	1.00000	0	0.00000	0
456	L	1.00000	0	0.00000	0
457	D	1.00000	0	0.00000	0
458	C	1.00000	0	0.00000	0
459	E	1.00000	0	0.00000	0
460	G	1.00000	0	0.00000	0
461	E	1.00000	0	0.00000	0
462	I	1.00000	0	0.00000	0
463	S	1.00000	0	0.00000	0
464	L	1.00000	0	0.00000	0
465	S	1.00000	0	0.00000	0
466	K	1.00000	0	0.00000	0
467	V	1.00000	0	0.00000	0
468	T	1.00000	0	0.00000	0
469	P	1.00000	0	0.00000	0
470	F	1.00000	0	0.00000	0
471	T	1.00000	0	0.00000	0
472	L	1.00000	0	0.00000	0
473	N	1.00000	0	0.00000	0
474	G	1.00000	0	0.00000	0
475	F	1.00000	0	0.00000	0
476	H	1.00000	0	0.00000	0
