# UNNAMED
#pos	aa	i	o	M	S
1	M	0.00000	0.99939	0.00000	0.00061
2	L	0.00000	0.99939	0.00000	0.00061
3	I	0.00000	0.99939	0.00000	0.00061
4	M	0.00000	0.99939	0.00000	0.00061
5	K	0.00000	0.99939	0.00000	0.00061
6	R	0.00000	0.99939	0.00000	0.00061
7	L	0.00000	0.99939	0.00000	0.00061
8	R	0.00000	0.99939	0.00000	0.00061
9	M	0.00000	0.99939	0.00000	0.00061
10	E	0.00000	0.99939	0.00000	0.00062
11	A	0.00000	0.99939	0.00000	0.00061
12	V	0.00000	0.99939	0.00000	0.00062
13	H	0.00000	0.99939	0.00000	0.00062
14	S	0.00000	0.99939	0.00000	0.00062
15	I	0.00000	0.99964	0.00000	0.00036
16	T	0.00000	0.99964	0.00000	0.00036
17	S	0.00000	0.99964	0.00000	0.00036
18	R	0.00000	0.99964	0.00000	0.00036
19	L	0.00000	0.99964	0.00000	0.00036
20	M	0.00000	0.99964	0.00000	0.00036
21	M	0.00000	0.99964	0.00000	0.00036
22	E	0.00000	0.99965	0.00000	0.00035
23	P	0.00000	0.99964	0.00000	0.00036
24	N	0.00000	0.99964	0.00000	0.00036
25	D	0.00000	0.99964	0.00000	0.00036
26	T	0.00000	0.99964	0.00000	0.00036
27	A	0.00000	0.99999	0.00000	0
28	N	0.00000	1	0.00000	0
29	D	0.00000	1	0.00000	0
30	T	0.00000	1	0.00000	0
31	A	0.00000	1	0.00000	0
32	S	0.00000	1	0.00000	0
33	S	0.00000	1	0.00000	0
34	S	0.00000	1	0.00000	0
35	C	0.00000	1	0.00000	0
36	L	0.00000	1	0.00000	0
37	E	0.00000	1	0.00000	0
38	S	0.00000	0.99902	0.00098	0
39	T	0.00000	0.99187	0.00813	0
40	A	0.00000	0.97316	0.02684	0
41	F	0.00000	0.9556	0.04440	0
42	K	0.00000	0.95268	0.04732	0
43	V	0.00000	0.74299	0.25701	0
44	T	0.00000	0.63609	0.36391	0
45	L	0.00000	0.5692	0.43080	0
46	S	0.00000	0.49991	0.50009	0
47	V	0.00000	0.09691	0.90309	0
48	V	0.00000	0.03181	0.96819	0
49	L	0.00000	0.00595	0.99405	0
50	T	0.00000	0.00177	0.99823	0
51	I	0.00000	5e-05	0.99995	0
52	L	0.00000	0	1.00000	0
53	I	0.00000	0	1.00000	0
54	L	0.00000	0	1.00000	0
55	I	0.00000	0	1.00000	0
56	T	0.00000	0	1.00000	0
57	A	0.00000	0	1.00000	0
58	A	0.00000	0	1.00000	0
59	G	0.00000	0	1.00000	0
60	N	0.00000	0	1.00000	0
61	V	0.00000	0	1.00000	0
62	V	0.00000	0	1.00000	0
63	V	0.00001	0	0.99999	0
64	C	0.00012	0	0.99988	0
65	L	0.00219	0	0.99781	0
66	A	0.05973	0	0.94027	0
67	V	0.16909	0	0.83091	0
68	G	0.53468	0	0.46532	0
69	L	0.67250	0	0.32750	0
70	N	0.98348	0	0.01652	0
71	R	0.99965	0	0.00035	0
72	R	0.99999	0	0.00001	0
73	L	0.99999	0	0.00001	0
74	R	0.99998	0	0.00002	0
75	S	0.99600	0	0.00400	0
76	L	0.90934	0	0.09066	0
77	T	0.82234	0	0.17766	0
78	N	0.21794	0	0.78206	0
79	C	0.09307	0	0.90693	0
80	F	0.00116	0	0.99884	0
81	I	0.00009	0	0.99991	0
82	V	0.00000	0	1.00000	0
83	S	0.00000	0	1.00000	0
84	L	0.00000	0	1.00000	0
85	A	0.00000	0	1.00000	0
86	I	0.00000	0	1.00000	0
87	T	0.00000	0	1.00000	0
88	D	0.00000	0	1.00000	0
89	L	0.00000	0	1.00000	0
90	L	0.00000	0	1.00000	0
91	L	0.00000	0	1.00000	0
92	G	0.00000	0	1.00000	0
93	L	0.00000	0	1.00000	0
94	L	0.00000	0	1.00000	0
95	V	0.00000	6e-05	0.99994	0
96	L	0.00000	0.00119	0.99881	0
97	P	0.00000	0.01705	0.98295	0
98	F	0.00000	0.04719	0.95281	0
99	S	0.00000	0.33063	0.66937	0
100	A	0.00000	0.43888	0.56112	0
101	I	0.00000	0.54005	0.45995	0
102	Y	0.00000	0.9997	0.00030	0
103	Q	0.00000	0.99981	0.00019	0
104	L	0.00000	0.99983	0.00017	0
105	S	0.00000	0.99998	0.00002	0
106	C	0.00000	1	0.00000	0
107	R	0.00000	1	0.00000	0
108	W	0.00000	1	0.00000	0
109	S	0.00000	1	0.00000	0
110	F	0.00000	1	0.00000	0
111	G	0.00000	1	0.00000	0
112	K	0.00000	1	0.00000	0
113	V	0.00000	1	0.00000	0
114	F	0.00000	0.99999	0.00001	0
115	C	0.00000	0.99999	0.00001	0
116	N	0.00000	0.99996	0.00004	0
117	I	0.00000	0.99593	0.00407	0
118	Y	0.00000	0.66509	0.33491	0
119	I	0.00000	0.08901	0.91099	0
120	S	0.00000	0.0393	0.96070	0
121	L	0.00000	0.00013	0.99987	0
122	D	0.00000	2e-05	0.99998	0
123	V	0.00000	0	1.00000	0
124	M	0.00000	0	1.00000	0
125	L	0.00000	0	1.00000	0
126	C	0.00000	0	1.00000	0
127	T	0.00000	0	1.00000	0
128	A	0.00000	0	1.00000	0
129	S	0.00000	0	1.00000	0
130	I	0.00000	0	1.00000	0
131	L	0.00000	0	1.00000	0
132	N	0.00000	0	1.00000	0
133	L	0.00000	0	1.00000	0
134	F	0.00000	0	1.00000	0
135	M	0.00000	0	1.00000	0
136	I	0.00000	0	1.00000	0
137	S	0.00000	0	1.00000	0
138	I	0.00000	0	1.00000	0
139	D	0.00017	0	0.99983	0
140	R	0.03892	0	0.96108	0
141	Y	0.91398	0	0.08602	0
142	C	0.99192	0	0.00808	0
143	A	0.99895	0	0.00105	0
144	V	1.00000	0	0.00000	0
145	T	1.00000	0	0.00000	0
146	D	1.00000	0	0.00000	0
147	P	1.00000	0	0.00000	0
148	L	1.00000	0	0.00000	0
149	R	1.00000	0	0.00000	0
150	Y	1.00000	0	0.00000	0
151	P	1.00000	0	0.00000	0
152	V	1.00000	0	0.00000	0
153	L	1.00000	0	0.00000	0
154	V	0.99991	0	0.00009	0
155	T	0.99988	0	0.00012	0
156	P	0.99974	0	0.00026	0
157	G	0.99017	0	0.00983	0
158	R	0.97445	0	0.02555	0
159	V	0.23174	0	0.76826	0
160	T	0.05147	0	0.94853	0
161	I	0.00289	0	0.99711	0
162	S	0.00098	0	0.99902	0
163	L	0.00000	0	1.00000	0
164	V	0.00000	0	1.00000	0
165	S	0.00000	0	1.00000	0
166	I	0.00000	0	1.00000	0
167	W	0.00000	0	1.00000	0
168	V	0.00000	0	1.00000	0
169	I	0.00000	0	1.00000	0
170	S	0.00000	0	1.00000	0
171	I	0.00000	0	1.00000	0
172	T	0.00000	0	1.00000	0
173	L	0.00000	0	1.00000	0
174	S	0.00000	0	1.00000	0
175	F	0.00000	1e-05	0.99999	0
176	L	0.00000	5e-05	0.99995	0
177	S	0.00000	0.00136	0.99864	0
178	I	0.00000	0.00584	0.99416	0
179	H	0.00000	0.11066	0.88934	0
180	L	0.00000	0.24119	0.75881	0
181	G	0.00000	0.82112	0.17888	0
182	W	0.00000	0.92647	0.07353	0
183	N	0.00000	0.99683	0.00317	0
184	S	0.00000	0.99997	0.00003	0
185	R	0.00000	1	0.00000	0
186	N	0.00000	1	0.00000	0
187	T	0.00000	1	0.00000	0
188	T	0.00000	1	0.00000	0
189	S	0.00000	1	0.00000	0
190	E	0.00000	1	0.00000	0
191	G	0.00000	1	0.00000	0
192	H	0.00000	1	0.00000	0
193	H	0.00000	1	0.00000	0
194	T	0.00000	1	0.00000	0
195	S	0.00000	1	0.00000	0
196	P	0.00000	1	0.00000	0
197	K	0.00000	1	0.00000	0
198	C	0.00000	1	0.00000	0
199	K	0.00000	1	0.00000	0
200	F	0.00000	1	0.00000	0
201	Q	0.00000	1	0.00000	0
202	V	0.00000	0.9999	0.00010	0
203	N	0.00000	0.9999	0.00010	0
204	E	0.00000	0.99984	0.00016	0
205	V	0.00000	0.00382	0.99618	0
206	Y	0.00000	0.00057	0.99943	0
207	G	0.00000	0.00055	0.99945	0
208	L	0.00000	0.00019	0.99981	0
209	V	0.00000	0.00017	0.99983	0
210	D	0.00000	0.00017	0.99983	0
211	G	0.00000	1e-05	0.99999	0
212	L	0.00000	1e-05	0.99999	0
213	V	0.00000	0	1.00000	0
214	T	0.00000	0	1.00000	0
215	F	0.00000	0	1.00000	0
216	Y	0.00000	0	1.00000	0
217	L	0.00000	0	1.00000	0
218	P	0.00000	0	1.00000	0
219	L	0.00000	0	1.00000	0
220	L	0.00000	0	1.00000	0
221	I	0.00000	0	1.00000	0
222	M	0.00000	0	1.00000	0
223	C	0.00000	0	1.00000	0
224	V	0.00000	0	1.00000	0
225	T	0.00002	0	0.99998	0
226	Y	0.00014	0	0.99986	0
227	Y	0.00535	0	0.99465	0
228	R	0.13661	0	0.86339	0
229	I	0.15165	0	0.84835	0
230	F	0.22308	0	0.77692	0
231	K	0.99518	0	0.00482	0
232	I	0.99854	0	0.00146	0
233	A	0.99999	0	0.00001	0
234	R	1.00000	0	0.00000	0
235	E	1.00000	0	0.00000	0
236	Q	1.00000	0	0.00000	0
237	A	1.00000	0	0.00000	0
238	R	1.00000	0	0.00000	0
239	R	1.00000	0	0.00000	0
240	I	1.00000	0	0.00000	0
241	N	1.00000	0	0.00000	0
242	H	1.00000	0	0.00000	0
243	I	1.00000	0	0.00000	0
244	S	1.00000	0	0.00000	0
245	S	1.00000	0	0.00000	0
246	W	1.00000	0	0.00000	0
247	Q	1.00000	0	0.00000	0
248	A	1.00000	0	0.00000	0
249	A	1.00000	0	0.00000	0
250	T	1.00000	0	0.00000	0
251	I	1.00000	0	0.00000	0
252	R	1.00000	0	0.00000	0
253	E	1.00000	0	0.00000	0
254	H	0.99973	0	0.00027	0
255	K	0.99856	0	0.00144	0
256	A	0.87181	0	0.12819	0
257	T	0.73863	0	0.26137	0
258	V	0.34126	0	0.65874	0
259	T	0.24845	0	0.75155	0
260	L	0.00120	0	0.99880	0
261	A	0.00006	0	0.99994	0
262	A	0.00001	0	0.99999	0
263	V	0.00001	0	0.99999	0
264	M	0.00000	0	1.00000	0
265	G	0.00000	0	1.00000	0
266	A	0.00000	0	1.00000	0
267	F	0.00000	0	1.00000	0
268	I	0.00000	0	1.00000	0
269	V	0.00000	0	1.00000	0
270	C	0.00000	0	1.00000	0
271	W	0.00000	0	1.00000	0
272	F	0.00000	0	1.00000	0
273	P	0.00000	0	1.00000	0
274	Y	0.00000	0	1.00000	0
275	F	0.00000	0	1.00000	0
276	T	0.00000	0.00092	0.99908	0
277	T	0.00000	0.00388	0.99612	0
278	F	0.00000	0.00939	0.99061	0
279	V	0.00000	0.16067	0.83933	0
280	Y	0.00000	0.40593	0.59407	0
281	R	0.00000	0.8785	0.12150	0
282	G	0.00000	0.91885	0.08115	0
283	L	0.00000	0.93494	0.06506	0
284	K	0.00000	0.99919	0.00081	0
285	G	0.00000	0.99995	0.00005	0
286	D	0.00000	1	0.00000	0
287	D	0.00000	1	0.00000	0
288	A	0.00000	1	0.00000	0
289	I	0.00000	0.99998	0.00002	0
290	N	0.00000	0.99987	0.00013	0
291	E	0.00000	0.99945	0.00055	0
292	V	0.00000	0.9937	0.00630	0
293	V	0.00000	0.98858	0.01142	0
294	E	0.00000	0.98608	0.01392	0
295	A	0.00000	0.3054	0.69460	0
296	V	0.00000	0.00212	0.99788	0
297	V	0.00000	7e-05	0.99993	0
298	L	0.00000	0	1.00000	0
299	W	0.00000	0	1.00000	0
300	L	0.00000	0	1.00000	0
301	G	0.00000	0	1.00000	0
302	Y	0.00000	0	1.00000	0
303	A	0.00000	0	1.00000	0
304	N	0.00000	0	1.00000	0
305	S	0.00000	0	1.00000	0
306	A	0.00000	0	1.00000	0
307	L	0.00000	0	1.00000	0
308	N	0.00000	0	1.00000	0
309	P	0.00000	0	1.00000	0
310	I	0.00000	0	1.00000	0
311	L	0.00000	0	1.00000	0
312	Y	0.00001	0	0.99999	0
313	A	0.00010	0	0.99990	0
314	A	0.00231	0	0.99769	0
315	L	0.08746	0	0.91254	0
316	N	0.64651	0	0.35349	0
317	R	1.00000	0	0.00000	0
318	D	1.00000	0	0.00000	0
319	F	1.00000	0	0.00000	0
320	R	1.00000	0	0.00000	0
321	N	1.00000	0	0.00000	0
322	A	1.00000	0	0.00000	0
323	Y	1.00000	0	0.00000	0
324	Q	1.00000	0	0.00000	0
325	Q	1.00000	0	0.00000	0
326	L	1.00000	0	0.00000	0
327	F	1.00000	0	0.00000	0
328	C	1.00000	0	0.00000	0
329	C	1.00000	0	0.00000	0
330	R	1.00000	0	0.00000	0
331	L	1.00000	0	0.00000	0
332	A	1.00000	0	0.00000	0
333	G	1.00000	0	0.00000	0
334	R	1.00000	0	0.00000	0
335	G	1.00000	0	0.00000	0
336	S	1.00000	0	0.00000	0
337	H	1.00000	0	0.00000	0
338	E	1.00000	0	0.00000	0
339	T	1.00000	0	0.00000	0
340	C	1.00000	0	0.00000	0
341	L	1.00000	0	0.00000	0
342	R	1.00000	0	0.00000	0
343	F	1.00000	0	0.00000	0
344	N	1.00000	0	0.00000	0
345	N	1.00000	0	0.00000	0
346	A	1.00000	0	0.00000	0
347	L	1.00000	0	0.00000	0
348	L	1.00000	0	0.00000	0
349	P	1.00000	0	0.00000	0
350	K	1.00000	0	0.00000	0
351	S	1.00000	0	0.00000	0
352	Q	1.00000	0	0.00000	0
353	S	1.00000	0	0.00000	0
354	Q	1.00000	0	0.00000	0
355	E	1.00000	0	0.00000	0
356	P	1.00000	0	0.00000	0
357	R	1.00000	0	0.00000	0
358	R	1.00000	0	0.00000	0
359	Q	1.00000	0	0.00000	0
360	E	1.00000	0	0.00000	0
361	E	1.00000	0	0.00000	0
362	K	1.00000	0	0.00000	0
363	P	1.00000	0	0.00000	0
364	L	1.00000	0	0.00000	0
365	K	1.00000	0	0.00000	0
366	L	1.00000	0	0.00000	0
367	Q	1.00000	0	0.00000	0
368	V	1.00000	0	0.00000	0
369	W	1.00000	0	0.00000	0
370	S	1.00000	0	0.00000	0
371	G	1.00000	0	0.00000	0
372	T	1.00000	0	0.00000	0
373	E	1.00000	0	0.00000	0
374	A	1.00000	0	0.00000	0
375	T	1.00000	0	0.00000	0
376	A	1.00000	0	0.00000	0
377	P	1.00000	0	0.00000	0
378	Q	1.00000	0	0.00000	0
379	G	1.00000	0	0.00000	0
380	A	1.00000	0	0.00000	0
381	T	1.00000	0	0.00000	0
382	D	1.00000	0	0.00000	0
383	R	1.00000	0	0.00000	0
384	P	1.00000	0	0.00000	0
385	C	1.00000	0	0.00000	0
386	L	1.00000	0	0.00000	0
387	C	1.00000	0	0.00000	0
388	P	1.00000	0	0.00000	0
389	P	1.00000	0	0.00000	0
390	E	1.00000	0	0.00000	0
391	C	1.00000	0	0.00000	0
392	W	1.00000	0	0.00000	0
393	F	1.00000	0	0.00000	0
394	V	1.00000	0	0.00000	0
395	E	1.00000	0	0.00000	0
396	L	1.00000	0	0.00000	0
397	T	1.00000	0	0.00000	0
398	I	1.00000	0	0.00000	0
399	H	1.00000	0	0.00000	0
400	S	1.00000	0	0.00000	0
401	F	1.00000	0	0.00000	0
402	I	1.00000	0	0.00000	0
403	P	1.00000	0	0.00000	0
404	L	1.00000	0	0.00000	0
405	V	1.00000	0	0.00000	0
406	R	1.00000	0	0.00000	0
407	H	1.00000	0	0.00000	0
408	S	1.00000	0	0.00000	0
409	F	1.00000	0	0.00000	0
410	A	1.00000	0	0.00000	0
411	N	1.00000	0	0.00000	0
412	I	1.00000	0	0.00000	0
413	S	1.00000	0	0.00000	0
414	Q	1.00000	0	0.00000	0
415	I	1.00000	0	0.00000	0
416	P	1.00000	0	0.00000	0
417	T	1.00000	0	0.00000	0
418	T	1.00000	0	0.00000	0
419	C	1.00000	0	0.00000	0
420	Q	1.00000	0	0.00000	0
421	E	1.00000	0	0.00000	0
422	P	1.00000	0	0.00000	0
423	C	1.00000	0	0.00000	0
