# UNNAMED
#pos	aa	i	o	M	S
1	M	0.00000	0.99998	0.00000	2e-05
2	V	0.00000	0.99998	0.00000	2e-05
3	T	0.00000	0.99998	0.00000	2e-05
4	L	0.00000	0.99998	0.00000	2e-05
5	S	0.00000	0.99998	0.00000	2e-05
6	D	0.00000	0.99998	0.00000	2e-05
7	D	0.00000	0.99998	0.00000	2e-05
8	A	0.00000	0.99998	0.00000	1e-05
9	I	0.00000	0.99998	0.00000	1e-05
10	P	0.00000	0.99998	0.00000	1e-05
11	T	0.00000	0.99998	0.00000	2e-05
12	A	0.00000	0.99998	0.00000	2e-05
13	I	0.00000	0.99998	0.00000	2e-05
14	M	0.00000	0.99998	0.00000	2e-05
15	W	0.00000	0.99998	0.00000	2e-05
16	R	0.00000	0.99998	0.00000	2e-05
17	H	0.00000	0.99998	0.00000	2e-05
18	Q	0.00000	0.99998	0.00000	1e-05
19	A	0.00000	0.99998	0.00000	2e-05
20	V	0.00000	0.99998	0.00000	2e-05
21	P	0.00000	0.99998	0.00000	2e-05
22	S	0.00000	0.99998	0.00000	2e-05
23	E	0.00000	0.99999	0.00000	0
24	Q	0.00000	1	0.00000	0
25	H	0.00000	1	0.00000	0
26	E	0.00000	1	0.00000	0
27	L	0.00000	1	0.00000	0
28	S	0.00000	1	0.00000	0
29	H	0.00000	1	0.00000	0
30	S	0.00000	1	0.00000	0
31	K	0.00000	1	0.00000	0
32	R	0.00000	1	0.00000	0
33	T	0.00000	1	0.00000	0
34	Q	0.00000	1	0.00000	0
35	T	0.00000	1	0.00000	0
36	K	0.00000	1	0.00000	0
37	K	0.00000	1	0.00000	0
38	E	0.00000	1	0.00000	0
39	T	0.00000	1	0.00000	0
40	F	0.00000	1	0.00000	0
41	N	0.00000	1	0.00000	0
42	C	0.00000	1	0.00000	0
43	S	0.00000	1	0.00000	0
44	E	0.00000	1	0.00000	0
45	Y	0.00000	1	0.00000	0
46	G	0.00000	1	0.00000	0
47	N	0.00000	1	0.00000	0
48	R	0.00000	1	0.00000	0
49	S	0.00000	1	0.00000	0
50	C	0.00000	1	0.00000	0
51	P	0.00000	1	0.00000	0
52	E	0.00000	1	0.00000	0
53	N	0.00000	1	0.00000	0
54	E	0.00000	1	0.00000	0
55	R	0.00000	1	0.00000	0
56	S	0.00000	0.99995	0.00005	0
57	L	0.00000	0.99962	0.00038	0
58	G	0.00000	0.99933	0.00067	0
59	V	0.00000	0.99881	0.00119	0
60	R	0.00000	0.98566	0.01434	0
61	V	0.00000	0.72571	0.27429	0
62	A	0.00000	0.53067	0.46933	0
63	M	0.00000	0.4312	0.56880	0
64	Y	0.00000	0.17981	0.82019	0
65	S	0.00000	0.15601	0.84399	0
66	F	0.00000	0.11206	0.88794	0
67	M	0.00000	0.09831	0.90169	0
68	A	0.00000	0.05649	0.94351	0
69	G	0.00000	0.02707	0.97293	0
70	A	0.00000	0.00394	0.99606	0
71	I	0.00000	5e-05	0.99995	0
72	F	0.00000	0	1.00000	0
73	I	0.00000	0	1.00000	0
74	T	0.00000	0	1.00000	0
75	I	0.00000	0	1.00000	0
76	F	0.00000	0	1.00000	0
77	G	0.00000	0	1.00000	0
78	N	0.00000	0	1.00000	0
79	L	0.00000	0	1.00000	0
80	A	0.00000	0	1.00000	0
81	M	0.00000	0	1.00000	0
82	I	0.00001	0	0.99999	0
83	I	0.00126	0	0.99874	0
84	S	0.12860	0	0.87140	0
85	I	0.16908	0	0.83092	0
86	S	0.70471	0	0.29529	0
87	Y	0.75428	0	0.24572	0
88	F	0.81500	0	0.18500	0
89	K	0.98716	0	0.01284	0
90	Q	0.99936	0	0.00064	0
91	L	0.99950	0	0.00050	0
92	H	1.00000	0	0.00000	0
93	T	1.00000	0	0.00000	0
94	P	1.00000	0	0.00000	0
95	T	0.92661	0	0.07339	0
96	N	0.15914	0	0.84086	0
97	F	0.03943	0	0.96057	0
98	L	0.00076	0	0.99924	0
99	I	0.00007	0	0.99993	0
100	L	0.00000	0	1.00000	0
101	S	0.00000	0	1.00000	0
102	M	0.00000	0	1.00000	0
103	A	0.00000	0	1.00000	0
104	I	0.00000	0	1.00000	0
105	T	0.00000	0	1.00000	0
106	D	0.00000	0	1.00000	0
107	F	0.00000	0	1.00000	0
108	L	0.00000	0	1.00000	0
109	L	0.00000	0	1.00000	0
110	G	0.00000	0	1.00000	0
111	F	0.00000	0	1.00000	0
112	T	0.00000	0	1.00000	0
113	I	0.00000	1e-05	0.99999	0
114	M	0.00000	0.00152	0.99848	0
115	P	0.00000	0.09365	0.90635	0
116	Y	0.00000	0.35539	0.64461	0
117	S	0.00000	0.48768	0.51232	0
118	M	0.00000	0.53798	0.46202	0
119	I	0.00000	0.6919	0.30810	0
120	R	0.00000	0.99993	0.00007	0
121	S	0.00000	0.99997	0.00003	0
122	V	0.00000	0.99997	0.00003	0
123	E	0.00000	1	0.00000	0
124	N	0.00000	1	0.00000	0
125	C	0.00000	1	0.00000	0
126	W	0.00000	1	0.00000	0
127	Y	0.00000	1	0.00000	0
128	F	0.00000	1	0.00000	0
129	G	0.00000	1	0.00000	0
130	L	0.00000	1	0.00000	0
131	T	0.00000	1	0.00000	0
132	F	0.00000	1	0.00000	0
133	C	0.00000	1	0.00000	0
134	K	0.00000	0.99998	0.00002	0
135	I	0.00000	0.99658	0.00342	0
136	H	0.00000	0.62658	0.37342	0
137	Y	0.00000	0.35374	0.64626	0
138	S	0.00000	0.23543	0.76457	0
139	F	0.00000	0.01498	0.98502	0
140	D	0.00000	0.01056	0.98944	0
141	L	0.00000	0.00019	0.99981	0
142	M	0.00000	0	1.00000	0
143	L	0.00000	0	1.00000	0
144	S	0.00000	0	1.00000	0
145	I	0.00000	0	1.00000	0
146	T	0.00000	0	1.00000	0
147	S	0.00000	0	1.00000	0
148	I	0.00000	0	1.00000	0
149	F	0.00000	0	1.00000	0
150	H	0.00000	0	1.00000	0
151	L	0.00000	0	1.00000	0
152	C	0.00000	0	1.00000	0
153	S	0.00000	0	1.00000	0
154	V	0.00000	0	1.00000	0
155	A	0.00000	0	1.00000	0
156	I	0.00000	0	1.00000	0
157	D	0.00000	0	1.00000	0
158	R	0.00368	0	0.99632	0
159	F	0.07798	0	0.92202	0
160	Y	0.62499	0	0.37501	0
161	A	0.91371	0	0.08629	0
162	I	0.99995	0	0.00005	0
163	C	1.00000	0	0.00000	0
164	Y	1.00000	0	0.00000	0
165	P	1.00000	0	0.00000	0
166	L	1.00000	0	0.00000	0
167	H	1.00000	0	0.00000	0
168	Y	1.00000	0	0.00000	0
169	S	1.00000	0	0.00000	0
170	T	1.00000	0	0.00000	0
171	K	1.00000	0	0.00000	0
172	I	1.00000	0	0.00000	0
173	T	1.00000	0	0.00000	0
174	I	0.99979	0	0.00021	0
175	P	0.99359	0	0.00641	0
176	V	0.76002	0	0.23998	0
177	I	0.73254	0	0.26746	0
178	K	0.72927	0	0.27073	0
179	R	0.70396	0	0.29604	0
180	L	0.12031	0	0.87969	0
181	L	0.00548	0	0.99452	0
182	L	0.00029	0	0.99971	0
183	L	0.00000	0	1.00000	0
184	C	0.00000	0	1.00000	0
185	W	0.00000	0	1.00000	0
186	S	0.00000	0	1.00000	0
187	V	0.00000	0	1.00000	0
188	P	0.00000	0	1.00000	0
189	G	0.00000	0	1.00000	0
190	A	0.00000	0	1.00000	0
191	F	0.00000	0	1.00000	0
192	A	0.00000	0	1.00000	0
193	F	0.00000	0	1.00000	0
194	G	0.00000	4e-05	0.99996	0
195	V	0.00000	0.00055	0.99945	0
196	V	0.00000	0.00833	0.99167	0
197	F	0.00000	0.0572	0.94280	0
198	S	0.00000	0.22834	0.77166	0
199	E	0.00000	0.30318	0.69682	0
200	A	0.00000	0.32449	0.67551	0
201	Y	0.00000	0.48239	0.51761	0
202	A	0.00000	0.71023	0.28977	0
203	D	0.00000	0.99964	0.00036	0
204	G	0.00000	0.99998	0.00002	0
205	I	0.00000	0.99999	0.00001	0
206	E	0.00000	1	0.00000	0
207	G	0.00000	1	0.00000	0
208	Y	0.00000	1	0.00000	0
209	D	0.00000	1	0.00000	0
210	I	0.00000	1	0.00000	0
211	L	0.00000	1	0.00000	0
212	V	0.00000	1	0.00000	0
213	A	0.00000	1	0.00000	0
214	C	0.00000	1	0.00000	0
215	S	0.00000	1	0.00000	0
216	S	0.00000	1	0.00000	0
217	S	0.00000	1	0.00000	0
218	C	0.00000	0.99998	0.00002	0
219	P	0.00000	0.97768	0.02232	0
220	V	0.00000	0.97753	0.02247	0
221	M	0.00000	0.97644	0.02356	0
222	F	0.00000	0.97425	0.02575	0
223	N	0.00000	0.97421	0.02579	0
224	K	0.00000	0.9738	0.02620	0
225	L	0.00000	0.96781	0.03219	0
226	W	0.00000	0.96341	0.03659	0
227	G	0.00000	0.94486	0.05514	0
228	T	0.00000	0.89536	0.10464	0
229	T	0.00000	0.01932	0.98068	0
230	L	0.00000	0.0016	0.99840	0
231	F	0.00000	0.00028	0.99972	0
232	T	0.00000	0.00014	0.99986	0
233	A	0.00000	0	1.00000	0
234	G	0.00000	0	1.00000	0
235	F	0.00000	0	1.00000	0
236	F	0.00000	0	1.00000	0
237	T	0.00000	0	1.00000	0
238	P	0.00000	0	1.00000	0
239	G	0.00000	0	1.00000	0
240	S	0.00000	0	1.00000	0
241	M	0.00000	0	1.00000	0
242	M	0.00000	0	1.00000	0
243	V	0.00002	0	0.99998	0
244	G	0.00074	0	0.99926	0
245	I	0.00139	0	0.99861	0
246	Y	0.00633	0	0.99367	0
247	G	0.02233	0	0.97767	0
248	K	0.02695	0	0.97305	0
249	I	0.02708	0	0.97292	0
250	F	0.03061	0	0.96939	0
251	A	0.13088	0	0.86912	0
252	V	0.18401	0	0.81599	0
253	S	0.98375	0	0.01625	0
254	R	0.99947	0	0.00053	0
255	K	0.99998	0	0.00002	0
256	H	0.99999	0	0.00001	0
257	A	1.00000	0	0.00000	0
258	H	1.00000	0	0.00000	0
259	A	1.00000	0	0.00000	0
260	I	1.00000	0	0.00000	0
261	N	1.00000	0	0.00000	0
262	S	1.00000	0	0.00000	0
263	L	1.00000	0	0.00000	0
264	P	1.00000	0	0.00000	0
265	E	1.00000	0	0.00000	0
266	N	1.00000	0	0.00000	0
267	Q	1.00000	0	0.00000	0
268	N	1.00000	0	0.00000	0
269	N	1.00000	0	0.00000	0
270	Q	1.00000	0	0.00000	0
271	V	1.00000	0	0.00000	0
272	K	1.00000	0	0.00000	0
273	K	1.00000	0	0.00000	0
274	D	1.00000	0	0.00000	0
275	K	0.98783	0	0.01217	0
276	K	0.98701	0	0.01299	0
277	A	0.38445	0	0.61555	0
278	A	0.38186	0	0.61814	0
279	K	0.34117	0	0.65883	0
280	T	0.25292	0	0.74708	0
281	L	0.00238	0	0.99762	0
282	G	0.00026	0	0.99974	0
283	I	0.00007	0	0.99993	0
284	V	0.00006	0	0.99994	0
285	M	0.00006	0	0.99994	0
286	G	0.00001	0	0.99999	0
287	V	0.00000	0	1.00000	0
288	F	0.00000	0	1.00000	0
289	L	0.00000	0	1.00000	0
290	L	0.00000	0	1.00000	0
291	C	0.00000	0	1.00000	0
292	W	0.00000	0	1.00000	0
293	F	0.00000	0	1.00000	0
294	P	0.00000	0	1.00000	0
295	C	0.00000	0	1.00000	0
296	F	0.00000	0	1.00000	0
297	F	0.00000	1e-05	0.99999	0
298	T	0.00000	0.00022	0.99978	0
299	I	0.00000	0.00047	0.99953	0
300	L	0.00000	0.00344	0.99656	0
301	L	0.00000	0.15992	0.84008	0
302	D	0.00000	0.95527	0.04473	0
303	P	0.00000	0.95748	0.04252	0
304	F	0.00000	0.95833	0.04167	0
305	L	0.00000	0.96284	0.03716	0
306	N	0.00000	0.97849	0.02151	0
307	F	0.00000	0.97979	0.02021	0
308	S	0.00000	0.9917	0.00830	0
309	T	0.00000	0.9978	0.00220	0
310	P	0.00000	0.9986	0.00140	0
311	V	0.00000	0.99249	0.00751	0
312	I	0.00000	0.98985	0.01015	0
313	L	0.00000	0.98717	0.01283	0
314	F	0.00000	0.98627	0.01373	0
315	D	0.00000	0.94096	0.05904	0
316	A	0.00000	0.04969	0.95031	0
317	L	0.00000	0.00994	0.99006	0
318	T	0.00000	0.00376	0.99624	0
319	W	0.00000	0.00025	0.99975	0
320	F	0.00000	0	1.00000	0
321	G	0.00000	0	1.00000	0
322	Y	0.00000	0	1.00000	0
323	F	0.00000	0	1.00000	0
324	N	0.00000	0	1.00000	0
325	S	0.00000	0	1.00000	0
326	T	0.00000	0	1.00000	0
327	C	0.00000	0	1.00000	0
328	N	0.00000	0	1.00000	0
329	P	0.00000	0	1.00000	0
330	L	0.00000	0	1.00000	0
331	I	0.00001	0	0.99999	0
332	Y	0.00003	0	0.99997	0
333	G	0.00014	0	0.99986	0
334	F	0.00075	0	0.99925	0
335	F	0.00457	0	0.99543	0
336	Y	0.10024	0	0.89976	0
337	P	0.44751	0	0.55249	0
338	W	0.77025	0	0.22975	0
339	F	0.93592	0	0.06408	0
340	R	1.00000	0	0.00000	0
341	R	1.00000	0	0.00000	0
342	A	1.00000	0	0.00000	0
343	L	1.00000	0	0.00000	0
344	K	1.00000	0	0.00000	0
345	Y	1.00000	0	0.00000	0
346	I	1.00000	0	0.00000	0
347	L	1.00000	0	0.00000	0
348	L	1.00000	0	0.00000	0
349	G	1.00000	0	0.00000	0
350	K	1.00000	0	0.00000	0
351	V	1.00000	0	0.00000	0
352	F	1.00000	0	0.00000	0
353	S	1.00000	0	0.00000	0
354	S	1.00000	0	0.00000	0
355	H	1.00000	0	0.00000	0
356	F	1.00000	0	0.00000	0
357	H	1.00000	0	0.00000	0
358	N	1.00000	0	0.00000	0
359	T	1.00000	0	0.00000	0
360	N	1.00000	0	0.00000	0
361	L	1.00000	0	0.00000	0
362	C	1.00000	0	0.00000	0
363	I	1.00000	0	0.00000	0
364	Q	1.00000	0	0.00000	0
365	K	1.00000	0	0.00000	0
366	E	1.00000	0	0.00000	0
367	N	1.00000	0	0.00000	0
368	E	1.00000	0	0.00000	0
