# UNNAMED
#pos	aa	i	o	M	S
1	M	0.00000	0.9865	0.00000	0.0135
2	A	0.00000	0.9865	0.00000	0.01349
3	N	0.00000	0.9865	0.00000	0.0135
4	P	0.00000	0.9865	0.00000	0.0135
5	F	0.00000	0.9865	0.00000	0.01349
6	P	0.00000	0.9865	0.00000	0.0135
7	L	0.00000	0.9865	0.00000	0.01349
8	L	0.00000	0.9865	0.00000	0.0135
9	P	0.00000	0.9865	0.00000	0.0135
10	F	0.00000	0.9865	0.00000	0.0135
11	G	0.00000	0.9865	0.00000	0.0135
12	N	0.00000	0.9865	0.00000	0.01349
13	N	0.00000	0.9865	0.00000	0.0135
14	Y	0.00000	0.9865	0.00000	0.01349
15	T	0.00000	0.9865	0.00000	0.0135
16	A	0.00000	0.98662	0.00000	0.01337
17	H	0.00000	0.98664	0.00000	0.01336
18	G	0.00000	0.98664	0.00000	0.01335
19	S	0.00000	0.99994	0.00000	6e-05
20	R	0.00000	0.99994	0.00000	6e-05
21	S	0.00000	0.99994	0.00000	6e-05
22	R	0.00000	0.99994	0.00000	6e-05
23	F	0.00000	0.99994	0.00000	6e-05
24	A	0.00000	0.99994	0.00000	6e-05
25	S	0.00000	0.99994	0.00000	6e-05
26	L	0.00000	0.99994	0.00000	6e-05
27	G	0.00000	0.99994	0.00000	5e-05
28	I	0.00000	0.99996	0.00000	4e-05
29	L	0.00000	0.99996	0.00000	4e-05
30	N	0.00000	0.99996	0.00000	4e-05
31	G	0.00000	0.99996	0.00000	4e-05
32	H	0.00000	0.99996	0.00000	4e-05
33	F	0.00000	0.99996	0.00000	4e-05
34	P	0.00000	0.99996	0.00000	4e-05
35	I	0.00000	0.99996	0.00000	4e-05
36	H	0.00000	0.99996	0.00000	4e-05
37	C	0.00000	0.99996	0.00000	4e-05
38	A	0.00000	1	0.00000	0
39	G	0.00000	1	0.00000	0
40	R	0.00000	1	0.00000	0
41	Y	0.00000	1	0.00000	0
42	P	0.00000	1	0.00000	0
43	G	0.00000	1	0.00000	0
44	E	0.00000	1	0.00000	0
45	C	0.00000	1	0.00000	0
46	L	0.00000	1	0.00000	0
47	R	0.00000	1	0.00000	0
48	R	0.00000	1	0.00000	0
49	A	0.00000	1	0.00000	0
50	L	0.00000	1	0.00000	0
51	C	0.00000	1	0.00000	0
52	S	0.00000	1	0.00000	0
53	S	0.00000	1	0.00000	0
54	L	0.00000	1	0.00000	0
55	A	0.00000	1	0.00000	0
56	Q	0.00000	1	0.00000	0
57	N	0.00000	1	0.00000	0
58	S	0.00000	1	0.00000	0
59	V	0.00000	1	0.00000	0
60	R	0.00000	1	0.00000	0
61	Y	0.00000	1	0.00000	0
62	S	0.00000	1	0.00000	0
63	T	0.00000	1	0.00000	0
64	G	0.00000	1	0.00000	0
65	K	0.00000	1	0.00000	0
66	D	0.00000	1	0.00000	0
67	T	0.00000	1	0.00000	0
68	C	0.00000	1	0.00000	0
69	Q	0.00000	1	0.00000	0
70	N	0.00000	1	0.00000	0
71	C	0.00000	1	0.00000	0
72	L	0.00000	1	0.00000	0
73	A	0.00000	1	0.00000	0
74	G	0.00000	1	0.00000	0
75	L	0.00000	1	0.00000	0
76	V	0.00000	1	0.00000	0
77	H	0.00000	1	0.00000	0
78	C	0.00000	1	0.00000	0
79	I	0.00000	1	0.00000	0
80	K	0.00000	1	0.00000	0
81	F	0.00000	1	0.00000	0
82	D	0.00000	1	0.00000	0
83	A	0.00000	1	0.00000	0
84	M	0.00000	1	0.00000	0
85	S	0.00000	1	0.00000	0
86	T	0.00000	1	0.00000	0
87	H	0.00000	1	0.00000	0
88	G	0.00000	1	0.00000	0
89	T	0.00000	1	0.00000	0
90	N	0.00000	1	0.00000	0
91	S	0.00000	1	0.00000	0
92	S	0.00000	1	0.00000	0
93	H	0.00000	1	0.00000	0
94	V	0.00000	1	0.00000	0
95	M	0.00000	1	0.00000	0
96	P	0.00000	1	0.00000	0
97	F	0.00000	1	0.00000	0
98	T	0.00000	1	0.00000	0
99	N	0.00000	1	0.00000	0
100	D	0.00000	1	0.00000	0
101	T	0.00000	1	0.00000	0
102	N	0.00000	1	0.00000	0
103	S	0.00000	1	0.00000	0
104	S	0.00000	1	0.00000	0
105	D	0.00000	1	0.00000	0
106	V	0.00000	1	0.00000	0
107	R	0.00000	1	0.00000	0
108	P	0.00000	1	0.00000	0
109	A	0.00000	1	0.00000	0
110	S	0.00000	1	0.00000	0
111	N	0.00000	1	0.00000	0
112	D	0.00000	1	0.00000	0
113	I	0.00000	0.99935	0.00065	0
114	N	0.00000	0.99933	0.00067	0
115	S	0.00000	0.99791	0.00209	0
116	F	0.00000	0.99031	0.00969	0
117	S	0.00000	0.98791	0.01209	0
118	N	0.00000	0.97643	0.02357	0
119	I	0.00000	0.20807	0.79193	0
120	A	0.00000	0.10009	0.89991	0
121	L	0.00000	0.03287	0.96713	0
122	A	0.00000	0.01382	0.98618	0
123	F	0.00000	0.00349	0.99651	0
124	L	0.00000	0.00206	0.99794	0
125	M	0.00000	0.00163	0.99837	0
126	S	0.00000	0.00065	0.99935	0
127	L	0.00000	6e-05	0.99994	0
128	L	0.00000	0	1.00000	0
129	A	0.00000	0	1.00000	0
130	F	0.00000	0	1.00000	0
131	A	0.00000	0	1.00000	0
132	I	0.00000	0	1.00000	0
133	M	0.00000	0	1.00000	0
134	L	0.00000	0	1.00000	0
135	G	0.00000	0	1.00000	0
136	N	0.00000	0	1.00000	0
137	A	0.00000	0	1.00000	0
138	V	0.00000	0	1.00000	0
139	V	0.00000	0	1.00000	0
140	I	0.00000	0	1.00000	0
141	L	0.00021	0	0.99979	0
142	A	0.00813	0	0.99187	0
143	F	0.03241	0	0.96759	0
144	V	0.19572	0	0.80428	0
145	V	0.55831	0	0.44169	0
146	D	0.99716	0	0.00284	0
147	K	0.99996	0	0.00004	0
148	N	1.00000	0	0.00000	0
149	L	1.00000	0	0.00000	0
150	R	1.00000	0	0.00000	0
151	H	1.00000	0	0.00000	0
152	R	0.99999	0	0.00001	0
153	S	0.99494	0	0.00506	0
154	N	0.90269	0	0.09731	0
155	Y	0.35563	0	0.64437	0
156	F	0.00416	0	0.99584	0
157	F	0.00012	0	0.99988	0
158	L	0.00000	0	1.00000	0
159	N	0.00000	0	1.00000	0
160	L	0.00000	0	1.00000	0
161	A	0.00000	0	1.00000	0
162	V	0.00000	0	1.00000	0
163	S	0.00000	0	1.00000	0
164	D	0.00000	0	1.00000	0
165	F	0.00000	0	1.00000	0
166	F	0.00000	0	1.00000	0
167	V	0.00000	0	1.00000	0
168	G	0.00000	0	1.00000	0
169	V	0.00000	0	1.00000	0
170	I	0.00000	0	1.00000	0
171	S	0.00000	0	1.00000	0
172	I	0.00000	1e-05	0.99999	0
173	P	0.00000	0.00014	0.99986	0
174	L	0.00000	0.00075	0.99925	0
175	F	0.00000	0.00505	0.99495	0
176	I	0.00000	0.02484	0.97516	0
177	P	0.00000	0.4827	0.51730	0
178	H	0.00000	0.99999	0.00001	0
179	K	0.00000	0.99999	0.00001	0
180	L	0.00000	1	0.00000	0
181	F	0.00000	1	0.00000	0
182	N	0.00000	1	0.00000	0
183	W	0.00000	1	0.00000	0
184	K	0.00000	1	0.00000	0
185	F	0.00000	1	0.00000	0
186	E	0.00000	1	0.00000	0
187	N	0.00000	1	0.00000	0
188	N	0.00000	1	0.00000	0
189	I	0.00000	0.99988	0.00012	0
190	C	0.00000	0.99978	0.00022	0
191	V	0.00000	0.99869	0.00131	0
192	F	0.00000	0.9984	0.00160	0
193	W	0.00000	0.96969	0.03031	0
194	L	0.00000	0.54009	0.45991	0
195	T	0.00000	0.38565	0.61435	0
196	T	0.00000	0.06307	0.93693	0
197	D	0.00000	0.0253	0.97470	0
198	Y	0.00000	0.00206	0.99794	0
199	L	0.00000	1e-05	0.99999	0
200	L	0.00000	0	1.00000	0
201	C	0.00000	0	1.00000	0
202	T	0.00000	0	1.00000	0
203	A	0.00000	0	1.00000	0
204	S	0.00000	0	1.00000	0
205	V	0.00000	0	1.00000	0
206	Y	0.00000	0	1.00000	0
207	N	0.00000	0	1.00000	0
208	I	0.00000	0	1.00000	0
209	V	0.00000	0	1.00000	0
210	L	0.00000	0	1.00000	0
211	I	0.00000	0	1.00000	0
212	S	0.00001	0	0.99999	0
213	F	0.00001	0	0.99999	0
214	D	0.00003	0	0.99997	0
215	R	0.00459	0	0.99541	0
216	Y	0.02493	0	0.97507	0
217	Q	0.06520	0	0.93480	0
218	S	0.54887	0	0.45113	0
219	V	0.99981	0	0.00019	0
220	S	1.00000	0	0.00000	0
221	N	1.00000	0	0.00000	0
222	A	1.00000	0	0.00000	0
223	V	1.00000	0	0.00000	0
224	S	1.00000	0	0.00000	0
225	Y	1.00000	0	0.00000	0
226	R	1.00000	0	0.00000	0
227	A	1.00000	0	0.00000	0
228	Q	1.00000	0	0.00000	0
229	H	0.99986	0	0.00014	0
230	T	0.99248	0	0.00752	0
231	G	0.98088	0	0.01912	0
232	T	0.96302	0	0.03698	0
233	L	0.88193	0	0.11807	0
234	K	0.85898	0	0.14102	0
235	T	0.42135	0	0.57865	0
236	V	0.03425	0	0.96575	0
237	T	0.01142	0	0.98858	0
238	L	0.00081	0	0.99919	0
239	M	0.00003	0	0.99997	0
240	V	0.00000	0	1.00000	0
241	A	0.00000	0	1.00000	0
242	V	0.00000	0	1.00000	0
243	W	0.00000	0	1.00000	0
244	V	0.00000	0	1.00000	0
245	A	0.00000	0	1.00000	0
246	A	0.00000	0	1.00000	0
247	F	0.00000	0	1.00000	0
248	L	0.00000	0	1.00000	0
249	V	0.00000	0.00013	0.99987	0
250	H	0.00000	0.00584	0.99416	0
251	G	0.00000	0.01333	0.98667	0
252	P	0.00000	0.01822	0.98178	0
253	I	0.00000	0.02158	0.97842	0
254	L	0.00000	0.04365	0.95635	0
255	V	0.00000	0.38851	0.61149	0
256	S	0.00000	0.5978	0.40220	0
257	E	0.00000	0.94671	0.05329	0
258	V	0.00000	0.96656	0.03344	0
259	R	0.00000	0.99925	0.00075	0
260	K	0.00000	1	0.00000	0
261	E	0.00000	1	0.00000	0
262	L	0.00000	1	0.00000	0
263	G	0.00000	1	0.00000	0
264	A	0.00000	1	0.00000	0
265	D	0.00000	1	0.00000	0
266	C	0.00000	1	0.00000	0
267	K	0.00000	1	0.00000	0
268	P	0.00000	1	0.00000	0
269	E	0.00000	1	0.00000	0
270	F	0.00000	1	0.00000	0
271	L	0.00000	1	0.00000	0
272	K	0.00000	1	0.00000	0
273	K	0.00000	1	0.00000	0
274	W	0.00000	0.99963	0.00037	0
275	H	0.00000	0.99194	0.00806	0
276	I	0.00000	0.98412	0.01588	0
277	L	0.00000	0.97941	0.02059	0
278	A	0.00000	0.97561	0.02439	0
279	L	0.00000	0.00682	0.99318	0
280	T	0.00000	0.00587	0.99413	0
281	L	0.00000	0.00064	0.99936	0
282	L	0.00000	0.00049	0.99951	0
283	F	0.00000	0	1.00000	0
284	E	0.00000	0	1.00000	0
285	F	0.00000	0	1.00000	0
286	V	0.00000	0	1.00000	0
287	I	0.00000	0	1.00000	0
288	P	0.00000	0	1.00000	0
289	V	0.00000	0	1.00000	0
290	L	0.00000	0	1.00000	0
291	L	0.00000	0	1.00000	0
292	V	0.00000	0	1.00000	0
293	A	0.00000	0	1.00000	0
294	Y	0.00000	0	1.00000	0
295	F	0.00000	0	1.00000	0
296	N	0.00000	0	1.00000	0
297	M	0.00001	0	0.99999	0
298	Y	0.00002	0	0.99998	0
299	I	0.00014	0	0.99986	0
300	Y	0.00036	0	0.99964	0
301	W	0.00445	0	0.99555	0
302	S	0.20856	0	0.79144	0
303	L	0.29072	0	0.70928	0
304	W	0.36796	0	0.63204	0
305	K	0.99681	0	0.00319	0
306	R	0.99992	0	0.00008	0
307	S	0.99998	0	0.00002	0
308	H	1.00000	0	0.00000	0
309	L	1.00000	0	0.00000	0
310	S	1.00000	0	0.00000	0
311	R	1.00000	0	0.00000	0
312	G	1.00000	0	0.00000	0
313	H	1.00000	0	0.00000	0
314	S	1.00000	0	0.00000	0
315	G	1.00000	0	0.00000	0
316	F	1.00000	0	0.00000	0
317	I	1.00000	0	0.00000	0
318	S	1.00000	0	0.00000	0
319	A	1.00000	0	0.00000	0
320	P	1.00000	0	0.00000	0
321	S	1.00000	0	0.00000	0
322	S	1.00000	0	0.00000	0
323	S	1.00000	0	0.00000	0
324	S	1.00000	0	0.00000	0
325	G	1.00000	0	0.00000	0
326	R	1.00000	0	0.00000	0
327	S	1.00000	0	0.00000	0
328	F	1.00000	0	0.00000	0
329	R	1.00000	0	0.00000	0
330	N	1.00000	0	0.00000	0
331	G	1.00000	0	0.00000	0
332	L	1.00000	0	0.00000	0
333	F	1.00000	0	0.00000	0
334	S	1.00000	0	0.00000	0
335	R	1.00000	0	0.00000	0
336	P	1.00000	0	0.00000	0
337	S	1.00000	0	0.00000	0
338	L	1.00000	0	0.00000	0
339	S	1.00000	0	0.00000	0
340	N	1.00000	0	0.00000	0
341	L	1.00000	0	0.00000	0
342	E	1.00000	0	0.00000	0
343	E	1.00000	0	0.00000	0
344	S	1.00000	0	0.00000	0
345	A	1.00000	0	0.00000	0
346	A	1.00000	0	0.00000	0
347	S	1.00000	0	0.00000	0
348	L	1.00000	0	0.00000	0
349	R	1.00000	0	0.00000	0
350	S	1.00000	0	0.00000	0
351	E	1.00000	0	0.00000	0
352	K	1.00000	0	0.00000	0
353	S	1.00000	0	0.00000	0
354	G	1.00000	0	0.00000	0
355	R	1.00000	0	0.00000	0
356	K	1.00000	0	0.00000	0
357	S	1.00000	0	0.00000	0
358	S	1.00000	0	0.00000	0
359	L	1.00000	0	0.00000	0
360	L	1.00000	0	0.00000	0
361	S	1.00000	0	0.00000	0
362	S	1.00000	0	0.00000	0
363	L	1.00000	0	0.00000	0
364	R	1.00000	0	0.00000	0
365	P	1.00000	0	0.00000	0
366	Q	1.00000	0	0.00000	0
367	M	1.00000	0	0.00000	0
368	N	1.00000	0	0.00000	0
369	S	1.00000	0	0.00000	0
370	L	1.00000	0	0.00000	0
371	T	1.00000	0	0.00000	0
372	A	1.00000	0	0.00000	0
373	S	1.00000	0	0.00000	0
374	K	1.00000	0	0.00000	0
375	T	1.00000	0	0.00000	0
376	S	1.00000	0	0.00000	0
377	S	1.00000	0	0.00000	0
378	L	1.00000	0	0.00000	0
379	S	1.00000	0	0.00000	0
380	H	1.00000	0	0.00000	0
381	S	1.00000	0	0.00000	0
382	D	1.00000	0	0.00000	0
383	S	1.00000	0	0.00000	0
384	L	1.00000	0	0.00000	0
385	A	1.00000	0	0.00000	0
386	L	1.00000	0	0.00000	0
387	H	1.00000	0	0.00000	0
388	Q	1.00000	0	0.00000	0
389	R	1.00000	0	0.00000	0
390	E	1.00000	0	0.00000	0
391	H	1.00000	0	0.00000	0
392	L	1.00000	0	0.00000	0
393	E	1.00000	0	0.00000	0
394	L	1.00000	0	0.00000	0
395	R	1.00000	0	0.00000	0
396	R	0.99999	0	0.00001	0
397	G	0.99868	0	0.00132	0
398	K	0.82613	0	0.17387	0
399	K	0.82454	0	0.17546	0
400	L	0.65155	0	0.34845	0
401	A	0.64668	0	0.35332	0
402	K	0.64558	0	0.35442	0
403	S	0.64373	0	0.35627	0
404	L	0.00354	0	0.99646	0
405	A	0.00002	0	0.99998	0
406	I	0.00000	0	1.00000	0
407	L	0.00000	0	1.00000	0
408	L	0.00000	0	1.00000	0
409	G	0.00000	0	1.00000	0
410	V	0.00000	0	1.00000	0
411	F	0.00000	0	1.00000	0
412	A	0.00000	0	1.00000	0
413	V	0.00000	0	1.00000	0
414	C	0.00000	0	1.00000	0
415	W	0.00000	0	1.00000	0
416	A	0.00000	0	1.00000	0
417	P	0.00000	1e-05	0.99999	0
418	Y	0.00000	2e-05	0.99998	0
419	S	0.00000	0.00012	0.99988	0
420	L	0.00000	0.00125	0.99875	0
421	F	0.00000	0.01042	0.98958	0
422	T	0.00000	0.05062	0.94938	0
423	I	0.00000	0.1055	0.89450	0
424	I	0.00000	0.17692	0.82308	0
425	R	0.00000	0.87371	0.12629	0
426	S	0.00000	0.94441	0.05559	0
427	C	0.00000	0.991	0.00900	0
428	H	0.00000	0.99727	0.00273	0
429	G	0.00000	0.99944	0.00056	0
430	T	0.00000	0.99999	0.00001	0
431	H	0.00000	0.99999	0.00001	0
432	S	0.00000	1	0.00000	0
433	D	0.00000	1	0.00000	0
434	L	0.00000	1	0.00000	0
435	S	0.00000	0.99999	0.00001	0
436	N	0.00000	0.99958	0.00042	0
437	A	0.00000	0.99773	0.00227	0
438	V	0.00000	0.99572	0.00428	0
439	Y	0.00000	0.99506	0.00494	0
440	E	0.00000	0.89218	0.10782	0
441	F	0.00000	0.58467	0.41533	0
442	T	0.00000	0.55337	0.44663	0
443	F	0.00000	0.00291	0.99709	0
444	W	0.00000	0	1.00000	0
445	L	0.00000	0	1.00000	0
446	Q	0.00000	0	1.00000	0
447	W	0.00000	0	1.00000	0
448	F	0.00000	0	1.00000	0
449	N	0.00000	0	1.00000	0
450	S	0.00000	0	1.00000	0
451	F	0.00000	0	1.00000	0
452	V	0.00000	0	1.00000	0
453	N	0.00000	0	1.00000	0
454	P	0.00000	0	1.00000	0
455	F	0.00000	0	1.00000	0
456	L	0.00000	0	1.00000	0
457	Y	0.00001	0	0.99999	0
458	P	0.00005	0	0.99995	0
459	L	0.00059	0	0.99941	0
460	C	0.01426	0	0.98574	0
461	H	0.11558	0	0.88442	0
462	K	1.00000	0	0.00000	0
463	S	1.00000	0	0.00000	0
464	F	1.00000	0	0.00000	0
465	Q	1.00000	0	0.00000	0
466	K	1.00000	0	0.00000	0
467	A	1.00000	0	0.00000	0
468	F	1.00000	0	0.00000	0
469	L	1.00000	0	0.00000	0
470	K	1.00000	0	0.00000	0
471	L	1.00000	0	0.00000	0
472	F	1.00000	0	0.00000	0
473	R	1.00000	0	0.00000	0
474	V	1.00000	0	0.00000	0
475	K	1.00000	0	0.00000	0
476	K	1.00000	0	0.00000	0
477	Q	1.00000	0	0.00000	0
478	S	1.00000	0	0.00000	0
479	I	1.00000	0	0.00000	0
480	L	1.00000	0	0.00000	0
481	S	1.00000	0	0.00000	0
482	H	1.00000	0	0.00000	0
483	N	1.00000	0	0.00000	0
484	R	1.00000	0	0.00000	0
485	S	1.00000	0	0.00000	0
486	T	1.00000	0	0.00000	0
487	S	1.00000	0	0.00000	0
488	S	1.00000	0	0.00000	0
