# UNNAMED
#pos	aa	i	o	M	S
1	M	0.00000	0.97105	0.00000	0.02895
2	L	0.00000	0.97105	0.00000	0.02895
3	I	0.00000	0.97105	0.00000	0.02895
4	G	0.00000	0.97105	0.00000	0.02895
5	R	0.00000	0.97105	0.00000	0.02895
6	E	0.00000	0.97105	0.00000	0.02895
7	P	0.00000	0.97105	0.00000	0.02894
8	S	0.00000	0.97105	0.00000	0.02895
9	L	0.00000	0.97105	0.00000	0.02894
10	E	0.00000	0.97105	0.00000	0.02895
11	A	0.00000	0.97105	0.00000	0.02895
12	A	0.00000	0.97105	0.00000	0.02895
13	L	0.00000	0.97105	0.00000	0.02895
14	V	0.00000	0.97112	0.00000	0.02888
15	P	0.00000	0.97112	0.00000	0.02889
16	M	0.00000	0.97112	0.00000	0.02888
17	S	0.00000	0.97112	0.00000	0.02889
18	F	0.00000	0.97112	0.00000	0.02888
19	A	0.00000	0.97112	0.00000	0.02888
20	N	0.00000	0.99879	0.00000	0.00121
21	T	0.00000	0.99879	0.00000	0.00121
22	S	0.00000	0.99879	0.00000	0.00121
23	S	0.00000	0.99908	0.00000	0.00093
24	T	0.00000	0.99967	0.00000	0.00032
25	F	0.00000	0.99993	0.00000	7e-05
26	E	0.00000	0.99993	0.00000	7e-05
27	D	0.00000	1	0.00000	0
28	K	0.00000	1	0.00000	0
29	M	0.00000	1	0.00000	0
30	C	0.00000	1	0.00000	0
31	E	0.00000	1	0.00000	0
32	G	0.00000	1	0.00000	0
33	N	0.00000	1	0.00000	0
34	R	0.00000	1	0.00000	0
35	T	0.00000	1	0.00000	0
36	A	0.00000	0.99999	0.00001	0
37	M	0.00000	0.99994	0.00006	0
38	A	0.00000	0.99972	0.00028	0
39	S	0.00000	0.99948	0.00052	0
40	P	0.00000	0.99371	0.00629	0
41	Q	0.00000	0.97285	0.02715	0
42	L	0.00000	0.78648	0.21352	0
43	L	0.00000	0.60693	0.39307	0
44	P	0.00000	0.45293	0.54707	0
45	L	0.00000	0.09333	0.90667	0
46	V	0.00000	0.01217	0.98783	0
47	V	0.00000	0.00361	0.99639	0
48	V	0.00000	0.00021	0.99979	0
49	L	0.00000	3e-05	0.99997	0
50	S	0.00000	1e-05	0.99999	0
51	S	0.00000	0	1.00000	0
52	I	0.00000	0	1.00000	0
53	S	0.00000	0	1.00000	0
54	L	0.00000	0	1.00000	0
55	V	0.00000	0	1.00000	0
56	T	0.00000	0	1.00000	0
57	V	0.00000	0	1.00000	0
58	G	0.00000	0	1.00000	0
59	L	0.00000	0	1.00000	0
60	N	0.00000	0	1.00000	0
61	L	0.00000	0	1.00000	0
62	L	0.00000	0	1.00000	0
63	V	0.00001	0	0.99999	0
64	L	0.00040	0	0.99960	0
65	Y	0.00389	0	0.99611	0
66	A	0.08890	0	0.91110	0
67	V	0.26079	0	0.73921	0
68	H	0.78046	0	0.21954	0
69	S	0.98118	0	0.01882	0
70	E	0.99999	0	0.00001	0
71	R	1.00000	0	0.00000	0
72	K	1.00000	0	0.00000	0
73	L	0.99992	0	0.00008	0
74	H	0.99953	0	0.00047	0
75	T	0.99879	0	0.00121	0
76	V	0.94054	0	0.05946	0
77	G	0.72691	0	0.27309	0
78	N	0.09957	0	0.90043	0
79	L	0.01376	0	0.98624	0
80	Y	0.00057	0	0.99943	0
81	I	0.00001	0	0.99999	0
82	V	0.00000	0	1.00000	0
83	S	0.00000	0	1.00000	0
84	L	0.00000	0	1.00000	0
85	S	0.00000	0	1.00000	0
86	V	0.00000	0	1.00000	0
87	A	0.00000	0	1.00000	0
88	D	0.00000	0	1.00000	0
89	L	0.00000	0	1.00000	0
90	I	0.00000	0	1.00000	0
91	V	0.00000	0	1.00000	0
92	G	0.00000	0	1.00000	0
93	A	0.00000	0	1.00000	0
94	V	0.00000	0	1.00000	0
95	V	0.00000	0.00013	0.99987	0
96	M	0.00000	0.00146	0.99854	0
97	P	0.00000	0.0201	0.97990	0
98	M	0.00000	0.0583	0.94170	0
99	N	0.00000	0.63736	0.36264	0
100	I	0.00000	0.68393	0.31607	0
101	L	0.00000	0.80839	0.19161	0
102	Y	0.00000	0.99926	0.00074	0
103	L	0.00000	0.99931	0.00069	0
104	I	0.00000	0.99936	0.00064	0
105	M	0.00000	0.99959	0.00041	0
106	T	0.00000	0.9999	0.00010	0
107	K	0.00000	0.99999	0.00001	0
108	W	0.00000	0.99999	0.00001	0
109	S	0.00000	1	0.00000	0
110	L	0.00000	0.99999	0.00001	0
111	G	0.00000	0.99999	0.00001	0
112	R	0.00000	0.99998	0.00002	0
113	P	0.00000	0.99993	0.00007	0
114	L	0.00000	0.99913	0.00087	0
115	C	0.00000	0.99861	0.00139	0
116	L	0.00000	0.99632	0.00368	0
117	F	0.00000	0.99561	0.00439	0
118	W	0.00000	0.95426	0.04574	0
119	L	0.00000	0.59237	0.40763	0
120	S	0.00000	0.33807	0.66193	0
121	M	0.00000	0.01416	0.98584	0
122	D	0.00000	0.00462	0.99538	0
123	Y	0.00000	0.0003	0.99970	0
124	V	0.00000	0	1.00000	0
125	A	0.00000	0	1.00000	0
126	S	0.00000	0	1.00000	0
127	T	0.00000	0	1.00000	0
128	A	0.00000	0	1.00000	0
129	S	0.00000	0	1.00000	0
130	I	0.00000	0	1.00000	0
131	F	0.00000	0	1.00000	0
132	S	0.00000	0	1.00000	0
133	V	0.00000	0	1.00000	0
134	F	0.00000	0	1.00000	0
135	I	0.00000	0	1.00000	0
136	L	0.00000	0	1.00000	0
137	C	0.00002	0	0.99998	0
138	I	0.00007	0	0.99993	0
139	D	0.00035	0	0.99965	0
140	R	0.07788	0	0.92212	0
141	Y	0.20085	0	0.79915	0
142	R	0.50682	0	0.49318	0
143	S	0.87007	0	0.12993	0
144	V	0.99993	0	0.00007	0
145	Q	1.00000	0	0.00000	0
146	Q	1.00000	0	0.00000	0
147	P	1.00000	0	0.00000	0
148	L	1.00000	0	0.00000	0
149	R	1.00000	0	0.00000	0
150	Y	1.00000	0	0.00000	0
151	L	1.00000	0	0.00000	0
152	R	1.00000	0	0.00000	0
153	Y	1.00000	0	0.00000	0
154	R	1.00000	0	0.00000	0
155	T	0.99994	0	0.00006	0
156	K	0.99976	0	0.00024	0
157	T	0.97134	0	0.02866	0
158	R	0.94804	0	0.05196	0
159	A	0.39180	0	0.60820	0
160	S	0.28892	0	0.71108	0
161	A	0.18114	0	0.81886	0
162	T	0.12482	0	0.87518	0
163	I	0.00191	0	0.99809	0
164	L	0.00007	0	0.99993	0
165	G	0.00000	0	1.00000	0
166	A	0.00000	0	1.00000	0
167	W	0.00000	0	1.00000	0
168	F	0.00000	0	1.00000	0
169	F	0.00000	0	1.00000	0
170	S	0.00000	0	1.00000	0
171	F	0.00000	0	1.00000	0
172	L	0.00000	0	1.00000	0
173	W	0.00000	0	1.00000	0
174	V	0.00000	0	1.00000	0
175	I	0.00000	0	1.00000	0
176	P	0.00000	0.00019	0.99981	0
177	I	0.00000	0.00074	0.99926	0
178	L	0.00000	0.00931	0.99069	0
179	G	0.00000	0.20098	0.79902	0
180	W	0.00000	0.36599	0.63401	0
181	H	0.00000	0.59614	0.40386	0
182	H	0.00000	0.70525	0.29475	0
183	F	0.00000	0.72613	0.27387	0
184	M	0.00000	0.76821	0.23179	0
185	P	0.00000	0.9795	0.02050	0
186	P	0.00000	0.99989	0.00011	0
187	A	0.00000	1	0.00000	0
188	P	0.00000	1	0.00000	0
189	E	0.00000	1	0.00000	0
190	L	0.00000	1	0.00000	0
191	R	0.00000	1	0.00000	0
192	E	0.00000	1	0.00000	0
193	D	0.00000	1	0.00000	0
194	K	0.00000	1	0.00000	0
195	C	0.00000	1	0.00000	0
196	E	0.00000	1	0.00000	0
197	T	0.00000	1	0.00000	0
198	D	0.00000	1	0.00000	0
199	F	0.00000	0.99916	0.00084	0
200	Y	0.00000	0.999	0.00100	0
201	N	0.00000	0.66982	0.33018	0
202	V	0.00000	0.66448	0.33552	0
203	T	0.00000	0.62658	0.37342	0
204	W	0.00000	0.5804	0.41960	0
205	F	0.00000	0.54313	0.45687	0
206	K	0.00000	0.53997	0.46003	0
207	I	0.00000	0.40119	0.59881	0
208	M	0.00000	0.00221	0.99779	0
209	T	0.00000	0.00168	0.99832	0
210	A	0.00000	0.0001	0.99990	0
211	I	0.00000	8e-05	0.99992	0
212	I	0.00000	0	1.00000	0
213	N	0.00000	0	1.00000	0
214	F	0.00000	0	1.00000	0
215	Y	0.00000	0	1.00000	0
216	L	0.00000	0	1.00000	0
217	P	0.00000	0	1.00000	0
218	T	0.00000	0	1.00000	0
219	L	0.00000	0	1.00000	0
220	L	0.00000	0	1.00000	0
221	M	0.00000	0	1.00000	0
222	L	0.00000	0	1.00000	0
223	W	0.00001	0	0.99999	0
224	F	0.00050	0	0.99950	0
225	Y	0.00847	0	0.99153	0
226	V	0.07009	0	0.92991	0
227	K	0.32797	0	0.67203	0
228	I	0.33583	0	0.66417	0
229	Y	0.36857	0	0.63143	0
230	K	0.95283	0	0.04717	0
231	A	0.96730	0	0.03270	0
232	V	0.98862	0	0.01138	0
233	R	0.99954	0	0.00046	0
234	R	1.00000	0	0.00000	0
235	H	1.00000	0	0.00000	0
236	C	1.00000	0	0.00000	0
237	Q	1.00000	0	0.00000	0
238	H	1.00000	0	0.00000	0
239	R	1.00000	0	0.00000	0
240	Q	1.00000	0	0.00000	0
241	L	1.00000	0	0.00000	0
242	T	1.00000	0	0.00000	0
243	N	1.00000	0	0.00000	0
244	G	1.00000	0	0.00000	0
245	S	1.00000	0	0.00000	0
246	L	1.00000	0	0.00000	0
247	P	1.00000	0	0.00000	0
248	S	1.00000	0	0.00000	0
249	F	1.00000	0	0.00000	0
250	S	1.00000	0	0.00000	0
251	E	1.00000	0	0.00000	0
252	L	1.00000	0	0.00000	0
253	K	1.00000	0	0.00000	0
254	L	1.00000	0	0.00000	0
255	R	1.00000	0	0.00000	0
256	S	1.00000	0	0.00000	0
257	D	1.00000	0	0.00000	0
258	D	1.00000	0	0.00000	0
259	T	1.00000	0	0.00000	0
260	K	1.00000	0	0.00000	0
261	E	1.00000	0	0.00000	0
262	G	1.00000	0	0.00000	0
263	A	1.00000	0	0.00000	0
264	K	1.00000	0	0.00000	0
265	K	1.00000	0	0.00000	0
266	P	1.00000	0	0.00000	0
267	G	1.00000	0	0.00000	0
268	R	1.00000	0	0.00000	0
269	E	1.00000	0	0.00000	0
270	S	1.00000	0	0.00000	0
271	P	1.00000	0	0.00000	0
272	W	1.00000	0	0.00000	0
273	G	1.00000	0	0.00000	0
274	V	1.00000	0	0.00000	0
275	L	1.00000	0	0.00000	0
276	K	1.00000	0	0.00000	0
277	R	1.00000	0	0.00000	0
278	P	1.00000	0	0.00000	0
279	S	1.00000	0	0.00000	0
280	R	1.00000	0	0.00000	0
281	D	1.00000	0	0.00000	0
282	P	1.00000	0	0.00000	0
283	S	1.00000	0	0.00000	0
284	V	1.00000	0	0.00000	0
285	G	1.00000	0	0.00000	0
286	L	1.00000	0	0.00000	0
287	D	1.00000	0	0.00000	0
288	Q	1.00000	0	0.00000	0
289	K	1.00000	0	0.00000	0
290	S	1.00000	0	0.00000	0
291	T	1.00000	0	0.00000	0
292	S	1.00000	0	0.00000	0
293	E	1.00000	0	0.00000	0
294	D	1.00000	0	0.00000	0
295	P	1.00000	0	0.00000	0
296	K	1.00000	0	0.00000	0
297	M	1.00000	0	0.00000	0
298	T	1.00000	0	0.00000	0
299	S	1.00000	0	0.00000	0
300	P	1.00000	0	0.00000	0
301	T	1.00000	0	0.00000	0
302	V	1.00000	0	0.00000	0
303	F	1.00000	0	0.00000	0
304	S	1.00000	0	0.00000	0
305	Q	1.00000	0	0.00000	0
306	E	1.00000	0	0.00000	0
307	G	1.00000	0	0.00000	0
308	E	1.00000	0	0.00000	0
309	R	1.00000	0	0.00000	0
310	E	1.00000	0	0.00000	0
311	T	1.00000	0	0.00000	0
312	R	1.00000	0	0.00000	0
313	P	1.00000	0	0.00000	0
314	C	1.00000	0	0.00000	0
315	F	1.00000	0	0.00000	0
316	R	1.00000	0	0.00000	0
317	L	1.00000	0	0.00000	0
318	D	1.00000	0	0.00000	0
319	I	1.00000	0	0.00000	0
320	M	1.00000	0	0.00000	0
321	Q	1.00000	0	0.00000	0
322	K	1.00000	0	0.00000	0
323	Q	1.00000	0	0.00000	0
324	S	1.00000	0	0.00000	0
325	M	1.00000	0	0.00000	0
326	A	1.00000	0	0.00000	0
327	E	1.00000	0	0.00000	0
328	G	1.00000	0	0.00000	0
329	D	1.00000	0	0.00000	0
330	V	1.00000	0	0.00000	0
331	R	1.00000	0	0.00000	0
332	G	1.00000	0	0.00000	0
333	S	1.00000	0	0.00000	0
334	K	1.00000	0	0.00000	0
335	A	1.00000	0	0.00000	0
336	N	1.00000	0	0.00000	0
337	D	1.00000	0	0.00000	0
338	Q	1.00000	0	0.00000	0
339	A	1.00000	0	0.00000	0
340	L	1.00000	0	0.00000	0
341	S	1.00000	0	0.00000	0
342	Q	1.00000	0	0.00000	0
343	P	1.00000	0	0.00000	0
344	K	1.00000	0	0.00000	0
345	M	1.00000	0	0.00000	0
346	D	1.00000	0	0.00000	0
347	E	1.00000	0	0.00000	0
348	Q	1.00000	0	0.00000	0
349	S	1.00000	0	0.00000	0
350	L	1.00000	0	0.00000	0
351	N	1.00000	0	0.00000	0
352	T	1.00000	0	0.00000	0
353	C	1.00000	0	0.00000	0
354	R	1.00000	0	0.00000	0
355	R	1.00000	0	0.00000	0
356	I	1.00000	0	0.00000	0
357	S	1.00000	0	0.00000	0
358	E	1.00000	0	0.00000	0
359	T	1.00000	0	0.00000	0
360	S	1.00000	0	0.00000	0
361	E	1.00000	0	0.00000	0
362	D	1.00000	0	0.00000	0
363	Q	1.00000	0	0.00000	0
364	T	1.00000	0	0.00000	0
365	L	1.00000	0	0.00000	0
366	V	1.00000	0	0.00000	0
367	D	1.00000	0	0.00000	0
368	Q	1.00000	0	0.00000	0
369	Q	1.00000	0	0.00000	0
370	S	1.00000	0	0.00000	0
371	F	1.00000	0	0.00000	0
372	S	1.00000	0	0.00000	0
373	R	1.00000	0	0.00000	0
374	T	1.00000	0	0.00000	0
375	T	1.00000	0	0.00000	0
376	D	1.00000	0	0.00000	0
377	S	1.00000	0	0.00000	0
378	D	1.00000	0	0.00000	0
379	T	1.00000	0	0.00000	0
380	S	1.00000	0	0.00000	0
381	I	1.00000	0	0.00000	0
382	E	1.00000	0	0.00000	0
383	P	1.00000	0	0.00000	0
384	G	1.00000	0	0.00000	0
385	P	1.00000	0	0.00000	0
386	G	1.00000	0	0.00000	0
387	R	1.00000	0	0.00000	0
388	V	1.00000	0	0.00000	0
389	K	1.00000	0	0.00000	0
390	S	1.00000	0	0.00000	0
391	R	1.00000	0	0.00000	0
392	S	1.00000	0	0.00000	0
393	G	1.00000	0	0.00000	0
394	S	1.00000	0	0.00000	0
395	N	1.00000	0	0.00000	0
396	S	1.00000	0	0.00000	0
397	G	1.00000	0	0.00000	0
398	L	1.00000	0	0.00000	0
399	D	1.00000	0	0.00000	0
400	Y	1.00000	0	0.00000	0
401	I	1.00000	0	0.00000	0
402	K	1.00000	0	0.00000	0
403	I	1.00000	0	0.00000	0
404	T	1.00000	0	0.00000	0
405	W	1.00000	0	0.00000	0
406	K	1.00000	0	0.00000	0
407	R	1.00000	0	0.00000	0
408	L	1.00000	0	0.00000	0
409	R	1.00000	0	0.00000	0
410	S	1.00000	0	0.00000	0
411	H	1.00000	0	0.00000	0
412	S	1.00000	0	0.00000	0
413	R	1.00000	0	0.00000	0
414	Q	1.00000	0	0.00000	0
415	Y	1.00000	0	0.00000	0
416	V	1.00000	0	0.00000	0
417	S	1.00000	0	0.00000	0
418	G	1.00000	0	0.00000	0
419	L	1.00000	0	0.00000	0
420	H	1.00000	0	0.00000	0
421	L	1.00000	0	0.00000	0
422	N	1.00000	0	0.00000	0
423	R	1.00000	0	0.00000	0
424	E	1.00000	0	0.00000	0
425	R	0.94436	0	0.05564	0
426	K	0.94410	0	0.05590	0
427	A	0.71899	0	0.28101	0
428	A	0.71767	0	0.28233	0
429	K	0.71725	0	0.28275	0
430	Q	0.67379	0	0.32621	0
431	L	0.16590	0	0.83410	0
432	G	0.03148	0	0.96852	0
433	F	0.00126	0	0.99874	0
434	I	0.00009	0	0.99991	0
435	M	0.00007	0	0.99993	0
436	A	0.00000	0	1.00000	0
437	A	0.00000	0	1.00000	0
438	F	0.00000	0	1.00000	0
439	I	0.00000	0	1.00000	0
440	L	0.00000	0	1.00000	0
441	C	0.00000	0	1.00000	0
442	W	0.00000	0	1.00000	0
443	I	0.00000	0	1.00000	0
444	P	0.00000	0	1.00000	0
445	Y	0.00000	0	1.00000	0
446	F	0.00000	0	1.00000	0
447	I	0.00000	1e-05	0.99999	0
448	F	0.00000	7e-05	0.99993	0
449	F	0.00000	0.00052	0.99948	0
450	M	0.00000	0.00602	0.99398	0
451	V	0.00000	0.0153	0.98470	0
452	I	0.00000	0.03518	0.96482	0
453	A	0.00000	0.1094	0.89060	0
454	F	0.00000	0.27576	0.72424	0
455	C	0.00000	0.95976	0.04024	0
456	K	0.00000	0.99943	0.00057	0
457	S	0.00000	0.99985	0.00015	0
458	C	0.00000	0.99999	0.00001	0
459	C	0.00000	1	0.00000	0
460	S	0.00000	0.99999	0.00001	0
461	E	0.00000	0.99981	0.00019	0
462	P	0.00000	0.99865	0.00135	0
463	V	0.00000	0.9842	0.01580	0
464	H	0.00000	0.97984	0.02016	0
465	M	0.00000	0.06635	0.93365	0
466	F	0.00000	0.00039	0.99961	0
467	T	0.00000	4e-05	0.99996	0
468	I	0.00000	0	1.00000	0
469	W	0.00000	0	1.00000	0
470	L	0.00000	0	1.00000	0
471	G	0.00000	0	1.00000	0
472	Y	0.00000	0	1.00000	0
473	I	0.00000	0	1.00000	0
474	N	0.00000	0	1.00000	0
475	S	0.00000	0	1.00000	0
476	T	0.00000	0	1.00000	0
477	L	0.00000	0	1.00000	0
478	N	0.00000	0	1.00000	0
479	P	0.00000	0	1.00000	0
480	L	0.00000	0	1.00000	0
481	I	0.00000	0	1.00000	0
482	Y	0.00002	0	0.99998	0
483	P	0.00022	0	0.99978	0
484	L	0.00335	0	0.99665	0
485	C	0.17857	0	0.82143	0
486	N	0.91010	0	0.08990	0
487	E	1.00000	0	0.00000	0
488	N	1.00000	0	0.00000	0
489	F	1.00000	0	0.00000	0
490	K	1.00000	0	0.00000	0
491	K	1.00000	0	0.00000	0
492	T	1.00000	0	0.00000	0
493	F	1.00000	0	0.00000	0
494	K	1.00000	0	0.00000	0
495	K	1.00000	0	0.00000	0
496	I	1.00000	0	0.00000	0
497	L	1.00000	0	0.00000	0
498	H	1.00000	0	0.00000	0
499	I	1.00000	0	0.00000	0
500	R	1.00000	0	0.00000	0
501	S	1.00000	0	0.00000	0
