# UNNAMED
#pos	aa	i	o	M	S
1	M	0.00000	1	0.00000	0
2	S	0.00000	1	0.00000	0
3	E	0.00000	1	0.00000	0
4	E	0.00000	1	0.00000	0
5	H	0.00000	1	0.00000	0
6	S	0.00000	1	0.00000	0
7	D	0.00000	1	0.00000	0
8	L	0.00000	1	0.00000	0
9	N	0.00000	1	0.00000	0
10	S	0.00000	1	0.00000	0
11	T	0.00000	1	0.00000	0
12	G	0.00000	1	0.00000	0
13	Y	0.00000	1	0.00000	0
14	Y	0.00000	1	0.00000	0
15	F	0.00000	1	0.00000	0
16	D	0.00000	1	0.00000	0
17	S	0.00000	1	0.00000	0
18	S	0.00000	1	0.00000	0
19	S	0.00000	1	0.00000	0
20	T	0.00000	1	0.00000	0
21	R	0.00000	1	0.00000	0
22	V	0.00000	1	0.00000	0
23	Q	0.00000	1	0.00000	0
24	S	0.00000	0.99989	0.00011	0
25	S	0.00000	0.99963	0.00037	0
26	L	0.00000	0.99874	0.00126	0
27	V	0.00000	0.99382	0.00618	0
28	F	0.00000	0.99162	0.00838	0
29	S	0.00000	0.98952	0.01048	0
30	G	0.00000	0.97349	0.02651	0
31	P	0.00000	0.935	0.06500	0
32	M	0.00000	0.79051	0.20949	0
33	F	0.00000	0.3448	0.65520	0
34	V	0.00000	0.15257	0.84743	0
35	L	0.00000	0.1018	0.89820	0
36	L	0.00000	0.08209	0.91791	0
37	M	0.00000	0.06976	0.93024	0
38	V	0.00000	0.01898	0.98102	0
39	M	0.00000	0.013	0.98700	0
40	M	0.00000	0.00599	0.99401	0
41	V	0.00000	0.00043	0.99957	0
42	T	0.00000	5e-05	0.99995	0
43	L	0.00000	0	1.00000	0
44	V	0.00000	0	1.00000	0
45	V	0.00000	0	1.00000	0
46	V	0.00000	0	1.00000	0
47	I	0.00000	0	1.00000	0
48	V	0.00000	0	1.00000	0
49	L	0.00000	0	1.00000	0
50	G	0.00000	0	1.00000	0
51	N	0.00000	0	1.00000	0
52	A	0.00000	0	1.00000	0
53	L	0.00000	0	1.00000	0
54	V	0.00000	0	1.00000	0
55	I	0.00005	0	0.99995	0
56	W	0.00379	0	0.99621	0
57	A	0.04983	0	0.95017	0
58	F	0.16223	0	0.83777	0
59	K	0.95295	0	0.04705	0
60	V	0.97161	0	0.02839	0
61	D	0.99999	0	0.00001	0
62	K	1.00000	0	0.00000	0
63	S	1.00000	0	0.00000	0
64	L	1.00000	0	0.00000	0
65	R	1.00000	0	0.00000	0
66	R	1.00000	0	0.00000	0
67	Q	0.99457	0	0.00543	0
68	C	0.90832	0	0.09168	0
69	N	0.78766	0	0.21234	0
70	Y	0.25696	0	0.74304	0
71	Y	0.00692	0	0.99308	0
72	F	0.00055	0	0.99945	0
73	L	0.00000	0	1.00000	0
74	N	0.00000	0	1.00000	0
75	L	0.00000	0	1.00000	0
76	A	0.00000	0	1.00000	0
77	I	0.00000	0	1.00000	0
78	S	0.00000	0	1.00000	0
79	D	0.00000	0	1.00000	0
80	F	0.00000	0	1.00000	0
81	L	0.00000	0	1.00000	0
82	V	0.00000	0	1.00000	0
83	G	0.00000	0	1.00000	0
84	A	0.00000	0	1.00000	0
85	F	0.00000	0	1.00000	0
86	C	0.00000	7e-05	0.99993	0
87	I	0.00000	7e-05	0.99993	0
88	P	0.00000	9e-05	0.99991	0
89	V	0.00000	0.00016	0.99984	0
90	Y	0.00000	0.00085	0.99915	0
91	I	0.00000	0.00113	0.99887	0
92	P	0.00000	0.48294	0.51706	0
93	Y	0.00000	0.99922	0.00078	0
94	I	0.00000	0.99936	0.00064	0
95	L	0.00000	0.99962	0.00038	0
96	T	0.00000	0.99995	0.00005	0
97	G	0.00000	1	0.00000	0
98	R	0.00000	1	0.00000	0
99	W	0.00000	1	0.00000	0
100	T	0.00000	1	0.00000	0
101	L	0.00000	1	0.00000	0
102	G	0.00000	1	0.00000	0
103	R	0.00000	1	0.00000	0
104	G	0.00000	1	0.00000	0
105	L	0.00000	1	0.00000	0
106	C	0.00000	1	0.00000	0
107	K	0.00000	1	0.00000	0
108	L	0.00000	0.99969	0.00031	0
109	W	0.00000	0.9511	0.04890	0
110	L	0.00000	0.26917	0.73083	0
111	V	0.00000	0.046	0.95400	0
112	V	0.00000	0.00066	0.99934	0
113	D	0.00000	0.00017	0.99983	0
114	Y	0.00000	1e-05	0.99999	0
115	L	0.00000	0	1.00000	0
116	L	0.00000	0	1.00000	0
117	C	0.00000	0	1.00000	0
118	S	0.00000	0	1.00000	0
119	A	0.00000	0	1.00000	0
120	S	0.00000	0	1.00000	0
121	V	0.00000	0	1.00000	0
122	F	0.00000	0	1.00000	0
123	S	0.00000	0	1.00000	0
124	I	0.00000	0	1.00000	0
125	V	0.00000	0	1.00000	0
126	L	0.00000	0	1.00000	0
127	I	0.00000	0	1.00000	0
128	S	0.00000	0	1.00000	0
129	Y	0.00000	0	1.00000	0
130	D	0.00001	0	0.99999	0
131	R	0.00289	0	0.99711	0
132	F	0.02425	0	0.97575	0
133	L	0.10691	0	0.89309	0
134	S	0.85077	0	0.14923	0
135	V	0.99995	0	0.00005	0
136	T	1.00000	0	0.00000	0
137	R	1.00000	0	0.00000	0
138	A	1.00000	0	0.00000	0
139	V	1.00000	0	0.00000	0
140	S	1.00000	0	0.00000	0
141	Y	1.00000	0	0.00000	0
142	R	1.00000	0	0.00000	0
143	A	1.00000	0	0.00000	0
144	R	1.00000	0	0.00000	0
145	Q	1.00000	0	0.00000	0
146	S	1.00000	0	0.00000	0
147	M	0.99998	0	0.00002	0
148	T	0.99996	0	0.00004	0
149	H	0.99961	0	0.00039	0
150	Q	0.98936	0	0.01064	0
151	A	0.54778	0	0.45222	0
152	I	0.03776	0	0.96224	0
153	I	0.01358	0	0.98642	0
154	K	0.01296	0	0.98704	0
155	M	0.00405	0	0.99595	0
156	I	0.00010	0	0.99990	0
157	A	0.00001	0	0.99999	0
158	V	0.00000	0	1.00000	0
159	W	0.00000	0	1.00000	0
160	V	0.00000	0	1.00000	0
161	L	0.00000	0	1.00000	0
162	A	0.00000	0	1.00000	0
163	F	0.00000	0	1.00000	0
164	V	0.00000	0	1.00000	0
165	L	0.00000	0	1.00000	0
166	Y	0.00000	0	1.00000	0
167	G	0.00000	1e-05	0.99999	0
168	P	0.00000	2e-05	0.99998	0
169	A	0.00000	3e-05	0.99997	0
170	I	0.00000	0.00035	0.99965	0
171	I	0.00000	0.00899	0.99101	0
172	F	0.00000	0.03453	0.96547	0
173	W	0.00000	0.37983	0.62017	0
174	E	0.00000	0.97067	0.02933	0
175	L	0.00000	0.97586	0.02414	0
176	V	0.00000	0.98412	0.01588	0
177	V	0.00000	0.99233	0.00767	0
178	G	0.00000	0.99936	0.00064	0
179	K	0.00000	1	0.00000	0
180	S	0.00000	1	0.00000	0
181	R	0.00000	1	0.00000	0
182	V	0.00000	1	0.00000	0
183	P	0.00000	1	0.00000	0
184	K	0.00000	1	0.00000	0
185	D	0.00000	1	0.00000	0
186	E	0.00000	1	0.00000	0
187	C	0.00000	1	0.00000	0
188	F	0.00000	1	0.00000	0
189	A	0.00000	0.99999	0.00001	0
190	E	0.00000	0.99999	0.00001	0
191	F	0.00000	0.99933	0.00067	0
192	Y	0.00000	0.9992	0.00080	0
193	Y	0.00000	0.99906	0.00094	0
194	S	0.00000	0.99872	0.00128	0
195	W	0.00000	0.92728	0.07272	0
196	Y	0.00000	0.90659	0.09341	0
197	F	0.00000	0.5338	0.46620	0
198	L	0.00000	0.46306	0.53694	0
199	L	0.00000	0.46126	0.53874	0
200	S	0.00000	0.01299	0.98701	0
201	A	0.00000	0.01002	0.98998	0
202	S	0.00000	0.00926	0.99074	0
203	M	0.00000	0.0004	0.99960	0
204	L	0.00000	0	1.00000	0
205	E	0.00000	0	1.00000	0
206	F	0.00000	0	1.00000	0
207	F	0.00000	0	1.00000	0
208	S	0.00000	0	1.00000	0
209	P	0.00000	0	1.00000	0
210	F	0.00000	0	1.00000	0
211	I	0.00000	0	1.00000	0
212	S	0.00000	0	1.00000	0
213	V	0.00000	0	1.00000	0
214	A	0.00000	0	1.00000	0
215	F	0.00001	0	0.99999	0
216	F	0.00009	0	0.99991	0
217	N	0.00106	0	0.99894	0
218	L	0.00190	0	0.99810	0
219	S	0.00769	0	0.99231	0
220	I	0.00925	0	0.99075	0
221	Y	0.01991	0	0.98009	0
222	L	0.09196	0	0.90804	0
223	S	0.41993	0	0.58007	0
224	I	0.46858	0	0.53142	0
225	R	0.98376	0	0.01624	0
226	R	0.99988	0	0.00012	0
227	R	1.00000	0	0.00000	0
228	R	1.00000	0	0.00000	0
229	Q	1.00000	0	0.00000	0
230	H	1.00000	0	0.00000	0
231	H	1.00000	0	0.00000	0
232	R	1.00000	0	0.00000	0
233	E	1.00000	0	0.00000	0
234	A	1.00000	0	0.00000	0
235	Q	1.00000	0	0.00000	0
236	L	1.00000	0	0.00000	0
237	Q	1.00000	0	0.00000	0
238	L	1.00000	0	0.00000	0
239	Q	1.00000	0	0.00000	0
240	A	1.00000	0	0.00000	0
241	N	1.00000	0	0.00000	0
242	E	1.00000	0	0.00000	0
243	P	1.00000	0	0.00000	0
244	A	1.00000	0	0.00000	0
245	S	1.00000	0	0.00000	0
246	T	1.00000	0	0.00000	0
247	S	1.00000	0	0.00000	0
248	S	1.00000	0	0.00000	0
249	P	1.00000	0	0.00000	0
250	C	1.00000	0	0.00000	0
251	L	1.00000	0	0.00000	0
252	G	1.00000	0	0.00000	0
253	K	1.00000	0	0.00000	0
254	P	1.00000	0	0.00000	0
255	D	1.00000	0	0.00000	0
256	P	1.00000	0	0.00000	0
257	S	1.00000	0	0.00000	0
258	P	1.00000	0	0.00000	0
259	S	1.00000	0	0.00000	0
260	R	1.00000	0	0.00000	0
261	A	1.00000	0	0.00000	0
262	A	1.00000	0	0.00000	0
263	H	1.00000	0	0.00000	0
264	P	1.00000	0	0.00000	0
265	S	1.00000	0	0.00000	0
266	R	1.00000	0	0.00000	0
267	L	1.00000	0	0.00000	0
268	S	1.00000	0	0.00000	0
269	R	1.00000	0	0.00000	0
270	D	1.00000	0	0.00000	0
271	K	0.83806	0	0.16194	0
272	K	0.83638	0	0.16362	0
273	I	0.63317	0	0.36683	0
274	A	0.62760	0	0.37240	0
275	K	0.62338	0	0.37662	0
276	S	0.44798	0	0.55202	0
277	L	0.01235	0	0.98765	0
278	A	0.00026	0	0.99974	0
279	I	0.00006	0	0.99994	0
280	I	0.00000	0	1.00000	0
281	V	0.00000	0	1.00000	0
282	C	0.00000	0	1.00000	0
283	V	0.00000	0	1.00000	0
284	F	0.00000	0	1.00000	0
285	A	0.00000	0	1.00000	0
286	I	0.00000	0	1.00000	0
287	C	0.00000	0	1.00000	0
288	W	0.00000	0	1.00000	0
289	A	0.00000	0	1.00000	0
290	P	0.00000	0	1.00000	0
291	Y	0.00000	0	1.00000	0
292	T	0.00000	1e-05	0.99999	0
293	L	0.00000	0.00017	0.99983	0
294	L	0.00000	0.00141	0.99859	0
295	M	0.00000	0.00659	0.99341	0
296	I	0.00000	0.08231	0.91769	0
297	I	0.00000	0.17158	0.82842	0
298	R	0.00000	0.64181	0.35819	0
299	A	0.00000	0.67852	0.32148	0
300	A	0.00000	0.79375	0.20625	0
301	C	0.00000	0.97892	0.02108	0
302	R	0.00000	0.99913	0.00087	0
303	G	0.00000	0.99999	0.00001	0
304	R	0.00000	1	0.00000	0
305	C	0.00000	1	0.00000	0
306	I	0.00000	1	0.00000	0
307	Q	0.00000	1	0.00000	0
308	H	0.00000	0.99997	0.00003	0
309	H	0.00000	0.99971	0.00029	0
310	W	0.00000	0.99881	0.00119	0
311	Y	0.00000	0.99855	0.00145	0
312	E	0.00000	0.97009	0.02991	0
313	V	0.00000	0.89769	0.10231	0
314	T	0.00000	0.88521	0.11479	0
315	F	0.00000	0.16695	0.83305	0
316	W	0.00000	0.01241	0.98759	0
317	L	0.00000	4e-05	0.99996	0
318	L	0.00000	0	1.00000	0
319	W	0.00000	0	1.00000	0
320	L	0.00000	0	1.00000	0
321	N	0.00000	0	1.00000	0
322	S	0.00000	0	1.00000	0
323	A	0.00000	0	1.00000	0
324	I	0.00000	0	1.00000	0
325	N	0.00000	0	1.00000	0
326	P	0.00000	0	1.00000	0
327	F	0.00000	0	1.00000	0
328	L	0.00000	0	1.00000	0
329	Y	0.00000	0	1.00000	0
330	P	0.00002	0	0.99998	0
331	L	0.00133	0	0.99867	0
332	C	0.01400	0	0.98600	0
333	H	0.04056	0	0.95944	0
334	S	0.23074	0	0.76926	0
335	S	0.33486	0	0.66514	0
336	F	0.57204	0	0.42796	0
337	R	1.00000	0	0.00000	0
338	R	1.00000	0	0.00000	0
339	A	1.00000	0	0.00000	0
340	F	1.00000	0	0.00000	0
341	S	1.00000	0	0.00000	0
342	K	1.00000	0	0.00000	0
343	I	1.00000	0	0.00000	0
344	L	1.00000	0	0.00000	0
345	C	1.00000	0	0.00000	0
346	P	1.00000	0	0.00000	0
347	N	1.00000	0	0.00000	0
348	R	1.00000	0	0.00000	0
349	H	1.00000	0	0.00000	0
350	T	1.00000	0	0.00000	0
351	T	1.00000	0	0.00000	0
352	P	1.00000	0	0.00000	0
353	P	1.00000	0	0.00000	0
354	S	1.00000	0	0.00000	0
355	S	1.00000	0	0.00000	0
356	V	1.00000	0	0.00000	0
357	L	1.00000	0	0.00000	0
358	R	1.00000	0	0.00000	0
359	S	1.00000	0	0.00000	0
360	G	1.00000	0	0.00000	0
361	Q	1.00000	0	0.00000	0
