# UNNAMED
#pos	aa	i	o	M	S
1	M	0.00000	1	0.00000	0
2	D	0.00000	1	0.00000	0
3	Q	0.00000	1	0.00000	0
4	N	0.00000	1	0.00000	0
5	F	0.00000	1	0.00000	0
6	S	0.00000	1	0.00000	0
7	T	0.00000	1	0.00000	0
8	V	0.00000	1	0.00000	0
9	R	0.00000	1	0.00000	0
10	D	0.00000	1	0.00000	0
11	G	0.00000	1	0.00000	0
12	K	0.00000	1	0.00000	0
13	Q	0.00000	1	0.00000	0
14	L	0.00000	1	0.00000	0
15	T	0.00000	1	0.00000	0
16	P	0.00000	1	0.00000	0
17	E	0.00000	1	0.00000	0
18	R	0.00000	1	0.00000	0
19	D	0.00000	1	0.00000	0
20	S	0.00000	0.99997	0.00003	0
21	S	0.00000	0.99982	0.00018	0
22	K	0.00000	0.99827	0.00173	0
23	R	0.00000	0.94895	0.05105	0
24	V	0.00000	0.61636	0.38364	0
25	L	0.00000	0.34453	0.65547	0
26	T	0.00000	0.21878	0.78122	0
27	G	0.00000	0.17887	0.82113	0
28	C	0.00000	0.1415	0.85850	0
29	F	0.00000	0.0384	0.96160	0
30	L	0.00000	0.01846	0.98154	0
31	S	0.00000	0.01277	0.98723	0
32	L	0.00000	0.00289	0.99711	0
33	L	0.00000	0.0002	0.99980	0
34	I	0.00000	0	1.00000	0
35	F	0.00000	0	1.00000	0
36	T	0.00000	0	1.00000	0
37	T	0.00000	0	1.00000	0
38	L	0.00000	0	1.00000	0
39	L	0.00000	0	1.00000	0
40	G	0.00000	0	1.00000	0
41	N	0.00000	0	1.00000	0
42	T	0.00000	0	1.00000	0
43	L	0.00000	0	1.00000	0
44	V	0.00000	0	1.00000	0
45	C	0.00005	0	0.99995	0
46	A	0.00170	0	0.99830	0
47	A	0.03095	0	0.96905	0
48	V	0.18254	0	0.81746	0
49	T	0.82777	0	0.17223	0
50	K	0.96228	0	0.03772	0
51	F	0.96630	0	0.03370	0
52	R	0.99738	0	0.00262	0
53	H	0.99873	0	0.00127	0
54	L	0.99913	0	0.00087	0
55	R	1.00000	0	0.00000	0
56	S	0.99996	0	0.00004	0
57	K	0.99905	0	0.00095	0
58	V	0.92670	0	0.07330	0
59	T	0.87872	0	0.12128	0
60	N	0.09046	0	0.90954	0
61	F	0.00753	0	0.99247	0
62	F	0.00007	0	0.99993	0
63	V	0.00002	0	0.99998	0
64	I	0.00000	0	1.00000	0
65	S	0.00000	0	1.00000	0
66	L	0.00000	0	1.00000	0
67	A	0.00000	0	1.00000	0
68	I	0.00000	0	1.00000	0
69	S	0.00000	0	1.00000	0
70	D	0.00000	0	1.00000	0
71	L	0.00000	0	1.00000	0
72	L	0.00000	0	1.00000	0
73	V	0.00000	0	1.00000	0
74	A	0.00000	0	1.00000	0
75	I	0.00000	0	1.00000	0
76	L	0.00000	0	1.00000	0
77	V	0.00000	5e-05	0.99995	0
78	M	0.00000	0.00115	0.99885	0
79	P	0.00000	0.0176	0.98240	0
80	W	0.00000	0.17181	0.82819	0
81	K	0.00000	0.52949	0.47051	0
82	A	0.00000	0.72161	0.27839	0
83	A	0.00000	0.89244	0.10756	0
84	T	0.00000	0.99997	0.00003	0
85	E	0.00000	1	0.00000	0
86	I	0.00000	1	0.00000	0
87	V	0.00000	1	0.00000	0
88	G	0.00000	1	0.00000	0
89	F	0.00000	1	0.00000	0
90	W	0.00000	1	0.00000	0
91	P	0.00000	1	0.00000	0
92	F	0.00000	1	0.00000	0
93	G	0.00000	1	0.00000	0
94	A	0.00000	1	0.00000	0
95	F	0.00000	1	0.00000	0
96	C	0.00000	1	0.00000	0
97	N	0.00000	0.99999	0.00001	0
98	V	0.00000	0.99779	0.00221	0
99	W	0.00000	0.80797	0.19203	0
100	V	0.00000	0.08951	0.91049	0
101	A	0.00000	0.00243	0.99757	0
102	F	0.00000	5e-05	0.99995	0
103	D	0.00000	1e-05	0.99999	0
104	I	0.00000	0	1.00000	0
105	M	0.00000	0	1.00000	0
106	C	0.00000	0	1.00000	0
107	S	0.00000	0	1.00000	0
108	T	0.00000	0	1.00000	0
109	A	0.00000	0	1.00000	0
110	S	0.00000	0	1.00000	0
111	I	0.00000	0	1.00000	0
112	L	0.00000	0	1.00000	0
113	N	0.00000	0	1.00000	0
114	L	0.00000	0	1.00000	0
115	C	0.00000	0	1.00000	0
116	V	0.00000	0	1.00000	0
117	I	0.00000	0	1.00000	0
118	S	0.00000	0	1.00000	0
119	V	0.00000	0	1.00000	0
120	D	0.00007	0	0.99993	0
121	R	0.13443	0	0.86557	0
122	Y	0.48932	0	0.51068	0
123	W	0.83772	0	0.16228	0
124	A	0.99122	0	0.00878	0
125	I	1.00000	0	0.00000	0
126	S	1.00000	0	0.00000	0
127	S	1.00000	0	0.00000	0
128	P	1.00000	0	0.00000	0
129	F	1.00000	0	0.00000	0
130	R	1.00000	0	0.00000	0
131	Y	1.00000	0	0.00000	0
132	E	1.00000	0	0.00000	0
133	R	1.00000	0	0.00000	0
134	K	1.00000	0	0.00000	0
135	M	0.99994	0	0.00006	0
136	T	0.99980	0	0.00020	0
137	P	0.99906	0	0.00094	0
138	K	0.93333	0	0.06667	0
139	V	0.10734	0	0.89266	0
140	A	0.01182	0	0.98818	0
141	C	0.00005	0	0.99995	0
142	L	0.00001	0	0.99999	0
143	M	0.00000	0	1.00000	0
144	I	0.00000	0	1.00000	0
145	S	0.00000	0	1.00000	0
146	V	0.00000	0	1.00000	0
147	A	0.00000	0	1.00000	0
148	W	0.00000	0	1.00000	0
149	T	0.00000	0	1.00000	0
150	L	0.00000	0	1.00000	0
151	S	0.00000	0	1.00000	0
152	V	0.00000	0	1.00000	0
153	L	0.00000	0	1.00000	0
154	I	0.00000	0	1.00000	0
155	S	0.00000	0	1.00000	0
156	F	0.00000	1e-05	0.99999	0
157	I	0.00000	0.00033	0.99967	0
158	P	0.00000	0.02663	0.97337	0
159	V	0.00000	0.08947	0.91053	0
160	Q	0.00000	0.56741	0.43259	0
161	L	0.00000	0.68802	0.31198	0
162	N	0.00000	0.9743	0.02570	0
163	W	0.00000	0.98949	0.01051	0
164	H	0.00000	0.99923	0.00077	0
165	K	0.00000	1	0.00000	0
166	A	0.00000	1	0.00000	0
167	Q	0.00000	1	0.00000	0
168	T	0.00000	1	0.00000	0
169	T	0.00000	1	0.00000	0
170	S	0.00000	1	0.00000	0
171	Y	0.00000	1	0.00000	0
172	V	0.00000	1	0.00000	0
173	E	0.00000	1	0.00000	0
174	L	0.00000	1	0.00000	0
175	N	0.00000	1	0.00000	0
176	G	0.00000	1	0.00000	0
177	T	0.00000	1	0.00000	0
178	Y	0.00000	1	0.00000	0
179	P	0.00000	1	0.00000	0
180	D	0.00000	1	0.00000	0
181	D	0.00000	1	0.00000	0
182	L	0.00000	1	0.00000	0
183	P	0.00000	1	0.00000	0
184	P	0.00000	1	0.00000	0
185	D	0.00000	1	0.00000	0
186	N	0.00000	1	0.00000	0
187	C	0.00000	1	0.00000	0
188	D	0.00000	0.99997	0.00003	0
189	F	0.00000	0.99842	0.00158	0
190	S	0.00000	0.99724	0.00276	0
191	L	0.00000	0.99437	0.00563	0
192	N	0.00000	0.9941	0.00590	0
193	R	0.00000	0.96143	0.03857	0
194	T	0.00000	0.55846	0.44154	0
195	Y	0.00000	0.02187	0.97813	0
196	A	0.00000	0.01295	0.98705	0
197	I	0.00000	0.00926	0.99074	0
198	S	0.00000	0.00141	0.99859	0
199	S	0.00000	0.00118	0.99882	0
200	S	0.00000	0.00011	0.99989	0
201	L	0.00000	3e-05	0.99997	0
202	I	0.00000	0	1.00000	0
203	S	0.00000	0	1.00000	0
204	F	0.00000	0	1.00000	0
205	Y	0.00000	0	1.00000	0
206	I	0.00000	0	1.00000	0
207	P	0.00000	0	1.00000	0
208	V	0.00000	0	1.00000	0
209	A	0.00000	0	1.00000	0
210	I	0.00000	0	1.00000	0
211	M	0.00000	0	1.00000	0
212	I	0.00000	0	1.00000	0
213	V	0.00027	0	0.99973	0
214	T	0.00214	0	0.99786	0
215	Y	0.00439	0	0.99561	0
216	T	0.07336	0	0.92664	0
217	R	0.17011	0	0.82989	0
218	I	0.18009	0	0.81991	0
219	Y	0.24373	0	0.75627	0
220	R	0.96244	0	0.03756	0
221	I	0.96819	0	0.03181	0
222	A	0.99974	0	0.00026	0
223	Q	0.99999	0	0.00001	0
224	T	1.00000	0	0.00000	0
225	Q	1.00000	0	0.00000	0
226	I	1.00000	0	0.00000	0
227	R	1.00000	0	0.00000	0
228	R	1.00000	0	0.00000	0
229	I	1.00000	0	0.00000	0
230	S	1.00000	0	0.00000	0
231	A	1.00000	0	0.00000	0
232	L	1.00000	0	0.00000	0
233	E	1.00000	0	0.00000	0
234	R	1.00000	0	0.00000	0
235	A	1.00000	0	0.00000	0
236	A	1.00000	0	0.00000	0
237	E	1.00000	0	0.00000	0
238	S	1.00000	0	0.00000	0
239	A	1.00000	0	0.00000	0
240	K	1.00000	0	0.00000	0
241	N	1.00000	0	0.00000	0
242	R	1.00000	0	0.00000	0
243	H	1.00000	0	0.00000	0
244	S	1.00000	0	0.00000	0
245	S	1.00000	0	0.00000	0
246	M	1.00000	0	0.00000	0
247	G	1.00000	0	0.00000	0
248	N	1.00000	0	0.00000	0
249	S	1.00000	0	0.00000	0
250	S	1.00000	0	0.00000	0
251	N	1.00000	0	0.00000	0
252	M	1.00000	0	0.00000	0
253	D	1.00000	0	0.00000	0
254	S	1.00000	0	0.00000	0
255	E	1.00000	0	0.00000	0
256	S	1.00000	0	0.00000	0
257	S	1.00000	0	0.00000	0
258	F	1.00000	0	0.00000	0
259	K	1.00000	0	0.00000	0
260	M	1.00000	0	0.00000	0
261	S	1.00000	0	0.00000	0
262	F	1.00000	0	0.00000	0
263	K	1.00000	0	0.00000	0
264	R	1.00000	0	0.00000	0
265	E	1.00000	0	0.00000	0
266	T	0.93569	0	0.06431	0
267	K	0.93411	0	0.06589	0
268	V	0.27261	0	0.72739	0
269	L	0.23793	0	0.76207	0
270	K	0.23759	0	0.76241	0
271	T	0.20446	0	0.79554	0
272	L	0.00483	0	0.99517	0
273	S	0.00115	0	0.99885	0
274	V	0.00064	0	0.99936	0
275	I	0.00006	0	0.99994	0
276	M	0.00000	0	1.00000	0
277	G	0.00000	0	1.00000	0
278	V	0.00000	0	1.00000	0
279	F	0.00000	0	1.00000	0
280	V	0.00000	0	1.00000	0
281	C	0.00000	0	1.00000	0
282	C	0.00000	0	1.00000	0
283	W	0.00000	0	1.00000	0
284	L	0.00000	0	1.00000	0
285	P	0.00000	0	1.00000	0
286	F	0.00000	0	1.00000	0
287	F	0.00000	1e-05	0.99999	0
288	I	0.00000	0.00241	0.99759	0
289	L	0.00000	0.02997	0.97003	0
290	N	0.00000	0.29092	0.70908	0
291	C	0.00000	0.40129	0.59871	0
292	M	0.00000	0.41477	0.58523	0
293	V	0.00000	0.48607	0.51393	0
294	P	0.00000	0.67042	0.32958	0
295	F	0.00000	0.71741	0.28259	0
296	C	0.00000	0.87556	0.12444	0
297	E	0.00000	0.99604	0.00396	0
298	T	0.00000	0.99757	0.00243	0
299	H	0.00000	0.99819	0.00181	0
300	M	0.00000	0.99843	0.00157	0
301	P	0.00000	0.9991	0.00090	0
302	D	0.00000	0.99998	0.00002	0
303	G	0.00000	0.99993	0.00007	0
304	S	0.00000	0.99991	0.00009	0
305	T	0.00000	0.9999	0.00010	0
306	E	0.00000	0.9999	0.00010	0
307	F	0.00000	0.9999	0.00010	0
308	P	0.00000	0.9999	0.00010	0
309	C	0.00000	0.99989	0.00011	0
310	I	0.00000	0.99988	0.00012	0
311	S	0.00000	0.99987	0.00013	0
312	S	0.00000	0.99983	0.00017	0
313	T	0.00000	0.99876	0.00124	0
314	T	0.00000	0.99698	0.00302	0
315	F	0.00000	0.99248	0.00752	0
316	D	0.00000	0.9002	0.09980	0
317	V	0.00000	0.08984	0.91016	0
318	F	0.00000	0.08243	0.91757	0
319	V	0.00000	0.0038	0.99620	0
320	W	0.00000	0.00011	0.99989	0
321	F	0.00000	0	1.00000	0
322	G	0.00001	0	0.99999	0
323	W	0.00004	0	0.99996	0
324	A	0.00006	0	0.99994	0
325	N	0.00010	0	0.99990	0
326	S	0.00010	0	0.99990	0
327	S	0.00010	0	0.99990	0
328	L	0.00010	0	0.99990	0
329	N	0.00010	0	0.99990	0
330	P	0.00010	0	0.99990	0
331	I	0.00010	0	0.99990	0
332	I	0.00010	0	0.99990	0
333	Y	0.00012	0	0.99988	0
334	A	0.00016	0	0.99984	0
335	F	0.00158	0	0.99842	0
336	N	0.11594	0	0.88406	0
337	A	0.42789	0	0.57211	0
338	D	0.83235	0	0.16765	0
339	F	0.87802	0	0.12198	0
340	R	1.00000	0	0.00000	0
341	K	1.00000	0	0.00000	0
342	A	1.00000	0	0.00000	0
343	F	1.00000	0	0.00000	0
344	S	1.00000	0	0.00000	0
345	I	1.00000	0	0.00000	0
346	L	1.00000	0	0.00000	0
347	L	1.00000	0	0.00000	0
348	G	1.00000	0	0.00000	0
349	C	1.00000	0	0.00000	0
350	H	1.00000	0	0.00000	0
351	R	1.00000	0	0.00000	0
352	L	1.00000	0	0.00000	0
353	C	1.00000	0	0.00000	0
354	P	1.00000	0	0.00000	0
355	G	1.00000	0	0.00000	0
356	S	1.00000	0	0.00000	0
357	N	1.00000	0	0.00000	0
358	A	1.00000	0	0.00000	0
359	I	1.00000	0	0.00000	0
360	E	1.00000	0	0.00000	0
361	I	1.00000	0	0.00000	0
362	V	1.00000	0	0.00000	0
363	S	1.00000	0	0.00000	0
364	I	1.00000	0	0.00000	0
365	N	1.00000	0	0.00000	0
366	N	1.00000	0	0.00000	0
367	N	1.00000	0	0.00000	0
368	M	1.00000	0	0.00000	0
369	G	1.00000	0	0.00000	0
370	A	1.00000	0	0.00000	0
371	P	1.00000	0	0.00000	0
372	T	1.00000	0	0.00000	0
373	S	1.00000	0	0.00000	0
374	N	1.00000	0	0.00000	0
375	P	1.00000	0	0.00000	0
376	N	1.00000	0	0.00000	0
377	C	1.00000	0	0.00000	0
378	Q	1.00000	0	0.00000	0
379	Y	1.00000	0	0.00000	0
380	E	1.00000	0	0.00000	0
381	P	1.00000	0	0.00000	0
382	K	1.00000	0	0.00000	0
383	S	1.00000	0	0.00000	0
384	H	1.00000	0	0.00000	0
385	I	1.00000	0	0.00000	0
386	P	1.00000	0	0.00000	0
387	K	1.00000	0	0.00000	0
388	E	1.00000	0	0.00000	0
389	G	1.00000	0	0.00000	0
390	N	1.00000	0	0.00000	0
391	S	1.00000	0	0.00000	0
392	S	1.00000	0	0.00000	0
393	A	1.00000	0	0.00000	0
394	N	1.00000	0	0.00000	0
395	Y	1.00000	0	0.00000	0
396	V	1.00000	0	0.00000	0
397	I	1.00000	0	0.00000	0
398	P	1.00000	0	0.00000	0
399	H	1.00000	0	0.00000	0
400	S	1.00000	0	0.00000	0
401	I	1.00000	0	0.00000	0
402	L	1.00000	0	0.00000	0
403	C	1.00000	0	0.00000	0
404	Q	1.00000	0	0.00000	0
405	E	1.00000	0	0.00000	0
406	E	1.00000	0	0.00000	0
407	E	1.00000	0	0.00000	0
408	L	1.00000	0	0.00000	0
409	Q	1.00000	0	0.00000	0
410	K	1.00000	0	0.00000	0
411	K	1.00000	0	0.00000	0
412	D	1.00000	0	0.00000	0
413	G	1.00000	0	0.00000	0
414	S	1.00000	0	0.00000	0
415	G	1.00000	0	0.00000	0
416	G	1.00000	0	0.00000	0
417	E	1.00000	0	0.00000	0
418	V	1.00000	0	0.00000	0
419	E	1.00000	0	0.00000	0
420	V	1.00000	0	0.00000	0
421	G	1.00000	0	0.00000	0
422	V	1.00000	0	0.00000	0
423	A	1.00000	0	0.00000	0
424	N	1.00000	0	0.00000	0
425	N	1.00000	0	0.00000	0
426	T	1.00000	0	0.00000	0
427	L	1.00000	0	0.00000	0
428	E	1.00000	0	0.00000	0
429	K	1.00000	0	0.00000	0
430	H	1.00000	0	0.00000	0
431	S	1.00000	0	0.00000	0
432	P	1.00000	0	0.00000	0
433	A	1.00000	0	0.00000	0
434	I	1.00000	0	0.00000	0
435	S	1.00000	0	0.00000	0
436	G	1.00000	0	0.00000	0
437	N	1.00000	0	0.00000	0
438	L	1.00000	0	0.00000	0
439	D	1.00000	0	0.00000	0
440	S	1.00000	0	0.00000	0
441	D	1.00000	0	0.00000	0
442	A	1.00000	0	0.00000	0
443	E	1.00000	0	0.00000	0
444	V	1.00000	0	0.00000	0
445	T	1.00000	0	0.00000	0
446	L	1.00000	0	0.00000	0
447	E	1.00000	0	0.00000	0
448	K	1.00000	0	0.00000	0
449	I	1.00000	0	0.00000	0
450	N	1.00000	0	0.00000	0
451	P	1.00000	0	0.00000	0
452	I	1.00000	0	0.00000	0
453	T	1.00000	0	0.00000	0
454	Q	1.00000	0	0.00000	0
455	N	1.00000	0	0.00000	0
456	G	1.00000	0	0.00000	0
457	Q	1.00000	0	0.00000	0
458	H	1.00000	0	0.00000	0
459	K	1.00000	0	0.00000	0
460	A	1.00000	0	0.00000	0
461	V	1.00000	0	0.00000	0
462	T	1.00000	0	0.00000	0
463	C	1.00000	0	0.00000	0
