# UNNAMED
#pos	aa	i	o	M	S
1	M	0.00000	1	0.00000	0
2	K	0.00000	1	0.00000	0
3	W	0.00000	1	0.00000	0
4	L	0.00000	1	0.00000	0
5	H	0.00000	1	0.00000	0
6	G	0.00000	1	0.00000	0
7	F	0.00000	1	0.00000	0
8	K	0.00000	1	0.00000	0
9	C	0.00000	1	0.00000	0
10	L	0.00000	1	0.00000	0
11	F	0.00000	1	0.00000	0
12	D	0.00000	1	0.00000	0
13	H	0.00000	1	0.00000	0
14	L	0.00000	1	0.00000	0
15	S	0.00000	1	0.00000	0
16	T	0.00000	1	0.00000	0
17	E	0.00000	1	0.00000	0
18	C	0.00000	1	0.00000	0
19	K	0.00000	1	0.00000	0
20	M	0.00000	1	0.00000	0
21	N	0.00000	1	0.00000	0
22	N	0.00000	1	0.00000	0
23	S	0.00000	1	0.00000	0
24	T	0.00000	1	0.00000	0
25	N	0.00000	1	0.00000	0
26	S	0.00000	1	0.00000	0
27	S	0.00000	1	0.00000	0
28	N	0.00000	1	0.00000	0
29	N	0.00000	1	0.00000	0
30	S	0.00000	1	0.00000	0
31	L	0.00000	1	0.00000	0
32	A	0.00000	1	0.00000	0
33	I	0.00000	1	0.00000	0
34	S	0.00000	1	0.00000	0
35	S	0.00000	0.99999	0.00001	0
36	P	0.00000	0.99991	0.00009	0
37	Y	0.00000	0.99978	0.00022	0
38	K	0.00000	0.9997	0.00030	0
39	T	0.00000	0.99242	0.00758	0
40	F	0.00000	0.97486	0.02514	0
41	E	0.00000	0.96019	0.03981	0
42	V	0.00000	0.29615	0.70385	0
43	V	0.00000	0.10088	0.89912	0
44	F	0.00000	0.0172	0.98280	0
45	I	0.00000	0.00083	0.99917	0
46	V	0.00000	8e-05	0.99992	0
47	L	0.00000	1e-05	0.99999	0
48	V	0.00000	0	1.00000	0
49	A	0.00000	0	1.00000	0
50	G	0.00000	0	1.00000	0
51	S	0.00000	0	1.00000	0
52	L	0.00000	0	1.00000	0
53	S	0.00000	0	1.00000	0
54	L	0.00000	0	1.00000	0
55	V	0.00000	0	1.00000	0
56	T	0.00000	0	1.00000	0
57	I	0.00000	0	1.00000	0
58	I	0.00000	0	1.00000	0
59	G	0.00000	0	1.00000	0
60	N	0.00000	0	1.00000	0
61	I	0.00000	0	1.00000	0
62	L	0.00010	0	0.99990	0
63	V	0.00108	0	0.99892	0
64	M	0.00644	0	0.99356	0
65	V	0.03770	0	0.96230	0
66	S	0.59267	0	0.40733	0
67	I	0.65094	0	0.34906	0
68	K	0.99245	0	0.00755	0
69	V	0.99702	0	0.00298	0
70	N	0.99993	0	0.00007	0
71	R	1.00000	0	0.00000	0
72	H	0.99990	0	0.00010	0
73	L	0.99920	0	0.00080	0
74	Q	0.99774	0	0.00226	0
75	T	0.95650	0	0.04350	0
76	V	0.57663	0	0.42337	0
77	N	0.25819	0	0.74181	0
78	N	0.04535	0	0.95465	0
79	Y	0.01615	0	0.98385	0
80	F	0.00024	0	0.99976	0
81	L	0.00002	0	0.99998	0
82	F	0.00000	0	1.00000	0
83	S	0.00000	0	1.00000	0
84	L	0.00000	0	1.00000	0
85	A	0.00000	0	1.00000	0
86	C	0.00000	0	1.00000	0
87	A	0.00000	0	1.00000	0
88	D	0.00000	0	1.00000	0
89	L	0.00000	0	1.00000	0
90	I	0.00000	0	1.00000	0
91	I	0.00000	0	1.00000	0
92	G	0.00000	0	1.00000	0
93	V	0.00000	1e-05	0.99999	0
94	F	0.00000	0.00194	0.99806	0
95	S	0.00000	0.10026	0.89974	0
96	M	0.00000	0.1557	0.84430	0
97	N	0.00000	0.60187	0.39813	0
98	L	0.00000	0.63459	0.36541	0
99	Y	0.00000	0.733	0.26700	0
100	T	0.00000	0.75994	0.24006	0
101	L	0.00000	0.80839	0.19161	0
102	Y	0.00000	0.8779	0.12210	0
103	T	0.00000	0.91464	0.08536	0
104	V	0.00000	0.92842	0.07158	0
105	I	0.00000	0.94391	0.05609	0
106	G	0.00000	0.97959	0.02041	0
107	Y	0.00000	0.99672	0.00328	0
108	W	0.00000	0.99835	0.00165	0
109	P	0.00000	0.99961	0.00039	0
110	L	0.00000	0.99992	0.00008	0
111	G	0.00000	1	0.00000	0
112	P	0.00000	1	0.00000	0
113	V	0.00000	0.9999	0.00010	0
114	V	0.00000	0.99988	0.00012	0
115	C	0.00000	0.99987	0.00013	0
116	D	0.00000	0.99976	0.00024	0
117	L	0.00000	0.99919	0.00081	0
118	W	0.00000	0.94698	0.05302	0
119	L	0.00000	0.53752	0.46248	0
120	A	0.00000	0.29133	0.70867	0
121	L	0.00000	0.00941	0.99059	0
122	D	0.00000	0.00032	0.99968	0
123	Y	0.00000	2e-05	0.99998	0
124	V	0.00000	0	1.00000	0
125	V	0.00000	0	1.00000	0
126	S	0.00000	0	1.00000	0
127	N	0.00000	0	1.00000	0
128	A	0.00000	0	1.00000	0
129	S	0.00000	0	1.00000	0
130	V	0.00000	0	1.00000	0
131	M	0.00000	0	1.00000	0
132	N	0.00000	0	1.00000	0
133	L	0.00000	0	1.00000	0
134	L	0.00000	0	1.00000	0
135	I	0.00000	0	1.00000	0
136	I	0.00000	0	1.00000	0
137	S	0.00000	0	1.00000	0
138	F	0.00000	0	1.00000	0
139	D	0.00017	0	0.99983	0
140	R	0.09517	0	0.90483	0
141	Y	0.35385	0	0.64615	0
142	F	0.63236	0	0.36764	0
143	C	0.91960	0	0.08040	0
144	V	0.99997	0	0.00003	0
145	T	1.00000	0	0.00000	0
146	K	1.00000	0	0.00000	0
147	P	1.00000	0	0.00000	0
148	L	1.00000	0	0.00000	0
149	T	1.00000	0	0.00000	0
150	Y	1.00000	0	0.00000	0
151	P	1.00000	0	0.00000	0
152	V	1.00000	0	0.00000	0
153	K	1.00000	0	0.00000	0
154	R	1.00000	0	0.00000	0
155	T	0.99998	0	0.00002	0
156	T	0.99988	0	0.00012	0
157	K	0.99850	0	0.00150	0
158	M	0.76550	0	0.23450	0
159	A	0.36017	0	0.63983	0
160	G	0.23337	0	0.76663	0
161	M	0.11215	0	0.88785	0
162	M	0.04331	0	0.95669	0
163	I	0.00223	0	0.99777	0
164	A	0.00036	0	0.99964	0
165	A	0.00001	0	0.99999	0
166	A	0.00000	0	1.00000	0
167	W	0.00000	0	1.00000	0
168	V	0.00000	0	1.00000	0
169	L	0.00000	0	1.00000	0
170	S	0.00000	0	1.00000	0
171	F	0.00000	0	1.00000	0
172	I	0.00000	0	1.00000	0
173	L	0.00000	0	1.00000	0
174	W	0.00000	0	1.00000	0
175	A	0.00000	0	1.00000	0
176	P	0.00000	2e-05	0.99998	0
177	A	0.00000	9e-05	0.99991	0
178	I	0.00000	0.00205	0.99795	0
179	L	0.00000	0.02214	0.97786	0
180	F	0.00000	0.14522	0.85478	0
181	W	0.00000	0.44394	0.55606	0
182	Q	0.00000	0.84007	0.15993	0
183	F	0.00000	0.86061	0.13939	0
184	I	0.00000	0.90843	0.09157	0
185	V	0.00000	0.96464	0.03536	0
186	G	0.00000	0.9979	0.00210	0
187	V	0.00000	0.99973	0.00027	0
188	R	0.00000	1	0.00000	0
189	T	0.00000	1	0.00000	0
190	V	0.00000	1	0.00000	0
191	E	0.00000	1	0.00000	0
192	D	0.00000	1	0.00000	0
193	G	0.00000	1	0.00000	0
194	E	0.00000	1	0.00000	0
195	C	0.00000	1	0.00000	0
196	Y	0.00000	0.99996	0.00004	0
197	I	0.00000	0.9997	0.00030	0
198	Q	0.00000	0.99965	0.00035	0
199	F	0.00000	0.99739	0.00261	0
200	F	0.00000	0.99435	0.00565	0
201	S	0.00000	0.99252	0.00748	0
202	N	0.00000	0.98991	0.01009	0
203	A	0.00000	0.05355	0.94645	0
204	A	0.00000	0.01629	0.98371	0
205	V	0.00000	0.00452	0.99548	0
206	T	0.00000	0.00322	0.99678	0
207	F	0.00000	0.00032	0.99968	0
208	G	0.00000	0.00012	0.99988	0
209	T	0.00000	8e-05	0.99992	0
210	A	0.00000	0	1.00000	0
211	I	0.00000	0	1.00000	0
212	A	0.00000	0	1.00000	0
213	A	0.00000	0	1.00000	0
214	F	0.00000	0	1.00000	0
215	Y	0.00000	0	1.00000	0
216	L	0.00000	0	1.00000	0
217	P	0.00000	0	1.00000	0
218	V	0.00000	0	1.00000	0
219	I	0.00000	0	1.00000	0
220	I	0.00000	0	1.00000	0
221	M	0.00000	0	1.00000	0
222	T	0.00001	0	0.99999	0
223	V	0.00002	0	0.99998	0
224	L	0.00009	0	0.99991	0
225	Y	0.00054	0	0.99946	0
226	W	0.00732	0	0.99268	0
227	H	0.19327	0	0.80673	0
228	I	0.35208	0	0.64792	0
229	S	0.93402	0	0.06598	0
230	R	0.99943	0	0.00057	0
231	A	0.99981	0	0.00019	0
232	S	1.00000	0	0.00000	0
233	K	1.00000	0	0.00000	0
234	S	1.00000	0	0.00000	0
235	R	1.00000	0	0.00000	0
236	I	1.00000	0	0.00000	0
237	K	1.00000	0	0.00000	0
238	K	1.00000	0	0.00000	0
239	E	1.00000	0	0.00000	0
240	K	1.00000	0	0.00000	0
241	K	1.00000	0	0.00000	0
242	E	1.00000	0	0.00000	0
243	P	1.00000	0	0.00000	0
244	V	1.00000	0	0.00000	0
245	A	1.00000	0	0.00000	0
246	N	1.00000	0	0.00000	0
247	Q	1.00000	0	0.00000	0
248	D	1.00000	0	0.00000	0
249	P	1.00000	0	0.00000	0
250	V	1.00000	0	0.00000	0
251	S	1.00000	0	0.00000	0
252	P	1.00000	0	0.00000	0
253	S	1.00000	0	0.00000	0
254	L	1.00000	0	0.00000	0
255	V	1.00000	0	0.00000	0
256	Q	1.00000	0	0.00000	0
257	G	1.00000	0	0.00000	0
258	R	1.00000	0	0.00000	0
259	I	1.00000	0	0.00000	0
260	V	1.00000	0	0.00000	0
261	K	1.00000	0	0.00000	0
262	P	1.00000	0	0.00000	0
263	N	1.00000	0	0.00000	0
264	N	1.00000	0	0.00000	0
265	N	1.00000	0	0.00000	0
266	N	1.00000	0	0.00000	0
267	M	1.00000	0	0.00000	0
268	P	1.00000	0	0.00000	0
269	S	1.00000	0	0.00000	0
270	S	1.00000	0	0.00000	0
271	D	1.00000	0	0.00000	0
272	G	1.00000	0	0.00000	0
273	G	1.00000	0	0.00000	0
274	L	1.00000	0	0.00000	0
275	E	1.00000	0	0.00000	0
276	H	1.00000	0	0.00000	0
277	N	1.00000	0	0.00000	0
278	K	1.00000	0	0.00000	0
279	I	1.00000	0	0.00000	0
280	Q	1.00000	0	0.00000	0
281	N	1.00000	0	0.00000	0
282	G	1.00000	0	0.00000	0
283	K	1.00000	0	0.00000	0
284	A	1.00000	0	0.00000	0
285	L	1.00000	0	0.00000	0
286	R	1.00000	0	0.00000	0
287	G	1.00000	0	0.00000	0
288	A	1.00000	0	0.00000	0
289	V	1.00000	0	0.00000	0
290	T	1.00000	0	0.00000	0
291	E	1.00000	0	0.00000	0
292	N	1.00000	0	0.00000	0
293	C	1.00000	0	0.00000	0
294	V	1.00000	0	0.00000	0
295	Q	1.00000	0	0.00000	0
296	G	1.00000	0	0.00000	0
297	E	1.00000	0	0.00000	0
298	E	1.00000	0	0.00000	0
299	K	1.00000	0	0.00000	0
300	E	1.00000	0	0.00000	0
301	S	1.00000	0	0.00000	0
302	S	1.00000	0	0.00000	0
303	N	1.00000	0	0.00000	0
304	D	1.00000	0	0.00000	0
305	S	1.00000	0	0.00000	0
306	T	1.00000	0	0.00000	0
307	S	1.00000	0	0.00000	0
308	V	1.00000	0	0.00000	0
309	S	1.00000	0	0.00000	0
310	A	1.00000	0	0.00000	0
311	V	1.00000	0	0.00000	0
312	A	1.00000	0	0.00000	0
313	S	1.00000	0	0.00000	0
314	N	1.00000	0	0.00000	0
315	M	1.00000	0	0.00000	0
316	K	1.00000	0	0.00000	0
317	D	1.00000	0	0.00000	0
318	D	1.00000	0	0.00000	0
319	E	1.00000	0	0.00000	0
320	I	1.00000	0	0.00000	0
321	T	1.00000	0	0.00000	0
322	Q	1.00000	0	0.00000	0
323	D	1.00000	0	0.00000	0
324	E	1.00000	0	0.00000	0
325	N	1.00000	0	0.00000	0
326	T	1.00000	0	0.00000	0
327	I	1.00000	0	0.00000	0
328	S	1.00000	0	0.00000	0
329	T	1.00000	0	0.00000	0
330	S	1.00000	0	0.00000	0
331	L	1.00000	0	0.00000	0
332	G	1.00000	0	0.00000	0
333	H	1.00000	0	0.00000	0
334	S	1.00000	0	0.00000	0
335	K	1.00000	0	0.00000	0
336	D	1.00000	0	0.00000	0
337	E	1.00000	0	0.00000	0
338	N	1.00000	0	0.00000	0
339	S	1.00000	0	0.00000	0
340	K	1.00000	0	0.00000	0
341	Q	1.00000	0	0.00000	0
342	T	1.00000	0	0.00000	0
343	C	1.00000	0	0.00000	0
344	I	1.00000	0	0.00000	0
345	K	1.00000	0	0.00000	0
346	I	1.00000	0	0.00000	0
347	V	1.00000	0	0.00000	0
348	T	1.00000	0	0.00000	0
349	K	1.00000	0	0.00000	0
350	T	1.00000	0	0.00000	0
351	Q	1.00000	0	0.00000	0
352	K	1.00000	0	0.00000	0
353	G	1.00000	0	0.00000	0
354	D	1.00000	0	0.00000	0
355	S	1.00000	0	0.00000	0
356	C	1.00000	0	0.00000	0
357	T	1.00000	0	0.00000	0
358	P	1.00000	0	0.00000	0
359	S	1.00000	0	0.00000	0
360	H	1.00000	0	0.00000	0
361	T	1.00000	0	0.00000	0
362	T	1.00000	0	0.00000	0
363	V	1.00000	0	0.00000	0
364	E	1.00000	0	0.00000	0
365	L	1.00000	0	0.00000	0
366	V	1.00000	0	0.00000	0
367	G	1.00000	0	0.00000	0
368	S	1.00000	0	0.00000	0
369	S	1.00000	0	0.00000	0
370	G	1.00000	0	0.00000	0
371	Q	1.00000	0	0.00000	0
372	N	1.00000	0	0.00000	0
373	G	1.00000	0	0.00000	0
374	D	1.00000	0	0.00000	0
375	E	1.00000	0	0.00000	0
376	K	1.00000	0	0.00000	0
377	Q	1.00000	0	0.00000	0
378	N	1.00000	0	0.00000	0
379	I	1.00000	0	0.00000	0
380	V	1.00000	0	0.00000	0
381	A	1.00000	0	0.00000	0
382	R	1.00000	0	0.00000	0
383	K	1.00000	0	0.00000	0
384	I	1.00000	0	0.00000	0
385	V	1.00000	0	0.00000	0
386	K	1.00000	0	0.00000	0
387	M	1.00000	0	0.00000	0
388	T	1.00000	0	0.00000	0
389	K	1.00000	0	0.00000	0
390	Q	1.00000	0	0.00000	0
391	P	1.00000	0	0.00000	0
392	A	1.00000	0	0.00000	0
393	K	1.00000	0	0.00000	0
394	K	1.00000	0	0.00000	0
395	K	1.00000	0	0.00000	0
396	P	1.00000	0	0.00000	0
397	P	1.00000	0	0.00000	0
398	P	1.00000	0	0.00000	0
399	S	1.00000	0	0.00000	0
400	R	1.00000	0	0.00000	0
401	E	1.00000	0	0.00000	0
402	K	0.86684	0	0.13316	0
403	K	0.84595	0	0.15405	0
404	V	0.82187	0	0.17813	0
405	T	0.52298	0	0.47702	0
406	R	0.47128	0	0.52872	0
407	T	0.40687	0	0.59313	0
408	I	0.33687	0	0.66313	0
409	L	0.00789	0	0.99211	0
410	A	0.00142	0	0.99858	0
411	I	0.00053	0	0.99947	0
412	L	0.00042	0	0.99958	0
413	L	0.00002	0	0.99998	0
414	A	0.00001	0	0.99999	0
415	F	0.00000	0	1.00000	0
416	I	0.00000	0	1.00000	0
417	I	0.00000	0	1.00000	0
418	T	0.00000	0	1.00000	0
419	W	0.00000	0	1.00000	0
420	A	0.00000	0	1.00000	0
421	P	0.00000	4e-05	0.99996	0
422	Y	0.00000	0.00021	0.99979	0
423	N	0.00000	0.00116	0.99884	0
424	V	0.00000	0.00147	0.99853	0
425	M	0.00000	0.00298	0.99702	0
426	V	0.00000	0.01172	0.98828	0
427	L	0.00000	0.07464	0.92536	0
428	I	0.00000	0.17307	0.82693	0
429	N	0.00000	0.53981	0.46019	0
430	T	0.00000	0.61347	0.38653	0
431	F	0.00000	0.64882	0.35118	0
432	C	0.00000	0.89415	0.10585	0
433	A	0.00000	0.92099	0.07901	0
434	P	0.00000	0.98322	0.01678	0
435	C	0.00000	0.99527	0.00473	0
436	I	0.00000	0.99612	0.00388	0
437	P	0.00000	0.99741	0.00259	0
438	N	0.00000	0.99593	0.00407	0
439	T	0.00000	0.97766	0.02234	0
440	V	0.00000	0.9731	0.02690	0
441	W	0.00000	0.97115	0.02885	0
442	T	0.00000	0.86974	0.13026	0
443	I	0.00000	0.63541	0.36459	0
444	G	0.00000	0.61618	0.38382	0
445	Y	0.00001	0.33308	0.66691	0
446	W	0.00004	0.02864	0.97133	0
447	L	0.00004	9e-05	0.99987	0
448	C	0.00004	0	0.99995	0
449	Y	0.00005	0	0.99995	0
450	I	0.00005	0	0.99995	0
451	N	0.00005	0	0.99995	0
452	S	0.00005	0	0.99995	0
453	T	0.00005	0	0.99995	0
454	I	0.00005	0	0.99995	0
455	N	0.00005	0	0.99995	0
456	P	0.00005	0	0.99995	0
457	A	0.00005	0	0.99995	0
458	C	0.00006	0	0.99994	0
459	Y	0.00012	0	0.99988	0
460	A	0.00040	0	0.99960	0
461	L	0.00104	0	0.99896	0
462	C	0.01843	0	0.98157	0
463	N	0.08349	0	0.91651	0
464	A	0.16854	0	0.83146	0
465	T	0.21750	0	0.78250	0
466	F	0.34884	0	0.65116	0
467	K	1.00000	0	0.00000	0
468	K	1.00000	0	0.00000	0
469	T	1.00000	0	0.00000	0
470	F	1.00000	0	0.00000	0
471	K	1.00000	0	0.00000	0
472	H	1.00000	0	0.00000	0
473	L	1.00000	0	0.00000	0
474	L	1.00000	0	0.00000	0
475	M	1.00000	0	0.00000	0
476	C	1.00000	0	0.00000	0
477	H	1.00000	0	0.00000	0
478	Y	1.00000	0	0.00000	0
479	K	1.00000	0	0.00000	0
480	N	1.00000	0	0.00000	0
481	I	1.00000	0	0.00000	0
482	G	1.00000	0	0.00000	0
483	A	1.00000	0	0.00000	0
484	T	1.00000	0	0.00000	0
485	R	1.00000	0	0.00000	0
