# UNNAMED
#pos	aa	i	o	M	S
1	M	0.00000	1	0.00000	0
2	A	0.00000	1	0.00000	0
3	S	0.00000	1	0.00000	0
4	N	0.00000	1	0.00000	0
5	G	0.00000	1	0.00000	0
6	T	0.00000	1	0.00000	0
7	A	0.00000	1	0.00000	0
8	S	0.00000	1	0.00000	0
9	S	0.00000	1	0.00000	0
10	S	0.00000	1	0.00000	0
11	C	0.00000	1	0.00000	0
12	L	0.00000	1	0.00000	0
13	D	0.00000	1	0.00000	0
14	P	0.00000	0.99982	0.00018	0
15	A	0.00000	0.99839	0.00161	0
16	A	0.00000	0.99426	0.00574	0
17	F	0.00000	0.98711	0.01289	0
18	K	0.00000	0.98157	0.01843	0
19	V	0.00000	0.5525	0.44750	0
20	T	0.00000	0.31808	0.68192	0
21	V	0.00000	0.16171	0.83829	0
22	T	0.00000	0.06122	0.93878	0
23	V	0.00000	0.01258	0.98742	0
24	V	0.00000	0.00431	0.99569	0
25	L	0.00000	0.00086	0.99914	0
26	T	0.00000	0.00028	0.99972	0
27	L	0.00000	3e-05	0.99997	0
28	L	0.00000	0	1.00000	0
29	I	0.00000	0	1.00000	0
30	L	0.00000	0	1.00000	0
31	I	0.00000	0	1.00000	0
32	T	0.00000	0	1.00000	0
33	I	0.00000	0	1.00000	0
34	A	0.00000	0	1.00000	0
35	G	0.00000	0	1.00000	0
36	N	0.00000	0	1.00000	0
37	V	0.00000	0	1.00000	0
38	V	0.00000	0	1.00000	0
39	V	0.00001	0	0.99999	0
40	C	0.00015	0	0.99985	0
41	L	0.00334	0	0.99666	0
42	A	0.09870	0	0.90130	0
43	V	0.26106	0	0.73894	0
44	G	0.68117	0	0.31883	0
45	L	0.79740	0	0.20260	0
46	N	0.99210	0	0.00790	0
47	R	0.99987	0	0.00013	0
48	R	1.00000	0	0.00000	0
49	L	0.99999	0	0.00001	0
50	R	0.99998	0	0.00002	0
51	S	0.99477	0	0.00523	0
52	L	0.89029	0	0.10971	0
53	T	0.79460	0	0.20540	0
54	N	0.19102	0	0.80898	0
55	C	0.07751	0	0.92249	0
56	F	0.00089	0	0.99911	0
57	I	0.00006	0	0.99994	0
58	V	0.00000	0	1.00000	0
59	S	0.00000	0	1.00000	0
60	L	0.00000	0	1.00000	0
61	A	0.00000	0	1.00000	0
62	I	0.00000	0	1.00000	0
63	T	0.00000	0	1.00000	0
64	D	0.00000	0	1.00000	0
65	L	0.00000	0	1.00000	0
66	L	0.00000	0	1.00000	0
67	L	0.00000	0	1.00000	0
68	G	0.00000	0	1.00000	0
69	L	0.00000	0	1.00000	0
70	L	0.00000	0	1.00000	0
71	V	0.00000	7e-05	0.99993	0
72	L	0.00000	0.00136	0.99864	0
73	P	0.00000	0.01845	0.98155	0
74	F	0.00000	0.04963	0.95037	0
75	S	0.00000	0.33594	0.66406	0
76	A	0.00000	0.44377	0.55623	0
77	F	0.00000	0.54383	0.45617	0
78	H	0.00000	0.99999	0.00001	0
79	Q	0.00000	0.99999	0.00001	0
80	L	0.00000	0.99999	0.00001	0
81	S	0.00000	1	0.00000	0
82	C	0.00000	1	0.00000	0
83	Q	0.00000	1	0.00000	0
84	W	0.00000	1	0.00000	0
85	G	0.00000	1	0.00000	0
86	F	0.00000	1	0.00000	0
87	G	0.00000	1	0.00000	0
88	K	0.00000	1	0.00000	0
89	V	0.00000	1	0.00000	0
90	F	0.00000	0.99998	0.00002	0
91	C	0.00000	0.99998	0.00002	0
92	N	0.00000	0.99996	0.00004	0
93	I	0.00000	0.99762	0.00238	0
94	Y	0.00000	0.80659	0.19341	0
95	T	0.00000	0.4753	0.52470	0
96	S	0.00000	0.20944	0.79056	0
97	L	0.00000	0.00074	0.99926	0
98	D	0.00000	0.00011	0.99989	0
99	V	0.00000	0	1.00000	0
100	M	0.00000	0	1.00000	0
101	L	0.00000	0	1.00000	0
102	C	0.00000	0	1.00000	0
103	T	0.00000	0	1.00000	0
104	A	0.00000	0	1.00000	0
105	S	0.00000	0	1.00000	0
106	I	0.00000	0	1.00000	0
107	L	0.00000	0	1.00000	0
108	N	0.00000	0	1.00000	0
109	L	0.00000	0	1.00000	0
110	F	0.00000	0	1.00000	0
111	M	0.00000	0	1.00000	0
112	I	0.00000	0	1.00000	0
113	S	0.00000	0	1.00000	0
114	L	0.00000	0	1.00000	0
115	D	0.00012	0	0.99988	0
116	R	0.02882	0	0.97118	0
117	Y	0.87056	0	0.12944	0
118	C	0.98035	0	0.01965	0
119	A	0.99415	0	0.00585	0
120	V	1.00000	0	0.00000	0
121	T	1.00000	0	0.00000	0
122	D	1.00000	0	0.00000	0
123	P	1.00000	0	0.00000	0
124	L	1.00000	0	0.00000	0
125	R	1.00000	0	0.00000	0
126	Y	1.00000	0	0.00000	0
127	P	1.00000	0	0.00000	0
128	V	1.00000	0	0.00000	0
129	L	1.00000	0	0.00000	0
130	V	0.99965	0	0.00035	0
131	T	0.99951	0	0.00049	0
132	P	0.99842	0	0.00158	0
133	L	0.92492	0	0.07508	0
134	R	0.90819	0	0.09181	0
135	V	0.16605	0	0.83395	0
136	A	0.01612	0	0.98388	0
137	V	0.00060	0	0.99940	0
138	S	0.00023	0	0.99977	0
139	L	0.00000	0	1.00000	0
140	V	0.00000	0	1.00000	0
141	L	0.00000	0	1.00000	0
142	I	0.00000	0	1.00000	0
143	W	0.00000	0	1.00000	0
144	V	0.00000	0	1.00000	0
145	I	0.00000	0	1.00000	0
146	S	0.00000	0	1.00000	0
147	I	0.00000	0	1.00000	0
148	T	0.00000	0	1.00000	0
149	L	0.00000	0	1.00000	0
150	S	0.00000	1e-05	0.99999	0
151	F	0.00000	2e-05	0.99998	0
152	L	0.00000	0.00028	0.99972	0
153	S	0.00000	0.00927	0.99073	0
154	I	0.00000	0.02388	0.97612	0
155	H	0.00000	0.17265	0.82735	0
156	L	0.00000	0.32629	0.67371	0
157	E	0.00000	0.98049	0.01951	0
158	W	0.00000	0.99215	0.00785	0
159	N	0.00000	0.99965	0.00035	0
160	G	0.00000	1	0.00000	0
161	R	0.00000	1	0.00000	0
162	P	0.00000	1	0.00000	0
163	E	0.00000	1	0.00000	0
164	N	0.00000	1	0.00000	0
165	R	0.00000	1	0.00000	0
166	S	0.00000	1	0.00000	0
167	D	0.00000	1	0.00000	0
168	S	0.00000	1	0.00000	0
169	H	0.00000	1	0.00000	0
170	A	0.00000	1	0.00000	0
171	V	0.00000	1	0.00000	0
172	P	0.00000	1	0.00000	0
173	K	0.00000	1	0.00000	0
174	C	0.00000	1	0.00000	0
175	K	0.00000	1	0.00000	0
176	V	0.00000	0.99992	0.00008	0
177	Q	0.00000	0.99973	0.00027	0
178	V	0.00000	0.97883	0.02117	0
179	N	0.00000	0.97869	0.02131	0
180	L	0.00000	0.96794	0.03206	0
181	V	0.00000	0.00326	0.99674	0
182	Y	0.00000	0.00048	0.99952	0
183	G	0.00000	0.00046	0.99954	0
184	L	0.00000	0.00018	0.99982	0
185	V	0.00000	0.00016	0.99984	0
186	D	0.00000	0.00016	0.99984	0
187	G	0.00000	1e-05	0.99999	0
188	L	0.00000	1e-05	0.99999	0
189	V	0.00000	0	1.00000	0
190	T	0.00000	0	1.00000	0
191	F	0.00000	0	1.00000	0
192	Y	0.00000	0	1.00000	0
193	L	0.00000	0	1.00000	0
194	P	0.00000	0	1.00000	0
195	L	0.00000	0	1.00000	0
196	L	0.00000	0	1.00000	0
197	V	0.00000	0	1.00000	0
198	M	0.00000	0	1.00000	0
199	C	0.00000	0	1.00000	0
200	V	0.00006	0	0.99994	0
201	T	0.00090	0	0.99910	0
202	Y	0.00155	0	0.99845	0
203	Y	0.01300	0	0.98700	0
204	R	0.24419	0	0.75581	0
205	I	0.26941	0	0.73059	0
206	L	0.38759	0	0.61241	0
207	R	0.99500	0	0.00500	0
208	I	0.99849	0	0.00151	0
209	A	0.99999	0	0.00001	0
210	R	1.00000	0	0.00000	0
211	E	1.00000	0	0.00000	0
212	Q	1.00000	0	0.00000	0
213	A	1.00000	0	0.00000	0
214	R	1.00000	0	0.00000	0
215	R	1.00000	0	0.00000	0
216	I	1.00000	0	0.00000	0
217	R	1.00000	0	0.00000	0
218	N	1.00000	0	0.00000	0
219	V	1.00000	0	0.00000	0
220	G	1.00000	0	0.00000	0
221	P	1.00000	0	0.00000	0
222	W	1.00000	0	0.00000	0
223	R	1.00000	0	0.00000	0
224	A	1.00000	0	0.00000	0
225	A	1.00000	0	0.00000	0
226	T	1.00000	0	0.00000	0
227	L	1.00000	0	0.00000	0
228	R	1.00000	0	0.00000	0
229	E	1.00000	0	0.00000	0
230	H	0.99986	0	0.00014	0
231	K	0.99918	0	0.00082	0
232	A	0.92034	0	0.07966	0
233	T	0.83368	0	0.16632	0
234	A	0.56544	0	0.43456	0
235	T	0.41576	0	0.58424	0
236	L	0.00228	0	0.99772	0
237	A	0.00026	0	0.99974	0
238	A	0.00017	0	0.99983	0
239	V	0.00001	0	0.99999	0
240	M	0.00000	0	1.00000	0
241	G	0.00000	0	1.00000	0
242	A	0.00000	0	1.00000	0
243	F	0.00000	0	1.00000	0
244	V	0.00000	0	1.00000	0
245	V	0.00000	0	1.00000	0
246	C	0.00000	0	1.00000	0
247	W	0.00000	0	1.00000	0
248	L	0.00000	0	1.00000	0
249	P	0.00000	0	1.00000	0
250	Y	0.00000	0	1.00000	0
251	F	0.00000	0	1.00000	0
252	T	0.00000	0.0001	0.99990	0
253	V	0.00000	0.00041	0.99959	0
254	F	0.00000	0.00327	0.99673	0
255	I	0.00000	0.08698	0.91302	0
256	Y	0.00000	0.30396	0.69604	0
257	R	0.00000	0.814	0.18600	0
258	G	0.00000	0.8646	0.13540	0
259	L	0.00000	0.88942	0.11058	0
260	R	0.00000	0.9944	0.00560	0
261	G	0.00000	0.99967	0.00033	0
262	D	0.00000	1	0.00000	0
263	S	0.00000	1	0.00000	0
264	A	0.00000	1	0.00000	0
265	V	0.00000	1	0.00000	0
266	D	0.00000	1	0.00000	0
267	K	0.00000	0.99998	0.00002	0
268	T	0.00000	0.99959	0.00041	0
269	V	0.00000	0.99818	0.00182	0
270	E	0.00000	0.99766	0.00234	0
271	D	0.00000	0.9028	0.09720	0
272	V	0.00000	0.00325	0.99675	0
273	V	0.00000	5e-05	0.99995	0
274	L	0.00000	0	1.00000	0
275	W	0.00000	0	1.00000	0
276	L	0.00000	0	1.00000	0
277	G	0.00000	0	1.00000	0
278	Y	0.00000	0	1.00000	0
279	A	0.00000	0	1.00000	0
280	N	0.00000	0	1.00000	0
281	S	0.00000	0	1.00000	0
282	A	0.00000	0	1.00000	0
283	L	0.00000	0	1.00000	0
284	N	0.00000	0	1.00000	0
285	P	0.00000	0	1.00000	0
286	V	0.00000	0	1.00000	0
287	L	0.00000	0	1.00000	0
288	Y	0.00000	0	1.00000	0
289	A	0.00004	0	0.99996	0
290	A	0.00162	0	0.99838	0
291	L	0.23123	0	0.76877	0
292	N	0.90387	0	0.09613	0
293	R	1.00000	0	0.00000	0
294	D	1.00000	0	0.00000	0
295	F	1.00000	0	0.00000	0
296	R	1.00000	0	0.00000	0
297	T	1.00000	0	0.00000	0
298	A	1.00000	0	0.00000	0
299	Y	1.00000	0	0.00000	0
300	Q	1.00000	0	0.00000	0
301	Q	1.00000	0	0.00000	0
302	L	1.00000	0	0.00000	0
303	F	1.00000	0	0.00000	0
304	R	1.00000	0	0.00000	0
305	C	1.00000	0	0.00000	0
306	S	1.00000	0	0.00000	0
307	P	1.00000	0	0.00000	0
308	A	1.00000	0	0.00000	0
309	G	1.00000	0	0.00000	0
310	H	1.00000	0	0.00000	0
311	D	1.00000	0	0.00000	0
312	A	1.00000	0	0.00000	0
313	R	1.00000	0	0.00000	0
314	R	1.00000	0	0.00000	0
315	T	1.00000	0	0.00000	0
316	S	1.00000	0	0.00000	0
317	L	1.00000	0	0.00000	0
318	G	1.00000	0	0.00000	0
319	S	1.00000	0	0.00000	0
320	N	1.00000	0	0.00000	0
321	S	1.00000	0	0.00000	0
322	S	1.00000	0	0.00000	0
323	Q	1.00000	0	0.00000	0
324	L	1.00000	0	0.00000	0
325	V	1.00000	0	0.00000	0
326	R	1.00000	0	0.00000	0
327	R	1.00000	0	0.00000	0
328	P	1.00000	0	0.00000	0
329	G	1.00000	0	0.00000	0
330	R	1.00000	0	0.00000	0
331	E	1.00000	0	0.00000	0
332	P	1.00000	0	0.00000	0
333	R	1.00000	0	0.00000	0
334	W	1.00000	0	0.00000	0
335	P	1.00000	0	0.00000	0
336	E	1.00000	0	0.00000	0
337	E	1.00000	0	0.00000	0
338	R	1.00000	0	0.00000	0
339	P	1.00000	0	0.00000	0
340	L	1.00000	0	0.00000	0
341	R	1.00000	0	0.00000	0
342	L	1.00000	0	0.00000	0
343	Q	1.00000	0	0.00000	0
344	V	1.00000	0	0.00000	0
345	W	1.00000	0	0.00000	0
346	S	1.00000	0	0.00000	0
347	G	1.00000	0	0.00000	0
348	T	1.00000	0	0.00000	0
349	E	1.00000	0	0.00000	0
350	V	1.00000	0	0.00000	0
351	T	1.00000	0	0.00000	0
352	A	1.00000	0	0.00000	0
353	P	1.00000	0	0.00000	0
354	Q	1.00000	0	0.00000	0
355	G	1.00000	0	0.00000	0
356	A	1.00000	0	0.00000	0
357	A	1.00000	0	0.00000	0
358	D	1.00000	0	0.00000	0
359	R	1.00000	0	0.00000	0
