# UNNAMED
#pos	aa	i	o	M	S
1	M	0.00000	0.99547	0.00000	0.00453
2	F	0.00000	0.99547	0.00000	0.00453
3	Q	0.00000	0.99547	0.00000	0.00453
4	A	0.00000	0.99547	0.00000	0.00453
5	E	0.00000	0.99547	0.00000	0.00452
6	V	0.00000	0.99547	0.00000	0.00452
7	A	0.00000	0.99547	0.00000	0.00452
8	F	0.00000	0.99547	0.00000	0.00453
9	V	0.00000	0.99547	0.00000	0.00453
10	G	0.00000	0.99547	0.00000	0.00453
11	R	0.00000	0.99547	0.00000	0.00453
12	E	0.00000	0.99547	0.00000	0.00452
13	G	0.00000	0.99548	0.00000	0.00452
14	G	0.00000	0.99549	0.00000	0.00451
15	F	0.00000	0.99553	0.00000	0.00446
16	S	0.00000	0.99554	0.00000	0.00445
17	G	0.00000	0.99934	0.00000	0.00066
18	V	0.00000	0.99936	0.00000	0.00064
19	A	0.00000	0.99936	0.00000	0.00064
20	H	0.00000	0.99936	0.00000	0.00063
21	L	0.00000	0.99937	0.00000	0.00063
22	R	0.00000	1	0.00000	0
23	S	0.00000	1	0.00000	0
24	G	0.00000	1	0.00000	0
25	H	0.00000	1	0.00000	0
26	P	0.00000	1	0.00000	0
27	P	0.00000	1	0.00000	0
28	L	0.00000	1	0.00000	0
29	P	0.00000	1	0.00000	0
30	M	0.00000	1	0.00000	0
31	E	0.00000	1	0.00000	0
32	G	0.00000	1	0.00000	0
33	N	0.00000	1	0.00000	0
34	A	0.00000	1	0.00000	0
35	S	0.00000	1	0.00000	0
36	L	0.00000	1	0.00000	0
37	N	0.00000	1	0.00000	0
38	G	0.00000	1	0.00000	0
39	S	0.00000	1	0.00000	0
40	Q	0.00000	1	0.00000	0
41	G	0.00000	1	0.00000	0
42	G	0.00000	1	0.00000	0
43	T	0.00000	1	0.00000	0
44	R	0.00000	1	0.00000	0
45	E	0.00000	1	0.00000	0
46	G	0.00000	0.99997	0.00003	0
47	P	0.00000	0.99683	0.00317	0
48	F	0.00000	0.97212	0.02788	0
49	S	0.00000	0.94827	0.05173	0
50	L	0.00000	0.83877	0.16123	0
51	H	0.00000	0.73375	0.26625	0
52	V	0.00000	0.5526	0.44740	0
53	T	0.00000	0.32775	0.67225	0
54	L	0.00000	0.20937	0.79063	0
55	A	0.00000	0.1414	0.85860	0
56	L	0.00000	0.08297	0.91703	0
57	I	0.00000	0.01619	0.98381	0
58	S	0.00000	0.01047	0.98953	0
59	L	0.00000	0.00166	0.99834	0
60	A	0.00000	0.00024	0.99976	0
61	T	0.00000	3e-05	0.99997	0
62	L	0.00000	0	1.00000	0
63	L	0.00000	0	1.00000	0
64	M	0.00000	0	1.00000	0
65	L	0.00000	0	1.00000	0
66	V	0.00000	0	1.00000	0
67	I	0.00000	0	1.00000	0
68	I	0.00000	0	1.00000	0
69	F	0.00000	0	1.00000	0
70	G	0.00000	0	1.00000	0
71	N	0.00000	0	1.00000	0
72	V	0.00000	0	1.00000	0
73	L	0.00000	0	1.00000	0
74	V	0.00000	0	1.00000	0
75	I	0.00001	0	0.99999	0
76	I	0.00048	0	0.99952	0
77	A	0.02606	0	0.97394	0
78	I	0.05745	0	0.94255	0
79	F	0.26969	0	0.73031	0
80	T	0.95758	0	0.04242	0
81	S	0.99842	0	0.00158	0
82	R	0.99998	0	0.00002	0
83	A	1.00000	0	0.00000	0
84	L	1.00000	0	0.00000	0
85	K	1.00000	0	0.00000	0
86	A	1.00000	0	0.00000	0
87	P	1.00000	0	0.00000	0
88	Q	0.84688	0	0.15312	0
89	N	0.15432	0	0.84568	0
90	L	0.02571	0	0.97429	0
91	F	0.00023	0	0.99977	0
92	L	0.00000	0	1.00000	0
93	V	0.00000	0	1.00000	0
94	S	0.00000	0	1.00000	0
95	L	0.00000	0	1.00000	0
96	A	0.00000	0	1.00000	0
97	S	0.00000	0	1.00000	0
98	A	0.00000	0	1.00000	0
99	D	0.00000	0	1.00000	0
100	I	0.00000	0	1.00000	0
101	L	0.00000	0	1.00000	0
102	V	0.00000	0	1.00000	0
103	A	0.00000	0	1.00000	0
104	T	0.00000	0	1.00000	0
105	L	0.00000	0	1.00000	0
106	V	0.00000	0	1.00000	0
107	I	0.00000	0.0002	0.99980	0
108	P	0.00000	0.00356	0.99644	0
109	F	0.00000	0.03821	0.96179	0
110	S	0.00000	0.37543	0.62457	0
111	L	0.00000	0.50939	0.49061	0
112	A	0.00000	0.80587	0.19413	0
113	N	0.00000	0.99997	0.00003	0
114	E	0.00000	0.99998	0.00002	0
115	V	0.00000	0.99998	0.00002	0
116	M	0.00000	0.99998	0.00002	0
117	G	0.00000	0.99999	0.00001	0
118	Q	0.00000	1	0.00000	0
119	W	0.00000	1	0.00000	0
120	S	0.00000	1	0.00000	0
121	F	0.00000	1	0.00000	0
122	G	0.00000	1	0.00000	0
123	K	0.00000	1	0.00000	0
124	V	0.00000	1	0.00000	0
125	W	0.00000	1	0.00000	0
126	C	0.00000	1	0.00000	0
127	E	0.00000	1	0.00000	0
128	I	0.00000	0.99981	0.00019	0
129	Y	0.00000	0.97131	0.02869	0
130	T	0.00000	0.8639	0.13610	0
131	A	0.00000	0.53347	0.46653	0
132	L	0.00000	0.01441	0.98559	0
133	D	0.00000	0.00589	0.99411	0
134	V	0.00000	9e-05	0.99991	0
135	L	0.00000	0	1.00000	0
136	F	0.00000	0	1.00000	0
137	C	0.00000	0	1.00000	0
138	T	0.00000	0	1.00000	0
139	S	0.00000	0	1.00000	0
140	S	0.00000	0	1.00000	0
141	I	0.00000	0	1.00000	0
142	V	0.00000	0	1.00000	0
143	H	0.00000	0	1.00000	0
144	L	0.00000	0	1.00000	0
145	C	0.00000	0	1.00000	0
146	A	0.00000	0	1.00000	0
147	I	0.00000	0	1.00000	0
148	S	0.00000	0	1.00000	0
149	L	0.00000	0	1.00000	0
150	D	0.00000	0	1.00000	0
151	R	0.00021	0	0.99979	0
152	Y	0.00321	0	0.99679	0
153	W	0.00857	0	0.99143	0
154	S	0.21809	0	0.78191	0
155	I	0.99995	0	0.00005	0
156	T	1.00000	0	0.00000	0
157	Q	1.00000	0	0.00000	0
158	A	1.00000	0	0.00000	0
159	I	1.00000	0	0.00000	0
160	E	1.00000	0	0.00000	0
161	Y	1.00000	0	0.00000	0
162	N	1.00000	0	0.00000	0
163	L	1.00000	0	0.00000	0
164	K	1.00000	0	0.00000	0
165	R	1.00000	0	0.00000	0
166	T	1.00000	0	0.00000	0
167	P	1.00000	0	0.00000	0
168	R	1.00000	0	0.00000	0
169	R	0.99961	0	0.00039	0
170	I	0.96413	0	0.03587	0
171	K	0.95980	0	0.04020	0
172	S	0.76489	0	0.23511	0
173	I	0.00804	0	0.99196	0
174	I	0.00002	0	0.99998	0
175	F	0.00000	0	1.00000	0
176	L	0.00000	0	1.00000	0
177	V	0.00000	0	1.00000	0
178	W	0.00000	0	1.00000	0
179	V	0.00000	0	1.00000	0
180	I	0.00000	0	1.00000	0
181	S	0.00000	0	1.00000	0
182	A	0.00000	0	1.00000	0
183	I	0.00000	0	1.00000	0
184	I	0.00000	0	1.00000	0
185	S	0.00000	0	1.00000	0
186	F	0.00000	0	1.00000	0
187	P	0.00000	0	1.00000	0
188	P	0.00000	0	1.00000	0
189	L	0.00000	1e-05	0.99999	0
190	I	0.00000	0.00028	0.99972	0
191	S	0.00000	0.00408	0.99592	0
192	I	0.00000	0.00668	0.99332	0
193	M	0.00000	0.04845	0.95155	0
194	K	0.00000	0.98875	0.01125	0
195	Q	0.00000	0.99895	0.00105	0
196	G	0.00000	0.99988	0.00012	0
197	E	0.00000	1	0.00000	0
198	P	0.00000	1	0.00000	0
199	E	0.00000	1	0.00000	0
200	A	0.00000	1	0.00000	0
201	P	0.00000	1	0.00000	0
202	P	0.00000	1	0.00000	0
203	G	0.00000	1	0.00000	0
204	E	0.00000	1	0.00000	0
205	P	0.00000	1	0.00000	0
206	T	0.00000	1	0.00000	0
207	E	0.00000	1	0.00000	0
208	S	0.00000	1	0.00000	0
209	K	0.00000	1	0.00000	0
210	A	0.00000	1	0.00000	0
211	G	0.00000	1	0.00000	0
212	G	0.00000	1	0.00000	0
213	K	0.00000	1	0.00000	0
214	E	0.00000	1	0.00000	0
215	P	0.00000	1	0.00000	0
216	T	0.00000	1	0.00000	0
217	C	0.00000	1	0.00000	0
218	S	0.00000	1	0.00000	0
219	I	0.00000	1	0.00000	0
220	N	0.00000	1	0.00000	0
221	K	0.00000	1	0.00000	0
222	E	0.00000	0.99963	0.00037	0
223	T	0.00000	0.72171	0.27829	0
224	W	0.00000	0.3096	0.69040	0
225	Y	0.00000	0.03636	0.96364	0
226	I	0.00000	0.02939	0.97061	0
227	I	0.00000	0.00087	0.99913	0
228	S	0.00000	2e-05	0.99998	0
229	S	0.00000	1e-05	0.99999	0
230	S	0.00000	0	1.00000	0
231	I	0.00000	0	1.00000	0
232	G	0.00000	0	1.00000	0
233	S	0.00000	0	1.00000	0
234	F	0.00000	0	1.00000	0
235	F	0.00000	0	1.00000	0
236	A	0.00000	0	1.00000	0
237	P	0.00000	0	1.00000	0
238	C	0.00000	0	1.00000	0
239	L	0.00000	0	1.00000	0
240	I	0.00000	0	1.00000	0
241	M	0.00000	0	1.00000	0
242	V	0.00000	0	1.00000	0
243	L	0.00000	0	1.00000	0
244	V	0.00002	0	0.99998	0
245	Y	0.00083	0	0.99917	0
246	V	0.02052	0	0.97948	0
247	R	0.26551	0	0.73449	0
248	I	0.28565	0	0.71435	0
249	Y	0.40551	0	0.59449	0
250	Q	0.99359	0	0.00641	0
251	I	0.99533	0	0.00467	0
252	A	0.99997	0	0.00003	0
253	K	1.00000	0	0.00000	0
254	R	1.00000	0	0.00000	0
255	R	1.00000	0	0.00000	0
256	T	1.00000	0	0.00000	0
257	R	1.00000	0	0.00000	0
258	V	1.00000	0	0.00000	0
259	P	1.00000	0	0.00000	0
260	P	1.00000	0	0.00000	0
261	G	1.00000	0	0.00000	0
262	D	1.00000	0	0.00000	0
263	R	1.00000	0	0.00000	0
264	Q	1.00000	0	0.00000	0
265	E	1.00000	0	0.00000	0
266	V	1.00000	0	0.00000	0
267	A	1.00000	0	0.00000	0
268	E	1.00000	0	0.00000	0
269	R	1.00000	0	0.00000	0
270	R	1.00000	0	0.00000	0
271	Q	1.00000	0	0.00000	0
272	N	1.00000	0	0.00000	0
273	G	1.00000	0	0.00000	0
274	L	1.00000	0	0.00000	0
275	S	1.00000	0	0.00000	0
276	G	1.00000	0	0.00000	0
277	K	1.00000	0	0.00000	0
278	E	1.00000	0	0.00000	0
279	D	1.00000	0	0.00000	0
280	V	1.00000	0	0.00000	0
281	T	1.00000	0	0.00000	0
282	A	1.00000	0	0.00000	0
283	A	1.00000	0	0.00000	0
284	S	1.00000	0	0.00000	0
285	K	1.00000	0	0.00000	0
286	L	1.00000	0	0.00000	0
287	N	1.00000	0	0.00000	0
288	G	1.00000	0	0.00000	0
289	E	1.00000	0	0.00000	0
290	K	1.00000	0	0.00000	0
291	V	1.00000	0	0.00000	0
292	A	1.00000	0	0.00000	0
293	V	1.00000	0	0.00000	0
294	A	1.00000	0	0.00000	0
295	G	1.00000	0	0.00000	0
296	G	1.00000	0	0.00000	0
297	S	1.00000	0	0.00000	0
298	Q	1.00000	0	0.00000	0
299	D	1.00000	0	0.00000	0
300	R	1.00000	0	0.00000	0
301	E	1.00000	0	0.00000	0
302	E	1.00000	0	0.00000	0
303	V	1.00000	0	0.00000	0
304	N	1.00000	0	0.00000	0
305	G	1.00000	0	0.00000	0
306	I	1.00000	0	0.00000	0
307	D	1.00000	0	0.00000	0
308	L	1.00000	0	0.00000	0
309	E	1.00000	0	0.00000	0
310	D	1.00000	0	0.00000	0
311	T	1.00000	0	0.00000	0
312	S	1.00000	0	0.00000	0
313	S	1.00000	0	0.00000	0
314	S	1.00000	0	0.00000	0
315	E	1.00000	0	0.00000	0
316	H	1.00000	0	0.00000	0
317	N	1.00000	0	0.00000	0
318	E	1.00000	0	0.00000	0
319	S	1.00000	0	0.00000	0
320	H	1.00000	0	0.00000	0
321	E	1.00000	0	0.00000	0
322	P	1.00000	0	0.00000	0
323	K	1.00000	0	0.00000	0
324	K	1.00000	0	0.00000	0
325	Q	1.00000	0	0.00000	0
326	E	1.00000	0	0.00000	0
327	K	1.00000	0	0.00000	0
328	P	1.00000	0	0.00000	0
329	P	1.00000	0	0.00000	0
330	R	1.00000	0	0.00000	0
331	G	1.00000	0	0.00000	0
332	K	1.00000	0	0.00000	0
333	G	1.00000	0	0.00000	0
334	K	1.00000	0	0.00000	0
335	T	1.00000	0	0.00000	0
336	K	1.00000	0	0.00000	0
337	L	1.00000	0	0.00000	0
338	S	1.00000	0	0.00000	0
339	Q	1.00000	0	0.00000	0
340	I	1.00000	0	0.00000	0
341	K	1.00000	0	0.00000	0
342	P	1.00000	0	0.00000	0
343	G	1.00000	0	0.00000	0
344	D	1.00000	0	0.00000	0
345	V	1.00000	0	0.00000	0
346	L	1.00000	0	0.00000	0
347	P	1.00000	0	0.00000	0
348	S	1.00000	0	0.00000	0
349	Q	1.00000	0	0.00000	0
350	A	1.00000	0	0.00000	0
351	E	1.00000	0	0.00000	0
352	E	1.00000	0	0.00000	0
353	E	1.00000	0	0.00000	0
354	R	1.00000	0	0.00000	0
355	N	1.00000	0	0.00000	0
356	A	1.00000	0	0.00000	0
357	K	1.00000	0	0.00000	0
358	A	1.00000	0	0.00000	0
359	S	1.00000	0	0.00000	0
360	R	1.00000	0	0.00000	0
361	W	1.00000	0	0.00000	0
362	R	1.00000	0	0.00000	0
363	G	1.00000	0	0.00000	0
364	R	1.00000	0	0.00000	0
365	Q	1.00000	0	0.00000	0
366	N	1.00000	0	0.00000	0
367	R	1.00000	0	0.00000	0
368	E	1.00000	0	0.00000	0
369	K	0.96768	0	0.03232	0
370	R	0.96627	0	0.03373	0
371	F	0.68205	0	0.31795	0
372	T	0.42189	0	0.57811	0
373	F	0.08004	0	0.91996	0
374	V	0.07581	0	0.92419	0
375	L	0.00106	0	0.99894	0
376	A	0.00003	0	0.99997	0
377	V	0.00001	0	0.99999	0
378	V	0.00000	0	1.00000	0
379	I	0.00000	0	1.00000	0
380	G	0.00000	0	1.00000	0
381	V	0.00000	0	1.00000	0
382	F	0.00000	0	1.00000	0
383	V	0.00000	0	1.00000	0
384	I	0.00000	0	1.00000	0
385	C	0.00000	0	1.00000	0
386	W	0.00000	0	1.00000	0
387	F	0.00000	0	1.00000	0
388	P	0.00000	0	1.00000	0
389	F	0.00000	0	1.00000	0
390	F	0.00000	1e-05	0.99999	0
391	F	0.00000	0.0011	0.99890	0
392	T	0.00000	0.01654	0.98346	0
393	Y	0.00000	0.0348	0.96520	0
394	T	0.00000	0.11488	0.88512	0
395	L	0.00000	0.17266	0.82734	0
396	T	0.00000	0.43922	0.56078	0
397	A	0.00000	0.56853	0.43147	0
398	V	0.00000	0.84352	0.15648	0
399	C	0.00000	0.98888	0.01112	0
400	E	0.00000	0.99973	0.00027	0
401	S	0.00000	0.99991	0.00009	0
402	C	0.00000	0.99996	0.00004	0
403	F	0.00000	0.99996	0.00004	0
404	V	0.00000	0.99995	0.00005	0
405	P	0.00000	0.99998	0.00002	0
406	E	0.00000	0.99445	0.00555	0
407	T	0.00000	0.95711	0.04289	0
408	L	0.00000	0.87518	0.12482	0
409	F	0.00000	0.85509	0.14491	0
410	K	0.00000	0.32851	0.67149	0
411	F	0.00000	0.00395	0.99605	0
412	F	0.00000	0.00064	0.99936	0
413	F	0.00000	3e-05	0.99997	0
414	W	0.00000	0	1.00000	0
415	C	0.00000	0	1.00000	0
416	G	0.00000	0	1.00000	0
417	Y	0.00000	0	1.00000	0
418	C	0.00000	0	1.00000	0
419	N	0.00000	0	1.00000	0
420	S	0.00000	0	1.00000	0
421	S	0.00000	0	1.00000	0
422	L	0.00000	0	1.00000	0
423	N	0.00000	0	1.00000	0
424	P	0.00000	0	1.00000	0
425	V	0.00000	0	1.00000	0
426	I	0.00000	0	1.00000	0
427	Y	0.00002	0	0.99998	0
428	T	0.00014	0	0.99986	0
429	I	0.00267	0	0.99733	0
430	F	0.10154	0	0.89846	0
431	N	0.80888	0	0.19112	0
432	H	0.92138	0	0.07862	0
433	D	0.97172	0	0.02828	0
434	F	0.98072	0	0.01928	0
435	R	1.00000	0	0.00000	0
436	R	1.00000	0	0.00000	0
437	A	1.00000	0	0.00000	0
438	F	1.00000	0	0.00000	0
439	K	1.00000	0	0.00000	0
440	K	1.00000	0	0.00000	0
441	I	1.00000	0	0.00000	0
442	L	1.00000	0	0.00000	0
443	C	1.00000	0	0.00000	0
444	R	1.00000	0	0.00000	0
445	L	1.00000	0	0.00000	0
446	D	1.00000	0	0.00000	0
447	R	1.00000	0	0.00000	0
448	K	1.00000	0	0.00000	0
449	R	1.00000	0	0.00000	0
450	I	1.00000	0	0.00000	0
451	G	1.00000	0	0.00000	0
