# UNNAMED
#pos	aa	i	o	M	S
1	M	0.00000	0.83888	0.00000	0.16112
2	G	0.00000	0.83888	0.00000	0.16112
3	A	0.00000	0.83888	0.00000	0.16112
4	G	0.00000	0.83888	0.00000	0.16112
5	A	0.00000	0.83888	0.00000	0.16112
6	L	0.00000	0.83888	0.00000	0.16112
7	A	0.00000	0.83888	0.00000	0.16112
8	L	0.00000	0.83888	0.00000	0.16112
9	G	0.00000	0.83888	0.00000	0.16112
10	A	0.00000	0.83888	0.00000	0.16112
11	S	0.00000	0.83888	0.00000	0.16112
12	E	0.00000	0.83888	0.00000	0.16111
13	P	0.00000	0.83888	0.00000	0.16112
14	C	0.00000	0.83889	0.00000	0.16111
15	N	0.00000	0.83889	0.00000	0.16111
16	L	0.00000	0.8389	0.00000	0.1611
17	S	0.00000	0.83896	0.00000	0.16104
18	S	0.00000	0.86258	0.00000	0.13742
19	A	0.00000	0.87181	0.00000	0.12819
20	A	0.00000	0.95191	0.00000	0.04809
21	Q	0.00000	0.99231	0.00000	0.00769
22	L	0.00000	0.99925	0.00000	0.00074
23	P	0.00000	0.99926	0.00000	0.00074
24	D	0.00000	0.99926	0.00000	0.00074
25	G	0.00000	0.99926	0.00000	0.00074
26	A	0.00000	0.99926	0.00000	0.00074
27	A	0.00000	0.99926	0.00000	0.00074
28	T	0.00000	0.9994	0.00000	0.0006
29	A	0.00000	0.99965	0.00000	0.00035
30	A	0.00000	0.99995	0.00000	5e-05
31	R	0.00000	1	0.00000	0
32	L	0.00000	1	0.00000	0
33	L	0.00000	1	0.00000	0
34	V	0.00000	1	0.00000	0
35	P	0.00000	1	0.00000	0
36	A	0.00000	1	0.00000	0
37	S	0.00000	1	0.00000	0
38	P	0.00000	1	0.00000	0
39	S	0.00000	1	0.00000	0
40	P	0.00000	1	0.00000	0
41	S	0.00000	1	0.00000	0
42	L	0.00000	1	0.00000	0
43	L	0.00000	1	0.00000	0
44	P	0.00000	1	0.00000	0
45	P	0.00000	1	0.00000	0
46	V	0.00000	1	0.00000	0
47	G	0.00000	1	0.00000	0
48	D	0.00000	1	0.00000	0
49	G	0.00000	1	0.00000	0
50	P	0.00000	1	0.00000	0
51	A	0.00000	1	0.00000	0
52	P	0.00000	1	0.00000	0
53	L	0.00000	0.99928	0.00072	0
54	S	0.00000	0.99773	0.00227	0
55	Q	0.00000	0.98918	0.01082	0
56	Q	0.00000	0.95461	0.04539	0
57	W	0.00000	0.31735	0.68265	0
58	T	0.00000	0.22661	0.77339	0
59	A	0.00000	0.15196	0.84804	0
60	G	0.00000	0.09658	0.90342	0
61	I	0.00000	0.02571	0.97429	0
62	G	0.00000	0.01734	0.98266	0
63	L	0.00000	0.00884	0.99116	0
64	L	0.00000	0.00252	0.99748	0
65	M	0.00000	0.00084	0.99916	0
66	A	0.00000	4e-05	0.99996	0
67	L	0.00000	0	1.00000	0
68	I	0.00000	0	1.00000	0
69	V	0.00000	0	1.00000	0
70	L	0.00000	0	1.00000	0
71	L	0.00000	0	1.00000	0
72	I	0.00000	0	1.00000	0
73	V	0.00000	0	1.00000	0
74	A	0.00000	0	1.00000	0
75	G	0.00000	0	1.00000	0
76	N	0.00000	0	1.00000	0
77	V	0.00000	0	1.00000	0
78	L	0.00000	0	1.00000	0
79	V	0.00000	0	1.00000	0
80	I	0.00004	0	0.99996	0
81	V	0.00280	0	0.99720	0
82	A	0.05829	0	0.94171	0
83	I	0.13011	0	0.86989	0
84	A	0.63201	0	0.36799	0
85	K	0.99646	0	0.00354	0
86	T	0.99979	0	0.00021	0
87	P	1.00000	0	0.00000	0
88	R	1.00000	0	0.00000	0
89	L	0.99999	0	0.00001	0
90	Q	0.99995	0	0.00005	0
91	T	0.99888	0	0.00112	0
92	L	0.96806	0	0.03194	0
93	T	0.93811	0	0.06189	0
94	N	0.14983	0	0.85017	0
95	L	0.02139	0	0.97861	0
96	F	0.00014	0	0.99986	0
97	I	0.00000	0	1.00000	0
98	M	0.00000	0	1.00000	0
99	S	0.00000	0	1.00000	0
100	L	0.00000	0	1.00000	0
101	A	0.00000	0	1.00000	0
102	S	0.00000	0	1.00000	0
103	A	0.00000	0	1.00000	0
104	D	0.00000	0	1.00000	0
105	L	0.00000	0	1.00000	0
106	V	0.00000	0	1.00000	0
107	M	0.00000	0	1.00000	0
108	G	0.00000	0	1.00000	0
109	L	0.00000	0	1.00000	0
110	L	0.00000	0	1.00000	0
111	V	0.00000	7e-05	0.99993	0
112	V	0.00000	0.00092	0.99908	0
113	P	0.00000	0.00873	0.99127	0
114	F	0.00000	0.02852	0.97148	0
115	G	0.00000	0.23989	0.76011	0
116	A	0.00000	0.58483	0.41517	0
117	T	0.00000	0.91116	0.08884	0
118	I	0.00000	0.9989	0.00110	0
119	V	0.00000	0.99912	0.00088	0
120	V	0.00000	0.99938	0.00062	0
121	W	0.00000	0.99956	0.00044	0
122	G	0.00000	0.99986	0.00014	0
123	R	0.00000	0.99999	0.00001	0
124	W	0.00000	1	0.00000	0
125	E	0.00000	1	0.00000	0
126	Y	0.00000	1	0.00000	0
127	G	0.00000	1	0.00000	0
128	S	0.00000	1	0.00000	0
129	F	0.00000	1	0.00000	0
130	F	0.00000	1	0.00000	0
131	C	0.00000	1	0.00000	0
132	E	0.00000	1	0.00000	0
133	L	0.00000	0.99947	0.00053	0
134	W	0.00000	0.9423	0.05770	0
135	T	0.00000	0.62658	0.37342	0
136	S	0.00000	0.09776	0.90224	0
137	V	0.00000	0.02762	0.97238	0
138	D	0.00000	0.00767	0.99233	0
139	V	0.00000	0.00018	0.99982	0
140	L	0.00000	0	1.00000	0
141	C	0.00000	0	1.00000	0
142	V	0.00000	0	1.00000	0
143	T	0.00000	0	1.00000	0
144	A	0.00000	0	1.00000	0
145	S	0.00000	0	1.00000	0
146	I	0.00000	0	1.00000	0
147	E	0.00000	0	1.00000	0
148	T	0.00000	0	1.00000	0
149	L	0.00000	0	1.00000	0
150	C	0.00000	0	1.00000	0
151	V	0.00000	0	1.00000	0
152	I	0.00000	0	1.00000	0
153	A	0.00000	0	1.00000	0
154	L	0.00000	0	1.00000	0
155	D	0.00001	0	0.99999	0
156	R	0.02905	0	0.97095	0
157	Y	0.21678	0	0.78322	0
158	L	0.72055	0	0.27945	0
159	A	0.94070	0	0.05930	0
160	I	0.99995	0	0.00005	0
161	T	1.00000	0	0.00000	0
162	S	1.00000	0	0.00000	0
163	P	1.00000	0	0.00000	0
164	F	1.00000	0	0.00000	0
165	R	1.00000	0	0.00000	0
166	Y	1.00000	0	0.00000	0
167	E	1.00000	0	0.00000	0
168	S	1.00000	0	0.00000	0
169	L	1.00000	0	0.00000	0
170	L	1.00000	0	0.00000	0
171	T	1.00000	0	0.00000	0
172	R	1.00000	0	0.00000	0
173	A	0.99963	0	0.00037	0
174	R	0.99870	0	0.00130	0
175	A	0.90408	0	0.09592	0
176	R	0.80028	0	0.19972	0
177	A	0.10793	0	0.89207	0
178	L	0.00859	0	0.99141	0
179	V	0.00007	0	0.99993	0
180	C	0.00000	0	1.00000	0
181	T	0.00000	0	1.00000	0
182	V	0.00000	0	1.00000	0
183	W	0.00000	0	1.00000	0
184	A	0.00000	0	1.00000	0
185	I	0.00000	0	1.00000	0
186	S	0.00000	0	1.00000	0
187	A	0.00000	0	1.00000	0
188	L	0.00000	0	1.00000	0
189	V	0.00000	0	1.00000	0
190	S	0.00000	0	1.00000	0
191	F	0.00000	0	1.00000	0
192	L	0.00000	0	1.00000	0
193	P	0.00000	1e-05	0.99999	0
194	I	0.00000	4e-05	0.99996	0
195	L	0.00000	0.00088	0.99912	0
196	M	0.00000	0.01908	0.98092	0
197	H	0.00000	0.27319	0.72681	0
198	W	0.00000	0.42282	0.57718	0
199	W	0.00000	0.76431	0.23569	0
200	R	0.00000	0.99482	0.00518	0
201	A	0.00000	0.99867	0.00133	0
202	D	0.00000	1	0.00000	0
203	G	0.00000	1	0.00000	0
204	D	0.00000	1	0.00000	0
205	E	0.00000	1	0.00000	0
206	A	0.00000	1	0.00000	0
207	R	0.00000	1	0.00000	0
208	R	0.00000	1	0.00000	0
209	C	0.00000	1	0.00000	0
210	Y	0.00000	1	0.00000	0
211	N	0.00000	1	0.00000	0
212	D	0.00000	1	0.00000	0
213	P	0.00000	1	0.00000	0
214	K	0.00000	1	0.00000	0
215	C	0.00000	1	0.00000	0
216	C	0.00000	1	0.00000	0
217	D	0.00000	1	0.00000	0
218	F	0.00000	0.99997	0.00003	0
219	V	0.00000	0.9999	0.00010	0
220	T	0.00000	0.99983	0.00017	0
221	N	0.00000	0.99973	0.00027	0
222	R	0.00000	0.99644	0.00356	0
223	A	0.00000	0.27903	0.72097	0
224	Y	0.00000	0.03405	0.96595	0
225	A	0.00000	0.00739	0.99261	0
226	I	0.00000	0.00209	0.99791	0
227	A	0.00000	1e-05	0.99999	0
228	S	0.00000	1e-05	0.99999	0
229	S	0.00000	0	1.00000	0
230	V	0.00000	0	1.00000	0
231	V	0.00000	0	1.00000	0
232	S	0.00000	0	1.00000	0
233	F	0.00000	0	1.00000	0
234	Y	0.00000	0	1.00000	0
235	V	0.00000	0	1.00000	0
236	P	0.00000	0	1.00000	0
237	L	0.00000	0	1.00000	0
238	C	0.00000	0	1.00000	0
239	I	0.00000	0	1.00000	0
240	M	0.00000	0	1.00000	0
241	A	0.00000	0	1.00000	0
242	F	0.00000	0	1.00000	0
243	V	0.00000	0	1.00000	0
244	Y	0.00022	0	0.99978	0
245	L	0.00981	0	0.99019	0
246	R	0.17928	0	0.82072	0
247	V	0.19764	0	0.80236	0
248	F	0.30509	0	0.69491	0
249	R	0.99480	0	0.00520	0
250	E	0.99993	0	0.00007	0
251	A	1.00000	0	0.00000	0
252	Q	1.00000	0	0.00000	0
253	K	1.00000	0	0.00000	0
254	Q	1.00000	0	0.00000	0
255	V	1.00000	0	0.00000	0
256	K	1.00000	0	0.00000	0
257	K	1.00000	0	0.00000	0
258	I	1.00000	0	0.00000	0
259	D	1.00000	0	0.00000	0
260	S	1.00000	0	0.00000	0
261	C	1.00000	0	0.00000	0
262	E	1.00000	0	0.00000	0
263	R	1.00000	0	0.00000	0
264	R	1.00000	0	0.00000	0
265	F	1.00000	0	0.00000	0
266	L	1.00000	0	0.00000	0
267	G	1.00000	0	0.00000	0
268	D	1.00000	0	0.00000	0
269	P	1.00000	0	0.00000	0
270	A	1.00000	0	0.00000	0
271	R	1.00000	0	0.00000	0
272	Q	1.00000	0	0.00000	0
273	P	1.00000	0	0.00000	0
274	S	1.00000	0	0.00000	0
275	P	1.00000	0	0.00000	0
276	A	1.00000	0	0.00000	0
277	P	1.00000	0	0.00000	0
278	S	1.00000	0	0.00000	0
279	P	1.00000	0	0.00000	0
280	T	1.00000	0	0.00000	0
281	P	1.00000	0	0.00000	0
282	P	1.00000	0	0.00000	0
283	R	1.00000	0	0.00000	0
284	A	1.00000	0	0.00000	0
285	A	1.00000	0	0.00000	0
286	A	1.00000	0	0.00000	0
287	P	1.00000	0	0.00000	0
288	V	1.00000	0	0.00000	0
289	A	1.00000	0	0.00000	0
290	N	1.00000	0	0.00000	0
291	G	1.00000	0	0.00000	0
292	R	1.00000	0	0.00000	0
293	A	1.00000	0	0.00000	0
294	N	1.00000	0	0.00000	0
295	K	1.00000	0	0.00000	0
296	R	1.00000	0	0.00000	0
297	R	1.00000	0	0.00000	0
298	P	1.00000	0	0.00000	0
299	S	1.00000	0	0.00000	0
300	R	1.00000	0	0.00000	0
301	L	1.00000	0	0.00000	0
302	V	1.00000	0	0.00000	0
303	A	1.00000	0	0.00000	0
304	L	1.00000	0	0.00000	0
305	G	1.00000	0	0.00000	0
306	E	1.00000	0	0.00000	0
307	Q	0.99318	0	0.00682	0
308	K	0.99139	0	0.00861	0
309	A	0.11044	0	0.88956	0
310	L	0.10770	0	0.89230	0
311	K	0.10717	0	0.89283	0
312	T	0.07936	0	0.92064	0
313	L	0.00076	0	0.99924	0
314	G	0.00007	0	0.99993	0
315	I	0.00003	0	0.99997	0
316	I	0.00000	0	1.00000	0
317	M	0.00000	0	1.00000	0
318	G	0.00000	0	1.00000	0
319	V	0.00000	0	1.00000	0
320	F	0.00000	0	1.00000	0
321	T	0.00000	0	1.00000	0
322	L	0.00000	0	1.00000	0
323	C	0.00000	0	1.00000	0
324	W	0.00000	0	1.00000	0
325	L	0.00000	0	1.00000	0
326	P	0.00000	0	1.00000	0
327	F	0.00000	0	1.00000	0
328	F	0.00000	0	1.00000	0
329	L	0.00000	0.00151	0.99849	0
330	A	0.00000	0.03162	0.96838	0
331	N	0.00000	0.20573	0.79427	0
332	V	0.00000	0.2799	0.72010	0
333	V	0.00000	0.48311	0.51689	0
334	K	0.00000	0.95337	0.04663	0
335	A	0.00000	0.95855	0.04145	0
336	F	0.00000	0.96616	0.03384	0
337	H	0.00000	0.99219	0.00781	0
338	R	0.00000	0.99971	0.00029	0
339	D	0.00000	1	0.00000	0
340	L	0.00000	0.99878	0.00122	0
341	V	0.00000	0.99772	0.00228	0
342	P	0.00000	0.99716	0.00284	0
343	D	0.00000	0.98423	0.01577	0
344	R	0.00000	0.70151	0.29849	0
345	L	0.00000	0.14845	0.85155	0
346	F	0.00000	0.11947	0.88053	0
347	V	0.00000	0.0009	0.99910	0
348	F	0.00000	0	1.00000	0
349	F	0.00000	0	1.00000	0
350	N	0.00000	0	1.00000	0
351	W	0.00000	0	1.00000	0
352	L	0.00000	0	1.00000	0
353	G	0.00000	0	1.00000	0
354	Y	0.00000	0	1.00000	0
355	A	0.00000	0	1.00000	0
356	N	0.00000	0	1.00000	0
357	S	0.00000	0	1.00000	0
358	A	0.00000	0	1.00000	0
359	F	0.00000	0	1.00000	0
360	N	0.00000	0	1.00000	0
361	P	0.00000	0	1.00000	0
362	I	0.00000	0	1.00000	0
363	I	0.00014	0	0.99986	0
364	Y	0.01119	0	0.98881	0
365	C	0.22447	0	0.77553	0
366	R	1.00000	0	0.00000	0
367	S	1.00000	0	0.00000	0
368	P	1.00000	0	0.00000	0
369	D	1.00000	0	0.00000	0
370	F	1.00000	0	0.00000	0
371	R	1.00000	0	0.00000	0
372	K	1.00000	0	0.00000	0
373	A	1.00000	0	0.00000	0
374	F	1.00000	0	0.00000	0
375	Q	1.00000	0	0.00000	0
376	R	1.00000	0	0.00000	0
377	L	1.00000	0	0.00000	0
378	L	1.00000	0	0.00000	0
379	C	1.00000	0	0.00000	0
380	D	1.00000	0	0.00000	0
381	A	1.00000	0	0.00000	0
382	R	1.00000	0	0.00000	0
383	R	1.00000	0	0.00000	0
384	N	1.00000	0	0.00000	0
385	A	1.00000	0	0.00000	0
386	Q	1.00000	0	0.00000	0
387	R	1.00000	0	0.00000	0
388	L	1.00000	0	0.00000	0
389	H	1.00000	0	0.00000	0
390	A	1.00000	0	0.00000	0
391	A	1.00000	0	0.00000	0
392	A	1.00000	0	0.00000	0
393	G	1.00000	0	0.00000	0
394	D	1.00000	0	0.00000	0
395	P	1.00000	0	0.00000	0
396	P	1.00000	0	0.00000	0
397	R	1.00000	0	0.00000	0
398	A	1.00000	0	0.00000	0
399	S	1.00000	0	0.00000	0
400	A	1.00000	0	0.00000	0
401	C	1.00000	0	0.00000	0
402	L	1.00000	0	0.00000	0
403	A	1.00000	0	0.00000	0
404	V	1.00000	0	0.00000	0
405	A	1.00000	0	0.00000	0
406	R	1.00000	0	0.00000	0
407	R	1.00000	0	0.00000	0
408	P	1.00000	0	0.00000	0
409	P	1.00000	0	0.00000	0
410	A	1.00000	0	0.00000	0
411	T	1.00000	0	0.00000	0
412	G	1.00000	0	0.00000	0
413	A	1.00000	0	0.00000	0
414	D	1.00000	0	0.00000	0
415	D	1.00000	0	0.00000	0
416	D	1.00000	0	0.00000	0
417	D	1.00000	0	0.00000	0
418	D	1.00000	0	0.00000	0
419	D	1.00000	0	0.00000	0
420	D	1.00000	0	0.00000	0
421	D	1.00000	0	0.00000	0
422	V	1.00000	0	0.00000	0
423	G	1.00000	0	0.00000	0
424	A	1.00000	0	0.00000	0
425	A	1.00000	0	0.00000	0
426	P	1.00000	0	0.00000	0
427	P	1.00000	0	0.00000	0
428	A	1.00000	0	0.00000	0
429	R	1.00000	0	0.00000	0
430	L	1.00000	0	0.00000	0
431	L	1.00000	0	0.00000	0
432	E	1.00000	0	0.00000	0
433	P	1.00000	0	0.00000	0
434	W	1.00000	0	0.00000	0
435	A	1.00000	0	0.00000	0
436	G	1.00000	0	0.00000	0
437	C	1.00000	0	0.00000	0
438	N	1.00000	0	0.00000	0
439	G	1.00000	0	0.00000	0
440	G	1.00000	0	0.00000	0
441	A	1.00000	0	0.00000	0
442	V	1.00000	0	0.00000	0
443	A	1.00000	0	0.00000	0
444	D	1.00000	0	0.00000	0
445	S	1.00000	0	0.00000	0
446	D	1.00000	0	0.00000	0
447	S	1.00000	0	0.00000	0
448	S	1.00000	0	0.00000	0
449	L	1.00000	0	0.00000	0
450	D	1.00000	0	0.00000	0
451	E	1.00000	0	0.00000	0
452	Q	1.00000	0	0.00000	0
453	N	1.00000	0	0.00000	0
454	R	1.00000	0	0.00000	0
455	P	1.00000	0	0.00000	0
456	G	1.00000	0	0.00000	0
457	S	1.00000	0	0.00000	0
458	A	1.00000	0	0.00000	0
459	S	1.00000	0	0.00000	0
460	E	1.00000	0	0.00000	0
461	S	1.00000	0	0.00000	0
462	K	1.00000	0	0.00000	0
463	V	1.00000	0	0.00000	0
