# UNNAMED
#pos	aa	i	o	M	S
1	M	0.00000	0.99998	0.00000	2e-05
2	A	0.00000	0.99998	0.00000	3e-05
3	N	0.00000	0.99998	0.00000	3e-05
4	F	0.00000	0.99998	0.00000	2e-05
5	T	0.00000	0.99998	0.00000	2e-05
6	P	0.00000	0.99998	0.00000	3e-05
7	V	0.00000	0.99998	0.00000	3e-05
8	N	0.00000	0.99998	0.00000	3e-05
9	G	0.00000	0.99998	0.00000	3e-05
10	S	0.00000	0.99998	0.00000	2e-05
11	S	0.00000	0.99998	0.00000	2e-05
12	S	0.00000	0.99998	0.00000	3e-05
13	N	0.00000	0.99998	0.00000	2e-05
14	Q	0.00000	0.99998	0.00000	2e-05
15	S	0.00000	0.99998	0.00000	2e-05
16	V	0.00000	0.99998	0.00000	2e-05
17	R	0.00000	0.99998	0.00000	2e-05
18	L	0.00000	0.99998	0.00000	2e-05
19	V	0.00000	0.99999	0.00000	1e-05
20	T	0.00000	0.99999	0.00000	1e-05
21	S	0.00000	0.99999	0.00000	1e-05
22	A	0.00000	1	0.00000	0
23	H	0.00000	1	0.00000	0
24	N	0.00000	1	0.00000	0
25	R	0.00000	1	0.00000	0
26	Y	0.00000	0.99996	0.00004	0
27	E	0.00000	0.99995	0.00005	0
28	T	0.00000	0.9992	0.00080	0
29	V	0.00000	0.99735	0.00265	0
30	E	0.00000	0.99518	0.00482	0
31	M	0.00000	0.92067	0.07933	0
32	V	0.00000	0.36317	0.63683	0
33	F	0.00000	0.11454	0.88546	0
34	I	0.00000	0.00658	0.99342	0
35	A	0.00000	0.00137	0.99863	0
36	T	0.00000	0.00028	0.99972	0
37	V	0.00000	1e-05	0.99999	0
38	T	0.00000	0	1.00000	0
39	G	0.00000	0	1.00000	0
40	S	0.00000	0	1.00000	0
41	L	0.00000	0	1.00000	0
42	S	0.00000	0	1.00000	0
43	L	0.00000	0	1.00000	0
44	V	0.00000	0	1.00000	0
45	T	0.00000	0	1.00000	0
46	V	0.00000	0	1.00000	0
47	V	0.00000	0	1.00000	0
48	G	0.00000	0	1.00000	0
49	N	0.00000	0	1.00000	0
50	I	0.00000	0	1.00000	0
51	L	0.00001	0	0.99999	0
52	V	0.00018	0	0.99982	0
53	M	0.00221	0	0.99779	0
54	L	0.01913	0	0.98087	0
55	S	0.46027	0	0.53973	0
56	I	0.52140	0	0.47860	0
57	K	0.98538	0	0.01462	0
58	V	0.99332	0	0.00668	0
59	N	0.99977	0	0.00023	0
60	R	0.99999	0	0.00001	0
61	Q	1.00000	0	0.00000	0
62	L	0.99972	0	0.00028	0
63	Q	0.99908	0	0.00092	0
64	T	0.97922	0	0.02078	0
65	V	0.75258	0	0.24742	0
66	N	0.46226	0	0.53774	0
67	N	0.11699	0	0.88301	0
68	Y	0.04643	0	0.95357	0
69	F	0.00074	0	0.99926	0
70	L	0.00005	0	0.99995	0
71	F	0.00000	0	1.00000	0
72	S	0.00000	0	1.00000	0
73	L	0.00000	0	1.00000	0
74	A	0.00000	0	1.00000	0
75	C	0.00000	0	1.00000	0
76	A	0.00000	0	1.00000	0
77	D	0.00000	0	1.00000	0
78	L	0.00000	0	1.00000	0
79	I	0.00000	0	1.00000	0
80	I	0.00000	0	1.00000	0
81	G	0.00000	0	1.00000	0
82	A	0.00000	1e-05	0.99999	0
83	F	0.00000	0.00086	0.99914	0
84	S	0.00000	0.04502	0.95498	0
85	M	0.00000	0.0703	0.92970	0
86	N	0.00000	0.27662	0.72338	0
87	L	0.00000	0.29195	0.70805	0
88	Y	0.00000	0.40932	0.59068	0
89	T	0.00000	0.4417	0.55830	0
90	V	0.00000	0.5003	0.49970	0
91	Y	0.00000	0.5794	0.42060	0
92	I	0.00000	0.62137	0.37863	0
93	I	0.00000	0.75379	0.24621	0
94	K	0.00000	0.95445	0.04555	0
95	G	0.00000	0.9903	0.00970	0
96	Y	0.00000	0.99885	0.00115	0
97	W	0.00000	0.99966	0.00034	0
98	P	0.00000	0.99994	0.00006	0
99	L	0.00000	1	0.00000	0
100	G	0.00000	1	0.00000	0
101	A	0.00000	0.99997	0.00003	0
102	V	0.00000	0.9999	0.00010	0
103	V	0.00000	0.99989	0.00011	0
104	C	0.00000	0.99988	0.00012	0
105	D	0.00000	0.99979	0.00021	0
106	L	0.00000	0.99926	0.00074	0
107	W	0.00000	0.94814	0.05186	0
108	L	0.00000	0.53579	0.46421	0
109	A	0.00000	0.28767	0.71233	0
110	L	0.00000	0.00904	0.99096	0
111	D	0.00000	0.0003	0.99970	0
112	Y	0.00000	2e-05	0.99998	0
113	V	0.00000	0	1.00000	0
114	V	0.00000	0	1.00000	0
115	S	0.00000	0	1.00000	0
116	N	0.00000	0	1.00000	0
117	A	0.00000	0	1.00000	0
118	S	0.00000	0	1.00000	0
119	V	0.00000	0	1.00000	0
120	M	0.00000	0	1.00000	0
121	N	0.00000	0	1.00000	0
122	L	0.00000	0	1.00000	0
123	L	0.00000	0	1.00000	0
124	I	0.00000	0	1.00000	0
125	I	0.00000	0	1.00000	0
126	S	0.00000	0	1.00000	0
127	F	0.00000	0	1.00000	0
128	D	0.00020	0	0.99980	0
129	R	0.10790	0	0.89210	0
130	Y	0.38933	0	0.61067	0
131	F	0.67386	0	0.32614	0
132	C	0.93770	0	0.06230	0
133	V	0.99998	0	0.00002	0
134	T	1.00000	0	0.00000	0
135	K	1.00000	0	0.00000	0
136	P	1.00000	0	0.00000	0
137	L	1.00000	0	0.00000	0
138	T	1.00000	0	0.00000	0
139	Y	1.00000	0	0.00000	0
140	P	1.00000	0	0.00000	0
141	A	1.00000	0	0.00000	0
142	R	1.00000	0	0.00000	0
143	R	1.00000	0	0.00000	0
144	T	0.99995	0	0.00005	0
145	T	0.99972	0	0.00028	0
146	K	0.99589	0	0.00411	0
147	M	0.64315	0	0.35685	0
148	A	0.25627	0	0.74373	0
149	G	0.13443	0	0.86557	0
150	L	0.01922	0	0.98078	0
151	M	0.00707	0	0.99293	0
152	I	0.00035	0	0.99965	0
153	A	0.00005	0	0.99995	0
154	A	0.00000	0	1.00000	0
155	A	0.00000	0	1.00000	0
156	W	0.00000	0	1.00000	0
157	V	0.00000	0	1.00000	0
158	L	0.00000	0	1.00000	0
159	S	0.00000	0	1.00000	0
160	F	0.00000	0	1.00000	0
161	V	0.00000	0	1.00000	0
162	L	0.00000	0	1.00000	0
163	W	0.00000	0	1.00000	0
164	A	0.00000	0	1.00000	0
165	P	0.00000	5e-05	0.99995	0
166	A	0.00000	0.00016	0.99984	0
167	I	0.00000	0.00308	0.99692	0
168	L	0.00000	0.03051	0.96949	0
169	F	0.00000	0.18235	0.81765	0
170	W	0.00000	0.51858	0.48142	0
171	Q	0.00000	0.92436	0.07564	0
172	F	0.00000	0.94195	0.05805	0
173	V	0.00000	0.97214	0.02786	0
174	V	0.00000	0.9909	0.00910	0
175	G	0.00000	0.99958	0.00042	0
176	K	0.00000	1	0.00000	0
177	R	0.00000	1	0.00000	0
178	T	0.00000	1	0.00000	0
179	V	0.00000	1	0.00000	0
180	P	0.00000	1	0.00000	0
181	D	0.00000	1	0.00000	0
182	N	0.00000	1	0.00000	0
183	Q	0.00000	1	0.00000	0
184	C	0.00000	1	0.00000	0
185	F	0.00000	0.99946	0.00054	0
186	I	0.00000	0.99866	0.00134	0
187	Q	0.00000	0.99661	0.00339	0
188	F	0.00000	0.99483	0.00517	0
189	L	0.00000	0.99262	0.00738	0
190	S	0.00000	0.99128	0.00872	0
191	N	0.00000	0.98944	0.01056	0
192	P	0.00000	0.3441	0.65590	0
193	A	0.00000	0.13913	0.86087	0
194	V	0.00000	0.0702	0.92980	0
195	T	0.00000	0.06112	0.93888	0
196	F	0.00000	0.02914	0.97086	0
197	G	0.00000	0.02372	0.97628	0
198	T	0.00000	0.01958	0.98042	0
199	A	0.00000	0.00042	0.99958	0
200	I	0.00000	0.00025	0.99975	0
201	A	0.00000	0	1.00000	0
202	A	0.00000	0	1.00000	0
203	F	0.00000	0	1.00000	0
204	Y	0.00000	0	1.00000	0
205	L	0.00000	0	1.00000	0
206	P	0.00000	0	1.00000	0
207	V	0.00000	0	1.00000	0
208	V	0.00000	0	1.00000	0
209	I	0.00002	0	0.99998	0
210	M	0.00005	0	0.99995	0
211	T	0.00008	0	0.99992	0
212	V	0.00019	0	0.99981	0
213	L	0.00048	0	0.99952	0
214	Y	0.00154	0	0.99846	0
215	I	0.01390	0	0.98610	0
216	H	0.15522	0	0.84478	0
217	I	0.28691	0	0.71309	0
218	S	0.83729	0	0.16271	0
219	L	0.91323	0	0.08677	0
220	A	0.95836	0	0.04164	0
221	S	0.99894	0	0.00106	0
222	R	0.99980	0	0.00020	0
223	S	0.99988	0	0.00012	0
224	R	0.99996	0	0.00004	0
225	V	0.99996	0	0.00004	0
226	H	0.99998	0	0.00002	0
227	K	1.00000	0	0.00000	0
228	H	1.00000	0	0.00000	0
229	R	1.00000	0	0.00000	0
230	P	1.00000	0	0.00000	0
231	E	1.00000	0	0.00000	0
232	G	1.00000	0	0.00000	0
233	P	1.00000	0	0.00000	0
234	K	1.00000	0	0.00000	0
235	E	1.00000	0	0.00000	0
236	K	1.00000	0	0.00000	0
237	K	1.00000	0	0.00000	0
238	A	1.00000	0	0.00000	0
239	K	1.00000	0	0.00000	0
240	T	1.00000	0	0.00000	0
241	L	1.00000	0	0.00000	0
242	A	1.00000	0	0.00000	0
243	F	1.00000	0	0.00000	0
244	L	1.00000	0	0.00000	0
245	K	1.00000	0	0.00000	0
246	S	1.00000	0	0.00000	0
247	P	1.00000	0	0.00000	0
248	L	1.00000	0	0.00000	0
249	M	1.00000	0	0.00000	0
250	K	1.00000	0	0.00000	0
251	Q	1.00000	0	0.00000	0
252	S	1.00000	0	0.00000	0
253	V	1.00000	0	0.00000	0
254	K	1.00000	0	0.00000	0
255	K	1.00000	0	0.00000	0
256	P	1.00000	0	0.00000	0
257	P	1.00000	0	0.00000	0
258	P	1.00000	0	0.00000	0
259	P	1.00000	0	0.00000	0
260	G	1.00000	0	0.00000	0
261	E	1.00000	0	0.00000	0
262	V	1.00000	0	0.00000	0
263	A	1.00000	0	0.00000	0
264	R	1.00000	0	0.00000	0
265	E	1.00000	0	0.00000	0
266	E	1.00000	0	0.00000	0
267	L	1.00000	0	0.00000	0
268	R	1.00000	0	0.00000	0
269	N	1.00000	0	0.00000	0
270	G	1.00000	0	0.00000	0
271	K	1.00000	0	0.00000	0
272	L	1.00000	0	0.00000	0
273	E	1.00000	0	0.00000	0
274	E	1.00000	0	0.00000	0
275	A	1.00000	0	0.00000	0
276	P	1.00000	0	0.00000	0
277	P	1.00000	0	0.00000	0
278	P	1.00000	0	0.00000	0
279	A	1.00000	0	0.00000	0
280	L	1.00000	0	0.00000	0
281	P	1.00000	0	0.00000	0
282	P	1.00000	0	0.00000	0
283	P	1.00000	0	0.00000	0
284	P	1.00000	0	0.00000	0
285	R	1.00000	0	0.00000	0
286	P	1.00000	0	0.00000	0
287	M	1.00000	0	0.00000	0
288	A	1.00000	0	0.00000	0
289	D	1.00000	0	0.00000	0
290	K	1.00000	0	0.00000	0
291	D	1.00000	0	0.00000	0
292	T	1.00000	0	0.00000	0
293	S	1.00000	0	0.00000	0
294	N	1.00000	0	0.00000	0
295	E	1.00000	0	0.00000	0
296	S	1.00000	0	0.00000	0
297	S	1.00000	0	0.00000	0
298	S	1.00000	0	0.00000	0
299	G	1.00000	0	0.00000	0
300	S	1.00000	0	0.00000	0
301	A	1.00000	0	0.00000	0
302	T	1.00000	0	0.00000	0
303	Q	1.00000	0	0.00000	0
304	N	1.00000	0	0.00000	0
305	T	1.00000	0	0.00000	0
306	K	1.00000	0	0.00000	0
307	E	1.00000	0	0.00000	0
308	R	1.00000	0	0.00000	0
309	P	1.00000	0	0.00000	0
310	P	1.00000	0	0.00000	0
311	T	1.00000	0	0.00000	0
312	E	1.00000	0	0.00000	0
313	L	1.00000	0	0.00000	0
314	S	1.00000	0	0.00000	0
315	T	1.00000	0	0.00000	0
316	A	1.00000	0	0.00000	0
317	T	1.00000	0	0.00000	0
318	E	1.00000	0	0.00000	0
319	A	1.00000	0	0.00000	0
320	T	1.00000	0	0.00000	0
321	T	1.00000	0	0.00000	0
322	P	1.00000	0	0.00000	0
323	A	1.00000	0	0.00000	0
324	L	1.00000	0	0.00000	0
325	S	1.00000	0	0.00000	0
326	A	1.00000	0	0.00000	0
327	P	1.00000	0	0.00000	0
328	P	1.00000	0	0.00000	0
329	L	1.00000	0	0.00000	0
330	Q	1.00000	0	0.00000	0
331	P	1.00000	0	0.00000	0
332	R	1.00000	0	0.00000	0
333	T	1.00000	0	0.00000	0
334	L	1.00000	0	0.00000	0
335	N	1.00000	0	0.00000	0
336	P	1.00000	0	0.00000	0
337	A	1.00000	0	0.00000	0
338	S	1.00000	0	0.00000	0
339	K	1.00000	0	0.00000	0
340	W	1.00000	0	0.00000	0
341	S	1.00000	0	0.00000	0
342	K	1.00000	0	0.00000	0
343	I	1.00000	0	0.00000	0
344	Q	1.00000	0	0.00000	0
345	I	1.00000	0	0.00000	0
346	V	1.00000	0	0.00000	0
347	T	1.00000	0	0.00000	0
348	K	1.00000	0	0.00000	0
349	Q	1.00000	0	0.00000	0
350	T	1.00000	0	0.00000	0
351	G	1.00000	0	0.00000	0
352	N	1.00000	0	0.00000	0
353	E	1.00000	0	0.00000	0
354	C	1.00000	0	0.00000	0
355	V	1.00000	0	0.00000	0
356	T	1.00000	0	0.00000	0
357	A	1.00000	0	0.00000	0
358	I	1.00000	0	0.00000	0
359	E	1.00000	0	0.00000	0
360	I	1.00000	0	0.00000	0
361	V	1.00000	0	0.00000	0
362	P	1.00000	0	0.00000	0
363	A	1.00000	0	0.00000	0
364	T	1.00000	0	0.00000	0
365	P	1.00000	0	0.00000	0
366	A	1.00000	0	0.00000	0
367	G	1.00000	0	0.00000	0
368	M	1.00000	0	0.00000	0
369	R	1.00000	0	0.00000	0
370	P	1.00000	0	0.00000	0
371	A	1.00000	0	0.00000	0
372	A	1.00000	0	0.00000	0
373	N	1.00000	0	0.00000	0
374	V	1.00000	0	0.00000	0
375	A	1.00000	0	0.00000	0
376	R	1.00000	0	0.00000	0
377	K	1.00000	0	0.00000	0
378	F	1.00000	0	0.00000	0
379	A	1.00000	0	0.00000	0
380	S	1.00000	0	0.00000	0
381	I	1.00000	0	0.00000	0
382	A	1.00000	0	0.00000	0
383	R	1.00000	0	0.00000	0
384	N	1.00000	0	0.00000	0
385	Q	1.00000	0	0.00000	0
386	V	1.00000	0	0.00000	0
387	R	1.00000	0	0.00000	0
388	K	1.00000	0	0.00000	0
389	K	1.00000	0	0.00000	0
390	R	1.00000	0	0.00000	0
391	Q	1.00000	0	0.00000	0
392	M	1.00000	0	0.00000	0
393	A	1.00000	0	0.00000	0
394	A	1.00000	0	0.00000	0
395	R	1.00000	0	0.00000	0
396	E	1.00000	0	0.00000	0
397	R	0.79525	0	0.20475	0
398	K	0.73935	0	0.26065	0
399	V	0.53991	0	0.46009	0
400	T	0.31774	0	0.68226	0
401	R	0.28072	0	0.71928	0
402	T	0.23669	0	0.76331	0
403	I	0.19198	0	0.80802	0
404	F	0.00481	0	0.99519	0
405	A	0.00047	0	0.99953	0
406	I	0.00006	0	0.99994	0
407	L	0.00005	0	0.99995	0
408	L	0.00000	0	1.00000	0
409	A	0.00000	0	1.00000	0
410	F	0.00000	0	1.00000	0
411	I	0.00000	0	1.00000	0
412	L	0.00000	0	1.00000	0
413	T	0.00000	0	1.00000	0
414	W	0.00000	0	1.00000	0
415	T	0.00000	0	1.00000	0
416	P	0.00000	4e-05	0.99996	0
417	Y	0.00000	0.00024	0.99976	0
418	N	0.00000	0.00131	0.99869	0
419	V	0.00000	0.0017	0.99830	0
420	M	0.00000	0.00363	0.99637	0
421	V	0.00000	0.02137	0.97863	0
422	L	0.00000	0.14213	0.85787	0
423	V	0.00000	0.3108	0.68920	0
424	N	0.00000	0.70307	0.29693	0
425	T	0.00000	0.7683	0.23170	0
426	F	0.00000	0.79579	0.20421	0
427	C	0.00000	0.97621	0.02379	0
428	Q	0.00000	0.99561	0.00439	0
429	S	0.00000	0.99872	0.00128	0
430	C	0.00000	0.99965	0.00035	0
431	I	0.00000	0.99972	0.00028	0
432	P	0.00000	0.9996	0.00040	0
433	E	0.00000	0.9992	0.00080	0
434	T	0.00000	0.99502	0.00498	0
435	V	0.00000	0.99396	0.00604	0
436	W	0.00000	0.99346	0.00654	0
437	S	0.00000	0.97116	0.02884	0
438	I	0.00000	0.75987	0.24013	0
439	G	0.00000	0.74427	0.25573	0
440	Y	0.00000	0.52371	0.47629	0
441	W	0.00000	0.04484	0.95516	0
442	L	0.00000	0.00014	0.99985	0
443	C	0.00000	1e-05	0.99999	0
444	Y	0.00000	0	1.00000	0
445	V	0.00000	0	1.00000	0
446	N	0.00000	0	1.00000	0
447	S	0.00000	0	1.00000	0
448	T	0.00000	0	1.00000	0
449	I	0.00000	0	1.00000	0
450	N	0.00000	0	1.00000	0
451	P	0.00000	0	1.00000	0
452	A	0.00000	0	1.00000	0
453	C	0.00000	0	1.00000	0
454	Y	0.00001	0	0.99999	0
455	A	0.00006	0	0.99994	0
456	L	0.00018	0	0.99982	0
457	C	0.00440	0	0.99560	0
458	N	0.04303	0	0.95697	0
459	A	0.11207	0	0.88793	0
460	T	0.14539	0	0.85461	0
461	F	0.26320	0	0.73680	0
462	K	1.00000	0	0.00000	0
463	K	1.00000	0	0.00000	0
464	T	1.00000	0	0.00000	0
465	F	1.00000	0	0.00000	0
466	R	1.00000	0	0.00000	0
467	H	1.00000	0	0.00000	0
468	L	1.00000	0	0.00000	0
469	L	1.00000	0	0.00000	0
470	L	1.00000	0	0.00000	0
471	C	1.00000	0	0.00000	0
472	Q	1.00000	0	0.00000	0
473	Y	1.00000	0	0.00000	0
474	R	1.00000	0	0.00000	0
475	N	1.00000	0	0.00000	0
476	I	1.00000	0	0.00000	0
477	G	1.00000	0	0.00000	0
478	T	1.00000	0	0.00000	0
479	A	1.00000	0	0.00000	0
480	R	1.00000	0	0.00000	0
