# UNNAMED
#pos	aa	i	o	M	S
1	M	0.00000	1	0.00000	0
2	D	0.00000	1	0.00000	0
3	S	0.00000	1	0.00000	0
4	P	0.00000	1	0.00000	0
5	E	0.00000	1	0.00000	0
6	P	0.00000	0.99996	0.00004	0
7	Y	0.00000	0.99961	0.00039	0
8	S	0.00000	0.9991	0.00090	0
9	V	0.00000	0.99532	0.00468	0
10	Q	0.00000	0.9927	0.00730	0
11	A	0.00000	0.93302	0.06698	0
12	T	0.00000	0.85319	0.14681	0
13	A	0.00000	0.75747	0.24253	0
14	A	0.00000	0.61803	0.38197	0
15	I	0.00000	0.29237	0.70763	0
16	A	0.00000	0.19745	0.80255	0
17	A	0.00000	0.06944	0.93056	0
18	V	0.00000	0.01881	0.98119	0
19	I	0.00000	0.00062	0.99938	0
20	T	0.00000	0.00011	0.99989	0
21	F	0.00000	0	1.00000	0
22	L	0.00000	0	1.00000	0
23	I	0.00000	0	1.00000	0
24	L	0.00000	0	1.00000	0
25	F	0.00000	0	1.00000	0
26	T	0.00000	0	1.00000	0
27	I	0.00000	0	1.00000	0
28	F	0.00000	0	1.00000	0
29	G	0.00000	0	1.00000	0
30	N	0.00000	0	1.00000	0
31	A	0.00000	0	1.00000	0
32	L	0.00000	0	1.00000	0
33	V	0.00000	0	1.00000	0
34	I	0.00001	0	0.99999	0
35	L	0.00090	0	0.99910	0
36	A	0.02821	0	0.97179	0
37	V	0.10217	0	0.89783	0
38	L	0.35649	0	0.64351	0
39	T	0.94667	0	0.05333	0
40	S	0.99590	0	0.00410	0
41	R	0.99993	0	0.00007	0
42	S	1.00000	0	0.00000	0
43	L	1.00000	0	0.00000	0
44	R	1.00000	0	0.00000	0
45	A	1.00000	0	0.00000	0
46	P	1.00000	0	0.00000	0
47	Q	0.83722	0	0.16278	0
48	N	0.14449	0	0.85551	0
49	L	0.02305	0	0.97695	0
50	F	0.00019	0	0.99981	0
51	L	0.00000	0	1.00000	0
52	V	0.00000	0	1.00000	0
53	S	0.00000	0	1.00000	0
54	L	0.00000	0	1.00000	0
55	A	0.00000	0	1.00000	0
56	A	0.00000	0	1.00000	0
57	A	0.00000	0	1.00000	0
58	D	0.00000	0	1.00000	0
59	I	0.00000	0	1.00000	0
60	L	0.00000	0	1.00000	0
61	V	0.00000	0	1.00000	0
62	A	0.00000	0	1.00000	0
63	T	0.00000	0	1.00000	0
64	L	0.00000	0	1.00000	0
65	I	0.00000	0	1.00000	0
66	I	0.00000	0.00023	0.99977	0
67	P	0.00000	0.00406	0.99594	0
68	F	0.00000	0.04296	0.95704	0
69	S	0.00000	0.41544	0.58456	0
70	L	0.00000	0.56089	0.43911	0
71	A	0.00000	0.82858	0.17142	0
72	N	0.00000	0.99998	0.00002	0
73	E	0.00000	0.99999	0.00001	0
74	L	0.00000	0.99999	0.00001	0
75	L	0.00000	0.99999	0.00001	0
76	G	0.00000	1	0.00000	0
77	Y	0.00000	1	0.00000	0
78	W	0.00000	1	0.00000	0
79	Y	0.00000	1	0.00000	0
80	F	0.00000	1	0.00000	0
81	R	0.00000	1	0.00000	0
82	H	0.00000	1	0.00000	0
83	T	0.00000	1	0.00000	0
84	W	0.00000	1	0.00000	0
85	C	0.00000	1	0.00000	0
86	E	0.00000	1	0.00000	0
87	V	0.00000	0.99891	0.00109	0
88	Y	0.00000	0.85286	0.14714	0
89	L	0.00000	0.37447	0.62553	0
90	A	0.00000	0.21481	0.78519	0
91	L	0.00000	0.00441	0.99559	0
92	D	0.00000	0.00158	0.99842	0
93	V	0.00000	2e-05	0.99998	0
94	L	0.00000	0	1.00000	0
95	F	0.00000	0	1.00000	0
96	C	0.00000	0	1.00000	0
97	T	0.00000	0	1.00000	0
98	S	0.00000	0	1.00000	0
99	S	0.00000	0	1.00000	0
100	I	0.00000	0	1.00000	0
101	V	0.00000	0	1.00000	0
102	H	0.00000	0	1.00000	0
103	L	0.00000	0	1.00000	0
104	C	0.00000	0	1.00000	0
105	A	0.00000	0	1.00000	0
106	I	0.00000	0	1.00000	0
107	S	0.00000	0	1.00000	0
108	L	0.00000	0	1.00000	0
109	D	0.00000	0	1.00000	0
110	R	0.00415	0	0.99585	0
111	Y	0.03304	0	0.96696	0
112	W	0.07394	0	0.92606	0
113	S	0.70655	0	0.29345	0
114	V	0.99999	0	0.00001	0
115	S	1.00000	0	0.00000	0
116	R	1.00000	0	0.00000	0
117	A	1.00000	0	0.00000	0
118	L	1.00000	0	0.00000	0
119	E	1.00000	0	0.00000	0
120	Y	1.00000	0	0.00000	0
121	N	1.00000	0	0.00000	0
122	S	1.00000	0	0.00000	0
123	K	1.00000	0	0.00000	0
124	R	1.00000	0	0.00000	0
125	T	1.00000	0	0.00000	0
126	P	0.99999	0	0.00001	0
127	R	0.99976	0	0.00024	0
128	R	0.97340	0	0.02660	0
129	I	0.13996	0	0.86004	0
130	K	0.11458	0	0.88542	0
131	G	0.02107	0	0.97893	0
132	I	0.00006	0	0.99994	0
133	I	0.00000	0	1.00000	0
134	L	0.00000	0	1.00000	0
135	T	0.00000	0	1.00000	0
136	V	0.00000	0	1.00000	0
137	W	0.00000	0	1.00000	0
138	L	0.00000	0	1.00000	0
139	I	0.00000	0	1.00000	0
140	A	0.00000	0	1.00000	0
141	A	0.00000	0	1.00000	0
142	F	0.00000	0	1.00000	0
143	I	0.00000	0	1.00000	0
144	S	0.00000	0	1.00000	0
145	L	0.00000	0	1.00000	0
146	P	0.00000	1e-05	0.99999	0
147	P	0.00000	0.00013	0.99987	0
148	L	0.00000	0.00106	0.99894	0
149	I	0.00000	0.03932	0.96068	0
150	Y	0.00000	0.47501	0.52499	0
151	K	0.00000	0.97914	0.02086	0
152	G	0.00000	0.99193	0.00807	0
153	D	0.00000	0.99999	0.00001	0
154	K	0.00000	1	0.00000	0
155	G	0.00000	1	0.00000	0
156	K	0.00000	1	0.00000	0
157	K	0.00000	1	0.00000	0
158	P	0.00000	1	0.00000	0
159	G	0.00000	1	0.00000	0
160	G	0.00000	1	0.00000	0
161	R	0.00000	1	0.00000	0
162	P	0.00000	1	0.00000	0
163	Q	0.00000	1	0.00000	0
164	C	0.00000	1	0.00000	0
165	K	0.00000	1	0.00000	0
166	L	0.00000	1	0.00000	0
167	N	0.00000	1	0.00000	0
168	E	0.00000	0.99999	0.00001	0
169	E	0.00000	0.99982	0.00018	0
170	A	0.00000	0.62631	0.37369	0
171	W	0.00000	0.41602	0.58398	0
172	Y	0.00000	0.15685	0.84315	0
173	I	0.00000	0.14338	0.85662	0
174	L	0.00000	0.01057	0.98943	0
175	S	0.00000	0.00128	0.99872	0
176	S	0.00000	0.00077	0.99923	0
177	S	0.00000	0.0004	0.99960	0
178	I	0.00000	9e-05	0.99991	0
179	G	0.00000	0	1.00000	0
180	S	0.00000	0	1.00000	0
181	F	0.00000	0	1.00000	0
182	F	0.00000	0	1.00000	0
183	A	0.00000	0	1.00000	0
184	P	0.00000	0	1.00000	0
185	C	0.00000	0	1.00000	0
186	L	0.00000	0	1.00000	0
187	I	0.00000	0	1.00000	0
188	M	0.00000	0	1.00000	0
189	I	0.00000	0	1.00000	0
190	L	0.00000	0	1.00000	0
191	V	0.00002	0	0.99998	0
192	Y	0.00079	0	0.99921	0
193	L	0.01719	0	0.98281	0
194	R	0.18402	0	0.81598	0
195	I	0.19486	0	0.80514	0
196	Y	0.25010	0	0.74990	0
197	L	0.49180	0	0.50820	0
198	I	0.62045	0	0.37955	0
199	A	0.99735	0	0.00265	0
200	K	0.99995	0	0.00005	0
201	R	1.00000	0	0.00000	0
202	R	1.00000	0	0.00000	0
203	N	1.00000	0	0.00000	0
204	R	1.00000	0	0.00000	0
205	Q	1.00000	0	0.00000	0
206	G	1.00000	0	0.00000	0
207	P	1.00000	0	0.00000	0
208	H	1.00000	0	0.00000	0
209	S	1.00000	0	0.00000	0
210	K	1.00000	0	0.00000	0
211	Q	1.00000	0	0.00000	0
212	A	1.00000	0	0.00000	0
213	P	1.00000	0	0.00000	0
214	G	1.00000	0	0.00000	0
215	D	1.00000	0	0.00000	0
216	G	1.00000	0	0.00000	0
217	D	1.00000	0	0.00000	0
218	T	1.00000	0	0.00000	0
219	G	1.00000	0	0.00000	0
220	P	1.00000	0	0.00000	0
221	S	1.00000	0	0.00000	0
222	A	1.00000	0	0.00000	0
223	P	1.00000	0	0.00000	0
224	V	1.00000	0	0.00000	0
225	G	1.00000	0	0.00000	0
226	T	1.00000	0	0.00000	0
227	S	1.00000	0	0.00000	0
228	I	1.00000	0	0.00000	0
229	I	1.00000	0	0.00000	0
230	S	1.00000	0	0.00000	0
231	K	1.00000	0	0.00000	0
232	L	1.00000	0	0.00000	0
233	P	1.00000	0	0.00000	0
234	P	1.00000	0	0.00000	0
235	S	1.00000	0	0.00000	0
236	I	1.00000	0	0.00000	0
237	L	1.00000	0	0.00000	0
238	P	1.00000	0	0.00000	0
239	A	1.00000	0	0.00000	0
240	V	1.00000	0	0.00000	0
241	G	1.00000	0	0.00000	0
242	E	1.00000	0	0.00000	0
243	A	1.00000	0	0.00000	0
244	N	1.00000	0	0.00000	0
245	G	1.00000	0	0.00000	0
246	H	1.00000	0	0.00000	0
247	S	1.00000	0	0.00000	0
248	K	1.00000	0	0.00000	0
249	P	1.00000	0	0.00000	0
250	P	1.00000	0	0.00000	0
251	G	1.00000	0	0.00000	0
252	E	1.00000	0	0.00000	0
253	R	1.00000	0	0.00000	0
254	E	1.00000	0	0.00000	0
255	G	1.00000	0	0.00000	0
256	G	1.00000	0	0.00000	0
257	E	1.00000	0	0.00000	0
258	Q	1.00000	0	0.00000	0
259	M	1.00000	0	0.00000	0
260	G	1.00000	0	0.00000	0
261	D	1.00000	0	0.00000	0
262	P	1.00000	0	0.00000	0
263	T	1.00000	0	0.00000	0
264	S	1.00000	0	0.00000	0
265	P	1.00000	0	0.00000	0
266	S	1.00000	0	0.00000	0
267	T	1.00000	0	0.00000	0
268	P	1.00000	0	0.00000	0
269	P	1.00000	0	0.00000	0
270	N	1.00000	0	0.00000	0
271	Q	1.00000	0	0.00000	0
272	S	1.00000	0	0.00000	0
273	S	1.00000	0	0.00000	0
274	V	1.00000	0	0.00000	0
275	G	1.00000	0	0.00000	0
276	P	1.00000	0	0.00000	0
277	E	1.00000	0	0.00000	0
278	D	1.00000	0	0.00000	0
279	G	1.00000	0	0.00000	0
280	S	1.00000	0	0.00000	0
281	Q	1.00000	0	0.00000	0
282	K	1.00000	0	0.00000	0
283	Q	1.00000	0	0.00000	0
284	E	1.00000	0	0.00000	0
285	E	1.00000	0	0.00000	0
286	E	1.00000	0	0.00000	0
287	E	1.00000	0	0.00000	0
288	E	1.00000	0	0.00000	0
289	E	1.00000	0	0.00000	0
290	E	1.00000	0	0.00000	0
291	E	1.00000	0	0.00000	0
292	E	1.00000	0	0.00000	0
293	E	1.00000	0	0.00000	0
294	E	1.00000	0	0.00000	0
295	E	1.00000	0	0.00000	0
296	E	1.00000	0	0.00000	0
297	E	1.00000	0	0.00000	0
298	E	1.00000	0	0.00000	0
299	E	1.00000	0	0.00000	0
300	E	1.00000	0	0.00000	0
301	C	1.00000	0	0.00000	0
302	G	1.00000	0	0.00000	0
303	P	1.00000	0	0.00000	0
304	P	1.00000	0	0.00000	0
305	A	1.00000	0	0.00000	0
306	L	1.00000	0	0.00000	0
307	P	1.00000	0	0.00000	0
308	T	1.00000	0	0.00000	0
309	S	1.00000	0	0.00000	0
310	S	1.00000	0	0.00000	0
311	P	1.00000	0	0.00000	0
312	P	1.00000	0	0.00000	0
313	Q	1.00000	0	0.00000	0
314	G	1.00000	0	0.00000	0
315	T	1.00000	0	0.00000	0
316	P	1.00000	0	0.00000	0
317	N	1.00000	0	0.00000	0
318	F	1.00000	0	0.00000	0
319	Q	1.00000	0	0.00000	0
320	P	1.00000	0	0.00000	0
321	P	1.00000	0	0.00000	0
322	Q	1.00000	0	0.00000	0
323	G	1.00000	0	0.00000	0
324	S	1.00000	0	0.00000	0
325	Q	1.00000	0	0.00000	0
326	V	1.00000	0	0.00000	0
327	L	1.00000	0	0.00000	0
328	A	1.00000	0	0.00000	0
329	T	1.00000	0	0.00000	0
330	L	1.00000	0	0.00000	0
331	R	1.00000	0	0.00000	0
332	G	1.00000	0	0.00000	0
333	Q	1.00000	0	0.00000	0
334	V	1.00000	0	0.00000	0
335	L	1.00000	0	0.00000	0
336	L	1.00000	0	0.00000	0
337	A	1.00000	0	0.00000	0
338	R	1.00000	0	0.00000	0
339	G	1.00000	0	0.00000	0
340	P	1.00000	0	0.00000	0
341	A	1.00000	0	0.00000	0
342	S	1.00000	0	0.00000	0
343	L	1.00000	0	0.00000	0
344	G	1.00000	0	0.00000	0
345	L	1.00000	0	0.00000	0
346	Q	1.00000	0	0.00000	0
347	P	1.00000	0	0.00000	0
348	W	1.00000	0	0.00000	0
349	R	1.00000	0	0.00000	0
350	R	1.00000	0	0.00000	0
351	R	1.00000	0	0.00000	0
352	T	1.00000	0	0.00000	0
353	Q	1.00000	0	0.00000	0
354	M	1.00000	0	0.00000	0
355	N	1.00000	0	0.00000	0
356	R	1.00000	0	0.00000	0
357	E	1.00000	0	0.00000	0
358	K	0.96112	0	0.03888	0
359	R	0.95953	0	0.04047	0
360	F	0.66142	0	0.33858	0
361	T	0.40352	0	0.59648	0
362	F	0.07687	0	0.92313	0
363	V	0.07288	0	0.92712	0
364	L	0.00108	0	0.99892	0
365	A	0.00003	0	0.99997	0
366	V	0.00002	0	0.99998	0
367	V	0.00000	0	1.00000	0
368	I	0.00000	0	1.00000	0
369	G	0.00000	0	1.00000	0
370	V	0.00000	0	1.00000	0
371	F	0.00000	0	1.00000	0
372	V	0.00000	0	1.00000	0
373	L	0.00000	0	1.00000	0
374	C	0.00000	0	1.00000	0
375	W	0.00000	0	1.00000	0
376	F	0.00000	0	1.00000	0
377	P	0.00000	0	1.00000	0
378	F	0.00000	0	1.00000	0
379	F	0.00000	1e-05	0.99999	0
380	F	0.00000	0.00164	0.99836	0
381	S	0.00000	0.02461	0.97539	0
382	Y	0.00000	0.04791	0.95209	0
383	S	0.00000	0.15043	0.84957	0
384	L	0.00000	0.21407	0.78593	0
385	G	0.00000	0.50936	0.49064	0
386	A	0.00000	0.58865	0.41135	0
387	I	0.00000	0.81516	0.18484	0
388	C	0.00000	0.97996	0.02004	0
389	P	0.00000	0.99657	0.00343	0
390	Q	0.00000	0.99942	0.00058	0
391	H	0.00000	0.99994	0.00006	0
392	C	0.00000	1	0.00000	0
393	K	0.00000	1	0.00000	0
394	V	0.00000	0.99998	0.00002	0
395	P	0.00000	0.99997	0.00003	0
396	H	0.00000	0.99966	0.00034	0
397	G	0.00000	0.99784	0.00216	0
398	L	0.00000	0.96249	0.03751	0
399	F	0.00000	0.95288	0.04712	0
400	Q	0.00000	0.64326	0.35674	0
401	F	0.00000	0.00692	0.99308	0
402	F	0.00000	0.00032	0.99968	0
403	F	0.00000	0	1.00000	0
404	W	0.00000	0	1.00000	0
405	I	0.00000	0	1.00000	0
406	G	0.00000	0	1.00000	0
407	Y	0.00000	0	1.00000	0
408	C	0.00000	0	1.00000	0
409	N	0.00000	0	1.00000	0
410	S	0.00000	0	1.00000	0
411	S	0.00000	0	1.00000	0
412	L	0.00000	0	1.00000	0
413	N	0.00000	0	1.00000	0
414	P	0.00000	0	1.00000	0
415	V	0.00000	0	1.00000	0
416	I	0.00000	0	1.00000	0
417	Y	0.00000	0	1.00000	0
418	T	0.00002	0	0.99998	0
419	I	0.00073	0	0.99927	0
420	F	0.04538	0	0.95462	0
421	N	0.27892	0	0.72108	0
422	Q	0.99436	0	0.00564	0
423	D	0.99956	0	0.00044	0
424	F	0.99984	0	0.00016	0
425	R	1.00000	0	0.00000	0
426	R	1.00000	0	0.00000	0
427	A	1.00000	0	0.00000	0
428	F	1.00000	0	0.00000	0
429	R	1.00000	0	0.00000	0
430	R	1.00000	0	0.00000	0
431	I	1.00000	0	0.00000	0
432	L	1.00000	0	0.00000	0
433	C	1.00000	0	0.00000	0
434	R	1.00000	0	0.00000	0
435	Q	1.00000	0	0.00000	0
436	W	1.00000	0	0.00000	0
437	T	1.00000	0	0.00000	0
438	Q	1.00000	0	0.00000	0
439	T	1.00000	0	0.00000	0
440	A	1.00000	0	0.00000	0
441	W	1.00000	0	0.00000	0
