# UNNAMED
#pos	aa	i	o	M	S
1	M	0.00000	0.99661	0.00000	0.00339
2	S	0.00000	0.99661	0.00000	0.00339
3	M	0.00000	0.99661	0.00000	0.00339
4	E	0.00000	0.99661	0.00000	0.0034
5	L	0.00000	0.99661	0.00000	0.00339
6	P	0.00000	0.99661	0.00000	0.0034
7	T	0.00000	0.99661	0.00000	0.00339
8	I	0.00000	0.99661	0.00000	0.00339
9	W	0.00000	0.99661	0.00000	0.00339
10	Q	0.00000	0.99661	0.00000	0.0034
11	E	0.00000	0.99661	0.00000	0.00339
12	R	0.00000	0.99661	0.00000	0.00339
13	Q	0.00000	0.99661	0.00000	0.0034
14	A	0.00000	0.99661	0.00000	0.0034
15	S	0.00000	0.99661	0.00000	0.00339
16	L	0.00000	0.99661	0.00000	0.00339
17	N	0.00000	0.99865	0.00000	0.00136
18	V	0.00000	0.99865	0.00000	0.00135
19	S	0.00000	0.99865	0.00000	0.00135
20	L	0.00000	0.99865	0.00000	0.00135
21	S	0.00000	0.99879	0.00000	0.00122
22	G	0.00000	0.99881	0.00000	0.00119
23	I	0.00000	0.99928	0.00000	0.00072
24	E	0.00000	0.99927	0.00000	0.00073
25	E	0.00000	0.99928	0.00000	0.00072
26	Q	0.00000	0.99962	0.00000	0.00038
27	S	0.00000	0.99962	0.00000	0.00038
28	I	0.00000	0.99962	0.00000	0.00038
29	R	0.00000	0.99962	0.00000	0.00038
30	C	0.00000	0.99962	0.00000	0.00038
31	D	0.00000	0.99987	0.00000	0.00013
32	G	0.00000	0.99987	0.00000	0.00013
33	S	0.00000	1	0.00000	0
34	T	0.00000	1	0.00000	0
35	S	0.00000	1	0.00000	0
36	S	0.00000	1	0.00000	0
37	S	0.00000	1	0.00000	0
38	D	0.00000	1	0.00000	0
39	D	0.00000	1	0.00000	0
40	D	0.00000	1	0.00000	0
41	D	0.00000	1	0.00000	0
42	N	0.00000	1	0.00000	0
43	D	0.00000	1	0.00000	0
44	G	0.00000	1	0.00000	0
45	P	0.00000	1	0.00000	0
46	P	0.00000	0.99998	0.00002	0
47	S	0.00000	0.9996	0.00040	0
48	P	0.00000	0.99724	0.00276	0
49	Y	0.00000	0.984	0.01600	0
50	P	0.00000	0.97534	0.02466	0
51	P	0.00000	0.93085	0.06915	0
52	A	0.00000	0.82387	0.17613	0
53	A	0.00000	0.72059	0.27941	0
54	V	0.00000	0.60626	0.39374	0
55	A	0.00000	0.55665	0.44335	0
56	S	0.00000	0.49439	0.50561	0
57	L	0.00000	0.21123	0.78877	0
58	A	0.00000	0.13648	0.86352	0
59	A	0.00000	0.04561	0.95439	0
60	V	0.00000	0.01275	0.98725	0
61	V	0.00000	0.00179	0.99821	0
62	G	0.00000	0.00059	0.99941	0
63	F	0.00000	2e-05	0.99998	0
64	L	0.00000	0	1.00000	0
65	I	0.00000	0	1.00000	0
66	V	0.00000	0	1.00000	0
67	F	0.00000	0	1.00000	0
68	T	0.00000	0	1.00000	0
69	I	0.00000	0	1.00000	0
70	V	0.00000	0	1.00000	0
71	G	0.00000	0	1.00000	0
72	N	0.00000	0	1.00000	0
73	V	0.00000	0	1.00000	0
74	L	0.00000	0	1.00000	0
75	V	0.00001	0	0.99999	0
76	V	0.00006	0	0.99994	0
77	I	0.00110	0	0.99890	0
78	A	0.06407	0	0.93593	0
79	V	0.15473	0	0.84527	0
80	L	0.41377	0	0.58623	0
81	T	0.94260	0	0.05740	0
82	S	0.99720	0	0.00280	0
83	R	0.99993	0	0.00007	0
84	A	0.99998	0	0.00002	0
85	L	0.99999	0	0.00001	0
86	R	1.00000	0	0.00000	0
87	A	1.00000	0	0.00000	0
88	P	1.00000	0	0.00000	0
89	Q	0.83446	0	0.16554	0
90	N	0.14488	0	0.85512	0
91	L	0.02350	0	0.97650	0
92	F	0.00020	0	0.99980	0
93	L	0.00000	0	1.00000	0
94	V	0.00000	0	1.00000	0
95	S	0.00000	0	1.00000	0
96	L	0.00000	0	1.00000	0
97	A	0.00000	0	1.00000	0
98	S	0.00000	0	1.00000	0
99	A	0.00000	0	1.00000	0
100	D	0.00000	0	1.00000	0
101	I	0.00000	0	1.00000	0
102	L	0.00000	0	1.00000	0
103	V	0.00000	0	1.00000	0
104	A	0.00000	0	1.00000	0
105	T	0.00000	0	1.00000	0
106	L	0.00000	0	1.00000	0
107	V	0.00000	0	1.00000	0
108	M	0.00000	0.00017	0.99983	0
109	P	0.00000	0.00374	0.99626	0
110	F	0.00000	0.03974	0.96026	0
111	S	0.00000	0.38313	0.61687	0
112	L	0.00000	0.51694	0.48306	0
113	A	0.00000	0.80718	0.19282	0
114	N	0.00000	0.99998	0.00002	0
115	E	0.00000	0.99999	0.00001	0
116	L	0.00000	0.99999	0.00001	0
117	M	0.00000	0.99999	0.00001	0
118	N	0.00000	1	0.00000	0
119	Y	0.00000	1	0.00000	0
120	W	0.00000	1	0.00000	0
121	Y	0.00000	1	0.00000	0
122	F	0.00000	1	0.00000	0
123	G	0.00000	1	0.00000	0
124	K	0.00000	1	0.00000	0
125	A	0.00000	1	0.00000	0
126	W	0.00000	1	0.00000	0
127	C	0.00000	1	0.00000	0
128	N	0.00000	1	0.00000	0
129	I	0.00000	0.99908	0.00092	0
130	Y	0.00000	0.87227	0.12773	0
131	L	0.00000	0.42146	0.57854	0
132	A	0.00000	0.25501	0.74499	0
133	L	0.00000	0.00646	0.99354	0
134	D	0.00000	0.00257	0.99743	0
135	V	0.00000	4e-05	0.99996	0
136	L	0.00000	0	1.00000	0
137	F	0.00000	0	1.00000	0
138	C	0.00000	0	1.00000	0
139	T	0.00000	0	1.00000	0
140	S	0.00000	0	1.00000	0
141	S	0.00000	0	1.00000	0
142	I	0.00000	0	1.00000	0
143	V	0.00000	0	1.00000	0
144	H	0.00000	0	1.00000	0
145	L	0.00000	0	1.00000	0
146	C	0.00000	0	1.00000	0
147	A	0.00000	0	1.00000	0
148	I	0.00000	0	1.00000	0
149	S	0.00000	0	1.00000	0
150	L	0.00000	0	1.00000	0
151	D	0.00000	0	1.00000	0
152	R	0.00268	0	0.99732	0
153	Y	0.02297	0	0.97703	0
154	W	0.04073	0	0.95927	0
155	S	0.40747	0	0.59253	0
156	V	0.99998	0	0.00002	0
157	T	1.00000	0	0.00000	0
158	Q	1.00000	0	0.00000	0
159	A	1.00000	0	0.00000	0
160	V	1.00000	0	0.00000	0
161	E	1.00000	0	0.00000	0
162	Y	1.00000	0	0.00000	0
163	N	1.00000	0	0.00000	0
164	L	1.00000	0	0.00000	0
165	K	1.00000	0	0.00000	0
166	R	1.00000	0	0.00000	0
167	T	1.00000	0	0.00000	0
168	P	1.00000	0	0.00000	0
169	R	0.99998	0	0.00002	0
170	R	0.99471	0	0.00529	0
171	I	0.71079	0	0.28921	0
172	K	0.68610	0	0.31390	0
173	A	0.26235	0	0.73765	0
174	I	0.00245	0	0.99755	0
175	I	0.00000	0	1.00000	0
176	L	0.00000	0	1.00000	0
177	T	0.00000	0	1.00000	0
178	V	0.00000	0	1.00000	0
179	W	0.00000	0	1.00000	0
180	L	0.00000	0	1.00000	0
181	I	0.00000	0	1.00000	0
182	S	0.00000	0	1.00000	0
183	A	0.00000	0	1.00000	0
184	V	0.00000	0	1.00000	0
185	I	0.00000	0	1.00000	0
186	S	0.00000	0	1.00000	0
187	F	0.00000	0	1.00000	0
188	P	0.00000	0	1.00000	0
189	P	0.00000	2e-05	0.99998	0
190	L	0.00000	0.00018	0.99982	0
191	I	0.00000	0.00681	0.99319	0
192	S	0.00000	0.07963	0.92037	0
193	M	0.00000	0.11162	0.88838	0
194	Y	0.00000	0.43514	0.56486	0
195	R	0.00000	0.98736	0.01264	0
196	D	0.00000	0.99999	0.00001	0
197	P	0.00000	1	0.00000	0
198	E	0.00000	1	0.00000	0
199	G	0.00000	1	0.00000	0
200	D	0.00000	1	0.00000	0
201	V	0.00000	1	0.00000	0
202	F	0.00000	1	0.00000	0
203	P	0.00000	1	0.00000	0
204	Q	0.00000	1	0.00000	0
205	C	0.00000	1	0.00000	0
206	K	0.00000	1	0.00000	0
207	L	0.00000	1	0.00000	0
208	N	0.00000	1	0.00000	0
209	D	0.00000	1	0.00000	0
210	E	0.00000	0.99988	0.00012	0
211	T	0.00000	0.73309	0.26691	0
212	W	0.00000	0.16773	0.83227	0
213	Y	0.00000	0.01633	0.98367	0
214	I	0.00000	0.01377	0.98623	0
215	L	0.00000	0.00045	0.99955	0
216	S	0.00000	4e-05	0.99996	0
217	S	0.00000	3e-05	0.99997	0
218	C	0.00000	2e-05	0.99998	0
219	I	0.00000	1e-05	0.99999	0
220	G	0.00000	0	1.00000	0
221	S	0.00000	0	1.00000	0
222	F	0.00000	0	1.00000	0
223	F	0.00000	0	1.00000	0
224	A	0.00000	0	1.00000	0
225	P	0.00000	0	1.00000	0
226	C	0.00000	0	1.00000	0
227	L	0.00000	0	1.00000	0
228	I	0.00000	0	1.00000	0
229	M	0.00000	0	1.00000	0
230	V	0.00000	0	1.00000	0
231	L	0.00000	0	1.00000	0
232	V	0.00002	0	0.99998	0
233	Y	0.00067	0	0.99933	0
234	I	0.01742	0	0.98258	0
235	R	0.28411	0	0.71589	0
236	I	0.30583	0	0.69417	0
237	Y	0.42917	0	0.57083	0
238	R	0.98886	0	0.01114	0
239	V	0.99286	0	0.00714	0
240	A	0.99995	0	0.00005	0
241	K	1.00000	0	0.00000	0
242	L	1.00000	0	0.00000	0
243	R	1.00000	0	0.00000	0
244	T	1.00000	0	0.00000	0
245	R	1.00000	0	0.00000	0
246	T	1.00000	0	0.00000	0
247	L	1.00000	0	0.00000	0
248	S	1.00000	0	0.00000	0
249	E	1.00000	0	0.00000	0
250	K	1.00000	0	0.00000	0
251	R	1.00000	0	0.00000	0
252	T	1.00000	0	0.00000	0
253	M	1.00000	0	0.00000	0
254	P	1.00000	0	0.00000	0
255	E	1.00000	0	0.00000	0
256	G	1.00000	0	0.00000	0
257	S	1.00000	0	0.00000	0
258	S	1.00000	0	0.00000	0
259	Q	1.00000	0	0.00000	0
260	T	1.00000	0	0.00000	0
261	E	1.00000	0	0.00000	0
262	N	1.00000	0	0.00000	0
263	G	1.00000	0	0.00000	0
264	L	1.00000	0	0.00000	0
265	S	1.00000	0	0.00000	0
266	R	1.00000	0	0.00000	0
267	A	1.00000	0	0.00000	0
268	A	1.00000	0	0.00000	0
269	G	1.00000	0	0.00000	0
270	G	1.00000	0	0.00000	0
271	C	1.00000	0	0.00000	0
272	T	1.00000	0	0.00000	0
273	S	1.00000	0	0.00000	0
274	L	1.00000	0	0.00000	0
275	R	1.00000	0	0.00000	0
276	M	1.00000	0	0.00000	0
277	Q	1.00000	0	0.00000	0
278	L	1.00000	0	0.00000	0
279	G	1.00000	0	0.00000	0
280	E	1.00000	0	0.00000	0
281	N	1.00000	0	0.00000	0
282	G	1.00000	0	0.00000	0
283	H	1.00000	0	0.00000	0
284	Y	1.00000	0	0.00000	0
285	S	1.00000	0	0.00000	0
286	V	1.00000	0	0.00000	0
287	H	1.00000	0	0.00000	0
288	H	1.00000	0	0.00000	0
289	W	1.00000	0	0.00000	0
290	R	1.00000	0	0.00000	0
291	K	1.00000	0	0.00000	0
292	A	1.00000	0	0.00000	0
293	S	1.00000	0	0.00000	0
294	E	1.00000	0	0.00000	0
295	L	1.00000	0	0.00000	0
296	E	1.00000	0	0.00000	0
297	D	1.00000	0	0.00000	0
298	I	1.00000	0	0.00000	0
299	E	1.00000	0	0.00000	0
300	L	1.00000	0	0.00000	0
301	E	1.00000	0	0.00000	0
302	E	1.00000	0	0.00000	0
303	S	1.00000	0	0.00000	0
304	S	1.00000	0	0.00000	0
305	T	1.00000	0	0.00000	0
306	S	1.00000	0	0.00000	0
307	E	1.00000	0	0.00000	0
308	S	1.00000	0	0.00000	0
309	R	1.00000	0	0.00000	0
310	R	1.00000	0	0.00000	0
311	R	1.00000	0	0.00000	0
312	R	1.00000	0	0.00000	0
313	S	1.00000	0	0.00000	0
314	R	1.00000	0	0.00000	0
315	E	1.00000	0	0.00000	0
316	E	1.00000	0	0.00000	0
317	H	1.00000	0	0.00000	0
318	P	1.00000	0	0.00000	0
319	R	1.00000	0	0.00000	0
320	K	1.00000	0	0.00000	0
321	S	1.00000	0	0.00000	0
322	S	1.00000	0	0.00000	0
323	K	1.00000	0	0.00000	0
324	S	1.00000	0	0.00000	0
325	Q	1.00000	0	0.00000	0
326	S	1.00000	0	0.00000	0
327	F	1.00000	0	0.00000	0
328	S	1.00000	0	0.00000	0
329	Y	1.00000	0	0.00000	0
330	S	1.00000	0	0.00000	0
331	Y	1.00000	0	0.00000	0
332	S	1.00000	0	0.00000	0
333	S	1.00000	0	0.00000	0
334	K	1.00000	0	0.00000	0
335	H	1.00000	0	0.00000	0
336	S	1.00000	0	0.00000	0
337	S	1.00000	0	0.00000	0
338	S	1.00000	0	0.00000	0
339	R	1.00000	0	0.00000	0
340	L	1.00000	0	0.00000	0
341	S	1.00000	0	0.00000	0
342	R	1.00000	0	0.00000	0
343	S	1.00000	0	0.00000	0
344	S	1.00000	0	0.00000	0
345	S	1.00000	0	0.00000	0
346	R	1.00000	0	0.00000	0
347	S	1.00000	0	0.00000	0
348	M	1.00000	0	0.00000	0
349	Q	1.00000	0	0.00000	0
350	F	1.00000	0	0.00000	0
351	F	1.00000	0	0.00000	0
352	S	1.00000	0	0.00000	0
353	Y	1.00000	0	0.00000	0
354	R	1.00000	0	0.00000	0
355	R	1.00000	0	0.00000	0
356	R	1.00000	0	0.00000	0
357	R	1.00000	0	0.00000	0
358	K	1.00000	0	0.00000	0
359	R	1.00000	0	0.00000	0
360	S	1.00000	0	0.00000	0
361	S	1.00000	0	0.00000	0
362	I	1.00000	0	0.00000	0
363	C	1.00000	0	0.00000	0
364	R	1.00000	0	0.00000	0
365	K	1.00000	0	0.00000	0
366	K	1.00000	0	0.00000	0
367	V	1.00000	0	0.00000	0
368	T	1.00000	0	0.00000	0
369	Q	1.00000	0	0.00000	0
370	A	1.00000	0	0.00000	0
371	R	1.00000	0	0.00000	0
372	E	1.00000	0	0.00000	0
373	K	0.96446	0	0.03554	0
374	R	0.96299	0	0.03701	0
375	F	0.68518	0	0.31482	0
376	T	0.44969	0	0.55031	0
377	F	0.16919	0	0.83081	0
378	V	0.07851	0	0.92149	0
379	L	0.00094	0	0.99906	0
380	A	0.00002	0	0.99998	0
381	V	0.00001	0	0.99999	0
382	V	0.00000	0	1.00000	0
383	M	0.00000	0	1.00000	0
384	G	0.00000	0	1.00000	0
385	V	0.00000	0	1.00000	0
386	F	0.00000	0	1.00000	0
387	V	0.00000	0	1.00000	0
388	V	0.00000	0	1.00000	0
389	C	0.00000	0	1.00000	0
390	W	0.00000	0	1.00000	0
391	F	0.00000	0	1.00000	0
392	P	0.00000	0	1.00000	0
393	F	0.00000	0	1.00000	0
394	F	0.00000	1e-05	0.99999	0
395	F	0.00000	0.00144	0.99856	0
396	S	0.00000	0.02167	0.97833	0
397	Y	0.00000	0.04226	0.95774	0
398	S	0.00000	0.13387	0.86613	0
399	L	0.00000	0.19238	0.80762	0
400	Y	0.00000	0.47793	0.52207	0
401	G	0.00000	0.78288	0.21712	0
402	I	0.00000	0.89924	0.10076	0
403	C	0.00000	0.98999	0.01001	0
404	R	0.00000	0.9997	0.00030	0
405	E	0.00000	0.99999	0.00001	0
406	A	0.00000	1	0.00000	0
407	C	0.00000	1	0.00000	0
408	E	0.00000	1	0.00000	0
409	V	0.00000	1	0.00000	0
410	P	0.00000	1	0.00000	0
411	E	0.00000	0.99856	0.00144	0
412	T	0.00000	0.98818	0.01182	0
413	L	0.00000	0.96325	0.03675	0
414	F	0.00000	0.95631	0.04369	0
415	K	0.00000	0.73971	0.26029	0
416	F	0.00000	0.00762	0.99238	0
417	F	0.00000	0.00049	0.99951	0
418	F	0.00000	1e-05	0.99999	0
419	W	0.00000	0	1.00000	0
420	I	0.00000	0	1.00000	0
421	G	0.00000	0	1.00000	0
422	Y	0.00000	0	1.00000	0
423	C	0.00000	0	1.00000	0
424	N	0.00000	0	1.00000	0
425	S	0.00000	0	1.00000	0
426	S	0.00000	0	1.00000	0
427	L	0.00000	0	1.00000	0
428	N	0.00000	0	1.00000	0
429	P	0.00000	0	1.00000	0
430	V	0.00000	0	1.00000	0
431	I	0.00000	0	1.00000	0
432	Y	0.00000	0	1.00000	0
433	T	0.00002	0	0.99998	0
434	I	0.00029	0	0.99971	0
435	F	0.01976	0	0.98024	0
436	N	0.42064	0	0.57936	0
437	Q	0.96785	0	0.03215	0
438	D	0.99140	0	0.00860	0
439	F	0.99601	0	0.00399	0
440	R	1.00000	0	0.00000	0
441	R	1.00000	0	0.00000	0
442	S	1.00000	0	0.00000	0
443	F	1.00000	0	0.00000	0
444	K	1.00000	0	0.00000	0
445	H	1.00000	0	0.00000	0
446	I	1.00000	0	0.00000	0
447	L	1.00000	0	0.00000	0
448	F	1.00000	0	0.00000	0
449	K	1.00000	0	0.00000	0
450	K	1.00000	0	0.00000	0
451	K	1.00000	0	0.00000	0
452	K	1.00000	0	0.00000	0
453	K	1.00000	0	0.00000	0
454	N	1.00000	0	0.00000	0
455	F	1.00000	0	0.00000	0
456	R	1.00000	0	0.00000	0
457	H	1.00000	0	0.00000	0
