# UNNAMED
#pos	aa	i	o	M	S
1	M	0.00000	0.99973	0.00000	0.00027
2	H	0.00000	0.99973	0.00000	0.00028
3	I	0.00000	0.99973	0.00000	0.00028
4	S	0.00000	0.99973	0.00000	0.00027
5	L	0.00000	0.99973	0.00000	0.00028
6	F	0.00000	0.99973	0.00000	0.00028
7	I	0.00000	0.99973	0.00000	0.00028
8	P	0.00000	0.99973	0.00000	0.00028
9	H	0.00000	0.99973	0.00000	0.00028
10	E	0.00000	0.99973	0.00000	0.00027
11	K	0.00000	0.99973	0.00000	0.00027
12	L	0.00000	0.99973	0.00000	0.00027
13	Q	0.00000	0.99973	0.00000	0.00028
14	I	0.00000	0.99973	0.00000	0.00028
15	N	0.00000	0.99973	0.00000	0.00028
16	V	0.00000	0.99973	0.00000	0.00028
17	T	0.00000	0.99973	0.00000	0.00027
18	P	0.00000	0.99973	0.00000	0.00027
19	C	0.00000	0.99973	0.00000	0.00027
20	S	0.00000	0.99978	0.00000	0.00022
21	S	0.00000	0.99978	0.00000	0.00022
22	E	0.00000	0.99998	0.00000	2e-05
23	G	0.00000	0.99998	0.00000	1e-05
24	F	0.00000	1	0.00000	0
25	D	0.00000	1	0.00000	0
26	V	0.00000	0.99982	0.00018	0
27	A	0.00000	0.99968	0.00032	0
28	E	0.00000	0.99954	0.00046	0
29	K	0.00000	0.99497	0.00503	0
30	I	0.00000	0.44207	0.55793	0
31	V	0.00000	0.24907	0.75093	0
32	L	0.00000	0.07642	0.92358	0
33	L	0.00000	0.03221	0.96779	0
34	T	0.00000	0.01361	0.98639	0
35	F	0.00000	0.0026	0.99740	0
36	I	0.00000	7e-05	0.99993	0
37	S	0.00000	1e-05	0.99999	0
38	A	0.00000	0	1.00000	0
39	V	0.00000	0	1.00000	0
40	I	0.00000	0	1.00000	0
41	L	0.00000	0	1.00000	0
42	M	0.00000	0	1.00000	0
43	A	0.00000	0	1.00000	0
44	V	0.00000	0	1.00000	0
45	L	0.00000	0	1.00000	0
46	G	0.00000	0	1.00000	0
47	N	0.00000	0	1.00000	0
48	L	0.00000	0	1.00000	0
49	L	0.00000	0	1.00000	0
50	V	0.00000	0	1.00000	0
51	M	0.00007	0	0.99993	0
52	V	0.00094	0	0.99906	0
53	A	0.03433	0	0.96567	0
54	V	0.12227	0	0.87773	0
55	C	0.46082	0	0.53918	0
56	R	0.99130	0	0.00870	0
57	D	0.99995	0	0.00005	0
58	R	1.00000	0	0.00000	0
59	Q	1.00000	0	0.00000	0
60	L	1.00000	0	0.00000	0
61	R	1.00000	0	0.00000	0
62	K	0.99999	0	0.00001	0
63	I	0.99628	0	0.00372	0
64	K	0.99524	0	0.00476	0
65	T	0.86042	0	0.13958	0
66	N	0.14366	0	0.85634	0
67	Y	0.03890	0	0.96110	0
68	F	0.00029	0	0.99971	0
69	I	0.00001	0	0.99999	0
70	V	0.00000	0	1.00000	0
71	S	0.00000	0	1.00000	0
72	L	0.00000	0	1.00000	0
73	A	0.00000	0	1.00000	0
74	F	0.00000	0	1.00000	0
75	A	0.00000	0	1.00000	0
76	D	0.00000	0	1.00000	0
77	L	0.00000	0	1.00000	0
78	L	0.00000	0	1.00000	0
79	V	0.00000	0	1.00000	0
80	S	0.00000	0	1.00000	0
81	L	0.00000	0	1.00000	0
82	M	0.00000	0	1.00000	0
83	V	0.00000	0	1.00000	0
84	M	0.00000	6e-05	0.99994	0
85	P	0.00000	0.00109	0.99891	0
86	F	0.00000	0.02665	0.97335	0
87	G	0.00000	0.29056	0.70944	0
88	A	0.00000	0.47589	0.52411	0
89	I	0.00000	0.65069	0.34931	0
90	E	0.00000	0.99994	0.00006	0
91	L	0.00000	0.99996	0.00004	0
92	V	0.00000	0.99998	0.00002	0
93	Q	0.00000	0.99999	0.00001	0
94	D	0.00000	1	0.00000	0
95	N	0.00000	1	0.00000	0
96	W	0.00000	1	0.00000	0
97	I	0.00000	1	0.00000	0
98	Y	0.00000	1	0.00000	0
99	G	0.00000	1	0.00000	0
100	E	0.00000	1	0.00000	0
101	M	0.00000	1	0.00000	0
102	F	0.00000	0.99965	0.00035	0
103	C	0.00000	0.99957	0.00043	0
104	L	0.00000	0.9991	0.00090	0
105	V	0.00000	0.99882	0.00118	0
106	R	0.00000	0.96593	0.03407	0
107	T	0.00000	0.84379	0.15621	0
108	S	0.00000	0.57945	0.42055	0
109	L	0.00000	0.03874	0.96126	0
110	D	0.00000	0.01025	0.98975	0
111	V	0.00000	0.00016	0.99984	0
112	L	0.00000	0	1.00000	0
113	L	0.00000	0	1.00000	0
114	T	0.00000	0	1.00000	0
115	T	0.00000	0	1.00000	0
116	A	0.00000	0	1.00000	0
117	S	0.00000	0	1.00000	0
118	I	0.00000	0	1.00000	0
119	F	0.00000	0	1.00000	0
120	H	0.00000	0	1.00000	0
121	L	0.00000	0	1.00000	0
122	C	0.00000	0	1.00000	0
123	C	0.00000	0	1.00000	0
124	I	0.00000	0	1.00000	0
125	S	0.00000	0	1.00000	0
126	L	0.00000	0	1.00000	0
127	D	0.00000	0	1.00000	0
128	R	0.00042	0	0.99958	0
129	Y	0.03461	0	0.96539	0
130	Y	0.25787	0	0.74213	0
131	A	0.96363	0	0.03637	0
132	I	0.99997	0	0.00003	0
133	C	1.00000	0	0.00000	0
134	C	1.00000	0	0.00000	0
135	Q	1.00000	0	0.00000	0
136	P	1.00000	0	0.00000	0
137	L	1.00000	0	0.00000	0
138	V	1.00000	0	0.00000	0
139	Y	1.00000	0	0.00000	0
140	R	1.00000	0	0.00000	0
141	N	1.00000	0	0.00000	0
142	K	1.00000	0	0.00000	0
143	M	0.99998	0	0.00002	0
144	T	0.99969	0	0.00031	0
145	P	0.99619	0	0.00381	0
146	L	0.89195	0	0.10805	0
147	R	0.83887	0	0.16113	0
148	I	0.01264	0	0.98736	0
149	A	0.00075	0	0.99925	0
150	L	0.00008	0	0.99992	0
151	M	0.00003	0	0.99997	0
152	L	0.00000	0	1.00000	0
153	G	0.00000	0	1.00000	0
154	G	0.00000	0	1.00000	0
155	C	0.00000	0	1.00000	0
156	W	0.00000	0	1.00000	0
157	V	0.00000	0	1.00000	0
158	I	0.00000	0	1.00000	0
159	P	0.00000	0	1.00000	0
160	T	0.00000	0	1.00000	0
161	F	0.00000	0	1.00000	0
162	I	0.00000	0	1.00000	0
163	S	0.00000	0	1.00000	0
164	F	0.00000	0	1.00000	0
165	L	0.00000	0.0002	0.99980	0
166	P	0.00000	0.00668	0.99332	0
167	I	0.00000	0.01225	0.98775	0
168	M	0.00000	0.06443	0.93557	0
169	Q	0.00000	0.85777	0.14223	0
170	G	0.00000	0.96968	0.03032	0
171	W	0.00000	0.98651	0.01349	0
172	N	0.00000	0.99956	0.00044	0
173	S	0.00000	0.99997	0.00003	0
174	I	0.00000	0.99999	0.00001	0
175	G	0.00000	1	0.00000	0
176	I	0.00000	1	0.00000	0
177	I	0.00000	1	0.00000	0
178	D	0.00000	1	0.00000	0
179	L	0.00000	1	0.00000	0
180	I	0.00000	1	0.00000	0
181	E	0.00000	1	0.00000	0
182	K	0.00000	1	0.00000	0
183	R	0.00000	1	0.00000	0
184	K	0.00000	1	0.00000	0
185	V	0.00000	1	0.00000	0
186	S	0.00000	1	0.00000	0
187	Q	0.00000	1	0.00000	0
188	E	0.00000	1	0.00000	0
189	S	0.00000	1	0.00000	0
190	N	0.00000	1	0.00000	0
191	S	0.00000	1	0.00000	0
192	T	0.00000	1	0.00000	0
193	Y	0.00000	0.99999	0.00001	0
194	C	0.00000	0.9998	0.00020	0
195	I	0.00000	0.79113	0.20887	0
196	F	0.00000	0.78169	0.21831	0
197	M	0.00000	0.78116	0.21884	0
198	V	0.00000	0.78099	0.21901	0
199	N	0.00000	0.78094	0.21906	0
200	K	0.00000	0.77895	0.22105	0
201	P	0.00000	0.49355	0.50645	0
202	Y	0.00000	0.07329	0.92671	0
203	A	0.00000	0.02059	0.97941	0
204	I	0.00000	0.00703	0.99297	0
205	T	0.00000	0.00561	0.99439	0
206	C	0.00000	0.00522	0.99478	0
207	S	0.00000	0.00031	0.99969	0
208	V	0.00000	0.00011	0.99989	0
209	V	0.00000	0	1.00000	0
210	A	0.00000	0	1.00000	0
211	F	0.00000	0	1.00000	0
212	Y	0.00000	0	1.00000	0
213	I	0.00000	0	1.00000	0
214	P	0.00000	0	1.00000	0
215	F	0.00000	0	1.00000	0
216	L	0.00000	0	1.00000	0
217	L	0.00003	0	0.99997	0
218	M	0.00013	0	0.99987	0
219	V	0.00028	0	0.99972	0
220	L	0.01043	0	0.98957	0
221	A	0.04453	0	0.95547	0
222	Y	0.06133	0	0.93867	0
223	Y	0.10771	0	0.89229	0
224	R	0.29027	0	0.70973	0
225	I	0.30010	0	0.69990	0
226	Y	0.36258	0	0.63742	0
227	I	0.72095	0	0.27905	0
228	T	0.98842	0	0.01158	0
229	A	0.99981	0	0.00019	0
230	K	0.99998	0	0.00002	0
231	E	1.00000	0	0.00000	0
232	H	1.00000	0	0.00000	0
233	A	1.00000	0	0.00000	0
234	H	1.00000	0	0.00000	0
235	Q	1.00000	0	0.00000	0
236	I	1.00000	0	0.00000	0
237	R	1.00000	0	0.00000	0
238	I	1.00000	0	0.00000	0
239	L	1.00000	0	0.00000	0
240	Q	1.00000	0	0.00000	0
241	R	1.00000	0	0.00000	0
242	A	1.00000	0	0.00000	0
243	G	1.00000	0	0.00000	0
244	A	1.00000	0	0.00000	0
245	P	1.00000	0	0.00000	0
246	L	1.00000	0	0.00000	0
247	D	1.00000	0	0.00000	0
248	S	1.00000	0	0.00000	0
249	R	1.00000	0	0.00000	0
250	P	1.00000	0	0.00000	0
251	Q	1.00000	0	0.00000	0
252	H	1.00000	0	0.00000	0
253	P	1.00000	0	0.00000	0
254	D	1.00000	0	0.00000	0
255	Q	1.00000	0	0.00000	0
256	H	1.00000	0	0.00000	0
257	S	1.00000	0	0.00000	0
258	T	1.00000	0	0.00000	0
259	H	1.00000	0	0.00000	0
260	R	1.00000	0	0.00000	0
261	M	1.00000	0	0.00000	0
262	K	1.00000	0	0.00000	0
263	T	1.00000	0	0.00000	0
264	E	1.00000	0	0.00000	0
265	T	0.87567	0	0.12433	0
266	K	0.87291	0	0.12709	0
267	A	0.39904	0	0.60096	0
268	A	0.39563	0	0.60437	0
269	K	0.39343	0	0.60657	0
270	T	0.28024	0	0.71976	0
271	L	0.00211	0	0.99789	0
272	C	0.00002	0	0.99998	0
273	I	0.00001	0	0.99999	0
274	I	0.00000	0	1.00000	0
275	M	0.00000	0	1.00000	0
276	G	0.00000	0	1.00000	0
277	C	0.00000	0	1.00000	0
278	F	0.00000	0	1.00000	0
279	C	0.00000	0	1.00000	0
280	L	0.00000	0	1.00000	0
281	C	0.00000	0	1.00000	0
282	W	0.00000	0	1.00000	0
283	A	0.00000	0	1.00000	0
284	P	0.00000	0	1.00000	0
285	F	0.00000	0	1.00000	0
286	F	0.00000	0.0001	0.99990	0
287	I	0.00000	0.01344	0.98656	0
288	T	0.00000	0.1353	0.86470	0
289	N	0.00000	0.22285	0.77715	0
290	I	0.00000	0.25777	0.74223	0
291	V	0.00000	0.41013	0.58987	0
292	D	0.00000	0.96849	0.03151	0
293	P	0.00000	0.97086	0.02914	0
294	F	0.00000	0.97188	0.02812	0
295	I	0.00000	0.97636	0.02364	0
296	N	0.00000	0.99102	0.00898	0
297	Y	0.00000	0.99253	0.00747	0
298	T	0.00000	0.9958	0.00420	0
299	V	0.00000	0.99775	0.00225	0
300	P	0.00000	0.99952	0.00048	0
301	E	0.00000	0.99541	0.00459	0
302	Q	0.00000	0.97791	0.02209	0
303	L	0.00000	0.90024	0.09976	0
304	W	0.00000	0.87607	0.12393	0
305	T	0.00000	0.342	0.65800	0
306	A	0.00000	0.00328	0.99672	0
307	F	0.00000	8e-05	0.99992	0
308	L	0.00000	0	1.00000	0
309	W	0.00000	0	1.00000	0
310	L	0.00000	0	1.00000	0
311	G	0.00000	0	1.00000	0
312	Y	0.00000	0	1.00000	0
313	I	0.00000	0	1.00000	0
314	N	0.00000	0	1.00000	0
315	S	0.00000	0	1.00000	0
316	G	0.00000	0	1.00000	0
317	L	0.00000	0	1.00000	0
318	N	0.00000	0	1.00000	0
319	P	0.00000	0	1.00000	0
320	F	0.00000	0	1.00000	0
321	L	0.00000	0	1.00000	0
322	Y	0.00002	0	0.99998	0
323	A	0.00018	0	0.99982	0
324	F	0.00274	0	0.99726	0
325	L	0.38743	0	0.61257	0
326	N	0.89616	0	0.10384	0
327	K	1.00000	0	0.00000	0
328	S	1.00000	0	0.00000	0
329	F	1.00000	0	0.00000	0
330	R	1.00000	0	0.00000	0
331	R	1.00000	0	0.00000	0
332	A	1.00000	0	0.00000	0
333	F	1.00000	0	0.00000	0
334	L	1.00000	0	0.00000	0
335	I	1.00000	0	0.00000	0
336	I	1.00000	0	0.00000	0
337	L	1.00000	0	0.00000	0
338	C	1.00000	0	0.00000	0
339	C	1.00000	0	0.00000	0
340	G	1.00000	0	0.00000	0
341	D	1.00000	0	0.00000	0
342	E	1.00000	0	0.00000	0
343	R	1.00000	0	0.00000	0
344	Y	1.00000	0	0.00000	0
345	R	1.00000	0	0.00000	0
346	R	1.00000	0	0.00000	0
347	P	1.00000	0	0.00000	0
348	S	1.00000	0	0.00000	0
349	I	1.00000	0	0.00000	0
350	L	1.00000	0	0.00000	0
351	G	1.00000	0	0.00000	0
352	Q	1.00000	0	0.00000	0
353	T	1.00000	0	0.00000	0
354	V	1.00000	0	0.00000	0
355	P	1.00000	0	0.00000	0
356	C	1.00000	0	0.00000	0
357	S	1.00000	0	0.00000	0
358	T	1.00000	0	0.00000	0
359	T	1.00000	0	0.00000	0
360	T	1.00000	0	0.00000	0
361	I	1.00000	0	0.00000	0
362	N	1.00000	0	0.00000	0
363	G	1.00000	0	0.00000	0
364	S	1.00000	0	0.00000	0
365	T	1.00000	0	0.00000	0
366	H	1.00000	0	0.00000	0
367	V	1.00000	0	0.00000	0
368	L	1.00000	0	0.00000	0
369	R	1.00000	0	0.00000	0
