# UNNAMED
#pos	aa	i	o	M	S
1	M	0.00000	1	0.00000	0
2	P	0.00000	1	0.00000	0
3	F	0.00000	1	0.00000	0
4	C	0.00000	1	0.00000	0
5	Y	0.00000	1	0.00000	0
6	D	0.00000	1	0.00000	0
7	V	0.00000	1	0.00000	0
8	V	0.00000	1	0.00000	0
9	N	0.00000	1	0.00000	0
10	V	0.00000	1	0.00000	0
11	S	0.00000	1	0.00000	0
12	C	0.00000	1	0.00000	0
13	V	0.00000	1	0.00000	0
14	K	0.00000	1	0.00000	0
15	S	0.00000	1	0.00000	0
16	N	0.00000	1	0.00000	0
17	W	0.00000	1	0.00000	0
18	S	0.00000	1	0.00000	0
19	K	0.00000	1	0.00000	0
20	D	0.00000	1	0.00000	0
21	I	0.00000	0.99827	0.00173	0
22	R	0.00000	0.97951	0.02049	0
23	A	0.00000	0.59587	0.40413	0
24	T	0.00000	0.32969	0.67031	0
25	L	0.00000	0.1924	0.80760	0
26	Y	0.00000	0.10555	0.89445	0
27	S	0.00000	0.0926	0.90740	0
28	L	0.00000	0.06016	0.93984	0
29	M	0.00000	0.03694	0.96306	0
30	V	0.00000	0.00947	0.99053	0
31	L	0.00000	0.00209	0.99791	0
32	V	0.00000	6e-05	0.99994	0
33	I	0.00000	0	1.00000	0
34	L	0.00000	0	1.00000	0
35	T	0.00000	0	1.00000	0
36	T	0.00000	0	1.00000	0
37	L	0.00000	0	1.00000	0
38	V	0.00000	0	1.00000	0
39	G	0.00000	0	1.00000	0
40	N	0.00000	0	1.00000	0
41	L	0.00000	0	1.00000	0
42	I	0.00000	0	1.00000	0
43	V	0.00000	0	1.00000	0
44	I	0.00005	0	0.99995	0
45	V	0.00623	0	0.99377	0
46	S	0.22874	0	0.77126	0
47	I	0.30014	0	0.69986	0
48	S	0.79585	0	0.20415	0
49	H	0.87034	0	0.12966	0
50	F	0.89485	0	0.10515	0
51	K	0.99355	0	0.00645	0
52	Q	0.99973	0	0.00027	0
53	L	0.99979	0	0.00021	0
54	H	1.00000	0	0.00000	0
55	T	1.00000	0	0.00000	0
56	P	1.00000	0	0.00000	0
57	T	0.99722	0	0.00278	0
58	N	0.37904	0	0.62096	0
59	W	0.27081	0	0.72919	0
60	L	0.00368	0	0.99632	0
61	I	0.00003	0	0.99997	0
62	H	0.00000	0	1.00000	0
63	S	0.00000	0	1.00000	0
64	M	0.00000	0	1.00000	0
65	A	0.00000	0	1.00000	0
66	T	0.00000	0	1.00000	0
67	V	0.00000	0	1.00000	0
68	D	0.00000	0	1.00000	0
69	F	0.00000	0	1.00000	0
70	L	0.00000	0	1.00000	0
71	L	0.00000	0	1.00000	0
72	G	0.00000	0	1.00000	0
73	C	0.00000	0	1.00000	0
74	L	0.00000	0	1.00000	0
75	V	0.00000	0	1.00000	0
76	M	0.00000	0	1.00000	0
77	P	0.00000	0.00019	0.99981	0
78	Y	0.00000	0.00076	0.99924	0
79	S	0.00000	0.16075	0.83925	0
80	M	0.00000	0.23262	0.76738	0
81	V	0.00000	0.52193	0.47807	0
82	R	0.00000	0.99987	0.00013	0
83	S	0.00000	0.99994	0.00006	0
84	V	0.00000	0.99995	0.00005	0
85	E	0.00000	1	0.00000	0
86	H	0.00000	1	0.00000	0
87	C	0.00000	1	0.00000	0
88	W	0.00000	1	0.00000	0
89	Y	0.00000	1	0.00000	0
90	F	0.00000	1	0.00000	0
91	G	0.00000	1	0.00000	0
92	E	0.00000	1	0.00000	0
93	V	0.00000	0.99998	0.00002	0
94	F	0.00000	0.99981	0.00019	0
95	C	0.00000	0.99978	0.00022	0
96	K	0.00000	0.99964	0.00036	0
97	I	0.00000	0.9956	0.00440	0
98	H	0.00000	0.69956	0.30044	0
99	T	0.00000	0.38059	0.61941	0
100	S	0.00000	0.15717	0.84283	0
101	T	0.00000	0.00884	0.99116	0
102	D	0.00000	0.00035	0.99965	0
103	I	0.00000	0	1.00000	0
104	M	0.00000	0	1.00000	0
105	L	0.00000	0	1.00000	0
106	S	0.00000	0	1.00000	0
107	S	0.00000	0	1.00000	0
108	A	0.00000	0	1.00000	0
109	S	0.00000	0	1.00000	0
110	I	0.00000	0	1.00000	0
111	F	0.00000	0	1.00000	0
112	H	0.00000	0	1.00000	0
113	L	0.00000	0	1.00000	0
114	S	0.00000	0	1.00000	0
115	F	0.00000	0	1.00000	0
116	I	0.00001	0	0.99999	0
117	S	0.00004	0	0.99996	0
118	I	0.00010	0	0.99990	0
119	D	0.00078	0	0.99922	0
120	R	0.20442	0	0.79558	0
121	Y	0.95375	0	0.04625	0
122	C	0.99700	0	0.00300	0
123	A	0.99972	0	0.00028	0
124	V	1.00000	0	0.00000	0
125	C	1.00000	0	0.00000	0
126	D	1.00000	0	0.00000	0
127	P	1.00000	0	0.00000	0
128	L	1.00000	0	0.00000	0
129	R	1.00000	0	0.00000	0
130	Y	1.00000	0	0.00000	0
131	K	1.00000	0	0.00000	0
132	A	0.99998	0	0.00002	0
133	R	0.99962	0	0.00038	0
134	I	0.82557	0	0.17443	0
135	S	0.78339	0	0.21661	0
136	I	0.23811	0	0.76189	0
137	L	0.08786	0	0.91214	0
138	V	0.01007	0	0.98993	0
139	V	0.00189	0	0.99811	0
140	F	0.00014	0	0.99986	0
141	V	0.00001	0	0.99999	0
142	M	0.00000	0	1.00000	0
143	I	0.00000	0	1.00000	0
144	F	0.00000	0	1.00000	0
145	I	0.00000	0	1.00000	0
146	S	0.00000	0	1.00000	0
147	W	0.00000	0	1.00000	0
148	G	0.00000	0	1.00000	0
149	V	0.00000	0	1.00000	0
150	P	0.00000	0	1.00000	0
151	A	0.00000	0	1.00000	0
152	I	0.00000	0	1.00000	0
153	F	0.00000	1e-05	0.99999	0
154	A	0.00000	0.00115	0.99885	0
155	F	0.00000	0.01117	0.98883	0
156	G	0.00000	0.14677	0.85323	0
157	M	0.00000	0.17363	0.82637	0
158	I	0.00000	0.30439	0.69561	0
159	F	0.00000	0.51392	0.48608	0
160	L	0.00000	0.7476	0.25240	0
161	E	0.00000	0.99479	0.00521	0
162	L	0.00000	0.99828	0.00172	0
163	N	0.00000	0.99995	0.00005	0
164	I	0.00000	0.99998	0.00002	0
165	K	0.00000	1	0.00000	0
166	G	0.00000	1	0.00000	0
167	A	0.00000	1	0.00000	0
168	E	0.00000	1	0.00000	0
169	E	0.00000	1	0.00000	0
170	I	0.00000	1	0.00000	0
171	Y	0.00000	1	0.00000	0
172	Y	0.00000	1	0.00000	0
173	Q	0.00000	1	0.00000	0
174	H	0.00000	1	0.00000	0
175	I	0.00000	1	0.00000	0
176	H	0.00000	1	0.00000	0
177	C	0.00000	1	0.00000	0
178	V	0.00000	1	0.00000	0
179	G	0.00000	1	0.00000	0
180	G	0.00000	1	0.00000	0
181	C	0.00000	1	0.00000	0
182	S	0.00000	0.99642	0.00358	0
183	V	0.00000	0.9963	0.00370	0
184	F	0.00000	0.99573	0.00427	0
185	F	0.00000	0.99544	0.00456	0
186	S	0.00000	0.99544	0.00456	0
187	K	0.00000	0.99543	0.00457	0
188	T	0.00000	0.9916	0.00840	0
189	S	0.00000	0.98525	0.01475	0
190	G	0.00000	0.78029	0.21971	0
191	V	0.00000	0.43401	0.56599	0
192	L	0.00000	0.00408	0.99592	0
193	A	0.00000	0.00209	0.99791	0
194	F	0.00000	2e-05	0.99998	0
195	M	0.00000	1e-05	0.99999	0
196	T	0.00000	0	1.00000	0
197	S	0.00000	0	1.00000	0
198	F	0.00000	0	1.00000	0
199	Y	0.00000	0	1.00000	0
200	I	0.00000	0	1.00000	0
201	P	0.00000	0	1.00000	0
202	G	0.00000	0	1.00000	0
203	S	0.00000	0	1.00000	0
204	I	0.00000	0	1.00000	0
205	M	0.00000	0	1.00000	0
206	L	0.00001	0	0.99999	0
207	S	0.00017	0	0.99983	0
208	I	0.00022	0	0.99978	0
209	Y	0.00064	0	0.99936	0
210	Y	0.00160	0	0.99840	0
211	R	0.00464	0	0.99536	0
212	I	0.00485	0	0.99515	0
213	Y	0.01361	0	0.98639	0
214	F	0.13286	0	0.86714	0
215	I	0.50284	0	0.49716	0
216	A	0.99411	0	0.00589	0
217	R	0.99982	0	0.00018	0
218	G	0.99999	0	0.00001	0
219	Q	1.00000	0	0.00000	0
220	A	1.00000	0	0.00000	0
221	R	1.00000	0	0.00000	0
222	S	1.00000	0	0.00000	0
223	I	1.00000	0	0.00000	0
224	N	1.00000	0	0.00000	0
225	D	1.00000	0	0.00000	0
226	A	1.00000	0	0.00000	0
227	K	1.00000	0	0.00000	0
228	L	1.00000	0	0.00000	0
229	K	1.00000	0	0.00000	0
230	L	1.00000	0	0.00000	0
231	Q	1.00000	0	0.00000	0
232	I	1.00000	0	0.00000	0
233	R	1.00000	0	0.00000	0
234	L	1.00000	0	0.00000	0
235	E	1.00000	0	0.00000	0
236	E	1.00000	0	0.00000	0
237	N	1.00000	0	0.00000	0
238	H	1.00000	0	0.00000	0
239	G	1.00000	0	0.00000	0
240	V	1.00000	0	0.00000	0
241	S	1.00000	0	0.00000	0
242	Q	1.00000	0	0.00000	0
243	S	1.00000	0	0.00000	0
244	K	1.00000	0	0.00000	0
245	E	1.00000	0	0.00000	0
246	Q	0.99674	0	0.00326	0
247	K	0.99570	0	0.00430	0
248	A	0.37095	0	0.62905	0
249	A	0.36865	0	0.63135	0
250	K	0.33545	0	0.66455	0
251	T	0.26265	0	0.73735	0
252	L	0.00384	0	0.99616	0
253	G	0.00033	0	0.99967	0
254	I	0.00001	0	0.99999	0
255	V	0.00001	0	0.99999	0
256	M	0.00001	0	0.99999	0
257	G	0.00000	0	1.00000	0
258	V	0.00000	0	1.00000	0
259	F	0.00000	0	1.00000	0
260	L	0.00000	0	1.00000	0
261	I	0.00000	0	1.00000	0
262	C	0.00000	0	1.00000	0
263	W	0.00000	0	1.00000	0
264	C	0.00000	0	1.00000	0
265	P	0.00000	0	1.00000	0
266	F	0.00000	0	1.00000	0
267	F	0.00000	0	1.00000	0
268	V	0.00000	0.00108	0.99892	0
269	C	0.00000	0.01388	0.98612	0
270	T	0.00000	0.04679	0.95321	0
271	V	0.00000	0.1111	0.88890	0
272	A	0.00000	0.30502	0.69498	0
273	D	0.00000	0.83815	0.16185	0
274	P	0.00000	0.84	0.16000	0
275	F	0.00000	0.84602	0.15398	0
276	L	0.00000	0.87526	0.12474	0
277	D	0.00000	0.9991	0.00090	0
278	Y	0.00000	0.99923	0.00077	0
279	T	0.00000	0.99953	0.00047	0
280	I	0.00000	0.9997	0.00030	0
281	P	0.00000	0.99996	0.00004	0
282	Q	0.00000	0.99997	0.00003	0
283	T	0.00000	0.99985	0.00015	0
284	L	0.00000	0.99918	0.00082	0
285	N	0.00000	0.99888	0.00112	0
286	E	0.00000	0.85225	0.14775	0
287	A	0.00000	0.09565	0.90435	0
288	L	0.00000	0.02788	0.97212	0
289	I	0.00000	0.00767	0.99233	0
290	W	0.00000	0.00067	0.99933	0
291	F	0.00000	0	1.00000	0
292	G	0.00000	0	1.00000	0
293	Y	0.00000	0	1.00000	0
294	L	0.00000	0	1.00000	0
295	N	0.00000	0	1.00000	0
296	S	0.00000	0	1.00000	0
297	T	0.00000	0	1.00000	0
298	F	0.00000	0	1.00000	0
299	N	0.00000	0	1.00000	0
300	P	0.00000	0	1.00000	0
301	M	0.00000	0	1.00000	0
302	V	0.00000	0	1.00000	0
303	Y	0.00000	0	1.00000	0
304	A	0.00000	0	1.00000	0
305	F	0.00003	0	0.99997	0
306	F	0.00111	0	0.99889	0
307	Y	0.02152	0	0.97848	0
308	P	0.12499	0	0.87501	0
309	W	0.21226	0	0.78774	0
310	F	0.42890	0	0.57110	0
311	R	1.00000	0	0.00000	0
312	R	1.00000	0	0.00000	0
313	A	1.00000	0	0.00000	0
314	L	1.00000	0	0.00000	0
315	K	1.00000	0	0.00000	0
316	M	1.00000	0	0.00000	0
317	I	1.00000	0	0.00000	0
318	L	1.00000	0	0.00000	0
319	F	1.00000	0	0.00000	0
320	G	1.00000	0	0.00000	0
321	K	1.00000	0	0.00000	0
322	I	1.00000	0	0.00000	0
323	F	1.00000	0	0.00000	0
324	Q	1.00000	0	0.00000	0
325	K	1.00000	0	0.00000	0
326	D	1.00000	0	0.00000	0
327	S	1.00000	0	0.00000	0
328	S	1.00000	0	0.00000	0
329	R	1.00000	0	0.00000	0
330	C	1.00000	0	0.00000	0
331	K	1.00000	0	0.00000	0
332	L	1.00000	0	0.00000	0
333	L	1.00000	0	0.00000	0
334	S	1.00000	0	0.00000	0
335	E	1.00000	0	0.00000	0
336	S	1.00000	0	0.00000	0
337	H	1.00000	0	0.00000	0
338	P	1.00000	0	0.00000	0
