# UNNAMED
#pos	aa	i	o	M	S
1	M	0.00000	0.99997	0.00000	3e-05
2	G	0.00000	0.99997	0.00000	3e-05
3	D	0.00000	0.99997	0.00000	3e-05
4	G	0.00000	0.99997	0.00000	2e-05
5	G	0.00000	0.99997	0.00000	3e-05
6	L	0.00000	0.99997	0.00000	3e-05
7	P	0.00000	0.99997	0.00000	3e-05
8	L	0.00000	0.99997	0.00000	3e-05
9	G	0.00000	0.99997	0.00000	3e-05
10	P	0.00000	0.99997	0.00000	3e-05
11	Q	0.00000	0.99997	0.00000	3e-05
12	P	0.00000	0.99997	0.00000	2e-05
13	R	0.00000	0.99997	0.00000	2e-05
14	N	0.00000	0.99997	0.00000	2e-05
15	L	0.00000	0.99997	0.00000	3e-05
16	S	0.00000	0.99997	0.00000	3e-05
17	T	0.00000	0.99999	0.00000	1e-05
18	P	0.00000	0.99999	0.00000	1e-05
19	W	0.00000	0.99999	0.00000	1e-05
20	P	0.00000	0.99999	0.00000	0
21	P	0.00000	0.99999	0.00000	0
22	P	0.00000	0.99999	0.00000	0
23	D	0.00000	0.99999	0.00000	1e-05
24	G	0.00000	0.99999	0.00000	1e-05
25	A	0.00000	0.99999	0.00000	1e-05
26	P	0.00000	0.99999	0.00000	1e-05
27	G	0.00000	0.99999	0.00000	1e-05
28	S	0.00000	0.99999	0.00000	0
29	S	0.00000	1	0.00000	0
30	R	0.00000	1	0.00000	0
31	P	0.00000	1	0.00000	0
32	A	0.00000	1	0.00000	0
33	G	0.00000	1	0.00000	0
34	P	0.00000	1	0.00000	0
35	A	0.00000	1	0.00000	0
36	A	0.00000	1	0.00000	0
37	S	0.00000	1	0.00000	0
38	A	0.00000	1	0.00000	0
39	P	0.00000	1	0.00000	0
40	A	0.00000	1	0.00000	0
41	G	0.00000	1	0.00000	0
42	P	0.00000	1	0.00000	0
43	P	0.00000	0.99999	0.00001	0
44	W	0.00000	0.99589	0.00411	0
45	S	0.00000	0.99291	0.00709	0
46	Q	0.00000	0.97687	0.02313	0
47	Q	0.00000	0.91365	0.08635	0
48	W	0.00000	0.29816	0.70184	0
49	T	0.00000	0.21326	0.78674	0
50	A	0.00000	0.14578	0.85422	0
51	G	0.00000	0.09754	0.90246	0
52	V	0.00000	0.03803	0.96197	0
53	G	0.00000	0.02141	0.97859	0
54	L	0.00000	0.00498	0.99502	0
55	L	0.00000	0.00165	0.99835	0
56	M	0.00000	0.00076	0.99924	0
57	A	0.00000	4e-05	0.99996	0
58	L	0.00000	0	1.00000	0
59	M	0.00000	0	1.00000	0
60	V	0.00000	0	1.00000	0
61	V	0.00000	0	1.00000	0
62	L	0.00000	0	1.00000	0
63	I	0.00000	0	1.00000	0
64	V	0.00000	0	1.00000	0
65	A	0.00000	0	1.00000	0
66	G	0.00000	0	1.00000	0
67	N	0.00000	0	1.00000	0
68	V	0.00000	0	1.00000	0
69	L	0.00000	0	1.00000	0
70	V	0.00002	0	0.99998	0
71	I	0.00023	0	0.99977	0
72	A	0.01373	0	0.98627	0
73	A	0.14223	0	0.85777	0
74	V	0.30773	0	0.69227	0
75	A	0.70495	0	0.29505	0
76	R	0.99603	0	0.00397	0
77	T	0.99966	0	0.00034	0
78	Q	1.00000	0	0.00000	0
79	R	1.00000	0	0.00000	0
80	L	0.99998	0	0.00002	0
81	Q	0.99991	0	0.00009	0
82	T	0.99831	0	0.00169	0
83	L	0.95923	0	0.04077	0
84	T	0.92594	0	0.07406	0
85	N	0.13843	0	0.86157	0
86	L	0.01892	0	0.98108	0
87	F	0.00012	0	0.99988	0
88	I	0.00000	0	1.00000	0
89	I	0.00000	0	1.00000	0
90	S	0.00000	0	1.00000	0
91	L	0.00000	0	1.00000	0
92	A	0.00000	0	1.00000	0
93	S	0.00000	0	1.00000	0
94	A	0.00000	0	1.00000	0
95	D	0.00000	0	1.00000	0
96	L	0.00000	0	1.00000	0
97	V	0.00000	0	1.00000	0
98	M	0.00000	0	1.00000	0
99	G	0.00000	0	1.00000	0
100	L	0.00000	0	1.00000	0
101	L	0.00000	0	1.00000	0
102	V	0.00000	0.0001	0.99990	0
103	V	0.00000	0.0011	0.99890	0
104	P	0.00000	0.00949	0.99051	0
105	F	0.00000	0.02986	0.97014	0
106	G	0.00000	0.24358	0.75642	0
107	A	0.00000	0.58867	0.41133	0
108	T	0.00000	0.9126	0.08740	0
109	L	0.00000	0.99914	0.00086	0
110	V	0.00000	0.99932	0.00068	0
111	V	0.00000	0.99952	0.00048	0
112	W	0.00000	0.99965	0.00035	0
113	G	0.00000	0.99988	0.00012	0
114	R	0.00000	0.99999	0.00001	0
115	W	0.00000	1	0.00000	0
116	E	0.00000	1	0.00000	0
117	F	0.00000	0.99999	0.00001	0
118	G	0.00000	0.99999	0.00001	0
119	S	0.00000	0.99999	0.00001	0
120	F	0.00000	0.99999	0.00001	0
121	F	0.00000	0.99999	0.00001	0
122	C	0.00000	0.99999	0.00001	0
123	E	0.00000	0.99999	0.00001	0
124	L	0.00000	0.99943	0.00057	0
125	W	0.00000	0.93872	0.06128	0
126	T	0.00000	0.6114	0.38860	0
127	S	0.00000	0.08656	0.91344	0
128	V	0.00000	0.02202	0.97798	0
129	D	0.00000	0.00564	0.99436	0
130	V	0.00000	0.00013	0.99987	0
131	L	0.00000	0	1.00000	0
132	C	0.00000	0	1.00000	0
133	V	0.00000	0	1.00000	0
134	T	0.00000	0	1.00000	0
135	A	0.00000	0	1.00000	0
136	S	0.00000	0	1.00000	0
137	I	0.00000	0	1.00000	0
138	E	0.00000	0	1.00000	0
139	T	0.00000	0	1.00000	0
140	L	0.00000	0	1.00000	0
141	C	0.00000	0	1.00000	0
142	V	0.00000	0	1.00000	0
143	I	0.00000	0	1.00000	0
144	A	0.00000	0	1.00000	0
145	L	0.00000	0	1.00000	0
146	D	0.00001	0	0.99999	0
147	R	0.03145	0	0.96855	0
148	Y	0.23805	0	0.76195	0
149	I	0.80751	0	0.19249	0
150	A	0.95760	0	0.04240	0
151	I	0.99996	0	0.00004	0
152	T	1.00000	0	0.00000	0
153	S	1.00000	0	0.00000	0
154	P	1.00000	0	0.00000	0
155	F	1.00000	0	0.00000	0
156	R	1.00000	0	0.00000	0
157	Y	1.00000	0	0.00000	0
158	R	1.00000	0	0.00000	0
159	S	1.00000	0	0.00000	0
160	L	1.00000	0	0.00000	0
161	L	1.00000	0	0.00000	0
162	T	1.00000	0	0.00000	0
163	R	0.99998	0	0.00002	0
164	A	0.99957	0	0.00043	0
165	R	0.99857	0	0.00143	0
166	A	0.89846	0	0.10154	0
167	R	0.79169	0	0.20831	0
168	G	0.21968	0	0.78032	0
169	L	0.01673	0	0.98327	0
170	V	0.00014	0	0.99986	0
171	C	0.00000	0	1.00000	0
172	G	0.00000	0	1.00000	0
173	V	0.00000	0	1.00000	0
174	W	0.00000	0	1.00000	0
175	A	0.00000	0	1.00000	0
176	I	0.00000	0	1.00000	0
177	S	0.00000	0	1.00000	0
178	G	0.00000	0	1.00000	0
179	L	0.00000	0	1.00000	0
180	V	0.00000	0	1.00000	0
181	S	0.00000	0	1.00000	0
182	F	0.00000	0	1.00000	0
183	L	0.00000	0	1.00000	0
184	P	0.00000	2e-05	0.99998	0
185	I	0.00000	5e-05	0.99995	0
186	L	0.00000	0.00094	0.99906	0
187	M	0.00000	0.0196	0.98040	0
188	H	0.00000	0.25737	0.74263	0
189	W	0.00000	0.39475	0.60525	0
190	W	0.00000	0.73387	0.26613	0
191	R	0.00000	0.99311	0.00689	0
192	A	0.00000	0.99803	0.00197	0
193	A	0.00000	0.99993	0.00007	0
194	G	0.00000	1	0.00000	0
195	D	0.00000	1	0.00000	0
196	E	0.00000	1	0.00000	0
197	A	0.00000	1	0.00000	0
198	R	0.00000	1	0.00000	0
199	R	0.00000	1	0.00000	0
200	C	0.00000	1	0.00000	0
201	Y	0.00000	1	0.00000	0
202	D	0.00000	1	0.00000	0
203	D	0.00000	1	0.00000	0
204	P	0.00000	1	0.00000	0
205	K	0.00000	1	0.00000	0
206	C	0.00000	1	0.00000	0
207	C	0.00000	1	0.00000	0
208	D	0.00000	1	0.00000	0
209	F	0.00000	0.99998	0.00002	0
210	V	0.00000	0.9999	0.00010	0
211	T	0.00000	0.99984	0.00016	0
212	N	0.00000	0.99975	0.00025	0
213	R	0.00000	0.99652	0.00348	0
214	A	0.00000	0.28155	0.71845	0
215	Y	0.00000	0.03453	0.96547	0
216	A	0.00000	0.00751	0.99249	0
217	I	0.00000	0.00212	0.99788	0
218	A	0.00000	1e-05	0.99999	0
219	S	0.00000	0	1.00000	0
220	S	0.00000	0	1.00000	0
221	V	0.00000	0	1.00000	0
222	V	0.00000	0	1.00000	0
223	S	0.00000	0	1.00000	0
224	F	0.00000	0	1.00000	0
225	Y	0.00000	0	1.00000	0
226	L	0.00000	0	1.00000	0
227	P	0.00000	0	1.00000	0
228	L	0.00000	0	1.00000	0
229	A	0.00000	0	1.00000	0
230	V	0.00000	0	1.00000	0
231	M	0.00000	0	1.00000	0
232	A	0.00000	0	1.00000	0
233	F	0.00000	0	1.00000	0
234	V	0.00000	0	1.00000	0
235	Y	0.00019	0	0.99981	0
236	L	0.00920	0	0.99080	0
237	R	0.17133	0	0.82867	0
238	V	0.18922	0	0.81078	0
239	F	0.29595	0	0.70405	0
240	R	0.99462	0	0.00538	0
241	E	0.99992	0	0.00008	0
242	A	1.00000	0	0.00000	0
243	R	1.00000	0	0.00000	0
244	K	1.00000	0	0.00000	0
245	Q	1.00000	0	0.00000	0
246	V	1.00000	0	0.00000	0
247	K	1.00000	0	0.00000	0
248	K	1.00000	0	0.00000	0
249	I	1.00000	0	0.00000	0
250	D	1.00000	0	0.00000	0
251	R	1.00000	0	0.00000	0
252	C	1.00000	0	0.00000	0
253	E	1.00000	0	0.00000	0
254	R	1.00000	0	0.00000	0
255	R	1.00000	0	0.00000	0
256	F	1.00000	0	0.00000	0
257	Y	1.00000	0	0.00000	0
258	G	1.00000	0	0.00000	0
259	G	1.00000	0	0.00000	0
260	A	1.00000	0	0.00000	0
261	R	1.00000	0	0.00000	0
262	P	1.00000	0	0.00000	0
263	P	1.00000	0	0.00000	0
264	S	1.00000	0	0.00000	0
265	P	1.00000	0	0.00000	0
266	T	1.00000	0	0.00000	0
267	A	1.00000	0	0.00000	0
268	P	1.00000	0	0.00000	0
269	T	1.00000	0	0.00000	0
270	A	1.00000	0	0.00000	0
271	P	1.00000	0	0.00000	0
272	R	1.00000	0	0.00000	0
273	A	1.00000	0	0.00000	0
274	R	1.00000	0	0.00000	0
275	S	1.00000	0	0.00000	0
276	P	1.00000	0	0.00000	0
277	P	1.00000	0	0.00000	0
278	P	1.00000	0	0.00000	0
279	R	1.00000	0	0.00000	0
280	P	1.00000	0	0.00000	0
281	P	1.00000	0	0.00000	0
282	S	1.00000	0	0.00000	0
283	P	1.00000	0	0.00000	0
284	P	1.00000	0	0.00000	0
285	A	1.00000	0	0.00000	0
286	P	1.00000	0	0.00000	0
287	P	1.00000	0	0.00000	0
288	A	1.00000	0	0.00000	0
289	P	1.00000	0	0.00000	0
290	P	1.00000	0	0.00000	0
291	P	1.00000	0	0.00000	0
292	P	1.00000	0	0.00000	0
293	P	1.00000	0	0.00000	0
294	P	1.00000	0	0.00000	0
295	R	1.00000	0	0.00000	0
296	S	1.00000	0	0.00000	0
297	P	1.00000	0	0.00000	0
298	S	1.00000	0	0.00000	0
299	F	1.00000	0	0.00000	0
300	P	1.00000	0	0.00000	0
301	C	1.00000	0	0.00000	0
302	Q	1.00000	0	0.00000	0
303	P	1.00000	0	0.00000	0
304	P	1.00000	0	0.00000	0
305	P	1.00000	0	0.00000	0
306	S	1.00000	0	0.00000	0
307	G	1.00000	0	0.00000	0
308	L	1.00000	0	0.00000	0
309	P	1.00000	0	0.00000	0
310	N	1.00000	0	0.00000	0
311	G	1.00000	0	0.00000	0
312	R	1.00000	0	0.00000	0
313	P	1.00000	0	0.00000	0
314	G	1.00000	0	0.00000	0
315	K	1.00000	0	0.00000	0
316	R	1.00000	0	0.00000	0
317	R	1.00000	0	0.00000	0
318	P	1.00000	0	0.00000	0
319	S	1.00000	0	0.00000	0
320	R	1.00000	0	0.00000	0
321	L	1.00000	0	0.00000	0
322	L	1.00000	0	0.00000	0
323	A	1.00000	0	0.00000	0
324	L	1.00000	0	0.00000	0
325	K	1.00000	0	0.00000	0
326	E	1.00000	0	0.00000	0
327	H	0.99948	0	0.00052	0
328	K	0.99763	0	0.00237	0
329	A	0.10562	0	0.89438	0
330	L	0.10289	0	0.89711	0
331	K	0.10238	0	0.89762	0
332	T	0.07561	0	0.92439	0
333	L	0.00072	0	0.99928	0
334	G	0.00006	0	0.99994	0
335	I	0.00002	0	0.99998	0
336	I	0.00000	0	1.00000	0
337	M	0.00000	0	1.00000	0
338	G	0.00000	0	1.00000	0
339	V	0.00000	0	1.00000	0
340	F	0.00000	0	1.00000	0
341	T	0.00000	0	1.00000	0
342	L	0.00000	0	1.00000	0
343	C	0.00000	0	1.00000	0
344	W	0.00000	0	1.00000	0
345	L	0.00000	0	1.00000	0
346	P	0.00000	0	1.00000	0
347	F	0.00000	0	1.00000	0
348	F	0.00000	0	1.00000	0
349	L	0.00000	0.0014	0.99860	0
350	A	0.00000	0.03096	0.96904	0
351	N	0.00000	0.20453	0.79547	0
352	V	0.00000	0.27893	0.72107	0
353	V	0.00000	0.48306	0.51694	0
354	K	0.00000	0.95331	0.04669	0
355	V	0.00000	0.95843	0.04157	0
356	F	0.00000	0.96613	0.03387	0
357	H	0.00000	0.99221	0.00779	0
358	R	0.00000	0.99971	0.00029	0
359	D	0.00000	1	0.00000	0
360	L	0.00000	0.99938	0.00062	0
361	V	0.00000	0.99877	0.00123	0
362	P	0.00000	0.99841	0.00159	0
363	D	0.00000	0.98868	0.01132	0
364	R	0.00000	0.73999	0.26001	0
365	L	0.00000	0.17613	0.82387	0
366	F	0.00000	0.14316	0.85684	0
367	V	0.00000	0.00109	0.99891	0
368	F	0.00000	0	1.00000	0
369	F	0.00000	0	1.00000	0
370	N	0.00000	0	1.00000	0
371	W	0.00000	0	1.00000	0
372	L	0.00000	0	1.00000	0
373	G	0.00000	0	1.00000	0
374	Y	0.00000	0	1.00000	0
375	A	0.00000	0	1.00000	0
376	N	0.00000	0	1.00000	0
377	S	0.00000	0	1.00000	0
378	A	0.00000	0	1.00000	0
379	F	0.00000	0	1.00000	0
380	N	0.00000	0	1.00000	0
381	P	0.00000	0	1.00000	0
382	I	0.00000	0	1.00000	0
383	I	0.00004	0	0.99996	0
384	Y	0.00310	0	0.99690	0
385	C	0.06226	0	0.93774	0
386	R	1.00000	0	0.00000	0
387	S	1.00000	0	0.00000	0
388	P	1.00000	0	0.00000	0
389	D	1.00000	0	0.00000	0
390	F	1.00000	0	0.00000	0
391	R	1.00000	0	0.00000	0
392	Q	1.00000	0	0.00000	0
393	A	1.00000	0	0.00000	0
394	F	1.00000	0	0.00000	0
395	Q	1.00000	0	0.00000	0
396	R	1.00000	0	0.00000	0
397	L	1.00000	0	0.00000	0
398	L	1.00000	0	0.00000	0
399	C	1.00000	0	0.00000	0
400	R	1.00000	0	0.00000	0
401	P	1.00000	0	0.00000	0
402	R	1.00000	0	0.00000	0
403	P	1.00000	0	0.00000	0
404	A	1.00000	0	0.00000	0
405	S	1.00000	0	0.00000	0
406	R	1.00000	0	0.00000	0
407	R	1.00000	0	0.00000	0
408	H	1.00000	0	0.00000	0
409	G	1.00000	0	0.00000	0
410	R	1.00000	0	0.00000	0
411	H	1.00000	0	0.00000	0
412	G	1.00000	0	0.00000	0
413	R	1.00000	0	0.00000	0
414	P	1.00000	0	0.00000	0
415	R	1.00000	0	0.00000	0
416	R	1.00000	0	0.00000	0
417	R	1.00000	0	0.00000	0
418	H	1.00000	0	0.00000	0
419	R	1.00000	0	0.00000	0
420	L	1.00000	0	0.00000	0
421	L	1.00000	0	0.00000	0
422	L	1.00000	0	0.00000	0
423	L	1.00000	0	0.00000	0
424	L	1.00000	0	0.00000	0
425	L	1.00000	0	0.00000	0
426	G	1.00000	0	0.00000	0
427	A	1.00000	0	0.00000	0
428	G	1.00000	0	0.00000	0
429	P	1.00000	0	0.00000	0
430	E	1.00000	0	0.00000	0
431	G	1.00000	0	0.00000	0
432	R	1.00000	0	0.00000	0
433	P	1.00000	0	0.00000	0
434	P	1.00000	0	0.00000	0
435	P	1.00000	0	0.00000	0
436	A	1.00000	0	0.00000	0
437	P	1.00000	0	0.00000	0
438	R	1.00000	0	0.00000	0
439	H	1.00000	0	0.00000	0
440	P	1.00000	0	0.00000	0
441	D	1.00000	0	0.00000	0
442	P	1.00000	0	0.00000	0
443	D	1.00000	0	0.00000	0
444	P	1.00000	0	0.00000	0
445	D	1.00000	0	0.00000	0
446	P	1.00000	0	0.00000	0
447	G	1.00000	0	0.00000	0
448	P	1.00000	0	0.00000	0
449	D	1.00000	0	0.00000	0
450	P	1.00000	0	0.00000	0
451	A	1.00000	0	0.00000	0
452	P	1.00000	0	0.00000	0
453	P	1.00000	0	0.00000	0
454	W	1.00000	0	0.00000	0
455	T	1.00000	0	0.00000	0
456	G	1.00000	0	0.00000	0
457	C	1.00000	0	0.00000	0
458	N	1.00000	0	0.00000	0
459	G	1.00000	0	0.00000	0
460	G	1.00000	0	0.00000	0
461	A	1.00000	0	0.00000	0
462	P	1.00000	0	0.00000	0
463	G	1.00000	0	0.00000	0
464	D	1.00000	0	0.00000	0
465	A	1.00000	0	0.00000	0
466	D	1.00000	0	0.00000	0
467	P	1.00000	0	0.00000	0
468	G	1.00000	0	0.00000	0
469	R	1.00000	0	0.00000	0
470	D	1.00000	0	0.00000	0
471	A	1.00000	0	0.00000	0
472	C	1.00000	0	0.00000	0
473	S	1.00000	0	0.00000	0
474	E	1.00000	0	0.00000	0
475	S	1.00000	0	0.00000	0
476	Q	1.00000	0	0.00000	0
477	L	1.00000	0	0.00000	0
