# UNNAMED
#pos	aa	i	o	M	S
1	M	0.00000	0.99999	0.00000	1e-05
2	N	0.00000	0.99999	0.00000	1e-05
3	N	0.00000	0.99999	0.00000	1e-05
4	S	0.00000	0.99999	0.00000	1e-05
5	T	0.00000	0.99999	0.00000	1e-05
6	Y	0.00000	0.99999	0.00000	1e-05
7	I	0.00000	0.99999	0.00000	1e-05
8	N	0.00000	0.99999	0.00000	1e-05
9	S	0.00000	0.99999	0.00000	1e-05
10	S	0.00000	0.99999	0.00000	1e-05
11	T	0.00000	0.99999	0.00000	1e-05
12	E	0.00000	0.99999	0.00000	1e-05
13	N	0.00000	0.99999	0.00000	1e-05
14	V	0.00000	0.99999	0.00000	1e-05
15	M	0.00000	0.99999	0.00000	1e-05
16	A	0.00000	0.99999	0.00000	1e-05
17	L	0.00000	1	0.00000	0
18	E	0.00000	1	0.00000	0
19	S	0.00000	0.99999	0.00001	0
20	P	0.00000	0.99995	0.00005	0
21	Y	0.00000	0.99987	0.00013	0
22	K	0.00000	0.99982	0.00018	0
23	T	0.00000	0.99504	0.00496	0
24	V	0.00000	0.98303	0.01697	0
25	E	0.00000	0.96893	0.03107	0
26	V	0.00000	0.30794	0.69206	0
27	V	0.00000	0.10728	0.89272	0
28	F	0.00000	0.01872	0.98128	0
29	I	0.00000	0.00092	0.99908	0
30	V	0.00000	9e-05	0.99991	0
31	L	0.00000	1e-05	0.99999	0
32	V	0.00000	0	1.00000	0
33	A	0.00000	0	1.00000	0
34	G	0.00000	0	1.00000	0
35	S	0.00000	0	1.00000	0
36	L	0.00000	0	1.00000	0
37	S	0.00000	0	1.00000	0
38	L	0.00000	0	1.00000	0
39	V	0.00000	0	1.00000	0
40	T	0.00000	0	1.00000	0
41	I	0.00000	0	1.00000	0
42	I	0.00000	0	1.00000	0
43	G	0.00000	0	1.00000	0
44	N	0.00000	0	1.00000	0
45	I	0.00000	0	1.00000	0
46	L	0.00010	0	0.99990	0
47	V	0.00106	0	0.99894	0
48	M	0.00641	0	0.99359	0
49	V	0.03781	0	0.96219	0
50	S	0.59495	0	0.40505	0
51	I	0.65324	0	0.34676	0
52	K	0.99261	0	0.00739	0
53	V	0.99710	0	0.00290	0
54	N	0.99993	0	0.00007	0
55	R	1.00000	0	0.00000	0
56	H	0.99989	0	0.00011	0
57	L	0.99917	0	0.00083	0
58	Q	0.99762	0	0.00238	0
59	T	0.95442	0	0.04558	0
60	V	0.56120	0	0.43880	0
61	N	0.24197	0	0.75803	0
62	N	0.04100	0	0.95900	0
63	Y	0.01455	0	0.98545	0
64	F	0.00022	0	0.99978	0
65	L	0.00002	0	0.99998	0
66	F	0.00000	0	1.00000	0
67	S	0.00000	0	1.00000	0
68	L	0.00000	0	1.00000	0
69	A	0.00000	0	1.00000	0
70	C	0.00000	0	1.00000	0
71	A	0.00000	0	1.00000	0
72	D	0.00000	0	1.00000	0
73	L	0.00000	0	1.00000	0
74	I	0.00000	0	1.00000	0
75	I	0.00000	0	1.00000	0
76	G	0.00000	0	1.00000	0
77	I	0.00000	1e-05	0.99999	0
78	F	0.00000	0.00205	0.99795	0
79	S	0.00000	0.10604	0.89396	0
80	M	0.00000	0.1647	0.83530	0
81	N	0.00000	0.63703	0.36297	0
82	L	0.00000	0.67169	0.32831	0
83	Y	0.00000	0.76005	0.23995	0
84	T	0.00000	0.78425	0.21575	0
85	L	0.00000	0.82778	0.17222	0
86	Y	0.00000	0.89024	0.10976	0
87	T	0.00000	0.92326	0.07674	0
88	V	0.00000	0.93564	0.06436	0
89	I	0.00000	0.94957	0.05043	0
90	G	0.00000	0.98164	0.01836	0
91	Y	0.00000	0.99705	0.00295	0
92	W	0.00000	0.99852	0.00148	0
93	P	0.00000	0.99965	0.00035	0
94	L	0.00000	0.99993	0.00007	0
95	G	0.00000	1	0.00000	0
96	P	0.00000	1	0.00000	0
97	V	0.00000	0.9999	0.00010	0
98	V	0.00000	0.99987	0.00013	0
99	C	0.00000	0.99986	0.00014	0
100	D	0.00000	0.99975	0.00025	0
101	L	0.00000	0.99917	0.00083	0
102	W	0.00000	0.94661	0.05339	0
103	L	0.00000	0.53603	0.46397	0
104	A	0.00000	0.29007	0.70993	0
105	L	0.00000	0.00934	0.99066	0
106	D	0.00000	0.00032	0.99968	0
107	Y	0.00000	2e-05	0.99998	0
108	V	0.00000	0	1.00000	0
109	V	0.00000	0	1.00000	0
110	S	0.00000	0	1.00000	0
111	N	0.00000	0	1.00000	0
112	A	0.00000	0	1.00000	0
113	S	0.00000	0	1.00000	0
114	V	0.00000	0	1.00000	0
115	M	0.00000	0	1.00000	0
116	N	0.00000	0	1.00000	0
117	L	0.00000	0	1.00000	0
118	L	0.00000	0	1.00000	0
119	I	0.00000	0	1.00000	0
120	I	0.00000	0	1.00000	0
121	S	0.00000	0	1.00000	0
122	F	0.00000	0	1.00000	0
123	D	0.00017	0	0.99983	0
124	R	0.09540	0	0.90460	0
125	Y	0.35434	0	0.64566	0
126	F	0.63278	0	0.36722	0
127	C	0.91971	0	0.08029	0
128	V	0.99997	0	0.00003	0
129	T	1.00000	0	0.00000	0
130	K	1.00000	0	0.00000	0
131	P	1.00000	0	0.00000	0
132	L	1.00000	0	0.00000	0
133	T	1.00000	0	0.00000	0
134	Y	1.00000	0	0.00000	0
135	P	1.00000	0	0.00000	0
136	V	1.00000	0	0.00000	0
137	K	1.00000	0	0.00000	0
138	R	1.00000	0	0.00000	0
139	T	0.99998	0	0.00002	0
140	T	0.99988	0	0.00012	0
141	K	0.99850	0	0.00150	0
142	M	0.76550	0	0.23450	0
143	A	0.36043	0	0.63957	0
144	G	0.23374	0	0.76626	0
145	M	0.11252	0	0.88748	0
146	M	0.04347	0	0.95653	0
147	I	0.00221	0	0.99779	0
148	A	0.00034	0	0.99966	0
149	A	0.00001	0	0.99999	0
150	A	0.00000	0	1.00000	0
151	W	0.00000	0	1.00000	0
152	V	0.00000	0	1.00000	0
153	L	0.00000	0	1.00000	0
154	S	0.00000	0	1.00000	0
155	F	0.00000	0	1.00000	0
156	I	0.00000	0	1.00000	0
157	L	0.00000	0	1.00000	0
158	W	0.00000	0	1.00000	0
159	A	0.00000	0	1.00000	0
160	P	0.00000	2e-05	0.99998	0
161	A	0.00000	9e-05	0.99991	0
162	I	0.00000	0.00205	0.99795	0
163	L	0.00000	0.02217	0.97783	0
164	F	0.00000	0.14527	0.85473	0
165	W	0.00000	0.44377	0.55623	0
166	Q	0.00000	0.83946	0.16054	0
167	F	0.00000	0.85999	0.14001	0
168	I	0.00000	0.90788	0.09212	0
169	V	0.00000	0.9644	0.03560	0
170	G	0.00000	0.99809	0.00191	0
171	G	0.00000	0.99997	0.00003	0
172	R	0.00000	1	0.00000	0
173	T	0.00000	1	0.00000	0
174	V	0.00000	1	0.00000	0
175	P	0.00000	1	0.00000	0
176	D	0.00000	1	0.00000	0
177	K	0.00000	1	0.00000	0
178	D	0.00000	1	0.00000	0
179	C	0.00000	1	0.00000	0
180	Y	0.00000	0.99964	0.00036	0
181	I	0.00000	0.99721	0.00279	0
182	Q	0.00000	0.99078	0.00922	0
183	F	0.00000	0.98526	0.01474	0
184	F	0.00000	0.97878	0.02122	0
185	S	0.00000	0.97561	0.02439	0
186	N	0.00000	0.97224	0.02776	0
187	P	0.00000	0.17949	0.82051	0
188	A	0.00000	0.03406	0.96594	0
189	V	0.00000	0.00716	0.99284	0
190	T	0.00000	0.00502	0.99498	0
191	F	0.00000	0.00064	0.99936	0
192	G	0.00000	0.00034	0.99966	0
193	T	0.00000	0.00026	0.99974	0
194	A	0.00000	2e-05	0.99998	0
195	I	0.00000	2e-05	0.99998	0
196	A	0.00000	0	1.00000	0
197	A	0.00000	0	1.00000	0
198	F	0.00000	0	1.00000	0
199	Y	0.00000	0	1.00000	0
200	L	0.00000	0	1.00000	0
201	P	0.00000	0	1.00000	0
202	V	0.00000	0	1.00000	0
203	I	0.00000	0	1.00000	0
204	I	0.00002	0	0.99998	0
205	M	0.00005	0	0.99995	0
206	T	0.00009	0	0.99991	0
207	V	0.00028	0	0.99972	0
208	L	0.00083	0	0.99917	0
209	Y	0.00302	0	0.99698	0
210	W	0.02972	0	0.97028	0
211	Q	0.78270	0	0.21730	0
212	I	0.82026	0	0.17974	0
213	S	0.97762	0	0.02238	0
214	R	0.99945	0	0.00055	0
215	A	0.99963	0	0.00037	0
216	S	0.99981	0	0.00019	0
217	K	0.99998	0	0.00002	0
218	S	0.99999	0	0.00001	0
219	R	1.00000	0	0.00000	0
220	I	1.00000	0	0.00000	0
221	K	1.00000	0	0.00000	0
222	K	1.00000	0	0.00000	0
223	G	1.00000	0	0.00000	0
224	K	1.00000	0	0.00000	0
225	K	1.00000	0	0.00000	0
226	E	1.00000	0	0.00000	0
227	A	1.00000	0	0.00000	0
228	A	1.00000	0	0.00000	0
229	Q	1.00000	0	0.00000	0
230	N	1.00000	0	0.00000	0
231	Q	1.00000	0	0.00000	0
232	D	1.00000	0	0.00000	0
233	P	1.00000	0	0.00000	0
234	V	1.00000	0	0.00000	0
235	S	1.00000	0	0.00000	0
236	P	1.00000	0	0.00000	0
237	S	1.00000	0	0.00000	0
238	L	1.00000	0	0.00000	0
239	V	1.00000	0	0.00000	0
240	Q	1.00000	0	0.00000	0
241	G	1.00000	0	0.00000	0
242	K	1.00000	0	0.00000	0
243	I	1.00000	0	0.00000	0
244	V	1.00000	0	0.00000	0
245	K	1.00000	0	0.00000	0
246	P	1.00000	0	0.00000	0
247	N	1.00000	0	0.00000	0
248	N	1.00000	0	0.00000	0
249	N	1.00000	0	0.00000	0
250	N	1.00000	0	0.00000	0
251	I	1.00000	0	0.00000	0
252	P	1.00000	0	0.00000	0
253	T	1.00000	0	0.00000	0
254	S	1.00000	0	0.00000	0
255	G	1.00000	0	0.00000	0
256	D	1.00000	0	0.00000	0
257	G	1.00000	0	0.00000	0
258	L	1.00000	0	0.00000	0
259	E	1.00000	0	0.00000	0
260	H	1.00000	0	0.00000	0
261	N	1.00000	0	0.00000	0
262	K	1.00000	0	0.00000	0
263	I	1.00000	0	0.00000	0
264	Q	1.00000	0	0.00000	0
265	N	1.00000	0	0.00000	0
266	G	1.00000	0	0.00000	0
267	K	1.00000	0	0.00000	0
268	T	1.00000	0	0.00000	0
269	T	1.00000	0	0.00000	0
270	G	1.00000	0	0.00000	0
271	E	1.00000	0	0.00000	0
272	T	1.00000	0	0.00000	0
273	A	1.00000	0	0.00000	0
274	M	1.00000	0	0.00000	0
275	E	1.00000	0	0.00000	0
276	N	1.00000	0	0.00000	0
277	C	1.00000	0	0.00000	0
278	V	1.00000	0	0.00000	0
279	Q	1.00000	0	0.00000	0
280	G	1.00000	0	0.00000	0
281	E	1.00000	0	0.00000	0
282	E	1.00000	0	0.00000	0
283	K	1.00000	0	0.00000	0
284	D	1.00000	0	0.00000	0
285	S	1.00000	0	0.00000	0
286	S	1.00000	0	0.00000	0
287	N	1.00000	0	0.00000	0
288	D	1.00000	0	0.00000	0
289	S	1.00000	0	0.00000	0
290	T	1.00000	0	0.00000	0
291	S	1.00000	0	0.00000	0
292	V	1.00000	0	0.00000	0
293	S	1.00000	0	0.00000	0
294	V	1.00000	0	0.00000	0
295	V	1.00000	0	0.00000	0
296	A	1.00000	0	0.00000	0
297	S	1.00000	0	0.00000	0
298	N	1.00000	0	0.00000	0
299	M	1.00000	0	0.00000	0
300	K	1.00000	0	0.00000	0
301	E	1.00000	0	0.00000	0
302	D	1.00000	0	0.00000	0
303	E	1.00000	0	0.00000	0
304	S	1.00000	0	0.00000	0
305	A	1.00000	0	0.00000	0
306	K	1.00000	0	0.00000	0
307	D	1.00000	0	0.00000	0
308	A	1.00000	0	0.00000	0
309	S	1.00000	0	0.00000	0
310	Q	1.00000	0	0.00000	0
311	T	1.00000	0	0.00000	0
312	F	1.00000	0	0.00000	0
313	A	1.00000	0	0.00000	0
314	S	1.00000	0	0.00000	0
315	Q	1.00000	0	0.00000	0
316	D	1.00000	0	0.00000	0
317	H	1.00000	0	0.00000	0
318	L	1.00000	0	0.00000	0
319	K	1.00000	0	0.00000	0
320	V	1.00000	0	0.00000	0
321	E	1.00000	0	0.00000	0
322	N	1.00000	0	0.00000	0
323	S	1.00000	0	0.00000	0
324	K	1.00000	0	0.00000	0
325	L	1.00000	0	0.00000	0
326	T	1.00000	0	0.00000	0
327	C	1.00000	0	0.00000	0
328	I	1.00000	0	0.00000	0
329	R	1.00000	0	0.00000	0
330	I	1.00000	0	0.00000	0
331	V	1.00000	0	0.00000	0
332	T	1.00000	0	0.00000	0
333	K	1.00000	0	0.00000	0
334	S	1.00000	0	0.00000	0
335	Q	1.00000	0	0.00000	0
336	K	1.00000	0	0.00000	0
337	G	1.00000	0	0.00000	0
338	D	1.00000	0	0.00000	0
339	S	1.00000	0	0.00000	0
340	C	1.00000	0	0.00000	0
341	A	1.00000	0	0.00000	0
342	P	1.00000	0	0.00000	0
343	T	1.00000	0	0.00000	0
344	N	1.00000	0	0.00000	0
345	T	1.00000	0	0.00000	0
346	T	1.00000	0	0.00000	0
347	V	1.00000	0	0.00000	0
348	E	1.00000	0	0.00000	0
349	I	1.00000	0	0.00000	0
350	V	1.00000	0	0.00000	0
351	G	1.00000	0	0.00000	0
352	T	1.00000	0	0.00000	0
353	N	1.00000	0	0.00000	0
354	G	1.00000	0	0.00000	0
355	E	1.00000	0	0.00000	0
356	E	1.00000	0	0.00000	0
357	K	1.00000	0	0.00000	0
358	Q	1.00000	0	0.00000	0
359	N	1.00000	0	0.00000	0
360	S	1.00000	0	0.00000	0
361	V	1.00000	0	0.00000	0
362	A	1.00000	0	0.00000	0
363	R	1.00000	0	0.00000	0
364	K	1.00000	0	0.00000	0
365	I	1.00000	0	0.00000	0
366	V	1.00000	0	0.00000	0
367	K	1.00000	0	0.00000	0
368	M	1.00000	0	0.00000	0
369	T	1.00000	0	0.00000	0
370	K	1.00000	0	0.00000	0
371	Q	1.00000	0	0.00000	0
372	P	1.00000	0	0.00000	0
373	A	1.00000	0	0.00000	0
374	K	1.00000	0	0.00000	0
375	K	1.00000	0	0.00000	0
376	K	1.00000	0	0.00000	0
377	P	1.00000	0	0.00000	0
378	P	1.00000	0	0.00000	0
379	P	1.00000	0	0.00000	0
380	S	1.00000	0	0.00000	0
381	R	1.00000	0	0.00000	0
382	E	1.00000	0	0.00000	0
383	K	0.85286	0	0.14714	0
384	K	0.82970	0	0.17030	0
385	V	0.80306	0	0.19694	0
386	T	0.47493	0	0.52507	0
387	R	0.41911	0	0.58089	0
388	T	0.35208	0	0.64792	0
389	I	0.28462	0	0.71538	0
390	L	0.00545	0	0.99455	0
391	A	0.00079	0	0.99921	0
392	I	0.00028	0	0.99972	0
393	L	0.00023	0	0.99977	0
394	L	0.00002	0	0.99998	0
395	A	0.00001	0	0.99999	0
396	F	0.00000	0	1.00000	0
397	I	0.00000	0	1.00000	0
398	I	0.00000	0	1.00000	0
399	T	0.00000	0	1.00000	0
400	W	0.00000	0	1.00000	0
401	T	0.00000	0	1.00000	0
402	P	0.00000	3e-05	0.99997	0
403	Y	0.00000	0.00015	0.99985	0
404	N	0.00000	0.00081	0.99919	0
405	V	0.00000	0.00103	0.99897	0
406	M	0.00000	0.0021	0.99790	0
407	V	0.00000	0.01188	0.98812	0
408	L	0.00000	0.08224	0.91776	0
409	I	0.00000	0.19233	0.80767	0
410	N	0.00000	0.60267	0.39733	0
411	S	0.00000	0.68513	0.31487	0
412	F	0.00000	0.71901	0.28099	0
413	C	0.00000	0.95431	0.04569	0
414	T	0.00000	0.98005	0.01995	0
415	S	0.00000	0.99355	0.00645	0
416	C	0.00000	0.99754	0.00246	0
417	I	0.00000	0.99792	0.00208	0
418	P	0.00000	0.99852	0.00148	0
419	G	0.00000	0.99867	0.00133	0
420	T	0.00000	0.97995	0.02005	0
421	V	0.00000	0.9753	0.02470	0
422	W	0.00000	0.97334	0.02666	0
423	T	0.00000	0.8709	0.12910	0
424	I	0.00000	0.63504	0.36496	0
425	G	0.00000	0.61577	0.38423	0
426	Y	0.00001	0.33249	0.66750	0
427	W	0.00002	0.02853	0.97144	0
428	L	0.00002	9e-05	0.99989	0
429	C	0.00002	0	0.99997	0
430	Y	0.00003	0	0.99997	0
431	I	0.00003	0	0.99997	0
432	N	0.00003	0	0.99997	0
433	S	0.00003	0	0.99997	0
434	T	0.00003	0	0.99997	0
435	I	0.00003	0	0.99997	0
436	N	0.00003	0	0.99997	0
437	P	0.00003	0	0.99997	0
438	A	0.00003	0	0.99997	0
439	C	0.00003	0	0.99997	0
440	Y	0.00006	0	0.99994	0
441	A	0.00027	0	0.99973	0
442	L	0.00082	0	0.99918	0
443	C	0.01724	0	0.98276	0
444	N	0.08199	0	0.91801	0
445	A	0.16748	0	0.83252	0
446	T	0.21670	0	0.78330	0
447	F	0.34843	0	0.65157	0
448	K	1.00000	0	0.00000	0
449	K	1.00000	0	0.00000	0
450	T	1.00000	0	0.00000	0
451	F	1.00000	0	0.00000	0
452	K	1.00000	0	0.00000	0
453	H	1.00000	0	0.00000	0
454	L	1.00000	0	0.00000	0
455	L	1.00000	0	0.00000	0
456	M	1.00000	0	0.00000	0
457	C	1.00000	0	0.00000	0
458	H	1.00000	0	0.00000	0
459	Y	1.00000	0	0.00000	0
460	K	1.00000	0	0.00000	0
461	N	1.00000	0	0.00000	0
462	I	1.00000	0	0.00000	0
463	G	1.00000	0	0.00000	0
464	A	1.00000	0	0.00000	0
465	T	1.00000	0	0.00000	0
466	R	1.00000	0	0.00000	0
