# UNNAMED
#pos	aa	i	o	M	S
1	M	0.00000	0.94356	0.00000	0.05644
2	S	0.00000	0.94356	0.00000	0.05644
3	A	0.00000	0.94356	0.00000	0.05644
4	V	0.00000	0.94356	0.00000	0.05644
5	V	0.00000	0.94356	0.00000	0.05644
6	L	0.00000	0.94356	0.00000	0.05644
7	E	0.00000	0.94356	0.00000	0.05644
8	I	0.00000	0.94356	0.00000	0.05643
9	P	0.00000	0.94356	0.00000	0.05644
10	R	0.00000	0.94356	0.00000	0.05644
11	S	0.00000	0.94356	0.00000	0.05644
12	M	0.00000	0.94356	0.00000	0.05644
13	Q	0.00000	0.94356	0.00000	0.05644
14	Y	0.00000	0.99878	0.00000	0.00121
15	C	0.00000	0.99879	0.00000	0.00121
16	F	0.00000	0.99879	0.00000	0.00121
17	E	0.00000	0.99879	0.00000	0.00121
18	N	0.00000	1	0.00000	0
19	V	0.00000	1	0.00000	0
20	N	0.00000	1	0.00000	0
21	E	0.00000	1	0.00000	0
22	S	0.00000	1	0.00000	0
23	C	0.00000	1	0.00000	0
24	P	0.00000	1	0.00000	0
25	R	0.00000	1	0.00000	0
26	T	0.00000	1	0.00000	0
27	V	0.00000	1	0.00000	0
28	R	0.00000	1	0.00000	0
29	G	0.00000	0.99997	0.00003	0
30	A	0.00000	0.99974	0.00026	0
31	I	0.00000	0.99833	0.00167	0
32	I	0.00000	0.99813	0.00187	0
33	R	0.00000	0.99591	0.00409	0
34	I	0.00000	0.75485	0.24515	0
35	P	0.00000	0.67369	0.32631	0
36	M	0.00000	0.49417	0.50583	0
37	Y	0.00000	0.06489	0.93511	0
38	I	0.00000	0.01796	0.98204	0
39	F	0.00000	0.00833	0.99167	0
40	M	0.00000	0.00477	0.99523	0
41	L	0.00000	0.00209	0.99791	0
42	S	0.00000	0.00133	0.99867	0
43	T	0.00000	0.0002	0.99980	0
44	I	0.00000	0	1.00000	0
45	S	0.00000	0	1.00000	0
46	V	0.00000	0	1.00000	0
47	T	0.00000	0	1.00000	0
48	I	0.00000	0	1.00000	0
49	C	0.00000	0	1.00000	0
50	G	0.00000	0	1.00000	0
51	N	0.00000	0	1.00000	0
52	L	0.00000	0	1.00000	0
53	V	0.00000	0	1.00000	0
54	V	0.00000	0	1.00000	0
55	I	0.00002	0	0.99998	0
56	V	0.00250	0	0.99750	0
57	S	0.09420	0	0.90580	0
58	I	0.12538	0	0.87462	0
59	A	0.42073	0	0.57927	0
60	H	0.73563	0	0.26437	0
61	F	0.81242	0	0.18758	0
62	R	0.99245	0	0.00755	0
63	Q	0.99994	0	0.00006	0
64	L	0.99997	0	0.00003	0
65	H	1.00000	0	0.00000	0
66	T	1.00000	0	0.00000	0
67	P	1.00000	0	0.00000	0
68	T	0.93272	0	0.06728	0
69	N	0.16488	0	0.83512	0
70	Y	0.05437	0	0.94563	0
71	L	0.00088	0	0.99912	0
72	I	0.00001	0	0.99999	0
73	L	0.00000	0	1.00000	0
74	S	0.00000	0	1.00000	0
75	L	0.00000	0	1.00000	0
76	A	0.00000	0	1.00000	0
77	T	0.00000	0	1.00000	0
78	V	0.00000	0	1.00000	0
79	D	0.00000	0	1.00000	0
80	F	0.00000	0	1.00000	0
81	L	0.00000	0	1.00000	0
82	L	0.00000	0	1.00000	0
83	A	0.00000	0	1.00000	0
84	I	0.00000	0	1.00000	0
85	F	0.00000	0	1.00000	0
86	V	0.00000	0	1.00000	0
87	M	0.00000	0.00054	0.99946	0
88	P	0.00000	0.03424	0.96576	0
89	Y	0.00000	0.43689	0.56311	0
90	S	0.00000	0.61777	0.38223	0
91	M	0.00000	0.65439	0.34561	0
92	V	0.00000	0.79071	0.20929	0
93	R	0.00000	0.99995	0.00005	0
94	S	0.00000	0.99998	0.00002	0
95	V	0.00000	0.99998	0.00002	0
96	E	0.00000	1	0.00000	0
97	T	0.00000	1	0.00000	0
98	C	0.00000	1	0.00000	0
99	W	0.00000	1	0.00000	0
100	Y	0.00000	1	0.00000	0
101	F	0.00000	0.99999	0.00001	0
102	G	0.00000	0.99999	0.00001	0
103	D	0.00000	0.99999	0.00001	0
104	L	0.00000	0.99999	0.00001	0
105	F	0.00000	0.99993	0.00007	0
106	C	0.00000	0.99992	0.00008	0
107	K	0.00000	0.9999	0.00010	0
108	I	0.00000	0.99616	0.00384	0
109	H	0.00000	0.73101	0.26899	0
110	S	0.00000	0.45035	0.54965	0
111	S	0.00000	0.18427	0.81573	0
112	I	0.00000	0.00159	0.99841	0
113	D	0.00000	0.0002	0.99980	0
114	I	0.00000	0	1.00000	0
115	M	0.00000	0	1.00000	0
116	L	0.00000	0	1.00000	0
117	S	0.00000	0	1.00000	0
118	T	0.00000	0	1.00000	0
119	A	0.00000	0	1.00000	0
120	S	0.00000	0	1.00000	0
121	I	0.00000	0	1.00000	0
122	F	0.00000	0	1.00000	0
123	H	0.00000	0	1.00000	0
124	L	0.00000	0	1.00000	0
125	S	0.00001	0	0.99999	0
126	F	0.00001	0	0.99999	0
127	I	0.00001	0	0.99999	0
128	S	0.00005	0	0.99995	0
129	I	0.00010	0	0.99990	0
130	D	0.00064	0	0.99936	0
131	R	0.17541	0	0.82459	0
132	Y	0.92910	0	0.07090	0
133	Y	0.98146	0	0.01854	0
134	A	0.99805	0	0.00195	0
135	V	1.00000	0	0.00000	0
136	C	1.00000	0	0.00000	0
137	D	1.00000	0	0.00000	0
138	P	1.00000	0	0.00000	0
139	L	1.00000	0	0.00000	0
140	R	1.00000	0	0.00000	0
141	Y	1.00000	0	0.00000	0
142	K	1.00000	0	0.00000	0
143	T	0.99999	0	0.00001	0
144	K	0.99969	0	0.00031	0
145	I	0.82039	0	0.17961	0
146	T	0.80106	0	0.19894	0
147	A	0.57181	0	0.42819	0
148	F	0.16640	0	0.83360	0
149	V	0.04659	0	0.95341	0
150	T	0.02682	0	0.97318	0
151	L	0.00080	0	0.99920	0
152	I	0.00000	0	1.00000	0
153	M	0.00000	0	1.00000	0
154	I	0.00000	0	1.00000	0
155	S	0.00000	0	1.00000	0
156	M	0.00000	0	1.00000	0
157	S	0.00000	0	1.00000	0
158	W	0.00000	0	1.00000	0
159	I	0.00000	0	1.00000	0
160	V	0.00000	0	1.00000	0
161	S	0.00000	0	1.00000	0
162	A	0.00000	0	1.00000	0
163	V	0.00000	0	1.00000	0
164	F	0.00000	3e-05	0.99997	0
165	A	0.00000	0.00194	0.99806	0
166	F	0.00000	0.01762	0.98238	0
167	G	0.00000	0.13837	0.86163	0
168	M	0.00000	0.15763	0.84237	0
169	I	0.00000	0.25312	0.74688	0
170	F	0.00000	0.43297	0.56703	0
171	L	0.00000	0.67818	0.32182	0
172	D	0.00000	0.99918	0.00082	0
173	L	0.00000	0.99965	0.00035	0
174	N	0.00000	0.99998	0.00002	0
175	I	0.00000	0.99999	0.00001	0
176	K	0.00000	1	0.00000	0
177	G	0.00000	1	0.00000	0
178	D	0.00000	1	0.00000	0
179	E	0.00000	1	0.00000	0
180	D	0.00000	1	0.00000	0
181	F	0.00000	1	0.00000	0
182	Y	0.00000	1	0.00000	0
183	Y	0.00000	1	0.00000	0
184	Q	0.00000	1	0.00000	0
185	Y	0.00000	1	0.00000	0
186	V	0.00000	1	0.00000	0
187	V	0.00000	1	0.00000	0
188	C	0.00000	1	0.00000	0
189	A	0.00000	1	0.00000	0
190	G	0.00000	1	0.00000	0
191	G	0.00000	1	0.00000	0
192	C	0.00000	0.99994	0.00006	0
193	I	0.00000	0.58767	0.41233	0
194	V	0.00000	0.58616	0.41384	0
195	F	0.00000	0.58062	0.41938	0
196	F	0.00000	0.57877	0.42123	0
197	T	0.00000	0.57874	0.42126	0
198	K	0.00000	0.57869	0.42131	0
199	T	0.00000	0.57494	0.42506	0
200	S	0.00000	0.47639	0.52361	0
201	G	0.00000	0.46935	0.53065	0
202	V	0.00000	0.40488	0.59512	0
203	V	0.00000	0.01029	0.98971	0
204	A	0.00000	0.00629	0.99371	0
205	S	0.00000	0.00099	0.99901	0
206	L	0.00000	0.00046	0.99954	0
207	F	0.00000	0	1.00000	0
208	S	0.00000	0	1.00000	0
209	F	0.00000	0	1.00000	0
210	Y	0.00000	0	1.00000	0
211	I	0.00000	0	1.00000	0
212	P	0.00000	0	1.00000	0
213	G	0.00000	0	1.00000	0
214	V	0.00000	0	1.00000	0
215	I	0.00002	0	0.99998	0
216	M	0.00008	0	0.99992	0
217	V	0.00019	0	0.99981	0
218	C	0.00678	0	0.99322	0
219	I	0.04941	0	0.95059	0
220	Y	0.15198	0	0.84802	0
221	G	0.37363	0	0.62637	0
222	K	0.42311	0	0.57689	0
223	I	0.42396	0	0.57604	0
224	Y	0.42892	0	0.57108	0
225	L	0.46293	0	0.53707	0
226	V	0.50209	0	0.49791	0
227	A	0.95757	0	0.04243	0
228	R	0.99855	0	0.00145	0
229	D	1.00000	0	0.00000	0
230	Q	1.00000	0	0.00000	0
231	A	1.00000	0	0.00000	0
232	R	1.00000	0	0.00000	0
233	S	1.00000	0	0.00000	0
234	I	1.00000	0	0.00000	0
235	E	1.00000	0	0.00000	0
236	D	1.00000	0	0.00000	0
237	V	1.00000	0	0.00000	0
238	E	1.00000	0	0.00000	0
239	V	1.00000	0	0.00000	0
240	Q	1.00000	0	0.00000	0
241	T	1.00000	0	0.00000	0
242	A	1.00000	0	0.00000	0
243	E	1.00000	0	0.00000	0
244	Q	1.00000	0	0.00000	0
245	N	1.00000	0	0.00000	0
246	R	1.00000	0	0.00000	0
247	G	1.00000	0	0.00000	0
248	R	1.00000	0	0.00000	0
249	V	1.00000	0	0.00000	0
250	S	1.00000	0	0.00000	0
251	K	1.00000	0	0.00000	0
252	K	1.00000	0	0.00000	0
253	R	1.00000	0	0.00000	0
254	E	1.00000	0	0.00000	0
255	R	0.97655	0	0.02345	0
256	K	0.97498	0	0.02502	0
257	A	0.22832	0	0.77168	0
258	A	0.22578	0	0.77422	0
259	K	0.18825	0	0.81175	0
260	T	0.13176	0	0.86824	0
261	L	0.00190	0	0.99810	0
262	G	0.00017	0	0.99983	0
263	I	0.00001	0	0.99999	0
264	V	0.00000	0	1.00000	0
265	V	0.00000	0	1.00000	0
266	G	0.00000	0	1.00000	0
267	V	0.00000	0	1.00000	0
268	F	0.00000	0	1.00000	0
269	L	0.00000	0	1.00000	0
270	F	0.00000	0	1.00000	0
271	C	0.00000	0	1.00000	0
272	W	0.00000	0	1.00000	0
273	S	0.00000	0	1.00000	0
274	P	0.00000	0	1.00000	0
275	F	0.00000	0	1.00000	0
276	F	0.00000	4e-05	0.99996	0
277	V	0.00000	0.01203	0.98797	0
278	C	0.00000	0.13968	0.86032	0
279	N	0.00000	0.18814	0.81186	0
280	L	0.00000	0.20917	0.79083	0
281	M	0.00000	0.31341	0.68659	0
282	D	0.00000	0.9106	0.08940	0
283	P	0.00000	0.91232	0.08768	0
284	F	0.00000	0.91708	0.08292	0
285	L	0.00000	0.93454	0.06546	0
286	N	0.00000	0.99089	0.00911	0
287	Y	0.00000	0.99376	0.00624	0
288	K	0.00000	0.99989	0.00011	0
289	T	0.00000	0.99996	0.00004	0
290	P	0.00000	0.99994	0.00006	0
291	S	0.00000	0.99957	0.00043	0
292	L	0.00000	0.99595	0.00405	0
293	L	0.00000	0.99346	0.00654	0
294	F	0.00000	0.99255	0.00745	0
295	D	0.00000	0.95201	0.04799	0
296	A	0.00000	0.0652	0.93480	0
297	L	0.00000	0.01527	0.98473	0
298	I	0.00000	0.0039	0.99610	0
299	W	0.00000	0.00033	0.99967	0
300	F	0.00000	0	1.00000	0
301	G	0.00000	0	1.00000	0
302	Y	0.00000	0	1.00000	0
303	L	0.00000	0	1.00000	0
304	N	0.00000	0	1.00000	0
305	S	0.00000	0	1.00000	0
306	A	0.00000	0	1.00000	0
307	C	0.00000	0	1.00000	0
308	N	0.00000	0	1.00000	0
309	P	0.00000	0	1.00000	0
310	I	0.00000	0	1.00000	0
311	V	0.00000	0	1.00000	0
312	Y	0.00002	0	0.99998	0
313	G	0.00012	0	0.99988	0
314	F	0.00036	0	0.99964	0
315	F	0.00341	0	0.99659	0
316	Y	0.06223	0	0.93777	0
317	T	0.42200	0	0.57800	0
318	W	0.60985	0	0.39015	0
319	F	0.74666	0	0.25334	0
320	Q	0.99892	0	0.00108	0
321	K	1.00000	0	0.00000	0
322	A	1.00000	0	0.00000	0
323	L	1.00000	0	0.00000	0
324	K	1.00000	0	0.00000	0
325	V	1.00000	0	0.00000	0
326	I	1.00000	0	0.00000	0
327	I	1.00000	0	0.00000	0
328	S	1.00000	0	0.00000	0
329	G	1.00000	0	0.00000	0
330	R	1.00000	0	0.00000	0
331	I	1.00000	0	0.00000	0
332	L	1.00000	0	0.00000	0
333	H	1.00000	0	0.00000	0
334	R	1.00000	0	0.00000	0
335	D	1.00000	0	0.00000	0
336	S	1.00000	0	0.00000	0
337	S	1.00000	0	0.00000	0
338	R	1.00000	0	0.00000	0
339	L	1.00000	0	0.00000	0
340	I	1.00000	0	0.00000	0
341	L	1.00000	0	0.00000	0
342	F	1.00000	0	0.00000	0
343	S	1.00000	0	0.00000	0
344	D	1.00000	0	0.00000	0
