# UNNAMED
#pos	aa	i	o	M	S
1	M	0.00000	0.99989	0.00000	0.00011
2	V	0.00000	0.99989	0.00000	0.00011
3	N	0.00000	0.99989	0.00000	0.00011
4	N	0.00000	0.99989	0.00000	0.00011
5	F	0.00000	0.99989	0.00000	0.00011
6	S	0.00000	0.99989	0.00000	0.00011
7	Q	0.00000	0.99989	0.00000	0.00011
8	A	0.00000	0.99989	0.00000	0.00011
9	E	0.00000	0.99989	0.00000	0.00011
10	A	0.00000	0.99989	0.00000	0.00011
11	V	0.00000	0.99989	0.00000	0.00011
12	E	0.00000	0.99989	0.00000	0.00012
13	L	0.00000	0.99989	0.00000	0.00012
14	C	0.00000	0.99992	0.00000	9e-05
15	Y	0.00000	0.99992	0.00000	9e-05
16	E	0.00000	0.99992	0.00000	9e-05
17	H	0.00000	1	0.00000	1e-05
18	V	0.00000	0.99999	0.00000	1e-05
19	N	0.00000	0.99999	0.00000	1e-05
20	G	0.00000	0.99999	0.00000	1e-05
21	S	0.00000	0.99999	0.00000	1e-05
22	C	0.00000	0.99999	0.00000	1e-05
23	V	0.00000	1	0.00000	0
24	K	0.00000	1	0.00000	0
25	M	0.00000	1	0.00000	0
26	P	0.00000	1	0.00000	0
27	Y	0.00000	1	0.00000	0
28	S	0.00000	1	0.00000	0
29	P	0.00000	1	0.00000	0
30	G	0.00000	0.99999	0.00001	0
31	P	0.00000	0.99997	0.00003	0
32	R	0.00000	0.99414	0.00586	0
33	A	0.00000	0.7154	0.28460	0
34	I	0.00000	0.11196	0.88804	0
35	L	0.00000	0.03227	0.96773	0
36	Y	0.00000	0.00721	0.99279	0
37	A	0.00000	0.00211	0.99789	0
38	F	0.00000	0.00045	0.99955	0
39	L	0.00000	0.00018	0.99982	0
40	G	0.00000	7e-05	0.99993	0
41	L	0.00000	1e-05	0.99999	0
42	G	0.00000	0	1.00000	0
43	A	0.00000	0	1.00000	0
44	V	0.00000	0	1.00000	0
45	L	0.00000	0	1.00000	0
46	A	0.00000	0	1.00000	0
47	V	0.00000	0	1.00000	0
48	F	0.00000	0	1.00000	0
49	G	0.00000	0	1.00000	0
50	N	0.00000	0	1.00000	0
51	L	0.00000	0	1.00000	0
52	L	0.00000	0	1.00000	0
53	V	0.00000	0	1.00000	0
54	I	0.00006	0	0.99994	0
55	T	0.00677	0	0.99323	0
56	A	0.02085	0	0.97915	0
57	I	0.04853	0	0.95147	0
58	L	0.27165	0	0.72835	0
59	H	0.65868	0	0.34132	0
60	F	0.72752	0	0.27248	0
61	K	0.99776	0	0.00224	0
62	Q	0.99999	0	0.00001	0
63	L	1.00000	0	0.00000	0
64	H	1.00000	0	0.00000	0
65	T	1.00000	0	0.00000	0
66	P	1.00000	0	0.00000	0
67	T	0.63188	0	0.36812	0
68	N	0.10658	0	0.89342	0
69	F	0.01348	0	0.98652	0
70	L	0.00017	0	0.99983	0
71	I	0.00000	0	1.00000	0
72	A	0.00000	0	1.00000	0
73	S	0.00000	0	1.00000	0
74	L	0.00000	0	1.00000	0
75	A	0.00000	0	1.00000	0
76	C	0.00000	0	1.00000	0
77	A	0.00000	0	1.00000	0
78	D	0.00000	0	1.00000	0
79	F	0.00000	0	1.00000	0
80	L	0.00000	0	1.00000	0
81	V	0.00000	0	1.00000	0
82	G	0.00000	0	1.00000	0
83	V	0.00000	0	1.00000	0
84	T	0.00000	0	1.00000	0
85	V	0.00000	5e-05	0.99995	0
86	M	0.00000	0.00306	0.99694	0
87	P	0.00000	0.05549	0.94451	0
88	F	0.00000	0.16623	0.83377	0
89	S	0.00000	0.68534	0.31466	0
90	T	0.00000	0.86438	0.13562	0
91	V	0.00000	0.92063	0.07937	0
92	R	0.00000	0.99998	0.00002	0
93	S	0.00000	0.99999	0.00001	0
94	V	0.00000	0.99999	0.00001	0
95	E	0.00000	1	0.00000	0
96	S	0.00000	1	0.00000	0
97	C	0.00000	1	0.00000	0
98	W	0.00000	1	0.00000	0
99	Y	0.00000	1	0.00000	0
100	F	0.00000	1	0.00000	0
101	G	0.00000	1	0.00000	0
102	E	0.00000	1	0.00000	0
103	S	0.00000	1	0.00000	0
104	Y	0.00000	0.99991	0.00009	0
105	C	0.00000	0.99985	0.00015	0
106	K	0.00000	0.99977	0.00023	0
107	F	0.00000	0.98777	0.01223	0
108	H	0.00000	0.34221	0.65779	0
109	T	0.00000	0.21071	0.78929	0
110	C	0.00000	0.17127	0.82873	0
111	F	0.00000	0.00054	0.99946	0
112	D	0.00000	0.00026	0.99974	0
113	T	0.00000	4e-05	0.99996	0
114	S	0.00000	0	1.00000	0
115	F	0.00000	0	1.00000	0
116	C	0.00000	0	1.00000	0
117	F	0.00000	0	1.00000	0
118	A	0.00000	0	1.00000	0
119	S	0.00000	0	1.00000	0
120	L	0.00000	0	1.00000	0
121	L	0.00000	0	1.00000	0
122	H	0.00000	0	1.00000	0
123	V	0.00000	0	1.00000	0
124	C	0.00000	0	1.00000	0
125	C	0.00000	0	1.00000	0
126	I	0.00000	0	1.00000	0
127	S	0.00001	0	0.99999	0
128	I	0.00005	0	0.99995	0
129	D	0.00027	0	0.99973	0
130	R	0.10497	0	0.89503	0
131	Y	0.92725	0	0.07275	0
132	I	0.98512	0	0.01488	0
133	A	0.99740	0	0.00260	0
134	V	1.00000	0	0.00000	0
135	T	1.00000	0	0.00000	0
136	D	1.00000	0	0.00000	0
137	P	1.00000	0	0.00000	0
138	L	1.00000	0	0.00000	0
139	T	1.00000	0	0.00000	0
140	Y	1.00000	0	0.00000	0
141	P	1.00000	0	0.00000	0
142	T	0.99996	0	0.00004	0
143	K	0.99947	0	0.00053	0
144	F	0.78328	0	0.21672	0
145	T	0.73659	0	0.26341	0
146	V	0.58512	0	0.41488	0
147	S	0.49452	0	0.50548	0
148	V	0.24604	0	0.75396	0
149	S	0.22141	0	0.77859	0
150	G	0.07558	0	0.92442	0
151	I	0.00166	0	0.99834	0
152	C	0.00000	0	1.00000	0
153	I	0.00000	0	1.00000	0
154	V	0.00000	0	1.00000	0
155	L	0.00000	0	1.00000	0
156	S	0.00000	0	1.00000	0
157	W	0.00000	0	1.00000	0
158	F	0.00000	0	1.00000	0
159	F	0.00000	0	1.00000	0
160	S	0.00000	0	1.00000	0
161	V	0.00000	0	1.00000	0
162	T	0.00000	2e-05	0.99998	0
163	Y	0.00000	0.0011	0.99890	0
164	S	0.00000	0.01484	0.98516	0
165	F	0.00000	0.03238	0.96762	0
166	S	0.00000	0.1766	0.82340	0
167	V	0.00000	0.24367	0.75633	0
168	F	0.00000	0.38461	0.61539	0
169	Y	0.00000	0.549	0.45100	0
170	T	0.00000	0.76976	0.23024	0
171	G	0.00000	0.87721	0.12279	0
172	A	0.00000	0.91957	0.08043	0
173	N	0.00000	0.99652	0.00348	0
174	E	0.00000	0.99999	0.00001	0
175	E	0.00000	1	0.00000	0
176	G	0.00000	1	0.00000	0
177	I	0.00000	1	0.00000	0
178	E	0.00000	1	0.00000	0
179	E	0.00000	1	0.00000	0
180	L	0.00000	1	0.00000	0
181	V	0.00000	1	0.00000	0
182	V	0.00000	1	0.00000	0
183	A	0.00000	1	0.00000	0
184	L	0.00000	1	0.00000	0
185	T	0.00000	1	0.00000	0
186	C	0.00000	1	0.00000	0
187	I	0.00000	1	0.00000	0
188	G	0.00000	1	0.00000	0
189	G	0.00000	1	0.00000	0
190	C	0.00000	0.99995	0.00005	0
191	Q	0.00000	0.99952	0.00048	0
192	A	0.00000	0.95836	0.04164	0
193	P	0.00000	0.95428	0.04572	0
194	L	0.00000	0.93993	0.06007	0
195	N	0.00000	0.93947	0.06053	0
196	Q	0.00000	0.93464	0.06536	0
197	N	0.00000	0.40484	0.59516	0
198	W	0.00000	0.24627	0.75373	0
199	V	0.00000	0.05013	0.94987	0
200	L	0.00000	0.01374	0.98626	0
201	L	0.00000	0.00308	0.99692	0
202	C	0.00000	0.00221	0.99779	0
203	F	0.00000	0.00108	0.99892	0
204	F	0.00000	0	1.00000	0
205	L	0.00000	0	1.00000	0
206	F	0.00000	0	1.00000	0
207	F	0.00000	0	1.00000	0
208	I	0.00000	0	1.00000	0
209	P	0.00000	0	1.00000	0
210	T	0.00000	0	1.00000	0
211	V	0.00000	0	1.00000	0
212	A	0.00000	0	1.00000	0
213	M	0.00000	0	1.00000	0
214	V	0.00000	0	1.00000	0
215	I	0.00007	0	0.99993	0
216	I	0.00132	0	0.99868	0
217	Y	0.00806	0	0.99194	0
218	G	0.04578	0	0.95422	0
219	K	0.07623	0	0.92377	0
220	I	0.07860	0	0.92140	0
221	F	0.09611	0	0.90389	0
222	L	0.24020	0	0.75980	0
223	V	0.34130	0	0.65870	0
224	A	0.96572	0	0.03428	0
225	K	0.99889	0	0.00111	0
226	H	0.99963	0	0.00037	0
227	Q	0.99998	0	0.00002	0
228	A	0.99999	0	0.00001	0
229	R	1.00000	0	0.00000	0
230	K	1.00000	0	0.00000	0
231	I	1.00000	0	0.00000	0
232	E	1.00000	0	0.00000	0
233	S	1.00000	0	0.00000	0
234	T	1.00000	0	0.00000	0
235	A	1.00000	0	0.00000	0
236	S	1.00000	0	0.00000	0
237	Q	1.00000	0	0.00000	0
238	A	1.00000	0	0.00000	0
239	P	1.00000	0	0.00000	0
240	S	1.00000	0	0.00000	0
241	S	1.00000	0	0.00000	0
242	S	1.00000	0	0.00000	0
243	E	1.00000	0	0.00000	0
244	S	1.00000	0	0.00000	0
245	Y	1.00000	0	0.00000	0
246	K	1.00000	0	0.00000	0
247	E	1.00000	0	0.00000	0
248	R	1.00000	0	0.00000	0
249	V	1.00000	0	0.00000	0
250	A	1.00000	0	0.00000	0
251	K	1.00000	0	0.00000	0
252	R	1.00000	0	0.00000	0
253	E	1.00000	0	0.00000	0
254	R	0.92357	0	0.07643	0
255	K	0.92007	0	0.07993	0
256	A	0.08963	0	0.91037	0
257	A	0.08850	0	0.91150	0
258	K	0.08307	0	0.91693	0
259	T	0.04762	0	0.95238	0
260	L	0.02027	0	0.97973	0
261	G	0.01205	0	0.98795	0
262	I	0.00824	0	0.99176	0
263	A	0.00815	0	0.99185	0
264	M	0.00350	0	0.99650	0
265	A	0.00005	0	0.99995	0
266	A	0.00000	0	1.00000	0
267	F	0.00000	0	1.00000	0
268	L	0.00000	0	1.00000	0
269	V	0.00000	0	1.00000	0
270	S	0.00000	0	1.00000	0
271	W	0.00000	0	1.00000	0
272	L	0.00000	0	1.00000	0
273	P	0.00000	3e-05	0.99997	0
274	Y	0.00000	0.00017	0.99983	0
275	I	0.00000	0.00164	0.99836	0
276	I	0.00000	0.04999	0.95001	0
277	D	0.00000	0.75031	0.24969	0
278	A	0.00000	0.75415	0.24585	0
279	V	0.00000	0.78696	0.21304	0
280	I	0.00000	0.81774	0.18226	0
281	D	0.00000	0.95395	0.04605	0
282	A	0.00000	0.95433	0.04567	0
283	Y	0.00000	0.95756	0.04244	0
284	L	0.00000	0.95983	0.04017	0
285	N	0.00000	0.96955	0.03045	0
286	F	0.00000	0.97057	0.02943	0
287	I	0.00000	0.98146	0.01854	0
288	T	0.00000	0.99801	0.00199	0
289	P	0.00000	0.99965	0.00035	0
290	P	0.00000	0.99991	0.00009	0
291	Y	0.00000	0.99976	0.00024	0
292	V	0.00000	0.99877	0.00123	0
293	Y	0.00000	0.99769	0.00231	0
294	E	0.00000	0.68401	0.31599	0
295	I	0.00000	0.34545	0.65455	0
296	L	0.00000	0.07634	0.92366	0
297	V	0.00000	0.01261	0.98739	0
298	W	0.00000	0.00091	0.99909	0
299	C	0.00000	3e-05	0.99997	0
300	V	0.00000	0	1.00000	0
301	Y	0.00000	0	1.00000	0
302	Y	0.00000	0	1.00000	0
303	N	0.00001	0	0.99999	0
304	S	0.00001	0	0.99999	0
305	A	0.00001	0	0.99999	0
306	M	0.00001	0	0.99999	0
307	N	0.00001	0	0.99999	0
308	P	0.00001	0	0.99999	0
309	L	0.00001	0	0.99999	0
310	I	0.00001	0	0.99999	0
311	Y	0.00001	0	0.99999	0
312	A	0.00003	0	0.99997	0
313	F	0.00009	0	0.99991	0
314	F	0.00208	0	0.99792	0
315	Y	0.04243	0	0.95757	0
316	P	0.14535	0	0.85465	0
317	W	0.22869	0	0.77131	0
318	F	0.76926	0	0.23074	0
319	Q	0.99885	0	0.00115	0
320	K	1.00000	0	0.00000	0
321	A	1.00000	0	0.00000	0
322	I	1.00000	0	0.00000	0
323	K	1.00000	0	0.00000	0
324	L	1.00000	0	0.00000	0
325	I	1.00000	0	0.00000	0
326	V	1.00000	0	0.00000	0
327	S	1.00000	0	0.00000	0
328	G	1.00000	0	0.00000	0
329	K	1.00000	0	0.00000	0
330	V	1.00000	0	0.00000	0
331	F	1.00000	0	0.00000	0
332	R	1.00000	0	0.00000	0
333	S	1.00000	0	0.00000	0
334	D	1.00000	0	0.00000	0
335	S	1.00000	0	0.00000	0
336	S	1.00000	0	0.00000	0
337	T	1.00000	0	0.00000	0
338	I	1.00000	0	0.00000	0
339	N	1.00000	0	0.00000	0
340	L	1.00000	0	0.00000	0
341	F	1.00000	0	0.00000	0
342	S	1.00000	0	0.00000	0
343	E	1.00000	0	0.00000	0
344	E	1.00000	0	0.00000	0
345	A	1.00000	0	0.00000	0
346	D	1.00000	0	0.00000	0
347	I	1.00000	0	0.00000	0
348	D	1.00000	0	0.00000	0
349	E	1.00000	0	0.00000	0
350	Q	1.00000	0	0.00000	0
351	D	1.00000	0	0.00000	0
352	Y	1.00000	0	0.00000	0
353	S	1.00000	0	0.00000	0
354	R	1.00000	0	0.00000	0
355	D	1.00000	0	0.00000	0
356	F	1.00000	0	0.00000	0
357	K	1.00000	0	0.00000	0
358	I	1.00000	0	0.00000	0
359	N	1.00000	0	0.00000	0
360	M	1.00000	0	0.00000	0
361	E	1.00000	0	0.00000	0
362	L	1.00000	0	0.00000	0
363	R	1.00000	0	0.00000	0
364	S	1.00000	0	0.00000	0
365	S	1.00000	0	0.00000	0
366	A	1.00000	0	0.00000	0
367	K	1.00000	0	0.00000	0
368	L	1.00000	0	0.00000	0
369	N	1.00000	0	0.00000	0
370	T	1.00000	0	0.00000	0
