# UNNAMED
#pos	aa	i	o	M	S
1	M	0.00000	0.99195	0.00000	0.00805
2	G	0.00000	0.99195	0.00000	0.00805
3	I	0.00000	0.99195	0.00000	0.00805
4	R	0.00000	0.99195	0.00000	0.00805
5	S	0.00000	0.99195	0.00000	0.00805
6	T	0.00000	0.99195	0.00000	0.00805
7	Y	0.00000	0.99195	0.00000	0.00806
8	T	0.00000	0.99195	0.00000	0.00806
9	S	0.00000	0.99195	0.00000	0.00805
10	R	0.00000	0.99195	0.00000	0.00806
11	I	0.00000	0.99195	0.00000	0.00805
12	L	0.00000	0.99195	0.00000	0.00805
13	Q	0.00000	0.99195	0.00000	0.00806
14	Q	0.00000	0.99209	0.00000	0.00792
15	N	0.00000	0.9921	0.00000	0.00791
16	I	0.00000	0.99209	0.00000	0.00791
17	V	0.00000	0.99209	0.00000	0.00791
18	T	0.00000	0.99209	0.00000	0.00791
19	A	0.00000	0.99209	0.00000	0.00791
20	S	0.00000	0.99947	0.00000	0.00052
21	P	0.00000	0.99948	0.00000	0.00052
22	V	0.00000	0.99948	0.00000	0.00052
23	P	0.00000	0.99948	0.00000	0.00052
24	T	0.00000	0.99948	0.00000	0.00052
25	W	0.00000	1	0.00000	0
26	D	0.00000	1	0.00000	0
27	G	0.00000	1	0.00000	0
28	P	0.00000	1	0.00000	0
29	P	0.00000	1	0.00000	0
30	D	0.00000	1	0.00000	0
31	N	0.00000	1	0.00000	0
32	A	0.00000	1	0.00000	0
33	S	0.00000	1	0.00000	0
34	G	0.00000	1	0.00000	0
35	C	0.00000	1	0.00000	0
36	G	0.00000	1	0.00000	0
37	E	0.00000	1	0.00000	0
38	Q	0.00000	1	0.00000	0
39	I	0.00000	1	0.00000	0
40	N	0.00000	1	0.00000	0
41	Y	0.00000	1	0.00000	0
42	G	0.00000	1	0.00000	0
43	R	0.00000	0.99999	0.00001	0
44	V	0.00000	0.99964	0.00036	0
45	E	0.00000	0.99918	0.00082	0
46	K	0.00000	0.99005	0.00995	0
47	V	0.00000	0.73417	0.26583	0
48	V	0.00000	0.46504	0.53496	0
49	I	0.00000	0.37985	0.62015	0
50	G	0.00000	0.35332	0.64668	0
51	S	0.00000	0.31588	0.68412	0
52	I	0.00000	0.06453	0.93547	0
53	L	0.00000	0.01501	0.98499	0
54	T	0.00000	0.00322	0.99678	0
55	L	0.00000	0.00063	0.99937	0
56	I	0.00000	2e-05	0.99998	0
57	T	0.00000	0	1.00000	0
58	L	0.00000	0	1.00000	0
59	L	0.00000	0	1.00000	0
60	T	0.00000	0	1.00000	0
61	I	0.00000	0	1.00000	0
62	A	0.00000	0	1.00000	0
63	G	0.00000	0	1.00000	0
64	N	0.00000	0	1.00000	0
65	C	0.00000	0	1.00000	0
66	L	0.00000	0	1.00000	0
67	V	0.00000	0	1.00000	0
68	V	0.00002	0	0.99998	0
69	I	0.00100	0	0.99900	0
70	S	0.09084	0	0.90916	0
71	V	0.11375	0	0.88625	0
72	C	0.18837	0	0.81163	0
73	F	0.29269	0	0.70731	0
74	V	0.65861	0	0.34139	0
75	K	0.98827	0	0.01173	0
76	K	0.99989	0	0.00011	0
77	L	0.99996	0	0.00004	0
78	R	1.00000	0	0.00000	0
79	Q	1.00000	0	0.00000	0
80	P	1.00000	0	0.00000	0
81	S	0.90650	0	0.09350	0
82	N	0.26145	0	0.73855	0
83	Y	0.09796	0	0.90204	0
84	L	0.00141	0	0.99859	0
85	I	0.00006	0	0.99994	0
86	V	0.00000	0	1.00000	0
87	S	0.00000	0	1.00000	0
88	L	0.00000	0	1.00000	0
89	A	0.00000	0	1.00000	0
90	L	0.00000	0	1.00000	0
91	A	0.00000	0	1.00000	0
92	D	0.00000	0	1.00000	0
93	L	0.00000	0	1.00000	0
94	S	0.00000	0	1.00000	0
95	V	0.00000	0	1.00000	0
96	A	0.00000	0	1.00000	0
97	V	0.00000	0	1.00000	0
98	A	0.00000	0	1.00000	0
99	V	0.00000	0	1.00000	0
100	M	0.00000	6e-05	0.99994	0
101	P	0.00000	0.00153	0.99847	0
102	F	0.00000	0.01767	0.98233	0
103	V	0.00000	0.10586	0.89414	0
104	S	0.00000	0.73901	0.26099	0
105	V	0.00000	0.84081	0.15919	0
106	T	0.00000	0.99993	0.00007	0
107	D	0.00000	0.99998	0.00002	0
108	L	0.00000	0.99998	0.00002	0
109	I	0.00000	0.99998	0.00002	0
110	G	0.00000	0.99999	0.00001	0
111	G	0.00000	1	0.00000	0
112	K	0.00000	1	0.00000	0
113	W	0.00000	1	0.00000	0
114	I	0.00000	0.99998	0.00002	0
115	F	0.00000	0.99992	0.00008	0
116	G	0.00000	0.99991	0.00009	0
117	H	0.00000	0.99991	0.00009	0
118	F	0.00000	0.9999	0.00010	0
119	F	0.00000	0.99989	0.00011	0
120	C	0.00000	0.99989	0.00011	0
121	N	0.00000	0.99981	0.00019	0
122	V	0.00000	0.99173	0.00827	0
123	F	0.00000	0.33441	0.66559	0
124	I	0.00000	0.03288	0.96712	0
125	A	0.00000	0.00077	0.99923	0
126	M	0.00000	1e-05	0.99999	0
127	D	0.00000	0	1.00000	0
128	V	0.00000	0	1.00000	0
129	M	0.00000	0	1.00000	0
130	C	0.00000	0	1.00000	0
131	C	0.00000	0	1.00000	0
132	T	0.00000	0	1.00000	0
133	A	0.00000	0	1.00000	0
134	S	0.00000	0	1.00000	0
135	I	0.00000	0	1.00000	0
136	M	0.00000	0	1.00000	0
137	T	0.00000	0	1.00000	0
138	L	0.00000	0	1.00000	0
139	C	0.00000	0	1.00000	0
140	V	0.00000	0	1.00000	0
141	I	0.00000	0	1.00000	0
142	S	0.00000	0	1.00000	0
143	I	0.00005	0	0.99995	0
144	D	0.00019	0	0.99981	0
145	R	0.20734	0	0.79266	0
146	Y	0.59990	0	0.40010	0
147	L	0.93952	0	0.06048	0
148	G	0.99502	0	0.00498	0
149	I	1.00000	0	0.00000	0
150	T	1.00000	0	0.00000	0
151	R	1.00000	0	0.00000	0
152	P	1.00000	0	0.00000	0
153	L	1.00000	0	0.00000	0
154	T	1.00000	0	0.00000	0
155	Y	1.00000	0	0.00000	0
156	P	1.00000	0	0.00000	0
157	V	1.00000	0	0.00000	0
158	R	1.00000	0	0.00000	0
159	Q	1.00000	0	0.00000	0
160	N	0.99996	0	0.00004	0
161	G	0.99971	0	0.00029	0
162	K	0.98995	0	0.01005	0
163	C	0.02308	0	0.97692	0
164	M	0.01848	0	0.98152	0
165	A	0.01514	0	0.98486	0
166	K	0.01449	0	0.98551	0
167	M	0.00213	0	0.99787	0
168	I	0.00043	0	0.99957	0
169	L	0.00001	0	0.99999	0
170	S	0.00000	0	1.00000	0
171	V	0.00000	0	1.00000	0
172	W	0.00000	0	1.00000	0
173	L	0.00000	0	1.00000	0
174	L	0.00000	0	1.00000	0
175	S	0.00000	0	1.00000	0
176	A	0.00000	0	1.00000	0
177	S	0.00000	0	1.00000	0
178	I	0.00000	0	1.00000	0
179	T	0.00000	0	1.00000	0
180	L	0.00000	0	1.00000	0
181	P	0.00000	0.00047	0.99953	0
182	P	0.00000	0.00405	0.99595	0
183	L	0.00000	0.01835	0.98165	0
184	F	0.00000	0.17764	0.82236	0
185	G	0.00000	0.83239	0.16761	0
186	W	0.00000	0.90884	0.09116	0
187	A	0.00000	0.95267	0.04733	0
188	Q	0.00000	0.99766	0.00234	0
189	N	0.00000	0.99975	0.00025	0
190	V	0.00000	0.99984	0.00016	0
191	N	0.00000	1	0.00000	0
192	D	0.00000	1	0.00000	0
193	D	0.00000	1	0.00000	0
194	K	0.00000	1	0.00000	0
195	V	0.00000	1	0.00000	0
196	C	0.00000	1	0.00000	0
197	L	0.00000	1	0.00000	0
198	I	0.00000	1	0.00000	0
199	S	0.00000	1	0.00000	0
200	Q	0.00000	0.99999	0.00001	0
201	D	0.00000	0.99997	0.00003	0
202	F	0.00000	0.83868	0.16132	0
203	G	0.00000	0.55876	0.44124	0
204	Y	0.00000	0.38744	0.61256	0
205	T	0.00000	0.26782	0.73218	0
206	I	0.00000	0.02803	0.97197	0
207	Y	0.00000	0.00946	0.99054	0
208	S	0.00000	0.00788	0.99212	0
209	T	0.00000	0.00263	0.99737	0
210	A	0.00000	0.00194	0.99806	0
211	V	0.00000	1e-05	0.99999	0
212	A	0.00000	0	1.00000	0
213	F	0.00000	0	1.00000	0
214	Y	0.00000	0	1.00000	0
215	I	0.00000	0	1.00000	0
216	P	0.00000	0	1.00000	0
217	M	0.00000	0	1.00000	0
218	S	0.00000	0	1.00000	0
219	V	0.00000	0	1.00000	0
220	M	0.00000	0	1.00000	0
221	L	0.00000	0	1.00000	0
222	F	0.00000	0	1.00000	0
223	M	0.00001	0	0.99999	0
224	Y	0.00043	0	0.99957	0
225	Y	0.01147	0	0.98853	0
226	Q	0.23262	0	0.76738	0
227	I	0.24085	0	0.75915	0
228	Y	0.30884	0	0.69116	0
229	K	0.98222	0	0.01778	0
230	A	0.98962	0	0.01038	0
231	A	0.99144	0	0.00856	0
232	R	0.99897	0	0.00103	0
233	K	0.99998	0	0.00002	0
234	S	1.00000	0	0.00000	0
235	A	1.00000	0	0.00000	0
236	A	1.00000	0	0.00000	0
237	K	1.00000	0	0.00000	0
238	H	1.00000	0	0.00000	0
239	K	1.00000	0	0.00000	0
240	F	1.00000	0	0.00000	0
241	P	1.00000	0	0.00000	0
242	G	1.00000	0	0.00000	0
243	F	1.00000	0	0.00000	0
244	P	1.00000	0	0.00000	0
245	R	1.00000	0	0.00000	0
246	H	1.00000	0	0.00000	0
247	P	1.00000	0	0.00000	0
248	E	1.00000	0	0.00000	0
249	P	1.00000	0	0.00000	0
250	D	1.00000	0	0.00000	0
251	S	1.00000	0	0.00000	0
252	I	1.00000	0	0.00000	0
253	I	1.00000	0	0.00000	0
254	S	1.00000	0	0.00000	0
255	L	1.00000	0	0.00000	0
256	N	1.00000	0	0.00000	0
257	G	1.00000	0	0.00000	0
258	M	1.00000	0	0.00000	0
259	V	1.00000	0	0.00000	0
260	K	1.00000	0	0.00000	0
261	L	1.00000	0	0.00000	0
262	Q	1.00000	0	0.00000	0
263	K	1.00000	0	0.00000	0
264	E	1.00000	0	0.00000	0
265	V	1.00000	0	0.00000	0
266	E	1.00000	0	0.00000	0
267	E	1.00000	0	0.00000	0
268	C	1.00000	0	0.00000	0
269	A	1.00000	0	0.00000	0
270	N	1.00000	0	0.00000	0
271	L	1.00000	0	0.00000	0
272	S	1.00000	0	0.00000	0
273	R	1.00000	0	0.00000	0
274	L	1.00000	0	0.00000	0
275	L	1.00000	0	0.00000	0
276	K	1.00000	0	0.00000	0
277	H	1.00000	0	0.00000	0
278	E	1.00000	0	0.00000	0
279	R	1.00000	0	0.00000	0
280	K	1.00000	0	0.00000	0
281	N	1.00000	0	0.00000	0
282	I	1.00000	0	0.00000	0
283	S	1.00000	0	0.00000	0
284	I	1.00000	0	0.00000	0
285	F	1.00000	0	0.00000	0
286	K	1.00000	0	0.00000	0
287	R	1.00000	0	0.00000	0
288	E	1.00000	0	0.00000	0
289	Q	0.99354	0	0.00646	0
290	K	0.99181	0	0.00819	0
291	A	0.14555	0	0.85445	0
292	A	0.14301	0	0.85699	0
293	T	0.14138	0	0.85862	0
294	T	0.10279	0	0.89721	0
295	L	0.00145	0	0.99855	0
296	G	0.00051	0	0.99949	0
297	I	0.00025	0	0.99975	0
298	I	0.00002	0	0.99998	0
299	V	0.00000	0	1.00000	0
300	G	0.00000	0	1.00000	0
301	A	0.00000	0	1.00000	0
302	F	0.00000	0	1.00000	0
303	T	0.00000	0	1.00000	0
304	V	0.00000	0	1.00000	0
305	C	0.00000	0	1.00000	0
306	W	0.00000	0	1.00000	0
307	L	0.00000	0	1.00000	0
308	P	0.00000	0	1.00000	0
309	F	0.00000	0	1.00000	0
310	F	0.00000	0	1.00000	0
311	L	0.00000	0.00066	0.99934	0
312	L	0.00000	0.01412	0.98588	0
313	S	0.00000	0.15689	0.84311	0
314	T	0.00000	0.3936	0.60640	0
315	A	0.00000	0.53996	0.46004	0
316	R	0.00000	0.87852	0.12148	0
317	P	0.00000	0.89492	0.10508	0
318	F	0.00000	0.89944	0.10056	0
319	I	0.00000	0.92499	0.07501	0
320	C	0.00000	0.99635	0.00365	0
321	G	0.00000	0.99995	0.00005	0
322	T	0.00000	0.99998	0.00002	0
323	S	0.00000	1	0.00000	0
324	C	0.00000	1	0.00000	0
325	S	0.00000	1	0.00000	0
326	C	0.00000	1	0.00000	0
327	I	0.00000	1	0.00000	0
328	P	0.00000	0.99999	0.00001	0
329	L	0.00000	0.99037	0.00963	0
330	W	0.00000	0.98586	0.01414	0
331	V	0.00000	0.98342	0.01658	0
332	E	0.00000	0.98229	0.01771	0
333	R	0.00000	0.68845	0.31155	0
334	T	0.00000	0.02404	0.97596	0
335	F	0.00000	0.00091	0.99909	0
336	L	0.00000	0	1.00000	0
337	W	0.00000	0	1.00000	0
338	L	0.00000	0	1.00000	0
339	G	0.00000	0	1.00000	0
340	Y	0.00000	0	1.00000	0
341	A	0.00000	0	1.00000	0
342	N	0.00000	0	1.00000	0
343	S	0.00000	0	1.00000	0
344	L	0.00000	0	1.00000	0
345	I	0.00000	0	1.00000	0
346	N	0.00000	0	1.00000	0
347	P	0.00000	0	1.00000	0
348	F	0.00000	0	1.00000	0
349	I	0.00001	0	0.99999	0
350	Y	0.00010	0	0.99990	0
351	A	0.00041	0	0.99959	0
352	F	0.00090	0	0.99910	0
353	F	0.08309	0	0.91691	0
354	N	0.53790	0	0.46210	0
355	R	1.00000	0	0.00000	0
356	D	1.00000	0	0.00000	0
357	L	1.00000	0	0.00000	0
358	R	1.00000	0	0.00000	0
359	T	1.00000	0	0.00000	0
360	T	1.00000	0	0.00000	0
361	Y	1.00000	0	0.00000	0
362	R	1.00000	0	0.00000	0
363	S	1.00000	0	0.00000	0
364	L	1.00000	0	0.00000	0
365	L	1.00000	0	0.00000	0
366	Q	1.00000	0	0.00000	0
367	C	1.00000	0	0.00000	0
368	Q	1.00000	0	0.00000	0
369	Y	1.00000	0	0.00000	0
370	R	1.00000	0	0.00000	0
371	N	1.00000	0	0.00000	0
372	I	1.00000	0	0.00000	0
373	N	1.00000	0	0.00000	0
374	R	1.00000	0	0.00000	0
375	K	1.00000	0	0.00000	0
376	L	1.00000	0	0.00000	0
377	S	1.00000	0	0.00000	0
378	A	1.00000	0	0.00000	0
379	A	1.00000	0	0.00000	0
380	G	1.00000	0	0.00000	0
381	M	1.00000	0	0.00000	0
382	H	1.00000	0	0.00000	0
383	E	1.00000	0	0.00000	0
384	A	1.00000	0	0.00000	0
385	L	1.00000	0	0.00000	0
386	K	1.00000	0	0.00000	0
387	L	1.00000	0	0.00000	0
388	A	1.00000	0	0.00000	0
389	E	1.00000	0	0.00000	0
390	R	1.00000	0	0.00000	0
391	P	1.00000	0	0.00000	0
392	D	1.00000	0	0.00000	0
393	R	1.00000	0	0.00000	0
394	A	1.00000	0	0.00000	0
395	E	1.00000	0	0.00000	0
396	F	1.00000	0	0.00000	0
397	V	1.00000	0	0.00000	0
398	L	1.00000	0	0.00000	0
399	Q	1.00000	0	0.00000	0
400	K	1.00000	0	0.00000	0
401	S	1.00000	0	0.00000	0
402	D	1.00000	0	0.00000	0
403	C	1.00000	0	0.00000	0
404	C	1.00000	0	0.00000	0
405	R	1.00000	0	0.00000	0
406	K	1.00000	0	0.00000	0
407	K	1.00000	0	0.00000	0
408	S	1.00000	0	0.00000	0
409	H	1.00000	0	0.00000	0
410	D	1.00000	0	0.00000	0
411	S	1.00000	0	0.00000	0
