# UNNAMED
#pos	aa	i	o	M	S
1	M	0.00000	1	0.00000	0
2	G	0.00000	1	0.00000	0
3	S	0.00000	1	0.00000	0
4	A	0.00000	1	0.00000	0
5	A	0.00000	1	0.00000	0
6	P	0.00000	1	0.00000	0
7	G	0.00000	0.99997	0.00003	0
8	G	0.00000	0.99979	0.00021	0
9	G	0.00000	0.99912	0.00088	0
10	P	0.00000	0.98434	0.01566	0
11	W	0.00000	0.88754	0.11246	0
12	V	0.00000	0.85684	0.14316	0
13	L	0.00000	0.81641	0.18359	0
14	R	0.00000	0.79605	0.20395	0
15	A	0.00000	0.63396	0.36604	0
16	L	0.00000	0.49079	0.50921	0
17	T	0.00000	0.40971	0.59029	0
18	G	0.00000	0.3755	0.62450	0
19	C	0.00000	0.32243	0.67757	0
20	L	0.00000	0.10739	0.89261	0
21	L	0.00000	0.02163	0.97837	0
22	G	0.00000	0.00631	0.99369	0
23	A	0.00000	0.00185	0.99815	0
24	L	0.00000	0.00013	0.99987	0
25	V	0.00000	1e-05	0.99999	0
26	L	0.00000	0	1.00000	0
27	G	0.00000	0	1.00000	0
28	T	0.00000	0	1.00000	0
29	L	0.00000	0	1.00000	0
30	L	0.00000	0	1.00000	0
31	G	0.00000	0	1.00000	0
32	N	0.00000	0	1.00000	0
33	A	0.00000	0	1.00000	0
34	L	0.00000	0	1.00000	0
35	V	0.00000	0	1.00000	0
36	C	0.00002	0	0.99998	0
37	L	0.00032	0	0.99968	0
38	A	0.00798	0	0.99202	0
39	I	0.02695	0	0.97305	0
40	L	0.22867	0	0.77133	0
41	R	0.84170	0	0.15830	0
42	F	0.86579	0	0.13421	0
43	R	0.99400	0	0.00600	0
44	H	0.99825	0	0.00175	0
45	L	0.99906	0	0.00094	0
46	R	1.00000	0	0.00000	0
47	N	0.99996	0	0.00004	0
48	K	0.99948	0	0.00052	0
49	V	0.94706	0	0.05294	0
50	T	0.89785	0	0.10215	0
51	N	0.22946	0	0.77054	0
52	W	0.12531	0	0.87469	0
53	F	0.00173	0	0.99827	0
54	V	0.00067	0	0.99933	0
55	L	0.00000	0	1.00000	0
56	S	0.00000	0	1.00000	0
57	L	0.00000	0	1.00000	0
58	A	0.00000	0	1.00000	0
59	I	0.00000	0	1.00000	0
60	S	0.00000	0	1.00000	0
61	D	0.00000	0	1.00000	0
62	L	0.00000	0	1.00000	0
63	C	0.00000	0	1.00000	0
64	V	0.00000	0	1.00000	0
65	A	0.00000	0	1.00000	0
66	L	0.00000	0	1.00000	0
67	L	0.00000	0	1.00000	0
68	V	0.00000	0	1.00000	0
69	M	0.00000	0.00037	0.99963	0
70	P	0.00000	0.00589	0.99411	0
71	W	0.00000	0.05802	0.94198	0
72	K	0.00000	0.35977	0.64023	0
73	A	0.00000	0.5377	0.46230	0
74	V	0.00000	0.71654	0.28346	0
75	T	0.00000	0.99991	0.00009	0
76	E	0.00000	1	0.00000	0
77	V	0.00000	1	0.00000	0
78	A	0.00000	1	0.00000	0
79	G	0.00000	1	0.00000	0
80	G	0.00000	1	0.00000	0
81	S	0.00000	1	0.00000	0
82	W	0.00000	1	0.00000	0
83	L	0.00000	1	0.00000	0
84	F	0.00000	1	0.00000	0
85	G	0.00000	1	0.00000	0
86	S	0.00000	1	0.00000	0
87	H	0.00000	1	0.00000	0
88	F	0.00000	1	0.00000	0
89	C	0.00000	0.99999	0.00001	0
90	D	0.00000	0.99998	0.00002	0
91	T	0.00000	0.99974	0.00026	0
92	W	0.00000	0.81343	0.18657	0
93	V	0.00000	0.09165	0.90835	0
94	A	0.00000	0.00252	0.99748	0
95	F	0.00000	5e-05	0.99995	0
96	D	0.00000	1e-05	0.99999	0
97	I	0.00000	0	1.00000	0
98	M	0.00000	0	1.00000	0
99	C	0.00000	0	1.00000	0
100	S	0.00000	0	1.00000	0
101	T	0.00000	0	1.00000	0
102	A	0.00000	0	1.00000	0
103	S	0.00000	0	1.00000	0
104	I	0.00000	0	1.00000	0
105	L	0.00000	0	1.00000	0
106	H	0.00000	0	1.00000	0
107	L	0.00000	0	1.00000	0
108	C	0.00000	0	1.00000	0
109	I	0.00000	0	1.00000	0
110	I	0.00000	0	1.00000	0
111	S	0.00000	0	1.00000	0
112	L	0.00000	0	1.00000	0
113	D	0.00004	0	0.99996	0
114	R	0.08182	0	0.91818	0
115	Y	0.45568	0	0.54432	0
116	W	0.82274	0	0.17726	0
117	A	0.98568	0	0.01432	0
118	I	1.00000	0	0.00000	0
119	A	1.00000	0	0.00000	0
120	S	1.00000	0	0.00000	0
121	P	1.00000	0	0.00000	0
122	F	1.00000	0	0.00000	0
123	R	1.00000	0	0.00000	0
124	Y	1.00000	0	0.00000	0
125	E	1.00000	0	0.00000	0
126	R	1.00000	0	0.00000	0
127	R	1.00000	0	0.00000	0
128	M	0.99994	0	0.00006	0
129	T	0.99981	0	0.00019	0
130	Q	0.99910	0	0.00090	0
131	R	0.91768	0	0.08232	0
132	L	0.12054	0	0.87946	0
133	A	0.03653	0	0.96347	0
134	C	0.00018	0	0.99982	0
135	A	0.00004	0	0.99996	0
136	M	0.00000	0	1.00000	0
137	I	0.00000	0	1.00000	0
138	A	0.00000	0	1.00000	0
139	M	0.00000	0	1.00000	0
140	A	0.00000	0	1.00000	0
141	W	0.00000	0	1.00000	0
142	A	0.00000	0	1.00000	0
143	L	0.00000	0	1.00000	0
144	S	0.00000	0	1.00000	0
145	I	0.00000	0	1.00000	0
146	L	0.00000	0	1.00000	0
147	I	0.00000	0	1.00000	0
148	S	0.00000	0	1.00000	0
149	F	0.00000	1e-05	0.99999	0
150	I	0.00000	0.00043	0.99957	0
151	P	0.00000	0.03107	0.96893	0
152	V	0.00000	0.09676	0.90324	0
153	Q	0.00000	0.56396	0.43604	0
154	L	0.00000	0.67599	0.32401	0
155	H	0.00000	0.93495	0.06505	0
156	W	0.00000	0.97267	0.02733	0
157	H	0.00000	0.99789	0.00211	0
158	K	0.00000	1	0.00000	0
159	A	0.00000	1	0.00000	0
160	K	0.00000	1	0.00000	0
161	D	0.00000	1	0.00000	0
162	S	0.00000	1	0.00000	0
163	G	0.00000	1	0.00000	0
164	D	0.00000	1	0.00000	0
165	P	0.00000	1	0.00000	0
166	G	0.00000	1	0.00000	0
167	S	0.00000	1	0.00000	0
168	W	0.00000	1	0.00000	0
169	L	0.00000	1	0.00000	0
170	P	0.00000	1	0.00000	0
171	V	0.00000	1	0.00000	0
172	T	0.00000	1	0.00000	0
173	P	0.00000	1	0.00000	0
174	R	0.00000	1	0.00000	0
175	C	0.00000	1	0.00000	0
176	D	0.00000	1	0.00000	0
177	V	0.00000	0.99994	0.00006	0
178	R	0.00000	0.99986	0.00014	0
179	L	0.00000	0.99785	0.00215	0
180	N	0.00000	0.99766	0.00234	0
181	R	0.00000	0.99247	0.00753	0
182	T	0.00000	0.58213	0.41787	0
183	Y	0.00000	0.02411	0.97589	0
184	A	0.00000	0.01453	0.98547	0
185	I	0.00000	0.01042	0.98958	0
186	T	0.00000	0.00144	0.99856	0
187	S	0.00000	0.00122	0.99878	0
188	S	0.00000	0.00012	0.99988	0
189	L	0.00000	4e-05	0.99996	0
190	I	0.00000	0	1.00000	0
191	S	0.00000	0	1.00000	0
192	F	0.00000	0	1.00000	0
193	Y	0.00000	0	1.00000	0
194	I	0.00000	0	1.00000	0
195	P	0.00000	0	1.00000	0
196	V	0.00000	0	1.00000	0
197	A	0.00000	0	1.00000	0
198	I	0.00000	0	1.00000	0
199	M	0.00000	0	1.00000	0
200	I	0.00000	0	1.00000	0
201	I	0.00003	0	0.99997	0
202	T	0.00057	0	0.99943	0
203	Y	0.00206	0	0.99794	0
204	T	0.06516	0	0.93484	0
205	R	0.16313	0	0.83687	0
206	I	0.17362	0	0.82638	0
207	Y	0.23758	0	0.76242	0
208	R	0.96202	0	0.03798	0
209	I	0.96782	0	0.03218	0
210	A	0.99973	0	0.00027	0
211	Q	0.99999	0	0.00001	0
212	A	1.00000	0	0.00000	0
213	Q	1.00000	0	0.00000	0
214	I	1.00000	0	0.00000	0
215	R	1.00000	0	0.00000	0
216	R	1.00000	0	0.00000	0
217	I	1.00000	0	0.00000	0
218	S	1.00000	0	0.00000	0
219	T	1.00000	0	0.00000	0
220	L	1.00000	0	0.00000	0
221	E	1.00000	0	0.00000	0
222	R	1.00000	0	0.00000	0
223	A	1.00000	0	0.00000	0
224	G	1.00000	0	0.00000	0
225	G	1.00000	0	0.00000	0
226	Q	1.00000	0	0.00000	0
227	W	1.00000	0	0.00000	0
228	P	1.00000	0	0.00000	0
229	G	1.00000	0	0.00000	0
230	P	1.00000	0	0.00000	0
231	G	1.00000	0	0.00000	0
232	K	1.00000	0	0.00000	0
233	E	1.00000	0	0.00000	0
234	P	1.00000	0	0.00000	0
235	T	1.00000	0	0.00000	0
236	S	1.00000	0	0.00000	0
237	S	1.00000	0	0.00000	0
238	L	1.00000	0	0.00000	0
239	R	1.00000	0	0.00000	0
240	R	1.00000	0	0.00000	0
241	S	1.00000	0	0.00000	0
242	L	1.00000	0	0.00000	0
243	R	1.00000	0	0.00000	0
244	K	1.00000	0	0.00000	0
245	E	1.00000	0	0.00000	0
246	T	0.98933	0	0.01067	0
247	R	0.98907	0	0.01093	0
248	V	0.78156	0	0.21844	0
249	L	0.78098	0	0.21902	0
250	Q	0.78082	0	0.21918	0
251	T	0.67661	0	0.32339	0
252	L	0.01676	0	0.98324	0
253	S	0.00383	0	0.99617	0
254	I	0.00187	0	0.99813	0
255	I	0.00023	0	0.99977	0
256	M	0.00002	0	0.99998	0
257	G	0.00000	0	1.00000	0
258	V	0.00000	0	1.00000	0
259	F	0.00000	0	1.00000	0
260	V	0.00000	0	1.00000	0
261	C	0.00000	0	1.00000	0
262	C	0.00000	0	1.00000	0
263	W	0.00000	0	1.00000	0
264	L	0.00000	0	1.00000	0
265	P	0.00000	0	1.00000	0
266	F	0.00000	0	1.00000	0
267	F	0.00000	0	1.00000	0
268	L	0.00000	0.00044	0.99956	0
269	L	0.00000	0.00776	0.99224	0
270	N	0.00000	0.08103	0.91897	0
271	C	0.00000	0.11339	0.88661	0
272	L	0.00000	0.11795	0.88205	0
273	L	0.00000	0.14444	0.85556	0
274	P	0.00000	0.31187	0.68813	0
275	F	0.00000	0.37774	0.62226	0
276	C	0.00000	0.67492	0.32508	0
277	Q	0.00000	0.94591	0.05409	0
278	P	0.00000	0.97751	0.02249	0
279	S	0.00000	0.98365	0.01635	0
280	L	0.00000	0.98723	0.01277	0
281	Q	0.00000	0.99468	0.00532	0
282	E	0.00000	0.99997	0.00003	0
283	D	0.00000	1	0.00000	0
284	P	0.00000	1	0.00000	0
285	E	0.00000	1	0.00000	0
286	G	0.00000	0.99999	0.00001	0
287	Q	0.00000	0.99999	0.00001	0
288	P	0.00000	0.99999	0.00001	0
289	L	0.00000	0.99999	0.00001	0
290	C	0.00000	0.99999	0.00001	0
291	I	0.00000	0.99998	0.00002	0
292	G	0.00000	0.99997	0.00003	0
293	Q	0.00000	0.99983	0.00017	0
294	T	0.00000	0.99801	0.00199	0
295	T	0.00000	0.99443	0.00557	0
296	F	0.00000	0.98282	0.01718	0
297	N	0.00000	0.63709	0.36291	0
298	V	0.00000	0.12849	0.87151	0
299	F	0.00000	0.12112	0.87888	0
300	V	0.00000	0.00652	0.99348	0
301	W	0.00000	0.0002	0.99980	0
302	F	0.00000	0	1.00000	0
303	G	0.00000	0	1.00000	0
304	W	0.00000	0	1.00000	0
305	A	0.00000	0	1.00000	0
306	N	0.00001	0	0.99999	0
307	S	0.00001	0	0.99999	0
308	S	0.00001	0	0.99999	0
309	L	0.00001	0	0.99999	0
310	N	0.00001	0	0.99999	0
311	P	0.00001	0	0.99999	0
312	V	0.00001	0	0.99999	0
313	I	0.00001	0	0.99999	0
314	Y	0.00002	0	0.99998	0
315	A	0.00006	0	0.99994	0
316	F	0.00123	0	0.99877	0
317	N	0.06055	0	0.93945	0
318	A	0.24386	0	0.75614	0
319	D	0.71418	0	0.28582	0
320	F	0.75872	0	0.24128	0
321	R	1.00000	0	0.00000	0
322	R	1.00000	0	0.00000	0
323	A	1.00000	0	0.00000	0
324	F	1.00000	0	0.00000	0
325	S	1.00000	0	0.00000	0
326	N	1.00000	0	0.00000	0
327	L	1.00000	0	0.00000	0
328	L	1.00000	0	0.00000	0
329	G	1.00000	0	0.00000	0
330	C	1.00000	0	0.00000	0
331	Q	1.00000	0	0.00000	0
332	C	1.00000	0	0.00000	0
333	C	1.00000	0	0.00000	0
334	C	1.00000	0	0.00000	0
335	T	1.00000	0	0.00000	0
336	P	1.00000	0	0.00000	0
337	E	1.00000	0	0.00000	0
338	S	1.00000	0	0.00000	0
339	P	1.00000	0	0.00000	0
340	V	1.00000	0	0.00000	0
341	E	1.00000	0	0.00000	0
342	R	1.00000	0	0.00000	0
343	V	1.00000	0	0.00000	0
344	N	1.00000	0	0.00000	0
345	F	1.00000	0	0.00000	0
346	S	1.00000	0	0.00000	0
347	N	1.00000	0	0.00000	0
348	E	1.00000	0	0.00000	0
349	L	1.00000	0	0.00000	0
350	V	1.00000	0	0.00000	0
351	S	1.00000	0	0.00000	0
352	Y	1.00000	0	0.00000	0
353	H	1.00000	0	0.00000	0
354	R	1.00000	0	0.00000	0
355	D	1.00000	0	0.00000	0
356	T	1.00000	0	0.00000	0
357	T	1.00000	0	0.00000	0
358	C	1.00000	0	0.00000	0
359	Q	1.00000	0	0.00000	0
360	K	1.00000	0	0.00000	0
361	E	1.00000	0	0.00000	0
362	G	1.00000	0	0.00000	0
363	A	1.00000	0	0.00000	0
364	V	1.00000	0	0.00000	0
365	P	1.00000	0	0.00000	0
366	S	1.00000	0	0.00000	0
367	S	1.00000	0	0.00000	0
368	V	1.00000	0	0.00000	0
369	P	1.00000	0	0.00000	0
370	P	1.00000	0	0.00000	0
371	A	1.00000	0	0.00000	0
372	A	1.00000	0	0.00000	0
373	T	1.00000	0	0.00000	0
374	T	1.00000	0	0.00000	0
375	A	1.00000	0	0.00000	0
376	W	1.00000	0	0.00000	0
377	V	1.00000	0	0.00000	0
378	Q	1.00000	0	0.00000	0
379	P	1.00000	0	0.00000	0
380	V	1.00000	0	0.00000	0
381	P	1.00000	0	0.00000	0
382	H	1.00000	0	0.00000	0
383	A	1.00000	0	0.00000	0
384	I	1.00000	0	0.00000	0
385	N	1.00000	0	0.00000	0
386	L	1.00000	0	0.00000	0
387	Q	1.00000	0	0.00000	0
388	G	1.00000	0	0.00000	0
389	E	1.00000	0	0.00000	0
390	H	1.00000	0	0.00000	0
391	S	1.00000	0	0.00000	0
392	S	1.00000	0	0.00000	0
393	E	1.00000	0	0.00000	0
394	E	1.00000	0	0.00000	0
395	M	1.00000	0	0.00000	0
396	S	1.00000	0	0.00000	0
397	M	1.00000	0	0.00000	0
398	E	1.00000	0	0.00000	0
399	K	1.00000	0	0.00000	0
400	R	1.00000	0	0.00000	0
401	A	1.00000	0	0.00000	0
402	V	1.00000	0	0.00000	0
403	T	1.00000	0	0.00000	0
404	S	1.00000	0	0.00000	0
405	Q	1.00000	0	0.00000	0
406	T	1.00000	0	0.00000	0
407	A	1.00000	0	0.00000	0
408	L	1.00000	0	0.00000	0
409	G	1.00000	0	0.00000	0
410	S	1.00000	0	0.00000	0
411	S	1.00000	0	0.00000	0
412	P	1.00000	0	0.00000	0
413	S	1.00000	0	0.00000	0
414	S	1.00000	0	0.00000	0
415	C	1.00000	0	0.00000	0
416	Q	1.00000	0	0.00000	0
417	V	1.00000	0	0.00000	0
418	P	1.00000	0	0.00000	0
419	A	1.00000	0	0.00000	0
420	I	1.00000	0	0.00000	0
421	L	1.00000	0	0.00000	0
422	Q	1.00000	0	0.00000	0
423	L	1.00000	0	0.00000	0
424	D	1.00000	0	0.00000	0
425	C	1.00000	0	0.00000	0
426	K	1.00000	0	0.00000	0
427	A	1.00000	0	0.00000	0
428	K	1.00000	0	0.00000	0
429	P	1.00000	0	0.00000	0
430	S	1.00000	0	0.00000	0
431	L	1.00000	0	0.00000	0
