# UNNAMED
#pos	aa	i	o	M	S
1	M	0.00000	0.89638	0.00000	0.10362
2	A	0.00000	0.89638	0.00000	0.10361
3	P	0.00000	0.89638	0.00000	0.10362
4	L	0.00000	0.89638	0.00000	0.10361
5	S	0.00000	0.89638	0.00000	0.10362
6	Q	0.00000	0.89638	0.00000	0.10362
7	L	0.00000	0.89638	0.00000	0.10361
8	S	0.00000	0.89638	0.00000	0.10361
9	G	0.00000	0.89638	0.00000	0.10361
10	H	0.00000	0.89638	0.00000	0.10362
11	I	0.00000	0.89638	0.00000	0.10362
12	N	0.00000	0.89638	0.00000	0.10362
13	S	0.00000	0.89638	0.00000	0.10362
14	T	0.00000	0.89638	0.00000	0.10362
15	C	0.00000	0.89638	0.00000	0.10362
16	W	0.00000	0.89654	0.00000	0.10345
17	A	0.00000	0.89656	0.00000	0.10345
18	E	0.00000	0.9999	0.00000	0.0001
19	N	0.00000	0.9999	0.00000	0.0001
20	S	0.00000	0.9999	0.00000	0.0001
21	T	0.00000	0.9999	0.00000	0.0001
22	G	0.00000	0.99993	0.00000	7e-05
23	D	0.00000	1	0.00000	0
24	S	0.00000	1	0.00000	0
25	R	0.00000	1	0.00000	0
26	A	0.00000	1	0.00000	0
27	G	0.00000	0.99998	0.00002	0
28	P	0.00000	0.99642	0.00358	0
29	H	0.00000	0.98023	0.01977	0
30	S	0.00000	0.95581	0.04419	0
31	Y	0.00000	0.9076	0.09240	0
32	Y	0.00000	0.08627	0.91373	0
33	A	0.00000	0.05478	0.94522	0
34	L	0.00000	0.02929	0.97071	0
35	S	0.00000	0.02252	0.97748	0
36	Y	0.00000	0.00154	0.99846	0
37	C	0.00000	0.00058	0.99942	0
38	V	0.00000	1e-05	0.99999	0
39	L	0.00000	0	1.00000	0
40	I	0.00000	0	1.00000	0
41	L	0.00000	0	1.00000	0
42	A	0.00000	0	1.00000	0
43	I	0.00000	0	1.00000	0
44	I	0.00000	0	1.00000	0
45	F	0.00000	0	1.00000	0
46	G	0.00000	0	1.00000	0
47	N	0.00000	0	1.00000	0
48	G	0.00000	0	1.00000	0
49	L	0.00000	0	1.00000	0
50	V	0.00000	0	1.00000	0
51	C	0.00000	0	1.00000	0
52	V	0.00014	0	0.99986	0
53	A	0.00639	0	0.99361	0
54	V	0.07485	0	0.92515	0
55	L	0.34139	0	0.65861	0
56	R	0.98362	0	0.01638	0
57	E	0.99972	0	0.00028	0
58	R	0.99999	0	0.00001	0
59	A	1.00000	0	0.00000	0
60	L	1.00000	0	0.00000	0
61	Q	1.00000	0	0.00000	0
62	T	0.99982	0	0.00018	0
63	T	0.99230	0	0.00770	0
64	T	0.90451	0	0.09549	0
65	N	0.20933	0	0.79067	0
66	Y	0.06694	0	0.93306	0
67	L	0.00077	0	0.99923	0
68	V	0.00007	0	0.99993	0
69	V	0.00000	0	1.00000	0
70	S	0.00000	0	1.00000	0
71	L	0.00000	0	1.00000	0
72	A	0.00000	0	1.00000	0
73	V	0.00000	0	1.00000	0
74	A	0.00000	0	1.00000	0
75	D	0.00000	0	1.00000	0
76	L	0.00000	0	1.00000	0
77	L	0.00000	0	1.00000	0
78	V	0.00000	0	1.00000	0
79	A	0.00000	0	1.00000	0
80	T	0.00000	0	1.00000	0
81	L	0.00000	0	1.00000	0
82	V	0.00000	0	1.00000	0
83	M	0.00000	4e-05	0.99996	0
84	P	0.00000	0.00091	0.99909	0
85	W	0.00000	0.00992	0.99008	0
86	V	0.00000	0.05893	0.94107	0
87	V	0.00000	0.32773	0.67227	0
88	Y	0.00000	0.89163	0.10837	0
89	L	0.00000	0.99978	0.00022	0
90	E	0.00000	1	0.00000	0
91	V	0.00000	1	0.00000	0
92	T	0.00000	1	0.00000	0
93	G	0.00000	1	0.00000	0
94	G	0.00000	1	0.00000	0
95	V	0.00000	1	0.00000	0
96	W	0.00000	1	0.00000	0
97	N	0.00000	1	0.00000	0
98	F	0.00000	1	0.00000	0
99	S	0.00000	1	0.00000	0
100	R	0.00000	1	0.00000	0
101	V	0.00000	1	0.00000	0
102	C	0.00000	1	0.00000	0
103	C	0.00000	0.99989	0.00011	0
104	D	0.00000	0.99902	0.00098	0
105	V	0.00000	0.99337	0.00663	0
106	F	0.00000	0.42332	0.57668	0
107	V	0.00000	0.09212	0.90788	0
108	T	0.00000	0.04483	0.95517	0
109	L	0.00000	0.00065	0.99935	0
110	D	0.00000	0.00022	0.99978	0
111	V	0.00000	1e-05	0.99999	0
112	M	0.00000	0	1.00000	0
113	M	0.00000	0	1.00000	0
114	C	0.00000	0	1.00000	0
115	T	0.00000	0	1.00000	0
116	A	0.00000	0	1.00000	0
117	S	0.00000	0	1.00000	0
118	I	0.00000	0	1.00000	0
119	L	0.00000	0	1.00000	0
120	N	0.00000	0	1.00000	0
121	L	0.00000	0	1.00000	0
122	C	0.00000	0	1.00000	0
123	A	0.00000	0	1.00000	0
124	I	0.00000	0	1.00000	0
125	S	0.00000	0	1.00000	0
126	I	0.00000	0	1.00000	0
127	D	0.00001	0	0.99999	0
128	R	0.01083	0	0.98917	0
129	Y	0.32263	0	0.67737	0
130	T	0.80911	0	0.19089	0
131	A	0.92887	0	0.07113	0
132	V	0.99998	0	0.00002	0
133	V	1.00000	0	0.00000	0
134	M	1.00000	0	0.00000	0
135	P	1.00000	0	0.00000	0
136	V	1.00000	0	0.00000	0
137	H	1.00000	0	0.00000	0
138	Y	1.00000	0	0.00000	0
139	Q	1.00000	0	0.00000	0
140	H	1.00000	0	0.00000	0
141	G	1.00000	0	0.00000	0
142	T	1.00000	0	0.00000	0
143	G	1.00000	0	0.00000	0
144	Q	0.99999	0	0.00001	0
145	S	0.98854	0	0.01146	0
146	S	0.97254	0	0.02746	0
147	C	0.92907	0	0.07093	0
148	R	0.92838	0	0.07162	0
149	R	0.89752	0	0.10248	0
150	V	0.08552	0	0.91448	0
151	A	0.02823	0	0.97177	0
152	L	0.01457	0	0.98543	0
153	M	0.00025	0	0.99975	0
154	I	0.00000	0	1.00000	0
155	T	0.00000	0	1.00000	0
156	A	0.00000	0	1.00000	0
157	V	0.00000	0	1.00000	0
158	W	0.00000	0	1.00000	0
159	V	0.00000	0	1.00000	0
160	L	0.00000	0	1.00000	0
161	A	0.00000	0	1.00000	0
162	F	0.00000	0	1.00000	0
163	A	0.00000	0	1.00000	0
164	V	0.00000	0.00015	0.99985	0
165	S	0.00000	0.00718	0.99282	0
166	C	0.00000	0.02566	0.97434	0
167	P	0.00000	0.03029	0.96971	0
168	L	0.00000	0.03243	0.96757	0
169	L	0.00000	0.03738	0.96262	0
170	F	0.00000	0.05448	0.94552	0
171	G	0.00000	0.16146	0.83854	0
172	F	0.00000	0.34993	0.65007	0
173	N	0.00000	0.98264	0.01736	0
174	T	0.00000	0.99856	0.00144	0
175	T	0.00000	0.99992	0.00008	0
176	G	0.00000	1	0.00000	0
177	D	0.00000	1	0.00000	0
178	P	0.00000	1	0.00000	0
179	S	0.00000	1	0.00000	0
180	V	0.00000	1	0.00000	0
181	C	0.00000	1	0.00000	0
182	S	0.00000	1	0.00000	0
183	I	0.00000	1	0.00000	0
184	S	0.00000	1	0.00000	0
185	N	0.00000	1	0.00000	0
186	P	0.00000	0.99998	0.00002	0
187	D	0.00000	0.99898	0.00102	0
188	F	0.00000	0.14672	0.85328	0
189	V	0.00000	0.09074	0.90926	0
190	I	0.00000	0.05969	0.94031	0
191	Y	0.00000	0.0144	0.98560	0
192	S	0.00000	0.01313	0.98687	0
193	S	0.00000	0.00286	0.99714	0
194	V	0.00000	0.00215	0.99785	0
195	V	0.00000	0	1.00000	0
196	S	0.00000	0	1.00000	0
197	F	0.00000	0	1.00000	0
198	Y	0.00000	0	1.00000	0
199	L	0.00000	0	1.00000	0
200	P	0.00000	0	1.00000	0
201	F	0.00000	0	1.00000	0
202	G	0.00000	0	1.00000	0
203	V	0.00000	0	1.00000	0
204	T	0.00000	0	1.00000	0
205	V	0.00000	0	1.00000	0
206	L	0.00000	0	1.00000	0
207	V	0.00000	0	1.00000	0
208	Y	0.00001	0	0.99999	0
209	A	0.00137	0	0.99863	0
210	R	0.02225	0	0.97775	0
211	I	0.02613	0	0.97387	0
212	Y	0.06512	0	0.93488	0
213	V	0.32914	0	0.67086	0
214	V	0.51471	0	0.48529	0
215	L	0.98239	0	0.01761	0
216	R	0.99905	0	0.00095	0
217	Q	0.99999	0	0.00001	0
218	R	1.00000	0	0.00000	0
219	R	1.00000	0	0.00000	0
220	R	1.00000	0	0.00000	0
221	K	1.00000	0	0.00000	0
222	R	1.00000	0	0.00000	0
223	I	1.00000	0	0.00000	0
224	L	1.00000	0	0.00000	0
225	T	1.00000	0	0.00000	0
226	R	1.00000	0	0.00000	0
227	Q	1.00000	0	0.00000	0
228	N	1.00000	0	0.00000	0
229	S	1.00000	0	0.00000	0
230	Q	1.00000	0	0.00000	0
231	C	1.00000	0	0.00000	0
232	I	1.00000	0	0.00000	0
233	S	1.00000	0	0.00000	0
234	V	1.00000	0	0.00000	0
235	R	1.00000	0	0.00000	0
236	P	1.00000	0	0.00000	0
237	G	1.00000	0	0.00000	0
238	F	1.00000	0	0.00000	0
239	P	1.00000	0	0.00000	0
240	Q	1.00000	0	0.00000	0
241	Q	1.00000	0	0.00000	0
242	P	1.00000	0	0.00000	0
243	L	1.00000	0	0.00000	0
244	S	1.00000	0	0.00000	0
245	P	1.00000	0	0.00000	0
246	G	1.00000	0	0.00000	0
247	Q	1.00000	0	0.00000	0
248	A	1.00000	0	0.00000	0
249	H	1.00000	0	0.00000	0
250	M	1.00000	0	0.00000	0
251	E	1.00000	0	0.00000	0
252	L	1.00000	0	0.00000	0
253	K	1.00000	0	0.00000	0
254	R	1.00000	0	0.00000	0
255	Y	1.00000	0	0.00000	0
256	Y	1.00000	0	0.00000	0
257	S	1.00000	0	0.00000	0
258	I	1.00000	0	0.00000	0
259	C	1.00000	0	0.00000	0
260	Q	1.00000	0	0.00000	0
261	D	1.00000	0	0.00000	0
262	T	1.00000	0	0.00000	0
263	A	1.00000	0	0.00000	0
264	L	1.00000	0	0.00000	0
265	G	1.00000	0	0.00000	0
266	R	1.00000	0	0.00000	0
267	P	1.00000	0	0.00000	0
268	G	1.00000	0	0.00000	0
269	F	1.00000	0	0.00000	0
270	Q	1.00000	0	0.00000	0
271	E	1.00000	0	0.00000	0
272	A	1.00000	0	0.00000	0
273	G	1.00000	0	0.00000	0
274	G	1.00000	0	0.00000	0
275	E	1.00000	0	0.00000	0
276	L	1.00000	0	0.00000	0
277	K	1.00000	0	0.00000	0
278	R	1.00000	0	0.00000	0
279	E	1.00000	0	0.00000	0
280	G	1.00000	0	0.00000	0
281	R	1.00000	0	0.00000	0
282	T	1.00000	0	0.00000	0
283	Q	1.00000	0	0.00000	0
284	N	1.00000	0	0.00000	0
285	S	1.00000	0	0.00000	0
286	L	1.00000	0	0.00000	0
287	S	1.00000	0	0.00000	0
288	P	1.00000	0	0.00000	0
289	T	1.00000	0	0.00000	0
290	M	1.00000	0	0.00000	0
291	A	1.00000	0	0.00000	0
292	P	1.00000	0	0.00000	0
293	K	1.00000	0	0.00000	0
294	L	1.00000	0	0.00000	0
295	S	1.00000	0	0.00000	0
296	L	1.00000	0	0.00000	0
297	E	1.00000	0	0.00000	0
298	V	1.00000	0	0.00000	0
299	R	1.00000	0	0.00000	0
300	K	1.00000	0	0.00000	0
301	L	1.00000	0	0.00000	0
302	S	1.00000	0	0.00000	0
303	N	1.00000	0	0.00000	0
304	G	1.00000	0	0.00000	0
305	R	1.00000	0	0.00000	0
306	L	1.00000	0	0.00000	0
307	S	1.00000	0	0.00000	0
308	T	1.00000	0	0.00000	0
309	S	1.00000	0	0.00000	0
310	L	1.00000	0	0.00000	0
311	K	1.00000	0	0.00000	0
312	L	1.00000	0	0.00000	0
313	G	1.00000	0	0.00000	0
314	P	1.00000	0	0.00000	0
315	L	1.00000	0	0.00000	0
316	Q	1.00000	0	0.00000	0
317	P	1.00000	0	0.00000	0
318	R	1.00000	0	0.00000	0
319	G	1.00000	0	0.00000	0
320	V	1.00000	0	0.00000	0
321	P	1.00000	0	0.00000	0
322	L	1.00000	0	0.00000	0
323	R	1.00000	0	0.00000	0
324	E	1.00000	0	0.00000	0
325	K	0.99168	0	0.00832	0
326	K	0.99110	0	0.00890	0
327	A	0.88028	0	0.11972	0
328	T	0.87670	0	0.12330	0
329	Q	0.76716	0	0.23284	0
330	M	0.75017	0	0.24983	0
331	L	0.00788	0	0.99212	0
332	V	0.00004	0	0.99996	0
333	I	0.00000	0	1.00000	0
334	V	0.00000	0	1.00000	0
335	L	0.00000	0	1.00000	0
336	G	0.00000	0	1.00000	0
337	T	0.00000	0	1.00000	0
338	F	0.00000	0	1.00000	0
339	I	0.00000	0	1.00000	0
340	V	0.00000	0	1.00000	0
341	C	0.00000	0	1.00000	0
342	W	0.00000	0	1.00000	0
343	L	0.00000	0	1.00000	0
344	P	0.00000	0	1.00000	0
345	F	0.00000	0	1.00000	0
346	F	0.00000	0	1.00000	0
347	L	0.00000	0.00033	0.99967	0
348	T	0.00000	0.00482	0.99518	0
349	H	0.00000	0.01023	0.98977	0
350	I	0.00000	0.01745	0.98255	0
351	L	0.00000	0.06313	0.93687	0
352	N	0.00000	0.49225	0.50775	0
353	A	0.00000	0.59514	0.40486	0
354	H	0.00000	0.98676	0.01324	0
355	C	0.00000	0.99838	0.00162	0
356	Q	0.00000	0.99966	0.00034	0
357	A	0.00000	0.9998	0.00020	0
358	C	0.00000	0.99999	0.00001	0
359	H	0.00000	1	0.00000	0
360	V	0.00000	0.99997	0.00003	0
361	S	0.00000	0.99994	0.00006	0
362	P	0.00000	0.99989	0.00011	0
363	K	0.00000	0.99942	0.00058	0
364	L	0.00000	0.9947	0.00530	0
365	Y	0.00000	0.99345	0.00655	0
366	S	0.00000	0.82828	0.17172	0
367	A	0.00000	0.02549	0.97451	0
368	T	0.00000	0.00881	0.99119	0
369	T	0.00000	0.00205	0.99795	0
370	W	0.00000	1e-05	0.99999	0
371	L	0.00000	0	1.00000	0
372	G	0.00000	0	1.00000	0
373	Y	0.00000	0	1.00000	0
374	V	0.00000	0	1.00000	0
375	N	0.00000	0	1.00000	0
376	S	0.00000	0	1.00000	0
377	A	0.00000	0	1.00000	0
378	L	0.00000	0	1.00000	0
379	N	0.00000	0	1.00000	0
380	P	0.00000	0	1.00000	0
381	V	0.00000	0	1.00000	0
382	I	0.00000	0	1.00000	0
383	Y	0.00001	0	0.99999	0
384	T	0.00009	0	0.99991	0
385	T	0.00052	0	0.99948	0
386	F	0.04802	0	0.95198	0
387	N	0.53994	0	0.46006	0
388	V	0.78991	0	0.21009	0
389	E	1.00000	0	0.00000	0
390	F	1.00000	0	0.00000	0
391	R	1.00000	0	0.00000	0
392	K	1.00000	0	0.00000	0
393	A	1.00000	0	0.00000	0
394	F	1.00000	0	0.00000	0
395	L	1.00000	0	0.00000	0
396	K	1.00000	0	0.00000	0
397	I	1.00000	0	0.00000	0
398	L	1.00000	0	0.00000	0
399	S	1.00000	0	0.00000	0
400	C	1.00000	0	0.00000	0
