# UNNAMED
#pos	aa	i	o	M	S
1	M	0.00000	0.9988	0.00000	0.0012
2	N	0.00000	0.9988	0.00000	0.0012
3	S	0.00000	0.9988	0.00000	0.0012
4	P	0.00000	0.9988	0.00000	0.0012
5	D	0.00000	0.9988	0.00000	0.0012
6	L	0.00000	0.9988	0.00000	0.00121
7	W	0.00000	0.9988	0.00000	0.00121
8	N	0.00000	0.9988	0.00000	0.00121
9	T	0.00000	0.9988	0.00000	0.00121
10	S	0.00000	0.9988	0.00000	0.0012
11	E	0.00000	0.9988	0.00000	0.0012
12	V	0.00000	0.9988	0.00000	0.0012
13	Q	0.00000	0.9988	0.00000	0.0012
14	F	0.00000	0.9988	0.00000	0.0012
15	C	0.00000	0.9988	0.00000	0.0012
16	F	0.00000	0.9988	0.00000	0.0012
17	A	0.00000	0.9988	0.00000	0.0012
18	L	0.00000	0.99999	0.00000	1e-05
19	V	0.00000	0.99999	0.00000	1e-05
20	N	0.00000	0.99999	0.00000	0
21	N	0.00000	0.99999	0.00000	0
22	S	0.00000	0.99999	0.00000	0
23	C	0.00000	0.99999	0.00000	0
24	P	0.00000	0.99999	0.00000	1e-05
25	R	0.00000	0.99999	0.00000	1e-05
26	N	0.00000	0.99999	0.00000	1e-05
27	V	0.00000	0.99998	0.00001	1e-05
28	R	0.00000	0.99998	0.00002	1e-05
29	S	0.00000	0.99967	0.00032	1e-05
30	V	0.00000	0.99943	0.00057	0
31	L	0.00000	0.9993	0.00070	0
32	S	0.00000	0.99922	0.00078	0
33	V	0.00000	0.98069	0.01931	0
34	C	0.00000	0.97058	0.02942	0
35	A	0.00000	0.7729	0.22710	0
36	M	0.00000	0.67383	0.32617	0
37	Y	0.00000	0.06665	0.93335	0
38	V	0.00000	0.01271	0.98729	0
39	I	0.00000	0.00352	0.99648	0
40	M	0.00000	0.00223	0.99777	0
41	I	0.00000	0.00012	0.99988	0
42	G	0.00000	6e-05	0.99994	0
43	A	0.00000	0	1.00000	0
44	I	0.00000	0	1.00000	0
45	V	0.00000	0	1.00000	0
46	M	0.00000	0	1.00000	0
47	T	0.00000	0	1.00000	0
48	M	0.00000	0	1.00000	0
49	L	0.00000	0	1.00000	0
50	G	0.00000	0	1.00000	0
51	N	0.00000	0	1.00000	0
52	L	0.00000	0	1.00000	0
53	V	0.00000	0	1.00000	0
54	V	0.00000	0	1.00000	0
55	I	0.00000	0	1.00000	0
56	I	0.00080	0	0.99920	0
57	S	0.12256	0	0.87744	0
58	I	0.17699	0	0.82301	0
59	T	0.79907	0	0.20093	0
60	H	0.91113	0	0.08887	0
61	F	0.94127	0	0.05873	0
62	K	0.99816	0	0.00184	0
63	Q	0.99998	0	0.00002	0
64	L	0.99999	0	0.00001	0
65	Q	1.00000	0	0.00000	0
66	S	1.00000	0	0.00000	0
67	P	1.00000	0	0.00000	0
68	T	0.94812	0	0.05188	0
69	N	0.17407	0	0.82593	0
70	F	0.03778	0	0.96222	0
71	L	0.00050	0	0.99950	0
72	I	0.00000	0	1.00000	0
73	L	0.00000	0	1.00000	0
74	S	0.00000	0	1.00000	0
75	M	0.00000	0	1.00000	0
76	A	0.00000	0	1.00000	0
77	T	0.00000	0	1.00000	0
78	T	0.00000	0	1.00000	0
79	D	0.00000	0	1.00000	0
80	F	0.00000	0	1.00000	0
81	L	0.00000	0	1.00000	0
82	L	0.00000	0	1.00000	0
83	S	0.00000	0	1.00000	0
84	C	0.00000	0	1.00000	0
85	V	0.00000	0	1.00000	0
86	V	0.00000	0	1.00000	0
87	M	0.00000	0	1.00000	0
88	P	0.00000	0	1.00000	0
89	F	0.00000	0.00012	0.99988	0
90	S	0.00000	0.32706	0.67294	0
91	M	0.00000	0.39368	0.60632	0
92	V	0.00000	0.63579	0.36421	0
93	R	0.00000	0.99991	0.00009	0
94	S	0.00000	0.99996	0.00004	0
95	I	0.00000	0.99996	0.00004	0
96	E	0.00000	1	0.00000	0
97	S	0.00000	1	0.00000	0
98	C	0.00000	1	0.00000	0
99	W	0.00000	1	0.00000	0
100	Y	0.00000	1	0.00000	0
101	F	0.00000	0.99999	0.00001	0
102	G	0.00000	0.99999	0.00001	0
103	D	0.00000	0.99999	0.00001	0
104	L	0.00000	0.99987	0.00013	0
105	F	0.00000	0.99842	0.00158	0
106	C	0.00000	0.99824	0.00176	0
107	K	0.00000	0.99801	0.00199	0
108	V	0.00000	0.99665	0.00335	0
109	H	0.00000	0.88694	0.11306	0
110	S	0.00000	0.7553	0.24470	0
111	C	0.00000	0.60009	0.39991	0
112	C	0.00000	0.13686	0.86314	0
113	D	0.00000	0.03974	0.96026	0
114	I	0.00000	0.00056	0.99944	0
115	M	0.00000	0	1.00000	0
116	L	0.00000	0	1.00000	0
117	C	0.00000	0	1.00000	0
118	T	0.00000	0	1.00000	0
119	T	0.00000	0	1.00000	0
120	S	0.00000	0	1.00000	0
121	I	0.00000	0	1.00000	0
122	F	0.00000	0	1.00000	0
123	H	0.00000	0	1.00000	0
124	L	0.00000	0	1.00000	0
125	C	0.00001	0	0.99999	0
126	F	0.00001	0	0.99999	0
127	I	0.00002	0	0.99998	0
128	S	0.00003	0	0.99997	0
129	V	0.00004	0	0.99996	0
130	D	0.00008	0	0.99992	0
131	R	0.05224	0	0.94776	0
132	Y	0.51294	0	0.48706	0
133	Y	0.57870	0	0.42130	0
134	A	0.89932	0	0.10068	0
135	V	0.99998	0	0.00002	0
136	C	1.00000	0	0.00000	0
137	D	1.00000	0	0.00000	0
138	T	1.00000	0	0.00000	0
139	L	1.00000	0	0.00000	0
140	H	1.00000	0	0.00000	0
141	Y	1.00000	0	0.00000	0
142	V	1.00000	0	0.00000	0
143	T	1.00000	0	0.00000	0
144	K	0.99999	0	0.00001	0
145	I	0.99527	0	0.00473	0
146	T	0.99221	0	0.00779	0
147	I	0.95930	0	0.04070	0
148	P	0.93468	0	0.06532	0
149	V	0.15366	0	0.84634	0
150	I	0.06100	0	0.93900	0
151	E	0.04926	0	0.95074	0
152	V	0.00313	0	0.99687	0
153	F	0.00051	0	0.99949	0
154	L	0.00006	0	0.99994	0
155	L	0.00001	0	0.99999	0
156	I	0.00000	0	1.00000	0
157	S	0.00000	0	1.00000	0
158	W	0.00000	0	1.00000	0
159	S	0.00000	0	1.00000	0
160	I	0.00000	0	1.00000	0
161	P	0.00000	0	1.00000	0
162	I	0.00000	0	1.00000	0
163	F	0.00000	0	1.00000	0
164	F	0.00000	0	1.00000	0
165	A	0.00000	4e-05	0.99996	0
166	F	0.00000	0.00036	0.99964	0
167	G	0.00000	0.00646	0.99354	0
168	L	0.00000	0.01017	0.98983	0
169	V	0.00000	0.04794	0.95206	0
170	F	0.00000	0.22825	0.77175	0
171	S	0.00000	0.80874	0.19126	0
172	E	0.00000	0.96775	0.03225	0
173	F	0.00000	0.97473	0.02527	0
174	N	0.00000	0.99552	0.00448	0
175	I	0.00000	0.99696	0.00304	0
176	I	0.00000	0.99837	0.00163	0
177	G	0.00000	0.99993	0.00007	0
178	A	0.00000	0.99998	0.00002	0
179	E	0.00000	1	0.00000	0
180	D	0.00000	1	0.00000	0
181	F	0.00000	1	0.00000	0
182	V	0.00000	1	0.00000	0
183	A	0.00000	1	0.00000	0
184	A	0.00000	1	0.00000	0
185	I	0.00000	1	0.00000	0
186	D	0.00000	1	0.00000	0
187	C	0.00000	1	0.00000	0
188	T	0.00000	1	0.00000	0
189	G	0.00000	1	0.00000	0
190	L	0.00000	1	0.00000	0
191	C	0.00000	0.99994	0.00006	0
192	V	0.00000	0.91587	0.08413	0
193	L	0.00000	0.91578	0.08422	0
194	I	0.00000	0.9153	0.08470	0
195	F	0.00000	0.91265	0.08735	0
196	N	0.00000	0.91255	0.08745	0
197	K	0.00000	0.91232	0.08768	0
198	L	0.00000	0.70451	0.29549	0
199	W	0.00000	0.1078	0.89220	0
200	G	0.00000	0.08344	0.91656	0
201	V	0.00000	0.03462	0.96538	0
202	L	0.00000	0.00202	0.99798	0
203	A	0.00000	0.0003	0.99970	0
204	S	0.00000	8e-05	0.99992	0
205	F	0.00000	5e-05	0.99995	0
206	I	0.00000	0	1.00000	0
207	A	0.00000	0	1.00000	0
208	F	0.00000	0	1.00000	0
209	F	0.00000	0	1.00000	0
210	L	0.00000	0	1.00000	0
211	P	0.00000	0	1.00000	0
212	G	0.00000	0	1.00000	0
213	T	0.00000	0	1.00000	0
214	V	0.00000	0	1.00000	0
215	M	0.00002	0	0.99998	0
216	V	0.00005	0	0.99995	0
217	G	0.00196	0	0.99804	0
218	I	0.00370	0	0.99630	0
219	Y	0.01258	0	0.98742	0
220	V	0.03325	0	0.96675	0
221	H	0.07172	0	0.92828	0
222	I	0.08014	0	0.91986	0
223	F	0.18221	0	0.81779	0
224	T	0.86094	0	0.13906	0
225	I	0.89523	0	0.10477	0
226	A	0.99697	0	0.00303	0
227	R	0.99991	0	0.00009	0
228	K	0.99999	0	0.00001	0
229	H	1.00000	0	0.00000	0
230	A	1.00000	0	0.00000	0
231	R	1.00000	0	0.00000	0
232	Q	1.00000	0	0.00000	0
233	I	1.00000	0	0.00000	0
234	G	1.00000	0	0.00000	0
235	M	1.00000	0	0.00000	0
236	G	1.00000	0	0.00000	0
237	P	1.00000	0	0.00000	0
238	N	1.00000	0	0.00000	0
239	R	1.00000	0	0.00000	0
240	K	1.00000	0	0.00000	0
241	Q	1.00000	0	0.00000	0
242	G	1.00000	0	0.00000	0
243	G	1.00000	0	0.00000	0
244	S	1.00000	0	0.00000	0
245	E	1.00000	0	0.00000	0
246	S	1.00000	0	0.00000	0
247	K	1.00000	0	0.00000	0
248	M	1.00000	0	0.00000	0
249	K	1.00000	0	0.00000	0
250	V	1.00000	0	0.00000	0
251	S	1.00000	0	0.00000	0
252	S	1.00000	0	0.00000	0
253	K	1.00000	0	0.00000	0
254	K	1.00000	0	0.00000	0
255	E	1.00000	0	0.00000	0
256	S	0.98739	0	0.01261	0
257	K	0.98634	0	0.01366	0
258	A	0.46715	0	0.53285	0
259	T	0.46414	0	0.53586	0
260	K	0.38976	0	0.61024	0
261	T	0.26725	0	0.73275	0
262	L	0.00242	0	0.99758	0
263	S	0.00060	0	0.99940	0
264	I	0.00036	0	0.99964	0
265	V	0.00004	0	0.99996	0
266	M	0.00004	0	0.99996	0
267	G	0.00000	0	1.00000	0
268	V	0.00000	0	1.00000	0
269	F	0.00000	0	1.00000	0
270	V	0.00000	0	1.00000	0
271	L	0.00000	0	1.00000	0
272	C	0.00000	0	1.00000	0
273	W	0.00000	0	1.00000	0
274	L	0.00000	0	1.00000	0
275	P	0.00000	0	1.00000	0
276	F	0.00000	0	1.00000	0
277	F	0.00000	0	1.00000	0
278	V	0.00000	0.0004	0.99960	0
279	L	0.00000	0.00455	0.99545	0
280	T	0.00000	0.04716	0.95284	0
281	I	0.00000	0.13448	0.86552	0
282	T	0.00000	0.5738	0.42620	0
283	D	0.00000	0.9615	0.03850	0
284	P	0.00000	0.96329	0.03671	0
285	F	0.00000	0.964	0.03600	0
286	I	0.00000	0.96773	0.03227	0
287	N	0.00000	0.98005	0.01995	0
288	F	0.00000	0.9812	0.01880	0
289	T	0.00000	0.99177	0.00823	0
290	T	0.00000	0.99828	0.00172	0
291	P	0.00000	0.99978	0.00022	0
292	E	0.00000	0.99999	0.00001	0
293	D	0.00000	0.99991	0.00009	0
294	L	0.00000	0.99716	0.00284	0
295	Y	0.00000	0.99591	0.00409	0
296	N	0.00000	0.75857	0.24143	0
297	V	0.00000	0.01643	0.98357	0
298	F	0.00000	0.00298	0.99702	0
299	L	0.00000	0.00024	0.99976	0
300	W	0.00000	1e-05	0.99999	0
301	L	0.00000	0	1.00000	0
302	G	0.00000	0	1.00000	0
303	Y	0.00000	0	1.00000	0
304	F	0.00000	0	1.00000	0
305	N	0.00000	0	1.00000	0
306	S	0.00000	0	1.00000	0
307	T	0.00000	0	1.00000	0
308	F	0.00000	0	1.00000	0
309	N	0.00000	0	1.00000	0
310	P	0.00000	0	1.00000	0
311	I	0.00000	0	1.00000	0
312	I	0.00000	0	1.00000	0
313	Y	0.00001	0	0.99999	0
314	G	0.00005	0	0.99995	0
315	M	0.00091	0	0.99909	0
316	F	0.02110	0	0.97890	0
317	Y	0.11031	0	0.88969	0
318	S	0.59182	0	0.40818	0
319	W	0.81569	0	0.18431	0
320	F	0.96841	0	0.03159	0
321	R	1.00000	0	0.00000	0
322	K	1.00000	0	0.00000	0
323	A	1.00000	0	0.00000	0
324	L	1.00000	0	0.00000	0
325	R	1.00000	0	0.00000	0
326	M	1.00000	0	0.00000	0
327	I	1.00000	0	0.00000	0
328	V	1.00000	0	0.00000	0
329	T	1.00000	0	0.00000	0
330	G	1.00000	0	0.00000	0
331	T	1.00000	0	0.00000	0
332	I	1.00000	0	0.00000	0
333	F	1.00000	0	0.00000	0
334	H	1.00000	0	0.00000	0
335	P	1.00000	0	0.00000	0
336	D	1.00000	0	0.00000	0
337	S	1.00000	0	0.00000	0
338	S	1.00000	0	0.00000	0
339	T	1.00000	0	0.00000	0
340	L	1.00000	0	0.00000	0
341	N	1.00000	0	0.00000	0
342	L	1.00000	0	0.00000	0
343	F	1.00000	0	0.00000	0
344	P	1.00000	0	0.00000	0
345	A	1.00000	0	0.00000	0
346	D	1.00000	0	0.00000	0
347	A	1.00000	0	0.00000	0
