# UNNAMED
#pos	aa	i	o	M	S
1	M	0.00000	0.99996	0.00000	4e-05
2	S	0.00000	0.99996	0.00000	4e-05
3	E	0.00000	0.99996	0.00000	4e-05
4	P	0.00000	0.99996	0.00000	5e-05
5	H	0.00000	0.99996	0.00000	4e-05
6	L	0.00000	0.99996	0.00000	4e-05
7	H	0.00000	0.99996	0.00000	4e-05
8	G	0.00000	0.99996	0.00000	4e-05
9	S	0.00000	0.99996	0.00000	5e-05
10	N	0.00000	0.99996	0.00000	4e-05
11	S	0.00000	0.99996	0.00000	4e-05
12	T	0.00000	0.99996	0.00000	4e-05
13	A	0.00000	0.99996	0.00000	4e-05
14	G	0.00000	0.99996	0.00000	4e-05
15	G	0.00000	0.99996	0.00000	3e-05
16	A	0.00000	0.99996	0.00000	3e-05
17	W	0.00000	0.99997	0.00000	2e-05
18	S	0.00000	0.99997	0.00000	2e-05
19	L	0.00000	0.99999	0.00001	0
20	A	0.00000	0.99999	0.00001	0
21	G	0.00000	0.99998	0.00002	0
22	G	0.00000	0.99727	0.00273	0
23	G	0.00000	0.99012	0.00988	0
24	G	0.00000	0.97235	0.02765	0
25	P	0.00000	0.92141	0.07859	0
26	W	0.00000	0.44413	0.55587	0
27	L	0.00000	0.35718	0.64282	0
28	L	0.00000	0.30839	0.69161	0
29	A	0.00000	0.24559	0.75441	0
30	F	0.00000	0.18496	0.81504	0
31	M	0.00000	0.15726	0.84274	0
32	L	0.00000	0.03243	0.96757	0
33	T	0.00000	0.00822	0.99178	0
34	V	0.00000	0.0009	0.99910	0
35	I	0.00000	2e-05	0.99998	0
36	I	0.00000	0	1.00000	0
37	L	0.00000	0	1.00000	0
38	V	0.00000	0	1.00000	0
39	T	0.00000	0	1.00000	0
40	I	0.00000	0	1.00000	0
41	C	0.00000	0	1.00000	0
42	G	0.00000	0	1.00000	0
43	N	0.00000	0	1.00000	0
44	L	0.00000	0	1.00000	0
45	L	0.00000	0	1.00000	0
46	L	0.00000	0	1.00000	0
47	I	0.00001	0	0.99999	0
48	A	0.00053	0	0.99947	0
49	L	0.00730	0	0.99270	0
50	V	0.03729	0	0.96271	0
51	F	0.12764	0	0.87236	0
52	A	0.59379	0	0.40621	0
53	H	0.87273	0	0.12727	0
54	R	0.99725	0	0.00275	0
55	S	0.99977	0	0.00023	0
56	L	0.99992	0	0.00008	0
57	R	1.00000	0	0.00000	0
58	C	0.99936	0	0.00064	0
59	T	0.99712	0	0.00288	0
60	S	0.92138	0	0.07862	0
61	N	0.33592	0	0.66408	0
62	C	0.17203	0	0.82797	0
63	F	0.02312	0	0.97688	0
64	L	0.00226	0	0.99774	0
65	V	0.00008	0	0.99992	0
66	S	0.00000	0	1.00000	0
67	L	0.00000	0	1.00000	0
68	F	0.00000	0	1.00000	0
69	F	0.00000	0	1.00000	0
70	S	0.00000	0	1.00000	0
71	D	0.00000	0	1.00000	0
72	L	0.00000	0	1.00000	0
73	M	0.00000	0	1.00000	0
74	V	0.00000	0	1.00000	0
75	A	0.00000	0	1.00000	0
76	L	0.00000	0	1.00000	0
77	V	0.00000	0	1.00000	0
78	V	0.00000	0	1.00000	0
79	M	0.00000	6e-05	0.99994	0
80	P	0.00000	0.00127	0.99873	0
81	P	0.00000	0.01397	0.98603	0
82	A	0.00000	0.07889	0.92111	0
83	M	0.00000	0.16218	0.83782	0
84	L	0.00000	0.47526	0.52474	0
85	N	0.00000	0.99997	0.00003	0
86	V	0.00000	1	0.00000	0
87	L	0.00000	1	0.00000	0
88	C	0.00000	1	0.00000	0
89	G	0.00000	1	0.00000	0
90	A	0.00000	1	0.00000	0
91	W	0.00000	1	0.00000	0
92	V	0.00000	1	0.00000	0
93	L	0.00000	1	0.00000	0
94	W	0.00000	1	0.00000	0
95	P	0.00000	1	0.00000	0
96	S	0.00000	0.99999	0.00001	0
97	F	0.00000	0.99997	0.00003	0
98	C	0.00000	0.99996	0.00004	0
99	P	0.00000	0.99995	0.00005	0
100	V	0.00000	0.99877	0.00123	0
101	W	0.00000	0.87959	0.12041	0
102	L	0.00000	0.17677	0.82323	0
103	C	0.00000	0.05468	0.94532	0
104	F	0.00000	0.00058	0.99942	0
105	D	0.00000	0.00017	0.99983	0
106	V	0.00000	1e-05	0.99999	0
107	M	0.00000	0	1.00000	0
108	C	0.00000	0	1.00000	0
109	C	0.00000	0	1.00000	0
110	S	0.00000	0	1.00000	0
111	A	0.00000	0	1.00000	0
112	S	0.00000	0	1.00000	0
113	I	0.00000	0	1.00000	0
114	L	0.00000	0	1.00000	0
115	N	0.00000	0	1.00000	0
116	L	0.00000	0	1.00000	0
117	C	0.00000	0	1.00000	0
118	V	0.00000	0	1.00000	0
119	I	0.00000	0	1.00000	0
120	S	0.00000	0	1.00000	0
121	L	0.00000	0	1.00000	0
122	D	0.00001	0	0.99999	0
123	R	0.02398	0	0.97602	0
124	Y	0.32596	0	0.67404	0
125	L	0.70475	0	0.29525	0
126	F	0.79852	0	0.20148	0
127	I	0.99993	0	0.00007	0
128	I	1.00000	0	0.00000	0
129	S	1.00000	0	0.00000	0
130	P	1.00000	0	0.00000	0
131	L	1.00000	0	0.00000	0
132	R	1.00000	0	0.00000	0
133	Y	1.00000	0	0.00000	0
134	K	1.00000	0	0.00000	0
135	Q	1.00000	0	0.00000	0
136	R	1.00000	0	0.00000	0
137	M	0.99890	0	0.00110	0
138	T	0.99654	0	0.00346	0
139	A	0.98172	0	0.01828	0
140	P	0.97368	0	0.02632	0
141	R	0.84106	0	0.15894	0
142	A	0.07182	0	0.92818	0
143	L	0.00358	0	0.99642	0
144	L	0.00012	0	0.99988	0
145	L	0.00001	0	0.99999	0
146	V	0.00000	0	1.00000	0
147	G	0.00000	0	1.00000	0
148	A	0.00000	0	1.00000	0
149	A	0.00000	0	1.00000	0
150	W	0.00000	0	1.00000	0
151	G	0.00000	0	1.00000	0
152	L	0.00000	0	1.00000	0
153	A	0.00000	0	1.00000	0
154	A	0.00000	0	1.00000	0
155	L	0.00000	0	1.00000	0
156	A	0.00000	0	1.00000	0
157	S	0.00000	9e-05	0.99991	0
158	F	0.00000	0.00026	0.99974	0
159	L	0.00000	0.00211	0.99789	0
160	P	0.00000	0.01856	0.98144	0
161	I	0.00000	0.05302	0.94698	0
162	E	0.00000	0.58985	0.41015	0
163	M	0.00000	0.64911	0.35089	0
164	K	0.00000	0.99502	0.00498	0
165	W	0.00000	0.99745	0.00255	0
166	H	0.00000	0.99973	0.00027	0
167	S	0.00000	0.99997	0.00003	0
168	L	0.00000	0.99999	0.00001	0
169	E	0.00000	1	0.00000	0
170	K	0.00000	1	0.00000	0
171	L	0.00000	1	0.00000	0
172	Y	0.00000	1	0.00000	0
173	F	0.00000	1	0.00000	0
174	Q	0.00000	1	0.00000	0
175	P	0.00000	1	0.00000	0
176	S	0.00000	1	0.00000	0
177	V	0.00000	1	0.00000	0
178	S	0.00000	1	0.00000	0
179	G	0.00000	1	0.00000	0
180	G	0.00000	1	0.00000	0
181	V	0.00000	1	0.00000	0
182	S	0.00000	1	0.00000	0
183	F	0.00000	1	0.00000	0
184	Q	0.00000	1	0.00000	0
185	C	0.00000	0.99999	0.00001	0
186	R	0.00000	0.99997	0.00003	0
187	L	0.00000	0.90856	0.09144	0
188	Q	0.00000	0.90798	0.09202	0
189	V	0.00000	0.88731	0.11269	0
190	T	0.00000	0.88371	0.11629	0
191	L	0.00000	0.81582	0.18418	0
192	P	0.00000	0.79741	0.20259	0
193	F	0.00000	0.029	0.97100	0
194	A	0.00000	0.00504	0.99496	0
195	L	0.00000	0.00271	0.99729	0
196	V	0.00000	0.00014	0.99986	0
197	A	0.00000	2e-05	0.99998	0
198	S	0.00000	0	1.00000	0
199	A	0.00000	0	1.00000	0
200	L	0.00000	0	1.00000	0
201	T	0.00000	0	1.00000	0
202	F	0.00000	0	1.00000	0
203	F	0.00000	0	1.00000	0
204	L	0.00000	0	1.00000	0
205	P	0.00000	0	1.00000	0
206	S	0.00000	0	1.00000	0
207	S	0.00000	0	1.00000	0
208	A	0.00000	0	1.00000	0
209	I	0.00000	0	1.00000	0
210	C	0.00001	0	0.99999	0
211	F	0.00049	0	0.99951	0
212	T	0.01340	0	0.98660	0
213	Y	0.02260	0	0.97740	0
214	C	0.05918	0	0.94082	0
215	R	0.14820	0	0.85180	0
216	I	0.15520	0	0.84480	0
217	L	0.20904	0	0.79096	0
218	L	0.61473	0	0.38527	0
219	A	0.85749	0	0.14251	0
220	A	0.99920	0	0.00080	0
221	R	0.99999	0	0.00001	0
222	R	1.00000	0	0.00000	0
223	Q	1.00000	0	0.00000	0
224	A	1.00000	0	0.00000	0
225	K	1.00000	0	0.00000	0
226	R	1.00000	0	0.00000	0
227	V	1.00000	0	0.00000	0
228	A	1.00000	0	0.00000	0
229	A	1.00000	0	0.00000	0
230	L	1.00000	0	0.00000	0
231	T	1.00000	0	0.00000	0
232	T	1.00000	0	0.00000	0
233	D	1.00000	0	0.00000	0
234	V	1.00000	0	0.00000	0
235	A	1.00000	0	0.00000	0
236	A	1.00000	0	0.00000	0
237	E	1.00000	0	0.00000	0
238	T	1.00000	0	0.00000	0
239	A	1.00000	0	0.00000	0
240	D	1.00000	0	0.00000	0
241	A	1.00000	0	0.00000	0
242	L	1.00000	0	0.00000	0
243	F	1.00000	0	0.00000	0
244	V	1.00000	0	0.00000	0
245	E	1.00000	0	0.00000	0
246	V	1.00000	0	0.00000	0
247	S	1.00000	0	0.00000	0
248	C	1.00000	0	0.00000	0
249	R	1.00000	0	0.00000	0
250	P	1.00000	0	0.00000	0
251	Q	1.00000	0	0.00000	0
252	P	1.00000	0	0.00000	0
253	S	1.00000	0	0.00000	0
254	A	1.00000	0	0.00000	0
255	N	1.00000	0	0.00000	0
256	S	1.00000	0	0.00000	0
257	E	1.00000	0	0.00000	0
258	R	1.00000	0	0.00000	0
259	R	1.00000	0	0.00000	0
260	L	1.00000	0	0.00000	0
261	A	1.00000	0	0.00000	0
262	H	1.00000	0	0.00000	0
263	R	1.00000	0	0.00000	0
264	Q	1.00000	0	0.00000	0
265	G	0.99993	0	0.00007	0
266	R	0.99752	0	0.00248	0
267	R	0.87283	0	0.12717	0
268	A	0.87038	0	0.12962	0
269	L	0.67296	0	0.32704	0
270	K	0.67209	0	0.32791	0
271	A	0.15121	0	0.84879	0
272	S	0.11151	0	0.88849	0
273	L	0.10926	0	0.89074	0
274	T	0.10879	0	0.89121	0
275	L	0.00018	0	0.99982	0
276	G	0.00015	0	0.99985	0
277	V	0.00001	0	0.99999	0
278	L	0.00000	0	1.00000	0
279	L	0.00000	0	1.00000	0
280	G	0.00000	0	1.00000	0
281	L	0.00000	0	1.00000	0
282	F	0.00000	0	1.00000	0
283	F	0.00000	0	1.00000	0
284	S	0.00000	0	1.00000	0
285	A	0.00000	0	1.00000	0
286	W	0.00000	0	1.00000	0
287	L	0.00000	2e-05	0.99998	0
288	P	0.00000	0.00027	0.99973	0
289	F	0.00000	0.00046	0.99954	0
290	F	0.00000	0.00273	0.99727	0
291	I	0.00000	0.01305	0.98695	0
292	A	0.00000	0.05955	0.94045	0
293	N	0.00000	0.18961	0.81039	0
294	M	0.00000	0.22708	0.77292	0
295	A	0.00000	0.41593	0.58407	0
296	Q	0.00000	0.77239	0.22761	0
297	A	0.00000	0.8237	0.17630	0
298	V	0.00000	0.88818	0.11182	0
299	C	0.00000	0.99495	0.00505	0
300	D	0.00000	0.99992	0.00008	0
301	C	0.00000	0.99983	0.00017	0
302	V	0.00000	0.99824	0.00176	0
303	P	0.00000	0.99687	0.00313	0
304	L	0.00000	0.98382	0.01618	0
305	A	0.00000	0.97945	0.02055	0
306	L	0.00000	0.97437	0.02563	0
307	F	0.00000	0.97276	0.02724	0
308	D	0.00000	0.92274	0.07726	0
309	A	0.00000	0.01572	0.98428	0
310	I	0.00000	0.00063	0.99937	0
311	T	0.00000	0	1.00000	0
312	W	0.00000	0	1.00000	0
313	L	0.00000	0	1.00000	0
314	G	0.00000	0	1.00000	0
315	Y	0.00001	0	0.99999	0
316	C	0.00004	0	0.99996	0
317	N	0.00006	0	0.99994	0
318	S	0.00006	0	0.99994	0
319	T	0.00006	0	0.99994	0
320	M	0.00006	0	0.99994	0
321	N	0.00006	0	0.99994	0
322	P	0.00006	0	0.99994	0
323	I	0.00007	0	0.99993	0
324	I	0.00011	0	0.99989	0
325	Y	0.00050	0	0.99950	0
326	P	0.00120	0	0.99880	0
327	L	0.00155	0	0.99845	0
328	F	0.01285	0	0.98715	0
329	M	0.45726	0	0.54274	0
330	R	1.00000	0	0.00000	0
331	D	1.00000	0	0.00000	0
332	F	1.00000	0	0.00000	0
333	K	1.00000	0	0.00000	0
334	R	1.00000	0	0.00000	0
335	A	1.00000	0	0.00000	0
336	L	1.00000	0	0.00000	0
337	G	1.00000	0	0.00000	0
338	K	1.00000	0	0.00000	0
339	L	1.00000	0	0.00000	0
340	L	1.00000	0	0.00000	0
341	P	1.00000	0	0.00000	0
342	C	1.00000	0	0.00000	0
343	C	1.00000	0	0.00000	0
344	S	1.00000	0	0.00000	0
345	S	1.00000	0	0.00000	0
346	R	1.00000	0	0.00000	0
347	S	1.00000	0	0.00000	0
348	P	1.00000	0	0.00000	0
349	R	1.00000	0	0.00000	0
350	R	1.00000	0	0.00000	0
351	P	1.00000	0	0.00000	0
352	S	1.00000	0	0.00000	0
353	P	1.00000	0	0.00000	0
354	V	1.00000	0	0.00000	0
355	L	1.00000	0	0.00000	0
356	S	1.00000	0	0.00000	0
357	I	1.00000	0	0.00000	0
358	S	1.00000	0	0.00000	0
359	L	1.00000	0	0.00000	0
360	R	1.00000	0	0.00000	0
361	N	1.00000	0	0.00000	0
362	S	1.00000	0	0.00000	0
363	G	1.00000	0	0.00000	0
364	E	1.00000	0	0.00000	0
365	P	1.00000	0	0.00000	0
366	N	1.00000	0	0.00000	0
367	V	1.00000	0	0.00000	0
368	A	1.00000	0	0.00000	0
369	S	1.00000	0	0.00000	0
370	D	1.00000	0	0.00000	0
371	L	1.00000	0	0.00000	0
372	P	1.00000	0	0.00000	0
373	S	1.00000	0	0.00000	0
374	P	1.00000	0	0.00000	0
375	L	1.00000	0	0.00000	0
376	A	1.00000	0	0.00000	0
377	S	1.00000	0	0.00000	0
378	D	1.00000	0	0.00000	0
379	H	1.00000	0	0.00000	0
380	T	1.00000	0	0.00000	0
381	P	1.00000	0	0.00000	0
382	P	1.00000	0	0.00000	0
383	P	1.00000	0	0.00000	0
384	A	1.00000	0	0.00000	0
385	T	1.00000	0	0.00000	0
386	A	1.00000	0	0.00000	0
387	T	1.00000	0	0.00000	0
388	D	1.00000	0	0.00000	0
389	A	1.00000	0	0.00000	0
390	V	1.00000	0	0.00000	0
391	N	1.00000	0	0.00000	0
392	L	1.00000	0	0.00000	0
393	L	1.00000	0	0.00000	0
394	D	1.00000	0	0.00000	0
395	A	1.00000	0	0.00000	0
396	E	1.00000	0	0.00000	0
397	L	1.00000	0	0.00000	0
398	A	1.00000	0	0.00000	0
399	G	1.00000	0	0.00000	0
400	I	1.00000	0	0.00000	0
401	Q	1.00000	0	0.00000	0
402	L	1.00000	0	0.00000	0
403	P	1.00000	0	0.00000	0
404	N	1.00000	0	0.00000	0
405	Q	1.00000	0	0.00000	0
406	T	1.00000	0	0.00000	0
407	D	1.00000	0	0.00000	0
408	N	1.00000	0	0.00000	0
409	L	1.00000	0	0.00000	0
410	D	1.00000	0	0.00000	0
