# UNNAMED
#pos	aa	i	o	M	S
1	M	0.00000	0.99998	0.00000	2e-05
2	A	0.00000	0.99998	0.00000	1e-05
3	N	0.00000	0.99998	0.00000	2e-05
4	F	0.00000	0.99998	0.00000	2e-05
5	T	0.00000	0.99998	0.00000	2e-05
6	P	0.00000	0.99998	0.00000	1e-05
7	V	0.00000	0.99998	0.00000	1e-05
8	N	0.00000	0.99998	0.00000	1e-05
9	G	0.00000	0.99998	0.00000	1e-05
10	S	0.00000	0.99998	0.00000	1e-05
11	S	0.00000	0.99998	0.00000	1e-05
12	G	0.00000	0.99998	0.00000	1e-05
13	N	0.00000	0.99998	0.00000	2e-05
14	Q	0.00000	0.99998	0.00000	2e-05
15	S	0.00000	0.99998	0.00000	2e-05
16	V	0.00000	0.99998	0.00000	2e-05
17	R	0.00000	0.99999	0.00000	1e-05
18	L	0.00000	0.99999	0.00000	1e-05
19	V	0.00000	1	0.00000	1e-05
20	T	0.00000	0.99999	0.00000	1e-05
21	S	0.00000	0.99999	0.00000	1e-05
22	S	0.00000	1	0.00000	0
23	S	0.00000	1	0.00000	0
24	H	0.00000	1	0.00000	0
25	N	0.00000	1	0.00000	0
26	R	0.00000	1	0.00000	0
27	Y	0.00000	0.99996	0.00004	0
28	E	0.00000	0.99995	0.00005	0
29	T	0.00000	0.99919	0.00081	0
30	V	0.00000	0.99732	0.00268	0
31	E	0.00000	0.99514	0.00486	0
32	M	0.00000	0.9204	0.07960	0
33	V	0.00000	0.36244	0.63756	0
34	F	0.00000	0.11415	0.88585	0
35	I	0.00000	0.00654	0.99346	0
36	A	0.00000	0.00136	0.99864	0
37	T	0.00000	0.00028	0.99972	0
38	V	0.00000	1e-05	0.99999	0
39	T	0.00000	0	1.00000	0
40	G	0.00000	0	1.00000	0
41	S	0.00000	0	1.00000	0
42	L	0.00000	0	1.00000	0
43	S	0.00000	0	1.00000	0
44	L	0.00000	0	1.00000	0
45	V	0.00000	0	1.00000	0
46	T	0.00000	0	1.00000	0
47	V	0.00000	0	1.00000	0
48	V	0.00000	0	1.00000	0
49	G	0.00000	0	1.00000	0
50	N	0.00000	0	1.00000	0
51	I	0.00000	0	1.00000	0
52	L	0.00001	0	0.99999	0
53	V	0.00018	0	0.99982	0
54	M	0.00221	0	0.99779	0
55	L	0.01914	0	0.98086	0
56	S	0.46040	0	0.53960	0
57	I	0.52154	0	0.47846	0
58	K	0.98539	0	0.01461	0
59	V	0.99333	0	0.00667	0
60	N	0.99977	0	0.00023	0
61	R	0.99999	0	0.00001	0
62	Q	1.00000	0	0.00000	0
63	L	0.99972	0	0.00028	0
64	Q	0.99908	0	0.00092	0
65	T	0.97922	0	0.02078	0
66	V	0.75255	0	0.24745	0
67	N	0.46223	0	0.53777	0
68	N	0.11697	0	0.88303	0
69	Y	0.04643	0	0.95357	0
70	F	0.00074	0	0.99926	0
71	L	0.00005	0	0.99995	0
72	F	0.00000	0	1.00000	0
73	S	0.00000	0	1.00000	0
74	L	0.00000	0	1.00000	0
75	A	0.00000	0	1.00000	0
76	C	0.00000	0	1.00000	0
77	A	0.00000	0	1.00000	0
78	D	0.00000	0	1.00000	0
79	L	0.00000	0	1.00000	0
80	I	0.00000	0	1.00000	0
81	I	0.00000	0	1.00000	0
82	G	0.00000	0	1.00000	0
83	A	0.00000	1e-05	0.99999	0
84	F	0.00000	0.00086	0.99914	0
85	S	0.00000	0.04503	0.95497	0
86	M	0.00000	0.0703	0.92970	0
87	N	0.00000	0.27664	0.72336	0
88	L	0.00000	0.29197	0.70803	0
89	Y	0.00000	0.40934	0.59066	0
90	T	0.00000	0.44172	0.55828	0
91	V	0.00000	0.50032	0.49968	0
92	Y	0.00000	0.57942	0.42058	0
93	I	0.00000	0.62139	0.37861	0
94	I	0.00000	0.7538	0.24620	0
95	K	0.00000	0.95445	0.04555	0
96	G	0.00000	0.9903	0.00970	0
97	Y	0.00000	0.99885	0.00115	0
98	W	0.00000	0.99966	0.00034	0
99	P	0.00000	0.99994	0.00006	0
100	L	0.00000	1	0.00000	0
101	G	0.00000	1	0.00000	0
102	A	0.00000	0.99997	0.00003	0
103	V	0.00000	0.9999	0.00010	0
104	V	0.00000	0.99989	0.00011	0
105	C	0.00000	0.99988	0.00012	0
106	D	0.00000	0.99979	0.00021	0
107	L	0.00000	0.99926	0.00074	0
108	W	0.00000	0.94814	0.05186	0
109	L	0.00000	0.53579	0.46421	0
110	A	0.00000	0.28767	0.71233	0
111	L	0.00000	0.00904	0.99096	0
112	D	0.00000	0.0003	0.99970	0
113	Y	0.00000	2e-05	0.99998	0
114	V	0.00000	0	1.00000	0
115	V	0.00000	0	1.00000	0
116	S	0.00000	0	1.00000	0
117	N	0.00000	0	1.00000	0
118	A	0.00000	0	1.00000	0
119	S	0.00000	0	1.00000	0
120	V	0.00000	0	1.00000	0
121	M	0.00000	0	1.00000	0
122	N	0.00000	0	1.00000	0
123	L	0.00000	0	1.00000	0
124	L	0.00000	0	1.00000	0
125	I	0.00000	0	1.00000	0
126	I	0.00000	0	1.00000	0
127	S	0.00000	0	1.00000	0
128	F	0.00000	0	1.00000	0
129	D	0.00020	0	0.99980	0
130	R	0.10790	0	0.89210	0
131	Y	0.38933	0	0.61067	0
132	F	0.67386	0	0.32614	0
133	C	0.93770	0	0.06230	0
134	V	0.99998	0	0.00002	0
135	T	1.00000	0	0.00000	0
136	K	1.00000	0	0.00000	0
137	P	1.00000	0	0.00000	0
138	L	1.00000	0	0.00000	0
139	T	1.00000	0	0.00000	0
140	Y	1.00000	0	0.00000	0
141	P	1.00000	0	0.00000	0
142	A	1.00000	0	0.00000	0
143	R	1.00000	0	0.00000	0
144	R	1.00000	0	0.00000	0
145	T	0.99995	0	0.00005	0
146	T	0.99972	0	0.00028	0
147	K	0.99589	0	0.00411	0
148	M	0.64315	0	0.35685	0
149	A	0.25627	0	0.74373	0
150	G	0.13442	0	0.86558	0
151	L	0.01922	0	0.98078	0
152	M	0.00707	0	0.99293	0
153	I	0.00035	0	0.99965	0
154	A	0.00005	0	0.99995	0
155	A	0.00000	0	1.00000	0
156	A	0.00000	0	1.00000	0
157	W	0.00000	0	1.00000	0
158	V	0.00000	0	1.00000	0
159	L	0.00000	0	1.00000	0
160	S	0.00000	0	1.00000	0
161	F	0.00000	0	1.00000	0
162	V	0.00000	0	1.00000	0
163	L	0.00000	0	1.00000	0
164	W	0.00000	0	1.00000	0
165	A	0.00000	0	1.00000	0
166	P	0.00000	5e-05	0.99995	0
167	A	0.00000	0.00016	0.99984	0
168	I	0.00000	0.00308	0.99692	0
169	L	0.00000	0.03051	0.96949	0
170	F	0.00000	0.18235	0.81765	0
171	W	0.00000	0.51859	0.48141	0
172	Q	0.00000	0.92436	0.07564	0
173	F	0.00000	0.94195	0.05805	0
174	V	0.00000	0.97214	0.02786	0
175	V	0.00000	0.9909	0.00910	0
176	G	0.00000	0.99958	0.00042	0
177	K	0.00000	1	0.00000	0
178	R	0.00000	1	0.00000	0
179	T	0.00000	1	0.00000	0
180	V	0.00000	1	0.00000	0
181	P	0.00000	1	0.00000	0
182	D	0.00000	1	0.00000	0
183	N	0.00000	1	0.00000	0
184	Q	0.00000	1	0.00000	0
185	C	0.00000	1	0.00000	0
186	F	0.00000	0.99946	0.00054	0
187	I	0.00000	0.99866	0.00134	0
188	Q	0.00000	0.99661	0.00339	0
189	F	0.00000	0.99483	0.00517	0
190	L	0.00000	0.99262	0.00738	0
191	S	0.00000	0.99128	0.00872	0
192	N	0.00000	0.98944	0.01056	0
193	P	0.00000	0.34406	0.65594	0
194	A	0.00000	0.13909	0.86091	0
195	V	0.00000	0.07017	0.92983	0
196	T	0.00000	0.06109	0.93891	0
197	F	0.00000	0.02912	0.97088	0
198	G	0.00000	0.02371	0.97629	0
199	T	0.00000	0.01957	0.98043	0
200	A	0.00000	0.00042	0.99958	0
201	I	0.00000	0.00025	0.99975	0
202	A	0.00000	0	1.00000	0
203	A	0.00000	0	1.00000	0
204	F	0.00000	0	1.00000	0
205	Y	0.00000	0	1.00000	0
206	L	0.00000	0	1.00000	0
207	P	0.00000	0	1.00000	0
208	V	0.00000	0	1.00000	0
209	V	0.00000	0	1.00000	0
210	I	0.00002	0	0.99998	0
211	M	0.00005	0	0.99995	0
212	T	0.00008	0	0.99992	0
213	V	0.00019	0	0.99981	0
214	L	0.00048	0	0.99952	0
215	Y	0.00155	0	0.99845	0
216	I	0.01391	0	0.98609	0
217	H	0.15528	0	0.84472	0
218	I	0.28699	0	0.71301	0
219	S	0.83735	0	0.16265	0
220	L	0.91328	0	0.08672	0
221	A	0.95839	0	0.04161	0
222	S	0.99894	0	0.00106	0
223	R	0.99980	0	0.00020	0
224	S	0.99988	0	0.00012	0
225	R	0.99996	0	0.00004	0
226	V	0.99996	0	0.00004	0
227	H	0.99998	0	0.00002	0
228	K	1.00000	0	0.00000	0
229	H	1.00000	0	0.00000	0
230	R	1.00000	0	0.00000	0
231	P	1.00000	0	0.00000	0
232	E	1.00000	0	0.00000	0
233	G	1.00000	0	0.00000	0
234	P	1.00000	0	0.00000	0
235	K	1.00000	0	0.00000	0
236	E	1.00000	0	0.00000	0
237	K	1.00000	0	0.00000	0
238	K	1.00000	0	0.00000	0
239	A	1.00000	0	0.00000	0
240	K	1.00000	0	0.00000	0
241	T	1.00000	0	0.00000	0
242	L	1.00000	0	0.00000	0
243	A	1.00000	0	0.00000	0
244	F	1.00000	0	0.00000	0
245	L	1.00000	0	0.00000	0
246	K	1.00000	0	0.00000	0
247	S	1.00000	0	0.00000	0
248	P	1.00000	0	0.00000	0
249	L	1.00000	0	0.00000	0
250	M	1.00000	0	0.00000	0
251	K	1.00000	0	0.00000	0
252	Q	1.00000	0	0.00000	0
253	S	1.00000	0	0.00000	0
254	I	1.00000	0	0.00000	0
255	K	1.00000	0	0.00000	0
256	K	1.00000	0	0.00000	0
257	P	1.00000	0	0.00000	0
258	P	1.00000	0	0.00000	0
259	P	1.00000	0	0.00000	0
260	G	1.00000	0	0.00000	0
261	E	1.00000	0	0.00000	0
262	A	1.00000	0	0.00000	0
263	A	1.00000	0	0.00000	0
264	R	1.00000	0	0.00000	0
265	E	1.00000	0	0.00000	0
266	E	1.00000	0	0.00000	0
267	L	1.00000	0	0.00000	0
268	R	1.00000	0	0.00000	0
269	N	1.00000	0	0.00000	0
270	G	1.00000	0	0.00000	0
271	K	1.00000	0	0.00000	0
272	L	1.00000	0	0.00000	0
273	E	1.00000	0	0.00000	0
274	E	1.00000	0	0.00000	0
275	A	1.00000	0	0.00000	0
276	P	1.00000	0	0.00000	0
277	P	1.00000	0	0.00000	0
278	P	1.00000	0	0.00000	0
279	A	1.00000	0	0.00000	0
280	L	1.00000	0	0.00000	0
281	P	1.00000	0	0.00000	0
282	P	1.00000	0	0.00000	0
283	P	1.00000	0	0.00000	0
284	P	1.00000	0	0.00000	0
285	R	1.00000	0	0.00000	0
286	P	1.00000	0	0.00000	0
287	V	1.00000	0	0.00000	0
288	A	1.00000	0	0.00000	0
289	D	1.00000	0	0.00000	0
290	K	1.00000	0	0.00000	0
291	D	1.00000	0	0.00000	0
292	T	1.00000	0	0.00000	0
293	S	1.00000	0	0.00000	0
294	N	1.00000	0	0.00000	0
295	E	1.00000	0	0.00000	0
296	S	1.00000	0	0.00000	0
297	S	1.00000	0	0.00000	0
298	S	1.00000	0	0.00000	0
299	G	1.00000	0	0.00000	0
300	S	1.00000	0	0.00000	0
301	A	1.00000	0	0.00000	0
302	T	1.00000	0	0.00000	0
303	Q	1.00000	0	0.00000	0
304	N	1.00000	0	0.00000	0
305	T	1.00000	0	0.00000	0
306	K	1.00000	0	0.00000	0
307	E	1.00000	0	0.00000	0
308	R	1.00000	0	0.00000	0
309	P	1.00000	0	0.00000	0
310	A	1.00000	0	0.00000	0
311	T	1.00000	0	0.00000	0
312	E	1.00000	0	0.00000	0
313	L	1.00000	0	0.00000	0
314	S	1.00000	0	0.00000	0
315	T	1.00000	0	0.00000	0
316	T	1.00000	0	0.00000	0
317	E	1.00000	0	0.00000	0
318	A	1.00000	0	0.00000	0
319	T	1.00000	0	0.00000	0
320	T	1.00000	0	0.00000	0
321	P	1.00000	0	0.00000	0
322	A	1.00000	0	0.00000	0
323	M	1.00000	0	0.00000	0
324	P	1.00000	0	0.00000	0
325	A	1.00000	0	0.00000	0
326	P	1.00000	0	0.00000	0
327	P	1.00000	0	0.00000	0
328	L	1.00000	0	0.00000	0
329	Q	1.00000	0	0.00000	0
330	P	1.00000	0	0.00000	0
331	R	1.00000	0	0.00000	0
332	A	1.00000	0	0.00000	0
333	L	1.00000	0	0.00000	0
334	N	1.00000	0	0.00000	0
335	P	1.00000	0	0.00000	0
336	A	1.00000	0	0.00000	0
337	S	1.00000	0	0.00000	0
338	K	1.00000	0	0.00000	0
339	W	1.00000	0	0.00000	0
340	S	1.00000	0	0.00000	0
341	K	1.00000	0	0.00000	0
342	I	1.00000	0	0.00000	0
343	Q	1.00000	0	0.00000	0
344	I	1.00000	0	0.00000	0
345	V	1.00000	0	0.00000	0
346	T	1.00000	0	0.00000	0
347	K	1.00000	0	0.00000	0
348	Q	1.00000	0	0.00000	0
349	T	1.00000	0	0.00000	0
350	G	1.00000	0	0.00000	0
351	N	1.00000	0	0.00000	0
352	E	1.00000	0	0.00000	0
353	C	1.00000	0	0.00000	0
354	V	1.00000	0	0.00000	0
355	T	1.00000	0	0.00000	0
356	A	1.00000	0	0.00000	0
357	I	1.00000	0	0.00000	0
358	E	1.00000	0	0.00000	0
359	I	1.00000	0	0.00000	0
360	V	1.00000	0	0.00000	0
361	P	1.00000	0	0.00000	0
362	A	1.00000	0	0.00000	0
363	T	1.00000	0	0.00000	0
364	P	1.00000	0	0.00000	0
365	A	1.00000	0	0.00000	0
366	G	1.00000	0	0.00000	0
367	M	1.00000	0	0.00000	0
368	R	1.00000	0	0.00000	0
369	P	1.00000	0	0.00000	0
370	A	1.00000	0	0.00000	0
371	A	1.00000	0	0.00000	0
372	N	1.00000	0	0.00000	0
373	V	1.00000	0	0.00000	0
374	A	1.00000	0	0.00000	0
375	R	1.00000	0	0.00000	0
376	K	1.00000	0	0.00000	0
377	F	1.00000	0	0.00000	0
378	A	1.00000	0	0.00000	0
379	S	1.00000	0	0.00000	0
380	I	1.00000	0	0.00000	0
381	A	1.00000	0	0.00000	0
382	R	1.00000	0	0.00000	0
383	N	1.00000	0	0.00000	0
384	Q	1.00000	0	0.00000	0
385	V	1.00000	0	0.00000	0
386	R	1.00000	0	0.00000	0
387	K	1.00000	0	0.00000	0
388	K	1.00000	0	0.00000	0
389	R	1.00000	0	0.00000	0
390	Q	1.00000	0	0.00000	0
391	M	1.00000	0	0.00000	0
392	A	1.00000	0	0.00000	0
393	A	1.00000	0	0.00000	0
394	R	1.00000	0	0.00000	0
395	E	1.00000	0	0.00000	0
396	R	0.79538	0	0.20462	0
397	K	0.73951	0	0.26049	0
398	V	0.54012	0	0.45988	0
399	T	0.31796	0	0.68204	0
400	R	0.28094	0	0.71906	0
401	T	0.23688	0	0.76312	0
402	I	0.19215	0	0.80785	0
403	F	0.00481	0	0.99519	0
404	A	0.00047	0	0.99953	0
405	I	0.00005	0	0.99995	0
406	L	0.00004	0	0.99996	0
407	L	0.00000	0	1.00000	0
408	A	0.00000	0	1.00000	0
409	F	0.00000	0	1.00000	0
410	I	0.00000	0	1.00000	0
411	L	0.00000	0	1.00000	0
412	T	0.00000	0	1.00000	0
413	W	0.00000	0	1.00000	0
414	T	0.00000	0	1.00000	0
415	P	0.00000	4e-05	0.99996	0
416	Y	0.00000	0.00024	0.99976	0
417	N	0.00000	0.00131	0.99869	0
418	V	0.00000	0.0017	0.99830	0
419	M	0.00000	0.00363	0.99637	0
420	V	0.00000	0.02135	0.97865	0
421	L	0.00000	0.14206	0.85794	0
422	V	0.00000	0.31068	0.68932	0
423	N	0.00000	0.70289	0.29711	0
424	T	0.00000	0.76814	0.23186	0
425	F	0.00000	0.79564	0.20436	0
426	C	0.00000	0.97619	0.02381	0
427	Q	0.00000	0.99561	0.00439	0
428	S	0.00000	0.99873	0.00127	0
429	C	0.00000	0.99966	0.00034	0
430	I	0.00000	0.99972	0.00028	0
431	P	0.00000	0.9998	0.00020	0
432	D	0.00000	0.99988	0.00012	0
433	T	0.00000	0.9957	0.00430	0
434	V	0.00000	0.99463	0.00537	0
435	W	0.00000	0.99413	0.00587	0
436	S	0.00000	0.97182	0.02818	0
437	I	0.00000	0.76038	0.23962	0
438	G	0.00000	0.74477	0.25523	0
439	Y	0.00000	0.52406	0.47594	0
440	W	0.00000	0.04487	0.95513	0
441	L	0.00000	0.00014	0.99985	0
442	C	0.00000	1e-05	0.99999	0
443	Y	0.00000	0	1.00000	0
444	V	0.00000	0	1.00000	0
445	N	0.00000	0	1.00000	0
446	S	0.00000	0	1.00000	0
447	T	0.00000	0	1.00000	0
448	I	0.00000	0	1.00000	0
449	N	0.00000	0	1.00000	0
450	P	0.00000	0	1.00000	0
451	A	0.00000	0	1.00000	0
452	C	0.00000	0	1.00000	0
453	Y	0.00001	0	0.99999	0
454	A	0.00004	0	0.99996	0
455	L	0.00014	0	0.99986	0
456	C	0.00409	0	0.99591	0
457	N	0.04246	0	0.95754	0
458	A	0.11149	0	0.88851	0
459	T	0.14482	0	0.85518	0
460	F	0.26270	0	0.73730	0
461	K	1.00000	0	0.00000	0
462	K	1.00000	0	0.00000	0
463	T	1.00000	0	0.00000	0
464	F	1.00000	0	0.00000	0
465	R	1.00000	0	0.00000	0
466	H	1.00000	0	0.00000	0
467	L	1.00000	0	0.00000	0
468	L	1.00000	0	0.00000	0
469	L	1.00000	0	0.00000	0
470	C	1.00000	0	0.00000	0
471	Q	1.00000	0	0.00000	0
472	Y	1.00000	0	0.00000	0
473	R	1.00000	0	0.00000	0
474	N	1.00000	0	0.00000	0
475	I	1.00000	0	0.00000	0
476	G	1.00000	0	0.00000	0
477	T	1.00000	0	0.00000	0
478	A	1.00000	0	0.00000	0
479	R	1.00000	0	0.00000	0
