# UNNAMED
#pos	aa	i	o	M	S
1	M	0.00000	0.99652	0.00000	0.00348
2	A	0.00000	0.99652	0.00000	0.00348
3	P	0.00000	0.99652	0.00000	0.00348
4	L	0.00000	0.99652	0.00000	0.00348
5	N	0.00000	0.99652	0.00000	0.00348
6	Q	0.00000	0.99652	0.00000	0.00348
7	L	0.00000	0.99652	0.00000	0.00348
8	G	0.00000	0.99652	0.00000	0.00348
9	G	0.00000	0.99652	0.00000	0.00348
10	H	0.00000	0.99652	0.00000	0.00348
11	I	0.00000	0.99652	0.00000	0.00348
12	N	0.00000	0.99652	0.00000	0.00348
13	V	0.00000	0.99652	0.00000	0.00348
14	T	0.00000	0.99652	0.00000	0.00348
15	C	0.00000	0.99652	0.00000	0.00348
16	A	0.00000	0.99662	0.00000	0.00338
17	A	0.00000	0.9983	0.00000	0.00171
18	E	0.00000	0.9998	0.00000	0.00019
19	N	0.00000	0.99983	0.00000	0.00017
20	S	0.00000	0.99983	0.00000	0.00017
21	T	0.00000	0.99983	0.00000	0.00017
22	G	0.00000	0.99986	0.00000	0.00014
23	A	0.00000	0.99996	0.00000	4e-05
24	G	0.00000	0.99999	0.00000	1e-05
25	R	0.00000	1	0.00000	0
26	A	0.00000	1	0.00000	0
27	R	0.00000	0.99999	0.00000	0
28	P	0.00000	0.98646	0.01354	0
29	H	0.00000	0.92552	0.07448	0
30	A	0.00000	0.8347	0.16530	0
31	Y	0.00000	0.7914	0.20860	0
32	Y	0.00000	0.06198	0.93802	0
33	A	0.00000	0.03434	0.96566	0
34	L	0.00000	0.01813	0.98187	0
35	S	0.00000	0.01388	0.98612	0
36	Y	0.00000	0.00091	0.99909	0
37	C	0.00000	0.00033	0.99967	0
38	A	0.00000	1e-05	0.99999	0
39	L	0.00000	0	1.00000	0
40	I	0.00000	0	1.00000	0
41	L	0.00000	0	1.00000	0
42	A	0.00000	0	1.00000	0
43	I	0.00000	0	1.00000	0
44	V	0.00000	0	1.00000	0
45	F	0.00000	0	1.00000	0
46	G	0.00000	0	1.00000	0
47	N	0.00000	0	1.00000	0
48	G	0.00000	0	1.00000	0
49	L	0.00000	0	1.00000	0
50	V	0.00000	0	1.00000	0
51	C	0.00001	0	0.99999	0
52	V	0.00022	0	0.99978	0
53	A	0.00814	0	0.99186	0
54	V	0.08436	0	0.91564	0
55	L	0.35984	0	0.64016	0
56	K	0.98875	0	0.01125	0
57	E	0.99982	0	0.00018	0
58	R	0.99999	0	0.00001	0
59	A	1.00000	0	0.00000	0
60	L	1.00000	0	0.00000	0
61	Q	1.00000	0	0.00000	0
62	T	0.99981	0	0.00019	0
63	T	0.99211	0	0.00789	0
64	T	0.90333	0	0.09667	0
65	N	0.20738	0	0.79262	0
66	Y	0.06599	0	0.93401	0
67	L	0.00075	0	0.99925	0
68	V	0.00007	0	0.99993	0
69	V	0.00000	0	1.00000	0
70	S	0.00000	0	1.00000	0
71	L	0.00000	0	1.00000	0
72	A	0.00000	0	1.00000	0
73	V	0.00000	0	1.00000	0
74	A	0.00000	0	1.00000	0
75	D	0.00000	0	1.00000	0
76	L	0.00000	0	1.00000	0
77	L	0.00000	0	1.00000	0
78	V	0.00000	0	1.00000	0
79	A	0.00000	0	1.00000	0
80	T	0.00000	0	1.00000	0
81	L	0.00000	0	1.00000	0
82	V	0.00000	0	1.00000	0
83	M	0.00000	4e-05	0.99996	0
84	P	0.00000	0.00091	0.99909	0
85	W	0.00000	0.00995	0.99005	0
86	V	0.00000	0.05906	0.94094	0
87	V	0.00000	0.32805	0.67195	0
88	Y	0.00000	0.89177	0.10823	0
89	L	0.00000	0.99978	0.00022	0
90	E	0.00000	1	0.00000	0
91	V	0.00000	1	0.00000	0
92	T	0.00000	1	0.00000	0
93	G	0.00000	1	0.00000	0
94	G	0.00000	1	0.00000	0
95	V	0.00000	1	0.00000	0
96	W	0.00000	1	0.00000	0
97	N	0.00000	1	0.00000	0
98	F	0.00000	1	0.00000	0
99	S	0.00000	1	0.00000	0
100	R	0.00000	1	0.00000	0
101	V	0.00000	1	0.00000	0
102	C	0.00000	1	0.00000	0
103	C	0.00000	0.99989	0.00011	0
104	D	0.00000	0.99902	0.00098	0
105	V	0.00000	0.99339	0.00661	0
106	F	0.00000	0.42388	0.57612	0
107	V	0.00000	0.09246	0.90754	0
108	T	0.00000	0.04504	0.95496	0
109	L	0.00000	0.00065	0.99935	0
110	D	0.00000	0.00022	0.99978	0
111	V	0.00000	1e-05	0.99999	0
112	M	0.00000	0	1.00000	0
113	M	0.00000	0	1.00000	0
114	C	0.00000	0	1.00000	0
115	T	0.00000	0	1.00000	0
116	A	0.00000	0	1.00000	0
117	S	0.00000	0	1.00000	0
118	I	0.00000	0	1.00000	0
119	L	0.00000	0	1.00000	0
120	N	0.00000	0	1.00000	0
121	L	0.00000	0	1.00000	0
122	C	0.00000	0	1.00000	0
123	A	0.00000	0	1.00000	0
124	I	0.00000	0	1.00000	0
125	S	0.00000	0	1.00000	0
126	I	0.00000	0	1.00000	0
127	D	0.00001	0	0.99999	0
128	R	0.01045	0	0.98955	0
129	Y	0.31981	0	0.68019	0
130	T	0.80774	0	0.19226	0
131	A	0.92831	0	0.07169	0
132	V	0.99998	0	0.00002	0
133	V	1.00000	0	0.00000	0
134	M	1.00000	0	0.00000	0
135	P	1.00000	0	0.00000	0
136	V	1.00000	0	0.00000	0
137	H	1.00000	0	0.00000	0
138	Y	1.00000	0	0.00000	0
139	Q	1.00000	0	0.00000	0
140	Q	1.00000	0	0.00000	0
141	G	1.00000	0	0.00000	0
142	T	1.00000	0	0.00000	0
143	G	1.00000	0	0.00000	0
144	Q	0.99999	0	0.00001	0
145	S	0.99169	0	0.00831	0
146	S	0.98094	0	0.01906	0
147	C	0.93723	0	0.06277	0
148	R	0.93653	0	0.06347	0
149	R	0.90526	0	0.09474	0
150	V	0.08611	0	0.91389	0
151	A	0.02840	0	0.97160	0
152	L	0.01465	0	0.98535	0
153	M	0.00025	0	0.99975	0
154	I	0.00000	0	1.00000	0
155	T	0.00000	0	1.00000	0
156	A	0.00000	0	1.00000	0
157	V	0.00000	0	1.00000	0
158	W	0.00000	0	1.00000	0
159	V	0.00000	0	1.00000	0
160	L	0.00000	0	1.00000	0
161	S	0.00000	0	1.00000	0
162	F	0.00000	0	1.00000	0
163	A	0.00000	0	1.00000	0
164	V	0.00000	0.00011	0.99989	0
165	S	0.00000	0.00462	0.99538	0
166	C	0.00000	0.0152	0.98480	0
167	P	0.00000	0.02038	0.97962	0
168	L	0.00000	0.02273	0.97727	0
169	L	0.00000	0.02814	0.97186	0
170	L	0.00000	0.04676	0.95324	0
171	G	0.00000	0.15506	0.84494	0
172	F	0.00000	0.34547	0.65453	0
173	N	0.00000	0.98263	0.01737	0
174	T	0.00000	0.99858	0.00142	0
175	T	0.00000	0.99992	0.00008	0
176	G	0.00000	1	0.00000	0
177	D	0.00000	1	0.00000	0
178	P	0.00000	1	0.00000	0
179	S	0.00000	1	0.00000	0
180	I	0.00000	1	0.00000	0
181	C	0.00000	1	0.00000	0
182	S	0.00000	1	0.00000	0
183	I	0.00000	1	0.00000	0
184	S	0.00000	1	0.00000	0
185	N	0.00000	1	0.00000	0
186	P	0.00000	0.99998	0.00002	0
187	D	0.00000	0.99897	0.00103	0
188	F	0.00000	0.1353	0.86470	0
189	V	0.00000	0.07871	0.92129	0
190	L	0.00000	0.04738	0.95262	0
191	Y	0.00000	0.01139	0.98861	0
192	S	0.00000	0.01039	0.98961	0
193	S	0.00000	0.00225	0.99775	0
194	V	0.00000	0.00169	0.99831	0
195	V	0.00000	0	1.00000	0
196	S	0.00000	0	1.00000	0
197	F	0.00000	0	1.00000	0
198	Y	0.00000	0	1.00000	0
199	L	0.00000	0	1.00000	0
200	P	0.00000	0	1.00000	0
201	F	0.00000	0	1.00000	0
202	G	0.00000	0	1.00000	0
203	V	0.00000	0	1.00000	0
204	T	0.00000	0	1.00000	0
205	V	0.00000	0	1.00000	0
206	L	0.00000	0	1.00000	0
207	V	0.00000	0	1.00000	0
208	Y	0.00001	0	0.99999	0
209	A	0.00147	0	0.99853	0
210	R	0.02361	0	0.97639	0
211	I	0.02769	0	0.97231	0
212	Y	0.06811	0	0.93189	0
213	V	0.33845	0	0.66155	0
214	V	0.52539	0	0.47461	0
215	L	0.98390	0	0.01610	0
216	R	0.99922	0	0.00078	0
217	Q	0.99999	0	0.00001	0
218	R	1.00000	0	0.00000	0
219	R	1.00000	0	0.00000	0
220	R	1.00000	0	0.00000	0
221	K	1.00000	0	0.00000	0
222	R	1.00000	0	0.00000	0
223	I	1.00000	0	0.00000	0
224	L	1.00000	0	0.00000	0
225	T	1.00000	0	0.00000	0
226	R	1.00000	0	0.00000	0
227	Q	1.00000	0	0.00000	0
228	N	1.00000	0	0.00000	0
229	S	1.00000	0	0.00000	0
230	Q	1.00000	0	0.00000	0
231	C	1.00000	0	0.00000	0
232	L	1.00000	0	0.00000	0
233	S	1.00000	0	0.00000	0
234	V	1.00000	0	0.00000	0
235	R	1.00000	0	0.00000	0
236	P	1.00000	0	0.00000	0
237	G	1.00000	0	0.00000	0
238	F	1.00000	0	0.00000	0
239	P	1.00000	0	0.00000	0
240	Q	1.00000	0	0.00000	0
241	Q	1.00000	0	0.00000	0
242	P	1.00000	0	0.00000	0
243	L	1.00000	0	0.00000	0
244	S	1.00000	0	0.00000	0
245	P	1.00000	0	0.00000	0
246	G	1.00000	0	0.00000	0
247	Q	1.00000	0	0.00000	0
248	T	1.00000	0	0.00000	0
249	H	1.00000	0	0.00000	0
250	M	1.00000	0	0.00000	0
251	E	1.00000	0	0.00000	0
252	L	1.00000	0	0.00000	0
253	K	1.00000	0	0.00000	0
254	R	1.00000	0	0.00000	0
255	Y	1.00000	0	0.00000	0
256	Y	1.00000	0	0.00000	0
257	S	1.00000	0	0.00000	0
258	I	1.00000	0	0.00000	0
259	C	1.00000	0	0.00000	0
260	Q	1.00000	0	0.00000	0
261	D	1.00000	0	0.00000	0
262	T	1.00000	0	0.00000	0
263	A	1.00000	0	0.00000	0
264	L	1.00000	0	0.00000	0
265	G	1.00000	0	0.00000	0
266	T	1.00000	0	0.00000	0
267	P	1.00000	0	0.00000	0
268	G	1.00000	0	0.00000	0
269	F	1.00000	0	0.00000	0
270	Q	1.00000	0	0.00000	0
271	E	1.00000	0	0.00000	0
272	G	1.00000	0	0.00000	0
273	E	1.00000	0	0.00000	0
274	G	1.00000	0	0.00000	0
275	D	1.00000	0	0.00000	0
276	L	1.00000	0	0.00000	0
277	Q	1.00000	0	0.00000	0
278	R	1.00000	0	0.00000	0
279	E	1.00000	0	0.00000	0
280	A	1.00000	0	0.00000	0
281	R	1.00000	0	0.00000	0
282	T	1.00000	0	0.00000	0
283	R	1.00000	0	0.00000	0
284	N	1.00000	0	0.00000	0
285	S	1.00000	0	0.00000	0
286	L	1.00000	0	0.00000	0
287	M	1.00000	0	0.00000	0
288	P	1.00000	0	0.00000	0
289	L	1.00000	0	0.00000	0
290	R	1.00000	0	0.00000	0
291	E	1.00000	0	0.00000	0
292	K	0.98762	0	0.01238	0
293	K	0.98680	0	0.01320	0
294	A	0.83725	0	0.16275	0
295	T	0.83263	0	0.16737	0
296	Q	0.69993	0	0.30007	0
297	M	0.68130	0	0.31870	0
298	L	0.00525	0	0.99475	0
299	V	0.00002	0	0.99998	0
300	I	0.00000	0	1.00000	0
301	V	0.00000	0	1.00000	0
302	L	0.00000	0	1.00000	0
303	G	0.00000	0	1.00000	0
304	T	0.00000	0	1.00000	0
305	F	0.00000	0	1.00000	0
306	I	0.00000	0	1.00000	0
307	V	0.00000	0	1.00000	0
308	C	0.00000	0	1.00000	0
309	W	0.00000	0	1.00000	0
310	L	0.00000	0	1.00000	0
311	P	0.00000	0	1.00000	0
312	F	0.00000	0	1.00000	0
313	F	0.00000	0	1.00000	0
314	L	0.00000	0.00062	0.99938	0
315	T	0.00000	0.00905	0.99095	0
316	H	0.00000	0.01927	0.98073	0
317	V	0.00000	0.03301	0.96699	0
318	L	0.00000	0.09794	0.90206	0
319	N	0.00000	0.71727	0.28273	0
320	T	0.00000	0.86679	0.13321	0
321	H	0.00000	0.99569	0.00431	0
322	C	0.00000	0.99952	0.00048	0
323	R	0.00000	0.99996	0.00004	0
324	A	0.00000	0.99997	0.00003	0
325	C	0.00000	1	0.00000	0
326	H	0.00000	0.99999	0.00001	0
327	V	0.00000	0.99994	0.00006	0
328	S	0.00000	0.99989	0.00011	0
329	P	0.00000	0.9998	0.00020	0
330	Q	0.00000	0.999	0.00100	0
331	L	0.00000	0.99453	0.00547	0
332	Y	0.00000	0.99333	0.00667	0
333	S	0.00000	0.83438	0.16562	0
334	A	0.00000	0.02887	0.97113	0
335	T	0.00000	0.0106	0.98940	0
336	T	0.00000	0.00253	0.99747	0
337	W	0.00000	1e-05	0.99999	0
338	L	0.00000	0	1.00000	0
339	G	0.00000	0	1.00000	0
340	Y	0.00000	0	1.00000	0
341	V	0.00000	0	1.00000	0
342	N	0.00000	0	1.00000	0
343	S	0.00000	0	1.00000	0
344	A	0.00000	0	1.00000	0
345	L	0.00000	0	1.00000	0
346	N	0.00000	0	1.00000	0
347	P	0.00000	0	1.00000	0
348	V	0.00000	0	1.00000	0
349	I	0.00000	0	1.00000	0
350	Y	0.00002	0	0.99998	0
351	T	0.00012	0	0.99988	0
352	T	0.00055	0	0.99945	0
353	F	0.04504	0	0.95496	0
354	N	0.50338	0	0.49662	0
355	I	0.73609	0	0.26391	0
356	E	1.00000	0	0.00000	0
357	F	1.00000	0	0.00000	0
358	R	1.00000	0	0.00000	0
359	K	1.00000	0	0.00000	0
360	A	1.00000	0	0.00000	0
361	F	1.00000	0	0.00000	0
362	L	1.00000	0	0.00000	0
363	K	1.00000	0	0.00000	0
364	I	1.00000	0	0.00000	0
365	L	1.00000	0	0.00000	0
366	S	1.00000	0	0.00000	0
367	C	1.00000	0	0.00000	0
