# UNNAMED
#pos	aa	i	o	M	S
1	M	0.00000	0.99688	0.00000	0.00312
2	E	0.00000	0.99688	0.00000	0.00312
3	V	0.00000	0.99688	0.00000	0.00312
4	S	0.00000	0.99688	0.00000	0.00312
5	N	0.00000	0.99688	0.00000	0.00312
6	L	0.00000	0.99688	0.00000	0.00312
7	S	0.00000	0.99688	0.00000	0.00312
8	G	0.00000	0.99688	0.00000	0.00312
9	A	0.00000	0.99688	0.00000	0.00312
10	T	0.00000	0.99688	0.00000	0.00311
11	P	0.00000	0.99688	0.00000	0.00312
12	G	0.00000	0.99688	0.00000	0.00312
13	L	0.00000	0.99688	0.00000	0.00312
14	A	0.00000	0.99688	0.00000	0.00312
15	F	0.00000	0.99945	0.00000	0.00055
16	T	0.00000	0.99945	0.00000	0.00055
17	S	0.00000	0.9997	0.00000	0.0003
18	E	0.00000	0.9997	0.00000	0.0003
19	P	0.00000	0.9997	0.00000	0.00029
20	E	0.00000	0.9997	0.00000	0.0003
21	S	0.00000	0.9997	0.00000	0.0003
22	C	0.00000	0.9997	0.00000	0.0003
23	S	0.00000	0.9997	0.00000	0.0003
24	D	0.00000	0.99995	0.00000	5e-05
25	S	0.00000	0.99995	0.00000	5e-05
26	S	0.00000	0.99999	0.00000	1e-05
27	G	0.00000	0.99999	0.00000	1e-05
28	S	0.00000	1	0.00000	0
29	T	0.00000	1	0.00000	0
30	R	0.00000	1	0.00000	0
31	G	0.00000	1	0.00000	0
32	V	0.00000	1	0.00000	0
33	G	0.00000	1	0.00000	0
34	C	0.00000	1	0.00000	0
35	T	0.00000	1	0.00000	0
36	P	0.00000	1	0.00000	0
37	G	0.00000	1	0.00000	0
38	G	0.00000	1	0.00000	0
39	L	0.00000	1	0.00000	0
40	L	0.00000	1	0.00000	0
41	L	0.00000	1	0.00000	0
42	P	0.00000	1	0.00000	0
43	D	0.00000	1	0.00000	0
44	R	0.00000	1	0.00000	0
45	E	0.00000	0.99997	0.00003	0
46	P	0.00000	0.99659	0.00341	0
47	H	0.00000	0.95905	0.04095	0
48	F	0.00000	0.77959	0.22041	0
49	S	0.00000	0.68284	0.31716	0
50	I	0.00000	0.29948	0.70052	0
51	F	0.00000	0.1967	0.80330	0
52	T	0.00000	0.14995	0.85005	0
53	V	0.00000	0.05263	0.94737	0
54	L	0.00000	0.02228	0.97772	0
55	V	0.00000	0.00778	0.99222	0
56	V	0.00000	0.00188	0.99812	0
57	T	0.00000	0.0007	0.99930	0
58	L	0.00000	0.00028	0.99972	0
59	L	0.00000	4e-05	0.99996	0
60	V	0.00000	0	1.00000	0
61	L	0.00000	0	1.00000	0
62	L	0.00000	0	1.00000	0
63	I	0.00000	0	1.00000	0
64	A	0.00000	0	1.00000	0
65	A	0.00000	0	1.00000	0
66	T	0.00000	0	1.00000	0
67	F	0.00000	0	1.00000	0
68	L	0.00000	0	1.00000	0
69	W	0.00000	0	1.00000	0
70	N	0.00004	0	0.99996	0
71	L	0.00009	0	0.99991	0
72	L	0.00182	0	0.99818	0
73	V	0.01522	0	0.98478	0
74	L	0.11620	0	0.88380	0
75	V	0.12705	0	0.87295	0
76	T	0.32216	0	0.67784	0
77	I	0.36223	0	0.63777	0
78	L	0.61568	0	0.38432	0
79	R	0.98879	0	0.01121	0
80	V	0.99519	0	0.00481	0
81	R	0.99992	0	0.00008	0
82	T	1.00000	0	0.00000	0
83	F	1.00000	0	0.00000	0
84	H	1.00000	0	0.00000	0
85	R	1.00000	0	0.00000	0
86	V	0.99998	0	0.00002	0
87	P	0.99997	0	0.00003	0
88	H	0.08680	0	0.91320	0
89	N	0.01191	0	0.98809	0
90	L	0.00016	0	0.99984	0
91	V	0.00002	0	0.99998	0
92	A	0.00000	0	1.00000	0
93	S	0.00000	0	1.00000	0
94	T	0.00000	0	1.00000	0
95	A	0.00000	0	1.00000	0
96	V	0.00000	0	1.00000	0
97	S	0.00000	0	1.00000	0
98	D	0.00000	0	1.00000	0
99	V	0.00000	0	1.00000	0
100	L	0.00000	0	1.00000	0
101	V	0.00000	0	1.00000	0
102	A	0.00000	0	1.00000	0
103	A	0.00000	0	1.00000	0
104	L	0.00000	0	1.00000	0
105	V	0.00000	0	1.00000	0
106	M	0.00000	4e-05	0.99996	0
107	P	0.00000	0.00186	0.99814	0
108	L	0.00000	0.02541	0.97459	0
109	S	0.00000	0.29011	0.70989	0
110	L	0.00000	0.39843	0.60157	0
111	V	0.00000	0.64018	0.35982	0
112	S	0.00000	0.99991	0.00009	0
113	E	0.00000	0.99996	0.00004	0
114	L	0.00000	0.99997	0.00003	0
115	S	0.00000	0.99999	0.00001	0
116	A	0.00000	1	0.00000	0
117	G	0.00000	1	0.00000	0
118	R	0.00000	1	0.00000	0
119	R	0.00000	1	0.00000	0
120	W	0.00000	1	0.00000	0
121	Q	0.00000	1	0.00000	0
122	L	0.00000	1	0.00000	0
123	G	0.00000	1	0.00000	0
124	R	0.00000	1	0.00000	0
125	S	0.00000	0.99998	0.00002	0
126	L	0.00000	0.99993	0.00007	0
127	C	0.00000	0.99985	0.00015	0
128	H	0.00000	0.99944	0.00056	0
129	V	0.00000	0.99844	0.00156	0
130	W	0.00000	0.89273	0.10727	0
131	I	0.00000	0.19536	0.80464	0
132	S	0.00000	0.03152	0.96848	0
133	F	0.00000	0.00036	0.99964	0
134	D	0.00000	0.00013	0.99987	0
135	V	0.00000	0	1.00000	0
136	L	0.00000	0	1.00000	0
137	C	0.00000	0	1.00000	0
138	C	0.00000	0	1.00000	0
139	T	0.00000	0	1.00000	0
140	A	0.00000	0	1.00000	0
141	S	0.00000	0	1.00000	0
142	I	0.00000	0	1.00000	0
143	W	0.00000	0	1.00000	0
144	N	0.00000	0	1.00000	0
145	V	0.00000	0	1.00000	0
146	A	0.00000	0	1.00000	0
147	A	0.00000	0	1.00000	0
148	I	0.00000	0	1.00000	0
149	A	0.00000	0	1.00000	0
150	L	0.00000	0	1.00000	0
151	D	0.00003	0	0.99997	0
152	R	0.02382	0	0.97618	0
153	Y	0.17084	0	0.82916	0
154	W	0.35907	0	0.64093	0
155	T	0.79776	0	0.20224	0
156	I	0.99996	0	0.00004	0
157	T	1.00000	0	0.00000	0
158	R	1.00000	0	0.00000	0
159	H	1.00000	0	0.00000	0
160	L	1.00000	0	0.00000	0
161	Q	1.00000	0	0.00000	0
162	Y	1.00000	0	0.00000	0
163	T	1.00000	0	0.00000	0
164	L	1.00000	0	0.00000	0
165	R	1.00000	0	0.00000	0
166	T	1.00000	0	0.00000	0
167	R	1.00000	0	0.00000	0
168	R	0.99995	0	0.00005	0
169	R	0.99679	0	0.00321	0
170	A	0.57807	0	0.42193	0
171	S	0.32852	0	0.67148	0
172	A	0.04324	0	0.95676	0
173	L	0.00084	0	0.99916	0
174	M	0.00009	0	0.99991	0
175	I	0.00000	0	1.00000	0
176	G	0.00000	0	1.00000	0
177	V	0.00000	0	1.00000	0
178	T	0.00000	0	1.00000	0
179	W	0.00000	0	1.00000	0
180	A	0.00000	0	1.00000	0
181	L	0.00000	0	1.00000	0
182	S	0.00000	0	1.00000	0
183	A	0.00000	0	1.00000	0
184	L	0.00000	0	1.00000	0
185	I	0.00000	0	1.00000	0
186	A	0.00000	0	1.00000	0
187	L	0.00000	0	1.00000	0
188	A	0.00000	2e-05	0.99998	0
189	P	0.00000	0.00138	0.99862	0
190	L	0.00000	0.00543	0.99457	0
191	L	0.00000	0.05885	0.94115	0
192	F	0.00000	0.24326	0.75674	0
193	G	0.00000	0.86691	0.13309	0
194	W	0.00000	0.93479	0.06521	0
195	G	0.00000	0.99558	0.00442	0
196	E	0.00000	0.99997	0.00003	0
197	A	0.00000	0.99999	0.00001	0
198	Y	0.00000	1	0.00000	0
199	D	0.00000	1	0.00000	0
200	A	0.00000	1	0.00000	0
201	R	0.00000	1	0.00000	0
202	L	0.00000	1	0.00000	0
203	Q	0.00000	1	0.00000	0
204	R	0.00000	1	0.00000	0
205	C	0.00000	1	0.00000	0
206	Q	0.00000	1	0.00000	0
207	V	0.00000	1	0.00000	0
208	S	0.00000	0.99999	0.00001	0
209	Q	0.00000	0.99998	0.00002	0
210	E	0.00000	0.99959	0.00041	0
211	P	0.00000	0.99338	0.00662	0
212	S	0.00000	0.48661	0.51339	0
213	Y	0.00000	0.28019	0.71981	0
214	A	0.00000	0.03292	0.96708	0
215	V	0.00000	0.00033	0.99967	0
216	F	0.00000	9e-05	0.99991	0
217	S	0.00000	8e-05	0.99992	0
218	T	0.00000	7e-05	0.99993	0
219	C	0.00000	7e-05	0.99993	0
220	G	0.00000	0	1.00000	0
221	A	0.00000	0	1.00000	0
222	F	0.00000	0	1.00000	0
223	Y	0.00000	0	1.00000	0
224	L	0.00000	0	1.00000	0
225	P	0.00000	0	1.00000	0
226	L	0.00000	0	1.00000	0
227	A	0.00000	0	1.00000	0
228	V	0.00000	0	1.00000	0
229	V	0.00000	0	1.00000	0
230	L	0.00000	0	1.00000	0
231	F	0.00000	0	1.00000	0
232	V	0.00000	0	1.00000	0
233	Y	0.00008	0	0.99992	0
234	W	0.00367	0	0.99633	0
235	K	0.15687	0	0.84313	0
236	I	0.17083	0	0.82917	0
237	Y	0.28727	0	0.71273	0
238	K	0.99201	0	0.00799	0
239	A	0.99713	0	0.00287	0
240	A	0.99980	0	0.00020	0
241	K	0.99995	0	0.00005	0
242	F	0.99996	0	0.00004	0
243	R	0.99999	0	0.00001	0
244	F	1.00000	0	0.00000	0
245	G	1.00000	0	0.00000	0
246	R	1.00000	0	0.00000	0
247	R	1.00000	0	0.00000	0
248	R	1.00000	0	0.00000	0
249	R	1.00000	0	0.00000	0
250	A	1.00000	0	0.00000	0
251	V	1.00000	0	0.00000	0
252	V	1.00000	0	0.00000	0
253	P	1.00000	0	0.00000	0
254	L	1.00000	0	0.00000	0
255	P	1.00000	0	0.00000	0
256	A	1.00000	0	0.00000	0
257	T	1.00000	0	0.00000	0
258	T	1.00000	0	0.00000	0
259	Q	1.00000	0	0.00000	0
260	A	1.00000	0	0.00000	0
261	K	1.00000	0	0.00000	0
262	E	1.00000	0	0.00000	0
263	V	1.00000	0	0.00000	0
264	P	1.00000	0	0.00000	0
265	E	1.00000	0	0.00000	0
266	E	1.00000	0	0.00000	0
267	A	1.00000	0	0.00000	0
268	E	1.00000	0	0.00000	0
269	M	1.00000	0	0.00000	0
270	V	1.00000	0	0.00000	0
271	F	1.00000	0	0.00000	0
272	T	1.00000	0	0.00000	0
273	A	1.00000	0	0.00000	0
274	R	1.00000	0	0.00000	0
275	G	1.00000	0	0.00000	0
276	R	1.00000	0	0.00000	0
277	A	1.00000	0	0.00000	0
278	T	1.00000	0	0.00000	0
279	V	1.00000	0	0.00000	0
280	T	1.00000	0	0.00000	0
281	F	1.00000	0	0.00000	0
282	Q	1.00000	0	0.00000	0
283	T	1.00000	0	0.00000	0
284	S	1.00000	0	0.00000	0
285	G	1.00000	0	0.00000	0
286	D	1.00000	0	0.00000	0
287	S	1.00000	0	0.00000	0
288	W	1.00000	0	0.00000	0
289	R	1.00000	0	0.00000	0
290	E	1.00000	0	0.00000	0
291	Q	1.00000	0	0.00000	0
292	K	1.00000	0	0.00000	0
293	E	1.00000	0	0.00000	0
294	K	0.96923	0	0.03077	0
295	R	0.87839	0	0.12161	0
296	A	0.01876	0	0.98124	0
297	A	0.01612	0	0.98388	0
298	M	0.01546	0	0.98454	0
299	M	0.01475	0	0.98525	0
300	V	0.00036	0	0.99964	0
301	G	0.00005	0	0.99995	0
302	I	0.00003	0	0.99997	0
303	L	0.00000	0	1.00000	0
304	I	0.00000	0	1.00000	0
305	G	0.00000	0	1.00000	0
306	V	0.00000	0	1.00000	0
307	F	0.00000	0	1.00000	0
308	V	0.00000	0	1.00000	0
309	L	0.00000	0	1.00000	0
310	C	0.00000	0	1.00000	0
311	W	0.00000	0	1.00000	0
312	I	0.00000	0	1.00000	0
313	P	0.00000	0	1.00000	0
314	F	0.00000	0	1.00000	0
315	F	0.00000	4e-05	0.99996	0
316	L	0.00000	0.00975	0.99025	0
317	T	0.00000	0.17072	0.82928	0
318	E	0.00000	0.39968	0.60032	0
319	L	0.00000	0.4229	0.57710	0
320	I	0.00000	0.52853	0.47147	0
321	S	0.00000	0.82869	0.17131	0
322	P	0.00000	0.9317	0.06830	0
323	L	0.00000	0.95393	0.04607	0
324	C	0.00000	0.99359	0.00641	0
325	A	0.00000	0.99591	0.00409	0
326	C	0.00000	0.99917	0.00083	0
327	S	0.00000	0.99941	0.00059	0
328	L	0.00000	0.99951	0.00049	0
329	P	0.00000	0.99964	0.00036	0
330	P	0.00000	0.99974	0.00026	0
331	I	0.00000	0.99855	0.00145	0
332	W	0.00000	0.99809	0.00191	0
333	K	0.00000	0.99777	0.00223	0
334	S	0.00000	0.82268	0.17732	0
335	I	0.00000	0.0069	0.99310	0
336	F	0.00000	0.00026	0.99974	0
337	L	0.00000	0	1.00000	0
338	W	0.00000	0	1.00000	0
339	L	0.00000	0	1.00000	0
340	G	0.00000	0	1.00000	0
341	Y	0.00000	0	1.00000	0
342	S	0.00000	0	1.00000	0
343	N	0.00000	0	1.00000	0
344	S	0.00000	0	1.00000	0
345	F	0.00000	0	1.00000	0
346	F	0.00000	0	1.00000	0
347	N	0.00000	0	1.00000	0
348	P	0.00000	0	1.00000	0
349	L	0.00000	0	1.00000	0
350	I	0.00000	0	1.00000	0
351	Y	0.00002	0	0.99998	0
352	T	0.00013	0	0.99987	0
353	A	0.00100	0	0.99900	0
354	F	0.04649	0	0.95351	0
355	N	0.51720	0	0.48280	0
356	K	0.99999	0	0.00001	0
357	N	0.99999	0	0.00001	0
358	Y	0.99999	0	0.00001	0
359	N	0.99999	0	0.00001	0
360	N	0.99999	0	0.00001	0
361	A	0.99999	0	0.00001	0
362	F	1.00000	0	0.00000	0
363	K	1.00000	0	0.00000	0
364	S	1.00000	0	0.00000	0
365	L	1.00000	0	0.00000	0
366	F	1.00000	0	0.00000	0
367	T	1.00000	0	0.00000	0
368	K	1.00000	0	0.00000	0
369	Q	1.00000	0	0.00000	0
370	R	1.00000	0	0.00000	0
