# UNNAMED
#pos	aa	i	o	M	S
1	M	0.00000	0.99999	0.00000	1e-05
2	S	0.00000	0.99999	0.00000	1e-05
3	L	0.00000	0.99999	0.00000	1e-05
4	W	0.00000	0.99999	0.00000	1e-05
5	T	0.00000	0.99999	0.00000	1e-05
6	N	0.00000	0.99999	0.00000	1e-05
7	G	0.00000	0.99999	0.00000	1e-05
8	S	0.00000	0.99999	0.00000	1e-05
9	S	0.00000	0.99999	0.00000	1e-05
10	V	0.00000	0.99999	0.00000	1e-05
11	D	0.00000	0.99999	0.00000	1e-05
12	L	0.00000	0.99999	0.00000	1e-05
13	F	0.00000	1	0.00000	0
14	P	0.00000	1	0.00000	0
15	G	0.00000	1	0.00000	0
16	T	0.00000	1	0.00000	0
17	K	0.00000	1	0.00000	0
18	T	0.00000	1	0.00000	0
19	P	0.00000	1	0.00000	0
20	P	0.00000	1	0.00000	0
21	P	0.00000	1	0.00000	0
22	D	0.00000	1	0.00000	0
23	S	0.00000	1	0.00000	0
24	N	0.00000	1	0.00000	0
25	S	0.00000	1	0.00000	0
26	S	0.00000	1	0.00000	0
27	N	0.00000	1	0.00000	0
28	R	0.00000	1	0.00000	0
29	T	0.00000	1	0.00000	0
30	V	0.00000	1	0.00000	0
31	G	0.00000	1	0.00000	0
32	P	0.00000	1	0.00000	0
33	P	0.00000	1	0.00000	0
34	G	0.00000	1	0.00000	0
35	A	0.00000	1	0.00000	0
36	A	0.00000	1	0.00000	0
37	P	0.00000	1	0.00000	0
38	L	0.00000	1	0.00000	0
39	D	0.00000	1	0.00000	0
40	L	0.00000	0.99971	0.00029	0
41	S	0.00000	0.99843	0.00157	0
42	R	0.00000	0.99021	0.00979	0
43	A	0.00000	0.79444	0.20556	0
44	V	0.00000	0.65914	0.34086	0
45	P	0.00000	0.58739	0.41261	0
46	V	0.00000	0.40174	0.59826	0
47	G	0.00000	0.3429	0.65710	0
48	M	0.00000	0.29965	0.70035	0
49	V	0.00000	0.1041	0.89590	0
50	L	0.00000	0.01833	0.98167	0
51	A	0.00000	0.00607	0.99393	0
52	S	0.00000	0.00174	0.99826	0
53	F	0.00000	0.00013	0.99987	0
54	I	0.00000	1e-05	0.99999	0
55	M	0.00000	0	1.00000	0
56	F	0.00000	0	1.00000	0
57	A	0.00000	0	1.00000	0
58	I	0.00000	0	1.00000	0
59	V	0.00000	0	1.00000	0
60	G	0.00000	0	1.00000	0
61	N	0.00000	0	1.00000	0
62	I	0.00000	0	1.00000	0
63	L	0.00000	0	1.00000	0
64	V	0.00000	0	1.00000	0
65	I	0.00003	0	0.99997	0
66	L	0.00360	0	0.99640	0
67	S	0.13339	0	0.86661	0
68	V	0.15987	0	0.84013	0
69	V	0.27006	0	0.72994	0
70	C	0.58997	0	0.41003	0
71	N	0.97016	0	0.02984	0
72	R	0.99698	0	0.00302	0
73	H	0.99910	0	0.00090	0
74	L	0.99959	0	0.00041	0
75	R	0.99999	0	0.00001	0
76	I	0.99999	0	0.00001	0
77	P	1.00000	0	0.00000	0
78	T	0.99190	0	0.00810	0
79	N	0.81424	0	0.18576	0
80	Y	0.22755	0	0.77245	0
81	F	0.00193	0	0.99807	0
82	I	0.00011	0	0.99989	0
83	I	0.00000	0	1.00000	0
84	N	0.00000	0	1.00000	0
85	L	0.00000	0	1.00000	0
86	A	0.00000	0	1.00000	0
87	I	0.00000	0	1.00000	0
88	A	0.00000	0	1.00000	0
89	D	0.00000	0	1.00000	0
90	L	0.00000	0	1.00000	0
91	L	0.00000	0	1.00000	0
92	L	0.00000	0	1.00000	0
93	G	0.00000	0	1.00000	0
94	T	0.00000	0	1.00000	0
95	T	0.00000	0	1.00000	0
96	V	0.00000	0	1.00000	0
97	L	0.00000	0.00011	0.99989	0
98	P	0.00000	0.00615	0.99385	0
99	V	0.00000	0.03519	0.96481	0
100	S	0.00000	0.39019	0.60981	0
101	A	0.00000	0.58585	0.41415	0
102	T	0.00000	0.83331	0.16669	0
103	L	0.00000	0.99921	0.00079	0
104	E	0.00000	0.9996	0.00040	0
105	V	0.00000	0.99962	0.00038	0
106	L	0.00000	0.99972	0.00028	0
107	D	0.00000	0.99999	0.00001	0
108	Y	0.00000	1	0.00000	0
109	W	0.00000	1	0.00000	0
110	V	0.00000	1	0.00000	0
111	F	0.00000	1	0.00000	0
112	G	0.00000	1	0.00000	0
113	R	0.00000	0.99999	0.00001	0
114	I	0.00000	0.99991	0.00009	0
115	F	0.00000	0.99989	0.00011	0
116	C	0.00000	0.99989	0.00011	0
117	D	0.00000	0.99982	0.00018	0
118	I	0.00000	0.99858	0.00142	0
119	W	0.00000	0.88661	0.11339	0
120	A	0.00000	0.29319	0.70681	0
121	A	0.00000	0.00768	0.99232	0
122	V	0.00000	6e-05	0.99994	0
123	D	0.00000	1e-05	0.99999	0
124	V	0.00000	0	1.00000	0
125	L	0.00000	0	1.00000	0
126	C	0.00000	0	1.00000	0
127	C	0.00000	0	1.00000	0
128	T	0.00000	0	1.00000	0
129	A	0.00000	0	1.00000	0
130	S	0.00000	0	1.00000	0
131	I	0.00000	0	1.00000	0
132	M	0.00000	0	1.00000	0
133	S	0.00000	0	1.00000	0
134	L	0.00000	0	1.00000	0
135	C	0.00000	0	1.00000	0
136	V	0.00000	0	1.00000	0
137	I	0.00000	0	1.00000	0
138	S	0.00000	0	1.00000	0
139	I	0.00000	0	1.00000	0
140	D	0.00003	0	0.99997	0
141	R	0.05545	0	0.94455	0
142	Y	0.30198	0	0.69802	0
143	I	0.88235	0	0.11765	0
144	G	0.98427	0	0.01573	0
145	V	1.00000	0	0.00000	0
146	R	1.00000	0	0.00000	0
147	Y	1.00000	0	0.00000	0
148	P	1.00000	0	0.00000	0
149	L	1.00000	0	0.00000	0
150	Q	1.00000	0	0.00000	0
151	Y	1.00000	0	0.00000	0
152	P	1.00000	0	0.00000	0
153	T	1.00000	0	0.00000	0
154	I	1.00000	0	0.00000	0
155	V	1.00000	0	0.00000	0
156	T	0.99999	0	0.00001	0
157	E	0.99999	0	0.00001	0
158	R	0.99973	0	0.00027	0
159	R	0.98930	0	0.01070	0
160	A	0.43587	0	0.56413	0
161	L	0.01376	0	0.98624	0
162	L	0.00141	0	0.99859	0
163	A	0.00002	0	0.99998	0
164	M	0.00000	0	1.00000	0
165	L	0.00000	0	1.00000	0
166	G	0.00000	0	1.00000	0
167	V	0.00000	0	1.00000	0
168	W	0.00000	0	1.00000	0
169	I	0.00000	0	1.00000	0
170	L	0.00000	0	1.00000	0
171	A	0.00000	0	1.00000	0
172	I	0.00000	0	1.00000	0
173	I	0.00000	0	1.00000	0
174	I	0.00000	0	1.00000	0
175	S	0.00000	0	1.00000	0
176	I	0.00000	0	1.00000	0
177	G	0.00000	1e-05	0.99999	0
178	P	0.00000	7e-05	0.99993	0
179	L	0.00000	0.00065	0.99935	0
180	L	0.00000	0.02793	0.97207	0
181	G	0.00000	0.50312	0.49688	0
182	W	0.00000	0.70028	0.29972	0
183	K	0.00000	0.99724	0.00276	0
184	Q	0.00000	0.99991	0.00009	0
185	P	0.00000	1	0.00000	0
186	P	0.00000	1	0.00000	0
187	S	0.00000	1	0.00000	0
188	Q	0.00000	1	0.00000	0
189	D	0.00000	1	0.00000	0
190	D	0.00000	1	0.00000	0
191	T	0.00000	1	0.00000	0
192	V	0.00000	1	0.00000	0
193	C	0.00000	1	0.00000	0
194	L	0.00000	1	0.00000	0
195	I	0.00000	1	0.00000	0
196	T	0.00000	1	0.00000	0
197	E	0.00000	1	0.00000	0
198	E	0.00000	0.99997	0.00003	0
199	P	0.00000	0.99547	0.00453	0
200	F	0.00000	0.42008	0.57992	0
201	Y	0.00000	0.22308	0.77692	0
202	A	0.00000	0.21605	0.78395	0
203	L	0.00000	0.01564	0.98436	0
204	F	0.00000	0.00075	0.99925	0
205	S	0.00000	0.00067	0.99933	0
206	S	0.00000	8e-05	0.99992	0
207	L	0.00000	3e-05	0.99997	0
208	G	0.00000	0	1.00000	0
209	S	0.00000	0	1.00000	0
210	F	0.00000	0	1.00000	0
211	Y	0.00000	0	1.00000	0
212	I	0.00000	0	1.00000	0
213	P	0.00000	0	1.00000	0
214	L	0.00000	0	1.00000	0
215	A	0.00000	0	1.00000	0
216	V	0.00000	0	1.00000	0
217	I	0.00000	0	1.00000	0
218	L	0.00000	0	1.00000	0
219	A	0.00000	0	1.00000	0
220	M	0.00001	0	0.99999	0
221	Y	0.00012	0	0.99988	0
222	C	0.00566	0	0.99434	0
223	R	0.07329	0	0.92671	0
224	V	0.08073	0	0.91927	0
225	Y	0.11683	0	0.88317	0
226	I	0.34937	0	0.65063	0
227	V	0.51721	0	0.48279	0
228	A	0.99666	0	0.00334	0
229	K	0.99994	0	0.00006	0
230	R	1.00000	0	0.00000	0
231	T	1.00000	0	0.00000	0
232	T	1.00000	0	0.00000	0
233	K	1.00000	0	0.00000	0
234	N	1.00000	0	0.00000	0
235	L	1.00000	0	0.00000	0
236	E	1.00000	0	0.00000	0
237	A	1.00000	0	0.00000	0
238	G	1.00000	0	0.00000	0
239	M	1.00000	0	0.00000	0
240	M	1.00000	0	0.00000	0
241	K	1.00000	0	0.00000	0
242	E	1.00000	0	0.00000	0
243	R	1.00000	0	0.00000	0
244	A	1.00000	0	0.00000	0
245	E	1.00000	0	0.00000	0
246	D	1.00000	0	0.00000	0
247	S	1.00000	0	0.00000	0
248	S	1.00000	0	0.00000	0
249	E	1.00000	0	0.00000	0
250	L	1.00000	0	0.00000	0
251	T	1.00000	0	0.00000	0
252	L	1.00000	0	0.00000	0
253	R	1.00000	0	0.00000	0
254	I	1.00000	0	0.00000	0
255	H	1.00000	0	0.00000	0
256	C	1.00000	0	0.00000	0
257	R	1.00000	0	0.00000	0
258	N	1.00000	0	0.00000	0
259	Q	1.00000	0	0.00000	0
260	Q	1.00000	0	0.00000	0
261	I	1.00000	0	0.00000	0
262	Q	1.00000	0	0.00000	0
263	E	1.00000	0	0.00000	0
264	L	1.00000	0	0.00000	0
265	C	1.00000	0	0.00000	0
266	P	1.00000	0	0.00000	0
267	A	1.00000	0	0.00000	0
268	S	1.00000	0	0.00000	0
269	K	1.00000	0	0.00000	0
270	A	1.00000	0	0.00000	0
271	S	1.00000	0	0.00000	0
272	G	1.00000	0	0.00000	0
273	G	1.00000	0	0.00000	0
274	G	1.00000	0	0.00000	0
275	A	1.00000	0	0.00000	0
276	S	1.00000	0	0.00000	0
277	T	1.00000	0	0.00000	0
278	G	1.00000	0	0.00000	0
279	R	1.00000	0	0.00000	0
280	S	1.00000	0	0.00000	0
281	S	1.00000	0	0.00000	0
282	L	1.00000	0	0.00000	0
283	A	1.00000	0	0.00000	0
284	V	1.00000	0	0.00000	0
285	K	1.00000	0	0.00000	0
286	L	1.00000	0	0.00000	0
287	L	1.00000	0	0.00000	0
288	K	1.00000	0	0.00000	0
289	F	1.00000	0	0.00000	0
290	S	1.00000	0	0.00000	0
291	R	1.00000	0	0.00000	0
292	E	1.00000	0	0.00000	0
293	K	0.97267	0	0.02733	0
294	K	0.97133	0	0.02867	0
295	A	0.23314	0	0.76686	0
296	A	0.18394	0	0.81606	0
297	K	0.15875	0	0.84125	0
298	T	0.11834	0	0.88166	0
299	L	0.00332	0	0.99668	0
300	G	0.00053	0	0.99947	0
301	V	0.00011	0	0.99989	0
302	V	0.00007	0	0.99993	0
303	V	0.00007	0	0.99993	0
304	G	0.00000	0	1.00000	0
305	M	0.00000	0	1.00000	0
306	F	0.00000	0	1.00000	0
307	I	0.00000	0	1.00000	0
308	L	0.00000	0	1.00000	0
309	C	0.00000	0	1.00000	0
310	W	0.00000	0	1.00000	0
311	L	0.00000	0	1.00000	0
312	P	0.00000	0	1.00000	0
313	F	0.00000	0	1.00000	0
314	F	0.00000	0	1.00000	0
315	L	0.00000	0.00022	0.99978	0
316	A	0.00000	0.00383	0.99617	0
317	L	0.00000	0.02381	0.97619	0
318	P	0.00000	0.324	0.67600	0
319	I	0.00000	0.42722	0.57278	0
320	G	0.00000	0.75806	0.24194	0
321	S	0.00000	0.84742	0.15258	0
322	F	0.00000	0.87206	0.12794	0
323	N	0.00000	0.96173	0.03827	0
324	S	0.00000	0.97911	0.02089	0
325	S	0.00000	0.9851	0.01490	0
326	L	0.00000	0.98863	0.01137	0
327	R	0.00000	0.99972	0.00028	0
328	P	0.00000	0.99997	0.00003	0
329	P	0.00000	1	0.00000	0
330	E	0.00000	0.9998	0.00020	0
331	T	0.00000	0.99661	0.00339	0
332	F	0.00000	0.98802	0.01198	0
333	F	0.00000	0.98424	0.01576	0
334	K	0.00000	0.8479	0.15210	0
335	V	0.00000	0.00828	0.99172	0
336	I	0.00000	0.00038	0.99962	0
337	F	0.00000	0	1.00000	0
338	W	0.00000	0	1.00000	0
339	L	0.00000	0	1.00000	0
340	G	0.00000	0	1.00000	0
341	Y	0.00000	0	1.00000	0
342	F	0.00000	0	1.00000	0
343	N	0.00000	0	1.00000	0
344	S	0.00000	0	1.00000	0
345	C	0.00000	0	1.00000	0
346	L	0.00000	0	1.00000	0
347	N	0.00000	0	1.00000	0
348	P	0.00000	0	1.00000	0
349	I	0.00000	0	1.00000	0
350	I	0.00000	0	1.00000	0
351	Y	0.00000	0	1.00000	0
352	P	0.00002	0	0.99998	0
353	C	0.00021	0	0.99979	0
354	Y	0.01124	0	0.98876	0
355	S	0.16412	0	0.83588	0
356	R	1.00000	0	0.00000	0
357	E	1.00000	0	0.00000	0
358	F	1.00000	0	0.00000	0
359	K	1.00000	0	0.00000	0
360	Q	1.00000	0	0.00000	0
361	A	1.00000	0	0.00000	0
362	F	1.00000	0	0.00000	0
363	I	1.00000	0	0.00000	0
364	R	1.00000	0	0.00000	0
365	I	1.00000	0	0.00000	0
366	L	1.00000	0	0.00000	0
367	R	1.00000	0	0.00000	0
368	C	1.00000	0	0.00000	0
369	R	1.00000	0	0.00000	0
370	W	1.00000	0	0.00000	0
371	K	1.00000	0	0.00000	0
372	R	1.00000	0	0.00000	0
373	K	1.00000	0	0.00000	0
374	R	1.00000	0	0.00000	0
375	Q	1.00000	0	0.00000	0
376	D	1.00000	0	0.00000	0
377	L	1.00000	0	0.00000	0
378	Q	1.00000	0	0.00000	0
379	A	1.00000	0	0.00000	0
380	Y	1.00000	0	0.00000	0
381	Y	1.00000	0	0.00000	0
382	N	1.00000	0	0.00000	0
383	Y	1.00000	0	0.00000	0
384	R	1.00000	0	0.00000	0
385	G	1.00000	0	0.00000	0
386	H	1.00000	0	0.00000	0
387	Q	1.00000	0	0.00000	0
388	G	1.00000	0	0.00000	0
389	S	1.00000	0	0.00000	0
390	N	1.00000	0	0.00000	0
391	N	1.00000	0	0.00000	0
392	S	1.00000	0	0.00000	0
393	S	1.00000	0	0.00000	0
394	F	1.00000	0	0.00000	0
395	M	1.00000	0	0.00000	0
396	N	1.00000	0	0.00000	0
397	G	1.00000	0	0.00000	0
398	S	1.00000	0	0.00000	0
399	Q	1.00000	0	0.00000	0
400	Q	1.00000	0	0.00000	0
401	T	1.00000	0	0.00000	0
402	L	1.00000	0	0.00000	0
403	S	1.00000	0	0.00000	0
404	S	1.00000	0	0.00000	0
405	V	1.00000	0	0.00000	0
406	S	1.00000	0	0.00000	0
407	P	1.00000	0	0.00000	0
408	S	1.00000	0	0.00000	0
409	P	1.00000	0	0.00000	0
410	L	1.00000	0	0.00000	0
411	C	1.00000	0	0.00000	0
412	V	1.00000	0	0.00000	0
413	T	1.00000	0	0.00000	0
414	S	1.00000	0	0.00000	0
415	R	1.00000	0	0.00000	0
416	L	1.00000	0	0.00000	0
417	R	1.00000	0	0.00000	0
418	P	1.00000	0	0.00000	0
419	L	1.00000	0	0.00000	0
420	P	1.00000	0	0.00000	0
421	W	1.00000	0	0.00000	0
422	P	1.00000	0	0.00000	0
423	S	1.00000	0	0.00000	0
424	S	1.00000	0	0.00000	0
425	S	1.00000	0	0.00000	0
426	S	1.00000	0	0.00000	0
427	S	1.00000	0	0.00000	0
428	D	1.00000	0	0.00000	0
429	R	1.00000	0	0.00000	0
430	D	1.00000	0	0.00000	0
431	L	1.00000	0	0.00000	0
432	L	1.00000	0	0.00000	0
433	P	1.00000	0	0.00000	0
434	G	1.00000	0	0.00000	0
435	S	1.00000	0	0.00000	0
436	V	1.00000	0	0.00000	0
437	A	1.00000	0	0.00000	0
438	E	1.00000	0	0.00000	0
439	R	1.00000	0	0.00000	0
440	G	1.00000	0	0.00000	0
441	R	1.00000	0	0.00000	0
442	L	1.00000	0	0.00000	0
443	S	1.00000	0	0.00000	0
444	P	1.00000	0	0.00000	0
445	R	1.00000	0	0.00000	0
446	P	1.00000	0	0.00000	0
447	T	1.00000	0	0.00000	0
448	L	1.00000	0	0.00000	0
449	A	1.00000	0	0.00000	0
450	K	1.00000	0	0.00000	0
451	K	1.00000	0	0.00000	0
452	A	1.00000	0	0.00000	0
453	G	1.00000	0	0.00000	0
454	T	1.00000	0	0.00000	0
455	G	1.00000	0	0.00000	0
456	R	1.00000	0	0.00000	0
457	S	1.00000	0	0.00000	0
458	M	1.00000	0	0.00000	0
459	G	1.00000	0	0.00000	0
460	V	1.00000	0	0.00000	0
461	G	1.00000	0	0.00000	0
462	R	1.00000	0	0.00000	0
463	G	1.00000	0	0.00000	0
464	T	1.00000	0	0.00000	0
465	S	1.00000	0	0.00000	0
466	M	1.00000	0	0.00000	0
467	N	1.00000	0	0.00000	0
468	G	1.00000	0	0.00000	0
469	D	1.00000	0	0.00000	0
470	A	1.00000	0	0.00000	0
471	S	1.00000	0	0.00000	0
472	V	1.00000	0	0.00000	0
