# UNNAMED
#pos	aa	i	o	M	S
1	M	0.00000	0.99971	0.00000	0.00029
2	E	0.00000	0.99971	0.00000	0.00029
3	Q	0.00000	0.99971	0.00000	0.00029
4	P	0.00000	0.99971	0.00000	0.00029
5	S	0.00000	0.99971	0.00000	0.00029
6	R	0.00000	0.99971	0.00000	0.00029
7	Q	0.00000	0.99971	0.00000	0.00029
8	C	0.00000	0.99971	0.00000	0.00029
9	S	0.00000	0.99971	0.00000	0.00029
10	P	0.00000	0.99971	0.00000	0.00028
11	P	0.00000	0.99971	0.00000	0.00029
12	A	0.00000	0.99971	0.00000	0.00029
13	S	0.00000	0.99971	0.00000	0.00029
14	G	0.00000	0.99971	0.00000	0.00029
15	S	0.00000	0.99988	0.00000	0.00011
16	L	0.00000	0.99988	0.00000	0.00011
17	T	0.00000	0.99988	0.00000	0.00011
18	S	0.00000	0.99989	0.00000	0.00011
19	S	0.00000	0.9999	0.00000	0.0001
20	Q	0.00000	0.99999	0.00000	0
21	T	0.00000	1	0.00000	0
22	N	0.00000	1	0.00000	0
23	H	0.00000	1	0.00000	0
24	S	0.00000	1	0.00000	0
25	T	0.00000	1	0.00000	0
26	F	0.00000	1	0.00000	0
27	P	0.00000	1	0.00000	0
28	N	0.00000	1	0.00000	0
29	P	0.00000	1	0.00000	0
30	N	0.00000	1	0.00000	0
31	C	0.00000	1	0.00000	0
32	S	0.00000	1	0.00000	0
33	S	0.00000	1	0.00000	0
34	R	0.00000	1	0.00000	0
35	D	0.00000	1	0.00000	0
36	L	0.00000	1	0.00000	0
37	E	0.00000	1	0.00000	0
38	P	0.00000	1	0.00000	0
39	Y	0.00000	1	0.00000	0
40	Q	0.00000	1	0.00000	0
41	D	0.00000	1	0.00000	0
42	S	0.00000	0.99999	0.00001	0
43	I	0.00000	0.99702	0.00298	0
44	A	0.00000	0.99111	0.00889	0
45	L	0.00000	0.98126	0.01874	0
46	P	0.00000	0.97464	0.02536	0
47	W	0.00000	0.95311	0.04689	0
48	K	0.00000	0.94809	0.05191	0
49	V	0.00000	0.47116	0.52884	0
50	L	0.00000	0.16565	0.83435	0
51	L	0.00000	0.05822	0.94178	0
52	A	0.00000	0.02061	0.97939	0
53	T	0.00000	0.00911	0.99089	0
54	F	0.00000	0.00102	0.99898	0
55	L	0.00000	5e-05	0.99995	0
56	A	0.00000	0	1.00000	0
57	L	0.00000	0	1.00000	0
58	I	0.00000	0	1.00000	0
59	T	0.00000	0	1.00000	0
60	L	0.00000	0	1.00000	0
61	A	0.00000	0	1.00000	0
62	T	0.00000	0	1.00000	0
63	T	0.00000	0	1.00000	0
64	L	0.00000	0	1.00000	0
65	S	0.00000	0	1.00000	0
66	N	0.00000	0	1.00000	0
67	A	0.00000	0	1.00000	0
68	F	0.00000	0	1.00000	0
69	V	0.00003	0	0.99997	0
70	I	0.00048	0	0.99952	0
71	A	0.03767	0	0.96233	0
72	T	0.51351	0	0.48649	0
73	V	0.67657	0	0.32343	0
74	S	0.96951	0	0.03049	0
75	R	0.99957	0	0.00043	0
76	T	0.99996	0	0.00004	0
77	R	1.00000	0	0.00000	0
78	K	1.00000	0	0.00000	0
79	L	1.00000	0	0.00000	0
80	H	1.00000	0	0.00000	0
81	T	1.00000	0	0.00000	0
82	P	1.00000	0	0.00000	0
83	A	0.31503	0	0.68497	0
84	N	0.03548	0	0.96452	0
85	Y	0.00727	0	0.99273	0
86	L	0.00006	0	0.99994	0
87	I	0.00000	0	1.00000	0
88	A	0.00000	0	1.00000	0
89	S	0.00000	0	1.00000	0
90	L	0.00000	0	1.00000	0
91	A	0.00000	0	1.00000	0
92	V	0.00000	0	1.00000	0
93	T	0.00000	0	1.00000	0
94	D	0.00000	0	1.00000	0
95	L	0.00000	0	1.00000	0
96	L	0.00000	0	1.00000	0
97	V	0.00000	0	1.00000	0
98	S	0.00000	0	1.00000	0
99	I	0.00000	0	1.00000	0
100	L	0.00000	0	1.00000	0
101	V	0.00000	1e-05	0.99999	0
102	M	0.00000	0.00059	0.99941	0
103	P	0.00000	0.00907	0.99093	0
104	I	0.00000	0.16093	0.83907	0
105	S	0.00000	0.67556	0.32444	0
106	T	0.00000	0.84386	0.15614	0
107	M	0.00000	0.89184	0.10816	0
108	Y	0.00000	0.99994	0.00006	0
109	T	0.00000	0.99997	0.00003	0
110	V	0.00000	0.99997	0.00003	0
111	T	0.00000	0.99999	0.00001	0
112	G	0.00000	1	0.00000	0
113	R	0.00000	1	0.00000	0
114	W	0.00000	1	0.00000	0
115	T	0.00000	1	0.00000	0
116	L	0.00000	1	0.00000	0
117	G	0.00000	1	0.00000	0
118	Q	0.00000	0.99986	0.00014	0
119	V	0.00000	0.99679	0.00321	0
120	V	0.00000	0.9961	0.00390	0
121	C	0.00000	0.9957	0.00430	0
122	D	0.00000	0.99392	0.00608	0
123	F	0.00000	0.99104	0.00896	0
124	W	0.00000	0.81884	0.18116	0
125	L	0.00000	0.09658	0.90342	0
126	S	0.00000	0.0182	0.98180	0
127	S	0.00000	0.00342	0.99658	0
128	D	0.00000	0.00129	0.99871	0
129	I	0.00000	4e-05	0.99996	0
130	T	0.00000	0	1.00000	0
131	C	0.00000	0	1.00000	0
132	C	0.00000	0	1.00000	0
133	T	0.00000	0	1.00000	0
134	A	0.00000	0	1.00000	0
135	S	0.00000	0	1.00000	0
136	I	0.00000	0	1.00000	0
137	L	0.00000	0	1.00000	0
138	H	0.00000	0	1.00000	0
139	L	0.00000	0	1.00000	0
140	C	0.00001	0	0.99999	0
141	V	0.00001	0	0.99999	0
142	I	0.00002	0	0.99998	0
143	A	0.00007	0	0.99993	0
144	L	0.00008	0	0.99992	0
145	D	0.00013	0	0.99987	0
146	R	0.11198	0	0.88802	0
147	Y	0.45690	0	0.54310	0
148	W	0.48462	0	0.51538	0
149	A	0.79959	0	0.20041	0
150	I	1.00000	0	0.00000	0
151	T	1.00000	0	0.00000	0
152	D	1.00000	0	0.00000	0
153	A	1.00000	0	0.00000	0
154	V	1.00000	0	0.00000	0
155	E	1.00000	0	0.00000	0
156	Y	1.00000	0	0.00000	0
157	S	1.00000	0	0.00000	0
158	A	1.00000	0	0.00000	0
159	K	1.00000	0	0.00000	0
160	R	1.00000	0	0.00000	0
161	T	1.00000	0	0.00000	0
162	P	0.99997	0	0.00003	0
163	K	0.99936	0	0.00064	0
164	R	0.96103	0	0.03897	0
165	A	0.14526	0	0.85474	0
166	A	0.01916	0	0.98084	0
167	G	0.00599	0	0.99401	0
168	M	0.00089	0	0.99911	0
169	I	0.00001	0	0.99999	0
170	V	0.00000	0	1.00000	0
171	M	0.00000	0	1.00000	0
172	V	0.00000	0	1.00000	0
173	W	0.00000	0	1.00000	0
174	V	0.00000	0	1.00000	0
175	F	0.00000	0	1.00000	0
176	S	0.00000	0	1.00000	0
177	V	0.00000	0	1.00000	0
178	S	0.00000	0	1.00000	0
179	I	0.00000	0	1.00000	0
180	S	0.00000	0	1.00000	0
181	M	0.00000	0	1.00000	0
182	P	0.00000	2e-05	0.99998	0
183	P	0.00000	0.00014	0.99986	0
184	L	0.00000	0.0012	0.99880	0
185	F	0.00000	0.03925	0.96075	0
186	W	0.00000	0.60362	0.39638	0
187	R	0.00000	0.97167	0.02833	0
188	Q	0.00000	0.99351	0.00649	0
189	A	0.00000	0.99678	0.00322	0
190	K	0.00000	0.99998	0.00002	0
191	A	0.00000	0.99999	0.00001	0
192	E	0.00000	1	0.00000	0
193	E	0.00000	1	0.00000	0
194	V	0.00000	1	0.00000	0
195	A	0.00000	1	0.00000	0
196	D	0.00000	1	0.00000	0
197	C	0.00000	1	0.00000	0
198	S	0.00000	1	0.00000	0
199	V	0.00000	1	0.00000	0
200	N	0.00000	1	0.00000	0
201	T	0.00000	0.99999	0.00001	0
202	D	0.00000	0.99996	0.00004	0
203	H	0.00000	0.97985	0.02015	0
204	I	0.00000	0.77268	0.22732	0
205	L	0.00000	0.28749	0.71251	0
206	Y	0.00000	0.2629	0.73710	0
207	T	0.00000	0.23921	0.76079	0
208	V	0.00000	0.00488	0.99512	0
209	Y	0.00000	0.00202	0.99798	0
210	S	0.00000	0.00159	0.99841	0
211	T	0.00000	0.00012	0.99988	0
212	V	0.00000	5e-05	0.99995	0
213	G	0.00000	0	1.00000	0
214	A	0.00000	0	1.00000	0
215	F	0.00000	0	1.00000	0
216	Y	0.00000	0	1.00000	0
217	F	0.00000	0	1.00000	0
218	P	0.00000	0	1.00000	0
219	T	0.00000	0	1.00000	0
220	L	0.00000	0	1.00000	0
221	L	0.00000	0	1.00000	0
222	L	0.00000	0	1.00000	0
223	I	0.00000	0	1.00000	0
224	A	0.00001	0	0.99999	0
225	L	0.00014	0	0.99986	0
226	Y	0.00428	0	0.99572	0
227	G	0.11672	0	0.88328	0
228	R	0.27299	0	0.72701	0
229	I	0.28451	0	0.71549	0
230	Y	0.34693	0	0.65307	0
231	V	0.71087	0	0.28913	0
232	E	0.98541	0	0.01459	0
233	A	0.99982	0	0.00018	0
234	R	0.99999	0	0.00001	0
235	S	1.00000	0	0.00000	0
236	R	1.00000	0	0.00000	0
237	I	1.00000	0	0.00000	0
238	L	1.00000	0	0.00000	0
239	K	1.00000	0	0.00000	0
240	Q	1.00000	0	0.00000	0
241	T	1.00000	0	0.00000	0
242	P	1.00000	0	0.00000	0
243	N	1.00000	0	0.00000	0
244	R	1.00000	0	0.00000	0
245	T	1.00000	0	0.00000	0
246	G	1.00000	0	0.00000	0
247	K	1.00000	0	0.00000	0
248	R	1.00000	0	0.00000	0
249	L	1.00000	0	0.00000	0
250	T	1.00000	0	0.00000	0
251	R	1.00000	0	0.00000	0
252	A	1.00000	0	0.00000	0
253	Q	1.00000	0	0.00000	0
254	L	1.00000	0	0.00000	0
255	I	1.00000	0	0.00000	0
256	T	1.00000	0	0.00000	0
257	D	1.00000	0	0.00000	0
258	S	1.00000	0	0.00000	0
259	P	1.00000	0	0.00000	0
260	G	1.00000	0	0.00000	0
261	S	1.00000	0	0.00000	0
262	S	1.00000	0	0.00000	0
263	S	1.00000	0	0.00000	0
264	S	1.00000	0	0.00000	0
265	G	1.00000	0	0.00000	0
266	T	1.00000	0	0.00000	0
267	S	1.00000	0	0.00000	0
268	I	1.00000	0	0.00000	0
269	N	1.00000	0	0.00000	0
270	S	1.00000	0	0.00000	0
271	R	1.00000	0	0.00000	0
272	V	1.00000	0	0.00000	0
273	P	1.00000	0	0.00000	0
274	E	1.00000	0	0.00000	0
275	G	1.00000	0	0.00000	0
276	P	1.00000	0	0.00000	0
277	S	1.00000	0	0.00000	0
278	E	1.00000	0	0.00000	0
279	S	1.00000	0	0.00000	0
280	G	1.00000	0	0.00000	0
281	S	1.00000	0	0.00000	0
282	P	1.00000	0	0.00000	0
283	V	1.00000	0	0.00000	0
284	Y	1.00000	0	0.00000	0
285	V	1.00000	0	0.00000	0
286	N	1.00000	0	0.00000	0
287	Q	1.00000	0	0.00000	0
288	V	1.00000	0	0.00000	0
289	K	1.00000	0	0.00000	0
290	V	1.00000	0	0.00000	0
291	K	1.00000	0	0.00000	0
292	V	1.00000	0	0.00000	0
293	S	1.00000	0	0.00000	0
294	D	1.00000	0	0.00000	0
295	A	1.00000	0	0.00000	0
296	L	1.00000	0	0.00000	0
297	L	1.00000	0	0.00000	0
298	E	1.00000	0	0.00000	0
299	K	1.00000	0	0.00000	0
300	K	1.00000	0	0.00000	0
301	K	1.00000	0	0.00000	0
302	L	1.00000	0	0.00000	0
303	M	1.00000	0	0.00000	0
304	A	1.00000	0	0.00000	0
305	A	1.00000	0	0.00000	0
306	R	1.00000	0	0.00000	0
307	E	1.00000	0	0.00000	0
308	R	0.99828	0	0.00172	0
309	K	0.99808	0	0.00192	0
310	A	0.84418	0	0.15582	0
311	T	0.84342	0	0.15658	0
312	R	0.84175	0	0.15825	0
313	T	0.83870	0	0.16130	0
314	L	0.00908	0	0.99092	0
315	G	0.00168	0	0.99832	0
316	I	0.00008	0	0.99992	0
317	I	0.00004	0	0.99996	0
318	L	0.00000	0	1.00000	0
319	G	0.00000	0	1.00000	0
320	A	0.00000	0	1.00000	0
321	F	0.00000	0	1.00000	0
322	I	0.00000	0	1.00000	0
323	V	0.00000	0	1.00000	0
324	C	0.00000	0	1.00000	0
325	W	0.00000	0	1.00000	0
326	L	0.00000	0	1.00000	0
327	P	0.00000	0	1.00000	0
328	F	0.00000	0	1.00000	0
329	F	0.00000	0	1.00000	0
330	I	0.00000	1e-05	0.99999	0
331	I	0.00000	0.0002	0.99980	0
332	S	0.00000	0.00167	0.99833	0
333	L	0.00000	0.00399	0.99601	0
334	A	0.00000	0.01579	0.98421	0
335	L	0.00000	0.05162	0.94838	0
336	P	0.00000	0.30753	0.69247	0
337	I	0.00000	0.41943	0.58057	0
338	C	0.00000	0.95545	0.04455	0
339	D	0.00000	0.9999	0.00010	0
340	N	0.00000	0.99823	0.00177	0
341	A	0.00000	0.98882	0.01118	0
342	C	0.00000	0.95397	0.04603	0
343	W	0.00000	0.7413	0.25870	0
344	F	0.00000	0.52873	0.47127	0
345	H	0.00000	0.39217	0.60783	0
346	L	0.00000	0.11692	0.88308	0
347	A	0.00000	0.04926	0.95074	0
348	I	0.00000	0.02004	0.97996	0
349	F	0.00000	0.01754	0.98246	0
350	D	0.00000	0.00677	0.99323	0
351	F	0.00000	0	1.00000	0
352	F	0.00000	0	1.00000	0
353	N	0.00000	0	1.00000	0
354	W	0.00000	0	1.00000	0
355	L	0.00000	0	1.00000	0
356	G	0.00000	0	1.00000	0
357	Y	0.00000	0	1.00000	0
358	L	0.00000	0	1.00000	0
359	N	0.00026	0	0.99974	0
360	S	0.00030	0	0.99970	0
361	L	0.00043	0	0.99957	0
362	I	0.00097	0	0.99903	0
363	N	0.00172	0	0.99828	0
364	P	0.00241	0	0.99759	0
365	I	0.00424	0	0.99576	0
366	I	0.05541	0	0.94459	0
367	Y	0.17954	0	0.82046	0
368	T	0.38210	0	0.61790	0
369	K	0.99998	0	0.00002	0
370	S	0.99998	0	0.00002	0
371	N	0.99998	0	0.00002	0
372	D	0.99998	0	0.00002	0
373	D	0.99998	0	0.00002	0
374	F	0.99998	0	0.00002	0
375	K	1.00000	0	0.00000	0
376	Q	1.00000	0	0.00000	0
377	A	1.00000	0	0.00000	0
378	F	1.00000	0	0.00000	0
379	Q	1.00000	0	0.00000	0
380	K	1.00000	0	0.00000	0
381	L	1.00000	0	0.00000	0
382	I	1.00000	0	0.00000	0
383	R	1.00000	0	0.00000	0
384	F	1.00000	0	0.00000	0
385	R	1.00000	0	0.00000	0
386	R	1.00000	0	0.00000	0
387	T	1.00000	0	0.00000	0
388	S	1.00000	0	0.00000	0
