# UNNAMED
#pos	aa	i	o	M	S
1	M	0.00000	0.98517	0.00000	0.01483
2	P	0.00000	0.98517	0.00000	0.01483
3	Q	0.00000	0.98517	0.00000	0.01483
4	S	0.00000	0.98517	0.00000	0.01483
5	C	0.00000	0.98517	0.00000	0.01484
6	A	0.00000	0.98517	0.00000	0.01484
7	P	0.00000	0.98517	0.00000	0.01484
8	G	0.00000	0.98517	0.00000	0.01484
9	P	0.00000	0.98517	0.00000	0.01484
10	R	0.00000	0.98517	0.00000	0.01484
11	A	0.00000	0.98517	0.00000	0.01483
12	R	0.00000	0.98517	0.00000	0.01483
13	R	0.00000	0.98517	0.00000	0.01484
14	D	0.00000	0.98517	0.00000	0.01484
15	M	0.00000	0.98517	0.00000	0.01484
16	E	0.00000	0.98517	0.00000	0.01484
17	A	0.00000	0.98517	0.00000	0.01484
18	V	0.00000	0.98517	0.00000	0.01483
19	A	0.00000	0.98517	0.00000	0.01483
20	A	0.00000	0.98517	0.00000	0.01483
21	Q	0.00000	0.98518	0.00000	0.01482
22	C	0.00000	0.98517	0.00000	0.01483
23	P	0.00000	0.98517	0.00000	0.01483
24	Q	0.00000	0.98517	0.00000	0.01482
25	P	0.00000	0.98517	0.00000	0.01482
26	P	0.00000	0.98517	0.00000	0.01483
27	S	0.00000	0.98517	0.00000	0.01482
28	A	0.00000	0.98517	0.00000	0.01482
29	S	0.00000	0.98518	0.00000	0.01482
30	S	0.00000	0.98665	0.00000	0.01334
31	Q	0.00000	0.99986	0.00000	0.00014
32	T	0.00000	0.99989	0.00000	0.00011
33	G	0.00000	0.99991	0.00000	9e-05
34	L	0.00000	0.99991	0.00000	9e-05
35	S	0.00000	0.99995	0.00000	5e-05
36	Q	0.00000	0.99999	0.00000	1e-05
37	A	0.00000	1	0.00000	0
38	N	0.00000	1	0.00000	0
39	L	0.00000	1	0.00000	0
40	S	0.00000	1	0.00000	0
41	A	0.00000	1	0.00000	0
42	G	0.00000	1	0.00000	0
43	P	0.00000	1	0.00000	0
44	S	0.00000	1	0.00000	0
45	H	0.00000	1	0.00000	0
46	N	0.00000	1	0.00000	0
47	C	0.00000	1	0.00000	0
48	S	0.00000	1	0.00000	0
49	A	0.00000	1	0.00000	0
50	A	0.00000	1	0.00000	0
51	E	0.00000	1	0.00000	0
52	E	0.00000	1	0.00000	0
53	Y	0.00000	1	0.00000	0
54	I	0.00000	1	0.00000	0
55	Y	0.00000	1	0.00000	0
56	Q	0.00000	1	0.00000	0
57	D	0.00000	1	0.00000	0
58	F	0.00000	0.99993	0.00007	0
59	I	0.00000	0.99736	0.00264	0
60	A	0.00000	0.99228	0.00772	0
61	L	0.00000	0.98379	0.01621	0
62	P	0.00000	0.97412	0.02588	0
63	W	0.00000	0.92041	0.07959	0
64	K	0.00000	0.90285	0.09715	0
65	V	0.00000	0.23373	0.76627	0
66	V	0.00000	0.05529	0.94471	0
67	V	0.00000	0.01369	0.98631	0
68	V	0.00000	0.00335	0.99665	0
69	L	0.00000	0.00158	0.99842	0
70	L	0.00000	0.0005	0.99950	0
71	L	0.00000	4e-05	0.99996	0
72	A	0.00000	0	1.00000	0
73	L	0.00000	0	1.00000	0
74	F	0.00000	0	1.00000	0
75	T	0.00000	0	1.00000	0
76	L	0.00000	0	1.00000	0
77	A	0.00000	0	1.00000	0
78	T	0.00000	0	1.00000	0
79	T	0.00000	0	1.00000	0
80	L	0.00000	0	1.00000	0
81	S	0.00000	0	1.00000	0
82	N	0.00000	0	1.00000	0
83	A	0.00000	0	1.00000	0
84	F	0.00000	0	1.00000	0
85	V	0.00004	0	0.99996	0
86	I	0.00050	0	0.99950	0
87	A	0.03491	0	0.96509	0
88	T	0.43018	0	0.56982	0
89	V	0.55146	0	0.44854	0
90	Y	0.74446	0	0.25554	0
91	R	0.99697	0	0.00303	0
92	T	0.99978	0	0.00022	0
93	R	1.00000	0	0.00000	0
94	K	1.00000	0	0.00000	0
95	L	1.00000	0	0.00000	0
96	H	1.00000	0	0.00000	0
97	T	1.00000	0	0.00000	0
98	P	1.00000	0	0.00000	0
99	A	0.34571	0	0.65429	0
100	N	0.04593	0	0.95407	0
101	Y	0.01079	0	0.98921	0
102	L	0.00010	0	0.99990	0
103	I	0.00000	0	1.00000	0
104	A	0.00000	0	1.00000	0
105	S	0.00000	0	1.00000	0
106	L	0.00000	0	1.00000	0
107	A	0.00000	0	1.00000	0
108	V	0.00000	0	1.00000	0
109	T	0.00000	0	1.00000	0
110	D	0.00000	0	1.00000	0
111	L	0.00000	0	1.00000	0
112	L	0.00000	0	1.00000	0
113	V	0.00000	0	1.00000	0
114	S	0.00000	0	1.00000	0
115	I	0.00000	0	1.00000	0
116	L	0.00000	0	1.00000	0
117	V	0.00000	1e-05	0.99999	0
118	M	0.00000	0.00057	0.99943	0
119	P	0.00000	0.00878	0.99122	0
120	I	0.00000	0.15772	0.84228	0
121	S	0.00000	0.66919	0.33081	0
122	T	0.00000	0.83882	0.16118	0
123	M	0.00000	0.88787	0.11213	0
124	Y	0.00000	0.99994	0.00006	0
125	T	0.00000	0.99997	0.00003	0
126	V	0.00000	0.99997	0.00003	0
127	T	0.00000	0.99999	0.00001	0
128	G	0.00000	1	0.00000	0
129	R	0.00000	1	0.00000	0
130	W	0.00000	1	0.00000	0
131	T	0.00000	1	0.00000	0
132	L	0.00000	1	0.00000	0
133	G	0.00000	1	0.00000	0
134	Q	0.00000	0.99981	0.00019	0
135	V	0.00000	0.99798	0.00202	0
136	V	0.00000	0.99757	0.00243	0
137	C	0.00000	0.99733	0.00267	0
138	D	0.00000	0.99627	0.00373	0
139	L	0.00000	0.99455	0.00545	0
140	W	0.00000	0.82193	0.17807	0
141	L	0.00000	0.09705	0.90295	0
142	S	0.00000	0.0183	0.98170	0
143	S	0.00000	0.00344	0.99656	0
144	D	0.00000	0.0013	0.99870	0
145	I	0.00000	4e-05	0.99996	0
146	T	0.00000	0	1.00000	0
147	C	0.00000	0	1.00000	0
148	C	0.00000	0	1.00000	0
149	T	0.00000	0	1.00000	0
150	A	0.00000	0	1.00000	0
151	S	0.00000	0	1.00000	0
152	I	0.00000	0	1.00000	0
153	L	0.00000	0	1.00000	0
154	H	0.00000	0	1.00000	0
155	L	0.00000	0	1.00000	0
156	C	0.00000	0	1.00000	0
157	V	0.00001	0	0.99999	0
158	I	0.00001	0	0.99999	0
159	A	0.00005	0	0.99995	0
160	L	0.00005	0	0.99995	0
161	D	0.00010	0	0.99990	0
162	R	0.11036	0	0.88964	0
163	Y	0.45453	0	0.54547	0
164	W	0.48233	0	0.51767	0
165	A	0.79876	0	0.20124	0
166	I	1.00000	0	0.00000	0
167	T	1.00000	0	0.00000	0
168	D	1.00000	0	0.00000	0
169	A	1.00000	0	0.00000	0
170	V	1.00000	0	0.00000	0
171	E	1.00000	0	0.00000	0
172	Y	1.00000	0	0.00000	0
173	S	1.00000	0	0.00000	0
174	A	1.00000	0	0.00000	0
175	K	1.00000	0	0.00000	0
176	R	1.00000	0	0.00000	0
177	T	1.00000	0	0.00000	0
178	P	1.00000	0	0.00000	0
179	K	0.99948	0	0.00052	0
180	R	0.96435	0	0.03565	0
181	A	0.15060	0	0.84940	0
182	A	0.01894	0	0.98106	0
183	V	0.00087	0	0.99913	0
184	M	0.00013	0	0.99987	0
185	I	0.00000	0	1.00000	0
186	A	0.00000	0	1.00000	0
187	L	0.00000	0	1.00000	0
188	V	0.00000	0	1.00000	0
189	W	0.00000	0	1.00000	0
190	V	0.00000	0	1.00000	0
191	F	0.00000	0	1.00000	0
192	S	0.00000	0	1.00000	0
193	I	0.00000	0	1.00000	0
194	C	0.00000	0	1.00000	0
195	I	0.00000	0	1.00000	0
196	S	0.00000	0	1.00000	0
197	L	0.00000	0	1.00000	0
198	P	0.00000	0	1.00000	0
199	P	0.00000	2e-05	0.99998	0
200	F	0.00000	0.00082	0.99918	0
201	F	0.00000	0.03212	0.96788	0
202	W	0.00000	0.49638	0.50362	0
203	R	0.00000	0.96862	0.03138	0
204	Q	0.00000	0.99526	0.00474	0
205	A	0.00000	0.99832	0.00168	0
206	K	0.00000	1	0.00000	0
207	A	0.00000	1	0.00000	0
208	E	0.00000	1	0.00000	0
209	A	0.00000	1	0.00000	0
210	M	0.00000	1	0.00000	0
211	S	0.00000	1	0.00000	0
212	N	0.00000	1	0.00000	0
213	C	0.00000	1	0.00000	0
214	V	0.00000	1	0.00000	0
215	V	0.00000	1	0.00000	0
216	N	0.00000	1	0.00000	0
217	T	0.00000	1	0.00000	0
218	D	0.00000	0.99997	0.00003	0
219	H	0.00000	0.98451	0.01549	0
220	V	0.00000	0.8239	0.17610	0
221	L	0.00000	0.30873	0.69127	0
222	Y	0.00000	0.28249	0.71751	0
223	T	0.00000	0.25712	0.74288	0
224	V	0.00000	0.00527	0.99473	0
225	Y	0.00000	0.00219	0.99781	0
226	S	0.00000	0.00172	0.99828	0
227	T	0.00000	0.00013	0.99987	0
228	V	0.00000	5e-05	0.99995	0
229	G	0.00000	0	1.00000	0
230	A	0.00000	0	1.00000	0
231	F	0.00000	0	1.00000	0
232	Y	0.00000	0	1.00000	0
233	F	0.00000	0	1.00000	0
234	P	0.00000	0	1.00000	0
235	T	0.00000	0	1.00000	0
236	L	0.00000	0	1.00000	0
237	L	0.00000	0	1.00000	0
238	L	0.00000	0	1.00000	0
239	I	0.00000	0	1.00000	0
240	A	0.00000	0	1.00000	0
241	L	0.00011	0	0.99989	0
242	Y	0.00352	0	0.99648	0
243	G	0.10260	0	0.89740	0
244	R	0.24831	0	0.75169	0
245	I	0.25950	0	0.74050	0
246	Y	0.32192	0	0.67808	0
247	V	0.69594	0	0.30406	0
248	E	0.98447	0	0.01553	0
249	A	0.99981	0	0.00019	0
250	R	0.99999	0	0.00001	0
251	S	1.00000	0	0.00000	0
252	R	1.00000	0	0.00000	0
253	I	1.00000	0	0.00000	0
254	L	1.00000	0	0.00000	0
255	K	1.00000	0	0.00000	0
256	Q	1.00000	0	0.00000	0
257	T	1.00000	0	0.00000	0
258	P	1.00000	0	0.00000	0
259	N	1.00000	0	0.00000	0
260	R	1.00000	0	0.00000	0
261	T	1.00000	0	0.00000	0
262	G	1.00000	0	0.00000	0
263	K	1.00000	0	0.00000	0
264	R	1.00000	0	0.00000	0
265	L	1.00000	0	0.00000	0
266	T	1.00000	0	0.00000	0
267	R	1.00000	0	0.00000	0
268	A	1.00000	0	0.00000	0
269	Q	1.00000	0	0.00000	0
270	L	1.00000	0	0.00000	0
271	I	1.00000	0	0.00000	0
272	T	1.00000	0	0.00000	0
273	D	1.00000	0	0.00000	0
274	S	1.00000	0	0.00000	0
275	P	1.00000	0	0.00000	0
276	G	1.00000	0	0.00000	0
277	S	1.00000	0	0.00000	0
278	T	1.00000	0	0.00000	0
279	S	1.00000	0	0.00000	0
280	S	1.00000	0	0.00000	0
281	V	1.00000	0	0.00000	0
282	T	1.00000	0	0.00000	0
283	S	1.00000	0	0.00000	0
284	I	1.00000	0	0.00000	0
285	N	1.00000	0	0.00000	0
286	S	1.00000	0	0.00000	0
287	R	1.00000	0	0.00000	0
288	A	1.00000	0	0.00000	0
289	P	1.00000	0	0.00000	0
290	E	1.00000	0	0.00000	0
291	V	1.00000	0	0.00000	0
292	P	1.00000	0	0.00000	0
293	S	1.00000	0	0.00000	0
294	E	1.00000	0	0.00000	0
295	S	1.00000	0	0.00000	0
296	G	1.00000	0	0.00000	0
297	S	1.00000	0	0.00000	0
298	P	1.00000	0	0.00000	0
299	V	1.00000	0	0.00000	0
300	Y	1.00000	0	0.00000	0
301	V	1.00000	0	0.00000	0
302	N	1.00000	0	0.00000	0
303	Q	1.00000	0	0.00000	0
304	V	1.00000	0	0.00000	0
305	K	1.00000	0	0.00000	0
306	V	1.00000	0	0.00000	0
307	R	1.00000	0	0.00000	0
308	V	1.00000	0	0.00000	0
309	S	1.00000	0	0.00000	0
310	D	1.00000	0	0.00000	0
311	A	1.00000	0	0.00000	0
312	L	1.00000	0	0.00000	0
313	L	1.00000	0	0.00000	0
314	E	1.00000	0	0.00000	0
315	K	1.00000	0	0.00000	0
316	K	1.00000	0	0.00000	0
317	K	1.00000	0	0.00000	0
318	L	1.00000	0	0.00000	0
319	M	1.00000	0	0.00000	0
320	A	1.00000	0	0.00000	0
321	A	1.00000	0	0.00000	0
322	R	1.00000	0	0.00000	0
323	E	1.00000	0	0.00000	0
324	R	0.99741	0	0.00259	0
325	K	0.99711	0	0.00289	0
326	A	0.76498	0	0.23502	0
327	T	0.76382	0	0.23618	0
328	K	0.76127	0	0.23873	0
329	T	0.75860	0	0.24140	0
330	L	0.00905	0	0.99095	0
331	G	0.00200	0	0.99800	0
332	I	0.00029	0	0.99971	0
333	I	0.00023	0	0.99977	0
334	L	0.00005	0	0.99995	0
335	G	0.00001	0	0.99999	0
336	A	0.00000	0	1.00000	0
337	F	0.00000	0	1.00000	0
338	I	0.00000	0	1.00000	0
339	V	0.00000	0	1.00000	0
340	C	0.00000	0	1.00000	0
341	W	0.00000	0	1.00000	0
342	L	0.00000	0	1.00000	0
343	P	0.00000	0	1.00000	0
344	F	0.00000	0	1.00000	0
345	F	0.00000	0	1.00000	0
346	I	0.00000	2e-05	0.99998	0
347	I	0.00000	0.00029	0.99971	0
348	S	0.00000	0.00248	0.99752	0
349	L	0.00000	0.00602	0.99398	0
350	A	0.00000	0.02378	0.97622	0
351	I	0.00000	0.07199	0.92801	0
352	P	0.00000	0.31448	0.68552	0
353	I	0.00000	0.41736	0.58264	0
354	C	0.00000	0.92946	0.07054	0
355	T	0.00000	0.97592	0.02408	0
356	S	0.00000	0.98817	0.01183	0
357	C	0.00000	0.99213	0.00787	0
358	W	0.00000	0.99239	0.00761	0
359	F	0.00000	0.9924	0.00760	0
360	H	0.00000	0.99774	0.00226	0
361	Q	0.00000	0.99772	0.00228	0
362	A	0.00000	0.99275	0.00725	0
363	I	0.00000	0.98849	0.01151	0
364	F	0.00000	0.9869	0.01310	0
365	D	0.00000	0.93608	0.06392	0
366	F	0.00000	0.00916	0.99084	0
367	F	0.00000	0.0004	0.99960	0
368	T	0.00000	1e-05	0.99999	0
369	W	0.00000	0	1.00000	0
370	L	0.00000	0	1.00000	0
371	G	0.00000	0	1.00000	0
372	Y	0.00000	0	1.00000	0
373	L	0.00000	0	1.00000	0
374	N	0.00000	0	1.00000	0
375	S	0.00000	0	1.00000	0
376	L	0.00000	0	1.00000	0
377	I	0.00000	0	1.00000	0
378	N	0.00000	0	1.00000	0
379	P	0.00000	0	1.00000	0
380	I	0.00000	0	1.00000	0
381	I	0.00005	0	0.99995	0
382	Y	0.00018	0	0.99982	0
383	T	0.00053	0	0.99947	0
384	M	0.00112	0	0.99888	0
385	S	0.04864	0	0.95136	0
386	N	0.33478	0	0.66522	0
387	E	1.00000	0	0.00000	0
388	D	1.00000	0	0.00000	0
389	F	1.00000	0	0.00000	0
390	K	1.00000	0	0.00000	0
391	Q	1.00000	0	0.00000	0
392	A	1.00000	0	0.00000	0
393	F	1.00000	0	0.00000	0
394	H	1.00000	0	0.00000	0
395	K	1.00000	0	0.00000	0
396	L	1.00000	0	0.00000	0
397	I	1.00000	0	0.00000	0
398	G	1.00000	0	0.00000	0
399	F	1.00000	0	0.00000	0
400	K	1.00000	0	0.00000	0
401	C	1.00000	0	0.00000	0
402	T	1.00000	0	0.00000	0
403	N	1.00000	0	0.00000	0
