# UNNAMED
#pos	aa	i	o	M	S
1	M	0.00000	1	0.00000	0
2	A	0.00000	1	0.00000	0
3	F	0.00000	1	0.00000	0
4	L	0.00000	1	0.00000	0
5	P	0.00000	1	0.00000	0
6	E	0.00000	1	0.00000	0
7	N	0.00000	1	0.00000	0
8	S	0.00000	1	0.00000	0
9	S	0.00000	1	0.00000	0
10	E	0.00000	1	0.00000	0
11	C	0.00000	1	0.00000	0
12	S	0.00000	1	0.00000	0
13	N	0.00000	1	0.00000	0
14	C	0.00000	1	0.00000	0
15	T	0.00000	1	0.00000	0
16	H	0.00000	1	0.00000	0
17	F	0.00000	1	0.00000	0
18	V	0.00000	1	0.00000	0
19	E	0.00000	1	0.00000	0
20	P	0.00000	0.99999	0.00001	0
21	V	0.00000	0.99983	0.00017	0
22	N	0.00000	0.99973	0.00027	0
23	I	0.00000	0.9901	0.00990	0
24	S	0.00000	0.9884	0.01160	0
25	K	0.00000	0.98186	0.01814	0
26	A	0.00000	0.7873	0.21270	0
27	I	0.00000	0.31248	0.68752	0
28	L	0.00000	0.12947	0.87053	0
29	L	0.00000	0.04323	0.95677	0
30	G	0.00000	0.01983	0.98017	0
31	I	0.00000	0.00193	0.99807	0
32	I	0.00000	0.00052	0.99948	0
33	L	0.00000	0.00024	0.99976	0
34	G	0.00000	0.00014	0.99986	0
35	G	0.00000	3e-05	0.99997	0
36	L	0.00000	0	1.00000	0
37	I	0.00000	0	1.00000	0
38	V	0.00000	0	1.00000	0
39	F	0.00000	0	1.00000	0
40	G	0.00000	0	1.00000	0
41	V	0.00000	0	1.00000	0
42	L	0.00000	0	1.00000	0
43	G	0.00000	0	1.00000	0
44	N	0.00000	0	1.00000	0
45	I	0.00000	0	1.00000	0
46	L	0.00000	0	1.00000	0
47	V	0.00001	0	0.99999	0
48	I	0.00009	0	0.99991	0
49	L	0.00953	0	0.99047	0
50	S	0.33342	0	0.66658	0
51	V	0.39267	0	0.60733	0
52	A	0.59479	0	0.40521	0
53	C	0.79719	0	0.20281	0
54	H	0.95302	0	0.04698	0
55	R	0.99758	0	0.00242	0
56	H	0.99958	0	0.00042	0
57	L	0.99984	0	0.00016	0
58	Q	1.00000	0	0.00000	0
59	S	0.99988	0	0.00012	0
60	V	0.99411	0	0.00589	0
61	T	0.97646	0	0.02354	0
62	H	0.64138	0	0.35862	0
63	Y	0.16199	0	0.83801	0
64	Y	0.00356	0	0.99644	0
65	I	0.00005	0	0.99995	0
66	I	0.00000	0	1.00000	0
67	N	0.00000	0	1.00000	0
68	L	0.00000	0	1.00000	0
69	A	0.00000	0	1.00000	0
70	V	0.00000	0	1.00000	0
71	A	0.00000	0	1.00000	0
72	D	0.00000	0	1.00000	0
73	L	0.00000	0	1.00000	0
74	L	0.00000	0	1.00000	0
75	L	0.00000	0	1.00000	0
76	T	0.00000	0	1.00000	0
77	S	0.00000	0	1.00000	0
78	T	0.00000	0	1.00000	0
79	V	0.00000	0	1.00000	0
80	L	0.00000	3e-05	0.99997	0
81	P	0.00000	0.00087	0.99913	0
82	F	0.00000	0.00993	0.99007	0
83	S	0.00000	0.41681	0.58319	0
84	A	0.00000	0.61548	0.38452	0
85	T	0.00000	0.84898	0.15102	0
86	M	0.00000	0.99853	0.00147	0
87	E	0.00000	0.99908	0.00092	0
88	I	0.00000	0.9991	0.00090	0
89	L	0.00000	0.99928	0.00072	0
90	G	0.00000	0.99976	0.00024	0
91	Y	0.00000	0.99997	0.00003	0
92	W	0.00000	0.99999	0.00001	0
93	V	0.00000	0.99999	0.00001	0
94	F	0.00000	0.99998	0.00002	0
95	G	0.00000	0.99998	0.00002	0
96	R	0.00000	0.99998	0.00002	0
97	I	0.00000	0.99997	0.00003	0
98	F	0.00000	0.99997	0.00003	0
99	C	0.00000	0.99997	0.00003	0
100	N	0.00000	0.99997	0.00003	0
101	I	0.00000	0.99866	0.00134	0
102	W	0.00000	0.88452	0.11548	0
103	A	0.00000	0.29145	0.70855	0
104	A	0.00000	0.00772	0.99228	0
105	V	0.00000	6e-05	0.99994	0
106	D	0.00000	1e-05	0.99999	0
107	V	0.00000	0	1.00000	0
108	L	0.00000	0	1.00000	0
109	C	0.00000	0	1.00000	0
110	C	0.00000	0	1.00000	0
111	T	0.00000	0	1.00000	0
112	A	0.00000	0	1.00000	0
113	S	0.00000	0	1.00000	0
114	I	0.00000	0	1.00000	0
115	M	0.00000	0	1.00000	0
116	S	0.00000	0	1.00000	0
117	L	0.00000	0	1.00000	0
118	C	0.00000	0	1.00000	0
119	I	0.00000	0	1.00000	0
120	I	0.00000	0	1.00000	0
121	S	0.00000	0	1.00000	0
122	I	0.00000	0	1.00000	0
123	D	0.00004	0	0.99996	0
124	R	0.07764	0	0.92236	0
125	Y	0.30341	0	0.69659	0
126	I	0.87417	0	0.12583	0
127	G	0.98203	0	0.01797	0
128	V	0.99999	0	0.00001	0
129	S	1.00000	0	0.00000	0
130	Y	1.00000	0	0.00000	0
131	P	1.00000	0	0.00000	0
132	L	1.00000	0	0.00000	0
133	R	1.00000	0	0.00000	0
134	Y	1.00000	0	0.00000	0
135	P	1.00000	0	0.00000	0
136	S	1.00000	0	0.00000	0
137	I	1.00000	0	0.00000	0
138	V	1.00000	0	0.00000	0
139	T	0.99999	0	0.00001	0
140	E	0.99999	0	0.00001	0
141	R	0.99992	0	0.00008	0
142	R	0.99496	0	0.00504	0
143	G	0.68131	0	0.31869	0
144	L	0.04114	0	0.95886	0
145	L	0.00425	0	0.99575	0
146	A	0.00005	0	0.99995	0
147	L	0.00000	0	1.00000	0
148	L	0.00000	0	1.00000	0
149	C	0.00000	0	1.00000	0
150	V	0.00000	0	1.00000	0
151	W	0.00000	0	1.00000	0
152	A	0.00000	0	1.00000	0
153	L	0.00000	0	1.00000	0
154	S	0.00000	0	1.00000	0
155	L	0.00000	0	1.00000	0
156	V	0.00000	0	1.00000	0
157	I	0.00000	0	1.00000	0
158	S	0.00000	0	1.00000	0
159	I	0.00000	0	1.00000	0
160	G	0.00000	1e-05	0.99999	0
161	P	0.00000	3e-05	0.99997	0
162	L	0.00000	0.00029	0.99971	0
163	F	0.00000	0.01485	0.98515	0
164	G	0.00000	0.38423	0.61577	0
165	W	0.00000	0.59237	0.40763	0
166	K	0.00000	0.99538	0.00462	0
167	E	0.00000	0.99996	0.00004	0
168	P	0.00000	1	0.00000	0
169	A	0.00000	1	0.00000	0
170	P	0.00000	1	0.00000	0
171	E	0.00000	1	0.00000	0
172	D	0.00000	1	0.00000	0
173	E	0.00000	1	0.00000	0
174	T	0.00000	1	0.00000	0
175	I	0.00000	1	0.00000	0
176	C	0.00000	1	0.00000	0
177	Q	0.00000	1	0.00000	0
178	I	0.00000	1	0.00000	0
179	T	0.00000	1	0.00000	0
180	E	0.00000	1	0.00000	0
181	E	0.00000	0.99999	0.00001	0
182	P	0.00000	0.99935	0.00065	0
183	G	0.00000	0.92205	0.07795	0
184	Y	0.00000	0.85563	0.14437	0
185	V	0.00000	0.8272	0.17280	0
186	L	0.00000	0.05919	0.94081	0
187	F	0.00000	0.00262	0.99738	0
188	S	0.00000	0.00229	0.99771	0
189	A	0.00000	5e-05	0.99995	0
190	L	0.00000	2e-05	0.99998	0
191	G	0.00000	0	1.00000	0
192	S	0.00000	0	1.00000	0
193	F	0.00000	0	1.00000	0
194	Y	0.00000	0	1.00000	0
195	L	0.00000	0	1.00000	0
196	P	0.00000	0	1.00000	0
197	L	0.00000	0	1.00000	0
198	T	0.00000	0	1.00000	0
199	I	0.00000	0	1.00000	0
200	I	0.00000	0	1.00000	0
201	L	0.00000	0	1.00000	0
202	V	0.00000	0	1.00000	0
203	M	0.00000	0	1.00000	0
204	Y	0.00002	0	0.99998	0
205	C	0.00098	0	0.99902	0
206	R	0.01319	0	0.98681	0
207	V	0.01471	0	0.98529	0
208	Y	0.02426	0	0.97574	0
209	V	0.14161	0	0.85839	0
210	V	0.28212	0	0.71788	0
211	A	0.99282	0	0.00718	0
212	K	0.99985	0	0.00015	0
213	R	1.00000	0	0.00000	0
214	E	1.00000	0	0.00000	0
215	N	1.00000	0	0.00000	0
216	Q	1.00000	0	0.00000	0
217	G	1.00000	0	0.00000	0
218	L	1.00000	0	0.00000	0
219	S	1.00000	0	0.00000	0
220	S	1.00000	0	0.00000	0
221	G	1.00000	0	0.00000	0
222	L	1.00000	0	0.00000	0
223	K	1.00000	0	0.00000	0
224	T	1.00000	0	0.00000	0
225	E	1.00000	0	0.00000	0
226	K	1.00000	0	0.00000	0
227	S	1.00000	0	0.00000	0
228	H	1.00000	0	0.00000	0
229	S	1.00000	0	0.00000	0
230	E	1.00000	0	0.00000	0
231	E	1.00000	0	0.00000	0
232	V	1.00000	0	0.00000	0
233	T	1.00000	0	0.00000	0
234	L	1.00000	0	0.00000	0
235	R	1.00000	0	0.00000	0
236	I	1.00000	0	0.00000	0
237	H	1.00000	0	0.00000	0
238	R	1.00000	0	0.00000	0
239	R	1.00000	0	0.00000	0
240	N	1.00000	0	0.00000	0
241	A	1.00000	0	0.00000	0
242	A	1.00000	0	0.00000	0
243	G	1.00000	0	0.00000	0
244	A	1.00000	0	0.00000	0
245	S	1.00000	0	0.00000	0
246	P	1.00000	0	0.00000	0
247	K	1.00000	0	0.00000	0
248	S	1.00000	0	0.00000	0
249	K	1.00000	0	0.00000	0
250	H	1.00000	0	0.00000	0
251	H	1.00000	0	0.00000	0
252	F	1.00000	0	0.00000	0
253	S	1.00000	0	0.00000	0
254	V	1.00000	0	0.00000	0
255	R	1.00000	0	0.00000	0
256	L	1.00000	0	0.00000	0
257	L	1.00000	0	0.00000	0
258	K	1.00000	0	0.00000	0
259	F	1.00000	0	0.00000	0
260	S	1.00000	0	0.00000	0
261	R	1.00000	0	0.00000	0
262	E	1.00000	0	0.00000	0
263	K	0.99470	0	0.00530	0
264	K	0.99440	0	0.00560	0
265	A	0.77477	0	0.22523	0
266	A	0.77362	0	0.22638	0
267	K	0.74380	0	0.25620	0
268	T	0.64294	0	0.35706	0
269	L	0.02555	0	0.97445	0
270	G	0.00268	0	0.99732	0
271	I	0.00164	0	0.99836	0
272	V	0.00015	0	0.99985	0
273	V	0.00015	0	0.99985	0
274	G	0.00001	0	0.99999	0
275	C	0.00000	0	1.00000	0
276	F	0.00000	0	1.00000	0
277	V	0.00000	0	1.00000	0
278	L	0.00000	0	1.00000	0
279	C	0.00000	0	1.00000	0
280	W	0.00000	0	1.00000	0
281	L	0.00000	0	1.00000	0
282	P	0.00000	0	1.00000	0
283	F	0.00000	0	1.00000	0
284	F	0.00000	0	1.00000	0
285	V	0.00000	4e-05	0.99996	0
286	V	0.00000	0.00046	0.99954	0
287	M	0.00000	0.00283	0.99717	0
288	P	0.00000	0.04969	0.95031	0
289	L	0.00000	0.06586	0.93414	0
290	G	0.00000	0.13385	0.86615	0
291	S	0.00000	0.15808	0.84192	0
292	F	0.00000	0.17086	0.82914	0
293	F	0.00000	0.20255	0.79745	0
294	P	0.00000	0.44304	0.55696	0
295	A	0.00000	0.49037	0.50963	0
296	I	0.00000	0.63596	0.36404	0
297	K	0.00000	0.9979	0.00210	0
298	P	0.00000	0.99974	0.00026	0
299	P	0.00000	0.99995	0.00005	0
300	D	0.00000	0.99957	0.00043	0
301	T	0.00000	0.98117	0.01883	0
302	L	0.00000	0.94394	0.05606	0
303	F	0.00000	0.93658	0.06342	0
304	K	0.00000	0.7686	0.23140	0
305	I	0.00000	0.00951	0.99049	0
306	T	0.00000	0.00177	0.99823	0
307	F	0.00000	3e-05	0.99997	0
308	W	0.00000	0	1.00000	0
309	L	0.00000	0	1.00000	0
310	G	0.00000	0	1.00000	0
311	Y	0.00000	0	1.00000	0
312	L	0.00000	0	1.00000	0
313	N	0.00000	0	1.00000	0
314	S	0.00000	0	1.00000	0
315	C	0.00000	0	1.00000	0
316	I	0.00000	0	1.00000	0
317	N	0.00000	0	1.00000	0
318	P	0.00000	0	1.00000	0
319	I	0.00000	0	1.00000	0
320	I	0.00000	0	1.00000	0
321	Y	0.00009	0	0.99991	0
322	P	0.00086	0	0.99914	0
323	C	0.01561	0	0.98439	0
324	S	0.17432	0	0.82568	0
325	S	0.36688	0	0.63312	0
326	Q	0.98508	0	0.01492	0
327	E	1.00000	0	0.00000	0
328	F	1.00000	0	0.00000	0
329	K	1.00000	0	0.00000	0
330	K	1.00000	0	0.00000	0
331	A	1.00000	0	0.00000	0
332	F	1.00000	0	0.00000	0
333	Q	1.00000	0	0.00000	0
334	N	1.00000	0	0.00000	0
335	V	1.00000	0	0.00000	0
336	L	1.00000	0	0.00000	0
337	K	1.00000	0	0.00000	0
338	A	1.00000	0	0.00000	0
339	Q	1.00000	0	0.00000	0
340	C	1.00000	0	0.00000	0
341	L	1.00000	0	0.00000	0
342	L	1.00000	0	0.00000	0
343	R	1.00000	0	0.00000	0
344	K	1.00000	0	0.00000	0
345	Q	1.00000	0	0.00000	0
346	P	1.00000	0	0.00000	0
347	A	1.00000	0	0.00000	0
348	K	1.00000	0	0.00000	0
349	K	1.00000	0	0.00000	0
350	Q	1.00000	0	0.00000	0
351	T	1.00000	0	0.00000	0
352	P	1.00000	0	0.00000	0
353	S	1.00000	0	0.00000	0
354	F	1.00000	0	0.00000	0
355	N	1.00000	0	0.00000	0
356	L	1.00000	0	0.00000	0
357	N	1.00000	0	0.00000	0
358	H	1.00000	0	0.00000	0
359	P	1.00000	0	0.00000	0
360	A	1.00000	0	0.00000	0
361	G	1.00000	0	0.00000	0
362	Q	1.00000	0	0.00000	0
363	S	1.00000	0	0.00000	0
364	V	1.00000	0	0.00000	0
365	E	1.00000	0	0.00000	0
366	R	1.00000	0	0.00000	0
367	G	1.00000	0	0.00000	0
368	R	1.00000	0	0.00000	0
369	G	1.00000	0	0.00000	0
370	V	1.00000	0	0.00000	0
371	V	1.00000	0	0.00000	0
372	R	1.00000	0	0.00000	0
373	I	1.00000	0	0.00000	0
374	P	1.00000	0	0.00000	0
375	V	1.00000	0	0.00000	0
376	G	1.00000	0	0.00000	0
377	S	1.00000	0	0.00000	0
378	G	1.00000	0	0.00000	0
379	E	1.00000	0	0.00000	0
380	T	1.00000	0	0.00000	0
381	F	1.00000	0	0.00000	0
382	Y	1.00000	0	0.00000	0
383	R	1.00000	0	0.00000	0
384	I	1.00000	0	0.00000	0
385	S	1.00000	0	0.00000	0
386	K	1.00000	0	0.00000	0
387	A	1.00000	0	0.00000	0
388	D	1.00000	0	0.00000	0
389	G	1.00000	0	0.00000	0
390	V	1.00000	0	0.00000	0
391	C	1.00000	0	0.00000	0
392	E	1.00000	0	0.00000	0
393	W	1.00000	0	0.00000	0
394	K	1.00000	0	0.00000	0
395	I	1.00000	0	0.00000	0
396	F	1.00000	0	0.00000	0
397	A	1.00000	0	0.00000	0
398	A	1.00000	0	0.00000	0
399	A	1.00000	0	0.00000	0
400	P	1.00000	0	0.00000	0
401	A	1.00000	0	0.00000	0
402	K	1.00000	0	0.00000	0
403	S	1.00000	0	0.00000	0
404	A	1.00000	0	0.00000	0
405	A	1.00000	0	0.00000	0
406	P	1.00000	0	0.00000	0
407	K	1.00000	0	0.00000	0
408	N	1.00000	0	0.00000	0
409	C	1.00000	0	0.00000	0
410	T	1.00000	0	0.00000	0
411	A	1.00000	0	0.00000	0
412	A	1.00000	0	0.00000	0
413	K	1.00000	0	0.00000	0
414	A	1.00000	0	0.00000	0
415	K	1.00000	0	0.00000	0
416	S	1.00000	0	0.00000	0
417	K	1.00000	0	0.00000	0
418	G	1.00000	0	0.00000	0
419	F	1.00000	0	0.00000	0
420	L	1.00000	0	0.00000	0
421	Q	1.00000	0	0.00000	0
422	E	1.00000	0	0.00000	0
423	C	1.00000	0	0.00000	0
424	C	1.00000	0	0.00000	0
425	C	1.00000	0	0.00000	0
426	A	1.00000	0	0.00000	0
427	G	1.00000	0	0.00000	0
428	T	1.00000	0	0.00000	0
429	A	1.00000	0	0.00000	0
430	G	1.00000	0	0.00000	0
431	S	1.00000	0	0.00000	0
432	L	1.00000	0	0.00000	0
433	V	1.00000	0	0.00000	0
434	H	1.00000	0	0.00000	0
435	E	1.00000	0	0.00000	0
436	S	1.00000	0	0.00000	0
437	C	1.00000	0	0.00000	0
438	K	1.00000	0	0.00000	0
439	V	1.00000	0	0.00000	0
440	P	1.00000	0	0.00000	0
441	S	1.00000	0	0.00000	0
442	I	1.00000	0	0.00000	0
443	K	1.00000	0	0.00000	0
444	I	1.00000	0	0.00000	0
445	H	1.00000	0	0.00000	0
446	S	1.00000	0	0.00000	0
447	I	1.00000	0	0.00000	0
448	S	1.00000	0	0.00000	0
449	L	1.00000	0	0.00000	0
450	S	1.00000	0	0.00000	0
451	E	1.00000	0	0.00000	0
452	G	1.00000	0	0.00000	0
453	G	1.00000	0	0.00000	0
454	E	1.00000	0	0.00000	0
455	D	1.00000	0	0.00000	0
456	V	1.00000	0	0.00000	0
