# UNNAMED
#pos	aa	i	o	M	S
1	M	0.00000	0.99487	0.00000	0.00513
2	G	0.00000	0.99487	0.00000	0.00514
3	F	0.00000	0.99487	0.00000	0.00513
4	C	0.00000	0.99487	0.00000	0.00513
5	F	0.00000	0.99487	0.00000	0.00513
6	G	0.00000	0.99487	0.00000	0.00513
7	S	0.00000	0.99487	0.00000	0.00513
8	S	0.00000	0.99487	0.00000	0.00513
9	L	0.00000	0.99487	0.00000	0.00513
10	E	0.00000	0.99487	0.00000	0.00513
11	K	0.00000	0.99487	0.00000	0.00513
12	L	0.00000	0.99487	0.00000	0.00513
13	N	0.00000	0.99487	0.00000	0.00513
14	R	0.00000	0.99487	0.00000	0.00513
15	S	0.00000	0.99487	0.00000	0.00513
16	S	0.00000	0.99919	0.00000	0.00081
17	T	0.00000	0.99919	0.00000	0.00081
18	L	0.00000	1	0.00000	0
19	M	0.00000	1	0.00000	0
20	A	0.00000	1	0.00000	0
21	M	0.00000	1	0.00000	0
22	F	0.00000	1	0.00000	0
23	S	0.00000	1	0.00000	0
24	S	0.00000	1	0.00000	0
25	G	0.00000	1	0.00000	0
26	E	0.00000	1	0.00000	0
27	W	0.00000	1	0.00000	0
28	L	0.00000	1	0.00000	0
29	W	0.00000	1	0.00000	0
30	N	0.00000	1	0.00000	0
31	D	0.00000	1	0.00000	0
32	S	0.00000	1	0.00000	0
33	E	0.00000	1	0.00000	0
34	H	0.00000	1	0.00000	0
35	S	0.00000	1	0.00000	0
36	F	0.00000	1	0.00000	0
37	T	0.00000	1	0.00000	0
38	P	0.00000	1	0.00000	0
39	G	0.00000	1	0.00000	0
40	G	0.00000	1	0.00000	0
41	N	0.00000	1	0.00000	0
42	Y	0.00000	1	0.00000	0
43	S	0.00000	1	0.00000	0
44	P	0.00000	1	0.00000	0
45	A	0.00000	1	0.00000	0
46	S	0.00000	1	0.00000	0
47	G	0.00000	1	0.00000	0
48	V	0.00000	1	0.00000	0
49	E	0.00000	1	0.00000	0
50	E	0.00000	1	0.00000	0
51	A	0.00000	1	0.00000	0
52	K	0.00000	1	0.00000	0
53	R	0.00000	0.99993	0.00007	0
54	N	0.00000	0.99783	0.00217	0
55	Y	0.00000	0.95194	0.04806	0
56	Y	0.00000	0.21384	0.78616	0
57	A	0.00000	0.12718	0.87282	0
58	M	0.00000	0.08729	0.91271	0
59	L	0.00000	0.03142	0.96858	0
60	Y	0.00000	0.00165	0.99835	0
61	S	0.00000	0.00034	0.99966	0
62	L	0.00000	1e-05	0.99999	0
63	L	0.00000	0	1.00000	0
64	I	0.00000	0	1.00000	0
65	L	0.00000	0	1.00000	0
66	A	0.00000	0	1.00000	0
67	I	0.00000	0	1.00000	0
68	V	0.00000	0	1.00000	0
69	F	0.00000	0	1.00000	0
70	G	0.00000	0	1.00000	0
71	N	0.00000	0	1.00000	0
72	V	0.00000	0	1.00000	0
73	L	0.00000	0	1.00000	0
74	V	0.00000	0	1.00000	0
75	C	0.00000	0	1.00000	0
76	I	0.00014	0	0.99986	0
77	A	0.02265	0	0.97735	0
78	V	0.08243	0	0.91757	0
79	L	0.33183	0	0.66817	0
80	R	0.98204	0	0.01796	0
81	E	0.99976	0	0.00024	0
82	R	0.99999	0	0.00001	0
83	A	1.00000	0	0.00000	0
84	L	1.00000	0	0.00000	0
85	Q	1.00000	0	0.00000	0
86	T	0.99979	0	0.00021	0
87	T	0.99177	0	0.00823	0
88	T	0.90115	0	0.09885	0
89	N	0.20362	0	0.79638	0
90	Y	0.06428	0	0.93572	0
91	L	0.00073	0	0.99927	0
92	V	0.00007	0	0.99993	0
93	V	0.00000	0	1.00000	0
94	S	0.00000	0	1.00000	0
95	L	0.00000	0	1.00000	0
96	A	0.00000	0	1.00000	0
97	V	0.00000	0	1.00000	0
98	A	0.00000	0	1.00000	0
99	D	0.00000	0	1.00000	0
100	L	0.00000	0	1.00000	0
101	L	0.00000	0	1.00000	0
102	V	0.00000	0	1.00000	0
103	A	0.00000	0	1.00000	0
104	S	0.00000	0	1.00000	0
105	L	0.00000	0	1.00000	0
106	V	0.00000	0	1.00000	0
107	M	0.00000	3e-05	0.99997	0
108	P	0.00000	0.00057	0.99943	0
109	W	0.00000	0.00622	0.99378	0
110	A	0.00000	0.10811	0.89189	0
111	V	0.00000	0.36308	0.63692	0
112	Y	0.00000	0.89743	0.10257	0
113	L	0.00000	0.99978	0.00022	0
114	E	0.00000	0.99999	0.00001	0
115	V	0.00000	0.99999	0.00001	0
116	V	0.00000	1	0.00000	0
117	G	0.00000	1	0.00000	0
118	G	0.00000	1	0.00000	0
119	A	0.00000	1	0.00000	0
120	W	0.00000	1	0.00000	0
121	L	0.00000	1	0.00000	0
122	F	0.00000	1	0.00000	0
123	S	0.00000	1	0.00000	0
124	R	0.00000	1	0.00000	0
125	L	0.00000	1	0.00000	0
126	Y	0.00000	1	0.00000	0
127	C	0.00000	0.99999	0.00001	0
128	N	0.00000	0.99995	0.00005	0
129	V	0.00000	0.99371	0.00629	0
130	F	0.00000	0.39643	0.60357	0
131	V	0.00000	0.07449	0.92551	0
132	T	0.00000	0.03325	0.96675	0
133	L	0.00000	0.00037	0.99963	0
134	D	0.00000	0.00011	0.99989	0
135	V	0.00000	0	1.00000	0
136	M	0.00000	0	1.00000	0
137	M	0.00000	0	1.00000	0
138	C	0.00000	0	1.00000	0
139	T	0.00000	0	1.00000	0
140	A	0.00000	0	1.00000	0
141	S	0.00000	0	1.00000	0
142	I	0.00000	0	1.00000	0
143	L	0.00000	0	1.00000	0
144	N	0.00000	0	1.00000	0
145	L	0.00000	0	1.00000	0
146	C	0.00000	0	1.00000	0
147	A	0.00000	0	1.00000	0
148	I	0.00000	0	1.00000	0
149	S	0.00000	0	1.00000	0
150	I	0.00000	0	1.00000	0
151	D	0.00001	0	0.99999	0
152	R	0.01925	0	0.98075	0
153	Y	0.43558	0	0.56442	0
154	T	0.89138	0	0.10862	0
155	A	0.96860	0	0.03140	0
156	V	0.99999	0	0.00001	0
157	V	1.00000	0	0.00000	0
158	M	1.00000	0	0.00000	0
159	P	1.00000	0	0.00000	0
160	V	1.00000	0	0.00000	0
161	L	1.00000	0	0.00000	0
162	Y	1.00000	0	0.00000	0
163	N	1.00000	0	0.00000	0
164	T	1.00000	0	0.00000	0
165	T	1.00000	0	0.00000	0
166	H	1.00000	0	0.00000	0
167	S	1.00000	0	0.00000	0
168	S	1.00000	0	0.00000	0
169	R	0.99999	0	0.00001	0
170	K	0.99977	0	0.00023	0
171	R	0.98681	0	0.01319	0
172	V	0.28784	0	0.71216	0
173	S	0.13984	0	0.86016	0
174	V	0.00172	0	0.99828	0
175	M	0.00007	0	0.99993	0
176	I	0.00000	0	1.00000	0
177	A	0.00000	0	1.00000	0
178	T	0.00000	0	1.00000	0
179	V	0.00000	0	1.00000	0
180	W	0.00000	0	1.00000	0
181	V	0.00000	0	1.00000	0
182	L	0.00000	0	1.00000	0
183	A	0.00000	0	1.00000	0
184	F	0.00000	0	1.00000	0
185	A	0.00000	0	1.00000	0
186	V	0.00000	0	1.00000	0
187	S	0.00000	0	1.00000	0
188	C	0.00000	0	1.00000	0
189	P	0.00000	0	1.00000	0
190	L	0.00000	1e-05	0.99999	0
191	L	0.00000	0.00017	0.99983	0
192	F	0.00000	0.00617	0.99383	0
193	G	0.00000	0.08498	0.91502	0
194	F	0.00000	0.25716	0.74284	0
195	N	0.00000	0.97538	0.02462	0
196	T	0.00000	0.99796	0.00204	0
197	T	0.00000	0.99991	0.00009	0
198	D	0.00000	1	0.00000	0
199	D	0.00000	1	0.00000	0
200	P	0.00000	1	0.00000	0
201	A	0.00000	1	0.00000	0
202	V	0.00000	1	0.00000	0
203	C	0.00000	1	0.00000	0
204	S	0.00000	1	0.00000	0
205	I	0.00000	1	0.00000	0
206	S	0.00000	1	0.00000	0
207	N	0.00000	1	0.00000	0
208	P	0.00000	0.99999	0.00001	0
209	D	0.00000	0.99922	0.00078	0
210	F	0.00000	0.18295	0.81705	0
211	V	0.00000	0.12066	0.87934	0
212	I	0.00000	0.08199	0.91801	0
213	Y	0.00000	0.02098	0.97902	0
214	S	0.00000	0.01919	0.98081	0
215	S	0.00000	0.00427	0.99573	0
216	V	0.00000	0.00322	0.99678	0
217	V	0.00000	0	1.00000	0
218	S	0.00000	0	1.00000	0
219	F	0.00000	0	1.00000	0
220	Y	0.00000	0	1.00000	0
221	L	0.00000	0	1.00000	0
222	P	0.00000	0	1.00000	0
223	F	0.00000	0	1.00000	0
224	A	0.00000	0	1.00000	0
225	V	0.00000	0	1.00000	0
226	T	0.00000	0	1.00000	0
227	L	0.00000	0	1.00000	0
228	L	0.00000	0	1.00000	0
229	V	0.00000	0	1.00000	0
230	Y	0.00000	0	1.00000	0
231	V	0.00015	0	0.99985	0
232	R	0.01067	0	0.98933	0
233	I	0.01289	0	0.98711	0
234	Y	0.03533	0	0.96467	0
235	I	0.18878	0	0.81122	0
236	F	0.32433	0	0.67567	0
237	L	0.97484	0	0.02516	0
238	R	0.99857	0	0.00143	0
239	R	0.99996	0	0.00004	0
240	R	1.00000	0	0.00000	0
241	R	1.00000	0	0.00000	0
242	K	1.00000	0	0.00000	0
243	K	1.00000	0	0.00000	0
244	I	1.00000	0	0.00000	0
245	T	1.00000	0	0.00000	0
246	F	1.00000	0	0.00000	0
247	R	1.00000	0	0.00000	0
248	Q	1.00000	0	0.00000	0
249	G	1.00000	0	0.00000	0
250	S	1.00000	0	0.00000	0
251	G	1.00000	0	0.00000	0
252	K	1.00000	0	0.00000	0
253	V	1.00000	0	0.00000	0
254	Q	1.00000	0	0.00000	0
255	P	1.00000	0	0.00000	0
256	A	1.00000	0	0.00000	0
257	S	1.00000	0	0.00000	0
258	A	1.00000	0	0.00000	0
259	P	1.00000	0	0.00000	0
260	P	1.00000	0	0.00000	0
261	S	1.00000	0	0.00000	0
262	V	1.00000	0	0.00000	0
263	E	1.00000	0	0.00000	0
264	M	1.00000	0	0.00000	0
265	C	1.00000	0	0.00000	0
266	L	1.00000	0	0.00000	0
267	Q	1.00000	0	0.00000	0
268	D	1.00000	0	0.00000	0
269	D	1.00000	0	0.00000	0
270	A	1.00000	0	0.00000	0
271	H	1.00000	0	0.00000	0
272	K	1.00000	0	0.00000	0
273	E	1.00000	0	0.00000	0
274	K	1.00000	0	0.00000	0
275	R	1.00000	0	0.00000	0
276	D	1.00000	0	0.00000	0
277	L	1.00000	0	0.00000	0
278	S	1.00000	0	0.00000	0
279	P	1.00000	0	0.00000	0
280	I	1.00000	0	0.00000	0
281	R	1.00000	0	0.00000	0
282	I	1.00000	0	0.00000	0
283	N	1.00000	0	0.00000	0
284	V	1.00000	0	0.00000	0
285	I	1.00000	0	0.00000	0
286	T	1.00000	0	0.00000	0
287	E	1.00000	0	0.00000	0
288	S	1.00000	0	0.00000	0
289	K	1.00000	0	0.00000	0
290	E	1.00000	0	0.00000	0
291	Q	1.00000	0	0.00000	0
292	V	1.00000	0	0.00000	0
293	I	1.00000	0	0.00000	0
294	R	1.00000	0	0.00000	0
295	P	1.00000	0	0.00000	0
296	R	1.00000	0	0.00000	0
297	L	1.00000	0	0.00000	0
298	L	1.00000	0	0.00000	0
299	A	1.00000	0	0.00000	0
300	N	1.00000	0	0.00000	0
301	C	1.00000	0	0.00000	0
302	L	1.00000	0	0.00000	0
303	R	1.00000	0	0.00000	0
304	R	1.00000	0	0.00000	0
305	K	1.00000	0	0.00000	0
306	R	1.00000	0	0.00000	0
307	P	1.00000	0	0.00000	0
308	Q	1.00000	0	0.00000	0
309	T	1.00000	0	0.00000	0
310	A	1.00000	0	0.00000	0
311	P	1.00000	0	0.00000	0
312	A	1.00000	0	0.00000	0
313	E	1.00000	0	0.00000	0
314	N	1.00000	0	0.00000	0
315	S	1.00000	0	0.00000	0
316	L	1.00000	0	0.00000	0
317	L	1.00000	0	0.00000	0
318	P	1.00000	0	0.00000	0
319	P	1.00000	0	0.00000	0
320	V	1.00000	0	0.00000	0
321	I	1.00000	0	0.00000	0
322	T	1.00000	0	0.00000	0
323	L	1.00000	0	0.00000	0
324	N	1.00000	0	0.00000	0
325	Y	1.00000	0	0.00000	0
326	C	1.00000	0	0.00000	0
327	S	1.00000	0	0.00000	0
328	I	1.00000	0	0.00000	0
329	S	1.00000	0	0.00000	0
330	Q	1.00000	0	0.00000	0
331	A	1.00000	0	0.00000	0
332	S	1.00000	0	0.00000	0
333	F	1.00000	0	0.00000	0
334	A	1.00000	0	0.00000	0
335	R	1.00000	0	0.00000	0
336	T	1.00000	0	0.00000	0
337	E	1.00000	0	0.00000	0
338	Q	1.00000	0	0.00000	0
339	D	1.00000	0	0.00000	0
340	A	1.00000	0	0.00000	0
341	N	1.00000	0	0.00000	0
342	R	1.00000	0	0.00000	0
343	E	1.00000	0	0.00000	0
344	E	1.00000	0	0.00000	0
345	E	1.00000	0	0.00000	0
346	E	1.00000	0	0.00000	0
347	G	1.00000	0	0.00000	0
348	G	1.00000	0	0.00000	0
349	D	1.00000	0	0.00000	0
350	E	1.00000	0	0.00000	0
351	E	1.00000	0	0.00000	0
352	Q	1.00000	0	0.00000	0
353	V	1.00000	0	0.00000	0
354	A	1.00000	0	0.00000	0
355	V	1.00000	0	0.00000	0
356	R	1.00000	0	0.00000	0
357	S	1.00000	0	0.00000	0
358	C	1.00000	0	0.00000	0
359	E	1.00000	0	0.00000	0
360	V	1.00000	0	0.00000	0
361	K	1.00000	0	0.00000	0
362	K	1.00000	0	0.00000	0
363	L	1.00000	0	0.00000	0
364	A	1.00000	0	0.00000	0
365	N	1.00000	0	0.00000	0
366	G	1.00000	0	0.00000	0
367	R	1.00000	0	0.00000	0
368	T	1.00000	0	0.00000	0
369	H	1.00000	0	0.00000	0
370	T	1.00000	0	0.00000	0
371	S	1.00000	0	0.00000	0
372	L	1.00000	0	0.00000	0
373	R	1.00000	0	0.00000	0
374	P	1.00000	0	0.00000	0
375	P	1.00000	0	0.00000	0
376	R	1.00000	0	0.00000	0
377	A	1.00000	0	0.00000	0
378	A	1.00000	0	0.00000	0
379	H	1.00000	0	0.00000	0
380	A	1.00000	0	0.00000	0
381	M	1.00000	0	0.00000	0
382	V	1.00000	0	0.00000	0
383	C	1.00000	0	0.00000	0
384	P	1.00000	0	0.00000	0
385	S	1.00000	0	0.00000	0
386	Q	1.00000	0	0.00000	0
387	A	1.00000	0	0.00000	0
388	R	1.00000	0	0.00000	0
389	C	1.00000	0	0.00000	0
390	R	1.00000	0	0.00000	0
391	S	1.00000	0	0.00000	0
392	M	1.00000	0	0.00000	0
393	H	1.00000	0	0.00000	0
394	S	1.00000	0	0.00000	0
395	K	1.00000	0	0.00000	0
396	E	1.00000	0	0.00000	0
397	K	0.99271	0	0.00729	0
398	K	0.99222	0	0.00778	0
399	A	0.93944	0	0.06056	0
400	T	0.93430	0	0.06570	0
401	Q	0.78650	0	0.21350	0
402	M	0.76575	0	0.23425	0
403	L	0.00521	0	0.99479	0
404	A	0.00004	0	0.99996	0
405	I	0.00000	0	1.00000	0
406	V	0.00000	0	1.00000	0
407	L	0.00000	0	1.00000	0
408	G	0.00000	0	1.00000	0
409	V	0.00000	0	1.00000	0
410	F	0.00000	0	1.00000	0
411	L	0.00000	0	1.00000	0
412	I	0.00000	0	1.00000	0
413	C	0.00000	0	1.00000	0
414	W	0.00000	0	1.00000	0
415	L	0.00000	0	1.00000	0
416	P	0.00000	0	1.00000	0
417	F	0.00000	0	1.00000	0
418	F	0.00000	0	1.00000	0
419	V	0.00000	0.00041	0.99959	0
420	T	0.00000	0.00327	0.99673	0
421	H	0.00000	0.00677	0.99323	0
422	I	0.00000	0.01249	0.98751	0
423	L	0.00000	0.06307	0.93693	0
424	N	0.00000	0.64735	0.35265	0
425	T	0.00000	0.83219	0.16781	0
426	H	0.00000	0.99457	0.00543	0
427	C	0.00000	0.99942	0.00058	0
428	R	0.00000	0.99995	0.00005	0
429	A	0.00000	0.99997	0.00003	0
430	C	0.00000	1	0.00000	0
431	H	0.00000	1	0.00000	0
432	I	0.00000	0.99996	0.00004	0
433	P	0.00000	0.99992	0.00008	0
434	P	0.00000	0.99984	0.00016	0
435	E	0.00000	0.99909	0.00091	0
436	V	0.00000	0.99549	0.00451	0
437	Y	0.00000	0.99428	0.00572	0
438	S	0.00000	0.834	0.16600	0
439	A	0.00000	0.0209	0.97910	0
440	F	0.00000	0.00244	0.99756	0
441	T	0.00000	0.00058	0.99942	0
442	W	0.00000	0	1.00000	0
443	L	0.00000	0	1.00000	0
444	G	0.00000	0	1.00000	0
445	Y	0.00000	0	1.00000	0
446	V	0.00000	0	1.00000	0
447	N	0.00000	0	1.00000	0
448	S	0.00000	0	1.00000	0
449	A	0.00000	0	1.00000	0
450	L	0.00000	0	1.00000	0
451	N	0.00000	0	1.00000	0
452	P	0.00000	0	1.00000	0
453	V	0.00000	0	1.00000	0
454	I	0.00000	0	1.00000	0
455	Y	0.00002	0	0.99998	0
456	T	0.00010	0	0.99990	0
457	T	0.00050	0	0.99950	0
458	F	0.04503	0	0.95497	0
459	N	0.50701	0	0.49299	0
460	I	0.74100	0	0.25900	0
461	E	1.00000	0	0.00000	0
462	F	1.00000	0	0.00000	0
463	R	1.00000	0	0.00000	0
464	R	1.00000	0	0.00000	0
465	A	1.00000	0	0.00000	0
466	F	1.00000	0	0.00000	0
467	I	1.00000	0	0.00000	0
468	K	1.00000	0	0.00000	0
469	I	1.00000	0	0.00000	0
470	L	1.00000	0	0.00000	0
471	S	1.00000	0	0.00000	0
472	C	1.00000	0	0.00000	0
