# UNNAMED
#pos	aa	i	o	M	S
1	M	0.00000	0.95325	0.00000	0.04675
2	D	0.00000	0.95325	0.00000	0.04675
3	S	0.00000	0.95325	0.00000	0.04676
4	P	0.00000	0.95325	0.00000	0.04675
5	V	0.00000	0.95325	0.00000	0.04676
6	N	0.00000	0.95325	0.00000	0.04676
7	L	0.00000	0.95325	0.00000	0.04675
8	T	0.00000	0.95325	0.00000	0.04675
9	Y	0.00000	0.95325	0.00000	0.04675
10	F	0.00000	0.95325	0.00000	0.04675
11	F	0.00000	0.95325	0.00000	0.04676
12	L	0.00000	0.95325	0.00000	0.04675
13	S	0.00000	0.95325	0.00000	0.04675
14	T	0.00000	0.95325	0.00000	0.04676
15	P	0.00000	0.95325	0.00000	0.04675
16	A	0.00000	0.95325	0.00000	0.04676
17	P	0.00000	0.95325	0.00000	0.04675
18	S	0.00000	0.95325	0.00000	0.04675
19	E	0.00000	0.99032	0.00000	0.00968
20	T	0.00000	0.99032	0.00000	0.00968
21	N	0.00000	0.99859	0.00000	0.00141
22	H	0.00000	0.99859	0.00000	0.00141
23	S	0.00000	0.99859	0.00000	0.00141
24	S	0.00000	1	0.00000	0
25	L	0.00000	1	0.00000	0
26	D	0.00000	1	0.00000	0
27	A	0.00000	1	0.00000	0
28	E	0.00000	1	0.00000	0
29	D	0.00000	1	0.00000	0
30	P	0.00000	1	0.00000	0
31	R	0.00000	1	0.00000	0
32	P	0.00000	1	0.00000	0
33	S	0.00000	0.99979	0.00021	0
34	P	0.00000	0.99921	0.00079	0
35	P	0.00000	0.99482	0.00518	0
36	L	0.00000	0.94618	0.05382	0
37	H	0.00000	0.92217	0.07783	0
38	S	0.00000	0.85222	0.14778	0
39	V	0.00000	0.57752	0.42248	0
40	F	0.00000	0.39888	0.60112	0
41	G	0.00000	0.35085	0.64915	0
42	V	0.00000	0.12057	0.87943	0
43	L	0.00000	0.04823	0.95177	0
44	V	0.00000	0.01317	0.98683	0
45	L	0.00000	0.00765	0.99235	0
46	T	0.00000	0.00263	0.99737	0
47	L	0.00000	0.00076	0.99924	0
48	L	0.00000	0.00014	0.99986	0
49	G	0.00000	4e-05	0.99996	0
50	F	0.00000	0	1.00000	0
51	L	0.00000	0	1.00000	0
52	V	0.00000	0	1.00000	0
53	A	0.00000	0	1.00000	0
54	A	0.00000	0	1.00000	0
55	T	0.00000	0	1.00000	0
56	F	0.00000	0	1.00000	0
57	S	0.00000	0	1.00000	0
58	W	0.00000	0	1.00000	0
59	N	0.00001	0	0.99999	0
60	L	0.00003	0	0.99997	0
61	L	0.00058	0	0.99942	0
62	V	0.00521	0	0.99479	0
63	L	0.12903	0	0.87097	0
64	A	0.14398	0	0.85602	0
65	T	0.28928	0	0.71072	0
66	I	0.32317	0	0.67683	0
67	L	0.56742	0	0.43258	0
68	R	0.98053	0	0.01947	0
69	V	0.98883	0	0.01117	0
70	R	0.99974	0	0.00026	0
71	T	0.99999	0	0.00001	0
72	F	0.99999	0	0.00001	0
73	H	1.00000	0	0.00000	0
74	R	1.00000	0	0.00000	0
75	V	0.99998	0	0.00002	0
76	P	0.99997	0	0.00003	0
77	H	0.16367	0	0.83633	0
78	N	0.09467	0	0.90533	0
79	L	0.00195	0	0.99805	0
80	V	0.00081	0	0.99919	0
81	A	0.00009	0	0.99991	0
82	S	0.00000	0	1.00000	0
83	M	0.00000	0	1.00000	0
84	A	0.00000	0	1.00000	0
85	I	0.00000	0	1.00000	0
86	S	0.00000	0	1.00000	0
87	D	0.00000	0	1.00000	0
88	V	0.00000	0	1.00000	0
89	L	0.00000	0	1.00000	0
90	V	0.00000	0	1.00000	0
91	A	0.00000	0	1.00000	0
92	A	0.00000	0	1.00000	0
93	L	0.00000	0	1.00000	0
94	V	0.00000	0	1.00000	0
95	M	0.00000	4e-05	0.99996	0
96	P	0.00000	0.00179	0.99821	0
97	L	0.00000	0.02421	0.97579	0
98	S	0.00000	0.27746	0.72254	0
99	L	0.00000	0.38316	0.61684	0
100	V	0.00000	0.62617	0.37383	0
101	H	0.00000	0.99999	0.00001	0
102	E	0.00000	1	0.00000	0
103	L	0.00000	1	0.00000	0
104	S	0.00000	1	0.00000	0
105	G	0.00000	1	0.00000	0
106	R	0.00000	1	0.00000	0
107	R	0.00000	1	0.00000	0
108	W	0.00000	1	0.00000	0
109	Q	0.00000	1	0.00000	0
110	L	0.00000	1	0.00000	0
111	G	0.00000	1	0.00000	0
112	R	0.00000	0.99997	0.00003	0
113	R	0.00000	0.99989	0.00011	0
114	L	0.00000	0.99982	0.00018	0
115	C	0.00000	0.99968	0.00032	0
116	Q	0.00000	0.99786	0.00214	0
117	L	0.00000	0.99706	0.00294	0
118	W	0.00000	0.8941	0.10590	0
119	I	0.00000	0.1833	0.81670	0
120	A	0.00000	0.01164	0.98836	0
121	C	0.00000	0.00415	0.99585	0
122	D	0.00000	0.00148	0.99852	0
123	V	0.00000	4e-05	0.99996	0
124	L	0.00000	0	1.00000	0
125	C	0.00000	0	1.00000	0
126	C	0.00000	0	1.00000	0
127	T	0.00000	0	1.00000	0
128	A	0.00000	0	1.00000	0
129	S	0.00000	0	1.00000	0
130	I	0.00000	0	1.00000	0
131	W	0.00000	0	1.00000	0
132	N	0.00000	0	1.00000	0
133	V	0.00000	0	1.00000	0
134	T	0.00000	0	1.00000	0
135	A	0.00000	0	1.00000	0
136	I	0.00000	0	1.00000	0
137	A	0.00000	0	1.00000	0
138	L	0.00000	0	1.00000	0
139	D	0.00001	0	0.99999	0
140	R	0.00874	0	0.99126	0
141	Y	0.15850	0	0.84150	0
142	W	0.34876	0	0.65124	0
143	S	0.80434	0	0.19566	0
144	V	1.00000	0	0.00000	0
145	A	1.00000	0	0.00000	0
146	R	1.00000	0	0.00000	0
147	H	1.00000	0	0.00000	0
148	L	1.00000	0	0.00000	0
149	E	1.00000	0	0.00000	0
150	Y	1.00000	0	0.00000	0
151	T	1.00000	0	0.00000	0
152	P	1.00000	0	0.00000	0
153	R	1.00000	0	0.00000	0
154	A	1.00000	0	0.00000	0
155	R	1.00000	0	0.00000	0
156	K	0.99997	0	0.00003	0
157	R	0.99555	0	0.00445	0
158	I	0.49371	0	0.50629	0
159	S	0.44256	0	0.55744	0
160	N	0.23188	0	0.76812	0
161	V	0.00545	0	0.99455	0
162	M	0.00058	0	0.99942	0
163	I	0.00001	0	0.99999	0
164	V	0.00000	0	1.00000	0
165	L	0.00000	0	1.00000	0
166	T	0.00000	0	1.00000	0
167	W	0.00000	0	1.00000	0
168	A	0.00000	0	1.00000	0
169	L	0.00000	0	1.00000	0
170	S	0.00000	0	1.00000	0
171	A	0.00000	0	1.00000	0
172	V	0.00000	0	1.00000	0
173	I	0.00000	0	1.00000	0
174	S	0.00000	0	1.00000	0
175	L	0.00000	0	1.00000	0
176	A	0.00000	1e-05	0.99999	0
177	P	0.00000	0.00066	0.99934	0
178	L	0.00000	0.00293	0.99707	0
179	L	0.00000	0.03077	0.96923	0
180	F	0.00000	0.20591	0.79409	0
181	G	0.00000	0.77808	0.22192	0
182	W	0.00000	0.86489	0.13511	0
183	G	0.00000	0.98701	0.01299	0
184	E	0.00000	0.9999	0.00010	0
185	T	0.00000	0.99999	0.00001	0
186	Y	0.00000	1	0.00000	0
187	S	0.00000	1	0.00000	0
188	E	0.00000	1	0.00000	0
189	R	0.00000	1	0.00000	0
190	S	0.00000	1	0.00000	0
191	E	0.00000	1	0.00000	0
192	E	0.00000	1	0.00000	0
193	C	0.00000	1	0.00000	0
194	Q	0.00000	1	0.00000	0
195	V	0.00000	1	0.00000	0
196	S	0.00000	1	0.00000	0
197	R	0.00000	0.99999	0.00001	0
198	E	0.00000	0.99977	0.00023	0
199	P	0.00000	0.99642	0.00358	0
200	S	0.00000	0.73578	0.26422	0
201	Y	0.00000	0.63354	0.36646	0
202	T	0.00000	0.55653	0.44347	0
203	V	0.00000	0.0045	0.99550	0
204	F	0.00000	0.00031	0.99969	0
205	S	0.00000	0.00023	0.99977	0
206	T	0.00000	5e-05	0.99995	0
207	V	0.00000	4e-05	0.99996	0
208	G	0.00000	0	1.00000	0
209	A	0.00000	0	1.00000	0
210	F	0.00000	0	1.00000	0
211	Y	0.00000	0	1.00000	0
212	L	0.00000	0	1.00000	0
213	P	0.00000	0	1.00000	0
214	L	0.00000	0	1.00000	0
215	C	0.00000	0	1.00000	0
216	V	0.00000	0	1.00000	0
217	V	0.00000	0	1.00000	0
218	L	0.00000	0	1.00000	0
219	F	0.00000	0	1.00000	0
220	V	0.00000	0	1.00000	0
221	Y	0.00005	0	0.99995	0
222	W	0.00219	0	0.99781	0
223	K	0.09372	0	0.90628	0
224	V	0.10245	0	0.89755	0
225	Y	0.17926	0	0.82074	0
226	K	0.98042	0	0.01958	0
227	A	0.99075	0	0.00925	0
228	A	0.99933	0	0.00067	0
229	K	0.99996	0	0.00004	0
230	L	0.99998	0	0.00002	0
231	R	1.00000	0	0.00000	0
232	V	1.00000	0	0.00000	0
233	G	1.00000	0	0.00000	0
234	S	1.00000	0	0.00000	0
235	R	1.00000	0	0.00000	0
236	K	1.00000	0	0.00000	0
237	T	1.00000	0	0.00000	0
238	N	1.00000	0	0.00000	0
239	S	1.00000	0	0.00000	0
240	V	1.00000	0	0.00000	0
241	S	1.00000	0	0.00000	0
242	P	1.00000	0	0.00000	0
243	W	1.00000	0	0.00000	0
244	P	1.00000	0	0.00000	0
245	E	1.00000	0	0.00000	0
246	A	1.00000	0	0.00000	0
247	V	1.00000	0	0.00000	0
248	E	1.00000	0	0.00000	0
249	A	1.00000	0	0.00000	0
250	K	1.00000	0	0.00000	0
251	T	1.00000	0	0.00000	0
252	P	1.00000	0	0.00000	0
253	A	1.00000	0	0.00000	0
254	P	1.00000	0	0.00000	0
255	Q	1.00000	0	0.00000	0
256	P	1.00000	0	0.00000	0
257	Q	1.00000	0	0.00000	0
258	M	1.00000	0	0.00000	0
259	V	1.00000	0	0.00000	0
260	F	1.00000	0	0.00000	0
261	T	1.00000	0	0.00000	0
262	V	1.00000	0	0.00000	0
263	R	1.00000	0	0.00000	0
264	H	1.00000	0	0.00000	0
265	T	1.00000	0	0.00000	0
266	T	1.00000	0	0.00000	0
267	V	1.00000	0	0.00000	0
268	T	1.00000	0	0.00000	0
269	F	1.00000	0	0.00000	0
270	Q	1.00000	0	0.00000	0
271	T	1.00000	0	0.00000	0
272	E	1.00000	0	0.00000	0
273	G	1.00000	0	0.00000	0
274	D	1.00000	0	0.00000	0
275	T	1.00000	0	0.00000	0
276	W	1.00000	0	0.00000	0
277	R	1.00000	0	0.00000	0
278	E	1.00000	0	0.00000	0
279	Q	1.00000	0	0.00000	0
280	K	1.00000	0	0.00000	0
281	E	1.00000	0	0.00000	0
282	Q	0.99248	0	0.00752	0
283	R	0.88156	0	0.11844	0
284	A	0.00984	0	0.99016	0
285	A	0.00744	0	0.99256	0
286	L	0.00687	0	0.99313	0
287	M	0.00655	0	0.99345	0
288	V	0.00016	0	0.99984	0
289	G	0.00002	0	0.99998	0
290	I	0.00001	0	0.99999	0
291	L	0.00000	0	1.00000	0
292	I	0.00000	0	1.00000	0
293	G	0.00000	0	1.00000	0
294	V	0.00000	0	1.00000	0
295	F	0.00000	0	1.00000	0
296	A	0.00000	0	1.00000	0
297	L	0.00000	0	1.00000	0
298	C	0.00000	0	1.00000	0
299	W	0.00000	0	1.00000	0
300	L	0.00000	0	1.00000	0
301	P	0.00000	0	1.00000	0
302	F	0.00000	0	1.00000	0
303	F	0.00000	0.00022	0.99978	0
304	T	0.00000	0.07584	0.92416	0
305	T	0.00000	0.24982	0.75018	0
306	E	0.00000	0.46771	0.53229	0
307	L	0.00000	0.49011	0.50989	0
308	I	0.00000	0.59264	0.40736	0
309	G	0.00000	0.88402	0.11598	0
310	P	0.00000	0.95401	0.04599	0
311	L	0.00000	0.96883	0.03117	0
312	C	0.00000	0.9945	0.00550	0
313	A	0.00000	0.99594	0.00406	0
314	Y	0.00000	0.99787	0.00213	0
315	D	0.00000	0.99998	0.00002	0
316	I	0.00000	0.99996	0.00004	0
317	P	0.00000	0.99912	0.00088	0
318	A	0.00000	0.99739	0.00261	0
319	V	0.00000	0.99535	0.00465	0
320	W	0.00000	0.99458	0.00542	0
321	K	0.00000	0.99412	0.00588	0
322	S	0.00000	0.78772	0.21228	0
323	I	0.00000	0.00467	0.99533	0
324	F	0.00000	0.00013	0.99987	0
325	L	0.00000	0	1.00000	0
326	W	0.00000	0	1.00000	0
327	L	0.00000	0	1.00000	0
328	G	0.00000	0	1.00000	0
329	Y	0.00000	0	1.00000	0
330	S	0.00000	0	1.00000	0
331	N	0.00000	0	1.00000	0
332	S	0.00000	0	1.00000	0
333	F	0.00000	0	1.00000	0
334	F	0.00000	0	1.00000	0
335	N	0.00000	0	1.00000	0
336	P	0.00000	0	1.00000	0
337	L	0.00000	0	1.00000	0
338	I	0.00001	0	0.99999	0
339	Y	0.00004	0	0.99996	0
340	T	0.00016	0	0.99984	0
341	A	0.00279	0	0.99721	0
342	F	0.07272	0	0.92728	0
343	N	0.78563	0	0.21437	0
344	K	1.00000	0	0.00000	0
345	N	1.00000	0	0.00000	0
346	Y	1.00000	0	0.00000	0
347	N	1.00000	0	0.00000	0
348	S	1.00000	0	0.00000	0
349	A	1.00000	0	0.00000	0
350	F	1.00000	0	0.00000	0
351	K	1.00000	0	0.00000	0
352	N	1.00000	0	0.00000	0
353	F	1.00000	0	0.00000	0
354	F	1.00000	0	0.00000	0
355	C	1.00000	0	0.00000	0
356	R	1.00000	0	0.00000	0
357	Q	1.00000	0	0.00000	0
358	H	1.00000	0	0.00000	0
