# UNNAMED
#pos	aa	i	o	M	S
1	M	0.00000	0.99999	0.00000	1e-05
2	A	0.00000	0.99999	0.00000	1e-05
3	F	0.00000	0.99999	0.00000	1e-05
4	S	0.00000	0.99999	0.00000	1e-05
5	Y	0.00000	0.99999	0.00000	1e-05
6	R	0.00000	0.99999	0.00000	1e-05
7	I	0.00000	0.99999	0.00000	1e-05
8	S	0.00000	0.99999	0.00000	1e-05
9	E	0.00000	0.99999	0.00000	1e-05
10	Q	0.00000	0.99999	0.00000	1e-05
11	S	0.00000	0.99999	0.00000	1e-05
12	T	0.00000	0.99999	0.00000	1e-05
13	T	0.00000	0.99999	0.00000	1e-05
14	P	0.00000	0.99999	0.00000	1e-05
15	E	0.00000	0.99999	0.00000	1e-05
16	H	0.00000	1	0.00000	0
17	I	0.00000	1	0.00000	0
18	L	0.00000	1	0.00000	0
19	Q	0.00000	1	0.00000	0
20	S	0.00000	1	0.00000	0
21	S	0.00000	1	0.00000	0
22	F	0.00000	1	0.00000	0
23	D	0.00000	1	0.00000	0
24	H	0.00000	1	0.00000	0
25	L	0.00000	1	0.00000	0
26	I	0.00000	1	0.00000	0
27	S	0.00000	1	0.00000	0
28	S	0.00000	1	0.00000	0
29	N	0.00000	1	0.00000	0
30	W	0.00000	1	0.00000	0
31	S	0.00000	1	0.00000	0
32	G	0.00000	1	0.00000	0
33	L	0.00000	1	0.00000	0
34	Q	0.00000	1	0.00000	0
35	R	0.00000	1	0.00000	0
36	E	0.00000	1	0.00000	0
37	S	0.00000	1	0.00000	0
38	I	0.00000	1	0.00000	0
39	P	0.00000	1	0.00000	0
40	E	0.00000	1	0.00000	0
41	E	0.00000	1	0.00000	0
42	M	0.00000	1	0.00000	0
43	K	0.00000	1	0.00000	0
44	Q	0.00000	1	0.00000	0
45	T	0.00000	1	0.00000	0
46	G	0.00000	1	0.00000	0
47	E	0.00000	1	0.00000	0
48	E	0.00000	1	0.00000	0
49	Q	0.00000	1	0.00000	0
50	G	0.00000	1	0.00000	0
51	N	0.00000	1	0.00000	0
52	K	0.00000	0.99989	0.00011	0
53	P	0.00000	0.99364	0.00636	0
54	R	0.00000	0.97521	0.02479	0
55	W	0.00000	0.43628	0.56372	0
56	A	0.00000	0.19128	0.80872	0
57	A	0.00000	0.06902	0.93098	0
58	L	0.00000	0.02662	0.97338	0
59	L	0.00000	0.01028	0.98972	0
60	I	0.00000	0.00151	0.99849	0
61	L	0.00000	0.00065	0.99935	0
62	M	0.00000	0.00022	0.99978	0
63	V	0.00000	0	1.00000	0
64	I	0.00000	0	1.00000	0
65	I	0.00000	0	1.00000	0
66	P	0.00000	0	1.00000	0
67	T	0.00000	0	1.00000	0
68	I	0.00000	0	1.00000	0
69	G	0.00000	0	1.00000	0
70	G	0.00000	0	1.00000	0
71	N	0.00000	0	1.00000	0
72	I	0.00000	0	1.00000	0
73	L	0.00000	0	1.00000	0
74	V	0.00000	0	1.00000	0
75	I	0.00001	0	0.99999	0
76	L	0.00190	0	0.99810	0
77	A	0.08832	0	0.91168	0
78	V	0.23774	0	0.76226	0
79	S	0.81287	0	0.18713	0
80	L	0.89254	0	0.10746	0
81	E	0.99786	0	0.00214	0
82	K	0.99997	0	0.00003	0
83	K	1.00000	0	0.00000	0
84	L	1.00000	0	0.00000	0
85	Q	0.99998	0	0.00002	0
86	Y	0.99856	0	0.00144	0
87	A	0.99614	0	0.00386	0
88	T	0.96983	0	0.03017	0
89	N	0.21584	0	0.78416	0
90	Y	0.07132	0	0.92868	0
91	F	0.00070	0	0.99930	0
92	L	0.00002	0	0.99998	0
93	M	0.00000	0	1.00000	0
94	S	0.00000	0	1.00000	0
95	L	0.00000	0	1.00000	0
96	A	0.00000	0	1.00000	0
97	V	0.00000	0	1.00000	0
98	A	0.00000	0	1.00000	0
99	D	0.00000	0	1.00000	0
100	L	0.00000	0	1.00000	0
101	L	0.00000	0	1.00000	0
102	V	0.00000	0	1.00000	0
103	G	0.00000	0	1.00000	0
104	L	0.00000	0	1.00000	0
105	F	0.00000	0	1.00000	0
106	V	0.00000	0	1.00000	0
107	M	0.00000	0.00013	0.99987	0
108	P	0.00000	0.00337	0.99663	0
109	I	0.00000	0.01254	0.98746	0
110	A	0.00000	0.1145	0.88550	0
111	L	0.00000	0.24128	0.75872	0
112	L	0.00000	0.52944	0.47056	0
113	T	0.00000	0.99581	0.00419	0
114	I	0.00000	0.99596	0.00404	0
115	M	0.00000	0.99616	0.00384	0
116	F	0.00000	0.99715	0.00285	0
117	E	0.00000	0.99974	0.00026	0
118	A	0.00000	0.99985	0.00015	0
119	M	0.00000	0.99992	0.00008	0
120	W	0.00000	0.99998	0.00002	0
121	P	0.00000	1	0.00000	0
122	L	0.00000	1	0.00000	0
123	P	0.00000	1	0.00000	0
124	L	0.00000	0.99999	0.00001	0
125	V	0.00000	0.99999	0.00001	0
126	L	0.00000	0.99999	0.00001	0
127	C	0.00000	0.99999	0.00001	0
128	P	0.00000	0.99996	0.00004	0
129	A	0.00000	0.99927	0.00073	0
130	W	0.00000	0.84248	0.15752	0
131	L	0.00000	0.13514	0.86486	0
132	F	0.00000	0.01846	0.98154	0
133	L	0.00000	0.00061	0.99939	0
134	D	0.00000	0.00017	0.99983	0
135	V	0.00000	0	1.00000	0
136	L	0.00000	0	1.00000	0
137	F	0.00000	0	1.00000	0
138	S	0.00000	0	1.00000	0
139	T	0.00000	0	1.00000	0
140	A	0.00000	0	1.00000	0
141	S	0.00000	0	1.00000	0
142	I	0.00000	0	1.00000	0
143	M	0.00000	0	1.00000	0
144	H	0.00000	0	1.00000	0
145	L	0.00000	0	1.00000	0
146	C	0.00000	0	1.00000	0
147	A	0.00000	0	1.00000	0
148	I	0.00000	0	1.00000	0
149	S	0.00000	0	1.00000	0
150	V	0.00000	0	1.00000	0
151	D	0.00006	0	0.99994	0
152	R	0.12960	0	0.87040	0
153	Y	0.61058	0	0.38942	0
154	I	0.93060	0	0.06940	0
155	A	0.97473	0	0.02527	0
156	I	1.00000	0	0.00000	0
157	K	1.00000	0	0.00000	0
158	K	1.00000	0	0.00000	0
159	P	1.00000	0	0.00000	0
160	I	1.00000	0	0.00000	0
161	Q	1.00000	0	0.00000	0
162	A	1.00000	0	0.00000	0
163	N	1.00000	0	0.00000	0
164	Q	1.00000	0	0.00000	0
165	Y	1.00000	0	0.00000	0
166	N	0.99999	0	0.00001	0
167	S	0.99981	0	0.00019	0
168	R	0.99852	0	0.00148	0
169	A	0.93094	0	0.06906	0
170	T	0.61727	0	0.38273	0
171	A	0.05816	0	0.94184	0
172	F	0.00164	0	0.99836	0
173	I	0.00012	0	0.99988	0
174	K	0.00010	0	0.99990	0
175	I	0.00000	0	1.00000	0
176	T	0.00000	0	1.00000	0
177	V	0.00000	0	1.00000	0
178	V	0.00000	0	1.00000	0
179	W	0.00000	0	1.00000	0
180	L	0.00000	0	1.00000	0
181	I	0.00000	0	1.00000	0
182	S	0.00000	0	1.00000	0
183	I	0.00000	0	1.00000	0
184	G	0.00000	0	1.00000	0
185	I	0.00000	0	1.00000	0
186	A	0.00000	0	1.00000	0
187	I	0.00000	1e-05	0.99999	0
188	P	0.00000	0.00087	0.99913	0
189	V	0.00000	0.00485	0.99515	0
190	P	0.00000	0.14101	0.85899	0
191	I	0.00000	0.30455	0.69545	0
192	K	0.00000	0.98334	0.01666	0
193	G	0.00000	0.99215	0.00785	0
194	I	0.00000	0.99528	0.00472	0
195	E	0.00000	0.9999	0.00010	0
196	T	0.00000	0.99999	0.00001	0
197	D	0.00000	1	0.00000	0
198	V	0.00000	1	0.00000	0
199	G	0.00000	1	0.00000	0
200	N	0.00000	1	0.00000	0
201	P	0.00000	1	0.00000	0
202	N	0.00000	1	0.00000	0
203	N	0.00000	1	0.00000	0
204	I	0.00000	1	0.00000	0
205	T	0.00000	1	0.00000	0
206	C	0.00000	1	0.00000	0
207	G	0.00000	1	0.00000	0
208	L	0.00000	1	0.00000	0
209	T	0.00000	1	0.00000	0
210	K	0.00000	1	0.00000	0
211	E	0.00000	0.99999	0.00001	0
212	H	0.00000	0.99438	0.00562	0
213	F	0.00000	0.99145	0.00855	0
214	S	0.00000	0.98876	0.01124	0
215	N	0.00000	0.76775	0.23225	0
216	F	0.00000	0.01097	0.98903	0
217	M	0.00000	0.00747	0.99253	0
218	L	0.00000	0.00455	0.99545	0
219	F	0.00000	0.00026	0.99974	0
220	G	0.00000	0.00023	0.99977	0
221	S	0.00000	0.00018	0.99982	0
222	L	0.00000	5e-05	0.99995	0
223	A	0.00000	0	1.00000	0
224	S	0.00000	0	1.00000	0
225	F	0.00000	0	1.00000	0
226	F	0.00000	0	1.00000	0
227	T	0.00000	0	1.00000	0
228	P	0.00000	0	1.00000	0
229	L	0.00000	0	1.00000	0
230	A	0.00000	0	1.00000	0
231	I	0.00000	0	1.00000	0
232	M	0.00000	0	1.00000	0
233	I	0.00000	0	1.00000	0
234	V	0.00000	0	1.00000	0
235	T	0.00006	0	0.99994	0
236	Y	0.00010	0	0.99990	0
237	F	0.00066	0	0.99934	0
238	L	0.01840	0	0.98160	0
239	T	0.16517	0	0.83483	0
240	I	0.23184	0	0.76816	0
241	H	0.89959	0	0.10041	0
242	A	0.93880	0	0.06120	0
243	L	0.96090	0	0.03910	0
244	Q	0.99942	0	0.00058	0
245	K	0.99999	0	0.00001	0
246	K	1.00000	0	0.00000	0
247	A	1.00000	0	0.00000	0
248	Y	1.00000	0	0.00000	0
249	L	1.00000	0	0.00000	0
250	V	1.00000	0	0.00000	0
251	K	1.00000	0	0.00000	0
252	N	1.00000	0	0.00000	0
253	K	1.00000	0	0.00000	0
254	P	1.00000	0	0.00000	0
255	P	1.00000	0	0.00000	0
256	Q	1.00000	0	0.00000	0
257	R	1.00000	0	0.00000	0
258	L	1.00000	0	0.00000	0
259	T	1.00000	0	0.00000	0
260	W	1.00000	0	0.00000	0
261	L	1.00000	0	0.00000	0
262	T	1.00000	0	0.00000	0
263	V	1.00000	0	0.00000	0
264	S	1.00000	0	0.00000	0
265	T	1.00000	0	0.00000	0
266	V	1.00000	0	0.00000	0
267	F	1.00000	0	0.00000	0
268	Q	1.00000	0	0.00000	0
269	R	1.00000	0	0.00000	0
270	D	1.00000	0	0.00000	0
271	E	1.00000	0	0.00000	0
272	T	1.00000	0	0.00000	0
273	P	1.00000	0	0.00000	0
274	C	1.00000	0	0.00000	0
275	S	1.00000	0	0.00000	0
276	S	1.00000	0	0.00000	0
277	P	1.00000	0	0.00000	0
278	E	1.00000	0	0.00000	0
279	K	1.00000	0	0.00000	0
280	V	1.00000	0	0.00000	0
281	A	1.00000	0	0.00000	0
282	M	1.00000	0	0.00000	0
283	L	1.00000	0	0.00000	0
284	D	1.00000	0	0.00000	0
285	G	1.00000	0	0.00000	0
286	S	1.00000	0	0.00000	0
287	H	1.00000	0	0.00000	0
288	K	1.00000	0	0.00000	0
289	D	1.00000	0	0.00000	0
290	K	1.00000	0	0.00000	0
291	T	1.00000	0	0.00000	0
292	L	1.00000	0	0.00000	0
293	P	1.00000	0	0.00000	0
294	N	1.00000	0	0.00000	0
295	S	1.00000	0	0.00000	0
296	S	1.00000	0	0.00000	0
297	D	1.00000	0	0.00000	0
298	I	1.00000	0	0.00000	0
299	I	1.00000	0	0.00000	0
300	L	1.00000	0	0.00000	0
301	M	1.00000	0	0.00000	0
302	R	1.00000	0	0.00000	0
303	R	1.00000	0	0.00000	0
304	M	1.00000	0	0.00000	0
305	S	1.00000	0	0.00000	0
306	T	1.00000	0	0.00000	0
307	V	1.00000	0	0.00000	0
308	G	1.00000	0	0.00000	0
309	K	1.00000	0	0.00000	0
310	K	1.00000	0	0.00000	0
311	S	1.00000	0	0.00000	0
312	V	1.00000	0	0.00000	0
313	Q	1.00000	0	0.00000	0
314	T	1.00000	0	0.00000	0
315	I	1.00000	0	0.00000	0
316	S	1.00000	0	0.00000	0
317	N	1.00000	0	0.00000	0
318	E	1.00000	0	0.00000	0
319	Q	0.99722	0	0.00278	0
320	R	0.99651	0	0.00349	0
321	A	0.30478	0	0.69522	0
322	S	0.30214	0	0.69786	0
323	K	0.03396	0	0.96604	0
324	V	0.00236	0	0.99764	0
325	L	0.00137	0	0.99863	0
326	G	0.00117	0	0.99883	0
327	I	0.00001	0	0.99999	0
328	V	0.00000	0	1.00000	0
329	F	0.00000	0	1.00000	0
330	L	0.00000	0	1.00000	0
331	L	0.00000	0	1.00000	0
332	F	0.00000	0	1.00000	0
333	L	0.00000	0	1.00000	0
334	L	0.00000	0	1.00000	0
335	M	0.00000	0	1.00000	0
336	W	0.00000	0	1.00000	0
337	C	0.00000	0	1.00000	0
338	P	0.00000	0	1.00000	0
339	F	0.00000	0	1.00000	0
340	F	0.00000	2e-05	0.99998	0
341	I	0.00000	0.00058	0.99942	0
342	T	0.00000	0.00988	0.99012	0
343	N	0.00000	0.1319	0.86810	0
344	I	0.00000	0.18788	0.81212	0
345	T	0.00000	0.41527	0.58473	0
346	S	0.00000	0.53423	0.46577	0
347	V	0.00000	0.5894	0.41060	0
348	L	0.00000	0.69968	0.30032	0
349	C	0.00000	0.9795	0.02050	0
350	D	0.00000	0.99996	0.00004	0
351	S	0.00000	0.99999	0.00001	0
352	C	0.00000	1	0.00000	0
353	N	0.00000	1	0.00000	0
354	Q	0.00000	1	0.00000	0
355	T	0.00000	0.99991	0.00009	0
356	T	0.00000	0.99932	0.00068	0
357	L	0.00000	0.99569	0.00431	0
358	K	0.00000	0.98207	0.01793	0
359	M	0.00000	0.81289	0.18711	0
360	L	0.00000	0.78138	0.21862	0
361	L	0.00000	0.7651	0.23490	0
362	E	0.00000	0.46467	0.53533	0
363	I	0.00000	0.00388	0.99612	0
364	F	0.00000	0.00015	0.99985	0
365	V	0.00000	0	1.00000	0
366	W	0.00000	0	1.00000	0
367	I	0.00000	0	1.00000	0
368	G	0.00000	0	1.00000	0
369	Y	0.00000	0	1.00000	0
370	V	0.00000	0	1.00000	0
371	S	0.00000	0	1.00000	0
372	S	0.00000	0	1.00000	0
373	G	0.00000	0	1.00000	0
374	V	0.00000	0	1.00000	0
375	N	0.00000	0	1.00000	0
376	P	0.00000	0	1.00000	0
377	L	0.00000	0	1.00000	0
378	V	0.00006	0	0.99994	0
379	Y	0.00081	0	0.99919	0
380	T	0.00435	0	0.99565	0
381	L	0.01040	0	0.98960	0
382	F	0.16198	0	0.83802	0
383	N	0.64005	0	0.35995	0
384	K	1.00000	0	0.00000	0
385	T	1.00000	0	0.00000	0
386	F	1.00000	0	0.00000	0
387	R	1.00000	0	0.00000	0
388	D	1.00000	0	0.00000	0
389	A	1.00000	0	0.00000	0
390	F	1.00000	0	0.00000	0
391	G	1.00000	0	0.00000	0
392	R	1.00000	0	0.00000	0
393	Y	1.00000	0	0.00000	0
394	I	1.00000	0	0.00000	0
395	T	1.00000	0	0.00000	0
396	C	1.00000	0	0.00000	0
397	N	1.00000	0	0.00000	0
398	Y	1.00000	0	0.00000	0
399	R	1.00000	0	0.00000	0
400	A	1.00000	0	0.00000	0
401	T	1.00000	0	0.00000	0
402	K	1.00000	0	0.00000	0
403	S	1.00000	0	0.00000	0
404	V	1.00000	0	0.00000	0
405	K	1.00000	0	0.00000	0
406	T	1.00000	0	0.00000	0
407	L	1.00000	0	0.00000	0
408	R	1.00000	0	0.00000	0
409	K	1.00000	0	0.00000	0
410	C	1.00000	0	0.00000	0
411	S	1.00000	0	0.00000	0
412	S	1.00000	0	0.00000	0
413	N	1.00000	0	0.00000	0
414	I	1.00000	0	0.00000	0
415	Y	1.00000	0	0.00000	0
416	F	1.00000	0	0.00000	0
417	R	1.00000	0	0.00000	0
418	N	1.00000	0	0.00000	0
419	P	1.00000	0	0.00000	0
420	M	1.00000	0	0.00000	0
421	A	1.00000	0	0.00000	0
422	E	1.00000	0	0.00000	0
423	N	1.00000	0	0.00000	0
424	S	1.00000	0	0.00000	0
425	K	1.00000	0	0.00000	0
426	F	1.00000	0	0.00000	0
427	F	1.00000	0	0.00000	0
428	M	1.00000	0	0.00000	0
429	K	1.00000	0	0.00000	0
430	H	1.00000	0	0.00000	0
431	G	1.00000	0	0.00000	0
432	T	1.00000	0	0.00000	0
433	R	1.00000	0	0.00000	0
434	N	1.00000	0	0.00000	0
435	G	1.00000	0	0.00000	0
436	I	1.00000	0	0.00000	0
437	N	1.00000	0	0.00000	0
438	P	1.00000	0	0.00000	0
439	A	1.00000	0	0.00000	0
440	M	1.00000	0	0.00000	0
441	Y	1.00000	0	0.00000	0
442	Q	1.00000	0	0.00000	0
443	S	1.00000	0	0.00000	0
444	P	1.00000	0	0.00000	0
445	M	1.00000	0	0.00000	0
446	R	1.00000	0	0.00000	0
447	L	1.00000	0	0.00000	0
448	R	1.00000	0	0.00000	0
449	S	1.00000	0	0.00000	0
450	S	1.00000	0	0.00000	0
451	T	1.00000	0	0.00000	0
452	I	1.00000	0	0.00000	0
453	Q	1.00000	0	0.00000	0
454	S	1.00000	0	0.00000	0
455	S	1.00000	0	0.00000	0
456	S	1.00000	0	0.00000	0
457	L	1.00000	0	0.00000	0
458	I	1.00000	0	0.00000	0
459	L	1.00000	0	0.00000	0
460	L	1.00000	0	0.00000	0
461	D	1.00000	0	0.00000	0
462	T	1.00000	0	0.00000	0
463	L	1.00000	0	0.00000	0
464	L	1.00000	0	0.00000	0
465	L	1.00000	0	0.00000	0
466	T	1.00000	0	0.00000	0
467	E	1.00000	0	0.00000	0
468	N	1.00000	0	0.00000	0
469	E	1.00000	0	0.00000	0
470	G	1.00000	0	0.00000	0
471	D	1.00000	0	0.00000	0
472	K	1.00000	0	0.00000	0
473	T	1.00000	0	0.00000	0
474	E	1.00000	0	0.00000	0
475	E	1.00000	0	0.00000	0
476	Q	1.00000	0	0.00000	0
477	V	1.00000	0	0.00000	0
478	S	1.00000	0	0.00000	0
479	Y	1.00000	0	0.00000	0
480	V	1.00000	0	0.00000	0
