# UNNAMED
#pos	aa	i	o	M	S
1	M	0.00000	0.99636	0.00000	0.00364
2	N	0.00000	0.99636	0.00000	0.00364
3	S	0.00000	0.99636	0.00000	0.00364
4	P	0.00000	0.99636	0.00000	0.00364
5	D	0.00000	0.99636	0.00000	0.00364
6	L	0.00000	0.99636	0.00000	0.00364
7	W	0.00000	0.99636	0.00000	0.00364
8	S	0.00000	0.99636	0.00000	0.00365
9	P	0.00000	0.99636	0.00000	0.00365
10	P	0.00000	0.99636	0.00000	0.00364
11	E	0.00000	0.99636	0.00000	0.00365
12	V	0.00000	0.99636	0.00000	0.00364
13	Q	0.00000	0.99636	0.00000	0.00364
14	Y	0.00000	0.99636	0.00000	0.00365
15	C	0.00000	0.99636	0.00000	0.00365
16	F	0.00000	0.99636	0.00000	0.00365
17	A	0.00000	0.99636	0.00000	0.00365
18	L	0.00000	0.99989	0.00000	0.00011
19	V	0.00000	0.99988	0.00000	0.00012
20	N	0.00000	0.99988	0.00000	0.00011
21	T	0.00000	0.99988	0.00000	0.00011
22	S	0.00000	0.99988	0.00000	0.00011
23	C	0.00000	0.99992	0.00000	8e-05
24	P	0.00000	0.99992	0.00000	8e-05
25	R	0.00000	0.99992	0.00000	8e-05
26	N	0.00000	0.99992	0.00000	8e-05
27	V	0.00000	0.99991	0.00001	8e-05
28	R	0.00000	0.99991	0.00001	8e-05
29	S	0.00000	0.99971	0.00021	8e-05
30	V	0.00000	0.99963	0.00037	0
31	L	0.00000	0.99955	0.00045	0
32	S	0.00000	0.9995	0.00050	0
33	V	0.00000	0.98688	0.01312	0
34	C	0.00000	0.97572	0.02428	0
35	A	0.00000	0.7429	0.25710	0
36	M	0.00000	0.61354	0.38646	0
37	Y	0.00000	0.10838	0.89162	0
38	T	0.00000	0.05173	0.94827	0
39	I	0.00000	0.02082	0.97918	0
40	M	0.00000	0.01461	0.98539	0
41	V	0.00000	0.00193	0.99807	0
42	G	0.00000	0.00089	0.99911	0
43	A	0.00000	4e-05	0.99996	0
44	I	0.00000	0	1.00000	0
45	V	0.00000	0	1.00000	0
46	M	0.00000	0	1.00000	0
47	T	0.00000	0	1.00000	0
48	M	0.00000	0	1.00000	0
49	L	0.00000	0	1.00000	0
50	G	0.00000	0	1.00000	0
51	N	0.00000	0	1.00000	0
52	M	0.00000	0	1.00000	0
53	V	0.00000	0	1.00000	0
54	V	0.00000	0	1.00000	0
55	I	0.00000	0	1.00000	0
56	I	0.00072	0	0.99928	0
57	S	0.10257	0	0.89743	0
58	I	0.12636	0	0.87364	0
59	A	0.38948	0	0.61052	0
60	H	0.71124	0	0.28876	0
61	F	0.80220	0	0.19780	0
62	K	0.99264	0	0.00736	0
63	Q	0.99992	0	0.00008	0
64	L	0.99996	0	0.00004	0
65	H	1.00000	0	0.00000	0
66	S	1.00000	0	0.00000	0
67	P	1.00000	0	0.00000	0
68	T	0.96329	0	0.03671	0
69	N	0.30777	0	0.69223	0
70	Y	0.16141	0	0.83859	0
71	L	0.00275	0	0.99725	0
72	I	0.00003	0	0.99997	0
73	L	0.00000	0	1.00000	0
74	S	0.00000	0	1.00000	0
75	M	0.00000	0	1.00000	0
76	A	0.00000	0	1.00000	0
77	T	0.00000	0	1.00000	0
78	T	0.00000	0	1.00000	0
79	D	0.00000	0	1.00000	0
80	F	0.00000	0	1.00000	0
81	L	0.00000	0	1.00000	0
82	L	0.00000	0	1.00000	0
83	S	0.00000	0	1.00000	0
84	C	0.00000	0	1.00000	0
85	V	0.00000	0	1.00000	0
86	V	0.00000	0	1.00000	0
87	M	0.00000	0	1.00000	0
88	P	0.00000	0	1.00000	0
89	F	0.00000	9e-05	0.99991	0
90	S	0.00000	0.25969	0.74031	0
91	M	0.00000	0.31555	0.68445	0
92	I	0.00000	0.53218	0.46782	0
93	R	0.00000	0.99987	0.00013	0
94	S	0.00000	0.99993	0.00007	0
95	I	0.00000	0.99994	0.00006	0
96	E	0.00000	1	0.00000	0
97	S	0.00000	1	0.00000	0
98	C	0.00000	1	0.00000	0
99	W	0.00000	1	0.00000	0
100	Y	0.00000	1	0.00000	0
101	F	0.00000	0.99999	0.00001	0
102	G	0.00000	0.99999	0.00001	0
103	D	0.00000	0.99999	0.00001	0
104	L	0.00000	0.99984	0.00016	0
105	F	0.00000	0.99794	0.00206	0
106	C	0.00000	0.9977	0.00230	0
107	K	0.00000	0.99738	0.00262	0
108	I	0.00000	0.99548	0.00452	0
109	H	0.00000	0.84665	0.15335	0
110	S	0.00000	0.6716	0.32840	0
111	C	0.00000	0.48354	0.51646	0
112	C	0.00000	0.06542	0.93458	0
113	D	0.00000	0.01507	0.98493	0
114	I	0.00000	0.00022	0.99978	0
115	M	0.00000	0	1.00000	0
116	L	0.00000	0	1.00000	0
117	C	0.00000	0	1.00000	0
118	T	0.00000	0	1.00000	0
119	T	0.00000	0	1.00000	0
120	S	0.00000	0	1.00000	0
121	I	0.00000	0	1.00000	0
122	F	0.00000	0	1.00000	0
123	H	0.00000	0	1.00000	0
124	L	0.00000	0	1.00000	0
125	C	0.00000	0	1.00000	0
126	F	0.00001	0	0.99999	0
127	I	0.00001	0	0.99999	0
128	S	0.00002	0	0.99998	0
129	V	0.00003	0	0.99997	0
130	D	0.00007	0	0.99993	0
131	R	0.06283	0	0.93717	0
132	Y	0.74186	0	0.25814	0
133	Y	0.86403	0	0.13597	0
134	A	0.95880	0	0.04120	0
135	V	0.99999	0	0.00001	0
136	C	1.00000	0	0.00000	0
137	D	1.00000	0	0.00000	0
138	P	1.00000	0	0.00000	0
139	L	1.00000	0	0.00000	0
140	H	1.00000	0	0.00000	0
141	Y	1.00000	0	0.00000	0
142	V	1.00000	0	0.00000	0
143	T	1.00000	0	0.00000	0
144	K	0.99999	0	0.00001	0
145	I	0.99752	0	0.00248	0
146	T	0.99586	0	0.00414	0
147	I	0.97826	0	0.02174	0
148	P	0.96637	0	0.03363	0
149	T	0.64952	0	0.35048	0
150	I	0.17066	0	0.82934	0
151	E	0.12929	0	0.87071	0
152	V	0.00642	0	0.99358	0
153	F	0.00089	0	0.99911	0
154	L	0.00003	0	0.99997	0
155	F	0.00000	0	1.00000	0
156	I	0.00000	0	1.00000	0
157	S	0.00000	0	1.00000	0
158	W	0.00000	0	1.00000	0
159	S	0.00000	0	1.00000	0
160	V	0.00000	0	1.00000	0
161	P	0.00000	0	1.00000	0
162	I	0.00000	0	1.00000	0
163	I	0.00000	0	1.00000	0
164	F	0.00000	0	1.00000	0
165	A	0.00000	2e-05	0.99998	0
166	F	0.00000	0.00018	0.99982	0
167	G	0.00000	0.00307	0.99693	0
168	L	0.00000	0.00469	0.99531	0
169	V	0.00000	0.02291	0.97709	0
170	F	0.00000	0.13148	0.86852	0
171	S	0.00000	0.67214	0.32786	0
172	E	0.00000	0.92083	0.07917	0
173	L	0.00000	0.93713	0.06287	0
174	N	0.00000	0.9878	0.01220	0
175	L	0.00000	0.99128	0.00872	0
176	I	0.00000	0.99549	0.00451	0
177	G	0.00000	0.99981	0.00019	0
178	A	0.00000	0.99996	0.00004	0
179	E	0.00000	1	0.00000	0
180	D	0.00000	1	0.00000	0
181	F	0.00000	1	0.00000	0
182	V	0.00000	1	0.00000	0
183	A	0.00000	1	0.00000	0
184	A	0.00000	1	0.00000	0
185	I	0.00000	1	0.00000	0
186	D	0.00000	1	0.00000	0
187	C	0.00000	1	0.00000	0
188	T	0.00000	1	0.00000	0
189	G	0.00000	1	0.00000	0
190	L	0.00000	1	0.00000	0
191	C	0.00000	0.99995	0.00005	0
192	V	0.00000	0.92206	0.07794	0
193	L	0.00000	0.92198	0.07802	0
194	I	0.00000	0.9215	0.07850	0
195	F	0.00000	0.91881	0.08119	0
196	N	0.00000	0.91872	0.08128	0
197	K	0.00000	0.91848	0.08152	0
198	L	0.00000	0.70288	0.29712	0
199	W	0.00000	0.08677	0.91323	0
200	G	0.00000	0.0751	0.92490	0
201	V	0.00000	0.02981	0.97019	0
202	L	0.00000	0.00163	0.99837	0
203	A	0.00000	0.00023	0.99977	0
204	S	0.00000	7e-05	0.99993	0
205	L	0.00000	4e-05	0.99996	0
206	I	0.00000	0	1.00000	0
207	A	0.00000	0	1.00000	0
208	F	0.00000	0	1.00000	0
209	F	0.00000	0	1.00000	0
210	L	0.00000	0	1.00000	0
211	P	0.00000	0	1.00000	0
212	G	0.00000	0	1.00000	0
213	T	0.00000	0	1.00000	0
214	V	0.00000	0	1.00000	0
215	M	0.00001	0	0.99999	0
216	V	0.00004	0	0.99996	0
217	G	0.00158	0	0.99842	0
218	I	0.00298	0	0.99702	0
219	Y	0.01014	0	0.98986	0
220	I	0.02683	0	0.97317	0
221	H	0.06573	0	0.93427	0
222	I	0.07444	0	0.92556	0
223	F	0.18072	0	0.81928	0
224	T	0.88403	0	0.11597	0
225	V	0.91923	0	0.08077	0
226	A	0.99767	0	0.00233	0
227	R	0.99993	0	0.00007	0
228	K	0.99999	0	0.00001	0
229	H	1.00000	0	0.00000	0
230	A	1.00000	0	0.00000	0
231	K	1.00000	0	0.00000	0
232	Q	1.00000	0	0.00000	0
233	I	1.00000	0	0.00000	0
234	S	1.00000	0	0.00000	0
235	T	1.00000	0	0.00000	0
236	G	1.00000	0	0.00000	0
237	S	1.00000	0	0.00000	0
238	K	1.00000	0	0.00000	0
239	V	1.00000	0	0.00000	0
240	K	1.00000	0	0.00000	0
241	Q	1.00000	0	0.00000	0
242	V	1.00000	0	0.00000	0
243	G	1.00000	0	0.00000	0
244	S	1.00000	0	0.00000	0
245	E	1.00000	0	0.00000	0
246	S	1.00000	0	0.00000	0
247	K	1.00000	0	0.00000	0
248	M	1.00000	0	0.00000	0
249	K	1.00000	0	0.00000	0
250	A	1.00000	0	0.00000	0
251	S	1.00000	0	0.00000	0
252	S	1.00000	0	0.00000	0
253	K	1.00000	0	0.00000	0
254	K	1.00000	0	0.00000	0
255	E	1.00000	0	0.00000	0
256	S	0.98740	0	0.01260	0
257	K	0.98635	0	0.01365	0
258	A	0.46750	0	0.53250	0
259	T	0.46449	0	0.53551	0
260	K	0.39013	0	0.60987	0
261	T	0.26763	0	0.73237	0
262	L	0.00245	0	0.99755	0
263	S	0.00061	0	0.99939	0
264	I	0.00037	0	0.99963	0
265	V	0.00005	0	0.99995	0
266	M	0.00004	0	0.99996	0
267	G	0.00000	0	1.00000	0
268	V	0.00000	0	1.00000	0
269	F	0.00000	0	1.00000	0
270	V	0.00000	0	1.00000	0
271	I	0.00000	0	1.00000	0
272	C	0.00000	0	1.00000	0
273	W	0.00000	0	1.00000	0
274	L	0.00000	0	1.00000	0
275	P	0.00000	0	1.00000	0
276	F	0.00000	0	1.00000	0
277	F	0.00000	0	1.00000	0
278	V	0.00000	0.0004	0.99960	0
279	L	0.00000	0.00454	0.99546	0
280	T	0.00000	0.04703	0.95297	0
281	I	0.00000	0.1342	0.86580	0
282	T	0.00000	0.57318	0.42682	0
283	D	0.00000	0.96101	0.03899	0
284	P	0.00000	0.96281	0.03719	0
285	F	0.00000	0.96352	0.03648	0
286	I	0.00000	0.96727	0.03273	0
287	N	0.00000	0.97969	0.02031	0
288	F	0.00000	0.98085	0.01915	0
289	T	0.00000	0.99158	0.00842	0
290	T	0.00000	0.99823	0.00177	0
291	P	0.00000	0.99978	0.00022	0
292	E	0.00000	0.99999	0.00001	0
293	D	0.00000	0.99997	0.00003	0
294	L	0.00000	0.99889	0.00111	0
295	Y	0.00000	0.99826	0.00174	0
296	N	0.00000	0.83942	0.16058	0
297	T	0.00000	0.13069	0.86931	0
298	F	0.00000	0.03176	0.96824	0
299	L	0.00000	0.00299	0.99701	0
300	W	0.00000	0.00018	0.99982	0
301	L	0.00000	0	1.00000	0
302	G	0.00000	0	1.00000	0
303	Y	0.00000	0	1.00000	0
304	F	0.00000	0	1.00000	0
305	N	0.00000	0	1.00000	0
306	S	0.00000	0	1.00000	0
307	T	0.00000	0	1.00000	0
308	F	0.00000	0	1.00000	0
309	N	0.00000	0	1.00000	0
310	P	0.00000	0	1.00000	0
311	I	0.00000	0	1.00000	0
312	I	0.00000	0	1.00000	0
313	Y	0.00000	0	1.00000	0
314	G	0.00001	0	0.99999	0
315	M	0.00016	0	0.99984	0
316	F	0.00374	0	0.99626	0
317	Y	0.04157	0	0.95843	0
318	P	0.25071	0	0.74929	0
319	W	0.43559	0	0.56441	0
320	F	0.89564	0	0.10436	0
321	R	1.00000	0	0.00000	0
322	K	1.00000	0	0.00000	0
323	A	1.00000	0	0.00000	0
324	L	1.00000	0	0.00000	0
325	R	1.00000	0	0.00000	0
326	L	1.00000	0	0.00000	0
327	I	1.00000	0	0.00000	0
328	V	1.00000	0	0.00000	0
329	T	1.00000	0	0.00000	0
330	G	1.00000	0	0.00000	0
331	M	1.00000	0	0.00000	0
332	I	1.00000	0	0.00000	0
333	F	1.00000	0	0.00000	0
334	R	1.00000	0	0.00000	0
335	P	1.00000	0	0.00000	0
336	D	1.00000	0	0.00000	0
337	S	1.00000	0	0.00000	0
338	S	1.00000	0	0.00000	0
339	T	1.00000	0	0.00000	0
340	L	1.00000	0	0.00000	0
341	S	1.00000	0	0.00000	0
342	L	1.00000	0	0.00000	0
343	L	1.00000	0	0.00000	0
344	P	1.00000	0	0.00000	0
345	T	1.00000	0	0.00000	0
346	H	1.00000	0	0.00000	0
347	A	1.00000	0	0.00000	0
