# UNNAMED
#pos	aa	i	o	M	S
1	M	0.00000	0.70881	0.00000	0.29119
2	T	0.00000	0.70881	0.00000	0.29119
3	F	0.00000	0.70881	0.00000	0.29119
4	R	0.00000	0.70881	0.00000	0.29119
5	D	0.00000	0.70881	0.00000	0.29119
6	L	0.00000	0.70881	0.00000	0.29119
7	L	0.00000	0.70881	0.00000	0.29119
8	I	0.00000	0.70881	0.00000	0.2912
9	V	0.00000	0.70881	0.00000	0.2912
10	S	0.00000	0.70881	0.00000	0.2912
11	F	0.00000	0.70881	0.00000	0.2912
12	E	0.00000	0.70881	0.00000	0.2912
13	G	0.00000	0.70881	0.00000	0.2912
14	P	0.00000	0.70881	0.00000	0.2912
15	R	0.00000	0.70881	0.00000	0.2912
16	P	0.00000	0.70881	0.00000	0.29119
17	D	0.00000	0.70881	0.00000	0.2912
18	G	0.00000	0.70881	0.00000	0.29119
19	S	0.00000	0.70902	0.00000	0.29098
20	A	0.00000	0.70906	0.00000	0.29094
21	G	0.00000	0.83724	0.00000	0.16275
22	G	0.00000	0.86551	0.00000	0.13448
23	S	0.00000	0.98954	0.00000	0.01046
24	S	0.00000	0.99691	0.00000	0.0031
25	A	0.00000	0.99857	0.00000	0.00143
26	G	0.00000	0.99982	0.00000	0.00018
27	G	0.00000	1	0.00000	0
28	C	0.00000	0.99999	0.00000	0
29	G	0.00000	0.99999	0.00000	0
30	G	0.00000	0.99999	0.00000	0
31	G	0.00000	0.99999	0.00000	0
32	A	0.00000	1	0.00000	0
33	G	0.00000	1	0.00000	0
34	G	0.00000	1	0.00000	0
35	A	0.00000	1	0.00000	0
36	A	0.00000	1	0.00000	0
37	A	0.00000	1	0.00000	0
38	S	0.00000	1	0.00000	0
39	E	0.00000	1	0.00000	0
40	G	0.00000	1	0.00000	0
41	P	0.00000	1	0.00000	0
42	A	0.00000	1	0.00000	0
43	V	0.00000	1	0.00000	0
44	G	0.00000	1	0.00000	0
45	G	0.00000	1	0.00000	0
46	V	0.00000	1	0.00000	0
47	P	0.00000	1	0.00000	0
48	G	0.00000	1	0.00000	0
49	A	0.00000	1	0.00000	0
50	A	0.00000	1	0.00000	0
51	L	0.00000	1	0.00000	0
52	G	0.00000	1	0.00000	0
53	G	0.00000	1	0.00000	0
54	G	0.00000	1	0.00000	0
55	G	0.00000	1	0.00000	0
56	G	0.00000	1	0.00000	0
57	V	0.00000	1	0.00000	0
58	M	0.00000	1	0.00000	0
59	G	0.00000	1	0.00000	0
60	A	0.00000	1	0.00000	0
61	C	0.00000	1	0.00000	0
62	V	0.00000	1	0.00000	0
63	G	0.00000	1	0.00000	0
64	Q	0.00000	1	0.00000	0
65	D	0.00000	1	0.00000	0
66	N	0.00000	1	0.00000	0
67	R	0.00000	1	0.00000	0
68	S	0.00000	1	0.00000	0
69	S	0.00000	1	0.00000	0
70	A	0.00000	1	0.00000	0
71	G	0.00000	1	0.00000	0
72	E	0.00000	1	0.00000	0
73	P	0.00000	1	0.00000	0
74	G	0.00000	1	0.00000	0
75	G	0.00000	1	0.00000	0
76	A	0.00000	1	0.00000	0
77	G	0.00000	1	0.00000	0
78	T	0.00000	1	0.00000	0
79	G	0.00000	1	0.00000	0
80	G	0.00000	1	0.00000	0
81	E	0.00000	1	0.00000	0
82	V	0.00000	1	0.00000	0
83	N	0.00000	1	0.00000	0
84	G	0.00000	1	0.00000	0
85	T	0.00000	0.99943	0.00057	0
86	A	0.00000	0.99299	0.00701	0
87	A	0.00000	0.98656	0.01344	0
88	V	0.00000	0.96953	0.03047	0
89	W	0.00000	0.95351	0.04649	0
90	G	0.00000	0.95053	0.04947	0
91	L	0.00000	0.94095	0.05905	0
92	V	0.00000	0.91483	0.08517	0
93	V	0.00000	0.90723	0.09277	0
94	S	0.00000	0.90168	0.09832	0
95	A	0.00000	0.88779	0.11221	0
96	Q	0.00000	0.86681	0.13319	0
97	G	0.00000	0.79839	0.20161	0
98	V	0.00000	0.59606	0.40394	0
99	G	0.00000	0.43987	0.56013	0
100	V	0.00000	0.21438	0.78562	0
101	G	0.00000	0.14804	0.85196	0
102	V	0.00000	0.05649	0.94351	0
103	F	0.00000	0.01536	0.98464	0
104	L	0.00000	0.00279	0.99721	0
105	A	0.00000	0.00077	0.99923	0
106	A	0.00000	7e-05	0.99993	0
107	F	0.00000	0	1.00000	0
108	I	0.00000	0	1.00000	0
109	L	0.00000	0	1.00000	0
110	T	0.00000	0	1.00000	0
111	A	0.00000	0	1.00000	0
112	V	0.00000	0	1.00000	0
113	A	0.00000	0	1.00000	0
114	G	0.00000	0	1.00000	0
115	N	0.00000	0	1.00000	0
116	L	0.00000	0	1.00000	0
117	L	0.00000	0	1.00000	0
118	V	0.00002	0	0.99998	0
119	I	0.00015	0	0.99985	0
120	L	0.00823	0	0.99177	0
121	S	0.21210	0	0.78790	0
122	V	0.26933	0	0.73067	0
123	A	0.48543	0	0.51457	0
124	C	0.74154	0	0.25846	0
125	N	0.98570	0	0.01430	0
126	R	0.99900	0	0.00100	0
127	H	0.99977	0	0.00023	0
128	L	0.99989	0	0.00011	0
129	Q	0.99998	0	0.00002	0
130	T	0.99944	0	0.00056	0
131	V	0.98770	0	0.01230	0
132	T	0.94920	0	0.05080	0
133	N	0.76110	0	0.23890	0
134	Y	0.19704	0	0.80296	0
135	F	0.00146	0	0.99854	0
136	I	0.00002	0	0.99998	0
137	V	0.00000	0	1.00000	0
138	N	0.00000	0	1.00000	0
139	L	0.00000	0	1.00000	0
140	A	0.00000	0	1.00000	0
141	V	0.00000	0	1.00000	0
142	A	0.00000	0	1.00000	0
143	D	0.00000	0	1.00000	0
144	L	0.00000	0	1.00000	0
145	L	0.00000	0	1.00000	0
146	L	0.00000	0	1.00000	0
147	S	0.00000	0	1.00000	0
148	A	0.00000	0	1.00000	0
149	T	0.00000	0	1.00000	0
150	V	0.00000	0	1.00000	0
151	L	0.00000	3e-05	0.99997	0
152	P	0.00000	0.00061	0.99939	0
153	F	0.00000	0.02018	0.97982	0
154	S	0.00000	0.40012	0.59988	0
155	A	0.00000	0.59743	0.40257	0
156	T	0.00000	0.83928	0.16072	0
157	M	0.00000	0.99842	0.00158	0
158	E	0.00000	0.99902	0.00098	0
159	V	0.00000	0.99904	0.00096	0
160	L	0.00000	0.99919	0.00081	0
161	G	0.00000	0.99958	0.00042	0
162	F	0.00000	0.99976	0.00024	0
163	W	0.00000	0.99991	0.00009	0
164	A	0.00000	0.99999	0.00001	0
165	F	0.00000	1	0.00000	0
166	G	0.00000	1	0.00000	0
167	R	0.00000	1	0.00000	0
168	A	0.00000	0.99998	0.00002	0
169	F	0.00000	0.99996	0.00004	0
170	C	0.00000	0.99996	0.00004	0
171	D	0.00000	0.9999	0.00010	0
172	V	0.00000	0.99881	0.00119	0
173	W	0.00000	0.89442	0.10558	0
174	A	0.00000	0.31602	0.68398	0
175	A	0.00000	0.0102	0.98980	0
176	V	0.00000	0.00013	0.99987	0
177	D	0.00000	4e-05	0.99996	0
178	V	0.00000	0	1.00000	0
179	L	0.00000	0	1.00000	0
180	C	0.00000	0	1.00000	0
181	C	0.00000	0	1.00000	0
182	T	0.00000	0	1.00000	0
183	A	0.00000	0	1.00000	0
184	S	0.00000	0	1.00000	0
185	I	0.00000	0	1.00000	0
186	L	0.00000	0	1.00000	0
187	S	0.00000	0	1.00000	0
188	L	0.00000	0	1.00000	0
189	C	0.00000	0	1.00000	0
190	T	0.00000	0	1.00000	0
191	I	0.00000	0	1.00000	0
192	S	0.00000	0	1.00000	0
193	V	0.00000	0	1.00000	0
194	D	0.00002	0	0.99998	0
195	R	0.02593	0	0.97407	0
196	Y	0.36385	0	0.63615	0
197	V	0.65367	0	0.34633	0
198	G	0.93431	0	0.06569	0
199	V	0.99999	0	0.00001	0
200	R	1.00000	0	0.00000	0
201	H	1.00000	0	0.00000	0
202	S	1.00000	0	0.00000	0
203	L	1.00000	0	0.00000	0
204	K	1.00000	0	0.00000	0
205	Y	1.00000	0	0.00000	0
206	P	1.00000	0	0.00000	0
207	A	1.00000	0	0.00000	0
208	I	1.00000	0	0.00000	0
209	M	1.00000	0	0.00000	0
210	T	1.00000	0	0.00000	0
211	E	1.00000	0	0.00000	0
212	R	0.99988	0	0.00012	0
213	K	0.99187	0	0.00813	0
214	A	0.29742	0	0.70258	0
215	A	0.06323	0	0.93677	0
216	A	0.01515	0	0.98485	0
217	I	0.00003	0	0.99997	0
218	L	0.00000	0	1.00000	0
219	A	0.00000	0	1.00000	0
220	L	0.00000	0	1.00000	0
221	L	0.00000	0	1.00000	0
222	W	0.00000	0	1.00000	0
223	A	0.00000	0	1.00000	0
224	V	0.00000	0	1.00000	0
225	A	0.00000	0	1.00000	0
226	L	0.00000	0	1.00000	0
227	V	0.00000	0	1.00000	0
228	V	0.00000	0	1.00000	0
229	S	0.00000	0	1.00000	0
230	V	0.00000	0	1.00000	0
231	G	0.00000	0	1.00000	0
232	P	0.00000	4e-05	0.99996	0
233	L	0.00000	0.00064	0.99936	0
234	L	0.00000	0.03144	0.96856	0
235	G	0.00000	0.52045	0.47955	0
236	W	0.00000	0.70947	0.29053	0
237	K	0.00000	0.99662	0.00338	0
238	E	0.00000	0.99996	0.00004	0
239	P	0.00000	1	0.00000	0
240	V	0.00000	1	0.00000	0
241	P	0.00000	1	0.00000	0
242	P	0.00000	1	0.00000	0
243	D	0.00000	1	0.00000	0
244	E	0.00000	1	0.00000	0
245	R	0.00000	1	0.00000	0
246	F	0.00000	1	0.00000	0
247	C	0.00000	1	0.00000	0
248	G	0.00000	1	0.00000	0
249	I	0.00000	1	0.00000	0
250	T	0.00000	1	0.00000	0
251	E	0.00000	0.99999	0.00001	0
252	E	0.00000	0.99939	0.00061	0
253	A	0.00000	0.98921	0.01079	0
254	G	0.00000	0.85602	0.14398	0
255	Y	0.00000	0.24112	0.75888	0
256	A	0.00000	0.11078	0.88922	0
257	V	0.00000	0.01394	0.98606	0
258	F	0.00000	0.00067	0.99933	0
259	S	0.00000	0.00059	0.99941	0
260	S	0.00000	7e-05	0.99993	0
261	V	0.00000	5e-05	0.99995	0
262	C	0.00000	0	1.00000	0
263	S	0.00000	0	1.00000	0
264	F	0.00000	0	1.00000	0
265	Y	0.00000	0	1.00000	0
266	L	0.00000	0	1.00000	0
267	P	0.00000	0	1.00000	0
268	M	0.00000	0	1.00000	0
269	A	0.00000	0	1.00000	0
270	V	0.00000	0	1.00000	0
271	I	0.00000	0	1.00000	0
272	V	0.00000	0	1.00000	0
273	V	0.00000	0	1.00000	0
274	M	0.00001	0	0.99999	0
275	Y	0.00011	0	0.99989	0
276	C	0.00392	0	0.99608	0
277	R	0.05492	0	0.94508	0
278	V	0.06108	0	0.93892	0
279	Y	0.09565	0	0.90435	0
280	V	0.36047	0	0.63953	0
281	V	0.52814	0	0.47186	0
282	A	0.99706	0	0.00294	0
283	R	0.99994	0	0.00006	0
284	S	1.00000	0	0.00000	0
285	T	1.00000	0	0.00000	0
286	T	1.00000	0	0.00000	0
287	R	1.00000	0	0.00000	0
288	S	1.00000	0	0.00000	0
289	L	1.00000	0	0.00000	0
290	E	1.00000	0	0.00000	0
291	A	1.00000	0	0.00000	0
292	G	1.00000	0	0.00000	0
293	V	1.00000	0	0.00000	0
294	K	1.00000	0	0.00000	0
295	R	1.00000	0	0.00000	0
296	E	1.00000	0	0.00000	0
297	R	1.00000	0	0.00000	0
298	G	1.00000	0	0.00000	0
299	K	1.00000	0	0.00000	0
300	A	1.00000	0	0.00000	0
301	S	1.00000	0	0.00000	0
302	E	1.00000	0	0.00000	0
303	V	0.59711	0	0.40289	0
304	V	0.59657	0	0.40343	0
305	L	0.59616	0	0.40384	0
306	R	0.59599	0	0.40401	0
307	I	0.59598	0	0.40402	0
308	H	0.59597	0	0.40403	0
309	C	0.59594	0	0.40406	0
310	R	0.59593	0	0.40407	0
311	G	0.59509	0	0.40491	0
312	A	0.59509	0	0.40491	0
313	S	0.59509	0	0.40491	0
314	A	0.59509	0	0.40491	0
315	A	0.59509	0	0.40491	0
316	D	0.59509	0	0.40491	0
317	G	0.59509	0	0.40491	0
318	A	0.59498	0	0.40502	0
319	H	0.59498	0	0.40502	0
320	G	0.59246	0	0.40754	0
321	P	0.54096	0.00082	0.45823	0
322	R	0.00166	0.0663	0.93204	0
323	S	0.00012	0.16569	0.83418	0
324	A	0.00011	0.32055	0.67933	0
325	K	0.00005	0.39774	0.60221	0
326	G	0.00001	0.40117	0.59883	0
327	H	0.00000	0.4039	0.59609	0
328	T	0.00000	0.40394	0.59606	0
329	F	0.00000	0.40397	0.59603	0
330	R	0.00000	0.40417	0.59583	0
331	S	0.00000	0.40424	0.59576	0
332	S	0.00000	0.40455	0.59545	0
333	L	0.00000	0.40457	0.59543	0
334	S	0.00000	0.40479	0.59521	0
335	V	0.00000	0.40489	0.59511	0
336	R	0.00000	0.4049	0.59510	0
337	L	0.00000	0.4049	0.59510	0
338	L	0.00000	0.40491	0.59509	0
339	K	0.00000	0.40593	0.59407	0
340	F	0.00000	0.40777	0.59223	0
341	S	0.00000	0.88272	0.11728	0
342	R	0.00000	0.97867	0.02133	0
343	E	0.00000	0.9986	0.00140	0
344	K	0.00000	0.99568	0.00432	0
345	K	0.00000	0.97116	0.02884	0
346	A	0.00000	0.81501	0.18499	0
347	A	0.00000	0.76526	0.23474	0
348	K	0.00000	0.7362	0.26380	0
349	T	0.00000	0.46586	0.53414	0
350	L	0.00000	0.00635	0.99365	0
351	A	0.00000	0.00168	0.99832	0
352	I	0.00000	5e-05	0.99995	0
353	V	0.00000	0	1.00000	0
354	V	0.00000	0	1.00000	0
355	G	0.00000	0	1.00000	0
356	V	0.00000	0	1.00000	0
357	F	0.00000	0	1.00000	0
358	V	0.00000	0	1.00000	0
359	L	0.00000	0	1.00000	0
360	C	0.00000	0	1.00000	0
361	W	0.00000	0	1.00000	0
362	F	0.00000	0	1.00000	0
363	P	0.00004	0	0.99996	0
364	F	0.00029	0	0.99971	0
365	F	0.00550	0	0.99450	0
366	F	0.09613	0	0.90387	0
367	V	0.10770	0	0.89230	0
368	L	0.12791	0	0.87209	0
369	P	0.30634	0	0.69366	0
370	L	0.50136	0	0.49864	0
371	G	0.78677	0	0.21323	0
372	E	1.00000	0	0.00000	0
