# UNNAMED
#pos	aa	i	o	M	S
1	M	0.00000	1	0.00000	0
2	P	0.00000	1	0.00000	0
3	A	0.00000	1	0.00000	0
4	S	0.00000	1	0.00000	0
5	K	0.00000	1	0.00000	0
6	D	0.00000	1	0.00000	0
7	I	0.00000	0.98944	0.01056	0
8	Y	0.00000	0.9891	0.01090	0
9	S	0.00000	0.98856	0.01144	0
10	F	0.00000	0.98476	0.01524	0
11	S	0.00000	0.98324	0.01676	0
12	N	0.00000	0.97432	0.02568	0
13	I	0.00000	0.25744	0.74256	0
14	A	0.00000	0.1386	0.86140	0
15	L	0.00000	0.05264	0.94736	0
16	A	0.00000	0.0247	0.97530	0
17	F	0.00000	0.00749	0.99251	0
18	L	0.00000	0.00482	0.99518	0
19	M	0.00000	0.00393	0.99607	0
20	S	0.00000	0.00166	0.99834	0
21	L	0.00000	0.00015	0.99985	0
22	L	0.00000	0	1.00000	0
23	A	0.00000	0	1.00000	0
24	F	0.00000	0	1.00000	0
25	A	0.00000	0	1.00000	0
26	I	0.00000	0	1.00000	0
27	M	0.00000	0	1.00000	0
28	L	0.00000	0	1.00000	0
29	G	0.00000	0	1.00000	0
30	N	0.00000	0	1.00000	0
31	A	0.00000	0	1.00000	0
32	V	0.00000	0	1.00000	0
33	V	0.00000	0	1.00000	0
34	I	0.00000	0	1.00000	0
35	L	0.00021	0	0.99979	0
36	A	0.00801	0	0.99199	0
37	F	0.03176	0	0.96824	0
38	V	0.19238	0	0.80762	0
39	V	0.55287	0	0.44713	0
40	D	0.99701	0	0.00299	0
41	K	0.99995	0	0.00005	0
42	N	1.00000	0	0.00000	0
43	L	1.00000	0	0.00000	0
44	R	1.00000	0	0.00000	0
45	H	1.00000	0	0.00000	0
46	R	0.99999	0	0.00001	0
47	S	0.99496	0	0.00504	0
48	N	0.90300	0	0.09700	0
49	Y	0.35644	0	0.64356	0
50	F	0.00455	0	0.99545	0
51	F	0.00049	0	0.99951	0
52	L	0.00000	0	1.00000	0
53	N	0.00000	0	1.00000	0
54	L	0.00000	0	1.00000	0
55	A	0.00000	0	1.00000	0
56	I	0.00000	0	1.00000	0
57	S	0.00000	0	1.00000	0
58	D	0.00000	0	1.00000	0
59	F	0.00000	0	1.00000	0
60	F	0.00000	0	1.00000	0
61	V	0.00000	0	1.00000	0
62	G	0.00000	0	1.00000	0
63	M	0.00000	0	1.00000	0
64	I	0.00000	0	1.00000	0
65	S	0.00000	0	1.00000	0
66	I	0.00000	1e-05	0.99999	0
67	P	0.00000	0.00015	0.99985	0
68	L	0.00000	0.00085	0.99915	0
69	F	0.00000	0.00515	0.99485	0
70	I	0.00000	0.02493	0.97507	0
71	P	0.00000	0.48273	0.51727	0
72	H	0.00000	0.99999	0.00001	0
73	K	0.00000	0.99999	0.00001	0
74	L	0.00000	1	0.00000	0
75	F	0.00000	1	0.00000	0
76	N	0.00000	1	0.00000	0
77	W	0.00000	1	0.00000	0
78	E	0.00000	1	0.00000	0
79	F	0.00000	1	0.00000	0
80	E	0.00000	1	0.00000	0
81	N	0.00000	1	0.00000	0
82	N	0.00000	1	0.00000	0
83	I	0.00000	0.99985	0.00015	0
84	C	0.00000	0.99973	0.00027	0
85	V	0.00000	0.9985	0.00150	0
86	F	0.00000	0.99819	0.00181	0
87	W	0.00000	0.96823	0.03177	0
88	L	0.00000	0.53177	0.46823	0
89	T	0.00000	0.37786	0.62214	0
90	T	0.00000	0.06093	0.93907	0
91	D	0.00000	0.02427	0.97573	0
92	Y	0.00000	0.00196	0.99804	0
93	L	0.00000	1e-05	0.99999	0
94	L	0.00000	0	1.00000	0
95	C	0.00000	0	1.00000	0
96	T	0.00000	0	1.00000	0
97	A	0.00000	0	1.00000	0
98	S	0.00000	0	1.00000	0
99	V	0.00000	0	1.00000	0
100	Y	0.00000	0	1.00000	0
101	N	0.00000	0	1.00000	0
102	I	0.00000	0	1.00000	0
103	V	0.00000	0	1.00000	0
104	L	0.00000	0	1.00000	0
105	I	0.00001	0	0.99999	0
106	S	0.00001	0	0.99999	0
107	F	0.00002	0	0.99998	0
108	D	0.00006	0	0.99994	0
109	R	0.00720	0	0.99280	0
110	Y	0.03457	0	0.96543	0
111	Q	0.08080	0	0.91920	0
112	S	0.57313	0	0.42687	0
113	V	0.99983	0	0.00017	0
114	S	1.00000	0	0.00000	0
115	N	1.00000	0	0.00000	0
116	A	1.00000	0	0.00000	0
117	V	1.00000	0	0.00000	0
118	S	1.00000	0	0.00000	0
119	Y	1.00000	0	0.00000	0
120	R	1.00000	0	0.00000	0
121	A	1.00000	0	0.00000	0
122	R	1.00000	0	0.00000	0
123	H	0.99974	0	0.00026	0
124	T	0.98602	0	0.01398	0
125	G	0.96449	0	0.03551	0
126	T	0.93144	0	0.06856	0
127	L	0.78159	0	0.21841	0
128	K	0.76120	0	0.23880	0
129	T	0.37297	0	0.62703	0
130	V	0.03023	0	0.96977	0
131	T	0.01006	0	0.98994	0
132	L	0.00072	0	0.99928	0
133	M	0.00002	0	0.99998	0
134	V	0.00000	0	1.00000	0
135	A	0.00000	0	1.00000	0
136	V	0.00000	0	1.00000	0
137	W	0.00000	0	1.00000	0
138	V	0.00000	0	1.00000	0
139	A	0.00000	0	1.00000	0
140	A	0.00000	0	1.00000	0
141	F	0.00000	0	1.00000	0
142	L	0.00000	0	1.00000	0
143	V	0.00000	0.00023	0.99977	0
144	H	0.00000	0.01086	0.98914	0
145	G	0.00000	0.02479	0.97521	0
146	P	0.00000	0.03386	0.96614	0
147	I	0.00000	0.04007	0.95993	0
148	L	0.00000	0.07614	0.92386	0
149	V	0.00000	0.45107	0.54893	0
150	S	0.00000	0.64265	0.35735	0
151	E	0.00000	0.95302	0.04698	0
152	V	0.00000	0.97056	0.02944	0
153	R	0.00000	0.99934	0.00066	0
154	K	0.00000	1	0.00000	0
155	E	0.00000	1	0.00000	0
156	L	0.00000	1	0.00000	0
157	R	0.00000	1	0.00000	0
158	G	0.00000	1	0.00000	0
159	D	0.00000	1	0.00000	0
160	C	0.00000	1	0.00000	0
161	K	0.00000	1	0.00000	0
162	P	0.00000	1	0.00000	0
163	E	0.00000	1	0.00000	0
164	F	0.00000	1	0.00000	0
165	L	0.00000	1	0.00000	0
166	K	0.00000	1	0.00000	0
167	K	0.00000	1	0.00000	0
168	K	0.00000	1	0.00000	0
169	H	0.00000	0.99061	0.00939	0
170	I	0.00000	0.98113	0.01887	0
171	L	0.00000	0.94495	0.05505	0
172	A	0.00000	0.94125	0.05875	0
173	L	0.00000	0.00287	0.99713	0
174	T	0.00000	0.00196	0.99804	0
175	L	0.00000	0.00117	0.99883	0
176	V	0.00000	0.00099	0.99901	0
177	F	0.00000	0	1.00000	0
178	E	0.00000	0	1.00000	0
179	F	0.00000	0	1.00000	0
180	L	0.00000	0	1.00000	0
181	I	0.00000	0	1.00000	0
182	P	0.00000	0	1.00000	0
183	V	0.00000	0	1.00000	0
184	L	0.00000	0	1.00000	0
185	L	0.00000	0	1.00000	0
186	V	0.00000	0	1.00000	0
187	A	0.00000	0	1.00000	0
188	Y	0.00000	0	1.00000	0
189	F	0.00000	0	1.00000	0
190	N	0.00000	0	1.00000	0
191	M	0.00000	0	1.00000	0
192	Y	0.00002	0	0.99998	0
193	I	0.00017	0	0.99983	0
194	Y	0.00048	0	0.99952	0
195	W	0.00559	0	0.99441	0
196	S	0.22489	0	0.77511	0
197	L	0.30794	0	0.69206	0
198	W	0.38417	0	0.61583	0
199	K	0.99692	0	0.00308	0
200	R	0.99992	0	0.00008	0
201	S	0.99998	0	0.00002	0
202	H	1.00000	0	0.00000	0
203	L	1.00000	0	0.00000	0
204	S	1.00000	0	0.00000	0
205	R	1.00000	0	0.00000	0
206	G	1.00000	0	0.00000	0
207	H	1.00000	0	0.00000	0
208	S	1.00000	0	0.00000	0
209	G	1.00000	0	0.00000	0
210	F	1.00000	0	0.00000	0
211	I	1.00000	0	0.00000	0
212	S	1.00000	0	0.00000	0
213	A	1.00000	0	0.00000	0
214	P	1.00000	0	0.00000	0
215	S	1.00000	0	0.00000	0
216	I	1.00000	0	0.00000	0
217	S	1.00000	0	0.00000	0
218	S	1.00000	0	0.00000	0
219	G	1.00000	0	0.00000	0
220	R	1.00000	0	0.00000	0
221	S	1.00000	0	0.00000	0
222	F	1.00000	0	0.00000	0
223	R	1.00000	0	0.00000	0
224	N	1.00000	0	0.00000	0
225	G	1.00000	0	0.00000	0
226	L	1.00000	0	0.00000	0
227	F	1.00000	0	0.00000	0
228	S	1.00000	0	0.00000	0
229	R	1.00000	0	0.00000	0
230	P	1.00000	0	0.00000	0
231	S	1.00000	0	0.00000	0
232	L	1.00000	0	0.00000	0
233	S	1.00000	0	0.00000	0
234	N	1.00000	0	0.00000	0
235	L	1.00000	0	0.00000	0
236	E	1.00000	0	0.00000	0
237	E	1.00000	0	0.00000	0
238	S	1.00000	0	0.00000	0
239	A	1.00000	0	0.00000	0
240	A	1.00000	0	0.00000	0
241	S	1.00000	0	0.00000	0
242	L	1.00000	0	0.00000	0
243	R	1.00000	0	0.00000	0
244	S	1.00000	0	0.00000	0
245	E	1.00000	0	0.00000	0
246	K	1.00000	0	0.00000	0
247	S	1.00000	0	0.00000	0
248	G	1.00000	0	0.00000	0
249	R	1.00000	0	0.00000	0
250	K	1.00000	0	0.00000	0
251	S	1.00000	0	0.00000	0
252	S	1.00000	0	0.00000	0
253	L	1.00000	0	0.00000	0
254	F	1.00000	0	0.00000	0
255	S	1.00000	0	0.00000	0
256	S	1.00000	0	0.00000	0
257	L	1.00000	0	0.00000	0
258	R	1.00000	0	0.00000	0
259	T	1.00000	0	0.00000	0
260	R	1.00000	0	0.00000	0
261	V	1.00000	0	0.00000	0
262	N	1.00000	0	0.00000	0
263	S	1.00000	0	0.00000	0
264	L	1.00000	0	0.00000	0
265	T	1.00000	0	0.00000	0
266	A	1.00000	0	0.00000	0
267	S	1.00000	0	0.00000	0
268	K	1.00000	0	0.00000	0
269	T	1.00000	0	0.00000	0
270	S	1.00000	0	0.00000	0
271	S	1.00000	0	0.00000	0
272	L	1.00000	0	0.00000	0
273	S	1.00000	0	0.00000	0
274	H	1.00000	0	0.00000	0
275	S	1.00000	0	0.00000	0
276	D	1.00000	0	0.00000	0
277	S	1.00000	0	0.00000	0
278	L	1.00000	0	0.00000	0
279	V	1.00000	0	0.00000	0
280	L	1.00000	0	0.00000	0
281	H	1.00000	0	0.00000	0
282	Q	1.00000	0	0.00000	0
283	R	1.00000	0	0.00000	0
284	E	1.00000	0	0.00000	0
285	H	1.00000	0	0.00000	0
286	L	1.00000	0	0.00000	0
287	E	1.00000	0	0.00000	0
288	L	1.00000	0	0.00000	0
289	R	1.00000	0	0.00000	0
290	R	0.99999	0	0.00001	0
291	G	0.99868	0	0.00132	0
292	K	0.82614	0	0.17386	0
293	K	0.82455	0	0.17545	0
294	L	0.65157	0	0.34843	0
295	A	0.64670	0	0.35330	0
296	K	0.64560	0	0.35440	0
297	S	0.64375	0	0.35625	0
298	L	0.00354	0	0.99646	0
299	A	0.00002	0	0.99998	0
300	I	0.00000	0	1.00000	0
301	L	0.00000	0	1.00000	0
302	L	0.00000	0	1.00000	0
303	G	0.00000	0	1.00000	0
304	V	0.00000	0	1.00000	0
305	F	0.00000	0	1.00000	0
306	A	0.00000	0	1.00000	0
307	V	0.00000	0	1.00000	0
308	C	0.00000	0	1.00000	0
309	W	0.00000	0	1.00000	0
310	A	0.00000	0	1.00000	0
311	P	0.00000	1e-05	0.99999	0
312	Y	0.00000	2e-05	0.99998	0
313	S	0.00000	0.00012	0.99988	0
314	L	0.00000	0.00125	0.99875	0
315	F	0.00000	0.01042	0.98958	0
316	T	0.00000	0.05061	0.94939	0
317	I	0.00000	0.10548	0.89452	0
318	I	0.00000	0.1769	0.82310	0
319	R	0.00000	0.87363	0.12637	0
320	S	0.00000	0.94433	0.05567	0
321	C	0.00000	0.99093	0.00907	0
322	H	0.00000	0.9972	0.00280	0
323	G	0.00000	0.99936	0.00064	0
324	T	0.00000	0.99991	0.00009	0
325	L	0.00000	0.99992	0.00008	0
326	S	0.00000	0.99995	0.00005	0
327	D	0.00000	1	0.00000	0
328	F	0.00000	0.99999	0.00001	0
329	L	0.00000	0.99998	0.00002	0
330	N	0.00000	0.99995	0.00005	0
331	P	0.00000	0.9998	0.00020	0
332	V	0.00000	0.99779	0.00221	0
333	Y	0.00000	0.99713	0.00287	0
334	E	0.00000	0.89404	0.10596	0
335	F	0.00000	0.58588	0.41412	0
336	T	0.00000	0.55452	0.44548	0
337	F	0.00000	0.00291	0.99709	0
338	W	0.00000	0	1.00000	0
339	L	0.00000	0	1.00000	0
340	Q	0.00000	0	1.00000	0
341	W	0.00000	0	1.00000	0
342	F	0.00000	0	1.00000	0
343	N	0.00000	0	1.00000	0
344	S	0.00000	0	1.00000	0
345	F	0.00000	0	1.00000	0
346	V	0.00000	0	1.00000	0
347	N	0.00000	0	1.00000	0
348	P	0.00000	0	1.00000	0
349	F	0.00000	0	1.00000	0
350	L	0.00000	0	1.00000	0
351	Y	0.00000	0	1.00000	0
352	P	0.00001	0	0.99999	0
353	L	0.00034	0	0.99966	0
354	C	0.01327	0	0.98673	0
355	H	0.11415	0	0.88585	0
356	K	1.00000	0	0.00000	0
357	R	1.00000	0	0.00000	0
358	F	1.00000	0	0.00000	0
359	Q	1.00000	0	0.00000	0
360	K	1.00000	0	0.00000	0
361	A	1.00000	0	0.00000	0
362	F	1.00000	0	0.00000	0
363	L	1.00000	0	0.00000	0
364	K	1.00000	0	0.00000	0
365	L	1.00000	0	0.00000	0
366	F	1.00000	0	0.00000	0
367	R	1.00000	0	0.00000	0
368	V	1.00000	0	0.00000	0
369	K	1.00000	0	0.00000	0
370	K	1.00000	0	0.00000	0
371	Q	1.00000	0	0.00000	0
372	S	1.00000	0	0.00000	0
373	I	1.00000	0	0.00000	0
374	S	1.00000	0	0.00000	0
375	S	1.00000	0	0.00000	0
376	H	1.00000	0	0.00000	0
377	N	1.00000	0	0.00000	0
378	R	1.00000	0	0.00000	0
379	S	1.00000	0	0.00000	0
380	T	1.00000	0	0.00000	0
381	S	1.00000	0	0.00000	0
382	S	1.00000	0	0.00000	0
