# UNNAMED
#pos	aa	i	o	M	S
1	M	0.00000	0.99592	0.00000	0.00408
2	K	0.00000	0.99592	0.00000	0.00408
3	K	0.00000	0.99592	0.00000	0.00408
4	P	0.00000	0.99592	0.00000	0.00408
5	Y	0.00000	0.99592	0.00000	0.00408
6	N	0.00000	0.99592	0.00000	0.00408
7	D	0.00000	0.99592	0.00000	0.00408
8	F	0.00000	0.99592	0.00000	0.00408
9	G	0.00000	0.99592	0.00000	0.00408
10	S	0.00000	0.99592	0.00000	0.00409
11	Q	0.00000	0.99592	0.00000	0.00409
12	L	0.00000	0.99592	0.00000	0.00408
13	I	0.00000	0.99592	0.00000	0.00408
14	M	0.00000	0.99592	0.00000	0.00408
15	G	0.00000	0.99592	0.00000	0.00408
16	A	0.00000	0.99592	0.00000	0.00408
17	H	0.00000	0.99592	0.00000	0.00408
18	I	0.00000	0.99592	0.00000	0.00408
19	L	0.00000	0.99592	0.00000	0.00408
20	E	0.00000	0.99592	0.00000	0.00408
21	S	0.00000	0.99592	0.00000	0.00408
22	N	0.00000	0.99592	0.00000	0.00408
23	S	0.00000	0.99592	0.00000	0.00408
24	S	0.00000	0.99592	0.00000	0.00408
25	G	0.00000	0.99727	0.00000	0.00273
26	N	0.00000	0.99999	0.00000	1e-05
27	L	0.00000	0.99999	0.00000	1e-05
28	T	0.00000	0.99999	0.00000	1e-05
29	P	0.00000	0.99999	0.00000	1e-05
30	A	0.00000	0.99999	0.00000	1e-05
31	V	0.00000	1	0.00000	0
32	S	0.00000	1	0.00000	0
33	E	0.00000	1	0.00000	0
34	A	0.00000	1	0.00000	0
35	G	0.00000	0.99994	0.00006	0
36	A	0.00000	0.9998	0.00020	0
37	V	0.00000	0.98894	0.01106	0
38	L	0.00000	0.98308	0.01692	0
39	P	0.00000	0.9743	0.02570	0
40	G	0.00000	0.90773	0.09227	0
41	Y	0.00000	0.37792	0.62208	0
42	L	0.00000	0.18499	0.81501	0
43	V	0.00000	0.09941	0.90059	0
44	V	0.00000	0.04236	0.95764	0
45	I	0.00000	0.0216	0.97840	0
46	L	0.00000	0.01921	0.98079	0
47	S	0.00000	0.01724	0.98276	0
48	V	0.00000	0.00512	0.99488	0
49	L	0.00000	0.00273	0.99727	0
50	M	0.00000	0.00171	0.99829	0
51	V	0.00000	0.00015	0.99985	0
52	T	0.00000	1e-05	0.99999	0
53	L	0.00000	0	1.00000	0
54	V	0.00000	0	1.00000	0
55	V	0.00000	0	1.00000	0
56	V	0.00000	0	1.00000	0
57	V	0.00000	0	1.00000	0
58	V	0.00000	0	1.00000	0
59	A	0.00000	0	1.00000	0
60	G	0.00000	0	1.00000	0
61	N	0.00000	0	1.00000	0
62	A	0.00000	0	1.00000	0
63	L	0.00000	0	1.00000	0
64	V	0.00000	0	1.00000	0
65	I	0.00001	0	0.99999	0
66	M	0.00097	0	0.99903	0
67	A	0.00709	0	0.99291	0
68	F	0.02053	0	0.97947	0
69	I	0.10338	0	0.89662	0
70	V	0.54274	0	0.45726	0
71	D	0.99852	0	0.00148	0
72	K	0.99998	0	0.00002	0
73	T	1.00000	0	0.00000	0
74	L	1.00000	0	0.00000	0
75	R	1.00000	0	0.00000	0
76	N	0.99994	0	0.00006	0
77	Q	0.99977	0	0.00023	0
78	S	0.99660	0	0.00340	0
79	N	0.93345	0	0.06655	0
80	Y	0.46204	0	0.53796	0
81	F	0.01278	0	0.98722	0
82	F	0.00311	0	0.99689	0
83	L	0.00009	0	0.99991	0
84	N	0.00001	0	0.99999	0
85	L	0.00000	0	1.00000	0
86	A	0.00000	0	1.00000	0
87	I	0.00000	0	1.00000	0
88	S	0.00000	0	1.00000	0
89	D	0.00000	0	1.00000	0
90	F	0.00000	0	1.00000	0
91	L	0.00000	0	1.00000	0
92	V	0.00000	0	1.00000	0
93	G	0.00000	0	1.00000	0
94	F	0.00000	0	1.00000	0
95	L	0.00000	0	1.00000	0
96	E	0.00000	5e-05	0.99995	0
97	L	0.00000	0.00011	0.99989	0
98	R	0.00000	0.0016	0.99840	0
99	L	0.00000	0.00241	0.99759	0
100	V	0.00000	0.00866	0.99134	0
101	A	0.00000	0.06639	0.93361	0
102	N	0.00000	0.21008	0.78992	0
103	F	0.00000	0.23253	0.76747	0
104	L	0.00000	0.31747	0.68253	0
105	P	0.00000	0.62904	0.37096	0
106	H	0.00000	0.93113	0.06887	0
107	V	0.00000	0.93657	0.06343	0
108	M	0.00000	0.95789	0.04211	0
109	H	0.00000	0.99952	0.00048	0
110	L	0.00000	1	0.00000	0
111	T	0.00000	1	0.00000	0
112	P	0.00000	1	0.00000	0
113	R	0.00000	1	0.00000	0
114	N	0.00000	1	0.00000	0
115	C	0.00000	1	0.00000	0
116	E	0.00000	1	0.00000	0
117	G	0.00000	1	0.00000	0
118	A	0.00000	1	0.00000	0
119	F	0.00000	1	0.00000	0
120	C	0.00000	1	0.00000	0
121	I	0.00000	1	0.00000	0
122	P	0.00000	1	0.00000	0
123	V	0.00000	1	0.00000	0
124	Y	0.00000	1	0.00000	0
125	I	0.00000	1	0.00000	0
126	P	0.00000	1	0.00000	0
127	Y	0.00000	1	0.00000	0
128	N	0.00000	1	0.00000	0
129	L	0.00000	1	0.00000	0
130	T	0.00000	1	0.00000	0
131	G	0.00000	1	0.00000	0
132	R	0.00000	1	0.00000	0
133	W	0.00000	1	0.00000	0
134	M	0.00000	1	0.00000	0
135	L	0.00000	1	0.00000	0
136	G	0.00000	1	0.00000	0
137	K	0.00000	1	0.00000	0
138	G	0.00000	1	0.00000	0
139	L	0.00000	1	0.00000	0
140	C	0.00000	1	0.00000	0
141	K	0.00000	0.99999	0.00001	0
142	V	0.00000	0.99946	0.00054	0
143	W	0.00000	0.93973	0.06027	0
144	L	0.00000	0.23453	0.76547	0
145	V	0.00000	0.03582	0.96418	0
146	M	0.00000	0.00041	0.99959	0
147	D	0.00000	0.0001	0.99990	0
148	Y	0.00000	1e-05	0.99999	0
149	L	0.00000	0	1.00000	0
150	L	0.00000	0	1.00000	0
151	C	0.00000	0	1.00000	0
152	S	0.00000	0	1.00000	0
153	A	0.00000	0	1.00000	0
154	S	0.00000	0	1.00000	0
155	V	0.00000	0	1.00000	0
156	F	0.00000	0	1.00000	0
157	N	0.00000	0	1.00000	0
158	I	0.00000	0	1.00000	0
159	V	0.00000	0	1.00000	0
160	L	0.00000	0	1.00000	0
161	I	0.00000	0	1.00000	0
162	S	0.00000	0	1.00000	0
163	Y	0.00000	0	1.00000	0
164	D	0.00001	0	0.99999	0
165	R	0.00319	0	0.99681	0
166	F	0.02594	0	0.97406	0
167	L	0.11118	0	0.88882	0
168	S	0.85537	0	0.14463	0
169	V	0.99997	0	0.00003	0
170	T	1.00000	0	0.00000	0
171	R	1.00000	0	0.00000	0
172	A	1.00000	0	0.00000	0
173	V	1.00000	0	0.00000	0
174	K	1.00000	0	0.00000	0
175	Y	1.00000	0	0.00000	0
176	R	1.00000	0	0.00000	0
177	A	1.00000	0	0.00000	0
178	Q	1.00000	0	0.00000	0
179	R	1.00000	0	0.00000	0
180	N	1.00000	0	0.00000	0
181	M	0.99996	0	0.00004	0
182	T	0.99993	0	0.00007	0
183	H	0.99956	0	0.00044	0
184	Q	0.97716	0	0.02284	0
185	A	0.51634	0	0.48366	0
186	V	0.04351	0	0.95649	0
187	F	0.00842	0	0.99158	0
188	K	0.00729	0	0.99271	0
189	M	0.00194	0	0.99806	0
190	V	0.00009	0	0.99991	0
191	A	0.00001	0	0.99999	0
192	V	0.00000	0	1.00000	0
193	W	0.00000	0	1.00000	0
194	V	0.00000	0	1.00000	0
195	L	0.00000	0	1.00000	0
196	A	0.00000	0	1.00000	0
197	F	0.00000	0	1.00000	0
198	L	0.00000	0	1.00000	0
199	L	0.00000	0	1.00000	0
200	Y	0.00000	0	1.00000	0
201	G	0.00000	2e-05	0.99998	0
202	P	0.00000	3e-05	0.99997	0
203	A	0.00000	5e-05	0.99995	0
204	I	0.00000	0.00052	0.99948	0
205	I	0.00000	0.01078	0.98922	0
206	F	0.00000	0.03832	0.96168	0
207	W	0.00000	0.39245	0.60755	0
208	E	0.00000	0.98703	0.01297	0
209	T	0.00000	0.99247	0.00753	0
210	I	0.00000	0.99387	0.00613	0
211	V	0.00000	0.99669	0.00331	0
212	G	0.00000	0.99965	0.00035	0
213	Y	0.00000	0.99994	0.00006	0
214	S	0.00000	0.99999	0.00001	0
215	I	0.00000	1	0.00000	0
216	V	0.00000	1	0.00000	0
217	P	0.00000	1	0.00000	0
218	A	0.00000	1	0.00000	0
219	H	0.00000	1	0.00000	0
220	E	0.00000	1	0.00000	0
221	C	0.00000	1	0.00000	0
222	Y	0.00000	1	0.00000	0
223	A	0.00000	0.99999	0.00001	0
224	E	0.00000	0.99998	0.00002	0
225	F	0.00000	0.99638	0.00362	0
226	Y	0.00000	0.99563	0.00437	0
227	F	0.00000	0.99479	0.00521	0
228	T	0.00000	0.99429	0.00571	0
229	W	0.00000	0.902	0.09800	0
230	Y	0.00000	0.87531	0.12469	0
231	F	0.00000	0.39989	0.60011	0
232	L	0.00000	0.37166	0.62834	0
233	L	0.00000	0.36887	0.63113	0
234	S	0.00000	0.0159	0.98410	0
235	A	0.00000	0.01339	0.98661	0
236	S	0.00000	0.01265	0.98735	0
237	T	0.00000	0.01034	0.98966	0
238	F	0.00000	2e-05	0.99998	0
239	E	0.00000	2e-05	0.99998	0
240	F	0.00000	0	1.00000	0
241	F	0.00000	0	1.00000	0
242	T	0.00000	0	1.00000	0
243	P	0.00000	0	1.00000	0
244	F	0.00000	0	1.00000	0
245	V	0.00000	0	1.00000	0
246	S	0.00000	0	1.00000	0
247	V	0.00000	0	1.00000	0
248	A	0.00000	0	1.00000	0
249	F	0.00003	0	0.99997	0
250	F	0.00042	0	0.99958	0
251	N	0.00334	0	0.99666	0
252	L	0.00474	0	0.99526	0
253	S	0.01232	0	0.98768	0
254	I	0.01427	0	0.98573	0
255	Y	0.02748	0	0.97252	0
256	L	0.11607	0	0.88393	0
257	N	0.50089	0	0.49911	0
258	I	0.53905	0	0.46095	0
259	H	0.91616	0	0.08384	0
260	R	0.99916	0	0.00084	0
261	R	0.99994	0	0.00006	0
262	N	0.99999	0	0.00001	0
263	K	1.00000	0	0.00000	0
264	S	1.00000	0	0.00000	0
265	G	1.00000	0	0.00000	0
266	A	1.00000	0	0.00000	0
267	A	1.00000	0	0.00000	0
268	C	1.00000	0	0.00000	0
269	A	1.00000	0	0.00000	0
270	E	1.00000	0	0.00000	0
271	D	1.00000	0	0.00000	0
272	N	1.00000	0	0.00000	0
273	A	1.00000	0	0.00000	0
274	K	1.00000	0	0.00000	0
275	P	1.00000	0	0.00000	0
276	Q	1.00000	0	0.00000	0
277	K	1.00000	0	0.00000	0
278	N	1.00000	0	0.00000	0
279	N	1.00000	0	0.00000	0
280	E	1.00000	0	0.00000	0
281	K	1.00000	0	0.00000	0
282	H	1.00000	0	0.00000	0
283	K	1.00000	0	0.00000	0
284	D	1.00000	0	0.00000	0
285	G	1.00000	0	0.00000	0
286	A	1.00000	0	0.00000	0
287	G	1.00000	0	0.00000	0
288	W	1.00000	0	0.00000	0
289	S	1.00000	0	0.00000	0
290	V	1.00000	0	0.00000	0
291	F	1.00000	0	0.00000	0
292	F	1.00000	0	0.00000	0
293	V	1.00000	0	0.00000	0
294	K	1.00000	0	0.00000	0
295	T	1.00000	0	0.00000	0
296	R	1.00000	0	0.00000	0
297	K	1.00000	0	0.00000	0
298	V	1.00000	0	0.00000	0
299	M	1.00000	0	0.00000	0
300	S	1.00000	0	0.00000	0
301	S	1.00000	0	0.00000	0
302	E	1.00000	0	0.00000	0
303	P	1.00000	0	0.00000	0
304	V	1.00000	0	0.00000	0
305	A	1.00000	0	0.00000	0
306	I	1.00000	0	0.00000	0
307	S	1.00000	0	0.00000	0
308	A	1.00000	0	0.00000	0
309	V	1.00000	0	0.00000	0
310	I	1.00000	0	0.00000	0
311	E	1.00000	0	0.00000	0
312	D	1.00000	0	0.00000	0
313	D	1.00000	0	0.00000	0
314	D	1.00000	0	0.00000	0
315	I	1.00000	0	0.00000	0
316	L	1.00000	0	0.00000	0
317	S	1.00000	0	0.00000	0
318	P	1.00000	0	0.00000	0
319	S	1.00000	0	0.00000	0
320	S	1.00000	0	0.00000	0
321	S	1.00000	0	0.00000	0
322	G	1.00000	0	0.00000	0
323	E	1.00000	0	0.00000	0
324	P	1.00000	0	0.00000	0
325	N	1.00000	0	0.00000	0
326	A	1.00000	0	0.00000	0
327	S	1.00000	0	0.00000	0
328	Q	1.00000	0	0.00000	0
329	I	1.00000	0	0.00000	0
330	L	1.00000	0	0.00000	0
331	M	1.00000	0	0.00000	0
332	Q	1.00000	0	0.00000	0
333	R	1.00000	0	0.00000	0
334	E	1.00000	0	0.00000	0
335	K	1.00000	0	0.00000	0
336	F	1.00000	0	0.00000	0
337	S	1.00000	0	0.00000	0
338	P	1.00000	0	0.00000	0
339	H	1.00000	0	0.00000	0
340	R	1.00000	0	0.00000	0
341	K	1.00000	0	0.00000	0
342	N	1.00000	0	0.00000	0
343	S	1.00000	0	0.00000	0
344	R	1.00000	0	0.00000	0
345	L	1.00000	0	0.00000	0
346	F	1.00000	0	0.00000	0
347	Q	1.00000	0	0.00000	0
348	H	1.00000	0	0.00000	0
349	T	1.00000	0	0.00000	0
350	A	1.00000	0	0.00000	0
351	S	1.00000	0	0.00000	0
352	C	1.00000	0	0.00000	0
353	M	1.00000	0	0.00000	0
354	V	1.00000	0	0.00000	0
355	P	1.00000	0	0.00000	0
356	G	1.00000	0	0.00000	0
357	R	1.00000	0	0.00000	0
358	R	1.00000	0	0.00000	0
359	T	1.00000	0	0.00000	0
360	P	1.00000	0	0.00000	0
361	G	1.00000	0	0.00000	0
362	S	1.00000	0	0.00000	0
363	R	1.00000	0	0.00000	0
364	L	1.00000	0	0.00000	0
365	S	1.00000	0	0.00000	0
366	R	1.00000	0	0.00000	0
367	D	1.00000	0	0.00000	0
368	K	0.80857	0	0.19143	0
369	K	0.80667	0	0.19333	0
370	I	0.58677	0	0.41323	0
371	A	0.58099	0	0.41901	0
372	K	0.57679	0	0.42321	0
373	S	0.40802	0	0.59198	0
374	L	0.00122	0	0.99878	0
375	A	0.00065	0	0.99935	0
376	I	0.00039	0	0.99961	0
377	I	0.00000	0	1.00000	0
378	V	0.00000	0	1.00000	0
379	C	0.00000	0	1.00000	0
380	I	0.00000	0	1.00000	0
381	F	0.00000	0	1.00000	0
382	G	0.00000	0	1.00000	0
383	I	0.00000	0	1.00000	0
384	C	0.00000	0	1.00000	0
385	W	0.00000	0	1.00000	0
386	A	0.00000	0	1.00000	0
387	P	0.00000	0	1.00000	0
388	Y	0.00000	0	1.00000	0
389	T	0.00000	2e-05	0.99998	0
390	L	0.00000	0.00019	0.99981	0
391	L	0.00000	0.00165	0.99835	0
392	M	0.00000	0.0076	0.99240	0
393	I	0.00000	0.09323	0.90677	0
394	I	0.00000	0.19	0.81000	0
395	R	0.00000	0.66485	0.33515	0
396	A	0.00000	0.69992	0.30008	0
397	A	0.00000	0.8066	0.19340	0
398	C	0.00000	0.97482	0.02518	0
399	S	0.00000	0.99296	0.00704	0
400	G	0.00000	0.99995	0.00005	0
401	K	0.00000	1	0.00000	0
402	C	0.00000	1	0.00000	0
403	V	0.00000	1	0.00000	0
404	A	0.00000	1	0.00000	0
405	N	0.00000	0.99997	0.00003	0
406	Y	0.00000	0.99988	0.00012	0
407	W	0.00000	0.99965	0.00035	0
408	Y	0.00000	0.99955	0.00045	0
409	E	0.00000	0.98536	0.01464	0
410	I	0.00000	0.94012	0.05988	0
411	T	0.00000	0.92959	0.07041	0
412	F	0.00000	0.1957	0.80430	0
413	W	0.00000	0.01547	0.98453	0
414	L	0.00000	5e-05	0.99995	0
415	L	0.00000	0	1.00000	0
416	W	0.00000	0	1.00000	0
417	L	0.00000	0	1.00000	0
418	N	0.00000	0	1.00000	0
419	S	0.00000	0	1.00000	0
420	A	0.00000	0	1.00000	0
421	I	0.00000	0	1.00000	0
422	N	0.00000	0	1.00000	0
423	P	0.00000	0	1.00000	0
424	F	0.00000	0	1.00000	0
425	L	0.00000	0	1.00000	0
426	Y	0.00000	0	1.00000	0
427	P	0.00000	0	1.00000	0
428	V	0.00018	0	0.99982	0
429	C	0.00223	0	0.99777	0
430	H	0.01907	0	0.98093	0
431	S	0.15149	0	0.84851	0
432	S	0.25674	0	0.74326	0
433	F	0.44650	0	0.55350	0
434	R	1.00000	0	0.00000	0
435	R	1.00000	0	0.00000	0
436	A	1.00000	0	0.00000	0
437	F	1.00000	0	0.00000	0
438	S	1.00000	0	0.00000	0
439	K	1.00000	0	0.00000	0
440	I	1.00000	0	0.00000	0
441	L	1.00000	0	0.00000	0
442	C	1.00000	0	0.00000	0
443	P	1.00000	0	0.00000	0
444	K	1.00000	0	0.00000	0
445	R	1.00000	0	0.00000	0
446	Q	1.00000	0	0.00000	0
447	S	1.00000	0	0.00000	0
448	V	1.00000	0	0.00000	0
449	Q	1.00000	0	0.00000	0
450	P	1.00000	0	0.00000	0
451	Q	1.00000	0	0.00000	0
452	I	1.00000	0	0.00000	0
453	E	1.00000	0	0.00000	0
454	V	1.00000	0	0.00000	0
455	Q	1.00000	0	0.00000	0
456	S	1.00000	0	0.00000	0
457	C	1.00000	0	0.00000	0
