# UNNAMED
#pos	aa	i	o	M	S
1	M	0.00000	0.99981	0.00000	0.00019
2	G	0.00000	0.99981	0.00000	0.0002
3	A	0.00000	0.99981	0.00000	0.00019
4	H	0.00000	0.99981	0.00000	0.00019
5	I	0.00000	0.99981	0.00000	0.0002
6	L	0.00000	0.99981	0.00000	0.00019
7	E	0.00000	0.99981	0.00000	0.00019
8	S	0.00000	0.99981	0.00000	0.00019
9	N	0.00000	0.99981	0.00000	0.00019
10	S	0.00000	0.99981	0.00000	0.0002
11	S	0.00000	0.99981	0.00000	0.0002
12	A	0.00000	0.99981	0.00000	0.00019
13	N	0.00000	0.99981	0.00000	0.00019
14	L	0.00000	0.99981	0.00000	0.00019
15	T	0.00000	0.99981	0.00000	0.0002
16	P	0.00000	0.99981	0.00000	0.00019
17	A	0.00000	0.99981	0.00000	0.00019
18	V	0.00000	0.99985	0.00000	0.00015
19	S	0.00000	0.99985	0.00000	0.00015
20	E	0.00000	0.99985	0.00000	0.00015
21	A	0.00000	0.99999	0.00001	1e-05
22	G	0.00000	0.99983	0.00016	0
23	I	0.00000	0.9994	0.00060	0
24	V	0.00000	0.99342	0.00658	0
25	L	0.00000	0.99009	0.00991	0
26	P	0.00000	0.98494	0.01506	0
27	G	0.00000	0.9448	0.05520	0
28	Y	0.00000	0.61693	0.38307	0
29	L	0.00000	0.29936	0.70064	0
30	V	0.00000	0.15529	0.84471	0
31	V	0.00000	0.05721	0.94279	0
32	I	0.00000	0.02082	0.97918	0
33	F	0.00000	0.01656	0.98344	0
34	S	0.00000	0.01501	0.98499	0
35	V	0.00000	0.00537	0.99463	0
36	L	0.00000	0.00344	0.99656	0
37	M	0.00000	0.00261	0.99739	0
38	V	0.00000	0.00023	0.99977	0
39	T	0.00000	1e-05	0.99999	0
40	L	0.00000	0	1.00000	0
41	V	0.00000	0	1.00000	0
42	I	0.00000	0	1.00000	0
43	V	0.00000	0	1.00000	0
44	V	0.00000	0	1.00000	0
45	V	0.00000	0	1.00000	0
46	A	0.00000	0	1.00000	0
47	G	0.00000	0	1.00000	0
48	N	0.00000	0	1.00000	0
49	A	0.00000	0	1.00000	0
50	L	0.00000	0	1.00000	0
51	V	0.00000	0	1.00000	0
52	I	0.00001	0	0.99999	0
53	M	0.00093	0	0.99907	0
54	A	0.00690	0	0.99310	0
55	F	0.02022	0	0.97978	0
56	I	0.10308	0	0.89692	0
57	V	0.54356	0	0.45644	0
58	D	0.99854	0	0.00146	0
59	K	0.99998	0	0.00002	0
60	T	1.00000	0	0.00000	0
61	L	1.00000	0	0.00000	0
62	R	1.00000	0	0.00000	0
63	N	0.99996	0	0.00004	0
64	Q	0.99977	0	0.00023	0
65	S	0.99538	0	0.00462	0
66	N	0.90888	0	0.09112	0
67	Y	0.36682	0	0.63318	0
68	F	0.00480	0	0.99520	0
69	F	0.00052	0	0.99948	0
70	L	0.00000	0	1.00000	0
71	N	0.00000	0	1.00000	0
72	L	0.00000	0	1.00000	0
73	A	0.00000	0	1.00000	0
74	I	0.00000	0	1.00000	0
75	S	0.00000	0	1.00000	0
76	D	0.00000	0	1.00000	0
77	F	0.00000	0	1.00000	0
78	L	0.00000	0	1.00000	0
79	V	0.00000	0	1.00000	0
80	G	0.00000	0	1.00000	0
81	A	0.00000	0	1.00000	0
82	F	0.00000	0	1.00000	0
83	C	0.00000	0	1.00000	0
84	I	0.00000	0	1.00000	0
85	P	0.00000	1e-05	0.99999	0
86	V	0.00000	4e-05	0.99996	0
87	Y	0.00000	0.00053	0.99947	0
88	I	0.00000	0.00078	0.99922	0
89	P	0.00000	0.46669	0.53331	0
90	Y	0.00000	0.99983	0.00017	0
91	N	0.00000	0.99998	0.00002	0
92	L	0.00000	0.99999	0.00001	0
93	T	0.00000	1	0.00000	0
94	G	0.00000	1	0.00000	0
95	R	0.00000	1	0.00000	0
96	W	0.00000	1	0.00000	0
97	M	0.00000	1	0.00000	0
98	L	0.00000	1	0.00000	0
99	G	0.00000	1	0.00000	0
100	K	0.00000	1	0.00000	0
101	G	0.00000	1	0.00000	0
102	L	0.00000	1	0.00000	0
103	C	0.00000	1	0.00000	0
104	K	0.00000	1	0.00000	0
105	V	0.00000	0.99965	0.00035	0
106	W	0.00000	0.95127	0.04873	0
107	L	0.00000	0.27006	0.72994	0
108	V	0.00000	0.04629	0.95371	0
109	M	0.00000	0.00062	0.99938	0
110	D	0.00000	0.00016	0.99984	0
111	Y	0.00000	1e-05	0.99999	0
112	L	0.00000	0	1.00000	0
113	L	0.00000	0	1.00000	0
114	C	0.00000	0	1.00000	0
115	S	0.00000	0	1.00000	0
116	A	0.00000	0	1.00000	0
117	S	0.00000	0	1.00000	0
118	V	0.00000	0	1.00000	0
119	F	0.00000	0	1.00000	0
120	N	0.00000	0	1.00000	0
121	I	0.00000	0	1.00000	0
122	V	0.00000	0	1.00000	0
123	L	0.00000	0	1.00000	0
124	I	0.00000	0	1.00000	0
125	S	0.00000	0	1.00000	0
126	Y	0.00000	0	1.00000	0
127	D	0.00001	0	0.99999	0
128	R	0.00278	0	0.99722	0
129	F	0.02333	0	0.97667	0
130	L	0.10366	0	0.89634	0
131	S	0.84417	0	0.15583	0
132	V	0.99997	0	0.00003	0
133	T	1.00000	0	0.00000	0
134	R	1.00000	0	0.00000	0
135	A	1.00000	0	0.00000	0
136	V	1.00000	0	0.00000	0
137	K	1.00000	0	0.00000	0
138	Y	1.00000	0	0.00000	0
139	R	1.00000	0	0.00000	0
140	A	1.00000	0	0.00000	0
141	Q	1.00000	0	0.00000	0
142	R	1.00000	0	0.00000	0
143	N	1.00000	0	0.00000	0
144	I	0.99997	0	0.00003	0
145	T	0.99997	0	0.00003	0
146	R	0.99994	0	0.00006	0
147	Q	0.97975	0	0.02025	0
148	A	0.56316	0	0.43684	0
149	V	0.13269	0	0.86731	0
150	L	0.03552	0	0.96448	0
151	K	0.03057	0	0.96943	0
152	M	0.00893	0	0.99107	0
153	V	0.00037	0	0.99963	0
154	A	0.00004	0	0.99996	0
155	V	0.00000	0	1.00000	0
156	W	0.00000	0	1.00000	0
157	L	0.00000	0	1.00000	0
158	L	0.00000	0	1.00000	0
159	A	0.00000	0	1.00000	0
160	F	0.00000	0	1.00000	0
161	L	0.00000	0	1.00000	0
162	L	0.00000	0	1.00000	0
163	Y	0.00000	0	1.00000	0
164	G	0.00000	1e-05	0.99999	0
165	P	0.00000	2e-05	0.99998	0
166	A	0.00000	3e-05	0.99997	0
167	I	0.00000	0.00043	0.99957	0
168	I	0.00000	0.00961	0.99039	0
169	F	0.00000	0.03451	0.96549	0
170	W	0.00000	0.36255	0.63745	0
171	E	0.00000	0.9536	0.04640	0
172	A	0.00000	0.95972	0.04028	0
173	I	0.00000	0.9675	0.03250	0
174	V	0.00000	0.98299	0.01701	0
175	G	0.00000	0.9985	0.00150	0
176	Q	0.00000	0.99996	0.00004	0
177	S	0.00000	1	0.00000	0
178	V	0.00000	1	0.00000	0
179	V	0.00000	1	0.00000	0
180	P	0.00000	1	0.00000	0
181	A	0.00000	1	0.00000	0
182	H	0.00000	1	0.00000	0
183	E	0.00000	1	0.00000	0
184	C	0.00000	1	0.00000	0
185	Y	0.00000	1	0.00000	0
186	A	0.00000	0.99999	0.00001	0
187	E	0.00000	0.99998	0.00002	0
188	F	0.00000	0.99618	0.00382	0
189	Y	0.00000	0.9954	0.00460	0
190	F	0.00000	0.99453	0.00547	0
191	T	0.00000	0.99402	0.00598	0
192	W	0.00000	0.90099	0.09901	0
193	Y	0.00000	0.87418	0.12582	0
194	F	0.00000	0.39725	0.60275	0
195	L	0.00000	0.36901	0.63099	0
196	L	0.00000	0.36623	0.63377	0
197	S	0.00000	0.01572	0.98428	0
198	A	0.00000	0.01324	0.98676	0
199	S	0.00000	0.01251	0.98749	0
200	T	0.00000	0.01022	0.98978	0
201	F	0.00000	2e-05	0.99998	0
202	E	0.00000	1e-05	0.99999	0
203	F	0.00000	0	1.00000	0
204	F	0.00000	0	1.00000	0
205	T	0.00000	0	1.00000	0
206	P	0.00000	0	1.00000	0
207	F	0.00000	0	1.00000	0
208	V	0.00000	0	1.00000	0
209	S	0.00000	0	1.00000	0
210	V	0.00000	0	1.00000	0
211	A	0.00000	0	1.00000	0
212	F	0.00004	0	0.99996	0
213	F	0.00045	0	0.99955	0
214	N	0.00359	0	0.99641	0
215	L	0.00508	0	0.99492	0
216	S	0.01310	0	0.98690	0
217	I	0.01514	0	0.98486	0
218	Y	0.02882	0	0.97118	0
219	L	0.11944	0	0.88056	0
220	N	0.50824	0	0.49176	0
221	I	0.54635	0	0.45365	0
222	H	0.91833	0	0.08167	0
223	R	0.99919	0	0.00081	0
224	R	0.99994	0	0.00006	0
225	N	0.99999	0	0.00001	0
226	K	1.00000	0	0.00000	0
227	S	1.00000	0	0.00000	0
228	G	1.00000	0	0.00000	0
229	N	1.00000	0	0.00000	0
230	G	1.00000	0	0.00000	0
231	G	1.00000	0	0.00000	0
232	A	1.00000	0	0.00000	0
233	E	1.00000	0	0.00000	0
234	D	1.00000	0	0.00000	0
235	E	1.00000	0	0.00000	0
236	A	1.00000	0	0.00000	0
237	K	1.00000	0	0.00000	0
238	P	1.00000	0	0.00000	0
239	Q	1.00000	0	0.00000	0
240	R	1.00000	0	0.00000	0
241	K	1.00000	0	0.00000	0
242	P	1.00000	0	0.00000	0
243	K	1.00000	0	0.00000	0
244	K	1.00000	0	0.00000	0
245	H	1.00000	0	0.00000	0
246	R	1.00000	0	0.00000	0
247	D	1.00000	0	0.00000	0
248	G	1.00000	0	0.00000	0
249	A	1.00000	0	0.00000	0
250	G	1.00000	0	0.00000	0
251	A	1.00000	0	0.00000	0
252	W	1.00000	0	0.00000	0
253	S	1.00000	0	0.00000	0
254	V	1.00000	0	0.00000	0
255	F	1.00000	0	0.00000	0
256	F	1.00000	0	0.00000	0
257	V	1.00000	0	0.00000	0
258	K	1.00000	0	0.00000	0
259	T	1.00000	0	0.00000	0
260	R	1.00000	0	0.00000	0
261	K	1.00000	0	0.00000	0
262	V	1.00000	0	0.00000	0
263	T	1.00000	0	0.00000	0
264	S	1.00000	0	0.00000	0
265	S	1.00000	0	0.00000	0
266	E	1.00000	0	0.00000	0
267	P	1.00000	0	0.00000	0
268	A	1.00000	0	0.00000	0
269	A	1.00000	0	0.00000	0
270	I	1.00000	0	0.00000	0
271	S	1.00000	0	0.00000	0
272	A	1.00000	0	0.00000	0
273	V	1.00000	0	0.00000	0
274	I	1.00000	0	0.00000	0
275	E	1.00000	0	0.00000	0
276	D	1.00000	0	0.00000	0
277	D	1.00000	0	0.00000	0
278	D	1.00000	0	0.00000	0
279	I	1.00000	0	0.00000	0
280	L	1.00000	0	0.00000	0
281	S	1.00000	0	0.00000	0
282	P	1.00000	0	0.00000	0
283	S	1.00000	0	0.00000	0
284	S	1.00000	0	0.00000	0
285	T	1.00000	0	0.00000	0
286	P	1.00000	0	0.00000	0
287	G	1.00000	0	0.00000	0
288	S	1.00000	0	0.00000	0
289	R	1.00000	0	0.00000	0
290	L	1.00000	0	0.00000	0
291	S	1.00000	0	0.00000	0
292	R	1.00000	0	0.00000	0
293	D	1.00000	0	0.00000	0
294	K	0.81896	0	0.18104	0
295	K	0.81714	0	0.18286	0
296	I	0.60248	0	0.39752	0
297	A	0.59675	0	0.40325	0
298	K	0.59253	0	0.40747	0
299	S	0.42052	0	0.57948	0
300	L	0.00126	0	0.99874	0
301	A	0.00067	0	0.99933	0
302	I	0.00040	0	0.99960	0
303	I	0.00000	0	1.00000	0
304	V	0.00000	0	1.00000	0
305	C	0.00000	0	1.00000	0
306	I	0.00000	0	1.00000	0
307	F	0.00000	0	1.00000	0
308	G	0.00000	0	1.00000	0
309	I	0.00000	0	1.00000	0
310	C	0.00000	0	1.00000	0
311	W	0.00000	0	1.00000	0
312	A	0.00000	0	1.00000	0
313	P	0.00000	0	1.00000	0
314	Y	0.00000	0	1.00000	0
315	T	0.00000	1e-05	0.99999	0
316	L	0.00000	0.00018	0.99982	0
317	L	0.00000	0.00156	0.99844	0
318	M	0.00000	0.00724	0.99276	0
319	I	0.00000	0.08947	0.91053	0
320	I	0.00000	0.18378	0.81622	0
321	R	0.00000	0.65817	0.34183	0
322	A	0.00000	0.69385	0.30615	0
323	A	0.00000	0.80331	0.19669	0
324	C	0.00000	0.97661	0.02339	0
325	G	0.00000	0.99533	0.00467	0
326	G	0.00000	0.99997	0.00003	0
327	E	0.00000	1	0.00000	0
328	C	0.00000	1	0.00000	0
329	V	0.00000	1	0.00000	0
330	A	0.00000	1	0.00000	0
331	H	0.00000	0.99998	0.00002	0
332	Y	0.00000	0.99988	0.00012	0
333	W	0.00000	0.99966	0.00034	0
334	Y	0.00000	0.99957	0.00043	0
335	E	0.00000	0.98652	0.01348	0
336	I	0.00000	0.94475	0.05525	0
337	T	0.00000	0.9348	0.06520	0
338	F	0.00000	0.20352	0.79648	0
339	W	0.00000	0.01637	0.98363	0
340	L	0.00000	5e-05	0.99995	0
341	L	0.00000	0	1.00000	0
342	W	0.00000	0	1.00000	0
343	L	0.00000	0	1.00000	0
344	N	0.00000	0	1.00000	0
345	S	0.00000	0	1.00000	0
346	A	0.00000	0	1.00000	0
347	I	0.00000	0	1.00000	0
348	N	0.00000	0	1.00000	0
349	P	0.00000	0	1.00000	0
350	F	0.00000	0	1.00000	0
351	L	0.00000	0	1.00000	0
352	Y	0.00000	0	1.00000	0
353	P	0.00001	0	0.99999	0
354	L	0.00022	0	0.99978	0
355	C	0.00210	0	0.99790	0
356	H	0.01752	0	0.98248	0
357	S	0.13877	0	0.86123	0
358	S	0.23515	0	0.76485	0
359	F	0.40893	0	0.59107	0
360	R	1.00000	0	0.00000	0
361	R	1.00000	0	0.00000	0
362	A	1.00000	0	0.00000	0
363	F	1.00000	0	0.00000	0
364	S	1.00000	0	0.00000	0
365	K	1.00000	0	0.00000	0
366	I	1.00000	0	0.00000	0
367	L	1.00000	0	0.00000	0
368	C	1.00000	0	0.00000	0
369	P	1.00000	0	0.00000	0
370	K	1.00000	0	0.00000	0
371	R	1.00000	0	0.00000	0
372	Q	1.00000	0	0.00000	0
373	S	1.00000	0	0.00000	0
374	V	1.00000	0	0.00000	0
375	Q	1.00000	0	0.00000	0
376	P	1.00000	0	0.00000	0
377	Q	1.00000	0	0.00000	0
378	I	1.00000	0	0.00000	0
379	E	1.00000	0	0.00000	0
380	V	1.00000	0	0.00000	0
381	Q	1.00000	0	0.00000	0
382	S	1.00000	0	0.00000	0
383	C	1.00000	0	0.00000	0
