# UNNAMED
#pos	aa	i	o	M	S
1	M	0.00000	1	0.00000	0
2	D	0.00000	1	0.00000	0
3	V	0.00000	1	0.00000	0
4	L	0.00000	1	0.00000	0
5	S	0.00000	1	0.00000	0
6	P	0.00000	1	0.00000	0
7	G	0.00000	1	0.00000	0
8	P	0.00000	1	0.00000	0
9	G	0.00000	1	0.00000	0
10	N	0.00000	1	0.00000	0
11	N	0.00000	1	0.00000	0
12	T	0.00000	1	0.00000	0
13	T	0.00000	1	0.00000	0
14	L	0.00000	1	0.00000	0
15	S	0.00000	1	0.00000	0
16	E	0.00000	1	0.00000	0
17	G	0.00000	1	0.00000	0
18	P	0.00000	1	0.00000	0
19	F	0.00000	1	0.00000	0
20	G	0.00000	1	0.00000	0
21	T	0.00000	1	0.00000	0
22	R	0.00000	1	0.00000	0
23	G	0.00000	1	0.00000	0
24	N	0.00000	1	0.00000	0
25	A	0.00000	1	0.00000	0
26	T	0.00000	1	0.00000	0
27	V	0.00000	1	0.00000	0
28	I	0.00000	1	0.00000	0
29	S	0.00000	1	0.00000	0
30	D	0.00000	1	0.00000	0
31	V	0.00000	0.98568	0.01432	0
32	T	0.00000	0.96138	0.03862	0
33	F	0.00000	0.91502	0.08498	0
34	G	0.00000	0.86618	0.13382	0
35	Y	0.00000	0.56674	0.43326	0
36	Q	0.00000	0.50713	0.49287	0
37	V	0.00000	0.18401	0.81599	0
38	I	0.00000	0.07307	0.92693	0
39	T	0.00000	0.05913	0.94087	0
40	S	0.00000	0.05354	0.94646	0
41	L	0.00000	0.02145	0.97855	0
42	L	0.00000	0.01124	0.98876	0
43	L	0.00000	0.00354	0.99646	0
44	G	0.00000	0.0002	0.99980	0
45	T	0.00000	1e-05	0.99999	0
46	L	0.00000	0	1.00000	0
47	I	0.00000	0	1.00000	0
48	F	0.00000	0	1.00000	0
49	C	0.00000	0	1.00000	0
50	A	0.00000	0	1.00000	0
51	V	0.00000	0	1.00000	0
52	L	0.00000	0	1.00000	0
53	G	0.00000	0	1.00000	0
54	N	0.00000	0	1.00000	0
55	A	0.00000	0	1.00000	0
56	C	0.00001	0	0.99999	0
57	V	0.00004	0	0.99996	0
58	V	0.00023	0	0.99977	0
59	A	0.00397	0	0.99603	0
60	A	0.03609	0	0.96391	0
61	I	0.09231	0	0.90769	0
62	A	0.43864	0	0.56136	0
63	L	0.68517	0	0.31483	0
64	E	0.99430	0	0.00570	0
65	R	0.99991	0	0.00009	0
66	S	0.99999	0	0.00001	0
67	L	0.99998	0	0.00002	0
68	Q	0.99989	0	0.00011	0
69	N	0.99129	0	0.00871	0
70	V	0.95820	0	0.04180	0
71	A	0.76661	0	0.23339	0
72	N	0.21948	0	0.78052	0
73	Y	0.08481	0	0.91519	0
74	L	0.00135	0	0.99865	0
75	I	0.00003	0	0.99997	0
76	G	0.00001	0	0.99999	0
77	S	0.00000	0	1.00000	0
78	L	0.00000	0	1.00000	0
79	A	0.00000	0	1.00000	0
80	V	0.00000	0	1.00000	0
81	T	0.00000	0	1.00000	0
82	D	0.00000	0	1.00000	0
83	L	0.00000	0	1.00000	0
84	M	0.00000	0	1.00000	0
85	V	0.00000	0	1.00000	0
86	S	0.00000	0	1.00000	0
87	V	0.00000	0	1.00000	0
88	L	0.00000	0	1.00000	0
89	V	0.00000	1e-05	0.99999	0
90	L	0.00000	0.00012	0.99988	0
91	P	0.00000	0.00088	0.99912	0
92	M	0.00000	0.01498	0.98502	0
93	A	0.00000	0.09497	0.90503	0
94	A	0.00000	0.27635	0.72365	0
95	L	0.00000	0.43852	0.56148	0
96	Y	0.00000	0.99967	0.00033	0
97	Q	0.00000	0.9998	0.00020	0
98	V	0.00000	0.99982	0.00018	0
99	L	0.00000	0.99987	0.00013	0
100	N	0.00000	0.99999	0.00001	0
101	K	0.00000	1	0.00000	0
102	W	0.00000	1	0.00000	0
103	T	0.00000	1	0.00000	0
104	L	0.00000	1	0.00000	0
105	G	0.00000	1	0.00000	0
106	Q	0.00000	1	0.00000	0
107	V	0.00000	1	0.00000	0
108	T	0.00000	0.99999	0.00001	0
109	C	0.00000	0.99988	0.00012	0
110	D	0.00000	0.99865	0.00135	0
111	L	0.00000	0.9916	0.00840	0
112	F	0.00000	0.32526	0.67474	0
113	I	0.00000	0.03645	0.96355	0
114	A	0.00000	0.00071	0.99929	0
115	L	0.00000	1e-05	0.99999	0
116	D	0.00000	0	1.00000	0
117	V	0.00000	0	1.00000	0
118	L	0.00000	0	1.00000	0
119	C	0.00000	0	1.00000	0
120	C	0.00000	0	1.00000	0
121	T	0.00000	0	1.00000	0
122	S	0.00000	0	1.00000	0
123	S	0.00000	0	1.00000	0
124	I	0.00000	0	1.00000	0
125	L	0.00000	0	1.00000	0
126	H	0.00000	0	1.00000	0
127	L	0.00000	0	1.00000	0
128	C	0.00000	0	1.00000	0
129	A	0.00000	0	1.00000	0
130	I	0.00000	0	1.00000	0
131	A	0.00000	0	1.00000	0
132	L	0.00001	0	0.99999	0
133	D	0.00009	0	0.99991	0
134	R	0.14637	0	0.85363	0
135	Y	0.91052	0	0.08948	0
136	W	0.96181	0	0.03819	0
137	A	0.98321	0	0.01679	0
138	I	1.00000	0	0.00000	0
139	T	1.00000	0	0.00000	0
140	D	1.00000	0	0.00000	0
141	P	1.00000	0	0.00000	0
142	I	1.00000	0	0.00000	0
143	D	1.00000	0	0.00000	0
144	Y	1.00000	0	0.00000	0
145	V	1.00000	0	0.00000	0
146	N	1.00000	0	0.00000	0
147	K	1.00000	0	0.00000	0
148	R	1.00000	0	0.00000	0
149	T	1.00000	0	0.00000	0
150	P	0.99999	0	0.00001	0
151	R	0.99902	0	0.00098	0
152	R	0.94834	0	0.05166	0
153	A	0.05074	0	0.94926	0
154	A	0.00782	0	0.99218	0
155	A	0.00060	0	0.99940	0
156	L	0.00000	0	1.00000	0
157	I	0.00000	0	1.00000	0
158	S	0.00000	0	1.00000	0
159	L	0.00000	0	1.00000	0
160	T	0.00000	0	1.00000	0
161	W	0.00000	0	1.00000	0
162	L	0.00000	0	1.00000	0
163	I	0.00000	0	1.00000	0
164	G	0.00000	0	1.00000	0
165	F	0.00000	0	1.00000	0
166	L	0.00000	0	1.00000	0
167	I	0.00000	0	1.00000	0
168	S	0.00000	0	1.00000	0
169	I	0.00000	0	1.00000	0
170	P	0.00000	2e-05	0.99998	0
171	P	0.00000	0.00018	0.99982	0
172	M	0.00000	0.00105	0.99895	0
173	L	0.00000	0.04179	0.95821	0
174	G	0.00000	0.61218	0.38782	0
175	W	0.00000	0.79033	0.20967	0
176	R	0.00000	0.99296	0.00704	0
177	T	0.00000	0.99952	0.00048	0
178	P	0.00000	0.99998	0.00002	0
179	E	0.00000	1	0.00000	0
180	D	0.00000	1	0.00000	0
181	R	0.00000	1	0.00000	0
182	S	0.00000	1	0.00000	0
183	D	0.00000	1	0.00000	0
184	P	0.00000	1	0.00000	0
185	D	0.00000	1	0.00000	0
186	A	0.00000	1	0.00000	0
187	C	0.00000	1	0.00000	0
188	T	0.00000	1	0.00000	0
189	I	0.00000	1	0.00000	0
190	S	0.00000	1	0.00000	0
191	K	0.00000	1	0.00000	0
192	D	0.00000	1	0.00000	0
193	H	0.00000	0.99366	0.00634	0
194	G	0.00000	0.84605	0.15395	0
195	Y	0.00000	0.75026	0.24974	0
196	T	0.00000	0.72526	0.27474	0
197	I	0.00000	0.0067	0.99330	0
198	Y	0.00000	0.0024	0.99760	0
199	S	0.00000	0.00196	0.99804	0
200	T	0.00000	0.00036	0.99964	0
201	F	0.00000	0.00023	0.99977	0
202	G	0.00000	0	1.00000	0
203	A	0.00000	0	1.00000	0
204	F	0.00000	0	1.00000	0
205	Y	0.00000	0	1.00000	0
206	I	0.00000	0	1.00000	0
207	P	0.00000	0	1.00000	0
208	L	0.00000	0	1.00000	0
209	L	0.00000	0	1.00000	0
210	L	0.00000	0	1.00000	0
211	M	0.00000	0	1.00000	0
212	L	0.00000	0	1.00000	0
213	V	0.00000	0	1.00000	0
214	L	0.00000	0	1.00000	0
215	Y	0.00025	0	0.99975	0
216	G	0.01296	0	0.98704	0
217	R	0.04503	0	0.95497	0
218	I	0.04938	0	0.95062	0
219	F	0.09468	0	0.90532	0
220	R	0.94449	0	0.05551	0
221	A	0.96080	0	0.03920	0
222	A	0.99920	0	0.00080	0
223	R	0.99966	0	0.00034	0
224	F	0.99968	0	0.00032	0
225	R	1.00000	0	0.00000	0
226	I	1.00000	0	0.00000	0
227	R	1.00000	0	0.00000	0
228	K	1.00000	0	0.00000	0
229	T	1.00000	0	0.00000	0
230	V	1.00000	0	0.00000	0
231	K	1.00000	0	0.00000	0
232	K	1.00000	0	0.00000	0
233	V	1.00000	0	0.00000	0
234	E	1.00000	0	0.00000	0
235	K	1.00000	0	0.00000	0
236	K	1.00000	0	0.00000	0
237	G	1.00000	0	0.00000	0
238	A	1.00000	0	0.00000	0
239	D	1.00000	0	0.00000	0
240	T	1.00000	0	0.00000	0
241	R	1.00000	0	0.00000	0
242	F	1.00000	0	0.00000	0
243	G	1.00000	0	0.00000	0
244	V	1.00000	0	0.00000	0
245	S	1.00000	0	0.00000	0
246	P	1.00000	0	0.00000	0
247	A	1.00000	0	0.00000	0
248	R	1.00000	0	0.00000	0
249	Q	1.00000	0	0.00000	0
250	P	1.00000	0	0.00000	0
251	K	1.00000	0	0.00000	0
252	K	1.00000	0	0.00000	0
253	S	1.00000	0	0.00000	0
254	V	1.00000	0	0.00000	0
255	N	1.00000	0	0.00000	0
256	G	1.00000	0	0.00000	0
257	E	1.00000	0	0.00000	0
258	P	1.00000	0	0.00000	0
259	G	1.00000	0	0.00000	0
260	S	1.00000	0	0.00000	0
261	R	1.00000	0	0.00000	0
262	E	1.00000	0	0.00000	0
263	W	1.00000	0	0.00000	0
264	R	1.00000	0	0.00000	0
265	Q	1.00000	0	0.00000	0
266	G	1.00000	0	0.00000	0
267	V	1.00000	0	0.00000	0
268	N	1.00000	0	0.00000	0
269	K	1.00000	0	0.00000	0
270	A	1.00000	0	0.00000	0
271	G	1.00000	0	0.00000	0
272	G	1.00000	0	0.00000	0
273	A	1.00000	0	0.00000	0
274	P	1.00000	0	0.00000	0
275	C	1.00000	0	0.00000	0
276	T	1.00000	0	0.00000	0
277	N	1.00000	0	0.00000	0
278	G	1.00000	0	0.00000	0
279	A	1.00000	0	0.00000	0
280	V	1.00000	0	0.00000	0
281	R	1.00000	0	0.00000	0
282	Q	1.00000	0	0.00000	0
283	G	1.00000	0	0.00000	0
284	D	1.00000	0	0.00000	0
285	D	1.00000	0	0.00000	0
286	G	1.00000	0	0.00000	0
287	A	1.00000	0	0.00000	0
288	A	1.00000	0	0.00000	0
289	L	1.00000	0	0.00000	0
290	E	1.00000	0	0.00000	0
291	V	1.00000	0	0.00000	0
292	I	1.00000	0	0.00000	0
293	E	1.00000	0	0.00000	0
294	V	1.00000	0	0.00000	0
295	H	1.00000	0	0.00000	0
296	R	1.00000	0	0.00000	0
297	V	1.00000	0	0.00000	0
298	G	1.00000	0	0.00000	0
299	N	1.00000	0	0.00000	0
300	S	1.00000	0	0.00000	0
301	K	1.00000	0	0.00000	0
302	E	1.00000	0	0.00000	0
303	H	1.00000	0	0.00000	0
304	L	1.00000	0	0.00000	0
305	P	1.00000	0	0.00000	0
306	L	1.00000	0	0.00000	0
307	P	1.00000	0	0.00000	0
308	S	1.00000	0	0.00000	0
309	E	1.00000	0	0.00000	0
310	A	1.00000	0	0.00000	0
311	S	1.00000	0	0.00000	0
312	S	1.00000	0	0.00000	0
313	I	1.00000	0	0.00000	0
314	P	1.00000	0	0.00000	0
315	C	1.00000	0	0.00000	0
316	A	1.00000	0	0.00000	0
317	P	1.00000	0	0.00000	0
318	A	1.00000	0	0.00000	0
319	S	1.00000	0	0.00000	0
320	F	1.00000	0	0.00000	0
321	E	1.00000	0	0.00000	0
322	K	1.00000	0	0.00000	0
323	K	1.00000	0	0.00000	0
324	N	1.00000	0	0.00000	0
325	E	1.00000	0	0.00000	0
326	R	1.00000	0	0.00000	0
327	N	1.00000	0	0.00000	0
328	A	1.00000	0	0.00000	0
329	E	1.00000	0	0.00000	0
330	A	1.00000	0	0.00000	0
331	K	1.00000	0	0.00000	0
332	R	1.00000	0	0.00000	0
333	K	1.00000	0	0.00000	0
334	M	1.00000	0	0.00000	0
335	A	1.00000	0	0.00000	0
336	L	1.00000	0	0.00000	0
337	A	1.00000	0	0.00000	0
338	R	1.00000	0	0.00000	0
339	E	1.00000	0	0.00000	0
340	R	0.99685	0	0.00315	0
341	K	0.99648	0	0.00352	0
342	T	0.71261	0	0.28739	0
343	V	0.70974	0	0.29026	0
344	K	0.70846	0	0.29154	0
345	T	0.59445	0	0.40555	0
346	L	0.01079	0	0.98921	0
347	G	0.00075	0	0.99925	0
348	I	0.00002	0	0.99998	0
349	I	0.00000	0	1.00000	0
350	M	0.00000	0	1.00000	0
351	G	0.00000	0	1.00000	0
352	T	0.00000	0	1.00000	0
353	F	0.00000	0	1.00000	0
354	I	0.00000	0	1.00000	0
355	L	0.00000	0	1.00000	0
356	C	0.00000	0	1.00000	0
357	W	0.00000	0	1.00000	0
358	L	0.00000	0	1.00000	0
359	P	0.00000	0	1.00000	0
360	F	0.00000	0	1.00000	0
361	F	0.00000	0	1.00000	0
362	I	0.00000	1e-05	0.99999	0
363	V	0.00000	8e-05	0.99992	0
364	A	0.00000	0.00054	0.99946	0
365	L	0.00000	0.0044	0.99560	0
366	V	0.00000	0.02397	0.97603	0
367	L	0.00000	0.07811	0.92189	0
368	P	0.00000	0.40363	0.59637	0
369	F	0.00000	0.53988	0.46012	0
370	C	0.00000	0.96136	0.03864	0
371	E	0.00000	0.99861	0.00139	0
372	S	0.00000	0.99956	0.00044	0
373	S	0.00000	0.99982	0.00018	0
374	C	0.00000	0.99996	0.00004	0
375	H	0.00000	0.99979	0.00021	0
376	M	0.00000	0.99668	0.00332	0
377	P	0.00000	0.99656	0.00344	0
378	T	0.00000	0.99459	0.00541	0
379	L	0.00000	0.98801	0.01199	0
380	L	0.00000	0.98533	0.01467	0
381	G	0.00000	0.98476	0.01524	0
382	A	0.00000	0.33384	0.66616	0
383	I	0.00000	0.00306	0.99694	0
384	I	0.00000	0.00012	0.99988	0
385	N	0.00000	0	1.00000	0
386	W	0.00000	0	1.00000	0
387	L	0.00000	0	1.00000	0
388	G	0.00000	0	1.00000	0
389	Y	0.00000	0	1.00000	0
390	S	0.00000	0	1.00000	0
391	N	0.00000	0	1.00000	0
392	S	0.00000	0	1.00000	0
393	L	0.00000	0	1.00000	0
394	L	0.00000	0	1.00000	0
395	N	0.00000	0	1.00000	0
396	P	0.00000	0	1.00000	0
397	V	0.00000	0	1.00000	0
398	I	0.00001	0	0.99999	0
399	Y	0.00006	0	0.99994	0
400	A	0.00013	0	0.99987	0
401	Y	0.00044	0	0.99956	0
402	F	0.03045	0	0.96955	0
403	N	0.53391	0	0.46609	0
404	K	1.00000	0	0.00000	0
405	D	1.00000	0	0.00000	0
406	F	1.00000	0	0.00000	0
407	Q	1.00000	0	0.00000	0
408	N	1.00000	0	0.00000	0
409	A	1.00000	0	0.00000	0
410	F	1.00000	0	0.00000	0
411	K	1.00000	0	0.00000	0
412	K	1.00000	0	0.00000	0
413	I	1.00000	0	0.00000	0
414	I	1.00000	0	0.00000	0
415	K	1.00000	0	0.00000	0
416	C	1.00000	0	0.00000	0
417	K	1.00000	0	0.00000	0
418	F	1.00000	0	0.00000	0
419	C	1.00000	0	0.00000	0
420	R	1.00000	0	0.00000	0
421	R	1.00000	0	0.00000	0
422	R	1.00000	0	0.00000	0
