# UNNAMED
#pos	aa	i	o	M	S
1	M	0.00000	0.99998	0.00000	2e-05
2	N	0.00000	0.99998	0.00000	2e-05
3	P	0.00000	0.99998	0.00000	2e-05
4	L	0.00000	0.99998	0.00000	2e-05
5	L	0.00000	0.99998	0.00000	2e-05
6	D	0.00000	0.99998	0.00000	2e-05
7	V	0.00000	0.99998	0.00000	2e-05
8	N	0.00000	0.99998	0.00000	2e-05
9	H	0.00000	0.99998	0.00000	2e-05
10	N	0.00000	0.99998	0.00000	1e-05
11	I	0.00000	0.99998	0.00000	2e-05
12	S	0.00000	0.99998	0.00000	2e-05
13	V	0.00000	0.99998	0.00000	2e-05
14	P	0.00000	0.99998	0.00000	2e-05
15	A	0.00000	0.99998	0.00000	2e-05
16	Y	0.00000	0.99998	0.00000	2e-05
17	W	0.00000	0.99998	0.00000	2e-05
18	E	0.00000	0.99998	0.00000	2e-05
19	E	0.00000	0.99998	0.00000	2e-05
20	P	0.00000	0.99998	0.00000	2e-05
21	T	0.00000	0.99998	0.00000	2e-05
22	G	0.00000	0.99998	0.00000	2e-05
23	G	0.00000	0.99998	0.00000	2e-05
24	N	0.00000	1	0.00000	0
25	L	0.00000	1	0.00000	0
26	T	0.00000	1	0.00000	0
27	G	0.00000	1	0.00000	0
28	P	0.00000	1	0.00000	0
29	N	0.00000	1	0.00000	0
30	Q	0.00000	1	0.00000	0
31	T	0.00000	1	0.00000	0
32	S	0.00000	1	0.00000	0
33	S	0.00000	1	0.00000	0
34	N	0.00000	1	0.00000	0
35	S	0.00000	1	0.00000	0
36	T	0.00000	1	0.00000	0
37	P	0.00000	1	0.00000	0
38	P	0.00000	1	0.00000	0
39	E	0.00000	1	0.00000	0
40	L	0.00000	1	0.00000	0
41	D	0.00000	1	0.00000	0
42	I	0.00000	0.99883	0.00117	0
43	R	0.00000	0.99871	0.00129	0
44	R	0.00000	0.99087	0.00913	0
45	A	0.00000	0.81246	0.18754	0
46	I	0.00000	0.39227	0.60773	0
47	S	0.00000	0.30733	0.69267	0
48	V	0.00000	0.09128	0.90872	0
49	G	0.00000	0.05859	0.94141	0
50	I	0.00000	0.0132	0.98680	0
51	V	0.00000	0.00471	0.99529	0
52	L	0.00000	0.00112	0.99888	0
53	G	0.00000	0.00053	0.99947	0
54	A	0.00000	5e-05	0.99995	0
55	F	0.00000	0	1.00000	0
56	I	0.00000	0	1.00000	0
57	L	0.00000	0	1.00000	0
58	F	0.00000	0	1.00000	0
59	A	0.00000	0	1.00000	0
60	I	0.00000	0	1.00000	0
61	V	0.00000	0	1.00000	0
62	G	0.00000	0	1.00000	0
63	N	0.00000	0	1.00000	0
64	I	0.00000	0	1.00000	0
65	L	0.00000	0	1.00000	0
66	V	0.00000	0	1.00000	0
67	I	0.00007	0	0.99993	0
68	L	0.00767	0	0.99233	0
69	S	0.28770	0	0.71230	0
70	V	0.34342	0	0.65658	0
71	A	0.55292	0	0.44708	0
72	C	0.78674	0	0.21326	0
73	N	0.98945	0	0.01055	0
74	R	0.99934	0	0.00066	0
75	H	0.99986	0	0.00014	0
76	L	0.99994	0	0.00006	0
77	R	1.00000	0	0.00000	0
78	T	1.00000	0	0.00000	0
79	P	1.00000	0	0.00000	0
80	T	0.95878	0	0.04122	0
81	N	0.77055	0	0.22945	0
82	Y	0.21273	0	0.78727	0
83	F	0.00194	0	0.99806	0
84	I	0.00012	0	0.99988	0
85	V	0.00000	0	1.00000	0
86	N	0.00000	0	1.00000	0
87	L	0.00000	0	1.00000	0
88	A	0.00000	0	1.00000	0
89	I	0.00000	0	1.00000	0
90	A	0.00000	0	1.00000	0
91	D	0.00000	0	1.00000	0
92	L	0.00000	0	1.00000	0
93	L	0.00000	0	1.00000	0
94	L	0.00000	0	1.00000	0
95	S	0.00000	0	1.00000	0
96	F	0.00000	0	1.00000	0
97	T	0.00000	0	1.00000	0
98	V	0.00000	0	1.00000	0
99	L	0.00000	3e-05	0.99997	0
100	P	0.00000	0.00105	0.99895	0
101	F	0.00000	0.03911	0.96089	0
102	S	0.00000	0.32765	0.67235	0
103	A	0.00000	0.47684	0.52316	0
104	A	0.00000	0.65866	0.34134	0
105	L	0.00000	0.99804	0.00196	0
106	E	0.00000	0.99883	0.00117	0
107	V	0.00000	0.99886	0.00114	0
108	L	0.00000	0.99906	0.00094	0
109	G	0.00000	0.99958	0.00042	0
110	Y	0.00000	0.9999	0.00010	0
111	W	0.00000	0.99996	0.00004	0
112	V	0.00000	0.99999	0.00001	0
113	L	0.00000	1	0.00000	0
114	G	0.00000	1	0.00000	0
115	R	0.00000	1	0.00000	0
116	I	0.00000	0.99996	0.00004	0
117	F	0.00000	0.99996	0.00004	0
118	C	0.00000	0.99995	0.00005	0
119	D	0.00000	0.99992	0.00008	0
120	I	0.00000	0.99913	0.00087	0
121	W	0.00000	0.91546	0.08454	0
122	A	0.00000	0.36455	0.63545	0
123	A	0.00000	0.01363	0.98637	0
124	V	0.00000	0.00018	0.99982	0
125	D	0.00000	5e-05	0.99995	0
126	V	0.00000	0	1.00000	0
127	L	0.00000	0	1.00000	0
128	C	0.00000	0	1.00000	0
129	C	0.00000	0	1.00000	0
130	T	0.00000	0	1.00000	0
131	A	0.00000	0	1.00000	0
132	S	0.00000	0	1.00000	0
133	I	0.00000	0	1.00000	0
134	L	0.00000	0	1.00000	0
135	S	0.00000	0	1.00000	0
136	L	0.00000	0	1.00000	0
137	C	0.00000	0	1.00000	0
138	A	0.00000	0	1.00000	0
139	I	0.00000	0	1.00000	0
140	S	0.00000	0	1.00000	0
141	I	0.00000	0	1.00000	0
142	D	0.00001	0	0.99999	0
143	R	0.01372	0	0.98628	0
144	Y	0.14403	0	0.85597	0
145	I	0.45050	0	0.54950	0
146	G	0.92697	0	0.07303	0
147	V	0.99999	0	0.00001	0
148	R	1.00000	0	0.00000	0
149	Y	1.00000	0	0.00000	0
150	S	1.00000	0	0.00000	0
151	L	1.00000	0	0.00000	0
152	Q	1.00000	0	0.00000	0
153	Y	1.00000	0	0.00000	0
154	P	1.00000	0	0.00000	0
155	T	1.00000	0	0.00000	0
156	L	1.00000	0	0.00000	0
157	V	1.00000	0	0.00000	0
158	T	1.00000	0	0.00000	0
159	R	1.00000	0	0.00000	0
160	K	0.99990	0	0.00010	0
161	K	0.99377	0	0.00623	0
162	A	0.47682	0	0.52318	0
163	I	0.00611	0	0.99389	0
164	L	0.00012	0	0.99988	0
165	A	0.00000	0	1.00000	0
166	L	0.00000	0	1.00000	0
167	L	0.00000	0	1.00000	0
168	S	0.00000	0	1.00000	0
169	V	0.00000	0	1.00000	0
170	W	0.00000	0	1.00000	0
171	V	0.00000	0	1.00000	0
172	L	0.00000	0	1.00000	0
173	S	0.00000	0	1.00000	0
174	M	0.00000	0	1.00000	0
175	V	0.00000	0	1.00000	0
176	I	0.00000	0	1.00000	0
177	S	0.00000	0	1.00000	0
178	I	0.00000	0	1.00000	0
179	G	0.00000	0	1.00000	0
180	P	0.00000	3e-05	0.99997	0
181	L	0.00000	0.00054	0.99946	0
182	L	0.00000	0.02589	0.97411	0
183	G	0.00000	0.49032	0.50968	0
184	W	0.00000	0.69099	0.30901	0
185	K	0.00000	0.9973	0.00270	0
186	E	0.00000	0.99998	0.00002	0
187	P	0.00000	1	0.00000	0
188	A	0.00000	1	0.00000	0
189	P	0.00000	1	0.00000	0
190	K	0.00000	1	0.00000	0
191	D	0.00000	1	0.00000	0
192	E	0.00000	1	0.00000	0
193	K	0.00000	1	0.00000	0
194	E	0.00000	1	0.00000	0
195	C	0.00000	1	0.00000	0
196	G	0.00000	1	0.00000	0
197	V	0.00000	1	0.00000	0
198	T	0.00000	1	0.00000	0
199	E	0.00000	1	0.00000	0
200	E	0.00000	0.99997	0.00003	0
201	P	0.00000	0.99536	0.00464	0
202	F	0.00000	0.41786	0.58214	0
203	Y	0.00000	0.2218	0.77820	0
204	A	0.00000	0.21481	0.78519	0
205	L	0.00000	0.01555	0.98445	0
206	F	0.00000	0.00075	0.99925	0
207	S	0.00000	0.00066	0.99934	0
208	S	0.00000	8e-05	0.99992	0
209	L	0.00000	3e-05	0.99997	0
210	G	0.00000	0	1.00000	0
211	S	0.00000	0	1.00000	0
212	F	0.00000	0	1.00000	0
213	Y	0.00000	0	1.00000	0
214	I	0.00000	0	1.00000	0
215	P	0.00000	0	1.00000	0
216	L	0.00000	0	1.00000	0
217	A	0.00000	0	1.00000	0
218	V	0.00000	0	1.00000	0
219	I	0.00000	0	1.00000	0
220	L	0.00000	0	1.00000	0
221	V	0.00000	0	1.00000	0
222	M	0.00000	0	1.00000	0
223	Y	0.00013	0	0.99987	0
224	C	0.00611	0	0.99389	0
225	R	0.07898	0	0.92102	0
226	V	0.08699	0	0.91301	0
227	Y	0.12296	0	0.87704	0
228	I	0.35432	0	0.64568	0
229	V	0.52106	0	0.47894	0
230	A	0.99669	0	0.00331	0
231	K	0.99994	0	0.00006	0
232	R	1.00000	0	0.00000	0
233	T	1.00000	0	0.00000	0
234	T	1.00000	0	0.00000	0
235	K	1.00000	0	0.00000	0
236	N	1.00000	0	0.00000	0
237	L	1.00000	0	0.00000	0
238	E	1.00000	0	0.00000	0
239	A	1.00000	0	0.00000	0
240	G	1.00000	0	0.00000	0
241	V	1.00000	0	0.00000	0
242	M	1.00000	0	0.00000	0
243	K	1.00000	0	0.00000	0
244	E	1.00000	0	0.00000	0
245	M	1.00000	0	0.00000	0
246	S	1.00000	0	0.00000	0
247	N	1.00000	0	0.00000	0
248	S	1.00000	0	0.00000	0
249	K	1.00000	0	0.00000	0
250	E	1.00000	0	0.00000	0
251	L	1.00000	0	0.00000	0
252	T	1.00000	0	0.00000	0
253	L	1.00000	0	0.00000	0
254	R	1.00000	0	0.00000	0
255	I	1.00000	0	0.00000	0
256	H	1.00000	0	0.00000	0
257	S	1.00000	0	0.00000	0
258	K	1.00000	0	0.00000	0
259	N	1.00000	0	0.00000	0
260	F	1.00000	0	0.00000	0
261	H	1.00000	0	0.00000	0
262	E	1.00000	0	0.00000	0
263	D	1.00000	0	0.00000	0
264	A	1.00000	0	0.00000	0
265	L	1.00000	0	0.00000	0
266	S	1.00000	0	0.00000	0
267	S	1.00000	0	0.00000	0
268	T	1.00000	0	0.00000	0
269	R	1.00000	0	0.00000	0
270	A	1.00000	0	0.00000	0
271	K	1.00000	0	0.00000	0
272	G	1.00000	0	0.00000	0
273	H	1.00000	0	0.00000	0
274	N	1.00000	0	0.00000	0
275	P	1.00000	0	0.00000	0
276	R	1.00000	0	0.00000	0
277	N	1.00000	0	0.00000	0
278	S	1.00000	0	0.00000	0
279	I	1.00000	0	0.00000	0
280	A	1.00000	0	0.00000	0
281	V	1.00000	0	0.00000	0
282	K	1.00000	0	0.00000	0
283	L	1.00000	0	0.00000	0
284	F	1.00000	0	0.00000	0
285	K	1.00000	0	0.00000	0
286	F	1.00000	0	0.00000	0
287	S	1.00000	0	0.00000	0
288	R	1.00000	0	0.00000	0
289	E	1.00000	0	0.00000	0
290	K	0.99735	0	0.00265	0
291	K	0.99718	0	0.00282	0
292	A	0.85492	0	0.14508	0
293	A	0.85403	0	0.14597	0
294	K	0.82661	0	0.17339	0
295	T	0.72290	0	0.27710	0
296	L	0.04467	0	0.95533	0
297	G	0.01119	0	0.98881	0
298	I	0.00242	0	0.99758	0
299	V	0.00178	0	0.99822	0
300	V	0.00170	0	0.99830	0
301	G	0.00010	0	0.99990	0
302	M	0.00000	0	1.00000	0
303	F	0.00000	0	1.00000	0
304	I	0.00000	0	1.00000	0
305	L	0.00000	0	1.00000	0
306	C	0.00000	0	1.00000	0
307	W	0.00000	0	1.00000	0
308	L	0.00000	0	1.00000	0
309	P	0.00000	0	1.00000	0
310	F	0.00000	0	1.00000	0
311	F	0.00000	0	1.00000	0
312	I	0.00000	1e-05	0.99999	0
313	I	0.00000	0.00018	0.99982	0
314	L	0.00000	0.00147	0.99853	0
315	P	0.00000	0.02061	0.97939	0
316	L	0.00000	0.02721	0.97279	0
317	G	0.00000	0.05486	0.94514	0
318	S	0.00000	0.0642	0.93580	0
319	L	0.00000	0.06888	0.93112	0
320	F	0.00000	0.08577	0.91423	0
321	A	0.00000	0.21406	0.78594	0
322	T	0.00000	0.41408	0.58592	0
323	L	0.00000	0.55375	0.44625	0
324	K	0.00000	0.9973	0.00270	0
325	P	0.00000	0.9997	0.00030	0
326	P	0.00000	0.99998	0.00002	0
327	D	0.00000	0.99994	0.00006	0
328	T	0.00000	0.99415	0.00585	0
329	V	0.00000	0.96827	0.03173	0
330	F	0.00000	0.96118	0.03882	0
331	K	0.00000	0.78963	0.21037	0
332	V	0.00000	0.00697	0.99303	0
333	V	0.00000	0.00027	0.99973	0
334	F	0.00000	0	1.00000	0
335	W	0.00000	0	1.00000	0
336	L	0.00000	0	1.00000	0
337	G	0.00000	0	1.00000	0
338	Y	0.00000	0	1.00000	0
339	F	0.00000	0	1.00000	0
340	N	0.00000	0	1.00000	0
341	S	0.00000	0	1.00000	0
342	C	0.00000	0	1.00000	0
343	I	0.00000	0	1.00000	0
344	N	0.00000	0	1.00000	0
345	P	0.00000	0	1.00000	0
346	I	0.00000	0	1.00000	0
347	I	0.00000	0	1.00000	0
348	Y	0.00001	0	0.99999	0
349	P	0.00014	0	0.99986	0
350	C	0.00226	0	0.99774	0
351	S	0.15600	0	0.84400	0
352	S	0.35547	0	0.64453	0
353	K	1.00000	0	0.00000	0
354	E	1.00000	0	0.00000	0
355	F	1.00000	0	0.00000	0
356	K	1.00000	0	0.00000	0
357	R	1.00000	0	0.00000	0
358	A	1.00000	0	0.00000	0
359	F	1.00000	0	0.00000	0
360	L	1.00000	0	0.00000	0
361	R	1.00000	0	0.00000	0
362	I	1.00000	0	0.00000	0
363	L	1.00000	0	0.00000	0
364	R	1.00000	0	0.00000	0
365	C	1.00000	0	0.00000	0
366	Q	1.00000	0	0.00000	0
367	C	1.00000	0	0.00000	0
368	H	1.00000	0	0.00000	0
369	R	1.00000	0	0.00000	0
370	R	1.00000	0	0.00000	0
371	N	1.00000	0	0.00000	0
372	R	1.00000	0	0.00000	0
373	L	1.00000	0	0.00000	0
374	G	1.00000	0	0.00000	0
375	W	1.00000	0	0.00000	0
376	W	1.00000	0	0.00000	0
377	N	1.00000	0	0.00000	0
378	Y	1.00000	0	0.00000	0
379	N	1.00000	0	0.00000	0
380	Y	1.00000	0	0.00000	0
381	R	1.00000	0	0.00000	0
382	A	1.00000	0	0.00000	0
383	W	1.00000	0	0.00000	0
384	N	1.00000	0	0.00000	0
385	R	1.00000	0	0.00000	0
386	G	1.00000	0	0.00000	0
387	S	1.00000	0	0.00000	0
388	F	1.00000	0	0.00000	0
389	E	1.00000	0	0.00000	0
390	H	1.00000	0	0.00000	0
391	S	1.00000	0	0.00000	0
392	R	1.00000	0	0.00000	0
393	K	1.00000	0	0.00000	0
394	D	1.00000	0	0.00000	0
395	S	1.00000	0	0.00000	0
396	L	1.00000	0	0.00000	0
397	D	1.00000	0	0.00000	0
398	D	1.00000	0	0.00000	0
399	S	1.00000	0	0.00000	0
400	G	1.00000	0	0.00000	0
401	S	1.00000	0	0.00000	0
402	C	1.00000	0	0.00000	0
403	L	1.00000	0	0.00000	0
404	S	1.00000	0	0.00000	0
405	G	1.00000	0	0.00000	0
406	S	1.00000	0	0.00000	0
407	Q	1.00000	0	0.00000	0
408	R	1.00000	0	0.00000	0
409	T	1.00000	0	0.00000	0
410	L	1.00000	0	0.00000	0
411	N	1.00000	0	0.00000	0
412	S	1.00000	0	0.00000	0
413	T	1.00000	0	0.00000	0
414	T	1.00000	0	0.00000	0
415	P	1.00000	0	0.00000	0
416	S	1.00000	0	0.00000	0
417	P	1.00000	0	0.00000	0
418	G	1.00000	0	0.00000	0
419	Y	1.00000	0	0.00000	0
420	L	1.00000	0	0.00000	0
421	S	1.00000	0	0.00000	0
422	K	1.00000	0	0.00000	0
423	V	1.00000	0	0.00000	0
424	T	1.00000	0	0.00000	0
425	H	1.00000	0	0.00000	0
426	P	1.00000	0	0.00000	0
427	Q	1.00000	0	0.00000	0
428	V	1.00000	0	0.00000	0
429	E	1.00000	0	0.00000	0
430	M	1.00000	0	0.00000	0
431	Y	1.00000	0	0.00000	0
432	T	1.00000	0	0.00000	0
433	F	1.00000	0	0.00000	0
434	S	1.00000	0	0.00000	0
435	E	1.00000	0	0.00000	0
436	W	1.00000	0	0.00000	0
437	K	1.00000	0	0.00000	0
438	S	1.00000	0	0.00000	0
439	S	1.00000	0	0.00000	0
440	G	1.00000	0	0.00000	0
441	T	1.00000	0	0.00000	0
442	F	1.00000	0	0.00000	0
443	L	1.00000	0	0.00000	0
444	S	1.00000	0	0.00000	0
445	P	1.00000	0	0.00000	0
446	P	1.00000	0	0.00000	0
447	H	1.00000	0	0.00000	0
448	P	1.00000	0	0.00000	0
449	E	1.00000	0	0.00000	0
450	P	1.00000	0	0.00000	0
451	P	1.00000	0	0.00000	0
452	G	1.00000	0	0.00000	0
453	R	1.00000	0	0.00000	0
454	H	1.00000	0	0.00000	0
455	R	1.00000	0	0.00000	0
456	D	1.00000	0	0.00000	0
457	T	1.00000	0	0.00000	0
458	G	1.00000	0	0.00000	0
459	H	1.00000	0	0.00000	0
460	L	1.00000	0	0.00000	0
461	F	1.00000	0	0.00000	0
462	T	1.00000	0	0.00000	0
463	L	1.00000	0	0.00000	0
464	K	1.00000	0	0.00000	0
465	F	1.00000	0	0.00000	0
466	L	1.00000	0	0.00000	0
467	A	1.00000	0	0.00000	0
468	E	1.00000	0	0.00000	0
469	H	1.00000	0	0.00000	0
470	E	1.00000	0	0.00000	0
471	G	1.00000	0	0.00000	0
472	H	1.00000	0	0.00000	0
473	P	1.00000	0	0.00000	0
474	G	1.00000	0	0.00000	0
475	L	1.00000	0	0.00000	0
476	D	1.00000	0	0.00000	0
477	S	1.00000	0	0.00000	0
478	N	1.00000	0	0.00000	0
479	G	1.00000	0	0.00000	0
480	G	1.00000	0	0.00000	0
481	C	1.00000	0	0.00000	0
482	E	1.00000	0	0.00000	0
483	V	1.00000	0	0.00000	0
484	A	1.00000	0	0.00000	0
485	A	1.00000	0	0.00000	0
486	D	1.00000	0	0.00000	0
487	M	1.00000	0	0.00000	0
488	A	1.00000	0	0.00000	0
489	N	1.00000	0	0.00000	0
490	G	1.00000	0	0.00000	0
491	Q	1.00000	0	0.00000	0
492	A	1.00000	0	0.00000	0
493	G	1.00000	0	0.00000	0
494	F	1.00000	0	0.00000	0
495	K	1.00000	0	0.00000	0
496	K	1.00000	0	0.00000	0
497	N	1.00000	0	0.00000	0
498	M	1.00000	0	0.00000	0
499	P	1.00000	0	0.00000	0
500	L	1.00000	0	0.00000	0
501	G	1.00000	0	0.00000	0
502	P	1.00000	0	0.00000	0
503	N	1.00000	0	0.00000	0
504	Q	1.00000	0	0.00000	0
505	F	1.00000	0	0.00000	0
