# UNNAMED
#pos	aa	i	o	M	S
1	M	0.00000	1	0.00000	0
2	A	0.00000	1	0.00000	0
3	I	0.00000	1	0.00000	0
4	L	0.00000	0.04455	0.95545	0
5	G	0.00000	0.00082	0.99918	0
6	N	0.00000	0.00023	0.99977	0
7	L	0.00000	0	1.00000	0
8	L	0.00000	0	1.00000	0
9	V	0.00000	0	1.00000	0
10	M	0.00000	0	1.00000	0
11	V	0.00000	0	1.00000	0
12	A	0.00000	0	1.00000	0
13	V	0.00000	0	1.00000	0
14	C	0.00000	0	1.00000	0
15	R	0.00000	0	1.00000	0
16	D	0.00000	0	1.00000	0
17	R	0.00000	0	1.00000	0
18	Q	0.00000	0	1.00000	0
19	L	0.00000	0	1.00000	0
20	R	0.00000	0	1.00000	0
21	K	0.20753	0	0.79247	0
22	I	0.67891	0	0.32109	0
23	K	0.99529	0	0.00471	0
24	T	0.99948	0	0.00052	0
25	N	0.97712	0	0.02288	0
26	Y	0.86983	0	0.13017	0
27	F	0.09913	0	0.90087	0
28	I	0.02839	0	0.97161	0
29	V	0.01023	0	0.98977	0
30	S	0.00236	0	0.99764	0
31	L	0.00018	0	0.99982	0
32	A	0.00015	0	0.99985	0
33	F	0.00001	0	0.99999	0
34	V	0.00001	0	0.99999	0
35	D	0.00000	0	1.00000	0
36	L	0.00000	0	1.00000	0
37	L	0.00000	0	1.00000	0
38	V	0.00000	0	1.00000	0
39	S	0.00000	0	1.00000	0
40	V	0.00000	0	1.00000	0
41	L	0.00000	0	1.00000	0
42	V	0.00000	0	1.00000	0
43	M	0.00000	0	1.00000	0
44	P	0.00000	3e-05	0.99997	0
45	F	0.00000	0.00199	0.99801	0
46	G	0.00000	0.03331	0.96669	0
47	A	0.00000	0.15168	0.84832	0
48	I	0.00000	0.3562	0.64380	0
49	E	0.00000	0.99951	0.00049	0
50	L	0.00000	0.99956	0.00044	0
51	V	0.00000	0.99965	0.00035	0
52	Q	0.00000	0.99978	0.00022	0
53	D	0.00000	0.9999	0.00010	0
54	I	0.00000	0.9999	0.00010	0
55	W	0.00000	0.99992	0.00008	0
56	I	0.00000	0.99995	0.00005	0
57	Y	0.00000	1	0.00000	0
58	G	0.00000	1	0.00000	0
59	E	0.00000	1	0.00000	0
60	M	0.00000	1	0.00000	0
61	F	0.00000	0.99972	0.00028	0
62	C	0.00000	0.99966	0.00034	0
63	L	0.00000	0.99923	0.00077	0
64	V	0.00000	0.99898	0.00102	0
65	R	0.00000	0.96753	0.03247	0
66	T	0.00000	0.84817	0.15183	0
67	S	0.00000	0.58527	0.41473	0
68	L	0.00000	0.03967	0.96033	0
69	D	0.00000	0.01058	0.98942	0
70	V	0.00000	0.00016	0.99984	0
71	L	0.00000	0	1.00000	0
72	L	0.00000	0	1.00000	0
73	T	0.00000	0	1.00000	0
74	T	0.00000	0	1.00000	0
75	A	0.00000	0	1.00000	0
76	S	0.00000	0	1.00000	0
77	I	0.00000	0	1.00000	0
78	F	0.00000	0	1.00000	0
79	H	0.00000	0	1.00000	0
80	L	0.00000	0	1.00000	0
81	C	0.00000	0	1.00000	0
82	C	0.00000	0	1.00000	0
83	I	0.00000	0	1.00000	0
84	S	0.00000	0	1.00000	0
85	L	0.00000	0	1.00000	0
86	D	0.00000	0	1.00000	0
87	R	0.00040	0	0.99960	0
88	Y	0.03395	0	0.96605	0
89	Y	0.25591	0	0.74409	0
90	A	0.96333	0	0.03667	0
91	I	0.99997	0	0.00003	0
92	C	1.00000	0	0.00000	0
93	C	1.00000	0	0.00000	0
94	Q	1.00000	0	0.00000	0
95	P	1.00000	0	0.00000	0
96	L	1.00000	0	0.00000	0
97	V	1.00000	0	0.00000	0
98	Y	1.00000	0	0.00000	0
99	R	1.00000	0	0.00000	0
100	N	1.00000	0	0.00000	0
101	K	1.00000	0	0.00000	0
102	M	0.99998	0	0.00002	0
103	T	0.99971	0	0.00029	0
104	P	0.99647	0	0.00353	0
105	L	0.89562	0	0.10438	0
106	R	0.84315	0	0.15685	0
107	I	0.01332	0	0.98668	0
108	A	0.00088	0	0.99912	0
109	L	0.00010	0	0.99990	0
110	M	0.00003	0	0.99997	0
111	L	0.00000	0	1.00000	0
112	G	0.00000	0	1.00000	0
113	G	0.00000	0	1.00000	0
114	C	0.00000	0	1.00000	0
115	W	0.00000	0	1.00000	0
116	V	0.00000	0	1.00000	0
117	I	0.00000	0	1.00000	0
118	P	0.00000	0	1.00000	0
119	M	0.00000	0	1.00000	0
120	F	0.00000	0	1.00000	0
121	I	0.00000	0	1.00000	0
122	S	0.00000	0	1.00000	0
123	F	0.00000	0	1.00000	0
124	L	0.00000	0.00026	0.99974	0
125	P	0.00000	0.00553	0.99447	0
126	I	0.00000	0.01035	0.98965	0
127	M	0.00000	0.05852	0.94148	0
128	Q	0.00000	0.84408	0.15592	0
129	G	0.00000	0.96351	0.03649	0
130	W	0.00000	0.98297	0.01703	0
131	N	0.00000	0.99941	0.00059	0
132	N	0.00000	0.99999	0.00001	0
133	I	0.00000	1	0.00000	0
134	G	0.00000	1	0.00000	0
135	I	0.00000	1	0.00000	0
136	I	0.00000	1	0.00000	0
137	D	0.00000	1	0.00000	0
138	L	0.00000	1	0.00000	0
139	E	0.00000	1	0.00000	0
140	R	0.00000	1	0.00000	0
141	I	0.00000	1	0.00000	0
142	S	0.00000	1	0.00000	0
143	K	0.00000	1	0.00000	0
144	P	0.00000	1	0.00000	0
145	R	0.00000	1	0.00000	0
146	L	0.00000	1	0.00000	0
147	G	0.00000	1	0.00000	0
148	Q	0.00000	1	0.00000	0
149	D	0.00000	1	0.00000	0
150	L	0.00000	1	0.00000	0
151	H	0.00000	1	0.00000	0
152	V	0.00000	1	0.00000	0
153	I	0.00000	1	0.00000	0
154	E	0.00000	1	0.00000	0
155	K	0.00000	1	0.00000	0
156	R	0.00000	1	0.00000	0
157	K	0.00000	1	0.00000	0
158	F	0.00000	1	0.00000	0
159	N	0.00000	1	0.00000	0
160	Q	0.00000	1	0.00000	0
161	N	0.00000	1	0.00000	0
162	S	0.00000	1	0.00000	0
163	N	0.00000	1	0.00000	0
164	S	0.00000	1	0.00000	0
165	T	0.00000	0.99999	0.00001	0
166	Y	0.00000	0.99998	0.00002	0
167	C	0.00000	0.99963	0.00037	0
168	I	0.00000	0.66593	0.33407	0
169	F	0.00000	0.65239	0.34761	0
170	M	0.00000	0.65171	0.34829	0
171	V	0.00000	0.6515	0.34850	0
172	N	0.00000	0.65145	0.34855	0
173	K	0.00000	0.64948	0.35052	0
174	P	0.00000	0.39406	0.60594	0
175	Y	0.00000	0.05226	0.94774	0
176	A	0.00000	0.01313	0.98687	0
177	I	0.00000	0.00392	0.99608	0
178	T	0.00000	0.00304	0.99696	0
179	C	0.00000	0.00281	0.99719	0
180	S	0.00000	0.00016	0.99984	0
181	V	0.00000	5e-05	0.99995	0
182	V	0.00000	0	1.00000	0
183	A	0.00000	0	1.00000	0
184	F	0.00000	0	1.00000	0
185	Y	0.00000	0	1.00000	0
186	I	0.00000	0	1.00000	0
187	P	0.00000	0	1.00000	0
188	F	0.00000	0	1.00000	0
189	L	0.00000	0	1.00000	0
190	L	0.00005	0	0.99995	0
191	M	0.00020	0	0.99980	0
192	V	0.00046	0	0.99954	0
193	L	0.01667	0	0.98333	0
194	A	0.07110	0	0.92890	0
195	Y	0.09784	0	0.90216	0
196	Y	0.17010	0	0.82990	0
197	R	0.41096	0	0.58904	0
198	I	0.42095	0	0.57905	0
199	Y	0.47875	0	0.52125	0
200	V	0.80167	0	0.19833	0
201	T	0.99219	0	0.00781	0
202	A	0.99989	0	0.00011	0
203	K	0.99999	0	0.00001	0
204	E	1.00000	0	0.00000	0
205	H	1.00000	0	0.00000	0
206	A	1.00000	0	0.00000	0
207	H	1.00000	0	0.00000	0
208	Q	1.00000	0	0.00000	0
209	I	1.00000	0	0.00000	0
210	Q	1.00000	0	0.00000	0
211	M	1.00000	0	0.00000	0
212	L	1.00000	0	0.00000	0
213	Q	1.00000	0	0.00000	0
214	R	1.00000	0	0.00000	0
215	A	1.00000	0	0.00000	0
216	G	1.00000	0	0.00000	0
217	A	1.00000	0	0.00000	0
218	S	1.00000	0	0.00000	0
219	S	1.00000	0	0.00000	0
220	E	1.00000	0	0.00000	0
221	G	1.00000	0	0.00000	0
222	R	1.00000	0	0.00000	0
223	P	1.00000	0	0.00000	0
224	Q	1.00000	0	0.00000	0
225	P	1.00000	0	0.00000	0
226	A	1.00000	0	0.00000	0
227	D	1.00000	0	0.00000	0
228	Q	1.00000	0	0.00000	0
229	H	1.00000	0	0.00000	0
230	S	1.00000	0	0.00000	0
231	T	1.00000	0	0.00000	0
232	H	1.00000	0	0.00000	0
233	R	1.00000	0	0.00000	0
234	M	1.00000	0	0.00000	0
235	R	1.00000	0	0.00000	0
236	T	1.00000	0	0.00000	0
237	E	1.00000	0	0.00000	0
238	T	0.87143	0	0.12857	0
239	K	0.86862	0	0.13138	0
240	A	0.39134	0	0.60866	0
241	A	0.38792	0	0.61208	0
242	K	0.38572	0	0.61428	0
243	T	0.27301	0	0.72699	0
244	L	0.00178	0	0.99822	0
245	C	0.00001	0	0.99999	0
246	I	0.00000	0	1.00000	0
247	I	0.00000	0	1.00000	0
248	M	0.00000	0	1.00000	0
249	G	0.00000	0	1.00000	0
250	C	0.00000	0	1.00000	0
251	F	0.00000	0	1.00000	0
252	C	0.00000	0	1.00000	0
253	L	0.00000	0	1.00000	0
254	C	0.00000	0	1.00000	0
255	W	0.00000	0	1.00000	0
256	A	0.00000	0	1.00000	0
257	P	0.00000	0	1.00000	0
258	F	0.00000	1e-05	0.99999	0
259	F	0.00000	0.00013	0.99987	0
260	V	0.00000	0.01839	0.98161	0
261	T	0.00000	0.14084	0.85916	0
262	N	0.00000	0.22877	0.77123	0
263	I	0.00000	0.26384	0.73616	0
264	V	0.00000	0.41672	0.58328	0
265	D	0.00000	0.97615	0.02385	0
266	P	0.00000	0.97864	0.02136	0
267	F	0.00000	0.97972	0.02028	0
268	I	0.00000	0.98442	0.01558	0
269	D	0.00000	0.99982	0.00018	0
270	Y	0.00000	0.99985	0.00015	0
271	T	0.00000	0.99991	0.00009	0
272	V	0.00000	0.99995	0.00005	0
273	P	0.00000	0.99994	0.00006	0
274	G	0.00000	0.99891	0.00109	0
275	Q	0.00000	0.98382	0.01618	0
276	V	0.00000	0.91744	0.08256	0
277	W	0.00000	0.89198	0.10802	0
278	T	0.00000	0.34186	0.65814	0
279	A	0.00000	0.00321	0.99679	0
280	F	0.00000	8e-05	0.99992	0
281	L	0.00000	0	1.00000	0
282	W	0.00000	0	1.00000	0
283	L	0.00000	0	1.00000	0
284	G	0.00000	0	1.00000	0
285	Y	0.00000	0	1.00000	0
286	I	0.00000	0	1.00000	0
287	N	0.00000	0	1.00000	0
288	S	0.00000	0	1.00000	0
289	G	0.00000	0	1.00000	0
290	L	0.00000	0	1.00000	0
291	N	0.00000	0	1.00000	0
292	P	0.00000	0	1.00000	0
293	F	0.00000	0	1.00000	0
294	L	0.00000	0	1.00000	0
295	Y	0.00001	0	0.99999	0
296	A	0.00013	0	0.99987	0
297	F	0.00247	0	0.99753	0
298	L	0.40546	0	0.59454	0
299	N	0.89865	0	0.10135	0
300	K	1.00000	0	0.00000	0
301	S	1.00000	0	0.00000	0
302	F	1.00000	0	0.00000	0
303	R	1.00000	0	0.00000	0
304	R	1.00000	0	0.00000	0
305	A	1.00000	0	0.00000	0
306	F	1.00000	0	0.00000	0
307	L	1.00000	0	0.00000	0
308	I	1.00000	0	0.00000	0
309	I	1.00000	0	0.00000	0
310	L	1.00000	0	0.00000	0
311	C	1.00000	0	0.00000	0
312	C	1.00000	0	0.00000	0
313	D	1.00000	0	0.00000	0
314	D	1.00000	0	0.00000	0
315	E	1.00000	0	0.00000	0
316	R	1.00000	0	0.00000	0
317	Y	1.00000	0	0.00000	0
318	R	1.00000	0	0.00000	0
319	R	1.00000	0	0.00000	0
320	P	1.00000	0	0.00000	0
321	S	1.00000	0	0.00000	0
322	I	1.00000	0	0.00000	0
323	L	1.00000	0	0.00000	0
324	G	1.00000	0	0.00000	0
325	Q	1.00000	0	0.00000	0
326	T	1.00000	0	0.00000	0
327	V	1.00000	0	0.00000	0
328	P	1.00000	0	0.00000	0
329	C	1.00000	0	0.00000	0
330	S	1.00000	0	0.00000	0
331	T	1.00000	0	0.00000	0
332	T	1.00000	0	0.00000	0
333	T	1.00000	0	0.00000	0
334	I	1.00000	0	0.00000	0
335	N	1.00000	0	0.00000	0
336	G	1.00000	0	0.00000	0
337	S	1.00000	0	0.00000	0
338	T	1.00000	0	0.00000	0
339	H	1.00000	0	0.00000	0
340	V	1.00000	0	0.00000	0
341	L	1.00000	0	0.00000	0
342	R	1.00000	0	0.00000	0
343	Y	1.00000	0	0.00000	0
344	T	1.00000	0	0.00000	0
345	V	1.00000	0	0.00000	0
346	L	1.00000	0	0.00000	0
347	H	1.00000	0	0.00000	0
348	S	1.00000	0	0.00000	0
349	G	1.00000	0	0.00000	0
350	H	1.00000	0	0.00000	0
351	H	1.00000	0	0.00000	0
352	Q	1.00000	0	0.00000	0
353	E	1.00000	0	0.00000	0
354	L	1.00000	0	0.00000	0
355	E	1.00000	0	0.00000	0
356	K	1.00000	0	0.00000	0
357	L	1.00000	0	0.00000	0
358	P	1.00000	0	0.00000	0
359	I	1.00000	0	0.00000	0
360	H	1.00000	0	0.00000	0
361	N	1.00000	0	0.00000	0
362	D	1.00000	0	0.00000	0
363	P	1.00000	0	0.00000	0
364	E	1.00000	0	0.00000	0
365	S	1.00000	0	0.00000	0
366	L	1.00000	0	0.00000	0
367	E	1.00000	0	0.00000	0
368	S	1.00000	0	0.00000	0
369	C	1.00000	0	0.00000	0
370	F	1.00000	0	0.00000	0
