# UNNAMED
#pos	aa	i	o	M	S
1	M	0.00000	0.99999	0.00000	1e-05
2	P	0.00000	0.99999	0.00000	1e-05
3	R	0.00000	0.99999	0.00000	1e-05
4	K	0.00000	0.99999	0.00000	1e-05
5	E	0.00000	0.99999	0.00000	0
6	A	0.00000	0.99999	0.00001	1e-05
7	E	0.00000	0.99998	0.00001	1e-05
8	G	0.00000	0.99922	0.00078	1e-05
9	G	0.00000	0.88544	0.11456	1e-05
10	L	0.00000	0.14954	0.85046	1e-05
11	L	0.00000	0.0431	0.95689	1e-05
12	P	0.00000	0.03366	0.96634	1e-05
13	W	0.00000	0.00436	0.99563	1e-05
14	P	0.00000	0.00151	0.99849	1e-05
15	S	0.00000	0.00069	0.99931	0
16	S	0.00000	0.0005	0.99950	1e-05
17	P	0.00000	0.00042	0.99957	1e-05
18	T	0.00000	0.0004	0.99959	1e-05
19	G	0.00000	0.00039	0.99960	1e-05
20	A	0.00000	0.00037	0.99962	1e-05
21	F	0.00000	0.00038	0.99963	0
22	C	0.00000	0.00037	0.99963	0
23	I	0.00000	0.00037	0.99963	0
24	P	0.00000	0.00037	0.99963	0
25	L	0.00000	0.0002	0.99980	0
26	Y	0.00000	9e-05	0.99991	0
27	V	0.00003	8e-05	0.99988	0
28	P	0.00526	8e-05	0.99467	0
29	Y	0.00743	8e-05	0.99249	0
30	V	0.08525	8e-05	0.91467	0
31	L	0.84066	8e-05	0.15927	0
32	T	0.93981	8e-05	0.06011	0
33	G	0.96759	8e-05	0.03234	0
34	R	0.99941	8e-05	0.00051	0
35	W	0.99945	8e-05	0.00048	0
36	P	0.99949	8e-05	0.00044	0
37	F	0.99949	8e-05	0.00043	0
38	G	0.99953	8e-05	0.00040	0
39	R	0.99958	8e-05	0.00035	0
40	G	0.98074	8e-05	0.01919	0
41	L	0.49420	8e-05	0.50572	0
42	C	0.34712	8e-05	0.65281	0
43	K	0.31075	7e-05	0.68918	0
44	L	0.01054	6e-05	0.98940	0
45	W	0.00664	6e-05	0.99330	0
46	L	0.00111	6e-05	0.99883	0
47	V	0.00060	6e-05	0.99935	0
48	V	0.00047	6e-05	0.99948	0
49	D	0.00039	6e-05	0.99955	0
50	Y	0.00030	1e-05	0.99969	0
51	L	0.00030	1e-05	0.99970	0
52	L	0.00030	1e-05	0.99970	0
53	C	0.00030	1e-05	0.99970	0
54	T	0.00030	0	0.99970	0
55	S	0.00029	0	0.99970	0
56	S	0.00023	0	0.99977	0
57	V	0.00008	0	0.99992	0
58	F	0.00001	0	0.99999	0
59	N	0.00000	2e-05	0.99998	0
60	I	0.00000	3e-05	0.99997	0
61	V	0.00000	0.00131	0.99869	0
62	L	0.00000	0.03714	0.96286	0
63	I	0.00000	0.16421	0.83579	0
64	S	0.00000	0.63808	0.36192	0
65	Y	0.00000	0.91103	0.08897	0
66	D	0.00000	0.97526	0.02474	0
67	R	0.00000	0.97792	0.02208	0
68	F	0.00000	0.97851	0.02149	0
69	L	0.00000	0.97951	0.02049	0
70	S	0.00003	0.98825	0.01172	0
71	V	0.00003	0.98909	0.01088	0
72	T	0.00006	0.99703	0.00291	0
73	R	0.00006	0.99887	0.00107	0
74	A	0.00007	0.99898	0.00095	0
75	V	0.00007	0.99908	0.00085	0
76	S	0.00007	0.99973	0.00020	0
77	Y	0.00007	0.99982	0.00011	0
78	R	0.00008	0.99988	0.00005	0
79	A	0.00008	0.99989	0.00003	0
80	Q	0.00008	0.99992	0.00001	0
81	Q	0.00008	0.99992	0.00000	0
82	G	0.00008	0.99992	0.00000	0
83	D	0.00008	0.99992	0.00000	0
84	T	0.00008	0.99991	0.00001	0
85	R	0.00008	0.99923	0.00069	0
86	R	0.00007	0.9978	0.00213	0
87	A	0.00002	0.99576	0.00422	0
88	V	0.00000	0.98726	0.01274	0
89	Q	0.00000	0.98387	0.01612	0
90	K	0.00000	0.94414	0.05586	0
91	M	0.00000	0.3529	0.64710	0
92	V	0.00000	0.0377	0.96230	0
93	L	0.00000	0.00189	0.99811	0
94	V	0.00000	0.00013	0.99987	0
95	W	0.00000	1e-05	0.99999	0
96	V	0.00000	0	1.00000	0
97	L	0.00000	0	1.00000	0
98	A	0.00000	0	1.00000	0
99	F	0.00000	0	1.00000	0
100	L	0.00000	0	1.00000	0
101	L	0.00000	0	1.00000	0
102	Y	0.00000	0	1.00000	0
103	G	0.00000	0	1.00000	0
104	P	0.00000	0	1.00000	0
105	A	0.00000	0	1.00000	0
106	I	0.00000	0	1.00000	0
107	L	0.00000	1e-05	0.99999	0
108	S	0.00000	7e-05	0.99993	0
109	W	0.00000	7e-05	0.99992	0
110	E	0.00005	7e-05	0.99987	0
111	Y	0.00238	8e-05	0.99755	0
112	L	0.01471	8e-05	0.98521	0
113	S	0.09049	8e-05	0.90943	0
114	G	0.88116	8e-05	0.11876	0
115	G	0.99954	8e-05	0.00039	0
116	S	0.99991	8e-05	0.00001	0
117	S	0.99992	8e-05	0.00000	0
118	I	0.99992	8e-05	0.00000	0
119	P	0.99992	8e-05	0.00000	0
120	E	0.99992	8e-05	0.00000	0
121	G	0.99992	8e-05	0.00000	0
122	H	0.99992	8e-05	0.00000	0
123	C	0.99992	8e-05	0.00000	0
124	Y	0.99992	8e-05	0.00000	0
125	A	0.99992	8e-05	0.00000	0
126	E	0.99992	8e-05	0.00000	0
127	F	0.99985	8e-05	0.00007	0
128	F	0.99951	7e-05	0.00041	0
129	Y	0.98925	7e-05	0.01067	0
130	N	0.97485	7e-05	0.02507	0
131	W	0.78784	5e-05	0.21211	0
132	Y	0.48429	2e-05	0.51569	0
133	F	0.08326	0	0.91674	0
134	L	0.00744	0	0.99256	0
135	I	0.00094	0	0.99906	0
136	T	0.00050	0	0.99950	0
137	A	0.00009	0	0.99991	0
138	S	0.00005	0	0.99995	0
139	T	0.00001	0	0.99999	0
140	L	0.00000	0	1.00000	0
141	E	0.00000	0	1.00000	0
142	F	0.00000	0	1.00000	0
143	F	0.00000	0	1.00000	0
144	T	0.00000	0	1.00000	0
145	P	0.00000	0	1.00000	0
146	F	0.00000	0	1.00000	0
147	L	0.00000	0	1.00000	0
148	S	0.00000	6e-05	0.99994	0
149	V	0.00000	0.0002	0.99980	0
150	T	0.00000	0.00143	0.99857	0
151	F	0.00000	0.00522	0.99478	0
152	F	0.00000	0.04567	0.95433	0
153	N	0.00000	0.37966	0.62033	0
154	L	0.00001	0.45381	0.54618	0
155	S	0.00001	0.77031	0.22968	0
156	I	0.00006	0.85485	0.14510	0
157	Y	0.00007	0.95189	0.04805	0
158	L	0.00007	0.9783	0.02163	0
159	N	0.00007	0.99917	0.00076	0
160	I	0.00007	0.99959	0.00033	0
161	Q	0.00008	0.99991	0.00001	0
162	R	0.00008	0.99992	0.00000	0
163	R	0.00008	0.99992	0.00000	0
164	T	0.00008	0.99992	0.00000	0
165	R	0.00008	0.99992	0.00000	0
166	V	0.00008	0.99992	0.00000	0
167	R	0.00008	0.99992	0.00000	0
168	L	0.00007	0.99992	0.00000	0
169	D	0.00007	0.99992	0.00000	0
170	G	0.00007	0.99992	0.00001	0
171	V	0.00006	0.99992	0.00001	0
172	R	0.00006	0.99992	0.00001	0
173	E	0.00006	0.99992	0.00002	0
174	A	0.00002	0.99992	0.00006	0
175	A	0.00000	0.99991	0.00009	0
176	T	0.00000	0.99991	0.00009	0
177	T	0.00000	0.99991	0.00009	0
178	E	0.00000	0.99991	0.00009	0
179	L	0.00000	0.99991	0.00009	0
180	P	0.00000	0.99991	0.00009	0
181	P	0.00000	0.99991	0.00009	0
182	E	0.00000	0.99991	0.00009	0
183	A	0.00000	0.9999	0.00010	0
184	Q	0.00000	0.9999	0.00010	0
185	P	0.00000	0.9999	0.00010	0
186	S	0.00000	0.9999	0.00010	0
187	P	0.00000	0.99984	0.00016	0
188	P	0.00000	0.99978	0.00022	0
189	P	0.00000	0.99973	0.00027	0
190	A	0.00000	0.99972	0.00028	0
191	A	0.00000	0.9997	0.00030	0
192	P	0.00000	0.99971	0.00029	0
193	S	0.00000	0.99972	0.00028	0
194	C	0.00000	0.99974	0.00026	0
195	W	0.00000	0.99976	0.00024	0
196	G	0.00000	0.99977	0.00023	0
197	C	0.00000	0.99978	0.00022	0
198	W	0.00000	0.99978	0.00022	0
199	Q	0.00001	0.99978	0.00021	0
200	K	0.00002	0.99978	0.00021	0
201	G	0.00002	0.99978	0.00021	0
202	C	0.00002	0.99978	0.00021	0
203	G	0.00002	0.99978	0.00021	0
204	E	0.00002	0.99977	0.00021	0
205	A	0.00002	0.96492	0.03506	0
206	V	0.00002	0.96179	0.03819	0
207	P	0.00002	0.95308	0.04689	0
208	L	0.00002	0.95194	0.04804	0
209	H	0.00003	0.95111	0.04886	0
210	R	0.00003	0.95104	0.04893	0
211	Y	0.00003	0.94681	0.05316	0
212	G	0.00004	0.85946	0.14050	0
213	V	0.00008	0.85488	0.14504	0
214	G	0.00022	0.8526	0.14718	0
215	V	0.00022	0.76206	0.23772	0
216	S	0.00022	0.75423	0.24554	0
217	E	0.00022	0.7464	0.25337	0
218	V	0.00022	0.24591	0.75386	0
219	T	0.00022	0.2454	0.75438	0
220	P	0.00022	0.24283	0.75695	0
221	G	0.00022	0.22353	0.77625	0
222	P	0.00022	0.22318	0.77660	0
223	E	0.00022	0.22252	0.77726	0
224	A	0.00022	0.21886	0.78091	0
225	G	0.00022	0.18202	0.81776	0
226	E	0.00024	0.15793	0.84183	0
227	V	0.00025	0.00996	0.98979	0
228	A	0.00216	0.00165	0.99620	0
229	L	0.00544	9e-05	0.99448	0
230	G	0.02122	3e-05	0.97875	0
231	G	0.03930	0	0.96070	0
232	G	0.04657	0	0.95343	0
233	S	0.05042	0	0.94958	0
234	G	0.05270	0	0.94730	0
235	G	0.05652	0	0.94348	0
236	G	0.06510	0	0.93490	0
237	A	0.07757	0	0.92243	0
238	A	0.10075	0	0.89925	0
239	A	0.15786	0	0.84214	0
240	S	0.39568	0	0.60432	0
241	P	0.66396	0	0.33604	0
242	T	0.73262	0	0.26738	0
243	S	0.76159	0	0.23841	0
244	S	0.76866	0	0.23134	0
245	S	0.77032	0	0.22968	0
246	G	0.77137	0	0.22863	0
247	S	0.78854	0	0.21146	0
248	S	0.81245	0	0.18755	0
249	S	0.86259	0	0.13741	0
250	R	0.93510	0	0.06490	0
251	G	0.95425	0	0.04575	0
252	T	0.98081	0	0.01919	0
253	E	0.99913	0	0.00087	0
254	R	0.99994	0	0.00006	0
255	P	1.00000	0	0.00000	0
256	R	1.00000	0	0.00000	0
257	S	1.00000	0	0.00000	0
258	L	1.00000	0	0.00000	0
259	K	1.00000	0	0.00000	0
260	R	1.00000	0	0.00000	0
261	G	1.00000	0	0.00000	0
262	S	1.00000	0	0.00000	0
263	K	1.00000	0	0.00000	0
264	P	1.00000	0	0.00000	0
265	S	1.00000	0	0.00000	0
266	A	1.00000	0	0.00000	0
267	S	1.00000	0	0.00000	0
268	S	1.00000	0	0.00000	0
269	A	1.00000	0	0.00000	0
270	S	1.00000	0	0.00000	0
271	L	1.00000	0	0.00000	0
272	E	1.00000	0	0.00000	0
273	K	1.00000	0	0.00000	0
274	R	1.00000	0	0.00000	0
275	M	1.00000	0	0.00000	0
276	K	1.00000	0	0.00000	0
277	M	1.00000	0	0.00000	0
278	V	1.00000	0	0.00000	0
279	S	1.00000	0	0.00000	0
280	Q	1.00000	0	0.00000	0
281	S	1.00000	0	0.00000	0
282	I	1.00000	0	0.00000	0
283	T	1.00000	0	0.00000	0
284	Q	1.00000	0	0.00000	0
285	R	1.00000	0	0.00000	0
286	F	1.00000	0	0.00000	0
287	R	1.00000	0	0.00000	0
288	L	1.00000	0	0.00000	0
289	S	1.00000	0	0.00000	0
290	R	1.00000	0	0.00000	0
291	D	1.00000	0	0.00000	0
292	K	0.91447	0	0.08553	0
293	K	0.91358	0	0.08642	0
294	V	0.80707	0	0.19293	0
295	A	0.71342	0	0.28658	0
296	K	0.71085	0	0.28915	0
297	S	0.60377	0	0.39623	0
298	L	0.00168	0	0.99832	0
299	A	0.00105	0	0.99895	0
300	V	0.00075	0	0.99925	0
301	I	0.00000	0	1.00000	0
302	V	0.00000	0	1.00000	0
303	S	0.00000	0	1.00000	0
304	I	0.00000	0	1.00000	0
305	F	0.00000	0	1.00000	0
306	G	0.00000	0	1.00000	0
307	L	0.00000	0	1.00000	0
308	C	0.00000	0	1.00000	0
309	W	0.00000	0	1.00000	0
310	A	0.00000	0	1.00000	0
311	P	0.00000	0	1.00000	0
312	Y	0.00000	0	1.00000	0
313	T	0.00000	1e-05	0.99999	0
314	L	0.00000	9e-05	0.99991	0
315	L	0.00000	0.00076	0.99924	0
316	M	0.00000	0.00374	0.99626	0
317	I	0.00000	0.05244	0.94756	0
318	I	0.00000	0.1215	0.87850	0
319	R	0.00000	0.57386	0.42614	0
320	A	0.00000	0.61411	0.38589	0
321	A	0.00000	0.74792	0.25208	0
322	C	0.00000	0.96863	0.03137	0
323	H	0.00000	0.99306	0.00694	0
324	G	0.00000	0.99994	0.00006	0
325	H	0.00000	0.99999	0.00001	0
326	C	0.00000	1	0.00000	0
327	I	0.00000	1	0.00000	0
328	P	0.00000	1	0.00000	0
329	D	0.00000	1	0.00000	0
330	Y	0.00000	1	0.00000	0
331	W	0.00000	1	0.00000	0
332	Y	0.00000	1	0.00000	0
333	E	0.00000	0.99996	0.00004	0
334	T	0.00000	0.9996	0.00040	0
335	S	0.00000	0.99847	0.00153	0
336	F	0.00000	0.13236	0.86764	0
337	W	0.00000	0.01135	0.98865	0
338	L	0.00000	3e-05	0.99997	0
339	L	0.00000	0	1.00000	0
340	W	0.00000	0	1.00000	0
341	A	0.00000	0	1.00000	0
342	N	0.00000	0	1.00000	0
343	S	0.00000	0	1.00000	0
344	A	0.00000	0	1.00000	0
345	V	0.00000	0	1.00000	0
346	N	0.00000	0	1.00000	0
347	P	0.00000	0	1.00000	0
348	V	0.00000	0	1.00000	0
349	L	0.00000	0	1.00000	0
350	Y	0.00000	0	1.00000	0
351	P	0.00000	0	1.00000	0
352	L	0.00000	0	1.00000	0
353	C	0.00000	0	1.00000	0
354	H	0.00003	0	0.99997	0
355	Y	0.00139	0	0.99861	0
356	S	0.01355	0	0.98645	0
357	F	0.16739	0	0.83261	0
358	R	1.00000	0	0.00000	0
359	R	1.00000	0	0.00000	0
360	A	1.00000	0	0.00000	0
361	F	1.00000	0	0.00000	0
362	T	1.00000	0	0.00000	0
363	K	1.00000	0	0.00000	0
364	L	1.00000	0	0.00000	0
365	L	1.00000	0	0.00000	0
366	C	1.00000	0	0.00000	0
367	P	1.00000	0	0.00000	0
368	Q	1.00000	0	0.00000	0
369	K	1.00000	0	0.00000	0
370	L	1.00000	0	0.00000	0
371	K	1.00000	0	0.00000	0
372	I	1.00000	0	0.00000	0
373	Q	1.00000	0	0.00000	0
374	P	1.00000	0	0.00000	0
375	H	1.00000	0	0.00000	0
376	S	1.00000	0	0.00000	0
377	S	1.00000	0	0.00000	0
378	L	1.00000	0	0.00000	0
379	E	1.00000	0	0.00000	0
380	H	1.00000	0	0.00000	0
381	C	1.00000	0	0.00000	0
382	W	1.00000	0	0.00000	0
383	K	1.00000	0	0.00000	0
