# UNNAMED
#pos	aa	i	o	M	S
1	M	0.00000	1	0.00000	0
2	E	0.00000	1	0.00000	0
3	D	0.00000	1	0.00000	0
4	V	0.00000	1	0.00000	0
5	P	0.00000	1	0.00000	0
6	L	0.00000	1	0.00000	0
7	Q	0.00000	1	0.00000	0
8	G	0.00000	1	0.00000	0
9	P	0.00000	1	0.00000	0
10	Q	0.00000	1	0.00000	0
11	P	0.00000	1	0.00000	0
12	Q	0.00000	1	0.00000	0
13	D	0.00000	1	0.00000	0
14	F	0.00000	1	0.00000	0
15	L	0.00000	1	0.00000	0
16	K	0.00000	1	0.00000	0
17	P	0.00000	1	0.00000	0
18	E	0.00000	1	0.00000	0
19	S	0.00000	1	0.00000	0
20	K	0.00000	1	0.00000	0
21	R	0.00000	1	0.00000	0
22	P	0.00000	1	0.00000	0
23	G	0.00000	1	0.00000	0
24	G	0.00000	1	0.00000	0
25	G	0.00000	1	0.00000	0
26	A	0.00000	1	0.00000	0
27	E	0.00000	1	0.00000	0
28	V	0.00000	1	0.00000	0
29	N	0.00000	1	0.00000	0
30	D	0.00000	1	0.00000	0
31	T	0.00000	1	0.00000	0
32	A	0.00000	0.99998	0.00002	0
33	A	0.00000	0.99994	0.00006	0
34	V	0.00000	0.99983	0.00017	0
35	G	0.00000	0.99973	0.00027	0
36	G	0.00000	0.99954	0.00046	0
37	V	0.00000	0.99922	0.00078	0
38	V	0.00000	0.9987	0.00130	0
39	V	0.00000	0.9984	0.00160	0
40	S	0.00000	0.99759	0.00241	0
41	G	0.00000	0.9955	0.00450	0
42	Q	0.00000	0.98804	0.01196	0
43	A	0.00000	0.96308	0.03692	0
44	P	0.00000	0.9301	0.06990	0
45	G	0.00000	0.69458	0.30542	0
46	V	0.00000	0.34627	0.65373	0
47	G	0.00000	0.24137	0.75863	0
48	V	0.00000	0.09331	0.90669	0
49	F	0.00000	0.02534	0.97466	0
50	L	0.00000	0.00411	0.99589	0
51	A	0.00000	0.00064	0.99936	0
52	A	0.00000	6e-05	0.99994	0
53	F	0.00000	0	1.00000	0
54	I	0.00000	0	1.00000	0
55	L	0.00000	0	1.00000	0
56	A	0.00000	0	1.00000	0
57	A	0.00000	0	1.00000	0
58	I	0.00000	0	1.00000	0
59	A	0.00000	0	1.00000	0
60	G	0.00000	0	1.00000	0
61	N	0.00000	0	1.00000	0
62	L	0.00000	0	1.00000	0
63	L	0.00000	0	1.00000	0
64	V	0.00000	0	1.00000	0
65	I	0.00002	0	0.99998	0
66	L	0.00232	0	0.99768	0
67	S	0.11228	0	0.88772	0
68	V	0.15716	0	0.84284	0
69	A	0.37052	0	0.62948	0
70	C	0.66668	0	0.33332	0
71	N	0.98035	0	0.01965	0
72	R	0.99857	0	0.00143	0
73	H	0.99967	0	0.00033	0
74	L	0.99985	0	0.00015	0
75	Q	0.99999	0	0.00001	0
76	T	0.99965	0	0.00035	0
77	V	0.99144	0	0.00856	0
78	T	0.96062	0	0.03938	0
79	N	0.78914	0	0.21086	0
80	Y	0.21653	0	0.78347	0
81	F	0.00170	0	0.99830	0
82	I	0.00002	0	0.99998	0
83	V	0.00000	0	1.00000	0
84	N	0.00000	0	1.00000	0
85	L	0.00000	0	1.00000	0
86	A	0.00000	0	1.00000	0
87	V	0.00000	0	1.00000	0
88	A	0.00000	0	1.00000	0
89	D	0.00000	0	1.00000	0
90	L	0.00000	0	1.00000	0
91	L	0.00000	0	1.00000	0
92	L	0.00000	0	1.00000	0
93	S	0.00000	0	1.00000	0
94	A	0.00000	0	1.00000	0
95	T	0.00000	0	1.00000	0
96	V	0.00000	0	1.00000	0
97	L	0.00000	2e-05	0.99998	0
98	P	0.00000	0.00052	0.99948	0
99	F	0.00000	0.01878	0.98122	0
100	S	0.00000	0.39009	0.60991	0
101	A	0.00000	0.58798	0.41202	0
102	T	0.00000	0.83446	0.16554	0
103	M	0.00000	0.99835	0.00165	0
104	E	0.00000	0.99897	0.00103	0
105	V	0.00000	0.99899	0.00101	0
106	L	0.00000	0.99915	0.00085	0
107	G	0.00000	0.99956	0.00044	0
108	F	0.00000	0.99975	0.00025	0
109	W	0.00000	0.9999	0.00010	0
110	A	0.00000	0.99999	0.00001	0
111	F	0.00000	1	0.00000	0
112	G	0.00000	1	0.00000	0
113	R	0.00000	1	0.00000	0
114	A	0.00000	0.99998	0.00002	0
115	F	0.00000	0.99996	0.00004	0
116	C	0.00000	0.99996	0.00004	0
117	D	0.00000	0.9999	0.00010	0
118	V	0.00000	0.99881	0.00119	0
119	W	0.00000	0.8945	0.10550	0
120	A	0.00000	0.31615	0.68385	0
121	A	0.00000	0.01021	0.98979	0
122	V	0.00000	0.00013	0.99987	0
123	D	0.00000	4e-05	0.99996	0
124	V	0.00000	0	1.00000	0
125	L	0.00000	0	1.00000	0
126	C	0.00000	0	1.00000	0
127	C	0.00000	0	1.00000	0
128	T	0.00000	0	1.00000	0
129	A	0.00000	0	1.00000	0
130	S	0.00000	0	1.00000	0
131	I	0.00000	0	1.00000	0
132	L	0.00000	0	1.00000	0
133	S	0.00000	0	1.00000	0
134	L	0.00000	0	1.00000	0
135	C	0.00000	0	1.00000	0
136	T	0.00000	0	1.00000	0
137	I	0.00000	0	1.00000	0
138	S	0.00000	0	1.00000	0
139	V	0.00000	0	1.00000	0
140	D	0.00002	0	0.99998	0
141	R	0.02592	0	0.97408	0
142	Y	0.36378	0	0.63622	0
143	V	0.65360	0	0.34640	0
144	G	0.93429	0	0.06571	0
145	V	0.99999	0	0.00001	0
146	R	1.00000	0	0.00000	0
147	H	1.00000	0	0.00000	0
148	S	1.00000	0	0.00000	0
149	L	1.00000	0	0.00000	0
150	K	1.00000	0	0.00000	0
151	Y	1.00000	0	0.00000	0
152	P	1.00000	0	0.00000	0
153	A	1.00000	0	0.00000	0
154	I	1.00000	0	0.00000	0
155	M	1.00000	0	0.00000	0
156	T	1.00000	0	0.00000	0
157	E	1.00000	0	0.00000	0
158	R	0.99988	0	0.00012	0
159	K	0.99188	0	0.00812	0
160	A	0.29767	0	0.70233	0
161	A	0.06333	0	0.93667	0
162	A	0.01518	0	0.98482	0
163	I	0.00003	0	0.99997	0
164	L	0.00000	0	1.00000	0
165	A	0.00000	0	1.00000	0
166	L	0.00000	0	1.00000	0
167	L	0.00000	0	1.00000	0
168	W	0.00000	0	1.00000	0
169	A	0.00000	0	1.00000	0
170	V	0.00000	0	1.00000	0
171	A	0.00000	0	1.00000	0
172	L	0.00000	0	1.00000	0
173	V	0.00000	0	1.00000	0
174	V	0.00000	0	1.00000	0
175	S	0.00000	0	1.00000	0
176	V	0.00000	0	1.00000	0
177	G	0.00000	0	1.00000	0
178	P	0.00000	4e-05	0.99996	0
179	L	0.00000	0.00064	0.99936	0
180	L	0.00000	0.03137	0.96863	0
181	G	0.00000	0.51986	0.48014	0
182	W	0.00000	0.70892	0.29108	0
183	K	0.00000	0.99661	0.00339	0
184	E	0.00000	0.99996	0.00004	0
185	P	0.00000	1	0.00000	0
186	V	0.00000	1	0.00000	0
187	P	0.00000	1	0.00000	0
188	P	0.00000	1	0.00000	0
189	D	0.00000	1	0.00000	0
190	D	0.00000	1	0.00000	0
191	R	0.00000	1	0.00000	0
192	F	0.00000	1	0.00000	0
193	C	0.00000	1	0.00000	0
194	G	0.00000	1	0.00000	0
195	I	0.00000	1	0.00000	0
196	T	0.00000	1	0.00000	0
197	E	0.00000	0.99999	0.00001	0
198	E	0.00000	0.99959	0.00041	0
199	A	0.00000	0.99151	0.00849	0
200	G	0.00000	0.86817	0.13183	0
201	Y	0.00000	0.25132	0.74868	0
202	A	0.00000	0.11653	0.88347	0
203	V	0.00000	0.0148	0.98520	0
204	F	0.00000	0.00071	0.99929	0
205	S	0.00000	0.00063	0.99937	0
206	S	0.00000	8e-05	0.99992	0
207	V	0.00000	5e-05	0.99995	0
208	C	0.00000	0	1.00000	0
209	S	0.00000	0	1.00000	0
210	F	0.00000	0	1.00000	0
211	Y	0.00000	0	1.00000	0
212	L	0.00000	0	1.00000	0
213	P	0.00000	0	1.00000	0
214	M	0.00000	0	1.00000	0
215	A	0.00000	0	1.00000	0
216	V	0.00000	0	1.00000	0
217	I	0.00000	0	1.00000	0
218	L	0.00000	0	1.00000	0
219	V	0.00000	0	1.00000	0
220	M	0.00000	0	1.00000	0
221	Y	0.00003	0	0.99997	0
222	F	0.00117	0	0.99883	0
223	R	0.03575	0	0.96425	0
224	V	0.04079	0	0.95921	0
225	Y	0.07123	0	0.92877	0
226	V	0.32315	0	0.67685	0
227	V	0.49597	0	0.50403	0
228	A	0.99658	0	0.00342	0
229	R	0.99992	0	0.00008	0
230	R	1.00000	0	0.00000	0
231	T	1.00000	0	0.00000	0
232	T	1.00000	0	0.00000	0
233	R	1.00000	0	0.00000	0
234	S	1.00000	0	0.00000	0
235	L	1.00000	0	0.00000	0
236	E	1.00000	0	0.00000	0
237	A	1.00000	0	0.00000	0
238	G	1.00000	0	0.00000	0
239	V	1.00000	0	0.00000	0
240	K	1.00000	0	0.00000	0
241	R	1.00000	0	0.00000	0
242	E	1.00000	0	0.00000	0
243	R	1.00000	0	0.00000	0
244	S	1.00000	0	0.00000	0
245	K	1.00000	0	0.00000	0
246	S	1.00000	0	0.00000	0
247	T	1.00000	0	0.00000	0
248	D	1.00000	0	0.00000	0
249	I	1.00000	0	0.00000	0
250	V	1.00000	0	0.00000	0
251	L	1.00000	0	0.00000	0
252	R	1.00000	0	0.00000	0
253	I	1.00000	0	0.00000	0
254	H	1.00000	0	0.00000	0
255	C	1.00000	0	0.00000	0
256	R	1.00000	0	0.00000	0
257	S	1.00000	0	0.00000	0
258	S	1.00000	0	0.00000	0
259	G	1.00000	0	0.00000	0
260	P	1.00000	0	0.00000	0
261	D	1.00000	0	0.00000	0
262	D	1.00000	0	0.00000	0
263	S	1.00000	0	0.00000	0
264	R	1.00000	0	0.00000	0
265	A	1.00000	0	0.00000	0
266	A	1.00000	0	0.00000	0
267	K	1.00000	0	0.00000	0
268	G	1.00000	0	0.00000	0
269	H	1.00000	0	0.00000	0
270	N	1.00000	0	0.00000	0
271	F	1.00000	0	0.00000	0
272	R	1.00000	0	0.00000	0
273	S	1.00000	0	0.00000	0
274	S	1.00000	0	0.00000	0
275	L	1.00000	0	0.00000	0
276	S	1.00000	0	0.00000	0
277	V	1.00000	0	0.00000	0
278	R	1.00000	0	0.00000	0
279	L	1.00000	0	0.00000	0
280	L	1.00000	0	0.00000	0
281	K	1.00000	0	0.00000	0
282	F	1.00000	0	0.00000	0
283	S	1.00000	0	0.00000	0
284	R	1.00000	0	0.00000	0
285	E	1.00000	0	0.00000	0
286	K	0.99729	0	0.00271	0
287	K	0.99714	0	0.00286	0
288	A	0.97805	0	0.02195	0
289	A	0.97563	0	0.02437	0
290	K	0.92155	0	0.07845	0
291	T	0.76977	0	0.23023	0
292	L	0.01961	0	0.98039	0
293	A	0.00127	0	0.99873	0
294	I	0.00066	0	0.99934	0
295	V	0.00004	0	0.99996	0
296	V	0.00003	0	0.99997	0
297	G	0.00000	0	1.00000	0
298	V	0.00000	0	1.00000	0
299	F	0.00000	0	1.00000	0
300	V	0.00000	0	1.00000	0
301	L	0.00000	0	1.00000	0
302	C	0.00000	0	1.00000	0
303	W	0.00000	0	1.00000	0
304	F	0.00000	0	1.00000	0
305	P	0.00000	0	1.00000	0
306	F	0.00000	0	1.00000	0
307	F	0.00000	0	1.00000	0
308	F	0.00000	1e-05	0.99999	0
309	V	0.00000	0.00011	0.99989	0
310	L	0.00000	0.00059	0.99941	0
311	P	0.00000	0.0093	0.99070	0
312	L	0.00000	0.01446	0.98554	0
313	G	0.00000	0.05826	0.94174	0
314	S	0.00000	0.07956	0.92044	0
315	L	0.00000	0.09562	0.90438	0
316	F	0.00000	0.16632	0.83368	0
317	P	0.00000	0.76375	0.23625	0
318	Q	0.00000	0.88862	0.11138	0
319	L	0.00000	0.91486	0.08514	0
320	K	0.00000	0.99947	0.00053	0
321	P	0.00000	0.99993	0.00007	0
322	S	0.00000	0.99998	0.00002	0
323	E	0.00000	0.99982	0.00018	0
324	G	0.00000	0.99748	0.00252	0
325	V	0.00000	0.95721	0.04279	0
326	F	0.00000	0.94722	0.05278	0
327	K	0.00000	0.74187	0.25813	0
328	V	0.00000	0.00538	0.99462	0
329	I	0.00000	0.00022	0.99978	0
330	F	0.00000	0	1.00000	0
331	W	0.00000	0	1.00000	0
332	L	0.00000	0	1.00000	0
333	G	0.00000	0	1.00000	0
334	Y	0.00000	0	1.00000	0
335	F	0.00000	0	1.00000	0
336	N	0.00000	0	1.00000	0
337	S	0.00000	0	1.00000	0
338	C	0.00000	0	1.00000	0
339	V	0.00000	0	1.00000	0
340	N	0.00000	0	1.00000	0
341	P	0.00000	0	1.00000	0
342	I	0.00000	0	1.00000	0
343	I	0.00000	0	1.00000	0
344	Y	0.00001	0	0.99999	0
345	P	0.00015	0	0.99985	0
346	C	0.00311	0	0.99689	0
347	S	0.23572	0	0.76428	0
348	S	0.53856	0	0.46144	0
349	K	1.00000	0	0.00000	0
350	E	1.00000	0	0.00000	0
351	F	1.00000	0	0.00000	0
352	K	1.00000	0	0.00000	0
353	R	1.00000	0	0.00000	0
354	A	1.00000	0	0.00000	0
355	F	1.00000	0	0.00000	0
356	L	1.00000	0	0.00000	0
357	R	1.00000	0	0.00000	0
358	L	1.00000	0	0.00000	0
359	L	1.00000	0	0.00000	0
360	R	1.00000	0	0.00000	0
361	C	1.00000	0	0.00000	0
362	Q	1.00000	0	0.00000	0
363	R	1.00000	0	0.00000	0
364	R	1.00000	0	0.00000	0
365	P	1.00000	0	0.00000	0
366	P	1.00000	0	0.00000	0
367	H	1.00000	0	0.00000	0
368	G	1.00000	0	0.00000	0
369	Q	1.00000	0	0.00000	0
370	W	1.00000	0	0.00000	0
371	A	1.00000	0	0.00000	0
372	P	1.00000	0	0.00000	0
373	A	1.00000	0	0.00000	0
374	A	1.00000	0	0.00000	0
375	G	1.00000	0	0.00000	0
376	S	1.00000	0	0.00000	0
377	A	1.00000	0	0.00000	0
378	K	1.00000	0	0.00000	0
379	R	1.00000	0	0.00000	0
380	D	1.00000	0	0.00000	0
381	R	1.00000	0	0.00000	0
382	G	1.00000	0	0.00000	0
383	G	1.00000	0	0.00000	0
384	G	1.00000	0	0.00000	0
385	C	1.00000	0	0.00000	0
386	R	1.00000	0	0.00000	0
387	W	1.00000	0	0.00000	0
388	M	1.00000	0	0.00000	0
389	E	1.00000	0	0.00000	0
390	T	1.00000	0	0.00000	0
391	R	1.00000	0	0.00000	0
392	P	1.00000	0	0.00000	0
393	E	1.00000	0	0.00000	0
394	A	1.00000	0	0.00000	0
395	E	1.00000	0	0.00000	0
396	R	1.00000	0	0.00000	0
397	G	1.00000	0	0.00000	0
398	R	1.00000	0	0.00000	0
399	P	1.00000	0	0.00000	0
400	A	1.00000	0	0.00000	0
401	L	1.00000	0	0.00000	0
402	R	1.00000	0	0.00000	0
403	P	1.00000	0	0.00000	0
404	E	1.00000	0	0.00000	0
405	H	1.00000	0	0.00000	0
406	T	1.00000	0	0.00000	0
407	L	1.00000	0	0.00000	0
408	T	1.00000	0	0.00000	0
409	T	1.00000	0	0.00000	0
410	P	1.00000	0	0.00000	0
411	G	1.00000	0	0.00000	0
412	P	1.00000	0	0.00000	0
413	L	1.00000	0	0.00000	0
414	W	1.00000	0	0.00000	0
415	L	1.00000	0	0.00000	0
416	W	1.00000	0	0.00000	0
417	F	1.00000	0	0.00000	0
418	Y	1.00000	0	0.00000	0
419	G	1.00000	0	0.00000	0
420	S	1.00000	0	0.00000	0
421	F	1.00000	0	0.00000	0
422	G	1.00000	0	0.00000	0
423	G	1.00000	0	0.00000	0
424	R	1.00000	0	0.00000	0
425	G	1.00000	0	0.00000	0
426	S	1.00000	0	0.00000	0
427	G	1.00000	0	0.00000	0
428	Q	1.00000	0	0.00000	0
429	G	1.00000	0	0.00000	0
430	G	1.00000	0	0.00000	0
431	P	1.00000	0	0.00000	0
432	G	1.00000	0	0.00000	0
433	F	1.00000	0	0.00000	0
434	S	1.00000	0	0.00000	0
435	Q	1.00000	0	0.00000	0
436	T	1.00000	0	0.00000	0
437	A	1.00000	0	0.00000	0
438	I	1.00000	0	0.00000	0
439	S	1.00000	0	0.00000	0
440	S	1.00000	0	0.00000	0
441	F	1.00000	0	0.00000	0
442	L	1.00000	0	0.00000	0
443	R	1.00000	0	0.00000	0
444	V	1.00000	0	0.00000	0
445	W	1.00000	0	0.00000	0
446	G	1.00000	0	0.00000	0
447	L	1.00000	0	0.00000	0
448	S	1.00000	0	0.00000	0
449	S	1.00000	0	0.00000	0
450	I	1.00000	0	0.00000	0
451	P	1.00000	0	0.00000	0
452	R	1.00000	0	0.00000	0
453	Q	1.00000	0	0.00000	0
454	G	1.00000	0	0.00000	0
455	Q	1.00000	0	0.00000	0
456	P	1.00000	0	0.00000	0
457	G	1.00000	0	0.00000	0
458	H	1.00000	0	0.00000	0
459	L	1.00000	0	0.00000	0
460	D	1.00000	0	0.00000	0
461	Q	1.00000	0	0.00000	0
462	C	1.00000	0	0.00000	0
463	S	1.00000	0	0.00000	0
464	W	1.00000	0	0.00000	0
465	L	1.00000	0	0.00000	0
466	K	1.00000	0	0.00000	0
467	S	1.00000	0	0.00000	0
468	T	1.00000	0	0.00000	0
469	N	1.00000	0	0.00000	0
470	S	1.00000	0	0.00000	0
471	R	1.00000	0	0.00000	0
472	C	1.00000	0	0.00000	0
473	L	1.00000	0	0.00000	0
474	P	1.00000	0	0.00000	0
475	R	1.00000	0	0.00000	0
476	G	1.00000	0	0.00000	0
477	P	1.00000	0	0.00000	0
478	G	1.00000	0	0.00000	0
479	P	1.00000	0	0.00000	0
480	S	1.00000	0	0.00000	0
481	F	1.00000	0	0.00000	0
482	P	1.00000	0	0.00000	0
483	Q	1.00000	0	0.00000	0
484	A	1.00000	0	0.00000	0
485	P	1.00000	0	0.00000	0
486	S	1.00000	0	0.00000	0
487	P	1.00000	0	0.00000	0
488	S	1.00000	0	0.00000	0
489	S	1.00000	0	0.00000	0
490	G	1.00000	0	0.00000	0
491	P	1.00000	0	0.00000	0
492	W	1.00000	0	0.00000	0
493	S	1.00000	0	0.00000	0
494	P	1.00000	0	0.00000	0
495	P	1.00000	0	0.00000	0
496	D	1.00000	0	0.00000	0
497	M	1.00000	0	0.00000	0
498	E	1.00000	0	0.00000	0
499	P	1.00000	0	0.00000	0
500	I	1.00000	0	0.00000	0
501	S	1.00000	0	0.00000	0
502	H	1.00000	0	0.00000	0
503	P	1.00000	0	0.00000	0
504	I	1.00000	0	0.00000	0
505	L	1.00000	0	0.00000	0
506	V	1.00000	0	0.00000	0
507	E	1.00000	0	0.00000	0
508	A	1.00000	0	0.00000	0
509	P	1.00000	0	0.00000	0
510	S	1.00000	0	0.00000	0
511	L	1.00000	0	0.00000	0
512	T	1.00000	0	0.00000	0
513	C	1.00000	0	0.00000	0
514	H	1.00000	0	0.00000	0
515	L	1.00000	0	0.00000	0
