# UNNAMED
#pos	aa	i	o	M	S
1	M	0.00000	0.99992	0.00000	8e-05
2	T	0.00000	0.99992	0.00000	8e-05
3	L	0.00000	0.99992	0.00000	8e-05
4	N	0.00000	0.99992	0.00000	8e-05
5	I	0.00000	0.99992	0.00000	8e-05
6	T	0.00000	0.99992	0.00000	8e-05
7	S	0.00000	0.99992	0.00000	8e-05
8	M	0.00000	0.99992	0.00000	8e-05
9	D	0.00000	0.99992	0.00000	8e-05
10	E	0.00000	0.99992	0.00000	8e-05
11	D	0.00000	0.99992	0.00000	8e-05
12	V	0.00000	0.99992	0.00000	8e-05
13	L	0.00000	0.99992	0.00000	8e-05
14	L	0.00000	0.99992	0.00000	8e-05
15	A	0.00000	0.99999	0.00000	0
16	E	0.00000	1	0.00000	0
17	R	0.00000	1	0.00000	0
18	D	0.00000	1	0.00000	0
19	S	0.00000	0.99817	0.00183	0
20	S	0.00000	0.98946	0.01054	0
21	F	0.00000	0.88785	0.11215	0
22	R	0.00000	0.86714	0.13286	0
23	V	0.00000	0.71061	0.28939	0
24	L	0.00000	0.56359	0.43641	0
25	T	0.00000	0.48274	0.51726	0
26	G	0.00000	0.45076	0.54924	0
27	C	0.00000	0.38362	0.61638	0
28	F	0.00000	0.11115	0.88885	0
29	L	0.00000	0.02427	0.97573	0
30	S	0.00000	0.00875	0.99125	0
31	V	0.00000	0.00122	0.99878	0
32	L	0.00000	6e-05	0.99994	0
33	I	0.00000	0	1.00000	0
34	L	0.00000	0	1.00000	0
35	S	0.00000	0	1.00000	0
36	T	0.00000	0	1.00000	0
37	L	0.00000	0	1.00000	0
38	L	0.00000	0	1.00000	0
39	G	0.00000	0	1.00000	0
40	N	0.00000	0	1.00000	0
41	T	0.00000	0	1.00000	0
42	L	0.00000	0	1.00000	0
43	V	0.00000	0	1.00000	0
44	C	0.00001	0	0.99999	0
45	A	0.00032	0	0.99968	0
46	A	0.00473	0	0.99527	0
47	V	0.02478	0	0.97522	0
48	I	0.10570	0	0.89430	0
49	R	0.80481	0	0.19519	0
50	F	0.83177	0	0.16823	0
51	R	0.99398	0	0.00602	0
52	H	0.99861	0	0.00139	0
53	L	0.99954	0	0.00046	0
54	R	1.00000	0	0.00000	0
55	S	0.99999	0	0.00001	0
56	K	0.99967	0	0.00033	0
57	V	0.96377	0	0.03623	0
58	T	0.93021	0	0.06979	0
59	N	0.13972	0	0.86028	0
60	F	0.01688	0	0.98312	0
61	F	0.00017	0	0.99983	0
62	V	0.00002	0	0.99998	0
63	I	0.00000	0	1.00000	0
64	S	0.00000	0	1.00000	0
65	L	0.00000	0	1.00000	0
66	A	0.00000	0	1.00000	0
67	V	0.00000	0	1.00000	0
68	S	0.00000	0	1.00000	0
69	D	0.00000	0	1.00000	0
70	L	0.00000	0	1.00000	0
71	L	0.00000	0	1.00000	0
72	V	0.00000	0	1.00000	0
73	A	0.00000	0	1.00000	0
74	V	0.00000	0	1.00000	0
75	L	0.00000	0	1.00000	0
76	V	0.00000	2e-05	0.99998	0
77	M	0.00000	0.00059	0.99941	0
78	P	0.00000	0.01119	0.98881	0
79	W	0.00000	0.12163	0.87837	0
80	K	0.00000	0.43917	0.56083	0
81	A	0.00000	0.61509	0.38491	0
82	V	0.00000	0.77514	0.22486	0
83	A	0.00000	0.99982	0.00018	0
84	E	0.00000	1	0.00000	0
85	I	0.00000	1	0.00000	0
86	A	0.00000	1	0.00000	0
87	G	0.00000	1	0.00000	0
88	F	0.00000	1	0.00000	0
89	W	0.00000	1	0.00000	0
90	P	0.00000	1	0.00000	0
91	F	0.00000	1	0.00000	0
92	G	0.00000	1	0.00000	0
93	T	0.00000	1	0.00000	0
94	F	0.00000	1	0.00000	0
95	C	0.00000	1	0.00000	0
96	N	0.00000	0.99999	0.00001	0
97	I	0.00000	0.99776	0.00224	0
98	W	0.00000	0.80967	0.19033	0
99	V	0.00000	0.09039	0.90961	0
100	A	0.00000	0.00247	0.99753	0
101	F	0.00000	5e-05	0.99995	0
102	D	0.00000	1e-05	0.99999	0
103	I	0.00000	0	1.00000	0
104	M	0.00000	0	1.00000	0
105	C	0.00000	0	1.00000	0
106	S	0.00000	0	1.00000	0
107	T	0.00000	0	1.00000	0
108	A	0.00000	0	1.00000	0
109	S	0.00000	0	1.00000	0
110	I	0.00000	0	1.00000	0
111	L	0.00000	0	1.00000	0
112	N	0.00000	0	1.00000	0
113	L	0.00000	0	1.00000	0
114	C	0.00000	0	1.00000	0
115	V	0.00000	0	1.00000	0
116	I	0.00000	0	1.00000	0
117	S	0.00000	0	1.00000	0
118	V	0.00000	0	1.00000	0
119	D	0.00007	0	0.99993	0
120	R	0.13414	0	0.86586	0
121	Y	0.48877	0	0.51123	0
122	W	0.83736	0	0.16264	0
123	A	0.99118	0	0.00882	0
124	I	1.00000	0	0.00000	0
125	S	1.00000	0	0.00000	0
126	S	1.00000	0	0.00000	0
127	P	1.00000	0	0.00000	0
128	F	1.00000	0	0.00000	0
129	R	1.00000	0	0.00000	0
130	Y	1.00000	0	0.00000	0
131	E	1.00000	0	0.00000	0
132	R	1.00000	0	0.00000	0
133	K	1.00000	0	0.00000	0
134	M	0.99995	0	0.00005	0
135	T	0.99984	0	0.00016	0
136	P	0.99921	0	0.00079	0
137	K	0.93309	0	0.06691	0
138	V	0.10739	0	0.89261	0
139	A	0.01252	0	0.98748	0
140	F	0.00089	0	0.99911	0
141	I	0.00005	0	0.99995	0
142	M	0.00001	0	0.99999	0
143	I	0.00000	0	1.00000	0
144	S	0.00000	0	1.00000	0
145	V	0.00000	0	1.00000	0
146	A	0.00000	0	1.00000	0
147	W	0.00000	0	1.00000	0
148	T	0.00000	0	1.00000	0
149	L	0.00000	0	1.00000	0
150	S	0.00000	0	1.00000	0
151	I	0.00000	0	1.00000	0
152	L	0.00000	0	1.00000	0
153	I	0.00000	0	1.00000	0
154	S	0.00000	0	1.00000	0
155	F	0.00000	0	1.00000	0
156	I	0.00000	0.00033	0.99967	0
157	P	0.00000	0.02698	0.97302	0
158	V	0.00000	0.09046	0.90954	0
159	Q	0.00000	0.57035	0.42965	0
160	L	0.00000	0.69064	0.30936	0
161	N	0.00000	0.97434	0.02566	0
162	W	0.00000	0.98938	0.01062	0
163	H	0.00000	0.99918	0.00082	0
164	K	0.00000	1	0.00000	0
165	A	0.00000	1	0.00000	0
166	K	0.00000	1	0.00000	0
167	T	0.00000	1	0.00000	0
168	T	0.00000	1	0.00000	0
169	S	0.00000	1	0.00000	0
170	F	0.00000	1	0.00000	0
171	F	0.00000	1	0.00000	0
172	D	0.00000	1	0.00000	0
173	L	0.00000	1	0.00000	0
174	N	0.00000	1	0.00000	0
175	I	0.00000	1	0.00000	0
176	T	0.00000	1	0.00000	0
177	L	0.00000	1	0.00000	0
178	H	0.00000	1	0.00000	0
179	G	0.00000	1	0.00000	0
180	R	0.00000	1	0.00000	0
181	T	0.00000	1	0.00000	0
182	M	0.00000	1	0.00000	0
183	D	0.00000	1	0.00000	0
184	N	0.00000	1	0.00000	0
185	C	0.00000	1	0.00000	0
186	D	0.00000	1	0.00000	0
187	S	0.00000	0.99985	0.00015	0
188	S	0.00000	0.99874	0.00126	0
189	L	0.00000	0.99598	0.00402	0
190	N	0.00000	0.99573	0.00427	0
191	R	0.00000	0.96363	0.03637	0
192	T	0.00000	0.56245	0.43755	0
193	Y	0.00000	0.02255	0.97745	0
194	A	0.00000	0.01351	0.98649	0
195	I	0.00000	0.00973	0.99027	0
196	S	0.00000	0.00163	0.99837	0
197	S	0.00000	0.00139	0.99861	0
198	S	0.00000	0.0002	0.99980	0
199	L	0.00000	0.0001	0.99990	0
200	I	0.00000	0	1.00000	0
201	S	0.00000	0	1.00000	0
202	F	0.00000	0	1.00000	0
203	Y	0.00000	0	1.00000	0
204	I	0.00000	0	1.00000	0
205	P	0.00000	0	1.00000	0
206	V	0.00000	0	1.00000	0
207	A	0.00000	0	1.00000	0
208	I	0.00000	0	1.00000	0
209	M	0.00000	0	1.00000	0
210	I	0.00000	0	1.00000	0
211	V	0.00010	0	0.99990	0
212	T	0.00129	0	0.99871	0
213	Y	0.00333	0	0.99667	0
214	T	0.07066	0	0.92934	0
215	R	0.16620	0	0.83380	0
216	I	0.17612	0	0.82388	0
217	Y	0.23970	0	0.76030	0
218	R	0.96158	0	0.03842	0
219	I	0.96738	0	0.03262	0
220	A	0.99951	0	0.00049	0
221	A	0.99978	0	0.00022	0
222	K	1.00000	0	0.00000	0
223	Q	1.00000	0	0.00000	0
224	I	1.00000	0	0.00000	0
225	R	1.00000	0	0.00000	0
226	R	1.00000	0	0.00000	0
227	I	1.00000	0	0.00000	0
228	S	1.00000	0	0.00000	0
229	A	1.00000	0	0.00000	0
230	L	1.00000	0	0.00000	0
231	E	1.00000	0	0.00000	0
232	R	1.00000	0	0.00000	0
233	A	1.00000	0	0.00000	0
234	A	1.00000	0	0.00000	0
235	V	1.00000	0	0.00000	0
236	H	1.00000	0	0.00000	0
237	A	1.00000	0	0.00000	0
238	K	1.00000	0	0.00000	0
239	N	1.00000	0	0.00000	0
240	C	1.00000	0	0.00000	0
241	Q	1.00000	0	0.00000	0
242	N	1.00000	0	0.00000	0
243	S	1.00000	0	0.00000	0
244	T	1.00000	0	0.00000	0
245	G	1.00000	0	0.00000	0
246	N	1.00000	0	0.00000	0
247	R	1.00000	0	0.00000	0
248	N	1.00000	0	0.00000	0
249	S	1.00000	0	0.00000	0
250	L	1.00000	0	0.00000	0
251	D	1.00000	0	0.00000	0
252	C	1.00000	0	0.00000	0
253	Q	1.00000	0	0.00000	0
254	Q	1.00000	0	0.00000	0
255	P	1.00000	0	0.00000	0
256	E	1.00000	0	0.00000	0
257	S	1.00000	0	0.00000	0
258	S	1.00000	0	0.00000	0
259	L	1.00000	0	0.00000	0
260	K	1.00000	0	0.00000	0
261	T	1.00000	0	0.00000	0
262	S	1.00000	0	0.00000	0
263	F	1.00000	0	0.00000	0
264	K	1.00000	0	0.00000	0
265	R	1.00000	0	0.00000	0
266	E	1.00000	0	0.00000	0
267	T	0.91948	0	0.08052	0
268	K	0.91763	0	0.08237	0
269	V	0.21327	0	0.78673	0
270	L	0.18144	0	0.81856	0
271	K	0.18115	0	0.81885	0
272	T	0.15549	0	0.84451	0
273	L	0.00355	0	0.99645	0
274	S	0.00079	0	0.99921	0
275	V	0.00042	0	0.99958	0
276	I	0.00003	0	0.99997	0
277	M	0.00000	0	1.00000	0
278	G	0.00000	0	1.00000	0
279	V	0.00000	0	1.00000	0
280	F	0.00000	0	1.00000	0
281	V	0.00000	0	1.00000	0
282	C	0.00000	0	1.00000	0
283	C	0.00000	0	1.00000	0
284	W	0.00000	0	1.00000	0
285	L	0.00000	0	1.00000	0
286	P	0.00000	0	1.00000	0
287	F	0.00000	0	1.00000	0
288	F	0.00000	2e-05	0.99998	0
289	I	0.00000	0.00319	0.99681	0
290	L	0.00000	0.03961	0.96039	0
291	N	0.00000	0.38399	0.61601	0
292	C	0.00000	0.52955	0.47045	0
293	I	0.00000	0.54731	0.45269	0
294	V	0.00000	0.6031	0.39690	0
295	P	0.00000	0.747	0.25300	0
296	F	0.00000	0.78356	0.21644	0
297	C	0.00000	0.90626	0.09374	0
298	D	0.00000	0.99951	0.00049	0
299	P	0.00000	0.99966	0.00034	0
300	S	0.00000	0.99967	0.00033	0
301	L	0.00000	0.99966	0.00034	0
302	T	0.00000	0.9997	0.00030	0
303	T	0.00000	0.99975	0.00025	0
304	S	0.00000	0.99983	0.00017	0
305	G	0.00000	0.99985	0.00015	0
306	T	0.00000	0.99985	0.00015	0
307	E	0.00000	0.99985	0.00015	0
308	P	0.00000	0.99985	0.00015	0
309	F	0.00000	0.99985	0.00015	0
310	C	0.00000	0.99985	0.00015	0
311	I	0.00000	0.99984	0.00016	0
312	S	0.00000	0.99984	0.00016	0
313	S	0.00000	0.9998	0.00020	0
314	T	0.00000	0.99885	0.00115	0
315	T	0.00000	0.99719	0.00281	0
316	F	0.00000	0.99279	0.00721	0
317	D	0.00000	0.90078	0.09922	0
318	V	0.00000	0.08973	0.91027	0
319	F	0.00000	0.08232	0.91768	0
320	V	0.00000	0.00379	0.99621	0
321	W	0.00000	0.00011	0.99988	0
322	F	0.00001	0	0.99999	0
323	G	0.00007	0	0.99993	0
324	W	0.00011	0	0.99989	0
325	A	0.00013	0	0.99987	0
326	N	0.00015	0	0.99985	0
327	S	0.00015	0	0.99985	0
328	S	0.00015	0	0.99985	0
329	L	0.00015	0	0.99985	0
330	N	0.00015	0	0.99985	0
331	P	0.00015	0	0.99985	0
332	I	0.00015	0	0.99985	0
333	I	0.00015	0	0.99985	0
334	Y	0.00015	0	0.99985	0
335	A	0.00016	0	0.99984	0
336	F	0.00056	0	0.99944	0
337	N	0.11510	0	0.88490	0
338	A	0.42744	0	0.57256	0
339	D	0.83233	0	0.16767	0
340	F	0.87803	0	0.12197	0
341	R	1.00000	0	0.00000	0
342	K	1.00000	0	0.00000	0
343	A	1.00000	0	0.00000	0
344	F	1.00000	0	0.00000	0
345	S	1.00000	0	0.00000	0
346	N	1.00000	0	0.00000	0
347	L	1.00000	0	0.00000	0
348	L	1.00000	0	0.00000	0
349	G	1.00000	0	0.00000	0
350	C	1.00000	0	0.00000	0
351	Y	1.00000	0	0.00000	0
352	R	1.00000	0	0.00000	0
353	L	1.00000	0	0.00000	0
354	C	1.00000	0	0.00000	0
355	P	1.00000	0	0.00000	0
356	T	1.00000	0	0.00000	0
357	S	1.00000	0	0.00000	0
358	N	1.00000	0	0.00000	0
359	N	1.00000	0	0.00000	0
360	V	1.00000	0	0.00000	0
361	I	1.00000	0	0.00000	0
362	E	1.00000	0	0.00000	0
363	T	1.00000	0	0.00000	0
364	V	1.00000	0	0.00000	0
365	S	1.00000	0	0.00000	0
366	I	1.00000	0	0.00000	0
367	N	1.00000	0	0.00000	0
368	N	1.00000	0	0.00000	0
369	N	1.00000	0	0.00000	0
370	G	1.00000	0	0.00000	0
371	A	1.00000	0	0.00000	0
372	V	1.00000	0	0.00000	0
373	V	1.00000	0	0.00000	0
374	Y	1.00000	0	0.00000	0
375	S	1.00000	0	0.00000	0
376	C	1.00000	0	0.00000	0
377	Q	1.00000	0	0.00000	0
378	Q	1.00000	0	0.00000	0
379	E	1.00000	0	0.00000	0
380	P	1.00000	0	0.00000	0
381	K	1.00000	0	0.00000	0
382	G	1.00000	0	0.00000	0
383	S	1.00000	0	0.00000	0
384	I	1.00000	0	0.00000	0
385	P	1.00000	0	0.00000	0
386	N	1.00000	0	0.00000	0
387	E	1.00000	0	0.00000	0
388	C	1.00000	0	0.00000	0
389	N	1.00000	0	0.00000	0
390	L	1.00000	0	0.00000	0
391	L	1.00000	0	0.00000	0
392	Y	1.00000	0	0.00000	0
393	L	1.00000	0	0.00000	0
394	I	1.00000	0	0.00000	0
395	P	1.00000	0	0.00000	0
396	H	1.00000	0	0.00000	0
397	A	1.00000	0	0.00000	0
398	I	1.00000	0	0.00000	0
399	I	1.00000	0	0.00000	0
400	C	1.00000	0	0.00000	0
401	P	1.00000	0	0.00000	0
402	E	1.00000	0	0.00000	0
403	D	1.00000	0	0.00000	0
404	E	1.00000	0	0.00000	0
405	V	1.00000	0	0.00000	0
406	L	1.00000	0	0.00000	0
407	K	1.00000	0	0.00000	0
408	K	1.00000	0	0.00000	0
409	E	1.00000	0	0.00000	0
410	D	1.00000	0	0.00000	0
411	E	1.00000	0	0.00000	0
412	S	1.00000	0	0.00000	0
413	G	1.00000	0	0.00000	0
414	L	1.00000	0	0.00000	0
415	S	1.00000	0	0.00000	0
416	K	1.00000	0	0.00000	0
417	S	1.00000	0	0.00000	0
418	L	1.00000	0	0.00000	0
419	E	1.00000	0	0.00000	0
420	K	1.00000	0	0.00000	0
421	M	1.00000	0	0.00000	0
422	S	1.00000	0	0.00000	0
423	P	1.00000	0	0.00000	0
424	A	1.00000	0	0.00000	0
425	F	1.00000	0	0.00000	0
426	S	1.00000	0	0.00000	0
427	G	1.00000	0	0.00000	0
428	I	1.00000	0	0.00000	0
429	L	1.00000	0	0.00000	0
430	D	1.00000	0	0.00000	0
431	Y	1.00000	0	0.00000	0
432	D	1.00000	0	0.00000	0
433	A	1.00000	0	0.00000	0
434	D	1.00000	0	0.00000	0
435	V	1.00000	0	0.00000	0
436	S	1.00000	0	0.00000	0
437	L	1.00000	0	0.00000	0
438	E	1.00000	0	0.00000	0
439	K	1.00000	0	0.00000	0
440	I	1.00000	0	0.00000	0
441	N	1.00000	0	0.00000	0
442	P	1.00000	0	0.00000	0
443	I	1.00000	0	0.00000	0
444	T	1.00000	0	0.00000	0
445	Q	1.00000	0	0.00000	0
446	N	1.00000	0	0.00000	0
447	G	1.00000	0	0.00000	0
448	Q	1.00000	0	0.00000	0
449	P	1.00000	0	0.00000	0
450	K	1.00000	0	0.00000	0
451	T	1.00000	0	0.00000	0
