# UNNAMED
#pos	aa	i	o	M	S
1	M	0.00000	1	0.00000	0
2	A	0.00000	1	0.00000	0
3	P	0.00000	1	0.00000	0
4	G	0.00000	0.99928	0.00072	0
5	V	0.00000	0.99507	0.00493	0
6	T	0.00000	0.9892	0.01080	0
7	S	0.00000	0.97217	0.02783	0
8	K	0.00000	0.94006	0.05994	0
9	A	0.00000	0.26125	0.73875	0
10	F	0.00000	0.0659	0.93410	0
11	I	0.00000	0.00391	0.99609	0
12	S	0.00000	0.00175	0.99825	0
13	G	0.00000	0.00102	0.99898	0
14	S	0.00000	0.00024	0.99976	0
15	I	0.00000	0	1.00000	0
16	L	0.00000	0	1.00000	0
17	S	0.00000	0	1.00000	0
18	I	0.00000	0	1.00000	0
19	G	0.00000	0	1.00000	0
20	A	0.00000	0	1.00000	0
21	F	0.00000	0	1.00000	0
22	C	0.00000	0	1.00000	0
23	I	0.00000	0	1.00000	0
24	P	0.00000	0	1.00000	0
25	L	0.00000	0	1.00000	0
26	Y	0.00006	0	0.99994	0
27	V	0.00101	0	0.99899	0
28	P	0.02992	0	0.97008	0
29	Y	0.03499	0	0.96501	0
30	V	0.14281	0	0.85719	0
31	L	0.89629	0	0.10371	0
32	T	0.97191	0	0.02809	0
33	G	0.98746	0	0.01254	0
34	R	0.99998	0	0.00002	0
35	W	0.99999	0	0.00001	0
36	P	1.00000	0	0.00000	0
37	F	1.00000	0	0.00000	0
38	G	1.00000	0	0.00000	0
39	R	0.99994	0	0.00006	0
40	G	0.97892	0	0.02108	0
41	L	0.46762	0	0.53238	0
42	C	0.31973	0	0.68027	0
43	K	0.28463	0	0.71537	0
44	L	0.00839	0	0.99161	0
45	W	0.00502	0	0.99498	0
46	L	0.00065	0	0.99935	0
47	V	0.00025	0	0.99975	0
48	V	0.00006	0	0.99994	0
49	D	0.00002	0	0.99998	0
50	Y	0.00000	0	1.00000	0
51	L	0.00000	0	1.00000	0
52	L	0.00000	0	1.00000	0
53	C	0.00000	0	1.00000	0
54	T	0.00000	0	1.00000	0
55	S	0.00000	0	1.00000	0
56	S	0.00000	0	1.00000	0
57	V	0.00000	0	1.00000	0
58	F	0.00000	0	1.00000	0
59	N	0.00000	2e-05	0.99998	0
60	I	0.00000	4e-05	0.99996	0
61	V	0.00000	0.00138	0.99862	0
62	L	0.00000	0.03886	0.96114	0
63	I	0.00000	0.16995	0.83005	0
64	S	0.00000	0.64758	0.35242	0
65	Y	0.00000	0.91605	0.08395	0
66	D	0.00000	0.97796	0.02204	0
67	R	0.00000	0.98048	0.01952	0
68	F	0.00000	0.98104	0.01896	0
69	L	0.00000	0.98197	0.01803	0
70	S	0.00000	0.98994	0.01006	0
71	V	0.00000	0.9907	0.00930	0
72	T	0.00000	0.99775	0.00225	0
73	R	0.00000	0.99936	0.00064	0
74	A	0.00000	0.99946	0.00054	0
75	V	0.00000	0.99955	0.00045	0
76	S	0.00000	0.99997	0.00003	0
77	Y	0.00000	1	0.00000	0
78	R	0.00000	1	0.00000	0
79	A	0.00000	1	0.00000	0
80	Q	0.00000	1	0.00000	0
81	Q	0.00000	1	0.00000	0
82	G	0.00000	1	0.00000	0
83	D	0.00000	1	0.00000	0
84	T	0.00000	0.99998	0.00002	0
85	R	0.00000	0.99925	0.00075	0
86	R	0.00000	0.99771	0.00229	0
87	A	0.00000	0.99557	0.00443	0
88	V	0.00000	0.98676	0.01324	0
89	Q	0.00000	0.98331	0.01669	0
90	K	0.00000	0.94314	0.05686	0
91	M	0.00000	0.35065	0.64935	0
92	V	0.00000	0.03716	0.96284	0
93	L	0.00000	0.00184	0.99816	0
94	V	0.00000	0.00012	0.99988	0
95	W	0.00000	1e-05	0.99999	0
96	V	0.00000	0	1.00000	0
97	L	0.00000	0	1.00000	0
98	A	0.00000	0	1.00000	0
99	F	0.00000	0	1.00000	0
100	L	0.00000	0	1.00000	0
101	L	0.00000	0	1.00000	0
102	Y	0.00000	0	1.00000	0
103	G	0.00000	0	1.00000	0
104	P	0.00000	0	1.00000	0
105	A	0.00000	0	1.00000	0
106	I	0.00000	0	1.00000	0
107	L	0.00000	0	1.00000	0
108	S	0.00000	0	1.00000	0
109	W	0.00000	0	1.00000	0
110	E	0.00007	0	0.99993	0
111	Y	0.00294	0	0.99706	0
112	L	0.01707	0	0.98293	0
113	S	0.09815	0	0.90185	0
114	G	0.88899	0	0.11101	0
115	G	0.99966	0	0.00034	0
116	S	0.99999	0	0.00001	0
117	S	1.00000	0	0.00000	0
118	I	1.00000	0	0.00000	0
119	P	1.00000	0	0.00000	0
120	E	1.00000	0	0.00000	0
121	G	1.00000	0	0.00000	0
122	H	1.00000	0	0.00000	0
123	C	1.00000	0	0.00000	0
124	Y	1.00000	0	0.00000	0
125	A	1.00000	0	0.00000	0
126	E	1.00000	0	0.00000	0
127	F	0.99979	0	0.00021	0
128	F	0.99906	0	0.00094	0
129	Y	0.98143	0	0.01857	0
130	N	0.95978	0	0.04022	0
131	W	0.70755	0	0.29245	0
132	Y	0.36565	0	0.63435	0
133	F	0.04390	0	0.95610	0
134	L	0.00256	0	0.99744	0
135	I	0.00020	0	0.99980	0
136	T	0.00009	0	0.99991	0
137	A	0.00001	0	0.99999	0
138	S	0.00000	0	1.00000	0
139	T	0.00000	0	1.00000	0
140	L	0.00000	0	1.00000	0
141	E	0.00000	0	1.00000	0
142	F	0.00000	0	1.00000	0
143	F	0.00000	0	1.00000	0
144	T	0.00000	0	1.00000	0
145	P	0.00000	0	1.00000	0
146	F	0.00000	0	1.00000	0
147	L	0.00000	1e-05	0.99999	0
148	S	0.00000	0.00022	0.99978	0
149	V	0.00000	0.00068	0.99932	0
150	T	0.00000	0.00397	0.99603	0
151	F	0.00000	0.01231	0.98769	0
152	F	0.00000	0.0843	0.91570	0
153	N	0.00000	0.5552	0.44480	0
154	L	0.00000	0.63617	0.36383	0
155	S	0.00000	0.89676	0.10324	0
156	I	0.00000	0.9476	0.05240	0
157	Y	0.00000	0.98866	0.01134	0
158	L	0.00000	0.99617	0.00383	0
159	N	0.00000	0.99994	0.00006	0
160	I	0.00000	0.99998	0.00002	0
161	Q	0.00000	1	0.00000	0
162	R	0.00000	1	0.00000	0
163	R	0.00000	1	0.00000	0
164	T	0.00000	1	0.00000	0
165	R	0.00000	1	0.00000	0
166	V	0.00000	1	0.00000	0
167	R	0.00000	1	0.00000	0
168	L	0.00000	1	0.00000	0
169	D	0.00000	1	0.00000	0
170	G	0.00000	1	0.00000	0
171	V	0.00000	0.99998	0.00002	0
172	R	0.00000	0.99996	0.00004	0
173	E	0.00000	0.86964	0.13036	0
174	A	0.00000	0.85722	0.14278	0
175	A	0.00000	0.35328	0.64672	0
176	T	0.00000	0.28593	0.71407	0
177	T	0.00000	0.05351	0.94649	0
178	E	0.00000	0.05265	0.94735	0
179	L	0.00000	0.02808	0.97192	0
180	P	0.00000	0.00982	0.99018	0
181	P	0.00000	0.00708	0.99292	0
182	E	0.00000	0.00468	0.99532	0
183	A	0.00000	9e-05	0.99991	0
184	Q	0.00000	0	1.00000	0
185	P	0.00000	0	1.00000	0
186	S	0.00000	0	1.00000	0
187	P	0.00000	0	1.00000	0
188	P	0.00000	0	1.00000	0
189	P	0.00000	0	1.00000	0
190	T	0.00000	0	1.00000	0
191	A	0.00000	0	1.00000	0
192	P	0.00000	0	1.00000	0
193	S	0.00000	0	1.00000	0
194	C	0.00000	0	1.00000	0
195	W	0.00000	0	1.00000	0
196	G	0.00009	0	0.99991	0
197	C	0.00021	0	0.99979	0
198	W	0.01341	0	0.98659	0
199	P	0.83765	0	0.16235	0
200	R	0.93985	0	0.06015	0
201	G	0.94858	0	0.05142	0
202	T	0.97228	0	0.02772	0
203	E	0.99359	0	0.00641	0
204	R	0.99512	0	0.00488	0
205	P	0.99998	0	0.00002	0
206	R	0.99999	0	0.00001	0
207	S	0.99999	0	0.00001	0
208	L	0.99999	0	0.00001	0
209	K	1.00000	0	0.00000	0
210	R	1.00000	0	0.00000	0
211	G	1.00000	0	0.00000	0
212	S	1.00000	0	0.00000	0
213	K	1.00000	0	0.00000	0
214	P	1.00000	0	0.00000	0
215	S	1.00000	0	0.00000	0
216	A	1.00000	0	0.00000	0
217	S	1.00000	0	0.00000	0
218	S	1.00000	0	0.00000	0
219	A	1.00000	0	0.00000	0
220	S	1.00000	0	0.00000	0
221	L	1.00000	0	0.00000	0
222	E	1.00000	0	0.00000	0
223	K	1.00000	0	0.00000	0
224	R	1.00000	0	0.00000	0
225	M	1.00000	0	0.00000	0
226	K	1.00000	0	0.00000	0
227	M	1.00000	0	0.00000	0
228	V	1.00000	0	0.00000	0
229	S	1.00000	0	0.00000	0
230	Q	1.00000	0	0.00000	0
231	S	1.00000	0	0.00000	0
232	I	1.00000	0	0.00000	0
233	T	1.00000	0	0.00000	0
234	Q	1.00000	0	0.00000	0
235	R	1.00000	0	0.00000	0
236	F	1.00000	0	0.00000	0
237	R	1.00000	0	0.00000	0
238	L	1.00000	0	0.00000	0
239	S	1.00000	0	0.00000	0
240	R	1.00000	0	0.00000	0
241	D	1.00000	0	0.00000	0
242	K	0.91901	0	0.08099	0
243	K	0.91816	0	0.08184	0
244	V	0.81472	0	0.18528	0
245	A	0.72269	0	0.27731	0
246	K	0.72013	0	0.27987	0
247	S	0.61259	0	0.38741	0
248	L	0.00174	0	0.99826	0
249	A	0.00109	0	0.99891	0
250	V	0.00078	0	0.99922	0
251	I	0.00000	0	1.00000	0
252	V	0.00000	0	1.00000	0
253	S	0.00000	0	1.00000	0
254	I	0.00000	0	1.00000	0
255	F	0.00000	0	1.00000	0
256	G	0.00000	0	1.00000	0
257	L	0.00000	0	1.00000	0
258	C	0.00000	0	1.00000	0
259	W	0.00000	0	1.00000	0
260	A	0.00000	0	1.00000	0
261	P	0.00000	0	1.00000	0
262	Y	0.00000	0	1.00000	0
263	T	0.00000	1e-05	0.99999	0
264	L	0.00000	8e-05	0.99992	0
265	L	0.00000	0.00072	0.99928	0
266	M	0.00000	0.00357	0.99643	0
267	I	0.00000	0.05052	0.94948	0
268	I	0.00000	0.11812	0.88188	0
269	R	0.00000	0.56909	0.43091	0
270	A	0.00000	0.6096	0.39040	0
271	A	0.00000	0.74482	0.25518	0
272	C	0.00000	0.96822	0.03178	0
273	H	0.00000	0.99297	0.00703	0
274	G	0.00000	0.99994	0.00006	0
275	H	0.00000	0.99999	0.00001	0
276	C	0.00000	1	0.00000	0
277	I	0.00000	1	0.00000	0
278	P	0.00000	1	0.00000	0
279	D	0.00000	1	0.00000	0
280	Y	0.00000	1	0.00000	0
281	W	0.00000	1	0.00000	0
282	Y	0.00000	1	0.00000	0
283	E	0.00000	0.99996	0.00004	0
284	T	0.00000	0.9996	0.00040	0
285	S	0.00000	0.99847	0.00153	0
286	F	0.00000	0.13237	0.86763	0
287	W	0.00000	0.01135	0.98865	0
288	L	0.00000	3e-05	0.99997	0
289	L	0.00000	0	1.00000	0
290	W	0.00000	0	1.00000	0
291	A	0.00000	0	1.00000	0
292	N	0.00000	0	1.00000	0
293	S	0.00000	0	1.00000	0
294	A	0.00000	0	1.00000	0
295	V	0.00000	0	1.00000	0
296	N	0.00000	0	1.00000	0
297	P	0.00000	0	1.00000	0
298	V	0.00000	0	1.00000	0
299	L	0.00000	0	1.00000	0
300	Y	0.00000	0	1.00000	0
301	P	0.00000	0	1.00000	0
302	L	0.00000	0	1.00000	0
303	C	0.00000	0	1.00000	0
304	H	0.00003	0	0.99997	0
305	Y	0.00139	0	0.99861	0
306	S	0.01355	0	0.98645	0
307	F	0.16739	0	0.83261	0
308	R	1.00000	0	0.00000	0
309	R	1.00000	0	0.00000	0
310	A	1.00000	0	0.00000	0
311	F	1.00000	0	0.00000	0
312	T	1.00000	0	0.00000	0
313	K	1.00000	0	0.00000	0
314	L	1.00000	0	0.00000	0
315	L	1.00000	0	0.00000	0
316	C	1.00000	0	0.00000	0
317	P	1.00000	0	0.00000	0
318	Q	1.00000	0	0.00000	0
319	K	1.00000	0	0.00000	0
320	L	1.00000	0	0.00000	0
321	K	1.00000	0	0.00000	0
322	I	1.00000	0	0.00000	0
323	Q	1.00000	0	0.00000	0
324	P	1.00000	0	0.00000	0
325	H	1.00000	0	0.00000	0
326	S	1.00000	0	0.00000	0
327	S	1.00000	0	0.00000	0
328	L	1.00000	0	0.00000	0
329	E	1.00000	0	0.00000	0
330	H	1.00000	0	0.00000	0
331	C	1.00000	0	0.00000	0
332	W	1.00000	0	0.00000	0
333	K	1.00000	0	0.00000	0
334	K	1.00000	0	0.00000	0
335	T	1.00000	0	0.00000	0
336	E	1.00000	0	0.00000	0
337	K	1.00000	0	0.00000	0
338	K	1.00000	0	0.00000	0
339	K	1.00000	0	0.00000	0
340	T	1.00000	0	0.00000	0
341	R	1.00000	0	0.00000	0
342	P	1.00000	0	0.00000	0
