# UNNAMED
#pos	aa	i	o	M	S
1	M	0.00000	1	0.00000	0
2	D	0.00000	1	0.00000	0
3	L	0.00000	1	0.00000	0
4	I	0.00000	1	0.00000	0
5	N	0.00000	1	0.00000	0
6	S	0.00000	1	0.00000	0
7	T	0.00000	1	0.00000	0
8	E	0.00000	1	0.00000	0
9	Q	0.00000	1	0.00000	0
10	N	0.00000	1	0.00000	0
11	S	0.00000	1	0.00000	0
12	T	0.00000	1	0.00000	0
13	S	0.00000	1	0.00000	0
14	E	0.00000	1	0.00000	0
15	E	0.00000	1	0.00000	0
16	L	0.00000	1	0.00000	0
17	F	0.00000	0.99999	0.00001	0
18	K	0.00000	0.99999	0.00001	0
19	W	0.00000	0.99915	0.00085	0
20	V	0.00000	0.99835	0.00165	0
21	T	0.00000	0.99794	0.00206	0
22	S	0.00000	0.99657	0.00343	0
23	K	0.00000	0.99301	0.00699	0
24	I	0.00000	0.41927	0.58073	0
25	L	0.00000	0.18861	0.81139	0
26	I	0.00000	0.05524	0.94476	0
27	S	0.00000	0.0454	0.95460	0
28	I	0.00000	0.00536	0.99464	0
29	T	0.00000	0.002	0.99800	0
30	L	0.00000	0.00047	0.99953	0
31	S	0.00000	0.00019	0.99981	0
32	V	0.00000	2e-05	0.99998	0
33	L	0.00000	0	1.00000	0
34	A	0.00000	0	1.00000	0
35	L	0.00000	0	1.00000	0
36	M	0.00000	0	1.00000	0
37	T	0.00000	0	1.00000	0
38	T	0.00000	0	1.00000	0
39	A	0.00000	0	1.00000	0
40	I	0.00000	0	1.00000	0
41	N	0.00000	0	1.00000	0
42	S	0.00000	0	1.00000	0
43	L	0.00000	0	1.00000	0
44	V	0.00002	0	0.99998	0
45	M	0.00046	0	0.99954	0
46	T	0.00124	0	0.99876	0
47	A	0.00285	0	0.99715	0
48	I	0.01322	0	0.98678	0
49	I	0.10173	0	0.89827	0
50	V	0.55634	0	0.44366	0
51	T	0.94108	0	0.05892	0
52	R	0.99918	0	0.00082	0
53	K	1.00000	0	0.00000	0
54	L	1.00000	0	0.00000	0
55	H	1.00000	0	0.00000	0
56	H	1.00000	0	0.00000	0
57	P	1.00000	0	0.00000	0
58	A	0.87104	0	0.12896	0
59	N	0.24942	0	0.75058	0
60	Y	0.09666	0	0.90334	0
61	L	0.00157	0	0.99843	0
62	I	0.00003	0	0.99997	0
63	C	0.00000	0	1.00000	0
64	S	0.00000	0	1.00000	0
65	L	0.00000	0	1.00000	0
66	A	0.00000	0	1.00000	0
67	V	0.00000	0	1.00000	0
68	T	0.00000	0	1.00000	0
69	D	0.00000	0	1.00000	0
70	F	0.00000	0	1.00000	0
71	L	0.00000	0	1.00000	0
72	V	0.00000	0	1.00000	0
73	A	0.00000	0	1.00000	0
74	V	0.00000	0	1.00000	0
75	L	0.00000	0	1.00000	0
76	V	0.00000	0	1.00000	0
77	M	0.00000	0.00019	0.99981	0
78	P	0.00000	0.00438	0.99562	0
79	F	0.00000	0.0473	0.95270	0
80	S	0.00000	0.27082	0.72918	0
81	I	0.00000	0.36072	0.63928	0
82	V	0.00000	0.61545	0.38455	0
83	Y	0.00000	0.99868	0.00132	0
84	I	0.00000	0.99878	0.00122	0
85	V	0.00000	0.99893	0.00107	0
86	K	0.00000	0.99992	0.00008	0
87	E	0.00000	1	0.00000	0
88	T	0.00000	1	0.00000	0
89	W	0.00000	1	0.00000	0
90	I	0.00000	1	0.00000	0
91	M	0.00000	1	0.00000	0
92	G	0.00000	1	0.00000	0
93	Q	0.00000	0.99999	0.00001	0
94	V	0.00000	0.99984	0.00016	0
95	V	0.00000	0.9998	0.00020	0
96	C	0.00000	0.99978	0.00022	0
97	D	0.00000	0.99966	0.00034	0
98	I	0.00000	0.99745	0.00255	0
99	W	0.00000	0.8099	0.19010	0
100	L	0.00000	0.07877	0.92123	0
101	S	0.00000	0.01108	0.98892	0
102	V	0.00000	0.00019	0.99981	0
103	D	0.00000	7e-05	0.99993	0
104	I	0.00000	0	1.00000	0
105	T	0.00000	0	1.00000	0
106	C	0.00000	0	1.00000	0
107	C	0.00000	0	1.00000	0
108	T	0.00000	0	1.00000	0
109	C	0.00000	0	1.00000	0
110	S	0.00000	0	1.00000	0
111	I	0.00000	0	1.00000	0
112	L	0.00000	0	1.00000	0
113	H	0.00000	0	1.00000	0
114	L	0.00000	0	1.00000	0
115	S	0.00000	0	1.00000	0
116	A	0.00000	0	1.00000	0
117	I	0.00000	0	1.00000	0
118	A	0.00000	0	1.00000	0
119	L	0.00000	0	1.00000	0
120	D	0.00009	0	0.99991	0
121	R	0.08849	0	0.91151	0
122	Y	0.62781	0	0.37219	0
123	R	0.66788	0	0.33212	0
124	A	0.87587	0	0.12413	0
125	I	1.00000	0	0.00000	0
126	T	1.00000	0	0.00000	0
127	D	1.00000	0	0.00000	0
128	A	1.00000	0	0.00000	0
129	V	1.00000	0	0.00000	0
130	E	1.00000	0	0.00000	0
131	Y	1.00000	0	0.00000	0
132	A	1.00000	0	0.00000	0
133	R	1.00000	0	0.00000	0
134	K	1.00000	0	0.00000	0
135	R	1.00000	0	0.00000	0
136	T	0.99987	0	0.00013	0
137	P	0.99962	0	0.00038	0
138	K	0.98509	0	0.01491	0
139	H	0.67618	0	0.32382	0
140	A	0.10371	0	0.89629	0
141	G	0.02674	0	0.97326	0
142	I	0.00064	0	0.99936	0
143	M	0.00006	0	0.99994	0
144	I	0.00000	0	1.00000	0
145	A	0.00000	0	1.00000	0
146	V	0.00000	0	1.00000	0
147	V	0.00000	0	1.00000	0
148	W	0.00000	0	1.00000	0
149	I	0.00000	0	1.00000	0
150	I	0.00000	0	1.00000	0
151	S	0.00000	0	1.00000	0
152	I	0.00000	0	1.00000	0
153	F	0.00000	0	1.00000	0
154	I	0.00000	0	1.00000	0
155	S	0.00000	0	1.00000	0
156	M	0.00000	1e-05	0.99999	0
157	P	0.00000	0.00042	0.99958	0
158	P	0.00000	0.00243	0.99757	0
159	L	0.00000	0.00655	0.99345	0
160	F	0.00000	0.0679	0.93210	0
161	W	0.00000	0.65303	0.34697	0
162	R	0.00000	0.97563	0.02437	0
163	H	0.00000	0.99442	0.00558	0
164	Q	0.00000	0.99973	0.00027	0
165	T	0.00000	0.99997	0.00003	0
166	T	0.00000	1	0.00000	0
167	S	0.00000	1	0.00000	0
168	K	0.00000	1	0.00000	0
169	D	0.00000	1	0.00000	0
170	D	0.00000	1	0.00000	0
171	E	0.00000	1	0.00000	0
172	C	0.00000	1	0.00000	0
173	I	0.00000	1	0.00000	0
174	I	0.00000	1	0.00000	0
175	K	0.00000	1	0.00000	0
176	H	0.00000	0.99999	0.00001	0
177	D	0.00000	0.99998	0.00002	0
178	H	0.00000	0.9972	0.00280	0
179	I	0.00000	0.85083	0.14917	0
180	V	0.00000	0.49593	0.50407	0
181	S	0.00000	0.46942	0.53058	0
182	T	0.00000	0.45337	0.54663	0
183	I	0.00000	0.00289	0.99711	0
184	Y	0.00000	0.00043	0.99957	0
185	S	0.00000	0.00025	0.99975	0
186	T	0.00000	2e-05	0.99998	0
187	F	0.00000	1e-05	0.99999	0
188	G	0.00000	0	1.00000	0
189	A	0.00000	0	1.00000	0
190	F	0.00000	0	1.00000	0
191	Y	0.00000	0	1.00000	0
192	I	0.00000	0	1.00000	0
193	P	0.00000	0	1.00000	0
194	L	0.00000	0	1.00000	0
195	A	0.00000	0	1.00000	0
196	L	0.00000	0	1.00000	0
197	I	0.00000	0	1.00000	0
198	L	0.00000	0	1.00000	0
199	I	0.00000	0	1.00000	0
200	L	0.00001	0	0.99999	0
201	Y	0.00045	0	0.99955	0
202	Y	0.01361	0	0.98639	0
203	K	0.19785	0	0.80215	0
204	I	0.21078	0	0.78922	0
205	Y	0.28610	0	0.71390	0
206	K	0.98952	0	0.01048	0
207	A	0.99810	0	0.00190	0
208	A	0.99985	0	0.00015	0
209	K	0.99999	0	0.00001	0
210	T	1.00000	0	0.00000	0
211	F	1.00000	0	0.00000	0
212	H	1.00000	0	0.00000	0
213	R	1.00000	0	0.00000	0
214	R	1.00000	0	0.00000	0
215	S	1.00000	0	0.00000	0
216	V	1.00000	0	0.00000	0
217	S	1.00000	0	0.00000	0
218	R	1.00000	0	0.00000	0
219	I	1.00000	0	0.00000	0
220	V	1.00000	0	0.00000	0
221	R	1.00000	0	0.00000	0
222	E	1.00000	0	0.00000	0
223	E	1.00000	0	0.00000	0
224	V	1.00000	0	0.00000	0
225	N	1.00000	0	0.00000	0
226	G	1.00000	0	0.00000	0
227	Q	1.00000	0	0.00000	0
228	V	1.00000	0	0.00000	0
229	L	1.00000	0	0.00000	0
230	L	1.00000	0	0.00000	0
231	D	1.00000	0	0.00000	0
232	A	1.00000	0	0.00000	0
233	G	1.00000	0	0.00000	0
234	E	1.00000	0	0.00000	0
235	R	1.00000	0	0.00000	0
236	S	1.00000	0	0.00000	0
237	T	1.00000	0	0.00000	0
238	K	1.00000	0	0.00000	0
239	L	1.00000	0	0.00000	0
240	T	1.00000	0	0.00000	0
241	S	1.00000	0	0.00000	0
242	M	1.00000	0	0.00000	0
243	P	1.00000	0	0.00000	0
244	S	1.00000	0	0.00000	0
245	T	1.00000	0	0.00000	0
246	M	1.00000	0	0.00000	0
247	E	1.00000	0	0.00000	0
248	K	1.00000	0	0.00000	0
249	T	1.00000	0	0.00000	0
250	S	1.00000	0	0.00000	0
251	D	1.00000	0	0.00000	0
252	P	1.00000	0	0.00000	0
253	L	1.00000	0	0.00000	0
254	V	1.00000	0	0.00000	0
255	D	1.00000	0	0.00000	0
256	C	1.00000	0	0.00000	0
257	D	1.00000	0	0.00000	0
258	K	1.00000	0	0.00000	0
259	I	1.00000	0	0.00000	0
260	N	1.00000	0	0.00000	0
261	V	1.00000	0	0.00000	0
262	S	1.00000	0	0.00000	0
263	I	1.00000	0	0.00000	0
264	R	1.00000	0	0.00000	0
265	S	1.00000	0	0.00000	0
266	P	1.00000	0	0.00000	0
267	R	1.00000	0	0.00000	0
268	S	1.00000	0	0.00000	0
269	E	1.00000	0	0.00000	0
270	S	1.00000	0	0.00000	0
271	K	1.00000	0	0.00000	0
272	H	1.00000	0	0.00000	0
273	E	1.00000	0	0.00000	0
274	K	1.00000	0	0.00000	0
275	S	1.00000	0	0.00000	0
276	W	1.00000	0	0.00000	0
277	K	1.00000	0	0.00000	0
278	K	1.00000	0	0.00000	0
279	Q	1.00000	0	0.00000	0
280	R	1.00000	0	0.00000	0
281	I	1.00000	0	0.00000	0
282	S	1.00000	0	0.00000	0
283	S	1.00000	0	0.00000	0
284	T	1.00000	0	0.00000	0
285	R	1.00000	0	0.00000	0
286	E	1.00000	0	0.00000	0
287	R	0.89319	0	0.10681	0
288	K	0.88885	0	0.11115	0
289	A	0.01819	0	0.98181	0
290	A	0.01791	0	0.98209	0
291	T	0.01768	0	0.98232	0
292	T	0.01758	0	0.98242	0
293	L	0.00010	0	0.99990	0
294	G	0.00001	0	0.99999	0
295	L	0.00000	0	1.00000	0
296	I	0.00000	0	1.00000	0
297	L	0.00000	0	1.00000	0
298	G	0.00000	0	1.00000	0
299	A	0.00000	0	1.00000	0
300	F	0.00000	0	1.00000	0
301	V	0.00000	0	1.00000	0
302	I	0.00000	0	1.00000	0
303	C	0.00000	0	1.00000	0
304	W	0.00000	0	1.00000	0
305	L	0.00000	0	1.00000	0
306	P	0.00000	0	1.00000	0
307	F	0.00000	1e-05	0.99999	0
308	F	0.00000	0.00029	0.99971	0
309	V	0.00000	0.07948	0.92052	0
310	K	0.00000	0.90324	0.09676	0
311	E	0.00000	0.92646	0.07354	0
312	V	0.00000	0.92889	0.07111	0
313	V	0.00000	0.93557	0.06443	0
314	V	0.00000	0.95101	0.04899	0
315	N	0.00000	0.9947	0.00530	0
316	T	0.00000	0.9986	0.00140	0
317	C	0.00000	0.99987	0.00013	0
318	E	0.00000	1	0.00000	0
319	S	0.00000	1	0.00000	0
320	C	0.00000	1	0.00000	0
321	H	0.00000	1	0.00000	0
322	I	0.00000	0.99999	0.00001	0
323	S	0.00000	0.99998	0.00002	0
324	E	0.00000	0.99996	0.00004	0
325	D	0.00000	0.99983	0.00017	0
326	M	0.00000	0.99214	0.00786	0
327	S	0.00000	0.99142	0.00858	0
328	N	0.00000	0.60255	0.39745	0
329	F	0.00000	0.00388	0.99612	0
330	L	0.00000	8e-05	0.99992	0
331	A	0.00000	0	1.00000	0
332	W	0.00000	0	1.00000	0
333	L	0.00000	0	1.00000	0
334	G	0.00000	0	1.00000	0
335	Y	0.00000	0	1.00000	0
336	I	0.00000	0	1.00000	0
337	N	0.00000	0	1.00000	0
338	S	0.00000	0	1.00000	0
339	L	0.00000	0	1.00000	0
340	I	0.00000	0	1.00000	0
341	N	0.00000	0	1.00000	0
342	P	0.00000	0	1.00000	0
343	L	0.00000	0	1.00000	0
344	I	0.00000	0	1.00000	0
345	Y	0.00000	0	1.00000	0
346	T	0.00000	0	1.00000	0
347	I	0.00012	0	0.99988	0
348	F	0.03748	0	0.96252	0
349	N	0.74067	0	0.25933	0
350	E	1.00000	0	0.00000	0
351	D	1.00000	0	0.00000	0
352	F	1.00000	0	0.00000	0
353	K	1.00000	0	0.00000	0
354	K	1.00000	0	0.00000	0
355	A	1.00000	0	0.00000	0
356	F	1.00000	0	0.00000	0
357	Q	1.00000	0	0.00000	0
358	K	1.00000	0	0.00000	0
359	L	1.00000	0	0.00000	0
360	V	1.00000	0	0.00000	0
361	R	1.00000	0	0.00000	0
362	C	1.00000	0	0.00000	0
363	R	1.00000	0	0.00000	0
364	Q	1.00000	0	0.00000	0
365	Y	1.00000	0	0.00000	0
366	L	1.00000	0	0.00000	0
