# UNNAMED
#pos	aa	i	o	M	S
1	M	0.00000	1	0.00000	0
2	S	0.00000	1	0.00000	0
3	G	0.00000	1	0.00000	0
4	Y	0.00000	1	0.00000	0
5	N	0.00000	1	0.00000	0
6	N	0.00000	1	0.00000	0
7	T	0.00000	1	0.00000	0
8	L	0.00000	1	0.00000	0
9	T	0.00000	0.99998	0.00002	0
10	Q	0.00000	0.99992	0.00008	0
11	A	0.00000	0.99854	0.00146	0
12	T	0.00000	0.99683	0.00317	0
13	K	0.00000	0.99178	0.00822	0
14	I	0.00000	0.25718	0.74282	0
15	T	0.00000	0.13727	0.86273	0
16	L	0.00000	0.05193	0.94807	0
17	T	0.00000	0.02451	0.97549	0
18	F	0.00000	0.00784	0.99216	0
19	L	0.00000	0.00527	0.99473	0
20	M	0.00000	0.00442	0.99558	0
21	S	0.00000	0.00186	0.99814	0
22	L	0.00000	0.00017	0.99983	0
23	L	0.00000	0	1.00000	0
24	A	0.00000	0	1.00000	0
25	I	0.00000	0	1.00000	0
26	A	0.00000	0	1.00000	0
27	I	0.00000	0	1.00000	0
28	M	0.00000	0	1.00000	0
29	L	0.00000	0	1.00000	0
30	G	0.00000	0	1.00000	0
31	N	0.00000	0	1.00000	0
32	A	0.00000	0	1.00000	0
33	V	0.00000	0	1.00000	0
34	V	0.00000	0	1.00000	0
35	I	0.00000	0	1.00000	0
36	L	0.00019	0	0.99981	0
37	A	0.00773	0	0.99227	0
38	F	0.03121	0	0.96879	0
39	V	0.19140	0	0.80860	0
40	V	0.55211	0	0.44789	0
41	D	0.99698	0	0.00302	0
42	R	0.99994	0	0.00006	0
43	N	1.00000	0	0.00000	0
44	L	1.00000	0	0.00000	0
45	R	1.00000	0	0.00000	0
46	H	0.99999	0	0.00001	0
47	R	0.99998	0	0.00002	0
48	S	0.99451	0	0.00549	0
49	N	0.89895	0	0.10105	0
50	Y	0.35046	0	0.64954	0
51	F	0.00444	0	0.99556	0
52	F	0.00048	0	0.99952	0
53	L	0.00000	0	1.00000	0
54	N	0.00000	0	1.00000	0
55	L	0.00000	0	1.00000	0
56	A	0.00000	0	1.00000	0
57	I	0.00000	0	1.00000	0
58	A	0.00000	0	1.00000	0
59	D	0.00000	0	1.00000	0
60	F	0.00000	0	1.00000	0
61	L	0.00000	0	1.00000	0
62	V	0.00000	0	1.00000	0
63	G	0.00000	0	1.00000	0
64	A	0.00000	0	1.00000	0
65	V	0.00000	0	1.00000	0
66	S	0.00000	0	1.00000	0
67	I	0.00000	1e-05	0.99999	0
68	P	0.00000	0.00039	0.99961	0
69	L	0.00000	0.00212	0.99788	0
70	Y	0.00000	0.03248	0.96752	0
71	M	0.00000	0.04791	0.95209	0
72	P	0.00000	0.4989	0.50110	0
73	S	0.00000	0.99988	0.00012	0
74	S	0.00000	0.99996	0.00004	0
75	L	0.00000	0.99998	0.00002	0
76	T	0.00000	1	0.00000	0
77	A	0.00000	1	0.00000	0
78	W	0.00000	1	0.00000	0
79	T	0.00000	1	0.00000	0
80	S	0.00000	1	0.00000	0
81	G	0.00000	1	0.00000	0
82	R	0.00000	1	0.00000	0
83	E	0.00000	1	0.00000	0
84	A	0.00000	0.99995	0.00005	0
85	C	0.00000	0.99985	0.00015	0
86	V	0.00000	0.99491	0.00509	0
87	F	0.00000	0.99393	0.00607	0
88	W	0.00000	0.92679	0.07321	0
89	L	0.00000	0.25951	0.74049	0
90	I	0.00000	0.0973	0.90270	0
91	T	0.00000	0.01179	0.98821	0
92	D	0.00000	0.00397	0.99603	0
93	Y	0.00000	0.00025	0.99975	0
94	L	0.00000	0	1.00000	0
95	V	0.00000	0	1.00000	0
96	C	0.00000	0	1.00000	0
97	T	0.00000	0	1.00000	0
98	A	0.00000	0	1.00000	0
99	S	0.00000	0	1.00000	0
100	V	0.00000	0	1.00000	0
101	Y	0.00000	0	1.00000	0
102	N	0.00000	0	1.00000	0
103	V	0.00000	0	1.00000	0
104	V	0.00000	0	1.00000	0
105	L	0.00000	0	1.00000	0
106	I	0.00000	0	1.00000	0
107	S	0.00000	0	1.00000	0
108	Y	0.00001	0	0.99999	0
109	D	0.00012	0	0.99988	0
110	R	0.04946	0	0.95054	0
111	Y	0.40351	0	0.59649	0
112	Q	0.44415	0	0.55585	0
113	S	0.91088	0	0.08912	0
114	V	0.99997	0	0.00003	0
115	S	1.00000	0	0.00000	0
116	D	1.00000	0	0.00000	0
117	A	1.00000	0	0.00000	0
118	V	1.00000	0	0.00000	0
119	S	1.00000	0	0.00000	0
120	Y	1.00000	0	0.00000	0
121	R	1.00000	0	0.00000	0
122	V	1.00000	0	0.00000	0
123	Q	1.00000	0	0.00000	0
124	N	1.00000	0	0.00000	0
125	T	0.99995	0	0.00005	0
126	G	0.99980	0	0.00020	0
127	T	0.99942	0	0.00058	0
128	W	0.99088	0	0.00912	0
129	R	0.96856	0	0.03144	0
130	I	0.07145	0	0.92855	0
131	V	0.00621	0	0.99379	0
132	A	0.00050	0	0.99950	0
133	W	0.00003	0	0.99997	0
134	M	0.00000	0	1.00000	0
135	A	0.00000	0	1.00000	0
136	A	0.00000	0	1.00000	0
137	V	0.00000	0	1.00000	0
138	W	0.00000	0	1.00000	0
139	V	0.00000	0	1.00000	0
140	L	0.00000	0	1.00000	0
141	S	0.00000	0	1.00000	0
142	F	0.00000	0	1.00000	0
143	L	0.00000	0	1.00000	0
144	T	0.00000	0	1.00000	0
145	N	0.00000	5e-05	0.99995	0
146	G	0.00000	8e-05	0.99992	0
147	P	0.00000	0.00013	0.99987	0
148	M	0.00000	0.00016	0.99984	0
149	I	0.00000	0.00081	0.99919	0
150	L	0.00000	0.01061	0.98939	0
151	I	0.00000	0.09511	0.90489	0
152	S	0.00000	0.6979	0.30210	0
153	E	0.00000	0.99803	0.00197	0
154	S	0.00000	0.99976	0.00024	0
155	W	0.00000	0.99996	0.00004	0
156	K	0.00000	1	0.00000	0
157	G	0.00000	1	0.00000	0
158	N	0.00000	1	0.00000	0
159	A	0.00000	1	0.00000	0
160	T	0.00000	1	0.00000	0
161	N	0.00000	1	0.00000	0
162	E	0.00000	1	0.00000	0
163	C	0.00000	1	0.00000	0
164	V	0.00000	1	0.00000	0
165	P	0.00000	1	0.00000	0
166	G	0.00000	1	0.00000	0
167	F	0.00000	1	0.00000	0
168	F	0.00000	1	0.00000	0
169	N	0.00000	1	0.00000	0
170	T	0.00000	0.99998	0.00002	0
171	R	0.00000	0.99995	0.00005	0
172	Y	0.00000	0.99208	0.00792	0
173	I	0.00000	0.90027	0.09973	0
174	A	0.00000	0.89887	0.10113	0
175	V	0.00000	0.89614	0.10386	0
176	F	0.00000	0.01421	0.98579	0
177	T	0.00000	0.01328	0.98672	0
178	S	0.00000	0.01243	0.98757	0
179	L	0.00000	0.00542	0.99458	0
180	F	0.00000	1e-05	0.99999	0
181	E	0.00000	1e-05	0.99999	0
182	F	0.00000	0	1.00000	0
183	L	0.00000	0	1.00000	0
184	V	0.00000	0	1.00000	0
185	P	0.00000	0	1.00000	0
186	I	0.00000	0	1.00000	0
187	F	0.00000	0	1.00000	0
188	L	0.00000	0	1.00000	0
189	V	0.00000	0	1.00000	0
190	A	0.00000	0	1.00000	0
191	Y	0.00000	0	1.00000	0
192	F	0.00000	0	1.00000	0
193	N	0.00000	0	1.00000	0
194	A	0.00001	0	0.99999	0
195	F	0.00002	0	0.99998	0
196	I	0.00028	0	0.99972	0
197	Y	0.00077	0	0.99923	0
198	W	0.00526	0	0.99474	0
199	S	0.10392	0	0.89608	0
200	L	0.12595	0	0.87405	0
201	W	0.22455	0	0.77545	0
202	K	0.99590	0	0.00410	0
203	R	0.99981	0	0.00019	0
204	G	0.99991	0	0.00009	0
205	N	0.99999	0	0.00001	0
206	L	0.99999	0	0.00001	0
207	S	1.00000	0	0.00000	0
208	R	1.00000	0	0.00000	0
209	C	1.00000	0	0.00000	0
210	L	1.00000	0	0.00000	0
211	S	1.00000	0	0.00000	0
212	H	1.00000	0	0.00000	0
213	S	1.00000	0	0.00000	0
214	G	1.00000	0	0.00000	0
215	L	1.00000	0	0.00000	0
216	P	1.00000	0	0.00000	0
217	S	1.00000	0	0.00000	0
218	A	1.00000	0	0.00000	0
219	S	1.00000	0	0.00000	0
220	S	1.00000	0	0.00000	0
221	S	1.00000	0	0.00000	0
222	N	1.00000	0	0.00000	0
223	D	1.00000	0	0.00000	0
224	H	1.00000	0	0.00000	0
225	G	1.00000	0	0.00000	0
226	Y	1.00000	0	0.00000	0
227	S	1.00000	0	0.00000	0
228	C	1.00000	0	0.00000	0
229	R	1.00000	0	0.00000	0
230	P	1.00000	0	0.00000	0
231	D	1.00000	0	0.00000	0
232	P	1.00000	0	0.00000	0
233	G	1.00000	0	0.00000	0
234	L	1.00000	0	0.00000	0
235	R	1.00000	0	0.00000	0
236	V	1.00000	0	0.00000	0
237	T	1.00000	0	0.00000	0
238	L	1.00000	0	0.00000	0
239	P	1.00000	0	0.00000	0
240	A	1.00000	0	0.00000	0
241	Q	1.00000	0	0.00000	0
242	K	1.00000	0	0.00000	0
243	E	1.00000	0	0.00000	0
244	A	1.00000	0	0.00000	0
245	A	1.00000	0	0.00000	0
246	S	1.00000	0	0.00000	0
247	S	1.00000	0	0.00000	0
248	L	1.00000	0	0.00000	0
249	S	1.00000	0	0.00000	0
250	P	1.00000	0	0.00000	0
251	D	1.00000	0	0.00000	0
252	K	1.00000	0	0.00000	0
253	L	1.00000	0	0.00000	0
254	P	1.00000	0	0.00000	0
255	R	1.00000	0	0.00000	0
256	K	1.00000	0	0.00000	0
257	S	1.00000	0	0.00000	0
258	S	1.00000	0	0.00000	0
259	L	1.00000	0	0.00000	0
260	L	1.00000	0	0.00000	0
261	F	1.00000	0	0.00000	0
262	P	1.00000	0	0.00000	0
263	I	1.00000	0	0.00000	0
264	R	1.00000	0	0.00000	0
265	A	1.00000	0	0.00000	0
266	H	1.00000	0	0.00000	0
267	K	1.00000	0	0.00000	0
268	N	1.00000	0	0.00000	0
269	R	1.00000	0	0.00000	0
270	S	1.00000	0	0.00000	0
271	M	1.00000	0	0.00000	0
272	V	1.00000	0	0.00000	0
273	A	1.00000	0	0.00000	0
274	S	1.00000	0	0.00000	0
275	N	1.00000	0	0.00000	0
276	M	1.00000	0	0.00000	0
277	S	1.00000	0	0.00000	0
278	S	1.00000	0	0.00000	0
279	L	1.00000	0	0.00000	0
280	F	1.00000	0	0.00000	0
281	Q	1.00000	0	0.00000	0
282	S	1.00000	0	0.00000	0
283	E	1.00000	0	0.00000	0
284	S	1.00000	0	0.00000	0
285	Q	1.00000	0	0.00000	0
286	A	1.00000	0	0.00000	0
287	L	1.00000	0	0.00000	0
288	Q	1.00000	0	0.00000	0
289	Q	1.00000	0	0.00000	0
290	R	1.00000	0	0.00000	0
291	E	1.00000	0	0.00000	0
292	H	1.00000	0	0.00000	0
293	F	1.00000	0	0.00000	0
294	E	1.00000	0	0.00000	0
295	L	1.00000	0	0.00000	0
296	L	1.00000	0	0.00000	0
297	R	1.00000	0	0.00000	0
298	A	0.99978	0	0.00022	0
299	R	0.99205	0	0.00795	0
300	K	0.99191	0	0.00809	0
301	L	0.97175	0	0.02825	0
302	A	0.95474	0	0.04526	0
303	K	0.95449	0	0.04551	0
304	S	0.95355	0	0.04645	0
305	L	0.01314	0	0.98686	0
306	A	0.00116	0	0.99884	0
307	V	0.00009	0	0.99991	0
308	L	0.00002	0	0.99998	0
309	L	0.00001	0	0.99999	0
310	G	0.00000	0	1.00000	0
311	A	0.00000	0	1.00000	0
312	F	0.00000	0	1.00000	0
313	I	0.00000	0	1.00000	0
314	I	0.00000	0	1.00000	0
315	C	0.00000	0	1.00000	0
316	W	0.00000	0	1.00000	0
317	A	0.00000	0	1.00000	0
318	P	0.00000	0	1.00000	0
319	Y	0.00000	0	1.00000	0
320	S	0.00000	2e-05	0.99998	0
321	L	0.00000	0.00024	0.99976	0
322	T	0.00000	0.00216	0.99784	0
323	T	0.00000	0.00328	0.99672	0
324	I	0.00000	0.00505	0.99495	0
325	I	0.00000	0.0075	0.99250	0
326	Y	0.00000	0.029	0.97100	0
327	S	0.00000	0.07215	0.92785	0
328	I	0.00000	0.1037	0.89630	0
329	F	0.00000	0.23269	0.76731	0
330	P	0.00000	0.84262	0.15738	0
331	K	0.00000	0.99965	0.00035	0
332	K	0.00000	1	0.00000	0
333	K	0.00000	1	0.00000	0
334	F	0.00000	1	0.00000	0
335	T	0.00000	1	0.00000	0
336	Q	0.00000	1	0.00000	0
337	S	0.00000	0.99995	0.00005	0
338	N	0.00000	0.99941	0.00059	0
339	W	0.00000	0.99814	0.00186	0
340	Y	0.00000	0.99759	0.00241	0
341	K	0.00000	0.91345	0.08655	0
342	I	0.00000	0.44377	0.55623	0
343	A	0.00000	0.39453	0.60547	0
344	F	0.00000	0.0021	0.99790	0
345	W	0.00000	0	1.00000	0
346	L	0.00000	0	1.00000	0
347	Q	0.00000	0	1.00000	0
348	W	0.00000	0	1.00000	0
349	F	0.00000	0	1.00000	0
350	N	0.00000	0	1.00000	0
351	S	0.00000	0	1.00000	0
352	F	0.00000	0	1.00000	0
353	V	0.00000	0	1.00000	0
354	N	0.00000	0	1.00000	0
355	P	0.00000	0	1.00000	0
356	F	0.00000	0	1.00000	0
357	L	0.00000	0	1.00000	0
358	Y	0.00001	0	0.99999	0
359	P	0.00009	0	0.99991	0
360	L	0.00035	0	0.99965	0
361	C	0.02040	0	0.97960	0
362	H	0.14431	0	0.85569	0
363	R	1.00000	0	0.00000	0
364	R	1.00000	0	0.00000	0
365	F	1.00000	0	0.00000	0
366	Q	1.00000	0	0.00000	0
367	K	1.00000	0	0.00000	0
368	A	1.00000	0	0.00000	0
369	F	1.00000	0	0.00000	0
370	L	1.00000	0	0.00000	0
371	K	1.00000	0	0.00000	0
372	I	1.00000	0	0.00000	0
373	L	1.00000	0	0.00000	0
374	P	1.00000	0	0.00000	0
375	L	1.00000	0	0.00000	0
376	R	1.00000	0	0.00000	0
377	K	1.00000	0	0.00000	0
378	Q	1.00000	0	0.00000	0
379	P	1.00000	0	0.00000	0
380	M	1.00000	0	0.00000	0
381	P	1.00000	0	0.00000	0
382	S	1.00000	0	0.00000	0
383	H	1.00000	0	0.00000	0
384	N	1.00000	0	0.00000	0
385	R	1.00000	0	0.00000	0
386	S	1.00000	0	0.00000	0
387	V	1.00000	0	0.00000	0
388	S	1.00000	0	0.00000	0
389	T	1.00000	0	0.00000	0
