# UNNAMED
#pos	aa	i	o	M	S
1	M	0.00000	1	0.00000	0
2	G	0.00000	1	0.00000	0
3	P	0.00000	1	0.00000	0
4	E	0.00000	1	0.00000	0
5	A	0.00000	1	0.00000	0
6	T	0.00000	1	0.00000	0
7	R	0.00000	1	0.00000	0
8	E	0.00000	1	0.00000	0
9	G	0.00000	0.99999	0.00001	0
10	S	0.00000	0.99962	0.00038	0
11	R	0.00000	0.99584	0.00416	0
12	T	0.00000	0.90008	0.09992	0
13	R	0.00000	0.8838	0.11620	0
14	H	0.00000	0.57032	0.42968	0
15	P	0.00000	0.22152	0.77848	0
16	A	0.00000	0.02875	0.97125	0
17	E	0.00000	0.02033	0.97967	0
18	A	0.00000	0.0144	0.98560	0
19	T	0.00000	0.01425	0.98575	0
20	L	0.00000	0.01424	0.98576	0
21	G	0.00000	0.01424	0.98576	0
22	G	0.00000	0.01424	0.98576	0
23	A	0.00000	0.01424	0.98576	0
24	S	0.00000	0.01424	0.98576	0
25	R	0.00000	0.01424	0.98576	0
26	G	0.00000	0.01424	0.98576	0
27	H	0.00000	0.01424	0.98576	0
28	P	0.00000	0.01424	0.98576	0
29	G	0.00002	0.01424	0.98574	0
30	P	0.00262	0.01424	0.98314	0
31	C	0.00278	0.01424	0.98298	0
32	A	0.01625	0.01424	0.96951	0
33	V	0.02280	0.01424	0.96296	0
34	S	0.25233	0.01424	0.73343	0
35	R	0.85585	0.01424	0.12991	0
36	P	0.97837	0.01424	0.00739	0
37	R	0.98520	0.01424	0.00055	0
38	G	0.98561	0.01424	0.00015	0
39	G	0.98571	0.01424	0.00005	0
40	V	0.98576	0.01424	0.00000	0
41	P	0.98576	0.01424	0.00000	0
42	E	0.98576	0.01424	0.00000	0
43	P	0.98576	0.01424	0.00000	0
44	P	0.98575	0.01424	0.00001	0
45	H	0.01754	0.01424	0.96822	0
46	G	0.00153	0.01424	0.98422	0
47	G	0.00002	0.01424	0.98574	0
48	G	0.00000	0.01424	0.98576	0
49	Q	0.00000	0.01424	0.98576	0
50	T	0.00000	0.01424	0.98576	0
51	G	0.00000	0.01424	0.98576	0
52	R	0.00000	0.01424	0.98576	0
53	A	0.00000	0.01424	0.98576	0
54	A	0.00000	0.01424	0.98576	0
55	A	0.00000	0.01424	0.98576	0
56	G	0.00000	0.01424	0.98576	0
57	G	0.00000	0.01424	0.98576	0
58	A	0.00000	0.01424	0.98576	0
59	R	0.00000	0.01424	0.98576	0
60	G	0.00000	0.01424	0.98576	0
61	F	0.00000	0.01363	0.98637	0
62	S	0.00000	0.03162	0.96838	0
63	A	0.00000	0.11856	0.88144	0
64	A	0.00000	0.68623	0.31377	0
65	W	0.00000	0.9758	0.02420	0
66	T	0.00000	0.98756	0.01244	0
67	A	0.00000	0.98707	0.01293	0
68	L	0.00000	0.98641	0.01359	0
69	L	0.00000	0.9861	0.01389	0
70	A	0.00000	0.98593	0.01407	0
71	A	0.00000	0.98585	0.01415	0
72	L	0.00000	0.97891	0.02109	0
73	M	0.00000	0.92881	0.07119	0
74	A	0.00000	0.46255	0.53745	0
75	L	0.00000	0.03449	0.96551	0
76	L	0.00000	0.00623	0.99377	0
77	I	0.00000	0.00034	0.99966	0
78	V	0.00000	3e-05	0.99997	0
79	A	0.00000	0	1.00000	0
80	T	0.00000	0	1.00000	0
81	V	0.00000	0	1.00000	0
82	L	0.00000	0	1.00000	0
83	G	0.00000	0	1.00000	0
84	N	0.00000	0	1.00000	0
85	A	0.00000	0	1.00000	0
86	L	0.00000	0	1.00000	0
87	V	0.00000	0	1.00000	0
88	M	0.00002	0	0.99998	0
89	L	0.00008	0	0.99992	0
90	A	0.00092	0	0.99908	0
91	F	0.00223	0	0.99777	0
92	V	0.00999	0	0.99000	0
93	A	0.01889	0	0.98111	0
94	D	0.03756	0	0.96244	0
95	S	0.68553	0	0.31447	0
96	S	0.94510	0	0.05490	0
97	L	0.98924	0	0.01076	0
98	R	0.99872	0	0.00128	0
99	T	0.99964	0	0.00035	0
100	Q	0.99745	0	0.00255	0
101	N	0.99390	0	0.00610	0
102	N	0.99234	0	0.00766	0
103	F	0.98527	0	0.01473	0
104	F	0.98245	0	0.01754	0
105	L	0.97905	0	0.02095	0
106	L	0.93239	0	0.06761	0
107	N	0.89944	0	0.10055	0
108	L	0.37314	0	0.62686	0
109	A	0.10734	0	0.89266	0
110	I	0.00296	0	0.99704	0
111	S	0.00204	0	0.99796	0
112	D	0.00176	0	0.99824	0
113	F	0.00023	0	0.99977	0
114	L	0.00001	0	0.99999	0
115	V	0.00000	0	1.00000	0
116	G	0.00000	0	1.00000	0
117	A	0.00000	0	1.00000	0
118	F	0.00000	0.00013	0.99987	0
119	C	0.00000	0.00458	0.99542	0
120	I	0.00000	0.00469	0.99531	0
121	P	0.00000	0.00551	0.99449	0
122	L	0.00000	0.00644	0.99356	0
123	Y	0.00000	0.00735	0.99265	0
124	V	0.00000	0.00757	0.99243	0
125	P	0.00000	0.01672	0.98328	0
126	Y	0.00000	0.0269	0.97310	0
127	V	0.00000	0.07562	0.92438	0
128	L	0.00000	0.44095	0.55905	0
129	T	0.00000	0.98883	0.01117	0
130	G	0.00000	0.99352	0.00648	0
131	R	0.00000	0.99784	0.00216	0
132	W	0.00000	0.99234	0.00766	0
133	P	0.00000	0.99272	0.00727	0
134	F	0.00000	0.99205	0.00794	0
135	G	0.00000	0.99231	0.00769	0
136	R	0.00000	0.99217	0.00783	0
137	G	0.00000	0.99215	0.00785	0
138	L	0.00000	0.99215	0.00785	0
139	C	0.00000	0.99215	0.00785	0
140	K	0.00000	0.99214	0.00786	0
141	L	0.00000	0.02175	0.97825	0
142	W	0.00000	0.02001	0.97999	0
143	L	0.00000	0.01508	0.98492	0
144	V	0.00000	0.01339	0.98661	0
145	V	0.00000	0.01226	0.98774	0
146	D	0.00000	0.01224	0.98776	0
147	Y	0.00000	0.00133	0.99867	0
148	L	0.00000	1e-05	0.99999	0
149	L	0.00001	1e-05	0.99999	0
150	C	0.00069	1e-05	0.99931	0
151	T	0.00622	0	0.99378	0
152	S	0.00629	0	0.99371	0
153	S	0.00645	0	0.99355	0
154	V	0.00717	0	0.99283	0
155	F	0.00743	0	0.99257	0
156	N	0.00784	0	0.99216	0
157	I	0.00785	0	0.99215	0
158	V	0.00785	0	0.99215	0
159	L	0.00785	0	0.99215	0
160	I	0.00785	0	0.99215	0
161	S	0.00942	0	0.99058	0
162	Y	0.02241	0	0.97759	0
163	D	0.63581	0	0.36418	0
164	R	0.67309	0	0.32691	0
165	F	0.67597	0	0.32403	0
166	L	0.70100	0	0.29900	0
167	S	0.96515	0	0.03485	0
168	V	0.97217	0	0.02783	0
169	T	0.99182	0	0.00818	0
170	R	0.99205	0	0.00795	0
171	A	0.99208	0	0.00792	0
172	S	0.99212	0	0.00787	0
173	P	0.99215	0	0.00785	0
174	P	0.99215	0	0.00785	0
175	S	0.99215	0	0.00785	0
176	S	0.99215	0	0.00785	0
177	S	0.99215	0	0.00785	0
178	G	0.99215	0	0.00785	0
179	S	0.99215	0	0.00785	0
180	S	0.99215	0	0.00785	0
181	S	0.99215	0	0.00785	0
182	R	0.99215	0	0.00785	0
183	G	0.99214	1e-05	0.00785	0
184	A	0.99194	0.0001	0.00796	0
185	E	0.99193	0.00632	0.00175	0
186	R	0.99193	0.00766	0.00041	0
187	P	0.99190	0.00785	0.00025	0
188	R	0.98969	0.00785	0.00246	0
189	S	0.98711	0.00785	0.00504	0
190	L	0.98670	0.00785	0.00545	0
191	K	0.98577	0.00785	0.00638	0
192	R	0.98576	0.00785	0.00639	0
193	G	0.98576	0.00785	0.00639	0
194	S	0.98576	0.00785	0.00639	0
195	R	0.98576	0.00785	0.00639	0
196	P	0.98576	0.00783	0.00641	0
197	S	0.98576	0.00688	0.00736	0
198	A	0.98576	0.00684	0.00740	0
199	A	0.98576	0.00173	0.01251	0
200	S	0.98576	0.00034	0.01390	0
201	G	0.98576	0	0.01424	0
202	S	0.98576	0	0.01424	0
203	L	0.98576	1e-05	0.01424	0
204	E	0.98576	0.00021	0.01404	0
205	K	0.98576	0.00022	0.01402	0
206	R	0.98576	0.00022	0.01402	0
207	V	0.98576	0.00027	0.01397	0
208	K	0.98576	0.00271	0.01153	0
209	M	0.98576	0.00284	0.01140	0
210	V	0.98576	0.00384	0.01040	0
211	S	0.98576	0.00634	0.00790	0
212	Q	0.98576	0.00638	0.00786	0
213	S	0.98576	0.00639	0.00785	0
214	V	0.98576	0.00639	0.00785	0
215	A	0.98576	0.00639	0.00785	0
216	Q	0.98576	0.00639	0.00785	0
217	R	0.98576	0.00639	0.00784	0
218	F	0.98577	0.00639	0.00784	0
219	R	0.98729	0.00639	0.00632	0
220	L	0.98784	0.00639	0.00577	0
221	S	0.99337	0.00639	0.00024	0
222	R	0.99361	0.00639	0.00000	0
223	D	0.99361	0.00639	0.00000	0
224	K	0.91156	0.00639	0.08204	0
225	K	0.91073	0.00639	0.08288	0
226	V	0.81121	0.00631	0.18248	0
227	A	0.72480	0.00624	0.26896	0
228	K	0.72245	0.00623	0.27131	0
229	S	0.62583	0.00549	0.36868	0
230	L	0.00805	8e-05	0.99187	0
231	A	0.00055	2e-05	0.99943	0
232	V	0.00041	2e-05	0.99958	0
233	I	0.00000	0	1.00000	0
234	V	0.00000	0	1.00000	0
235	G	0.00000	0	1.00000	0
236	V	0.00000	0	1.00000	0
237	F	0.00000	0	1.00000	0
238	G	0.00000	0	1.00000	0
239	L	0.00000	0	1.00000	0
240	C	0.00000	0	1.00000	0
241	W	0.00000	0	1.00000	0
242	A	0.00000	0	1.00000	0
243	P	0.00000	0	1.00000	0
244	Y	0.00000	0	1.00000	0
245	T	0.00000	1e-05	0.99999	0
246	L	0.00000	8e-05	0.99992	0
247	L	0.00000	0.00073	0.99927	0
248	M	0.00000	0.00356	0.99644	0
249	I	0.00001	0.04956	0.95043	0
250	I	0.00003	0.11535	0.88462	0
251	R	0.00141	0.55838	0.44022	0
252	A	0.00178	0.59872	0.39950	0
253	A	0.00258	0.73478	0.26263	0
254	C	0.00363	0.96123	0.03513	0
255	H	0.00605	0.98644	0.00751	0
256	G	0.00639	0.99356	0.00005	0
257	R	0.00639	0.99361	0.00000	0
258	C	0.00639	0.99361	0.00000	0
259	V	0.00639	0.99361	0.00000	0
260	P	0.00639	0.99361	0.00000	0
261	D	0.00639	0.99361	0.00000	0
262	Y	0.00639	0.99359	0.00002	0
263	W	0.00639	0.99359	0.00002	0
264	Y	0.00639	0.99359	0.00002	0
265	E	0.00639	0.99338	0.00023	0
266	A	0.00569	0.99224	0.00207	0
267	S	0.00347	0.99098	0.00556	0
268	F	0.00004	0.12401	0.87596	0
269	W	0.00002	0.01024	0.98974	0
270	L	0.00000	3e-05	0.99997	0
271	L	0.00000	0	1.00000	0
272	W	0.00000	0	1.00000	0
273	A	0.00000	0	1.00000	0
274	N	0.00000	0	1.00000	0
275	S	0.00000	0	1.00000	0
276	A	0.00000	0	1.00000	0
277	V	0.00000	0	1.00000	0
278	N	0.00000	0	1.00000	0
279	P	0.00000	0	1.00000	0
280	V	0.00000	0	1.00000	0
281	L	0.00000	0	1.00000	0
282	Y	0.00000	0	1.00000	0
283	P	0.00000	0	1.00000	0
284	L	0.00001	0	0.99999	0
285	C	0.00006	0.00015	0.99978	0
286	H	0.00030	0.00054	0.99915	0
287	H	0.00718	0.00169	0.99113	0
288	S	0.02570	0.00218	0.97211	0
289	F	0.25935	0.00319	0.73746	0
290	R	0.99361	0.00626	0.00013	0
291	R	0.99361	0.00463	0.00176	0
292	A	0.99361	0.00016	0.00623	0
293	F	0.99361	0	0.00639	0
294	A	0.99361	0	0.00639	0
295	K	0.99361	0	0.00639	0
296	L	0.99361	0	0.00639	0
297	L	0.99361	0	0.00639	0
298	C	0.99361	0	0.00639	0
299	P	0.99361	0	0.00639	0
300	Q	0.99361	0	0.00639	0
301	R	0.99361	0	0.00639	0
302	L	0.99361	0	0.00639	0
303	K	0.99361	0	0.00639	0
304	V	0.99361	0	0.00639	0
305	Q	0.99361	0	0.00639	0
306	P	0.99361	0	0.00639	0
307	H	0.99361	0	0.00639	0
308	G	0.99361	0	0.00639	0
309	S	0.99362	0	0.00638	0
310	L	0.99364	0	0.00636	0
311	E	1.00000	0	0.00000	0
312	R	1.00000	0	0.00000	0
313	C	1.00000	0	0.00000	0
314	W	1.00000	0	0.00000	0
315	K	1.00000	0	0.00000	0
