# UNNAMED
#pos	aa	i	o	M	S
1	M	0.00000	0.96951	0.00000	0.03049
2	A	0.00000	0.96951	0.00000	0.03049
3	P	0.00000	0.96951	0.00000	0.03048
4	L	0.00000	0.96951	0.00000	0.03049
5	S	0.00000	0.96951	0.00000	0.03048
6	Q	0.00000	0.96951	0.00000	0.03049
7	L	0.00000	0.96951	0.00000	0.03049
8	S	0.00000	0.96951	0.00000	0.03049
9	S	0.00000	0.96951	0.00000	0.03049
10	H	0.00000	0.96951	0.00000	0.03049
11	I	0.00000	0.96951	0.00000	0.03049
12	N	0.00000	0.96951	0.00000	0.03048
13	S	0.00000	0.96951	0.00000	0.03048
14	T	0.00000	0.96951	0.00000	0.03048
15	C	0.00000	0.96951	0.00000	0.03048
16	G	0.00000	0.96956	0.00000	0.03043
17	A	0.00000	0.98385	0.00000	0.01616
18	E	0.00000	0.99998	0.00000	2e-05
19	N	0.00000	0.99998	0.00000	1e-05
20	A	0.00000	0.99999	0.00000	1e-05
21	T	0.00000	0.99999	0.00000	1e-05
22	G	0.00000	0.99999	0.00000	1e-05
23	T	0.00000	1	0.00000	0
24	S	0.00000	1	0.00000	0
25	R	0.00000	1	0.00000	0
26	A	0.00000	1	0.00000	0
27	R	0.00000	1	0.00000	0
28	P	0.00000	0.98667	0.01333	0
29	H	0.00000	0.9264	0.07360	0
30	T	0.00000	0.83614	0.16386	0
31	Y	0.00000	0.79303	0.20697	0
32	Y	0.00000	0.06295	0.93705	0
33	A	0.00000	0.03512	0.96488	0
34	L	0.00000	0.0187	0.98130	0
35	S	0.00000	0.01437	0.98563	0
36	Y	0.00000	0.00099	0.99901	0
37	C	0.00000	0.00038	0.99962	0
38	A	0.00000	2e-05	0.99998	0
39	L	0.00000	0	1.00000	0
40	I	0.00000	0	1.00000	0
41	L	0.00000	0	1.00000	0
42	A	0.00000	0	1.00000	0
43	I	0.00000	0	1.00000	0
44	V	0.00000	0	1.00000	0
45	F	0.00000	0	1.00000	0
46	G	0.00000	0	1.00000	0
47	N	0.00000	0	1.00000	0
48	G	0.00000	0	1.00000	0
49	L	0.00000	0	1.00000	0
50	V	0.00000	0	1.00000	0
51	C	0.00001	0	0.99999	0
52	V	0.00020	0	0.99980	0
53	A	0.00759	0	0.99241	0
54	V	0.08085	0	0.91915	0
55	L	0.35221	0	0.64779	0
56	R	0.98444	0	0.01556	0
57	E	0.99975	0	0.00025	0
58	R	0.99999	0	0.00001	0
59	A	1.00000	0	0.00000	0
60	L	1.00000	0	0.00000	0
61	Q	1.00000	0	0.00000	0
62	T	0.99992	0	0.00008	0
63	T	0.99654	0	0.00346	0
64	T	0.95757	0	0.04243	0
65	N	0.22023	0	0.77977	0
66	Y	0.07018	0	0.92982	0
67	L	0.00080	0	0.99920	0
68	V	0.00008	0	0.99992	0
69	L	0.00000	0	1.00000	0
70	S	0.00000	0	1.00000	0
71	L	0.00000	0	1.00000	0
72	A	0.00000	0	1.00000	0
73	V	0.00000	0	1.00000	0
74	A	0.00000	0	1.00000	0
75	D	0.00000	0	1.00000	0
76	L	0.00000	0	1.00000	0
77	L	0.00000	0	1.00000	0
78	V	0.00000	0	1.00000	0
79	A	0.00000	0	1.00000	0
80	T	0.00000	0	1.00000	0
81	L	0.00000	0	1.00000	0
82	V	0.00000	0	1.00000	0
83	M	0.00000	3e-05	0.99997	0
84	P	0.00000	0.00074	0.99926	0
85	W	0.00000	0.00902	0.99098	0
86	V	0.00000	0.05635	0.94365	0
87	V	0.00000	0.32266	0.67734	0
88	Y	0.00000	0.88992	0.11008	0
89	L	0.00000	0.99977	0.00023	0
90	E	0.00000	1	0.00000	0
91	V	0.00000	1	0.00000	0
92	T	0.00000	1	0.00000	0
93	G	0.00000	1	0.00000	0
94	G	0.00000	1	0.00000	0
95	V	0.00000	1	0.00000	0
96	W	0.00000	1	0.00000	0
97	H	0.00000	1	0.00000	0
98	F	0.00000	1	0.00000	0
99	S	0.00000	1	0.00000	0
100	R	0.00000	1	0.00000	0
101	I	0.00000	1	0.00000	0
102	C	0.00000	1	0.00000	0
103	C	0.00000	0.99989	0.00011	0
104	D	0.00000	0.99902	0.00098	0
105	V	0.00000	0.99337	0.00663	0
106	F	0.00000	0.42333	0.57667	0
107	V	0.00000	0.09213	0.90787	0
108	T	0.00000	0.04483	0.95517	0
109	L	0.00000	0.00065	0.99935	0
110	D	0.00000	0.00022	0.99978	0
111	V	0.00000	1e-05	0.99999	0
112	M	0.00000	0	1.00000	0
113	M	0.00000	0	1.00000	0
114	C	0.00000	0	1.00000	0
115	T	0.00000	0	1.00000	0
116	A	0.00000	0	1.00000	0
117	S	0.00000	0	1.00000	0
118	I	0.00000	0	1.00000	0
119	L	0.00000	0	1.00000	0
120	N	0.00000	0	1.00000	0
121	L	0.00000	0	1.00000	0
122	C	0.00000	0	1.00000	0
123	A	0.00000	0	1.00000	0
124	I	0.00000	0	1.00000	0
125	S	0.00000	0	1.00000	0
126	I	0.00000	0	1.00000	0
127	D	0.00001	0	0.99999	0
128	R	0.01086	0	0.98914	0
129	Y	0.32283	0	0.67717	0
130	T	0.80920	0	0.19080	0
131	A	0.92891	0	0.07109	0
132	V	0.99998	0	0.00002	0
133	V	1.00000	0	0.00000	0
134	M	1.00000	0	0.00000	0
135	P	1.00000	0	0.00000	0
136	V	1.00000	0	0.00000	0
137	H	1.00000	0	0.00000	0
138	Y	1.00000	0	0.00000	0
139	Q	1.00000	0	0.00000	0
140	H	1.00000	0	0.00000	0
141	S	1.00000	0	0.00000	0
142	T	1.00000	0	0.00000	0
143	G	1.00000	0	0.00000	0
144	Q	0.99999	0	0.00001	0
145	S	0.98829	0	0.01171	0
146	S	0.97193	0	0.02807	0
147	C	0.92848	0	0.07152	0
148	R	0.92779	0	0.07221	0
149	R	0.89696	0	0.10304	0
150	V	0.08546	0	0.91454	0
151	A	0.02821	0	0.97179	0
152	L	0.01456	0	0.98544	0
153	M	0.00025	0	0.99975	0
154	I	0.00000	0	1.00000	0
155	T	0.00000	0	1.00000	0
156	A	0.00000	0	1.00000	0
157	V	0.00000	0	1.00000	0
158	W	0.00000	0	1.00000	0
159	V	0.00000	0	1.00000	0
160	L	0.00000	0	1.00000	0
161	A	0.00000	0	1.00000	0
162	F	0.00000	0	1.00000	0
163	A	0.00000	0	1.00000	0
164	V	0.00000	0.00016	0.99984	0
165	S	0.00000	0.00734	0.99266	0
166	C	0.00000	0.02617	0.97383	0
167	P	0.00000	0.03084	0.96916	0
168	L	0.00000	0.03299	0.96701	0
169	L	0.00000	0.03795	0.96205	0
170	F	0.00000	0.05506	0.94494	0
171	G	0.00000	0.16199	0.83801	0
172	F	0.00000	0.35034	0.64966	0
173	N	0.00000	0.98265	0.01735	0
174	T	0.00000	0.99856	0.00144	0
175	T	0.00000	0.99992	0.00008	0
176	G	0.00000	1	0.00000	0
177	D	0.00000	1	0.00000	0
178	P	0.00000	1	0.00000	0
179	S	0.00000	1	0.00000	0
180	I	0.00000	1	0.00000	0
181	C	0.00000	1	0.00000	0
182	S	0.00000	1	0.00000	0
183	I	0.00000	1	0.00000	0
184	S	0.00000	1	0.00000	0
185	N	0.00000	1	0.00000	0
186	P	0.00000	0.99998	0.00002	0
187	D	0.00000	0.99898	0.00102	0
188	F	0.00000	0.14668	0.85332	0
189	V	0.00000	0.0907	0.90930	0
190	I	0.00000	0.05966	0.94034	0
191	Y	0.00000	0.01439	0.98561	0
192	S	0.00000	0.01312	0.98688	0
193	S	0.00000	0.00286	0.99714	0
194	V	0.00000	0.00214	0.99786	0
195	V	0.00000	0	1.00000	0
196	S	0.00000	0	1.00000	0
197	F	0.00000	0	1.00000	0
198	Y	0.00000	0	1.00000	0
199	L	0.00000	0	1.00000	0
200	P	0.00000	0	1.00000	0
201	F	0.00000	0	1.00000	0
202	G	0.00000	0	1.00000	0
203	V	0.00000	0	1.00000	0
204	T	0.00000	0	1.00000	0
205	V	0.00000	0	1.00000	0
206	L	0.00000	0	1.00000	0
207	V	0.00000	0	1.00000	0
208	Y	0.00001	0	0.99999	0
209	A	0.00137	0	0.99863	0
210	R	0.02226	0	0.97774	0
211	I	0.02614	0	0.97386	0
212	Y	0.06513	0	0.93487	0
213	V	0.32918	0	0.67082	0
214	V	0.51475	0	0.48525	0
215	L	0.98239	0	0.01761	0
216	R	0.99905	0	0.00095	0
217	Q	0.99999	0	0.00001	0
218	R	1.00000	0	0.00000	0
219	R	1.00000	0	0.00000	0
220	R	1.00000	0	0.00000	0
221	K	1.00000	0	0.00000	0
222	R	1.00000	0	0.00000	0
223	I	1.00000	0	0.00000	0
224	L	1.00000	0	0.00000	0
225	T	1.00000	0	0.00000	0
226	R	1.00000	0	0.00000	0
227	Q	1.00000	0	0.00000	0
228	N	1.00000	0	0.00000	0
229	S	1.00000	0	0.00000	0
230	Q	1.00000	0	0.00000	0
231	C	1.00000	0	0.00000	0
232	I	1.00000	0	0.00000	0
233	S	1.00000	0	0.00000	0
234	V	1.00000	0	0.00000	0
235	R	1.00000	0	0.00000	0
236	P	1.00000	0	0.00000	0
237	S	1.00000	0	0.00000	0
238	F	1.00000	0	0.00000	0
239	P	1.00000	0	0.00000	0
240	Q	1.00000	0	0.00000	0
241	Q	1.00000	0	0.00000	0
242	S	1.00000	0	0.00000	0
243	L	1.00000	0	0.00000	0
244	S	1.00000	0	0.00000	0
245	H	1.00000	0	0.00000	0
246	G	1.00000	0	0.00000	0
247	Q	1.00000	0	0.00000	0
248	A	1.00000	0	0.00000	0
249	H	1.00000	0	0.00000	0
250	T	1.00000	0	0.00000	0
251	E	1.00000	0	0.00000	0
252	V	1.00000	0	0.00000	0
253	K	1.00000	0	0.00000	0
254	R	1.00000	0	0.00000	0
255	Y	1.00000	0	0.00000	0
256	Y	1.00000	0	0.00000	0
257	S	1.00000	0	0.00000	0
258	I	1.00000	0	0.00000	0
259	C	1.00000	0	0.00000	0
260	Q	1.00000	0	0.00000	0
261	D	1.00000	0	0.00000	0
262	T	1.00000	0	0.00000	0
263	A	1.00000	0	0.00000	0
264	L	1.00000	0	0.00000	0
265	G	1.00000	0	0.00000	0
266	Q	1.00000	0	0.00000	0
267	P	1.00000	0	0.00000	0
268	G	1.00000	0	0.00000	0
269	F	1.00000	0	0.00000	0
270	Q	1.00000	0	0.00000	0
271	E	1.00000	0	0.00000	0
272	E	1.00000	0	0.00000	0
273	E	1.00000	0	0.00000	0
274	A	1.00000	0	0.00000	0
275	D	1.00000	0	0.00000	0
276	L	1.00000	0	0.00000	0
277	K	1.00000	0	0.00000	0
278	R	1.00000	0	0.00000	0
279	E	1.00000	0	0.00000	0
280	D	1.00000	0	0.00000	0
281	K	1.00000	0	0.00000	0
282	A	1.00000	0	0.00000	0
283	Q	1.00000	0	0.00000	0
284	N	1.00000	0	0.00000	0
285	S	1.00000	0	0.00000	0
286	L	1.00000	0	0.00000	0
287	S	1.00000	0	0.00000	0
288	P	1.00000	0	0.00000	0
289	T	1.00000	0	0.00000	0
290	M	1.00000	0	0.00000	0
291	A	1.00000	0	0.00000	0
292	P	1.00000	0	0.00000	0
293	K	1.00000	0	0.00000	0
294	L	1.00000	0	0.00000	0
295	S	1.00000	0	0.00000	0
296	L	1.00000	0	0.00000	0
297	E	1.00000	0	0.00000	0
298	V	1.00000	0	0.00000	0
299	R	1.00000	0	0.00000	0
300	K	1.00000	0	0.00000	0
301	L	1.00000	0	0.00000	0
302	S	1.00000	0	0.00000	0
303	N	1.00000	0	0.00000	0
304	G	1.00000	0	0.00000	0
305	R	1.00000	0	0.00000	0
306	L	1.00000	0	0.00000	0
307	S	1.00000	0	0.00000	0
308	T	1.00000	0	0.00000	0
309	S	1.00000	0	0.00000	0
310	L	1.00000	0	0.00000	0
311	K	1.00000	0	0.00000	0
312	L	1.00000	0	0.00000	0
313	G	1.00000	0	0.00000	0
314	P	1.00000	0	0.00000	0
315	L	1.00000	0	0.00000	0
316	Q	1.00000	0	0.00000	0
317	P	1.00000	0	0.00000	0
318	R	1.00000	0	0.00000	0
319	A	1.00000	0	0.00000	0
320	M	1.00000	0	0.00000	0
321	P	1.00000	0	0.00000	0
322	L	1.00000	0	0.00000	0
323	R	1.00000	0	0.00000	0
324	E	1.00000	0	0.00000	0
325	K	0.98934	0	0.01066	0
326	K	0.98856	0	0.01144	0
327	A	0.83855	0	0.16145	0
328	T	0.83385	0	0.16615	0
329	Q	0.69930	0	0.30070	0
330	M	0.68058	0	0.31942	0
331	L	0.00525	0	0.99475	0
332	V	0.00002	0	0.99998	0
333	I	0.00000	0	1.00000	0
334	V	0.00000	0	1.00000	0
335	L	0.00000	0	1.00000	0
336	G	0.00000	0	1.00000	0
337	T	0.00000	0	1.00000	0
338	F	0.00000	0	1.00000	0
339	I	0.00000	0	1.00000	0
340	V	0.00000	0	1.00000	0
341	C	0.00000	0	1.00000	0
342	W	0.00000	0	1.00000	0
343	L	0.00000	0	1.00000	0
344	P	0.00000	0	1.00000	0
345	F	0.00000	0	1.00000	0
346	F	0.00000	0	1.00000	0
347	L	0.00000	0.0001	0.99990	0
348	I	0.00000	0.00152	0.99848	0
349	H	0.00000	0.01213	0.98787	0
350	V	0.00000	0.0263	0.97370	0
351	L	0.00000	0.09214	0.90786	0
352	N	0.00000	0.71076	0.28924	0
353	T	0.00000	0.8591	0.14090	0
354	H	0.00000	0.99542	0.00458	0
355	C	0.00000	0.99946	0.00054	0
356	Q	0.00000	0.99993	0.00007	0
357	T	0.00000	0.99998	0.00002	0
358	C	0.00000	1	0.00000	0
359	H	0.00000	1	0.00000	0
360	V	0.00000	0.99997	0.00003	0
361	S	0.00000	0.99994	0.00006	0
362	P	0.00000	0.99989	0.00011	0
363	K	0.00000	0.99941	0.00059	0
364	L	0.00000	0.99464	0.00536	0
365	Y	0.00000	0.99337	0.00663	0
366	S	0.00000	0.82773	0.17227	0
367	A	0.00000	0.02538	0.97462	0
368	T	0.00000	0.00875	0.99125	0
369	T	0.00000	0.00203	0.99797	0
370	W	0.00000	1e-05	0.99999	0
371	L	0.00000	0	1.00000	0
372	G	0.00000	0	1.00000	0
373	Y	0.00000	0	1.00000	0
374	V	0.00000	0	1.00000	0
375	N	0.00000	0	1.00000	0
376	S	0.00000	0	1.00000	0
377	A	0.00000	0	1.00000	0
378	L	0.00000	0	1.00000	0
379	N	0.00000	0	1.00000	0
380	P	0.00000	0	1.00000	0
381	V	0.00000	0	1.00000	0
382	I	0.00000	0	1.00000	0
383	Y	0.00001	0	0.99999	0
384	T	0.00009	0	0.99991	0
385	T	0.00053	0	0.99947	0
386	F	0.04810	0	0.95190	0
387	N	0.54013	0	0.45987	0
388	V	0.79004	0	0.20996	0
389	E	1.00000	0	0.00000	0
390	F	1.00000	0	0.00000	0
391	R	1.00000	0	0.00000	0
392	K	1.00000	0	0.00000	0
393	A	1.00000	0	0.00000	0
394	F	1.00000	0	0.00000	0
395	L	1.00000	0	0.00000	0
396	K	1.00000	0	0.00000	0
397	I	1.00000	0	0.00000	0
398	L	1.00000	0	0.00000	0
399	S	1.00000	0	0.00000	0
400	C	1.00000	0	0.00000	0
