# UNNAMED
#pos	aa	i	o	M	S
1	M	0.00000	0.99987	0.00000	0.00013
2	E	0.00000	0.99987	0.00000	0.00013
3	E	0.00000	0.99987	0.00000	0.00013
4	T	0.00000	0.99987	0.00000	0.00013
5	G	0.00000	0.99987	0.00000	0.00013
6	A	0.00000	0.99987	0.00000	0.00013
7	P	0.00000	0.99987	0.00000	0.00013
8	C	0.00000	0.99987	0.00000	0.00013
9	A	0.00000	0.99987	0.00000	0.00013
10	Q	0.00000	0.99987	0.00000	0.00014
11	P	0.00000	0.99987	0.00000	0.00013
12	P	0.00000	0.99987	0.00000	0.00013
13	S	0.00000	0.99987	0.00000	0.00013
14	A	0.00000	0.99987	0.00000	0.00013
15	G	0.00000	0.99987	0.00000	0.00013
16	A	0.00000	1	0.00000	0
17	P	0.00000	1	0.00000	0
18	R	0.00000	1	0.00000	0
19	P	0.00000	1	0.00000	0
20	A	0.00000	1	0.00000	0
21	S	0.00000	1	0.00000	0
22	P	0.00000	1	0.00000	0
23	A	0.00000	1	0.00000	0
24	N	0.00000	1	0.00000	0
25	L	0.00000	1	0.00000	0
26	S	0.00000	1	0.00000	0
27	T	0.00000	1	0.00000	0
28	A	0.00000	1	0.00000	0
29	Q	0.00000	1	0.00000	0
30	S	0.00000	1	0.00000	0
31	Q	0.00000	1	0.00000	0
32	N	0.00000	1	0.00000	0
33	C	0.00000	1	0.00000	0
34	S	0.00000	1	0.00000	0
35	Q	0.00000	1	0.00000	0
36	E	0.00000	1	0.00000	0
37	G	0.00000	1	0.00000	0
38	Y	0.00000	1	0.00000	0
39	I	0.00000	1	0.00000	0
40	Y	0.00000	1	0.00000	0
41	Q	0.00000	1	0.00000	0
42	D	0.00000	1	0.00000	0
43	S	0.00000	1	0.00000	0
44	L	0.00000	0.99914	0.00086	0
45	T	0.00000	0.99195	0.00805	0
46	L	0.00000	0.97984	0.02016	0
47	P	0.00000	0.97155	0.02845	0
48	W	0.00000	0.94385	0.05615	0
49	K	0.00000	0.92701	0.07299	0
50	V	0.00000	0.2791	0.72090	0
51	L	0.00000	0.10468	0.89532	0
52	L	0.00000	0.03449	0.96551	0
53	I	0.00000	0.00441	0.99559	0
54	L	0.00000	0.00228	0.99772	0
55	L	0.00000	0.00073	0.99927	0
56	L	0.00000	6e-05	0.99994	0
57	A	0.00000	0	1.00000	0
58	L	0.00000	0	1.00000	0
59	I	0.00000	0	1.00000	0
60	T	0.00000	0	1.00000	0
61	L	0.00000	0	1.00000	0
62	A	0.00000	0	1.00000	0
63	T	0.00000	0	1.00000	0
64	T	0.00000	0	1.00000	0
65	L	0.00000	0	1.00000	0
66	S	0.00000	0	1.00000	0
67	N	0.00000	0	1.00000	0
68	A	0.00000	0	1.00000	0
69	F	0.00000	0	1.00000	0
70	V	0.00003	0	0.99997	0
71	I	0.00046	0	0.99954	0
72	A	0.03291	0	0.96709	0
73	T	0.41477	0	0.58523	0
74	V	0.53504	0	0.46496	0
75	Y	0.73180	0	0.26820	0
76	R	0.99672	0	0.00328	0
77	T	0.99975	0	0.00025	0
78	R	1.00000	0	0.00000	0
79	K	1.00000	0	0.00000	0
80	L	1.00000	0	0.00000	0
81	H	1.00000	0	0.00000	0
82	T	1.00000	0	0.00000	0
83	P	1.00000	0	0.00000	0
84	A	0.34874	0	0.65126	0
85	N	0.04685	0	0.95315	0
86	Y	0.01108	0	0.98892	0
87	L	0.00010	0	0.99990	0
88	I	0.00000	0	1.00000	0
89	A	0.00000	0	1.00000	0
90	S	0.00000	0	1.00000	0
91	L	0.00000	0	1.00000	0
92	A	0.00000	0	1.00000	0
93	V	0.00000	0	1.00000	0
94	T	0.00000	0	1.00000	0
95	D	0.00000	0	1.00000	0
96	L	0.00000	0	1.00000	0
97	L	0.00000	0	1.00000	0
98	V	0.00000	0	1.00000	0
99	S	0.00000	0	1.00000	0
100	I	0.00000	0	1.00000	0
101	L	0.00000	0	1.00000	0
102	V	0.00000	1e-05	0.99999	0
103	M	0.00000	0.00057	0.99943	0
104	P	0.00000	0.00875	0.99125	0
105	I	0.00000	0.15741	0.84259	0
106	S	0.00000	0.66861	0.33139	0
107	T	0.00000	0.83836	0.16164	0
108	M	0.00000	0.88751	0.11249	0
109	Y	0.00000	0.99994	0.00006	0
110	T	0.00000	0.99997	0.00003	0
111	V	0.00000	0.99997	0.00003	0
112	T	0.00000	0.99999	0.00001	0
113	G	0.00000	1	0.00000	0
114	R	0.00000	1	0.00000	0
115	W	0.00000	1	0.00000	0
116	T	0.00000	1	0.00000	0
117	L	0.00000	1	0.00000	0
118	G	0.00000	1	0.00000	0
119	Q	0.00000	0.99981	0.00019	0
120	V	0.00000	0.99799	0.00201	0
121	V	0.00000	0.99759	0.00241	0
122	C	0.00000	0.99735	0.00265	0
123	D	0.00000	0.99629	0.00371	0
124	L	0.00000	0.99457	0.00543	0
125	W	0.00000	0.82235	0.17765	0
126	L	0.00000	0.09738	0.90262	0
127	S	0.00000	0.0184	0.98160	0
128	S	0.00000	0.00347	0.99653	0
129	D	0.00000	0.00131	0.99869	0
130	I	0.00000	4e-05	0.99996	0
131	T	0.00000	0	1.00000	0
132	C	0.00000	0	1.00000	0
133	C	0.00000	0	1.00000	0
134	T	0.00000	0	1.00000	0
135	A	0.00000	0	1.00000	0
136	S	0.00000	0	1.00000	0
137	I	0.00000	0	1.00000	0
138	L	0.00000	0	1.00000	0
139	H	0.00000	0	1.00000	0
140	L	0.00000	0	1.00000	0
141	C	0.00000	0	1.00000	0
142	V	0.00001	0	0.99999	0
143	I	0.00001	0	0.99999	0
144	A	0.00005	0	0.99995	0
145	L	0.00005	0	0.99995	0
146	D	0.00010	0	0.99990	0
147	R	0.10956	0	0.89044	0
148	Y	0.45207	0	0.54793	0
149	W	0.47981	0	0.52019	0
150	A	0.79705	0	0.20295	0
151	I	1.00000	0	0.00000	0
152	T	1.00000	0	0.00000	0
153	D	1.00000	0	0.00000	0
154	A	1.00000	0	0.00000	0
155	V	1.00000	0	0.00000	0
156	E	1.00000	0	0.00000	0
157	Y	1.00000	0	0.00000	0
158	S	1.00000	0	0.00000	0
159	A	1.00000	0	0.00000	0
160	K	1.00000	0	0.00000	0
161	R	1.00000	0	0.00000	0
162	T	1.00000	0	0.00000	0
163	P	0.99999	0	0.00001	0
164	Q	0.99939	0	0.00061	0
165	R	0.96511	0	0.03489	0
166	A	0.16324	0	0.83676	0
167	A	0.02141	0	0.97859	0
168	L	0.00149	0	0.99851	0
169	M	0.00029	0	0.99971	0
170	I	0.00000	0	1.00000	0
171	V	0.00000	0	1.00000	0
172	L	0.00000	0	1.00000	0
173	V	0.00000	0	1.00000	0
174	W	0.00000	0	1.00000	0
175	V	0.00000	0	1.00000	0
176	F	0.00000	0	1.00000	0
177	A	0.00000	0	1.00000	0
178	I	0.00000	0	1.00000	0
179	S	0.00000	0	1.00000	0
180	I	0.00000	0	1.00000	0
181	S	0.00000	0	1.00000	0
182	L	0.00000	0	1.00000	0
183	P	0.00000	1e-05	0.99999	0
184	P	0.00000	0.0001	0.99990	0
185	F	0.00000	0.00083	0.99917	0
186	F	0.00000	0.03014	0.96986	0
187	W	0.00000	0.48179	0.51821	0
188	R	0.00000	0.96487	0.03513	0
189	Q	0.00000	0.99398	0.00602	0
190	A	0.00000	0.99765	0.00235	0
191	K	0.00000	0.99999	0.00001	0
192	A	0.00000	1	0.00000	0
193	E	0.00000	1	0.00000	0
194	E	0.00000	1	0.00000	0
195	E	0.00000	1	0.00000	0
196	V	0.00000	1	0.00000	0
197	W	0.00000	1	0.00000	0
198	D	0.00000	1	0.00000	0
199	C	0.00000	1	0.00000	0
200	V	0.00000	1	0.00000	0
201	V	0.00000	1	0.00000	0
202	N	0.00000	1	0.00000	0
203	T	0.00000	0.99999	0.00001	0
204	D	0.00000	0.99996	0.00004	0
205	H	0.00000	0.98228	0.01772	0
206	V	0.00000	0.81019	0.18981	0
207	L	0.00000	0.28554	0.71446	0
208	Y	0.00000	0.25989	0.74011	0
209	T	0.00000	0.23592	0.76408	0
210	V	0.00000	0.00465	0.99535	0
211	Y	0.00000	0.00189	0.99811	0
212	S	0.00000	0.00148	0.99852	0
213	T	0.00000	0.00011	0.99989	0
214	V	0.00000	4e-05	0.99996	0
215	G	0.00000	0	1.00000	0
216	A	0.00000	0	1.00000	0
217	F	0.00000	0	1.00000	0
218	Y	0.00000	0	1.00000	0
219	F	0.00000	0	1.00000	0
220	P	0.00000	0	1.00000	0
221	T	0.00000	0	1.00000	0
222	L	0.00000	0	1.00000	0
223	L	0.00000	0	1.00000	0
224	L	0.00000	0	1.00000	0
225	I	0.00000	0	1.00000	0
226	A	0.00000	0	1.00000	0
227	L	0.00012	0	0.99988	0
228	Y	0.00378	0	0.99622	0
229	G	0.10800	0	0.89200	0
230	R	0.25946	0	0.74054	0
231	I	0.27098	0	0.72902	0
232	Y	0.33461	0	0.66539	0
233	V	0.70709	0	0.29291	0
234	E	0.98542	0	0.01458	0
235	A	0.99983	0	0.00017	0
236	R	0.99999	0	0.00001	0
237	S	1.00000	0	0.00000	0
238	R	1.00000	0	0.00000	0
239	I	1.00000	0	0.00000	0
240	L	1.00000	0	0.00000	0
241	K	1.00000	0	0.00000	0
242	Q	1.00000	0	0.00000	0
243	T	1.00000	0	0.00000	0
244	P	1.00000	0	0.00000	0
245	D	1.00000	0	0.00000	0
246	R	1.00000	0	0.00000	0
247	T	1.00000	0	0.00000	0
248	G	1.00000	0	0.00000	0
249	K	1.00000	0	0.00000	0
250	R	1.00000	0	0.00000	0
251	L	1.00000	0	0.00000	0
252	T	1.00000	0	0.00000	0
253	R	1.00000	0	0.00000	0
254	A	1.00000	0	0.00000	0
255	Q	1.00000	0	0.00000	0
256	L	1.00000	0	0.00000	0
257	I	1.00000	0	0.00000	0
258	T	1.00000	0	0.00000	0
259	D	1.00000	0	0.00000	0
260	S	1.00000	0	0.00000	0
261	P	1.00000	0	0.00000	0
262	G	1.00000	0	0.00000	0
263	S	1.00000	0	0.00000	0
264	T	1.00000	0	0.00000	0
265	S	1.00000	0	0.00000	0
266	S	1.00000	0	0.00000	0
267	V	1.00000	0	0.00000	0
268	T	1.00000	0	0.00000	0
269	S	1.00000	0	0.00000	0
270	I	1.00000	0	0.00000	0
271	N	1.00000	0	0.00000	0
272	S	1.00000	0	0.00000	0
273	R	1.00000	0	0.00000	0
274	A	1.00000	0	0.00000	0
275	A	1.00000	0	0.00000	0
276	P	1.00000	0	0.00000	0
277	D	1.00000	0	0.00000	0
278	V	1.00000	0	0.00000	0
279	S	1.00000	0	0.00000	0
280	S	1.00000	0	0.00000	0
281	E	1.00000	0	0.00000	0
282	S	1.00000	0	0.00000	0
283	G	1.00000	0	0.00000	0
284	S	1.00000	0	0.00000	0
285	P	1.00000	0	0.00000	0
286	V	1.00000	0	0.00000	0
287	Y	1.00000	0	0.00000	0
288	V	1.00000	0	0.00000	0
289	N	1.00000	0	0.00000	0
290	Q	1.00000	0	0.00000	0
291	V	1.00000	0	0.00000	0
292	K	1.00000	0	0.00000	0
293	V	1.00000	0	0.00000	0
294	R	1.00000	0	0.00000	0
295	V	1.00000	0	0.00000	0
296	S	1.00000	0	0.00000	0
297	D	1.00000	0	0.00000	0
298	A	1.00000	0	0.00000	0
299	L	1.00000	0	0.00000	0
300	L	1.00000	0	0.00000	0
301	E	1.00000	0	0.00000	0
302	K	1.00000	0	0.00000	0
303	K	1.00000	0	0.00000	0
304	K	1.00000	0	0.00000	0
305	L	1.00000	0	0.00000	0
306	M	1.00000	0	0.00000	0
307	A	1.00000	0	0.00000	0
308	A	1.00000	0	0.00000	0
309	R	1.00000	0	0.00000	0
310	E	1.00000	0	0.00000	0
311	R	0.99772	0	0.00228	0
312	K	0.99744	0	0.00256	0
313	A	0.77698	0	0.22302	0
314	T	0.77585	0	0.22415	0
315	K	0.77330	0	0.22670	0
316	T	0.77058	0	0.22942	0
317	L	0.00859	0	0.99141	0
318	G	0.00162	0	0.99838	0
319	I	0.00008	0	0.99992	0
320	I	0.00004	0	0.99996	0
321	L	0.00000	0	1.00000	0
322	G	0.00000	0	1.00000	0
323	A	0.00000	0	1.00000	0
324	F	0.00000	0	1.00000	0
325	I	0.00000	0	1.00000	0
326	V	0.00000	0	1.00000	0
327	C	0.00000	0	1.00000	0
328	W	0.00000	0	1.00000	0
329	L	0.00000	0	1.00000	0
330	P	0.00000	0	1.00000	0
331	F	0.00000	0	1.00000	0
332	F	0.00000	0	1.00000	0
333	I	0.00000	1e-05	0.99999	0
334	I	0.00000	0.00017	0.99983	0
335	S	0.00000	0.00148	0.99852	0
336	L	0.00000	0.0036	0.99640	0
337	V	0.00000	0.01425	0.98575	0
338	M	0.00000	0.04428	0.95572	0
339	P	0.00000	0.29914	0.70086	0
340	I	0.00000	0.40763	0.59237	0
341	C	0.00000	0.95001	0.04999	0
342	K	0.00000	0.99948	0.00052	0
343	D	0.00000	0.99999	0.00001	0
344	A	0.00000	0.99988	0.00012	0
345	C	0.00000	0.99935	0.00065	0
346	W	0.00000	0.99515	0.00485	0
347	F	0.00000	0.98939	0.01061	0
348	H	0.00000	0.98399	0.01601	0
349	L	0.00000	0.96691	0.03309	0
350	A	0.00000	0.95955	0.04045	0
351	I	0.00000	0.95276	0.04724	0
352	F	0.00000	0.95097	0.04903	0
353	D	0.00000	0.90159	0.09841	0
354	F	0.00000	0.00876	0.99124	0
355	F	0.00000	0.00039	0.99961	0
356	N	0.00000	2e-05	0.99998	0
357	W	0.00000	0	1.00000	0
358	L	0.00000	0	1.00000	0
359	G	0.00000	0	1.00000	0
360	Y	0.00000	0	1.00000	0
361	L	0.00000	0	1.00000	0
362	N	0.00000	0	1.00000	0
363	S	0.00000	0	1.00000	0
364	L	0.00000	0	1.00000	0
365	I	0.00000	0	1.00000	0
366	N	0.00001	0	0.99999	0
367	P	0.00002	0	0.99998	0
368	I	0.00003	0	0.99997	0
369	I	0.00033	0	0.99967	0
370	Y	0.00108	0	0.99892	0
371	T	0.00230	0	0.99770	0
372	M	0.00601	0	0.99399	0
373	S	0.07276	0	0.92724	0
374	N	0.35657	0	0.64343	0
375	E	1.00000	0	0.00000	0
376	D	1.00000	0	0.00000	0
377	F	1.00000	0	0.00000	0
378	K	1.00000	0	0.00000	0
379	Q	1.00000	0	0.00000	0
380	A	1.00000	0	0.00000	0
381	F	1.00000	0	0.00000	0
382	H	1.00000	0	0.00000	0
383	K	1.00000	0	0.00000	0
384	L	1.00000	0	0.00000	0
385	I	1.00000	0	0.00000	0
386	R	1.00000	0	0.00000	0
387	F	1.00000	0	0.00000	0
388	K	1.00000	0	0.00000	0
389	C	1.00000	0	0.00000	0
390	T	1.00000	0	0.00000	0
391	S	1.00000	0	0.00000	0
