# UNNAMED
#pos	aa	i	o	M	S
1	M	0.00000	1	0.00000	0
2	S	0.00000	1	0.00000	0
3	A	0.00000	1	0.00000	0
4	S	0.00000	1	0.00000	0
5	T	0.00000	1	0.00000	0
6	N	0.00000	1	0.00000	0
7	S	0.00000	1	0.00000	0
8	T	0.00000	1	0.00000	0
9	I	0.00000	0.99998	0.00002	0
10	A	0.00000	0.99998	0.00002	0
11	L	0.00000	0.99996	0.00004	0
12	L	0.00000	0.99952	0.00048	0
13	P	0.00000	0.99821	0.00179	0
14	S	0.00000	0.98172	0.01828	0
15	T	0.00000	0.90291	0.09709	0
16	H	0.00000	0.75977	0.24023	0
17	I	0.00000	0.12515	0.87485	0
18	F	0.00000	0.02499	0.97501	0
19	L	0.00000	0.00313	0.99687	0
20	V	0.00000	0.00101	0.99899	0
21	F	0.00000	0.00047	0.99953	0
22	L	0.00000	0.00034	0.99966	0
23	M	0.00000	0.00029	0.99971	0
24	C	0.00000	0.00018	0.99982	0
25	L	0.00000	2e-05	0.99998	0
26	V	0.00000	0	1.00000	0
27	A	0.00000	0	1.00000	0
28	F	0.00000	0	1.00000	0
29	A	0.00000	0	1.00000	0
30	I	0.00000	0	1.00000	0
31	M	0.00000	0	1.00000	0
32	L	0.00000	0	1.00000	0
33	G	0.00000	0	1.00000	0
34	N	0.00000	0	1.00000	0
35	A	0.00000	0	1.00000	0
36	V	0.00000	0	1.00000	0
37	V	0.00000	0	1.00000	0
38	I	0.00000	0	1.00000	0
39	L	0.00029	0	0.99971	0
40	A	0.01021	0	0.98979	0
41	F	0.03806	0	0.96194	0
42	V	0.21282	0	0.78718	0
43	V	0.57853	0	0.42147	0
44	D	0.99745	0	0.00255	0
45	Q	0.99996	0	0.00004	0
46	K	1.00000	0	0.00000	0
47	L	1.00000	0	0.00000	0
48	R	1.00000	0	0.00000	0
49	H	0.99999	0	0.00001	0
50	R	0.99998	0	0.00002	0
51	S	0.99359	0	0.00641	0
52	N	0.89210	0	0.10790	0
53	Y	0.34124	0	0.65876	0
54	F	0.00425	0	0.99575	0
55	F	0.00045	0	0.99955	0
56	L	0.00000	0	1.00000	0
57	N	0.00000	0	1.00000	0
58	L	0.00000	0	1.00000	0
59	A	0.00000	0	1.00000	0
60	I	0.00000	0	1.00000	0
61	A	0.00000	0	1.00000	0
62	D	0.00000	0	1.00000	0
63	F	0.00000	0	1.00000	0
64	F	0.00000	0	1.00000	0
65	V	0.00000	0	1.00000	0
66	G	0.00000	0	1.00000	0
67	M	0.00000	0	1.00000	0
68	I	0.00000	0	1.00000	0
69	S	0.00000	2e-05	0.99998	0
70	I	0.00000	7e-05	0.99993	0
71	P	0.00000	0.00163	0.99837	0
72	L	0.00000	0.00888	0.99112	0
73	Y	0.00000	0.05304	0.94696	0
74	I	0.00000	0.07213	0.92787	0
75	P	0.00000	0.51001	0.48999	0
76	H	0.00000	0.99999	0.00001	0
77	T	0.00000	0.99999	0.00001	0
78	L	0.00000	1	0.00000	0
79	Y	0.00000	1	0.00000	0
80	G	0.00000	1	0.00000	0
81	W	0.00000	1	0.00000	0
82	S	0.00000	1	0.00000	0
83	S	0.00000	1	0.00000	0
84	E	0.00000	1	0.00000	0
85	S	0.00000	1	0.00000	0
86	K	0.00000	1	0.00000	0
87	L	0.00000	0.99988	0.00012	0
88	C	0.00000	0.99981	0.00019	0
89	V	0.00000	0.9993	0.00070	0
90	F	0.00000	0.99858	0.00142	0
91	W	0.00000	0.94829	0.05171	0
92	L	0.00000	0.40279	0.59721	0
93	T	0.00000	0.25323	0.74677	0
94	V	0.00000	0.00386	0.99614	0
95	D	0.00000	0.00127	0.99873	0
96	Y	0.00000	5e-05	0.99995	0
97	L	0.00000	0	1.00000	0
98	L	0.00000	0	1.00000	0
99	C	0.00000	0	1.00000	0
100	T	0.00000	0	1.00000	0
101	T	0.00000	0	1.00000	0
102	S	0.00000	0	1.00000	0
103	V	0.00000	0	1.00000	0
104	Y	0.00000	0	1.00000	0
105	N	0.00000	0	1.00000	0
106	I	0.00000	0	1.00000	0
107	V	0.00001	0	0.99999	0
108	L	0.00001	0	0.99999	0
109	I	0.00004	0	0.99996	0
110	S	0.00006	0	0.99994	0
111	Y	0.00014	0	0.99986	0
112	D	0.00058	0	0.99942	0
113	R	0.05934	0	0.94066	0
114	Y	0.18827	0	0.81173	0
115	Q	0.29310	0	0.70690	0
116	S	0.87840	0	0.12160	0
117	V	0.99996	0	0.00004	0
118	S	1.00000	0	0.00000	0
119	N	1.00000	0	0.00000	0
120	A	1.00000	0	0.00000	0
121	I	1.00000	0	0.00000	0
122	S	1.00000	0	0.00000	0
123	Y	1.00000	0	0.00000	0
124	R	1.00000	0	0.00000	0
125	T	1.00000	0	0.00000	0
126	Q	0.99998	0	0.00002	0
127	H	0.99410	0	0.00590	0
128	I	0.65647	0	0.34353	0
129	G	0.60446	0	0.39554	0
130	I	0.51884	0	0.48116	0
131	L	0.49660	0	0.50340	0
132	K	0.48781	0	0.51219	0
133	I	0.10913	0	0.89087	0
134	V	0.01288	0	0.98712	0
135	A	0.00300	0	0.99700	0
136	L	0.00012	0	0.99988	0
137	M	0.00001	0	0.99999	0
138	V	0.00000	0	1.00000	0
139	A	0.00000	0	1.00000	0
140	V	0.00000	0	1.00000	0
141	W	0.00000	0	1.00000	0
142	V	0.00000	0	1.00000	0
143	L	0.00000	0	1.00000	0
144	A	0.00000	0	1.00000	0
145	F	0.00000	0	1.00000	0
146	L	0.00000	1e-05	0.99999	0
147	V	0.00000	0.00439	0.99561	0
148	H	0.00000	0.1633	0.83670	0
149	G	0.00000	0.32658	0.67342	0
150	P	0.00000	0.37503	0.62497	0
151	I	0.00000	0.38874	0.61126	0
152	I	0.00000	0.42243	0.57757	0
153	L	0.00000	0.52929	0.47071	0
154	V	0.00000	0.57699	0.42301	0
155	S	0.00000	0.83866	0.16134	0
156	E	0.00000	0.99712	0.00288	0
157	S	0.00000	0.99942	0.00058	0
158	W	0.00000	0.99984	0.00016	0
159	N	0.00000	0.99999	0.00001	0
160	N	0.00000	1	0.00000	0
161	S	0.00000	1	0.00000	0
162	S	0.00000	1	0.00000	0
163	V	0.00000	1	0.00000	0
164	R	0.00000	1	0.00000	0
165	V	0.00000	1	0.00000	0
166	S	0.00000	1	0.00000	0
167	E	0.00000	1	0.00000	0
168	K	0.00000	1	0.00000	0
169	K	0.00000	1	0.00000	0
170	D	0.00000	1	0.00000	0
171	C	0.00000	1	0.00000	0
172	E	0.00000	1	0.00000	0
173	P	0.00000	0.99999	0.00001	0
174	G	0.00000	0.99999	0.00001	0
175	F	0.00000	0.99998	0.00002	0
176	I	0.00000	0.99998	0.00002	0
177	S	0.00000	0.99998	0.00002	0
178	K	0.00000	0.99991	0.00009	0
179	W	0.00000	0.99228	0.00772	0
180	Y	0.00000	0.92628	0.07372	0
181	I	0.00000	0.40317	0.59683	0
182	L	0.00000	0.39309	0.60691	0
183	A	0.00000	0.39181	0.60819	0
184	I	0.00000	0.0036	0.99640	0
185	T	0.00000	0.0033	0.99670	0
186	S	0.00000	0.00202	0.99798	0
187	F	0.00000	0.00081	0.99919	0
188	L	0.00000	0	1.00000	0
189	E	0.00000	0	1.00000	0
190	F	0.00000	0	1.00000	0
191	V	0.00000	0	1.00000	0
192	V	0.00000	0	1.00000	0
193	P	0.00000	0	1.00000	0
194	V	0.00000	0	1.00000	0
195	L	0.00000	0	1.00000	0
196	S	0.00000	0	1.00000	0
197	V	0.00000	0	1.00000	0
198	A	0.00000	0	1.00000	0
199	Y	0.00000	0	1.00000	0
200	F	0.00000	0	1.00000	0
201	N	0.00001	0	0.99999	0
202	I	0.00002	0	0.99998	0
203	Y	0.00022	0	0.99978	0
204	I	0.00326	0	0.99674	0
205	Y	0.00855	0	0.99145	0
206	W	0.05182	0	0.94818	0
207	R	0.78162	0	0.21838	0
208	L	0.81349	0	0.18651	0
209	W	0.83586	0	0.16414	0
210	K	0.99918	0	0.00082	0
211	R	0.99998	0	0.00002	0
212	G	1.00000	0	0.00000	0
213	N	1.00000	0	0.00000	0
214	L	1.00000	0	0.00000	0
215	S	1.00000	0	0.00000	0
216	R	1.00000	0	0.00000	0
217	W	1.00000	0	0.00000	0
218	Q	1.00000	0	0.00000	0
219	S	1.00000	0	0.00000	0
220	Q	1.00000	0	0.00000	0
221	P	1.00000	0	0.00000	0
222	G	1.00000	0	0.00000	0
223	L	1.00000	0	0.00000	0
224	T	1.00000	0	0.00000	0
225	S	1.00000	0	0.00000	0
226	P	1.00000	0	0.00000	0
227	T	1.00000	0	0.00000	0
228	P	1.00000	0	0.00000	0
229	P	1.00000	0	0.00000	0
230	N	1.00000	0	0.00000	0
231	N	1.00000	0	0.00000	0
232	C	1.00000	0	0.00000	0
233	G	1.00000	0	0.00000	0
234	P	1.00000	0	0.00000	0
235	L	1.00000	0	0.00000	0
236	L	1.00000	0	0.00000	0
237	R	1.00000	0	0.00000	0
238	G	1.00000	0	0.00000	0
239	G	1.00000	0	0.00000	0
240	L	1.00000	0	0.00000	0
241	F	1.00000	0	0.00000	0
242	S	1.00000	0	0.00000	0
243	R	1.00000	0	0.00000	0
244	T	1.00000	0	0.00000	0
245	S	1.00000	0	0.00000	0
246	L	1.00000	0	0.00000	0
247	P	1.00000	0	0.00000	0
248	E	1.00000	0	0.00000	0
249	L	1.00000	0	0.00000	0
250	K	1.00000	0	0.00000	0
251	E	1.00000	0	0.00000	0
252	T	1.00000	0	0.00000	0
253	A	1.00000	0	0.00000	0
254	T	1.00000	0	0.00000	0
255	S	1.00000	0	0.00000	0
256	V	1.00000	0	0.00000	0
257	P	1.00000	0	0.00000	0
258	S	1.00000	0	0.00000	0
259	K	1.00000	0	0.00000	0
260	R	1.00000	0	0.00000	0
261	H	1.00000	0	0.00000	0
262	G	1.00000	0	0.00000	0
263	R	1.00000	0	0.00000	0
264	K	1.00000	0	0.00000	0
265	R	1.00000	0	0.00000	0
266	S	1.00000	0	0.00000	0
267	L	1.00000	0	0.00000	0
268	L	1.00000	0	0.00000	0
269	F	1.00000	0	0.00000	0
270	S	1.00000	0	0.00000	0
271	L	1.00000	0	0.00000	0
272	R	1.00000	0	0.00000	0
273	A	1.00000	0	0.00000	0
274	Q	1.00000	0	0.00000	0
275	T	1.00000	0	0.00000	0
276	N	1.00000	0	0.00000	0
277	T	1.00000	0	0.00000	0
278	N	1.00000	0	0.00000	0
279	I	1.00000	0	0.00000	0
280	I	1.00000	0	0.00000	0
281	A	1.00000	0	0.00000	0
282	S	1.00000	0	0.00000	0
283	K	1.00000	0	0.00000	0
284	M	1.00000	0	0.00000	0
285	A	1.00000	0	0.00000	0
286	S	1.00000	0	0.00000	0
287	L	1.00000	0	0.00000	0
288	S	1.00000	0	0.00000	0
289	H	1.00000	0	0.00000	0
290	C	1.00000	0	0.00000	0
291	D	1.00000	0	0.00000	0
292	S	1.00000	0	0.00000	0
293	L	1.00000	0	0.00000	0
294	C	1.00000	0	0.00000	0
295	L	1.00000	0	0.00000	0
296	H	1.00000	0	0.00000	0
297	Q	1.00000	0	0.00000	0
298	R	1.00000	0	0.00000	0
299	E	1.00000	0	0.00000	0
300	H	1.00000	0	0.00000	0
301	I	1.00000	0	0.00000	0
302	E	1.00000	0	0.00000	0
303	L	0.99999	0	0.00001	0
304	L	0.99999	0	0.00001	0
305	R	0.99998	0	0.00002	0
306	A	0.99900	0	0.00100	0
307	R	0.96347	0	0.03653	0
308	K	0.96288	0	0.03712	0
309	L	0.89657	0	0.10343	0
310	A	0.89457	0	0.10543	0
311	K	0.89405	0	0.10595	0
312	S	0.89281	0	0.10719	0
313	L	0.01715	0	0.98285	0
314	A	0.00068	0	0.99932	0
315	I	0.00022	0	0.99978	0
316	L	0.00000	0	1.00000	0
317	L	0.00000	0	1.00000	0
318	G	0.00000	0	1.00000	0
319	V	0.00000	0	1.00000	0
320	F	0.00000	0	1.00000	0
321	A	0.00000	0	1.00000	0
322	F	0.00000	0	1.00000	0
323	C	0.00000	0	1.00000	0
324	W	0.00000	0	1.00000	0
325	A	0.00000	0	1.00000	0
326	P	0.00000	0	1.00000	0
327	Y	0.00000	1e-05	0.99999	0
328	S	0.00000	3e-05	0.99997	0
329	L	0.00000	0.00028	0.99972	0
330	F	0.00000	0.00239	0.99761	0
331	T	0.00000	0.01234	0.98766	0
332	I	0.00000	0.02708	0.97292	0
333	I	0.00000	0.04876	0.95124	0
334	R	0.00000	0.2835	0.71650	0
335	S	0.00000	0.30813	0.69187	0
336	F	0.00000	0.3245	0.67550	0
337	L	0.00000	0.41775	0.58225	0
338	S	0.00000	0.8337	0.16630	0
339	P	0.00000	0.99872	0.00128	0
340	E	0.00000	0.99997	0.00003	0
341	Q	0.00000	1	0.00000	0
342	R	0.00000	1	0.00000	0
343	P	0.00000	1	0.00000	0
344	Q	0.00000	0.99998	0.00002	0
345	T	0.00000	0.99912	0.00088	0
346	I	0.00000	0.99671	0.00329	0
347	W	0.00000	0.99535	0.00465	0
348	Y	0.00000	0.99473	0.00527	0
349	E	0.00000	0.89625	0.10375	0
350	I	0.00000	0.5963	0.40370	0
351	T	0.00000	0.5648	0.43520	0
352	F	0.00000	0.003	0.99700	0
353	W	0.00000	0	1.00000	0
354	L	0.00000	0	1.00000	0
355	Q	0.00000	0	1.00000	0
356	W	0.00000	0	1.00000	0
357	F	0.00000	0	1.00000	0
358	N	0.00000	0	1.00000	0
359	S	0.00000	0	1.00000	0
360	L	0.00000	0	1.00000	0
361	V	0.00000	0	1.00000	0
362	N	0.00000	0	1.00000	0
363	P	0.00000	0	1.00000	0
364	F	0.00000	0	1.00000	0
365	L	0.00000	0	1.00000	0
366	Y	0.00003	0	0.99997	0
367	P	0.00024	0	0.99976	0
368	L	0.00084	0	0.99916	0
369	C	0.01421	0	0.98579	0
370	H	0.11287	0	0.88713	0
371	K	1.00000	0	0.00000	0
372	H	1.00000	0	0.00000	0
373	F	1.00000	0	0.00000	0
374	Q	1.00000	0	0.00000	0
375	K	1.00000	0	0.00000	0
376	A	1.00000	0	0.00000	0
377	F	1.00000	0	0.00000	0
378	L	1.00000	0	0.00000	0
379	R	1.00000	0	0.00000	0
380	I	1.00000	0	0.00000	0
381	F	1.00000	0	0.00000	0
382	H	1.00000	0	0.00000	0
383	V	1.00000	0	0.00000	0
384	K	1.00000	0	0.00000	0
385	K	1.00000	0	0.00000	0
386	Q	1.00000	0	0.00000	0
387	P	1.00000	0	0.00000	0
388	I	1.00000	0	0.00000	0
389	P	1.00000	0	0.00000	0
390	T	1.00000	0	0.00000	0
391	Q	1.00000	0	0.00000	0
392	N	1.00000	0	0.00000	0
393	R	1.00000	0	0.00000	0
394	S	1.00000	0	0.00000	0
395	M	1.00000	0	0.00000	0
396	S	1.00000	0	0.00000	0
397	S	1.00000	0	0.00000	0
