# UNNAMED
#pos	aa	i	o	M	S
1	M	0.00000	0.38539	0.00000	0.61461
2	E	0.00000	0.38539	0.00000	0.61461
3	A	0.00000	0.38539	0.00000	0.61461
4	A	0.00000	0.38539	0.00000	0.61461
5	N	0.00000	0.38539	0.00000	0.61461
6	L	0.00000	0.38539	0.00000	0.61461
7	S	0.00000	0.38539	0.00000	0.61461
8	V	0.00000	0.38539	0.00000	0.61461
9	A	0.00000	0.38539	0.00000	0.61462
10	T	0.00000	0.38539	0.00000	0.61461
11	A	0.00000	0.38539	0.00000	0.61462
12	G	0.00000	0.38539	0.00000	0.61461
13	V	0.00000	0.3854	0.00000	0.61461
14	A	0.00000	0.3854	0.00000	0.6146
15	L	0.00000	0.3854	0.00000	0.6146
16	A	0.00000	0.38596	0.00000	0.61404
17	L	0.00000	0.3953	0.00000	0.6047
18	G	0.00000	0.39544	0.00000	0.60455
19	P	0.00000	0.39545	0.00000	0.60455
20	E	0.00000	0.39545	0.00000	0.60455
21	T	0.00000	0.39561	0.00000	0.60439
22	C	0.00000	0.39561	0.00000	0.60439
23	S	0.00000	0.39564	0.00000	0.60437
24	S	0.00000	0.77994	0.00000	0.22006
25	S	0.00000	0.9999	0.00000	0.0001
26	P	0.00000	0.9999	0.00000	0.0001
27	S	0.00000	0.9999	0.00000	0.0001
28	G	0.00000	0.99999	0.00000	1e-05
29	I	0.00000	0.99999	0.00000	1e-05
30	L	0.00000	0.99999	0.00000	1e-05
31	S	0.00000	0.99999	0.00000	1e-05
32	S	0.00000	1	0.00000	0
33	T	0.00000	1	0.00000	0
34	P	0.00000	1	0.00000	0
35	G	0.00000	1	0.00000	0
36	G	0.00000	1	0.00000	0
37	A	0.00000	1	0.00000	0
38	V	0.00000	1	0.00000	0
39	L	0.00000	1	0.00000	0
40	Q	0.00000	1	0.00000	0
41	G	0.00000	0.99999	0.00001	0
42	W	0.00000	0.99992	0.00008	0
43	E	0.00000	0.9999	0.00010	0
44	P	0.00000	0.99898	0.00102	0
45	P	0.00000	0.98831	0.01169	0
46	F	0.00000	0.86966	0.13034	0
47	S	0.00000	0.80369	0.19631	0
48	V	0.00000	0.53527	0.46473	0
49	F	0.00000	0.35524	0.64476	0
50	T	0.00000	0.27194	0.72806	0
51	V	0.00000	0.09625	0.90375	0
52	L	0.00000	0.04094	0.95906	0
53	V	0.00000	0.01435	0.98565	0
54	V	0.00000	0.00348	0.99652	0
55	T	0.00000	0.0013	0.99870	0
56	L	0.00000	0.00052	0.99948	0
57	L	0.00000	7e-05	0.99993	0
58	V	0.00000	0	1.00000	0
59	L	0.00000	0	1.00000	0
60	L	0.00000	0	1.00000	0
61	I	0.00000	0	1.00000	0
62	A	0.00000	0	1.00000	0
63	A	0.00000	0	1.00000	0
64	T	0.00000	0	1.00000	0
65	F	0.00000	0	1.00000	0
66	L	0.00000	0	1.00000	0
67	W	0.00000	0	1.00000	0
68	N	0.00001	0	0.99999	0
69	L	0.00002	0	0.99998	0
70	L	0.00046	0	0.99954	0
71	I	0.00409	0	0.99591	0
72	L	0.09059	0	0.90941	0
73	V	0.10067	0	0.89933	0
74	T	0.29738	0	0.70262	0
75	I	0.34109	0	0.65891	0
76	L	0.63883	0	0.36117	0
77	R	0.98850	0	0.01150	0
78	V	0.99489	0	0.00511	0
79	R	0.99989	0	0.00011	0
80	A	0.99998	0	0.00002	0
81	F	0.99999	0	0.00001	0
82	H	1.00000	0	0.00000	0
83	R	1.00000	0	0.00000	0
84	V	0.99998	0	0.00002	0
85	P	0.99997	0	0.00003	0
86	H	0.08770	0	0.91230	0
87	N	0.01201	0	0.98799	0
88	L	0.00017	0	0.99983	0
89	V	0.00002	0	0.99998	0
90	A	0.00000	0	1.00000	0
91	S	0.00000	0	1.00000	0
92	T	0.00000	0	1.00000	0
93	A	0.00000	0	1.00000	0
94	V	0.00000	0	1.00000	0
95	S	0.00000	0	1.00000	0
96	D	0.00000	0	1.00000	0
97	V	0.00000	0	1.00000	0
98	L	0.00000	0	1.00000	0
99	V	0.00000	0	1.00000	0
100	A	0.00000	0	1.00000	0
101	A	0.00000	0	1.00000	0
102	L	0.00000	0	1.00000	0
103	V	0.00000	0	1.00000	0
104	M	0.00000	4e-05	0.99996	0
105	P	0.00000	0.00186	0.99814	0
106	L	0.00000	0.02538	0.97462	0
107	S	0.00000	0.2899	0.71010	0
108	L	0.00000	0.39819	0.60181	0
109	V	0.00000	0.63997	0.36003	0
110	S	0.00000	0.99991	0.00009	0
111	E	0.00000	0.99996	0.00004	0
112	L	0.00000	0.99997	0.00003	0
113	S	0.00000	0.99999	0.00001	0
114	A	0.00000	1	0.00000	0
115	G	0.00000	1	0.00000	0
116	R	0.00000	1	0.00000	0
117	R	0.00000	1	0.00000	0
118	W	0.00000	1	0.00000	0
119	L	0.00000	1	0.00000	0
120	L	0.00000	1	0.00000	0
121	G	0.00000	1	0.00000	0
122	R	0.00000	1	0.00000	0
123	S	0.00000	0.99998	0.00002	0
124	L	0.00000	0.99994	0.00006	0
125	C	0.00000	0.99987	0.00013	0
126	H	0.00000	0.99949	0.00051	0
127	V	0.00000	0.99855	0.00145	0
128	W	0.00000	0.89646	0.10354	0
129	I	0.00000	0.20158	0.79842	0
130	S	0.00000	0.03327	0.96673	0
131	F	0.00000	0.0004	0.99960	0
132	D	0.00000	0.00014	0.99986	0
133	V	0.00000	0	1.00000	0
134	L	0.00000	0	1.00000	0
135	C	0.00000	0	1.00000	0
136	C	0.00000	0	1.00000	0
137	T	0.00000	0	1.00000	0
138	A	0.00000	0	1.00000	0
139	S	0.00000	0	1.00000	0
140	I	0.00000	0	1.00000	0
141	W	0.00000	0	1.00000	0
142	N	0.00000	0	1.00000	0
143	V	0.00000	0	1.00000	0
144	A	0.00000	0	1.00000	0
145	A	0.00000	0	1.00000	0
146	I	0.00000	0	1.00000	0
147	A	0.00000	0	1.00000	0
148	L	0.00000	0	1.00000	0
149	D	0.00002	0	0.99998	0
150	R	0.01931	0	0.98069	0
151	Y	0.14639	0	0.85361	0
152	W	0.32234	0	0.67766	0
153	T	0.77147	0	0.22853	0
154	I	0.99995	0	0.00005	0
155	T	1.00000	0	0.00000	0
156	R	1.00000	0	0.00000	0
157	H	1.00000	0	0.00000	0
158	L	1.00000	0	0.00000	0
159	Q	1.00000	0	0.00000	0
160	Y	1.00000	0	0.00000	0
161	T	1.00000	0	0.00000	0
162	L	1.00000	0	0.00000	0
163	R	1.00000	0	0.00000	0
164	T	1.00000	0	0.00000	0
165	R	1.00000	0	0.00000	0
166	R	0.99997	0	0.00003	0
167	R	0.99776	0	0.00224	0
168	A	0.70532	0	0.29468	0
169	S	0.53103	0	0.46897	0
170	A	0.06314	0	0.93686	0
171	L	0.00122	0	0.99878	0
172	M	0.00013	0	0.99987	0
173	I	0.00000	0	1.00000	0
174	A	0.00000	0	1.00000	0
175	L	0.00000	0	1.00000	0
176	T	0.00000	0	1.00000	0
177	W	0.00000	0	1.00000	0
178	G	0.00000	0	1.00000	0
179	L	0.00000	0	1.00000	0
180	S	0.00000	0	1.00000	0
181	A	0.00000	0	1.00000	0
182	L	0.00000	0	1.00000	0
183	I	0.00000	0	1.00000	0
184	A	0.00000	0	1.00000	0
185	L	0.00000	0	1.00000	0
186	A	0.00000	1e-05	0.99999	0
187	P	0.00000	0.00096	0.99904	0
188	L	0.00000	0.00379	0.99621	0
189	L	0.00000	0.04168	0.95832	0
190	F	0.00000	0.18863	0.81137	0
191	G	0.00000	0.82406	0.17594	0
192	W	0.00000	0.909	0.09100	0
193	G	0.00000	0.99356	0.00644	0
194	E	0.00000	0.99996	0.00004	0
195	V	0.00000	0.99999	0.00001	0
196	Y	0.00000	1	0.00000	0
197	D	0.00000	1	0.00000	0
198	A	0.00000	1	0.00000	0
199	R	0.00000	1	0.00000	0
200	L	0.00000	1	0.00000	0
201	Q	0.00000	1	0.00000	0
202	R	0.00000	1	0.00000	0
203	C	0.00000	1	0.00000	0
204	Q	0.00000	1	0.00000	0
205	V	0.00000	1	0.00000	0
206	S	0.00000	0.99999	0.00001	0
207	Q	0.00000	0.99998	0.00002	0
208	E	0.00000	0.9996	0.00040	0
209	P	0.00000	0.99347	0.00653	0
210	S	0.00000	0.48904	0.51096	0
211	Y	0.00000	0.28228	0.71772	0
212	A	0.00000	0.0333	0.96670	0
213	V	0.00000	0.00034	0.99966	0
214	F	0.00000	9e-05	0.99991	0
215	S	0.00000	8e-05	0.99992	0
216	T	0.00000	7e-05	0.99993	0
217	C	0.00000	7e-05	0.99993	0
218	G	0.00000	0	1.00000	0
219	A	0.00000	0	1.00000	0
220	F	0.00000	0	1.00000	0
221	Y	0.00000	0	1.00000	0
222	L	0.00000	0	1.00000	0
223	P	0.00000	0	1.00000	0
224	L	0.00000	0	1.00000	0
225	G	0.00000	0	1.00000	0
226	V	0.00000	0	1.00000	0
227	V	0.00000	0	1.00000	0
228	L	0.00000	0	1.00000	0
229	F	0.00000	0	1.00000	0
230	V	0.00000	0	1.00000	0
231	Y	0.00008	0	0.99992	0
232	W	0.00365	0	0.99635	0
233	K	0.15623	0	0.84377	0
234	I	0.17015	0	0.82985	0
235	Y	0.28647	0	0.71353	0
236	K	0.99198	0	0.00802	0
237	A	0.99711	0	0.00289	0
238	A	0.99980	0	0.00020	0
239	K	0.99995	0	0.00005	0
240	F	0.99996	0	0.00004	0
241	R	0.99999	0	0.00001	0
242	F	0.99999	0	0.00001	0
243	G	1.00000	0	0.00000	0
244	R	1.00000	0	0.00000	0
245	R	1.00000	0	0.00000	0
246	R	1.00000	0	0.00000	0
247	R	1.00000	0	0.00000	0
248	A	1.00000	0	0.00000	0
249	V	1.00000	0	0.00000	0
250	L	1.00000	0	0.00000	0
251	P	1.00000	0	0.00000	0
252	L	1.00000	0	0.00000	0
253	Q	1.00000	0	0.00000	0
254	A	1.00000	0	0.00000	0
255	T	1.00000	0	0.00000	0
256	T	1.00000	0	0.00000	0
257	Q	1.00000	0	0.00000	0
258	V	1.00000	0	0.00000	0
259	K	1.00000	0	0.00000	0
260	E	1.00000	0	0.00000	0
261	A	1.00000	0	0.00000	0
262	P	1.00000	0	0.00000	0
263	D	1.00000	0	0.00000	0
264	E	1.00000	0	0.00000	0
265	A	1.00000	0	0.00000	0
266	E	1.00000	0	0.00000	0
267	M	1.00000	0	0.00000	0
268	V	1.00000	0	0.00000	0
269	F	1.00000	0	0.00000	0
270	T	1.00000	0	0.00000	0
271	A	1.00000	0	0.00000	0
272	H	1.00000	0	0.00000	0
273	C	1.00000	0	0.00000	0
274	R	1.00000	0	0.00000	0
275	A	1.00000	0	0.00000	0
276	T	1.00000	0	0.00000	0
277	V	1.00000	0	0.00000	0
278	A	1.00000	0	0.00000	0
279	F	1.00000	0	0.00000	0
280	Q	1.00000	0	0.00000	0
281	A	1.00000	0	0.00000	0
282	S	1.00000	0	0.00000	0
283	G	1.00000	0	0.00000	0
284	D	1.00000	0	0.00000	0
285	S	1.00000	0	0.00000	0
286	W	1.00000	0	0.00000	0
287	R	1.00000	0	0.00000	0
288	E	1.00000	0	0.00000	0
289	Q	1.00000	0	0.00000	0
290	K	1.00000	0	0.00000	0
291	E	1.00000	0	0.00000	0
292	K	0.97854	0	0.02146	0
293	R	0.90050	0	0.09950	0
294	A	0.01787	0	0.98213	0
295	A	0.01492	0	0.98508	0
296	M	0.01420	0	0.98580	0
297	M	0.01347	0	0.98653	0
298	V	0.00029	0	0.99971	0
299	G	0.00004	0	0.99996	0
300	I	0.00002	0	0.99998	0
301	L	0.00000	0	1.00000	0
302	I	0.00000	0	1.00000	0
303	G	0.00000	0	1.00000	0
304	V	0.00000	0	1.00000	0
305	F	0.00000	0	1.00000	0
306	V	0.00000	0	1.00000	0
307	L	0.00000	0	1.00000	0
308	C	0.00000	0	1.00000	0
309	W	0.00000	0	1.00000	0
310	I	0.00000	0	1.00000	0
311	P	0.00000	0	1.00000	0
312	F	0.00000	0	1.00000	0
313	F	0.00000	0	1.00000	0
314	L	0.00000	0.00114	0.99886	0
315	M	0.00000	0.01989	0.98011	0
316	E	0.00000	0.30016	0.69984	0
317	L	0.00000	0.32858	0.67142	0
318	I	0.00000	0.45788	0.54212	0
319	S	0.00000	0.82531	0.17469	0
320	P	0.00000	0.9514	0.04860	0
321	L	0.00000	0.96722	0.03278	0
322	C	0.00000	0.99544	0.00456	0
323	A	0.00000	0.99709	0.00291	0
324	C	0.00000	0.99941	0.00059	0
325	S	0.00000	0.99958	0.00042	0
326	L	0.00000	0.99965	0.00035	0
327	P	0.00000	0.99974	0.00026	0
328	P	0.00000	0.99979	0.00021	0
329	I	0.00000	0.99863	0.00137	0
330	W	0.00000	0.99815	0.00185	0
331	K	0.00000	0.99782	0.00218	0
332	S	0.00000	0.82296	0.17704	0
333	I	0.00000	0.00691	0.99309	0
334	F	0.00000	0.00026	0.99974	0
335	L	0.00000	0	1.00000	0
336	W	0.00000	0	1.00000	0
337	L	0.00000	0	1.00000	0
338	G	0.00000	0	1.00000	0
339	Y	0.00000	0	1.00000	0
340	S	0.00000	0	1.00000	0
341	N	0.00000	0	1.00000	0
342	S	0.00000	0	1.00000	0
343	F	0.00000	0	1.00000	0
344	F	0.00000	0	1.00000	0
345	N	0.00000	0	1.00000	0
346	P	0.00000	0	1.00000	0
347	L	0.00000	0	1.00000	0
348	I	0.00000	0	1.00000	0
349	Y	0.00001	0	0.99999	0
350	T	0.00009	0	0.99991	0
351	A	0.00095	0	0.99905	0
352	F	0.04642	0	0.95358	0
353	N	0.51712	0	0.48288	0
354	K	1.00000	0	0.00000	0
355	N	1.00000	0	0.00000	0
356	Y	1.00000	0	0.00000	0
357	K	1.00000	0	0.00000	0
358	N	1.00000	0	0.00000	0
359	A	1.00000	0	0.00000	0
360	F	1.00000	0	0.00000	0
361	K	1.00000	0	0.00000	0
362	S	1.00000	0	0.00000	0
363	L	1.00000	0	0.00000	0
364	F	1.00000	0	0.00000	0
365	N	1.00000	0	0.00000	0
366	K	1.00000	0	0.00000	0
367	Q	1.00000	0	0.00000	0
368	R	1.00000	0	0.00000	0
