# UNNAMED
#pos	aa	i	o	M	S
1	M	0.00000	1	0.00000	0
2	C	0.00000	1	0.00000	0
3	D	0.00000	1	0.00000	0
4	L	0.00000	1	0.00000	0
5	N	0.00000	1	0.00000	0
6	K	0.00000	1	0.00000	0
7	T	0.00000	1	0.00000	0
8	T	0.00000	1	0.00000	0
9	T	0.00000	1	0.00000	0
10	Q	0.00000	1	0.00000	0
11	N	0.00000	1	0.00000	0
12	S	0.00000	0.99745	0.00255	0
13	T	0.00000	0.98417	0.01583	0
14	G	0.00000	0.96484	0.03516	0
15	V	0.00000	0.67478	0.32522	0
16	H	0.00000	0.55023	0.44977	0
17	L	0.00000	0.42613	0.57387	0
18	A	0.00000	0.35235	0.64765	0
19	P	0.00000	0.26405	0.73595	0
20	L	0.00000	0.05889	0.94111	0
21	G	0.00000	0.01211	0.98789	0
22	L	0.00000	0.00453	0.99547	0
23	V	0.00000	0.00017	0.99983	0
24	L	0.00000	1e-05	0.99999	0
25	G	0.00000	0	1.00000	0
26	C	0.00000	0	1.00000	0
27	I	0.00000	0	1.00000	0
28	S	0.00000	0	1.00000	0
29	L	0.00000	0	1.00000	0
30	I	0.00000	0	1.00000	0
31	T	0.00000	0	1.00000	0
32	I	0.00000	0	1.00000	0
33	V	0.00000	0	1.00000	0
34	L	0.00000	0	1.00000	0
35	N	0.00000	0	1.00000	0
36	I	0.00000	0	1.00000	0
37	L	0.00005	0	0.99995	0
38	V	0.00041	0	0.99959	0
39	L	0.00257	0	0.99743	0
40	Y	0.01515	0	0.98485	0
41	A	0.23106	0	0.76894	0
42	V	0.44338	0	0.55662	0
43	R	0.98589	0	0.01411	0
44	T	0.99867	0	0.00133	0
45	E	1.00000	0	0.00000	0
46	K	1.00000	0	0.00000	0
47	K	1.00000	0	0.00000	0
48	L	0.99998	0	0.00002	0
49	Q	0.99992	0	0.00008	0
50	T	0.99870	0	0.00130	0
51	V	0.91959	0	0.08041	0
52	G	0.67767	0	0.32233	0
53	N	0.07900	0	0.92100	0
54	L	0.00944	0	0.99056	0
55	Y	0.00033	0	0.99967	0
56	I	0.00000	0	1.00000	0
57	V	0.00000	0	1.00000	0
58	S	0.00000	0	1.00000	0
59	L	0.00000	0	1.00000	0
60	S	0.00000	0	1.00000	0
61	V	0.00000	0	1.00000	0
62	A	0.00000	0	1.00000	0
63	D	0.00000	0	1.00000	0
64	L	0.00000	0	1.00000	0
65	I	0.00000	0	1.00000	0
66	V	0.00000	0	1.00000	0
67	G	0.00000	0	1.00000	0
68	A	0.00000	0	1.00000	0
69	V	0.00000	0	1.00000	0
70	V	0.00000	0.00024	0.99976	0
71	M	0.00000	0.00265	0.99735	0
72	P	0.00000	0.03459	0.96541	0
73	L	0.00000	0.09717	0.90283	0
74	N	0.00000	0.66842	0.33158	0
75	I	0.00000	0.71342	0.28658	0
76	V	0.00000	0.83176	0.16824	0
77	Y	0.00000	0.99943	0.00057	0
78	L	0.00000	0.99947	0.00053	0
79	L	0.00000	0.99957	0.00043	0
80	T	0.00000	0.99992	0.00008	0
81	P	0.00000	0.99997	0.00003	0
82	T	0.00000	0.99999	0.00001	0
83	W	0.00000	0.99999	0.00001	0
84	V	0.00000	0.99999	0.00001	0
85	L	0.00000	0.99998	0.00002	0
86	G	0.00000	0.99998	0.00002	0
87	R	0.00000	0.99997	0.00003	0
88	P	0.00000	0.99991	0.00009	0
89	I	0.00000	0.99886	0.00114	0
90	C	0.00000	0.99828	0.00172	0
91	L	0.00000	0.99576	0.00424	0
92	F	0.00000	0.99499	0.00501	0
93	W	0.00000	0.95092	0.04908	0
94	L	0.00000	0.57583	0.42417	0
95	S	0.00000	0.32195	0.67805	0
96	M	0.00000	0.01261	0.98739	0
97	D	0.00000	0.00395	0.99605	0
98	Y	0.00000	0.00025	0.99975	0
99	V	0.00000	0	1.00000	0
100	A	0.00000	0	1.00000	0
101	S	0.00000	0	1.00000	0
102	T	0.00000	0	1.00000	0
103	A	0.00000	0	1.00000	0
104	S	0.00000	0	1.00000	0
105	I	0.00000	0	1.00000	0
106	F	0.00000	0	1.00000	0
107	S	0.00000	0	1.00000	0
108	L	0.00000	0	1.00000	0
109	F	0.00000	0	1.00000	0
110	I	0.00000	0	1.00000	0
111	L	0.00000	0	1.00000	0
112	C	0.00001	0	0.99999	0
113	I	0.00005	0	0.99995	0
114	D	0.00035	0	0.99965	0
115	R	0.08651	0	0.91349	0
116	Y	0.22298	0	0.77702	0
117	R	0.54883	0	0.45117	0
118	S	0.89737	0	0.10263	0
119	V	0.99998	0	0.00002	0
120	Q	1.00000	0	0.00000	0
121	Q	1.00000	0	0.00000	0
122	P	1.00000	0	0.00000	0
123	L	1.00000	0	0.00000	0
124	K	1.00000	0	0.00000	0
125	Y	1.00000	0	0.00000	0
126	L	1.00000	0	0.00000	0
127	K	1.00000	0	0.00000	0
128	Y	1.00000	0	0.00000	0
129	R	1.00000	0	0.00000	0
130	T	0.99999	0	0.00001	0
131	K	0.99992	0	0.00008	0
132	T	0.98874	0	0.01126	0
133	R	0.96446	0	0.03554	0
134	A	0.26967	0	0.73033	0
135	T	0.18542	0	0.81458	0
136	V	0.04261	0	0.95739	0
137	M	0.01988	0	0.98012	0
138	I	0.00045	0	0.99955	0
139	S	0.00015	0	0.99985	0
140	G	0.00000	0	1.00000	0
141	A	0.00000	0	1.00000	0
142	W	0.00000	0	1.00000	0
143	L	0.00000	0	1.00000	0
144	V	0.00000	0	1.00000	0
145	S	0.00000	0	1.00000	0
146	F	0.00000	0	1.00000	0
147	L	0.00000	0	1.00000	0
148	W	0.00000	0	1.00000	0
149	I	0.00000	0	1.00000	0
150	I	0.00000	0	1.00000	0
151	P	0.00000	6e-05	0.99994	0
152	I	0.00000	0.00028	0.99972	0
153	L	0.00000	0.00596	0.99404	0
154	G	0.00000	0.18539	0.81461	0
155	W	0.00000	0.34126	0.65874	0
156	H	0.00000	0.54931	0.45069	0
157	V	0.00000	0.63416	0.36584	0
158	F	0.00000	0.7261	0.27390	0
159	A	0.00000	0.84603	0.15397	0
160	N	0.00000	0.99615	0.00385	0
161	G	0.00000	0.99998	0.00002	0
162	G	0.00000	1	0.00000	0
163	E	0.00000	1	0.00000	0
164	R	0.00000	1	0.00000	0
165	K	0.00000	1	0.00000	0
166	V	0.00000	1	0.00000	0
167	C	0.00000	1	0.00000	0
168	E	0.00000	1	0.00000	0
169	D	0.00000	1	0.00000	0
170	V	0.00000	1	0.00000	0
171	C	0.00000	1	0.00000	0
172	E	0.00000	1	0.00000	0
173	T	0.00000	1	0.00000	0
174	E	0.00000	1	0.00000	0
175	F	0.00000	0.99996	0.00004	0
176	H	0.00000	0.99995	0.00005	0
177	K	0.00000	0.95039	0.04961	0
178	V	0.00000	0.9181	0.08190	0
179	T	0.00000	0.83309	0.16691	0
180	W	0.00000	0.80181	0.19819	0
181	F	0.00000	0.77582	0.22418	0
182	K	0.00000	0.77361	0.22639	0
183	V	0.00000	0.39163	0.60837	0
184	S	0.00000	0.02944	0.97056	0
185	T	0.00000	0.0232	0.97680	0
186	A	0.00000	0.00266	0.99734	0
187	I	0.00000	0.00071	0.99929	0
188	V	0.00000	0	1.00000	0
189	N	0.00000	0	1.00000	0
190	F	0.00000	0	1.00000	0
191	Y	0.00000	0	1.00000	0
192	V	0.00000	0	1.00000	0
193	P	0.00000	0	1.00000	0
194	S	0.00000	0	1.00000	0
195	L	0.00000	0	1.00000	0
196	L	0.00000	0	1.00000	0
197	M	0.00000	0	1.00000	0
198	L	0.00000	0	1.00000	0
199	W	0.00000	0	1.00000	0
200	F	0.00008	0	0.99992	0
201	Y	0.00167	0	0.99833	0
202	V	0.01796	0	0.98204	0
203	K	0.11534	0	0.88466	0
204	I	0.11965	0	0.88035	0
205	F	0.14782	0	0.85218	0
206	R	0.91150	0	0.08850	0
207	A	0.93492	0	0.06508	0
208	V	0.97233	0	0.02767	0
209	Q	0.99921	0	0.00079	0
210	K	0.99995	0	0.00005	0
211	H	1.00000	0	0.00000	0
212	C	1.00000	0	0.00000	0
213	Q	1.00000	0	0.00000	0
214	H	1.00000	0	0.00000	0
215	R	1.00000	0	0.00000	0
216	E	1.00000	0	0.00000	0
217	L	1.00000	0	0.00000	0
218	I	1.00000	0	0.00000	0
219	N	1.00000	0	0.00000	0
220	G	1.00000	0	0.00000	0
221	S	1.00000	0	0.00000	0
222	Y	1.00000	0	0.00000	0
223	R	1.00000	0	0.00000	0
224	S	1.00000	0	0.00000	0
225	F	1.00000	0	0.00000	0
226	S	1.00000	0	0.00000	0
227	E	1.00000	0	0.00000	0
228	N	1.00000	0	0.00000	0
229	K	1.00000	0	0.00000	0
230	I	1.00000	0	0.00000	0
231	T	1.00000	0	0.00000	0
232	H	1.00000	0	0.00000	0
233	S	1.00000	0	0.00000	0
234	D	1.00000	0	0.00000	0
235	K	1.00000	0	0.00000	0
236	V	1.00000	0	0.00000	0
237	Q	1.00000	0	0.00000	0
238	E	1.00000	0	0.00000	0
239	E	1.00000	0	0.00000	0
240	H	1.00000	0	0.00000	0
241	N	1.00000	0	0.00000	0
242	I	1.00000	0	0.00000	0
243	C	1.00000	0	0.00000	0
244	L	1.00000	0	0.00000	0
245	Q	1.00000	0	0.00000	0
246	K	1.00000	0	0.00000	0
247	E	1.00000	0	0.00000	0
248	N	1.00000	0	0.00000	0
249	L	1.00000	0	0.00000	0
250	G	1.00000	0	0.00000	0
251	L	1.00000	0	0.00000	0
252	N	1.00000	0	0.00000	0
253	T	1.00000	0	0.00000	0
254	N	1.00000	0	0.00000	0
255	V	1.00000	0	0.00000	0
256	L	1.00000	0	0.00000	0
257	K	1.00000	0	0.00000	0
258	K	1.00000	0	0.00000	0
259	S	1.00000	0	0.00000	0
260	L	1.00000	0	0.00000	0
261	V	1.00000	0	0.00000	0
262	D	1.00000	0	0.00000	0
263	P	1.00000	0	0.00000	0
264	S	1.00000	0	0.00000	0
265	C	1.00000	0	0.00000	0
266	N	1.00000	0	0.00000	0
267	V	1.00000	0	0.00000	0
268	N	1.00000	0	0.00000	0
269	I	1.00000	0	0.00000	0
270	N	1.00000	0	0.00000	0
271	F	1.00000	0	0.00000	0
272	P	1.00000	0	0.00000	0
273	P	1.00000	0	0.00000	0
274	S	1.00000	0	0.00000	0
275	E	1.00000	0	0.00000	0
276	S	1.00000	0	0.00000	0
277	V	1.00000	0	0.00000	0
278	E	1.00000	0	0.00000	0
279	A	1.00000	0	0.00000	0
280	K	1.00000	0	0.00000	0
281	L	1.00000	0	0.00000	0
282	H	1.00000	0	0.00000	0
283	R	1.00000	0	0.00000	0
284	G	1.00000	0	0.00000	0
285	S	1.00000	0	0.00000	0
286	S	1.00000	0	0.00000	0
287	D	1.00000	0	0.00000	0
288	K	1.00000	0	0.00000	0
289	A	1.00000	0	0.00000	0
290	S	1.00000	0	0.00000	0
291	K	1.00000	0	0.00000	0
292	A	1.00000	0	0.00000	0
293	L	1.00000	0	0.00000	0
294	P	1.00000	0	0.00000	0
295	R	1.00000	0	0.00000	0
296	R	1.00000	0	0.00000	0
297	N	1.00000	0	0.00000	0
298	D	1.00000	0	0.00000	0
299	R	1.00000	0	0.00000	0
300	K	1.00000	0	0.00000	0
301	V	1.00000	0	0.00000	0
302	M	1.00000	0	0.00000	0
303	K	1.00000	0	0.00000	0
304	L	1.00000	0	0.00000	0
305	S	1.00000	0	0.00000	0
306	C	1.00000	0	0.00000	0
307	F	1.00000	0	0.00000	0
308	P	1.00000	0	0.00000	0
309	L	1.00000	0	0.00000	0
310	T	1.00000	0	0.00000	0
311	I	1.00000	0	0.00000	0
312	A	1.00000	0	0.00000	0
313	Q	1.00000	0	0.00000	0
314	T	1.00000	0	0.00000	0
315	Q	1.00000	0	0.00000	0
316	P	1.00000	0	0.00000	0
317	G	1.00000	0	0.00000	0
318	I	1.00000	0	0.00000	0
319	E	1.00000	0	0.00000	0
320	K	1.00000	0	0.00000	0
321	V	1.00000	0	0.00000	0
322	S	1.00000	0	0.00000	0
323	R	1.00000	0	0.00000	0
324	M	1.00000	0	0.00000	0
325	Y	1.00000	0	0.00000	0
326	T	1.00000	0	0.00000	0
327	S	1.00000	0	0.00000	0
328	V	1.00000	0	0.00000	0
329	D	1.00000	0	0.00000	0
330	K	1.00000	0	0.00000	0
331	H	1.00000	0	0.00000	0
332	K	1.00000	0	0.00000	0
333	Q	1.00000	0	0.00000	0
334	N	1.00000	0	0.00000	0
335	E	1.00000	0	0.00000	0
336	E	1.00000	0	0.00000	0
337	V	1.00000	0	0.00000	0
338	P	1.00000	0	0.00000	0
339	C	1.00000	0	0.00000	0
340	P	1.00000	0	0.00000	0
341	G	1.00000	0	0.00000	0
342	D	1.00000	0	0.00000	0
343	P	1.00000	0	0.00000	0
344	E	1.00000	0	0.00000	0
345	L	1.00000	0	0.00000	0
346	S	1.00000	0	0.00000	0
347	D	1.00000	0	0.00000	0
348	T	1.00000	0	0.00000	0
349	S	1.00000	0	0.00000	0
350	E	1.00000	0	0.00000	0
351	H	1.00000	0	0.00000	0
352	T	1.00000	0	0.00000	0
353	F	1.00000	0	0.00000	0
354	A	1.00000	0	0.00000	0
355	E	1.00000	0	0.00000	0
356	V	1.00000	0	0.00000	0
357	A	1.00000	0	0.00000	0
358	S	1.00000	0	0.00000	0
359	C	1.00000	0	0.00000	0
360	K	1.00000	0	0.00000	0
361	N	1.00000	0	0.00000	0
362	D	1.00000	0	0.00000	0
363	S	1.00000	0	0.00000	0
364	D	1.00000	0	0.00000	0
365	P	1.00000	0	0.00000	0
366	T	1.00000	0	0.00000	0
367	L	1.00000	0	0.00000	0
368	E	1.00000	0	0.00000	0
369	S	1.00000	0	0.00000	0
370	N	1.00000	0	0.00000	0
371	S	1.00000	0	0.00000	0
372	G	1.00000	0	0.00000	0
373	S	1.00000	0	0.00000	0
374	E	1.00000	0	0.00000	0
375	E	1.00000	0	0.00000	0
376	K	1.00000	0	0.00000	0
377	T	1.00000	0	0.00000	0
378	N	1.00000	0	0.00000	0
379	N	1.00000	0	0.00000	0
380	K	1.00000	0	0.00000	0
381	D	1.00000	0	0.00000	0
382	F	1.00000	0	0.00000	0
383	V	1.00000	0	0.00000	0
384	G	1.00000	0	0.00000	0
385	L	1.00000	0	0.00000	0
386	G	1.00000	0	0.00000	0
387	Y	1.00000	0	0.00000	0
388	L	1.00000	0	0.00000	0
389	K	1.00000	0	0.00000	0
390	N	1.00000	0	0.00000	0
391	T	1.00000	0	0.00000	0
392	W	1.00000	0	0.00000	0
393	K	1.00000	0	0.00000	0
394	R	1.00000	0	0.00000	0
395	L	1.00000	0	0.00000	0
396	R	1.00000	0	0.00000	0
397	I	1.00000	0	0.00000	0
398	H	1.00000	0	0.00000	0
399	S	1.00000	0	0.00000	0
400	K	1.00000	0	0.00000	0
401	Q	1.00000	0	0.00000	0
402	H	1.00000	0	0.00000	0
403	I	1.00000	0	0.00000	0
404	Q	1.00000	0	0.00000	0
405	G	1.00000	0	0.00000	0
406	L	1.00000	0	0.00000	0
407	H	1.00000	0	0.00000	0
408	M	1.00000	0	0.00000	0
409	N	1.00000	0	0.00000	0
410	R	1.00000	0	0.00000	0
411	E	1.00000	0	0.00000	0
412	R	0.94031	0	0.05969	0
413	K	0.94003	0	0.05997	0
414	A	0.70281	0	0.29719	0
415	A	0.70145	0	0.29855	0
416	K	0.70103	0	0.29897	0
417	Q	0.65846	0	0.34154	0
418	L	0.17831	0	0.82169	0
419	G	0.05603	0	0.94397	0
420	F	0.02956	0	0.97044	0
421	I	0.00013	0	0.99987	0
422	M	0.00010	0	0.99990	0
423	A	0.00000	0	1.00000	0
424	A	0.00000	0	1.00000	0
425	F	0.00000	0	1.00000	0
426	M	0.00000	0	1.00000	0
427	L	0.00000	0	1.00000	0
428	C	0.00000	0	1.00000	0
429	W	0.00000	0	1.00000	0
430	I	0.00000	0	1.00000	0
431	P	0.00000	0	1.00000	0
432	Y	0.00000	0	1.00000	0
433	F	0.00000	0	1.00000	0
434	V	0.00000	2e-05	0.99998	0
435	V	0.00000	0.00011	0.99989	0
436	F	0.00000	0.00051	0.99949	0
437	M	0.00000	0.00524	0.99476	0
438	I	0.00000	0.01317	0.98683	0
439	I	0.00000	0.03611	0.96389	0
440	A	0.00000	0.12506	0.87494	0
441	V	0.00000	0.38241	0.61759	0
442	C	0.00000	0.9628	0.03720	0
443	R	0.00000	0.99819	0.00181	0
444	C	0.00000	0.99985	0.00015	0
445	E	0.00000	0.99998	0.00002	0
446	K	0.00000	0.99987	0.00013	0
447	F	0.00000	0.99457	0.00543	0
448	K	0.00000	0.99143	0.00857	0
449	L	0.00000	0.96314	0.03686	0
450	H	0.00000	0.95745	0.04255	0
451	M	0.00000	0.04851	0.95149	0
452	F	0.00000	0.00024	0.99976	0
453	T	0.00000	2e-05	0.99998	0
454	I	0.00000	0	1.00000	0
455	W	0.00000	0	1.00000	0
456	L	0.00000	0	1.00000	0
457	G	0.00000	0	1.00000	0
458	Y	0.00000	0	1.00000	0
459	V	0.00000	0	1.00000	0
460	N	0.00000	0	1.00000	0
461	S	0.00000	0	1.00000	0
462	T	0.00000	0	1.00000	0
463	F	0.00000	0	1.00000	0
464	N	0.00000	0	1.00000	0
465	P	0.00000	0	1.00000	0
466	L	0.00000	0	1.00000	0
467	I	0.00000	0	1.00000	0
468	Y	0.00010	0	0.99990	0
469	P	0.00048	0	0.99952	0
470	L	0.01057	0	0.98943	0
471	C	0.51681	0	0.48319	0
472	N	0.94719	0	0.05281	0
473	E	1.00000	0	0.00000	0
474	N	1.00000	0	0.00000	0
475	F	1.00000	0	0.00000	0
476	K	1.00000	0	0.00000	0
477	K	1.00000	0	0.00000	0
478	I	1.00000	0	0.00000	0
479	F	1.00000	0	0.00000	0
480	K	1.00000	0	0.00000	0
481	K	1.00000	0	0.00000	0
482	I	1.00000	0	0.00000	0
483	L	1.00000	0	0.00000	0
484	R	1.00000	0	0.00000	0
485	I	1.00000	0	0.00000	0
486	S	1.00000	0	0.00000	0
487	S	1.00000	0	0.00000	0
