# UNNAMED
#pos	aa	i	o	M	S
1	M	0.00000	0.99993	0.00000	7e-05
2	N	0.00000	0.99993	0.00000	7e-05
3	S	0.00000	0.99993	0.00000	7e-05
4	S	0.00000	0.99993	0.00000	7e-05
5	D	0.00000	0.99993	0.00000	7e-05
6	L	0.00000	0.99993	0.00000	7e-05
7	W	0.00000	0.99993	0.00000	7e-05
8	N	0.00000	0.99993	0.00000	7e-05
9	P	0.00000	0.99993	0.00000	7e-05
10	P	0.00000	0.99993	0.00000	7e-05
11	E	0.00000	0.99993	0.00000	7e-05
12	V	0.00000	0.99993	0.00000	7e-05
13	Q	0.00000	0.99993	0.00000	7e-05
14	F	0.00000	0.99993	0.00000	7e-05
15	C	0.00000	0.99993	0.00000	7e-05
16	Y	0.00000	0.99993	0.00000	7e-05
17	A	0.00000	0.99993	0.00000	7e-05
18	S	0.00000	1	0.00000	0
19	V	0.00000	1	0.00000	0
20	N	0.00000	1	0.00000	0
21	N	0.00000	1	0.00000	0
22	S	0.00000	1	0.00000	0
23	C	0.00000	1	0.00000	0
24	P	0.00000	1	0.00000	0
25	R	0.00000	1	0.00000	0
26	N	0.00000	1	0.00000	0
27	V	0.00000	0.99998	0.00002	0
28	R	0.00000	0.99998	0.00002	0
29	S	0.00000	0.99958	0.00042	0
30	V	0.00000	0.99506	0.00494	0
31	L	0.00000	0.99268	0.00732	0
32	S	0.00000	0.9913	0.00870	0
33	V	0.00000	0.64392	0.35608	0
34	F	0.00000	0.44822	0.55178	0
35	A	0.00000	0.37454	0.62546	0
36	M	0.00000	0.33418	0.66582	0
37	Y	0.00000	0.04907	0.95093	0
38	V	0.00000	0.01774	0.98226	0
39	V	0.00000	0.0106	0.98940	0
40	M	0.00000	0.00719	0.99281	0
41	I	0.00000	0.00041	0.99959	0
42	G	0.00000	0.00019	0.99981	0
43	A	0.00000	1e-05	0.99999	0
44	I	0.00000	0	1.00000	0
45	V	0.00000	0	1.00000	0
46	M	0.00000	0	1.00000	0
47	T	0.00000	0	1.00000	0
48	M	0.00000	0	1.00000	0
49	L	0.00000	0	1.00000	0
50	G	0.00000	0	1.00000	0
51	N	0.00000	0	1.00000	0
52	M	0.00000	0	1.00000	0
53	V	0.00000	0	1.00000	0
54	V	0.00000	0	1.00000	0
55	I	0.00003	0	0.99997	0
56	I	0.00297	0	0.99703	0
57	S	0.23878	0	0.76122	0
58	I	0.27390	0	0.72610	0
59	A	0.55396	0	0.44604	0
60	H	0.82355	0	0.17645	0
61	F	0.88645	0	0.11355	0
62	K	0.99653	0	0.00347	0
63	Q	0.99997	0	0.00003	0
64	L	0.99999	0	0.00001	0
65	H	1.00000	0	0.00000	0
66	S	1.00000	0	0.00000	0
67	P	1.00000	0	0.00000	0
68	T	0.95075	0	0.04925	0
69	N	0.19620	0	0.80380	0
70	F	0.04835	0	0.95165	0
71	L	0.00082	0	0.99918	0
72	I	0.00006	0	0.99994	0
73	L	0.00000	0	1.00000	0
74	S	0.00000	0	1.00000	0
75	M	0.00000	0	1.00000	0
76	A	0.00000	0	1.00000	0
77	I	0.00000	0	1.00000	0
78	T	0.00000	0	1.00000	0
79	D	0.00000	0	1.00000	0
80	F	0.00000	0	1.00000	0
81	L	0.00000	0	1.00000	0
82	L	0.00000	0	1.00000	0
83	S	0.00000	0	1.00000	0
84	C	0.00000	0	1.00000	0
85	V	0.00000	0	1.00000	0
86	V	0.00000	0	1.00000	0
87	M	0.00000	0	1.00000	0
88	P	0.00000	0	1.00000	0
89	F	0.00000	0.00011	0.99989	0
90	S	0.00000	0.29159	0.70841	0
91	M	0.00000	0.35091	0.64909	0
92	I	0.00000	0.56604	0.43396	0
93	R	0.00000	0.99989	0.00011	0
94	S	0.00000	0.99995	0.00005	0
95	I	0.00000	0.99995	0.00005	0
96	E	0.00000	1	0.00000	0
97	S	0.00000	1	0.00000	0
98	C	0.00000	1	0.00000	0
99	W	0.00000	1	0.00000	0
100	Y	0.00000	0.99999	0.00001	0
101	F	0.00000	0.99996	0.00004	0
102	G	0.00000	0.99996	0.00004	0
103	D	0.00000	0.99995	0.00005	0
104	L	0.00000	0.99973	0.00027	0
105	F	0.00000	0.99722	0.00278	0
106	C	0.00000	0.99692	0.00308	0
107	K	0.00000	0.99653	0.00347	0
108	V	0.00000	0.99432	0.00568	0
109	H	0.00000	0.82152	0.17848	0
110	S	0.00000	0.62729	0.37271	0
111	C	0.00000	0.43103	0.56897	0
112	C	0.00000	0.04261	0.95739	0
113	D	0.00000	0.00755	0.99245	0
114	I	0.00000	9e-05	0.99991	0
115	M	0.00000	0	1.00000	0
116	L	0.00000	0	1.00000	0
117	C	0.00000	0	1.00000	0
118	T	0.00000	0	1.00000	0
119	T	0.00000	0	1.00000	0
120	S	0.00000	0	1.00000	0
121	I	0.00000	0	1.00000	0
122	F	0.00000	0	1.00000	0
123	H	0.00000	0	1.00000	0
124	L	0.00000	0	1.00000	0
125	C	0.00006	0	0.99994	0
126	F	0.00007	0	0.99993	0
127	I	0.00013	0	0.99987	0
128	S	0.00020	0	0.99980	0
129	V	0.00022	0	0.99978	0
130	D	0.00032	0	0.99968	0
131	R	0.10110	0	0.89890	0
132	Y	0.83714	0	0.16286	0
133	Y	0.93081	0	0.06919	0
134	A	0.98328	0	0.01672	0
135	V	1.00000	0	0.00000	0
136	C	1.00000	0	0.00000	0
137	D	1.00000	0	0.00000	0
138	P	1.00000	0	0.00000	0
139	L	1.00000	0	0.00000	0
140	H	1.00000	0	0.00000	0
141	Y	1.00000	0	0.00000	0
142	V	1.00000	0	0.00000	0
143	T	1.00000	0	0.00000	0
144	K	0.99992	0	0.00008	0
145	I	0.95258	0	0.04742	0
146	T	0.92257	0	0.07743	0
147	F	0.80032	0	0.19968	0
148	S	0.65227	0	0.34773	0
149	V	0.09155	0	0.90845	0
150	I	0.03843	0	0.96157	0
151	Q	0.03325	0	0.96675	0
152	V	0.00222	0	0.99778	0
153	F	0.00025	0	0.99975	0
154	L	0.00002	0	0.99998	0
155	L	0.00000	0	1.00000	0
156	I	0.00000	0	1.00000	0
157	S	0.00000	0	1.00000	0
158	W	0.00000	0	1.00000	0
159	S	0.00000	0	1.00000	0
160	I	0.00000	0	1.00000	0
161	P	0.00000	0	1.00000	0
162	I	0.00000	0	1.00000	0
163	L	0.00000	0	1.00000	0
164	F	0.00000	0	1.00000	0
165	A	0.00000	0.00036	0.99964	0
166	F	0.00000	0.00347	0.99653	0
167	G	0.00000	0.04951	0.95049	0
168	L	0.00000	0.06729	0.93271	0
169	V	0.00000	0.14996	0.85004	0
170	F	0.00000	0.35644	0.64356	0
171	S	0.00000	0.8597	0.14030	0
172	E	0.00000	0.97898	0.02102	0
173	L	0.00000	0.98381	0.01619	0
174	N	0.00000	0.99713	0.00287	0
175	I	0.00000	0.99806	0.00194	0
176	I	0.00000	0.99898	0.00102	0
177	G	0.00000	0.99997	0.00003	0
178	E	0.00000	1	0.00000	0
179	E	0.00000	1	0.00000	0
180	D	0.00000	1	0.00000	0
181	F	0.00000	1	0.00000	0
182	V	0.00000	1	0.00000	0
183	A	0.00000	1	0.00000	0
184	A	0.00000	1	0.00000	0
185	I	0.00000	1	0.00000	0
186	D	0.00000	1	0.00000	0
187	C	0.00000	1	0.00000	0
188	T	0.00000	1	0.00000	0
189	G	0.00000	1	0.00000	0
190	L	0.00000	1	0.00000	0
191	C	0.00000	0.99994	0.00006	0
192	V	0.00000	0.90661	0.09339	0
193	L	0.00000	0.90652	0.09348	0
194	I	0.00000	0.90597	0.09403	0
195	F	0.00000	0.90296	0.09704	0
196	N	0.00000	0.90286	0.09714	0
197	K	0.00000	0.9026	0.09740	0
198	L	0.00000	0.67999	0.32001	0
199	W	0.00000	0.07493	0.92507	0
200	G	0.00000	0.05277	0.94723	0
201	V	0.00000	0.0177	0.98230	0
202	L	0.00000	0.00013	0.99987	0
203	A	0.00000	2e-05	0.99998	0
204	S	0.00000	1e-05	0.99999	0
205	F	0.00000	0	1.00000	0
206	I	0.00000	0	1.00000	0
207	T	0.00000	0	1.00000	0
208	L	0.00000	0	1.00000	0
209	F	0.00000	0	1.00000	0
210	L	0.00000	0	1.00000	0
211	P	0.00000	0	1.00000	0
212	G	0.00000	0	1.00000	0
213	T	0.00000	0	1.00000	0
214	V	0.00000	0	1.00000	0
215	M	0.00002	0	0.99998	0
216	V	0.00005	0	0.99995	0
217	G	0.00190	0	0.99810	0
218	I	0.00360	0	0.99640	0
219	Y	0.01221	0	0.98779	0
220	I	0.03222	0	0.96778	0
221	H	0.07815	0	0.92185	0
222	I	0.08797	0	0.91203	0
223	F	0.20514	0	0.79486	0
224	K	0.98259	0	0.01741	0
225	V	0.98779	0	0.01221	0
226	A	0.99965	0	0.00035	0
227	R	0.99999	0	0.00001	0
228	K	1.00000	0	0.00000	0
229	H	1.00000	0	0.00000	0
230	A	1.00000	0	0.00000	0
231	K	1.00000	0	0.00000	0
232	Q	1.00000	0	0.00000	0
233	T	1.00000	0	0.00000	0
234	G	1.00000	0	0.00000	0
235	T	1.00000	0	0.00000	0
236	G	1.00000	0	0.00000	0
237	P	1.00000	0	0.00000	0
238	R	1.00000	0	0.00000	0
239	T	1.00000	0	0.00000	0
240	K	1.00000	0	0.00000	0
241	Q	1.00000	0	0.00000	0
242	A	1.00000	0	0.00000	0
243	E	1.00000	0	0.00000	0
244	S	1.00000	0	0.00000	0
245	E	1.00000	0	0.00000	0
246	S	1.00000	0	0.00000	0
247	K	1.00000	0	0.00000	0
248	A	1.00000	0	0.00000	0
249	K	1.00000	0	0.00000	0
250	S	1.00000	0	0.00000	0
251	S	1.00000	0	0.00000	0
252	K	1.00000	0	0.00000	0
253	K	1.00000	0	0.00000	0
254	E	1.00000	0	0.00000	0
255	S	0.99323	0	0.00677	0
256	K	0.99259	0	0.00741	0
257	A	0.62977	0	0.37023	0
258	T	0.62730	0	0.37270	0
259	K	0.55404	0	0.44596	0
260	T	0.40606	0	0.59394	0
261	L	0.00468	0	0.99532	0
262	S	0.00123	0	0.99877	0
263	I	0.00074	0	0.99926	0
264	V	0.00009	0	0.99991	0
265	M	0.00008	0	0.99992	0
266	G	0.00001	0	0.99999	0
267	V	0.00000	0	1.00000	0
268	F	0.00000	0	1.00000	0
269	V	0.00000	0	1.00000	0
270	L	0.00000	0	1.00000	0
271	C	0.00000	0	1.00000	0
272	W	0.00000	0	1.00000	0
273	L	0.00000	0	1.00000	0
274	P	0.00000	0	1.00000	0
275	F	0.00000	0	1.00000	0
276	F	0.00000	0	1.00000	0
277	V	0.00000	0.00012	0.99988	0
278	L	0.00000	0.00139	0.99861	0
279	T	0.00000	0.01442	0.98558	0
280	I	0.00000	0.04117	0.95883	0
281	I	0.00000	0.17609	0.82391	0
282	D	0.00000	0.92255	0.07745	0
283	P	0.00000	0.926	0.07400	0
284	F	0.00000	0.92738	0.07262	0
285	I	0.00000	0.9346	0.06540	0
286	N	0.00000	0.95848	0.04152	0
287	F	0.00000	0.96086	0.03914	0
288	T	0.00000	0.98285	0.01715	0
289	T	0.00000	0.9964	0.00360	0
290	P	0.00000	0.99955	0.00045	0
291	E	0.00000	0.99999	0.00001	0
292	D	0.00000	0.99997	0.00003	0
293	L	0.00000	0.99874	0.00126	0
294	Y	0.00000	0.99803	0.00197	0
295	N	0.00000	0.82088	0.17912	0
296	V	0.00000	0.02905	0.97095	0
297	F	0.00000	0.00708	0.99292	0
298	L	0.00000	0.00067	0.99933	0
299	W	0.00000	4e-05	0.99996	0
300	L	0.00000	0	1.00000	0
301	G	0.00000	0	1.00000	0
302	Y	0.00000	0	1.00000	0
303	F	0.00000	0	1.00000	0
304	N	0.00000	0	1.00000	0
305	S	0.00000	0	1.00000	0
306	T	0.00000	0	1.00000	0
307	F	0.00000	0	1.00000	0
308	N	0.00000	0	1.00000	0
309	P	0.00000	0	1.00000	0
310	I	0.00000	0	1.00000	0
311	I	0.00000	0	1.00000	0
312	Y	0.00000	0	1.00000	0
313	G	0.00001	0	0.99999	0
314	M	0.00023	0	0.99977	0
315	F	0.00524	0	0.99476	0
316	Y	0.04705	0	0.95295	0
317	P	0.27297	0	0.72703	0
318	W	0.46400	0	0.53600	0
319	F	0.90809	0	0.09191	0
320	R	1.00000	0	0.00000	0
321	K	1.00000	0	0.00000	0
322	A	1.00000	0	0.00000	0
323	L	1.00000	0	0.00000	0
324	R	1.00000	0	0.00000	0
325	M	1.00000	0	0.00000	0
326	I	1.00000	0	0.00000	0
327	V	1.00000	0	0.00000	0
328	T	1.00000	0	0.00000	0
329	G	1.00000	0	0.00000	0
330	V	1.00000	0	0.00000	0
331	I	1.00000	0	0.00000	0
332	F	1.00000	0	0.00000	0
333	R	1.00000	0	0.00000	0
334	P	1.00000	0	0.00000	0
335	D	1.00000	0	0.00000	0
336	S	1.00000	0	0.00000	0
337	S	1.00000	0	0.00000	0
338	T	1.00000	0	0.00000	0
339	V	1.00000	0	0.00000	0
340	S	1.00000	0	0.00000	0
341	L	1.00000	0	0.00000	0
342	F	1.00000	0	0.00000	0
343	P	1.00000	0	0.00000	0
344	T	1.00000	0	0.00000	0
345	H	1.00000	0	0.00000	0
346	A	1.00000	0	0.00000	0
