# UNNAMED
#pos	aa	i	o	M	S
1	M	0.00000	1	0.00000	0
2	A	0.00000	1	0.00000	0
3	T	0.00000	1	0.00000	0
4	S	0.00000	1	0.00000	0
5	S	0.00000	1	0.00000	0
6	H	0.00000	1	0.00000	0
7	D	0.00000	1	0.00000	0
8	S	0.00000	0.99881	0.00119	0
9	I	0.00000	0.99036	0.00964	0
10	W	0.00000	0.98849	0.01151	0
11	R	0.00000	0.98686	0.01314	0
12	Q	0.00000	0.94111	0.05889	0
13	A	0.00000	0.68373	0.31627	0
14	L	0.00000	0.33402	0.66598	0
15	I	0.00000	0.15481	0.84519	0
16	G	0.00000	0.09685	0.90315	0
17	L	0.00000	0.03006	0.96994	0
18	V	0.00000	0.01011	0.98989	0
19	L	0.00000	0.0016	0.99840	0
20	I	0.00000	0.00013	0.99987	0
21	L	0.00000	1e-05	0.99999	0
22	L	0.00000	0	1.00000	0
23	I	0.00000	0	1.00000	0
24	L	0.00000	0	1.00000	0
25	I	0.00000	0	1.00000	0
26	T	0.00000	0	1.00000	0
27	V	0.00000	0	1.00000	0
28	L	0.00000	0	1.00000	0
29	G	0.00000	0	1.00000	0
30	N	0.00000	0	1.00000	0
31	V	0.00000	0	1.00000	0
32	V	0.00000	0	1.00000	0
33	V	0.00001	0	0.99999	0
34	C	0.00016	0	0.99984	0
35	L	0.00343	0	0.99657	0
36	A	0.09953	0	0.90047	0
37	V	0.26185	0	0.73815	0
38	G	0.67985	0	0.32015	0
39	L	0.79575	0	0.20425	0
40	N	0.99194	0	0.00806	0
41	R	0.99987	0	0.00013	0
42	R	1.00000	0	0.00000	0
43	L	0.99999	0	0.00001	0
44	R	0.99997	0	0.00003	0
45	S	0.99356	0	0.00644	0
46	L	0.86983	0	0.13017	0
47	T	0.76334	0	0.23666	0
48	N	0.15531	0	0.84469	0
49	C	0.05651	0	0.94349	0
50	F	0.00056	0	0.99944	0
51	I	0.00004	0	0.99996	0
52	V	0.00000	0	1.00000	0
53	S	0.00000	0	1.00000	0
54	L	0.00000	0	1.00000	0
55	A	0.00000	0	1.00000	0
56	I	0.00000	0	1.00000	0
57	T	0.00000	0	1.00000	0
58	D	0.00000	0	1.00000	0
59	L	0.00000	0	1.00000	0
60	L	0.00000	0	1.00000	0
61	L	0.00000	0	1.00000	0
62	G	0.00000	0	1.00000	0
63	L	0.00000	0	1.00000	0
64	L	0.00000	0	1.00000	0
65	V	0.00000	0.0001	0.99990	0
66	L	0.00000	0.00185	0.99815	0
67	P	0.00000	0.02546	0.97454	0
68	F	0.00000	0.06902	0.93098	0
69	S	0.00000	0.47366	0.52634	0
70	A	0.00000	0.62791	0.37209	0
71	A	0.00000	0.77296	0.22704	0
72	C	0.00000	0.99999	0.00001	0
73	E	0.00000	1	0.00000	0
74	L	0.00000	1	0.00000	0
75	G	0.00000	1	0.00000	0
76	Q	0.00000	1	0.00000	0
77	A	0.00000	1	0.00000	0
78	C	0.00000	1	0.00000	0
79	N	0.00000	1	0.00000	0
80	F	0.00000	1	0.00000	0
81	A	0.00000	1	0.00000	0
82	K	0.00000	1	0.00000	0
83	P	0.00000	1	0.00000	0
84	L	0.00000	1	0.00000	0
85	C	0.00000	0.99999	0.00001	0
86	K	0.00000	0.99998	0.00002	0
87	I	0.00000	0.99919	0.00081	0
88	Y	0.00000	0.91835	0.08165	0
89	T	0.00000	0.72219	0.27781	0
90	S	0.00000	0.45935	0.54065	0
91	L	0.00000	0.00575	0.99425	0
92	D	0.00000	0.00169	0.99831	0
93	V	0.00000	4e-05	0.99996	0
94	M	0.00000	0	1.00000	0
95	L	0.00000	0	1.00000	0
96	C	0.00000	0	1.00000	0
97	T	0.00000	0	1.00000	0
98	A	0.00000	0	1.00000	0
99	S	0.00000	0	1.00000	0
100	I	0.00000	0	1.00000	0
101	L	0.00000	0	1.00000	0
102	N	0.00000	0	1.00000	0
103	L	0.00000	0	1.00000	0
104	F	0.00000	0	1.00000	0
105	M	0.00000	0	1.00000	0
106	I	0.00000	0	1.00000	0
107	S	0.00000	0	1.00000	0
108	L	0.00000	0	1.00000	0
109	D	0.00001	0	0.99999	0
110	R	0.00315	0	0.99685	0
111	Y	0.09782	0	0.90218	0
112	Y	0.61464	0	0.38536	0
113	A	0.88878	0	0.11122	0
114	I	0.99995	0	0.00005	0
115	T	1.00000	0	0.00000	0
116	A	1.00000	0	0.00000	0
117	P	1.00000	0	0.00000	0
118	L	1.00000	0	0.00000	0
119	R	1.00000	0	0.00000	0
120	Y	1.00000	0	0.00000	0
121	S	1.00000	0	0.00000	0
122	M	1.00000	0	0.00000	0
123	V	1.00000	0	0.00000	0
124	V	1.00000	0	0.00000	0
125	T	1.00000	0	0.00000	0
126	P	0.99999	0	0.00001	0
127	K	0.99966	0	0.00034	0
128	R	0.98543	0	0.01457	0
129	V	0.12100	0	0.87900	0
130	V	0.00485	0	0.99515	0
131	I	0.00013	0	0.99987	0
132	A	0.00001	0	0.99999	0
133	L	0.00000	0	1.00000	0
134	T	0.00000	0	1.00000	0
135	L	0.00000	0	1.00000	0
136	I	0.00000	0	1.00000	0
137	W	0.00000	0	1.00000	0
138	V	0.00000	0	1.00000	0
139	I	0.00000	0	1.00000	0
140	S	0.00000	0	1.00000	0
141	I	0.00000	0	1.00000	0
142	T	0.00000	0	1.00000	0
143	F	0.00000	0	1.00000	0
144	S	0.00000	0	1.00000	0
145	F	0.00000	0	1.00000	0
146	L	0.00000	0	1.00000	0
147	P	0.00000	0.0003	0.99970	0
148	I	0.00000	0.00439	0.99561	0
149	H	0.00000	0.13528	0.86472	0
150	L	0.00000	0.29954	0.70046	0
151	E	0.00000	0.98005	0.01995	0
152	W	0.00000	0.99092	0.00908	0
153	N	0.00000	0.9997	0.00030	0
154	I	0.00000	0.99999	0.00001	0
155	Q	0.00000	1	0.00000	0
156	N	0.00000	1	0.00000	0
157	L	0.00000	1	0.00000	0
158	T	0.00000	1	0.00000	0
159	N	0.00000	1	0.00000	0
160	S	0.00000	1	0.00000	0
161	N	0.00000	1	0.00000	0
162	L	0.00000	1	0.00000	0
163	T	0.00000	1	0.00000	0
164	P	0.00000	1	0.00000	0
165	Y	0.00000	1	0.00000	0
166	K	0.00000	1	0.00000	0
167	C	0.00000	1	0.00000	0
168	K	0.00000	1	0.00000	0
169	L	0.00000	1	0.00000	0
170	Q	0.00000	1	0.00000	0
171	V	0.00000	0.99996	0.00004	0
172	N	0.00000	0.99996	0.00004	0
173	K	0.00000	0.99994	0.00006	0
174	A	0.00000	0.00383	0.99617	0
175	Y	0.00000	0.0004	0.99960	0
176	G	0.00000	0.00037	0.99963	0
177	L	0.00000	0.00027	0.99973	0
178	V	0.00000	0.00024	0.99976	0
179	D	0.00000	0.00024	0.99976	0
180	G	0.00000	6e-05	0.99994	0
181	L	0.00000	1e-05	0.99999	0
182	I	0.00000	0	1.00000	0
183	T	0.00000	0	1.00000	0
184	F	0.00000	0	1.00000	0
185	Y	0.00000	0	1.00000	0
186	V	0.00000	0	1.00000	0
187	P	0.00000	0	1.00000	0
188	L	0.00000	0	1.00000	0
189	L	0.00000	0	1.00000	0
190	V	0.00000	0	1.00000	0
191	M	0.00000	0	1.00000	0
192	C	0.00000	0	1.00000	0
193	A	0.00000	0	1.00000	0
194	T	0.00001	0	0.99999	0
195	Y	0.00012	0	0.99988	0
196	Y	0.00504	0	0.99496	0
197	R	0.12887	0	0.87113	0
198	I	0.14304	0	0.85696	0
199	F	0.21536	0	0.78464	0
200	K	0.99509	0	0.00491	0
201	I	0.99847	0	0.00153	0
202	A	0.99998	0	0.00002	0
203	R	1.00000	0	0.00000	0
204	E	1.00000	0	0.00000	0
205	Q	1.00000	0	0.00000	0
206	A	1.00000	0	0.00000	0
207	K	1.00000	0	0.00000	0
208	R	1.00000	0	0.00000	0
209	I	1.00000	0	0.00000	0
210	N	1.00000	0	0.00000	0
211	H	1.00000	0	0.00000	0
212	S	1.00000	0	0.00000	0
213	Y	1.00000	0	0.00000	0
214	Y	1.00000	0	0.00000	0
215	N	1.00000	0	0.00000	0
216	K	1.00000	0	0.00000	0
217	A	1.00000	0	0.00000	0
218	V	1.00000	0	0.00000	0
219	T	1.00000	0	0.00000	0
220	I	1.00000	0	0.00000	0
221	R	1.00000	0	0.00000	0
222	E	1.00000	0	0.00000	0
223	H	0.99969	0	0.00031	0
224	K	0.99829	0	0.00171	0
225	A	0.83938	0	0.16062	0
226	T	0.54775	0	0.45225	0
227	V	0.26707	0	0.73293	0
228	T	0.19967	0	0.80033	0
229	L	0.00129	0	0.99871	0
230	A	0.00008	0	0.99992	0
231	V	0.00001	0	0.99999	0
232	V	0.00000	0	1.00000	0
233	M	0.00000	0	1.00000	0
234	G	0.00000	0	1.00000	0
235	A	0.00000	0	1.00000	0
236	F	0.00000	0	1.00000	0
237	I	0.00000	0	1.00000	0
238	I	0.00000	0	1.00000	0
239	C	0.00000	0	1.00000	0
240	W	0.00000	0	1.00000	0
241	F	0.00000	0	1.00000	0
242	P	0.00000	0	1.00000	0
243	Y	0.00000	0	1.00000	0
244	F	0.00000	0	1.00000	0
245	T	0.00000	0.00028	0.99972	0
246	V	0.00000	0.00122	0.99878	0
247	F	0.00000	0.00887	0.99113	0
248	V	0.00000	0.19466	0.80534	0
249	Y	0.00000	0.4505	0.54950	0
250	R	0.00000	0.87137	0.12863	0
251	G	0.00000	0.90333	0.09667	0
252	I	0.00000	0.91655	0.08345	0
253	W	0.00000	0.95599	0.04401	0
254	G	0.00000	0.99759	0.00241	0
255	D	0.00000	1	0.00000	0
256	I	0.00000	1	0.00000	0
257	D	0.00000	0.99999	0.00001	0
258	E	0.00000	0.99981	0.00019	0
259	T	0.00000	0.99856	0.00144	0
260	L	0.00000	0.99274	0.00726	0
261	E	0.00000	0.99039	0.00961	0
262	A	0.00000	0.31965	0.68035	0
263	I	0.00000	0.00278	0.99722	0
264	V	0.00000	0.0001	0.99990	0
265	L	0.00000	0	1.00000	0
266	W	0.00000	0	1.00000	0
267	L	0.00000	0	1.00000	0
268	G	0.00000	0	1.00000	0
269	Y	0.00000	0	1.00000	0
270	V	0.00000	0	1.00000	0
271	N	0.00000	0	1.00000	0
272	S	0.00000	0	1.00000	0
273	A	0.00000	0	1.00000	0
274	L	0.00000	0	1.00000	0
275	N	0.00000	0	1.00000	0
276	P	0.00000	0	1.00000	0
277	I	0.00000	0	1.00000	0
278	L	0.00000	0	1.00000	0
279	Y	0.00000	0	1.00000	0
280	A	0.00004	0	0.99996	0
281	A	0.00174	0	0.99826	0
282	L	0.07841	0	0.92159	0
283	N	0.59068	0	0.40932	0
284	R	1.00000	0	0.00000	0
285	D	1.00000	0	0.00000	0
286	F	1.00000	0	0.00000	0
287	R	1.00000	0	0.00000	0
288	T	1.00000	0	0.00000	0
289	A	1.00000	0	0.00000	0
290	Y	1.00000	0	0.00000	0
291	Q	1.00000	0	0.00000	0
292	C	1.00000	0	0.00000	0
293	L	1.00000	0	0.00000	0
294	F	1.00000	0	0.00000	0
295	C	1.00000	0	0.00000	0
296	C	1.00000	0	0.00000	0
297	R	1.00000	0	0.00000	0
298	R	1.00000	0	0.00000	0
299	G	1.00000	0	0.00000	0
300	A	1.00000	0	0.00000	0
301	I	1.00000	0	0.00000	0
302	T	1.00000	0	0.00000	0
303	S	1.00000	0	0.00000	0
304	R	1.00000	0	0.00000	0
305	G	1.00000	0	0.00000	0
306	S	1.00000	0	0.00000	0
307	S	1.00000	0	0.00000	0
308	L	1.00000	0	0.00000	0
309	S	1.00000	0	0.00000	0
310	P	1.00000	0	0.00000	0
311	T	1.00000	0	0.00000	0
312	T	1.00000	0	0.00000	0
313	S	1.00000	0	0.00000	0
314	R	1.00000	0	0.00000	0
315	R	1.00000	0	0.00000	0
316	S	1.00000	0	0.00000	0
317	R	1.00000	0	0.00000	0
318	S	1.00000	0	0.00000	0
319	Q	1.00000	0	0.00000	0
320	S	1.00000	0	0.00000	0
321	H	1.00000	0	0.00000	0
322	Q	1.00000	0	0.00000	0
323	V	1.00000	0	0.00000	0
324	T	1.00000	0	0.00000	0
325	L	1.00000	0	0.00000	0
326	G	1.00000	0	0.00000	0
327	L	1.00000	0	0.00000	0
328	Q	1.00000	0	0.00000	0
329	E	1.00000	0	0.00000	0
330	E	1.00000	0	0.00000	0
331	T	1.00000	0	0.00000	0
332	S	1.00000	0	0.00000	0
333	L	1.00000	0	0.00000	0
334	R	1.00000	0	0.00000	0
335	Q	1.00000	0	0.00000	0
336	A	1.00000	0	0.00000	0
337	V	1.00000	0	0.00000	0
338	Q	1.00000	0	0.00000	0
339	N	1.00000	0	0.00000	0
340	G	1.00000	0	0.00000	0
341	S	1.00000	0	0.00000	0
342	E	1.00000	0	0.00000	0
343	A	1.00000	0	0.00000	0
344	P	1.00000	0	0.00000	0
345	F	1.00000	0	0.00000	0
346	P	1.00000	0	0.00000	0
347	Q	1.00000	0	0.00000	0
348	E	1.00000	0	0.00000	0
349	S	1.00000	0	0.00000	0
350	D	1.00000	0	0.00000	0
351	N	1.00000	0	0.00000	0
352	Y	1.00000	0	0.00000	0
353	G	1.00000	0	0.00000	0
354	T	1.00000	0	0.00000	0
355	S	1.00000	0	0.00000	0
356	T	1.00000	0	0.00000	0
357	L	1.00000	0	0.00000	0
358	A	1.00000	0	0.00000	0
359	G	1.00000	0	0.00000	0
360	Q	1.00000	0	0.00000	0
361	R	1.00000	0	0.00000	0
362	L	1.00000	0	0.00000	0
363	S	1.00000	0	0.00000	0
364	A	1.00000	0	0.00000	0
365	L	1.00000	0	0.00000	0
366	E	1.00000	0	0.00000	0
367	A	1.00000	0	0.00000	0
368	T	1.00000	0	0.00000	0
369	V	1.00000	0	0.00000	0
370	A	1.00000	0	0.00000	0
371	N	1.00000	0	0.00000	0
372	S	1.00000	0	0.00000	0
373	V	1.00000	0	0.00000	0
374	T	1.00000	0	0.00000	0
375	S	1.00000	0	0.00000	0
376	K	1.00000	0	0.00000	0
377	S	1.00000	0	0.00000	0
378	C	1.00000	0	0.00000	0
379	F	1.00000	0	0.00000	0
380	W	1.00000	0	0.00000	0
381	L	1.00000	0	0.00000	0
382	A	1.00000	0	0.00000	0
383	G	1.00000	0	0.00000	0
384	A	1.00000	0	0.00000	0
385	Q	1.00000	0	0.00000	0
386	P	1.00000	0	0.00000	0
387	E	1.00000	0	0.00000	0
388	Q	1.00000	0	0.00000	0
389	N	1.00000	0	0.00000	0
390	C	1.00000	0	0.00000	0
391	D	1.00000	0	0.00000	0
392	P	1.00000	0	0.00000	0
393	L	1.00000	0	0.00000	0
394	I	1.00000	0	0.00000	0
395	A	1.00000	0	0.00000	0
396	P	1.00000	0	0.00000	0
397	G	1.00000	0	0.00000	0
398	S	1.00000	0	0.00000	0
399	P	1.00000	0	0.00000	0
400	A	1.00000	0	0.00000	0
401	R	1.00000	0	0.00000	0
402	G	1.00000	0	0.00000	0
403	S	1.00000	0	0.00000	0
404	Q	1.00000	0	0.00000	0
405	S	1.00000	0	0.00000	0
406	P	1.00000	0	0.00000	0
407	R	1.00000	0	0.00000	0
408	S	1.00000	0	0.00000	0
409	S	1.00000	0	0.00000	0
410	R	1.00000	0	0.00000	0
411	R	1.00000	0	0.00000	0
412	T	1.00000	0	0.00000	0
413	E	1.00000	0	0.00000	0
414	T	1.00000	0	0.00000	0
415	E	1.00000	0	0.00000	0
416	G	1.00000	0	0.00000	0
417	R	1.00000	0	0.00000	0
418	S	1.00000	0	0.00000	0
419	A	1.00000	0	0.00000	0
420	R	1.00000	0	0.00000	0
421	K	1.00000	0	0.00000	0
422	K	1.00000	0	0.00000	0
423	A	1.00000	0	0.00000	0
424	V	1.00000	0	0.00000	0
425	F	1.00000	0	0.00000	0
426	Q	1.00000	0	0.00000	0
427	P	1.00000	0	0.00000	0
428	P	1.00000	0	0.00000	0
429	R	1.00000	0	0.00000	0
430	V	1.00000	0	0.00000	0
431	E	1.00000	0	0.00000	0
432	G	1.00000	0	0.00000	0
433	A	1.00000	0	0.00000	0
434	A	1.00000	0	0.00000	0
435	A	1.00000	0	0.00000	0
436	C	1.00000	0	0.00000	0
437	S	1.00000	0	0.00000	0
438	R	1.00000	0	0.00000	0
439	L	1.00000	0	0.00000	0
440	V	1.00000	0	0.00000	0
441	Q	1.00000	0	0.00000	0
442	Y	1.00000	0	0.00000	0
443	G	1.00000	0	0.00000	0
444	L	1.00000	0	0.00000	0
445	C	1.00000	0	0.00000	0
446	C	1.00000	0	0.00000	0
447	E	1.00000	0	0.00000	0
448	S	1.00000	0	0.00000	0
449	S	1.00000	0	0.00000	0
450	I	1.00000	0	0.00000	0
451	S	1.00000	0	0.00000	0
452	P	1.00000	0	0.00000	0
453	P	1.00000	0	0.00000	0
454	R	1.00000	0	0.00000	0
455	V	1.00000	0	0.00000	0
456	R	1.00000	0	0.00000	0
457	E	1.00000	0	0.00000	0
458	N	1.00000	0	0.00000	0
459	L	1.00000	0	0.00000	0
460	V	1.00000	0	0.00000	0
461	L	1.00000	0	0.00000	0
462	G	1.00000	0	0.00000	0
463	P	1.00000	0	0.00000	0
464	I	1.00000	0	0.00000	0
465	Q	1.00000	0	0.00000	0
466	L	1.00000	0	0.00000	0
467	E	1.00000	0	0.00000	0
468	H	1.00000	0	0.00000	0
469	A	1.00000	0	0.00000	0
470	R	1.00000	0	0.00000	0
471	S	1.00000	0	0.00000	0
472	G	1.00000	0	0.00000	0
473	S	1.00000	0	0.00000	0
474	A	1.00000	0	0.00000	0
475	L	1.00000	0	0.00000	0
476	A	1.00000	0	0.00000	0
477	H	1.00000	0	0.00000	0
478	R	1.00000	0	0.00000	0
479	L	1.00000	0	0.00000	0
480	P	1.00000	0	0.00000	0
481	S	1.00000	0	0.00000	0
482	L	1.00000	0	0.00000	0
483	L	1.00000	0	0.00000	0
484	L	1.00000	0	0.00000	0
485	S	1.00000	0	0.00000	0
486	G	1.00000	0	0.00000	0
487	S	1.00000	0	0.00000	0
488	P	1.00000	0	0.00000	0
489	R	1.00000	0	0.00000	0
490	V	1.00000	0	0.00000	0
491	S	1.00000	0	0.00000	0
492	T	1.00000	0	0.00000	0
493	K	1.00000	0	0.00000	0
494	T	1.00000	0	0.00000	0
495	E	1.00000	0	0.00000	0
496	D	1.00000	0	0.00000	0
497	S	1.00000	0	0.00000	0
498	S	1.00000	0	0.00000	0
