# UNNAMED
#pos	aa	i	o	M	S
1	M	0.00000	0.88267	0.00000	0.11733
2	S	0.00000	0.88267	0.00000	0.11733
3	A	0.00000	0.88267	0.00000	0.11733
4	G	0.00000	0.88267	0.00000	0.11732
5	A	0.00000	0.88267	0.00000	0.11733
6	L	0.00000	0.88267	0.00000	0.11732
7	A	0.00000	0.88267	0.00000	0.11733
8	L	0.00000	0.88267	0.00000	0.11732
9	G	0.00000	0.88267	0.00000	0.11732
10	A	0.00000	0.88267	0.00000	0.11732
11	S	0.00000	0.88267	0.00000	0.11732
12	E	0.00000	0.88267	0.00000	0.11733
13	P	0.00000	0.88267	0.00000	0.11733
14	C	0.00000	0.88268	0.00000	0.11731
15	N	0.00000	0.8827	0.00000	0.1173
16	L	0.00000	0.88269	0.00000	0.1173
17	S	0.00000	0.88276	0.00000	0.11724
18	S	0.00000	0.90783	0.00000	0.09217
19	A	0.00000	0.91694	0.00000	0.08305
20	A	0.00000	0.99946	0.00000	0.00054
21	P	0.00000	0.99947	0.00000	0.00054
22	L	0.00000	0.99947	0.00000	0.00053
23	P	0.00000	0.99947	0.00000	0.00053
24	D	0.00000	0.99947	0.00000	0.00053
25	G	0.00000	0.99947	0.00000	0.00053
26	A	0.00000	0.99947	0.00000	0.00053
27	A	0.00000	0.99947	0.00000	0.00053
28	T	0.00000	0.99957	0.00000	0.00043
29	A	0.00000	0.99975	0.00000	0.00025
30	A	0.00000	0.99997	0.00000	3e-05
31	R	0.00000	1	0.00000	0
32	L	0.00000	1	0.00000	0
33	L	0.00000	1	0.00000	0
34	V	0.00000	1	0.00000	0
35	P	0.00000	1	0.00000	0
36	A	0.00000	1	0.00000	0
37	S	0.00000	1	0.00000	0
38	P	0.00000	1	0.00000	0
39	P	0.00000	1	0.00000	0
40	A	0.00000	1	0.00000	0
41	S	0.00000	1	0.00000	0
42	L	0.00000	1	0.00000	0
43	L	0.00000	1	0.00000	0
44	P	0.00000	1	0.00000	0
45	P	0.00000	1	0.00000	0
46	A	0.00000	1	0.00000	0
47	S	0.00000	1	0.00000	0
48	E	0.00000	1	0.00000	0
49	G	0.00000	1	0.00000	0
50	P	0.00000	1	0.00000	0
51	A	0.00000	1	0.00000	0
52	L	0.00000	0.99998	0.00002	0
53	L	0.00000	0.99835	0.00165	0
54	S	0.00000	0.9948	0.00520	0
55	Q	0.00000	0.97531	0.02469	0
56	Q	0.00000	0.89663	0.10337	0
57	W	0.00000	0.49514	0.50486	0
58	T	0.00000	0.43803	0.56197	0
59	A	0.00000	0.39109	0.60891	0
60	G	0.00000	0.35631	0.64369	0
61	M	0.00000	0.31184	0.68816	0
62	G	0.00000	0.19133	0.80867	0
63	L	0.00000	0.06904	0.93096	0
64	L	0.00000	0.01969	0.98031	0
65	M	0.00000	0.00652	0.99348	0
66	A	0.00000	0.00029	0.99971	0
67	L	0.00000	1e-05	0.99999	0
68	V	0.00000	0	1.00000	0
69	V	0.00000	0	1.00000	0
70	L	0.00000	0	1.00000	0
71	L	0.00000	0	1.00000	0
72	I	0.00000	0	1.00000	0
73	V	0.00000	0	1.00000	0
74	A	0.00000	0	1.00000	0
75	G	0.00000	0	1.00000	0
76	N	0.00000	0	1.00000	0
77	V	0.00000	0	1.00000	0
78	L	0.00000	0	1.00000	0
79	V	0.00000	0	1.00000	0
80	I	0.00004	0	0.99996	0
81	V	0.00215	0	0.99785	0
82	A	0.04424	0	0.95576	0
83	I	0.10138	0	0.89862	0
84	A	0.56195	0	0.43805	0
85	K	0.99385	0	0.00615	0
86	T	0.99946	0	0.00054	0
87	P	0.99999	0	0.00001	0
88	R	1.00000	0	0.00000	0
89	L	0.99999	0	0.00001	0
90	Q	0.99996	0	0.00004	0
91	T	0.99901	0	0.00099	0
92	L	0.97027	0	0.02973	0
93	T	0.94130	0	0.05870	0
94	N	0.15424	0	0.84576	0
95	L	0.02248	0	0.97752	0
96	F	0.00015	0	0.99985	0
97	I	0.00000	0	1.00000	0
98	M	0.00000	0	1.00000	0
99	S	0.00000	0	1.00000	0
100	L	0.00000	0	1.00000	0
101	A	0.00000	0	1.00000	0
102	S	0.00000	0	1.00000	0
103	A	0.00000	0	1.00000	0
104	D	0.00000	0	1.00000	0
105	L	0.00000	0	1.00000	0
106	V	0.00000	0	1.00000	0
107	M	0.00000	0	1.00000	0
108	G	0.00000	0	1.00000	0
109	L	0.00000	0	1.00000	0
110	L	0.00000	0	1.00000	0
111	V	0.00000	7e-05	0.99993	0
112	V	0.00000	0.00087	0.99913	0
113	P	0.00000	0.00854	0.99146	0
114	F	0.00000	0.02816	0.97184	0
115	G	0.00000	0.23881	0.76119	0
116	A	0.00000	0.58369	0.41631	0
117	T	0.00000	0.91077	0.08923	0
118	I	0.00000	0.99889	0.00111	0
119	V	0.00000	0.99911	0.00089	0
120	V	0.00000	0.99938	0.00062	0
121	W	0.00000	0.99955	0.00045	0
122	G	0.00000	0.99985	0.00015	0
123	R	0.00000	0.99999	0.00001	0
124	W	0.00000	1	0.00000	0
125	E	0.00000	1	0.00000	0
126	Y	0.00000	1	0.00000	0
127	G	0.00000	1	0.00000	0
128	S	0.00000	1	0.00000	0
129	F	0.00000	1	0.00000	0
130	F	0.00000	1	0.00000	0
131	C	0.00000	1	0.00000	0
132	E	0.00000	1	0.00000	0
133	L	0.00000	0.99947	0.00053	0
134	W	0.00000	0.94231	0.05769	0
135	T	0.00000	0.6266	0.37340	0
136	S	0.00000	0.09777	0.90223	0
137	V	0.00000	0.02762	0.97238	0
138	D	0.00000	0.00767	0.99233	0
139	V	0.00000	0.00018	0.99982	0
140	L	0.00000	0	1.00000	0
141	C	0.00000	0	1.00000	0
142	V	0.00000	0	1.00000	0
143	T	0.00000	0	1.00000	0
144	A	0.00000	0	1.00000	0
145	S	0.00000	0	1.00000	0
146	I	0.00000	0	1.00000	0
147	E	0.00000	0	1.00000	0
148	T	0.00000	0	1.00000	0
149	L	0.00000	0	1.00000	0
150	C	0.00000	0	1.00000	0
151	V	0.00000	0	1.00000	0
152	I	0.00000	0	1.00000	0
153	A	0.00000	0	1.00000	0
154	L	0.00000	0	1.00000	0
155	D	0.00001	0	0.99999	0
156	R	0.02905	0	0.97095	0
157	Y	0.21678	0	0.78322	0
158	L	0.72055	0	0.27945	0
159	A	0.94069	0	0.05931	0
160	I	0.99995	0	0.00005	0
161	T	1.00000	0	0.00000	0
162	S	1.00000	0	0.00000	0
163	P	1.00000	0	0.00000	0
164	F	1.00000	0	0.00000	0
165	R	1.00000	0	0.00000	0
166	Y	1.00000	0	0.00000	0
167	Q	1.00000	0	0.00000	0
168	S	1.00000	0	0.00000	0
169	L	1.00000	0	0.00000	0
170	L	1.00000	0	0.00000	0
171	T	1.00000	0	0.00000	0
172	R	1.00000	0	0.00000	0
173	A	0.99963	0	0.00037	0
174	R	0.99870	0	0.00130	0
175	A	0.90408	0	0.09592	0
176	R	0.80028	0	0.19972	0
177	A	0.10793	0	0.89207	0
178	L	0.00859	0	0.99141	0
179	V	0.00007	0	0.99993	0
180	C	0.00000	0	1.00000	0
181	T	0.00000	0	1.00000	0
182	V	0.00000	0	1.00000	0
183	W	0.00000	0	1.00000	0
184	A	0.00000	0	1.00000	0
185	I	0.00000	0	1.00000	0
186	S	0.00000	0	1.00000	0
187	A	0.00000	0	1.00000	0
188	L	0.00000	0	1.00000	0
189	V	0.00000	0	1.00000	0
190	S	0.00000	0	1.00000	0
191	F	0.00000	0	1.00000	0
192	L	0.00000	0	1.00000	0
193	P	0.00000	1e-05	0.99999	0
194	I	0.00000	4e-05	0.99996	0
195	L	0.00000	0.00088	0.99912	0
196	M	0.00000	0.01908	0.98092	0
197	H	0.00000	0.27318	0.72682	0
198	W	0.00000	0.42281	0.57719	0
199	W	0.00000	0.7643	0.23570	0
200	R	0.00000	0.99482	0.00518	0
201	A	0.00000	0.99867	0.00133	0
202	E	0.00000	1	0.00000	0
203	G	0.00000	1	0.00000	0
204	D	0.00000	1	0.00000	0
205	E	0.00000	1	0.00000	0
206	A	0.00000	1	0.00000	0
207	R	0.00000	1	0.00000	0
208	R	0.00000	1	0.00000	0
209	C	0.00000	1	0.00000	0
210	Y	0.00000	1	0.00000	0
211	N	0.00000	1	0.00000	0
212	D	0.00000	1	0.00000	0
213	P	0.00000	1	0.00000	0
214	K	0.00000	1	0.00000	0
215	C	0.00000	1	0.00000	0
216	C	0.00000	1	0.00000	0
217	D	0.00000	1	0.00000	0
218	F	0.00000	0.99997	0.00003	0
219	V	0.00000	0.9999	0.00010	0
220	T	0.00000	0.99983	0.00017	0
221	N	0.00000	0.99974	0.00026	0
222	R	0.00000	0.99645	0.00355	0
223	A	0.00000	0.27947	0.72053	0
224	Y	0.00000	0.03413	0.96587	0
225	A	0.00000	0.0074	0.99260	0
226	I	0.00000	0.00209	0.99791	0
227	A	0.00000	1e-05	0.99999	0
228	S	0.00000	1e-05	0.99999	0
229	S	0.00000	0	1.00000	0
230	V	0.00000	0	1.00000	0
231	V	0.00000	0	1.00000	0
232	S	0.00000	0	1.00000	0
233	F	0.00000	0	1.00000	0
234	Y	0.00000	0	1.00000	0
235	V	0.00000	0	1.00000	0
236	P	0.00000	0	1.00000	0
237	L	0.00000	0	1.00000	0
238	C	0.00000	0	1.00000	0
239	V	0.00000	0	1.00000	0
240	M	0.00000	0	1.00000	0
241	A	0.00000	0	1.00000	0
242	F	0.00000	0	1.00000	0
243	V	0.00000	0	1.00000	0
244	Y	0.00020	0	0.99980	0
245	L	0.00968	0	0.99032	0
246	R	0.17770	0	0.82230	0
247	V	0.19596	0	0.80404	0
248	F	0.30329	0	0.69671	0
249	R	0.99476	0	0.00524	0
250	E	0.99992	0	0.00008	0
251	A	1.00000	0	0.00000	0
252	Q	1.00000	0	0.00000	0
253	K	1.00000	0	0.00000	0
254	Q	1.00000	0	0.00000	0
255	V	1.00000	0	0.00000	0
256	K	1.00000	0	0.00000	0
257	K	1.00000	0	0.00000	0
258	I	1.00000	0	0.00000	0
259	D	1.00000	0	0.00000	0
260	S	1.00000	0	0.00000	0
261	C	1.00000	0	0.00000	0
262	E	1.00000	0	0.00000	0
263	R	1.00000	0	0.00000	0
264	R	1.00000	0	0.00000	0
265	F	1.00000	0	0.00000	0
266	L	1.00000	0	0.00000	0
267	S	1.00000	0	0.00000	0
268	G	1.00000	0	0.00000	0
269	P	1.00000	0	0.00000	0
270	A	1.00000	0	0.00000	0
271	P	1.00000	0	0.00000	0
272	E	1.00000	0	0.00000	0
273	P	1.00000	0	0.00000	0
274	G	1.00000	0	0.00000	0
275	P	1.00000	0	0.00000	0
276	P	1.00000	0	0.00000	0
277	R	1.00000	0	0.00000	0
278	P	1.00000	0	0.00000	0
279	D	1.00000	0	0.00000	0
280	P	1.00000	0	0.00000	0
281	G	1.00000	0	0.00000	0
282	S	1.00000	0	0.00000	0
283	S	1.00000	0	0.00000	0
284	P	1.00000	0	0.00000	0
285	G	1.00000	0	0.00000	0
286	S	1.00000	0	0.00000	0
287	G	1.00000	0	0.00000	0
288	S	1.00000	0	0.00000	0
289	A	1.00000	0	0.00000	0
290	A	1.00000	0	0.00000	0
291	A	1.00000	0	0.00000	0
292	L	1.00000	0	0.00000	0
293	A	1.00000	0	0.00000	0
294	N	1.00000	0	0.00000	0
295	G	1.00000	0	0.00000	0
296	R	1.00000	0	0.00000	0
297	H	1.00000	0	0.00000	0
298	S	1.00000	0	0.00000	0
299	K	1.00000	0	0.00000	0
300	R	1.00000	0	0.00000	0
301	R	1.00000	0	0.00000	0
302	P	1.00000	0	0.00000	0
303	S	1.00000	0	0.00000	0
304	R	1.00000	0	0.00000	0
305	L	1.00000	0	0.00000	0
306	V	1.00000	0	0.00000	0
307	A	1.00000	0	0.00000	0
308	L	1.00000	0	0.00000	0
309	R	1.00000	0	0.00000	0
310	E	1.00000	0	0.00000	0
311	Q	0.99312	0	0.00688	0
312	K	0.99132	0	0.00868	0
313	A	0.10935	0	0.89065	0
314	L	0.10662	0	0.89338	0
315	K	0.10609	0	0.89391	0
316	T	0.07852	0	0.92148	0
317	L	0.00075	0	0.99925	0
318	G	0.00007	0	0.99993	0
319	I	0.00003	0	0.99997	0
320	I	0.00000	0	1.00000	0
321	M	0.00000	0	1.00000	0
322	G	0.00000	0	1.00000	0
323	V	0.00000	0	1.00000	0
324	F	0.00000	0	1.00000	0
325	T	0.00000	0	1.00000	0
326	L	0.00000	0	1.00000	0
327	C	0.00000	0	1.00000	0
328	W	0.00000	0	1.00000	0
329	L	0.00000	0	1.00000	0
330	P	0.00000	0	1.00000	0
331	F	0.00000	0	1.00000	0
332	F	0.00000	0	1.00000	0
333	L	0.00000	0.0015	0.99850	0
334	A	0.00000	0.03159	0.96841	0
335	N	0.00000	0.20562	0.79438	0
336	V	0.00000	0.2798	0.72020	0
337	V	0.00000	0.48313	0.51687	0
338	K	0.00000	0.95348	0.04652	0
339	A	0.00000	0.95865	0.04135	0
340	F	0.00000	0.96624	0.03376	0
341	H	0.00000	0.9922	0.00780	0
342	R	0.00000	0.99971	0.00029	0
343	D	0.00000	1	0.00000	0
344	L	0.00000	0.99949	0.00051	0
345	V	0.00000	0.99898	0.00102	0
346	P	0.00000	0.99865	0.00135	0
347	D	0.00000	0.98956	0.01044	0
348	R	0.00000	0.74753	0.25247	0
349	L	0.00000	0.18155	0.81845	0
350	F	0.00000	0.1478	0.85220	0
351	V	0.00000	0.00113	0.99887	0
352	F	0.00000	0	1.00000	0
353	F	0.00000	0	1.00000	0
354	N	0.00000	0	1.00000	0
355	W	0.00000	0	1.00000	0
356	L	0.00000	0	1.00000	0
357	G	0.00000	0	1.00000	0
358	Y	0.00000	0	1.00000	0
359	A	0.00000	0	1.00000	0
360	N	0.00000	0	1.00000	0
361	S	0.00000	0	1.00000	0
362	A	0.00000	0	1.00000	0
363	F	0.00000	0	1.00000	0
364	N	0.00000	0	1.00000	0
365	P	0.00000	0	1.00000	0
366	I	0.00000	0	1.00000	0
367	I	0.00002	0	0.99998	0
368	Y	0.00152	0	0.99848	0
369	C	0.03041	0	0.96959	0
370	R	1.00000	0	0.00000	0
371	S	1.00000	0	0.00000	0
372	P	1.00000	0	0.00000	0
373	D	1.00000	0	0.00000	0
374	F	1.00000	0	0.00000	0
375	R	1.00000	0	0.00000	0
376	K	1.00000	0	0.00000	0
377	A	1.00000	0	0.00000	0
378	F	1.00000	0	0.00000	0
379	Q	1.00000	0	0.00000	0
380	R	1.00000	0	0.00000	0
381	L	1.00000	0	0.00000	0
382	L	1.00000	0	0.00000	0
383	C	1.00000	0	0.00000	0
384	C	1.00000	0	0.00000	0
385	A	1.00000	0	0.00000	0
386	R	1.00000	0	0.00000	0
387	R	1.00000	0	0.00000	0
388	A	1.00000	0	0.00000	0
389	A	1.00000	0	0.00000	0
390	R	1.00000	0	0.00000	0
391	G	1.00000	0	0.00000	0
392	C	1.00000	0	0.00000	0
393	H	1.00000	0	0.00000	0
394	A	1.00000	0	0.00000	0
395	N	1.00000	0	0.00000	0
396	P	1.00000	0	0.00000	0
397	H	1.00000	0	0.00000	0
398	A	1.00000	0	0.00000	0
399	R	1.00000	0	0.00000	0
400	P	1.00000	0	0.00000	0
401	R	1.00000	0	0.00000	0
402	A	1.00000	0	0.00000	0
403	S	1.00000	0	0.00000	0
404	G	1.00000	0	0.00000	0
405	C	1.00000	0	0.00000	0
406	L	1.00000	0	0.00000	0
407	A	1.00000	0	0.00000	0
408	R	1.00000	0	0.00000	0
409	A	1.00000	0	0.00000	0
410	G	1.00000	0	0.00000	0
411	P	1.00000	0	0.00000	0
412	P	1.00000	0	0.00000	0
413	P	1.00000	0	0.00000	0
414	L	1.00000	0	0.00000	0
415	P	1.00000	0	0.00000	0
416	G	1.00000	0	0.00000	0
417	A	1.00000	0	0.00000	0
418	A	1.00000	0	0.00000	0
419	S	1.00000	0	0.00000	0
420	D	1.00000	0	0.00000	0
421	E	1.00000	0	0.00000	0
422	E	1.00000	0	0.00000	0
423	D	1.00000	0	0.00000	0
424	D	1.00000	0	0.00000	0
425	D	1.00000	0	0.00000	0
426	V	1.00000	0	0.00000	0
427	G	1.00000	0	0.00000	0
428	A	1.00000	0	0.00000	0
429	T	1.00000	0	0.00000	0
430	P	1.00000	0	0.00000	0
431	P	1.00000	0	0.00000	0
432	A	1.00000	0	0.00000	0
433	R	1.00000	0	0.00000	0
434	L	1.00000	0	0.00000	0
435	L	1.00000	0	0.00000	0
436	D	1.00000	0	0.00000	0
437	P	1.00000	0	0.00000	0
438	W	1.00000	0	0.00000	0
439	A	1.00000	0	0.00000	0
440	G	1.00000	0	0.00000	0
441	C	1.00000	0	0.00000	0
442	N	1.00000	0	0.00000	0
443	G	1.00000	0	0.00000	0
444	G	1.00000	0	0.00000	0
445	A	1.00000	0	0.00000	0
446	A	1.00000	0	0.00000	0
447	A	1.00000	0	0.00000	0
448	A	1.00000	0	0.00000	0
449	A	1.00000	0	0.00000	0
450	T	1.00000	0	0.00000	0
451	A	1.00000	0	0.00000	0
452	D	1.00000	0	0.00000	0
453	S	1.00000	0	0.00000	0
454	D	1.00000	0	0.00000	0
455	S	1.00000	0	0.00000	0
456	S	1.00000	0	0.00000	0
457	L	1.00000	0	0.00000	0
458	D	1.00000	0	0.00000	0
459	E	1.00000	0	0.00000	0
460	P	1.00000	0	0.00000	0
461	C	1.00000	0	0.00000	0
462	R	1.00000	0	0.00000	0
463	P	1.00000	0	0.00000	0
464	G	1.00000	0	0.00000	0
465	F	1.00000	0	0.00000	0
466	N	1.00000	0	0.00000	0
467	S	1.00000	0	0.00000	0
468	E	1.00000	0	0.00000	0
469	S	1.00000	0	0.00000	0
470	K	1.00000	0	0.00000	0
471	V	1.00000	0	0.00000	0
