# UNNAMED
#pos	aa	i	o	M	S
1	M	0.00000	0.99053	0.00000	0.00947
2	M	0.00000	0.99053	0.00000	0.00947
3	S	0.00000	0.99053	0.00000	0.00947
4	T	0.00000	0.43608	0.55446	0.00947
5	L	0.00000	0.32403	0.66650	0.00947
6	S	0.00000	0.24333	0.74720	0.00947
7	S	0.00000	0.14172	0.84882	0.00947
8	T	0.00000	0.0335	0.95703	0.00947
9	G	0.00000	0.01607	0.97446	0.00946
10	I	0.00000	0.00495	0.98558	0.00947
11	L	0.00000	0.00384	0.98669	0.00947
12	L	0.00000	0.00354	0.98699	0.00947
13	S	0.00000	0.00349	0.98704	0.00947
14	L	0.00000	0.00347	0.98706	0.00946
15	T	0.00000	0.00347	0.98707	0.00946
16	T	0.00000	0.00347	0.98707	0.00946
17	V	0.00000	0.00375	0.98707	0.00918
18	S	0.00000	0.00376	0.98707	0.00917
19	V	0.00000	0.00376	0.98707	0.00917
20	T	0.00000	0.00377	0.98707	0.00917
21	L	0.00046	0.00377	0.98660	0.00916
22	D	0.23821	0.01187	0.74886	0.00106
23	F	0.25033	0.01191	0.73674	0.00103
24	S	0.54220	0.01191	0.44487	0.00102
25	L	0.56928	0.01191	0.41779	0.00102
26	H	0.69859	0.01191	0.28847	0.00102
27	G	0.80713	0.01191	0.17994	0.00102
28	G	0.72856	0.01293	0.25851	0
29	L	0.49756	0.01293	0.48951	0
30	M	0.43098	0.01293	0.55609	0
31	A	0.43549	0.01293	0.55158	0
32	W	0.43013	0.01293	0.55693	0
33	S	0.40236	0.01293	0.58471	0
34	L	0.09887	0.01293	0.88820	0
35	S	0.08724	0.01293	0.89983	0
36	S	0.06611	0.01293	0.92096	0
37	N	0.04237	0.01293	0.94470	0
38	L	0.00930	0.01293	0.97777	0
39	T	0.00787	0.01293	0.97919	0
40	L	0.00000	0.01293	0.98707	0
41	N	0.00000	0.01293	0.98707	0
42	Q	0.00000	0.01293	0.98707	0
43	S	0.00000	0.01293	0.98707	0
44	L	0.00000	0.01294	0.98706	0
45	P	0.00000	0.01337	0.98663	0
46	T	0.00000	0.02587	0.97413	0
47	S	0.00000	0.18308	0.81692	0
48	D	0.00000	0.22642	0.77358	0
49	P	0.00000	0.27236	0.72764	0
50	L	0.00000	0.56357	0.43643	0
51	N	0.00000	0.56538	0.43462	0
52	A	0.00000	0.56684	0.43316	0
53	S	0.00000	0.63231	0.36769	0
54	E	0.00000	0.94246	0.05754	0
55	K	0.00000	0.94262	0.05738	0
56	G	0.00000	0.9433	0.05670	0
57	E	0.00000	0.94936	0.05064	0
58	V	0.00000	0.95132	0.04868	0
59	S	0.00000	0.98927	0.01073	0
60	R	0.00000	0.99984	0.00016	0
61	M	0.00000	0.99991	0.00009	0
62	S	0.00000	0.99999	0.00001	0
63	V	0.00000	1	0.00000	0
64	R	0.00000	1	0.00000	0
65	E	0.00000	1	0.00000	0
66	K	0.00000	0.99999	0.00001	0
67	N	0.00000	0.99979	0.00021	0
68	W	0.00000	0.99515	0.00485	0
69	P	0.00000	0.99063	0.00937	0
70	A	0.00000	0.90845	0.09155	0
71	L	0.00000	0.6096	0.39040	0
72	L	0.00000	0.30918	0.69082	0
73	I	0.00000	0.06674	0.93326	0
74	L	0.00000	0.01306	0.98694	0
75	V	0.00000	0.00119	0.99881	0
76	I	0.00000	0.00031	0.99969	0
77	I	0.00000	3e-05	0.99997	0
78	L	0.00000	0	1.00000	0
79	L	0.00000	0	1.00000	0
80	T	0.00000	0	1.00000	0
81	I	0.00000	0	1.00000	0
82	G	0.00000	0	1.00000	0
83	G	0.00000	0	1.00000	0
84	N	0.00000	0	1.00000	0
85	I	0.00000	0	1.00000	0
86	L	0.00000	0	1.00000	0
87	V	0.00000	0	1.00000	0
88	I	0.00003	0	0.99997	0
89	M	0.00218	0	0.99782	0
90	A	0.00473	0	0.99527	0
91	V	0.00759	0	0.99241	0
92	S	0.01647	0	0.98353	0
93	L	0.02056	0	0.97944	0
94	E	0.02491	0	0.97509	0
95	K	0.33667	0	0.66333	0
96	K	0.76498	0	0.23502	0
97	L	0.83102	0	0.16898	0
98	Q	0.95170	0	0.04830	0
99	N	0.99951	0	0.00049	0
100	A	0.99966	0	0.00034	0
101	T	0.99924	0	0.00076	0
102	N	0.98909	0	0.01091	0
103	F	0.98718	0	0.01282	0
104	F	0.98671	0	0.01329	0
105	L	0.98648	0	0.01352	0
106	M	0.98625	0	0.01375	0
107	S	0.98570	0	0.01430	0
108	L	0.98069	0	0.01931	0
109	A	0.97424	0	0.02576	0
110	V	0.94842	0	0.05158	0
111	A	0.92908	0	0.07092	0
112	D	0.92210	0	0.07790	0
113	M	0.62783	0	0.37217	0
114	L	0.13333	0	0.86667	0
115	V	0.02750	6e-05	0.97244	0
116	G	0.00274	0.00014	0.99712	0
117	I	0.00032	0.00024	0.99944	0
118	L	0.00001	0.00027	0.99972	0
119	V	0.00000	0.00028	0.99972	0
120	M	0.00000	0.00029	0.99971	0
121	P	0.00000	0.00063	0.99937	0
122	V	0.00000	0.00157	0.99843	0
123	S	0.00000	0.00469	0.99531	0
124	L	0.00000	0.00589	0.99411	0
125	I	0.00000	0.00836	0.99164	0
126	A	0.00000	0.01288	0.98712	0
127	V	0.00000	0.01291	0.98709	0
128	L	0.00000	0.01323	0.98677	0
129	Y	0.00000	0.01715	0.98285	0
130	G	0.00000	0.02717	0.97283	0
131	I	0.00000	0.03369	0.96631	0
132	S	0.00000	0.05315	0.94685	0
133	M	0.00000	0.07556	0.92444	0
134	P	0.00000	0.43119	0.56881	0
135	I	0.00000	0.48362	0.51638	0
136	P	0.00000	0.82341	0.17659	0
137	V	0.00000	0.88387	0.11613	0
138	I	0.00000	0.95597	0.04403	0
139	G	0.00000	0.99057	0.00943	0
140	L	0.00000	0.99462	0.00538	0
141	Q	0.00000	0.99043	0.00957	0
142	D	0.00000	0.98733	0.01267	0
143	D	0.00000	0.98708	0.01292	0
144	S	0.00000	0.98707	0.01293	0
145	R	0.00003	0.98707	0.01290	0
146	V	0.00022	0.98707	0.01272	0
147	F	0.00027	0.98707	0.01266	0
148	I	0.00027	0.98707	0.01266	0
149	N	0.00027	0.98707	0.01266	0
150	G	0.00028	0.98707	0.01266	0
151	T	0.00028	0.98707	0.01266	0
152	C	0.00028	0.98707	0.01266	0
153	V	0.00028	0.98707	0.01266	0
154	L	0.00028	0.98707	0.01266	0
155	N	0.00028	0.98707	0.01266	0
156	D	0.00028	0.98707	0.01266	0
157	E	0.00028	0.98688	0.01284	0
158	N	0.00076	0.75583	0.24342	0
159	F	0.00089	0.02564	0.97347	0
160	V	0.00494	0.01932	0.97574	0
161	L	0.01274	0.00114	0.98613	0
162	I	0.01276	0.00032	0.98692	0
163	G	0.01277	0.00026	0.98697	0
164	S	0.01277	0.00015	0.98709	0
165	F	0.01268	9e-05	0.98723	0
166	M	0.01266	0	0.98734	0
167	A	0.01266	0	0.98734	0
168	F	0.01266	0	0.98734	0
169	F	0.01265	0	0.98735	0
170	I	0.01264	0	0.98736	0
171	P	0.01261	0	0.98739	0
172	L	0.00929	0	0.99071	0
173	I	0.00563	0	0.99437	0
174	I	0.00415	0	0.99585	0
175	M	0.00176	0	0.99824	0
176	V	0.00010	0	0.99990	0
177	I	0.00001	0	0.99999	0
178	T	0.00001	0	0.99999	0
179	Y	0.00002	2e-05	0.99996	0
180	C	0.00085	0.0001	0.99905	0
181	L	0.02033	0.0001	0.97957	0
182	T	0.20827	0.00013	0.79160	0
183	V	0.29079	0.00014	0.70907	0
184	Q	0.96721	0.00015	0.03264	0
185	V	0.96939	0.00016	0.03045	0
186	L	0.97550	0.00018	0.02433	0
187	Q	0.98686	0.00027	0.01288	0
188	R	0.98706	0.00028	0.01266	0
189	Q	0.98707	0.00028	0.01265	0
190	A	0.98707	0.00028	0.01265	0
191	T	0.98707	0.00039	0.01254	0
192	V	0.98707	0.00108	0.01185	0
193	F	0.98707	0.00431	0.00862	0
194	M	0.98707	0.00549	0.00744	0
195	C	0.98707	0.01118	0.00175	0
196	G	0.98707	0.01225	0.00068	0
197	E	0.98707	0.01288	0.00006	0
198	V	0.98707	0.0129	0.00004	0
199	P	0.98707	0.01293	0.00000	0
200	K	0.98707	0.01293	0.00000	0
201	Q	0.98707	0.01293	0.00000	0
202	R	0.98707	0.01293	0.00000	0
203	R	0.98707	0.01293	0.00000	0
204	S	0.98707	0.01293	0.00000	0
205	S	0.98707	0.01293	0.00000	0
206	V	0.98707	0.01293	0.00000	0
207	N	0.98707	0.01293	0.00000	0
208	C	0.98707	0.01293	0.00000	0
209	L	0.98707	0.01293	0.00000	0
210	K	0.98707	0.01293	0.00000	0
211	K	0.98707	0.01293	0.00000	0
212	E	0.98707	0.01293	0.00000	0
213	N	0.98707	0.01293	0.00000	0
214	N	0.98707	0.01293	0.00000	0
215	T	0.98707	0.01293	0.00000	0
216	E	0.98707	0.01293	0.00000	0
217	N	0.98707	0.01288	0.00005	0
218	I	0.98707	0.01226	0.00067	0
219	S	0.98707	0.01159	0.00134	0
220	M	0.98707	2e-05	0.01291	0
221	L	0.98707	0	0.01293	0
222	H	0.98707	0	0.01293	0
223	N	0.98707	0	0.01293	0
224	H	0.98707	0	0.01293	0
225	E	0.98707	0	0.01293	0
226	G	0.98707	0	0.01293	0
227	A	0.98707	0	0.01293	0
228	S	0.98707	0	0.01293	0
229	H	0.98707	0	0.01293	0
230	L	0.98707	0	0.01293	0
231	N	0.98707	0	0.01293	0
232	S	0.98707	0	0.01293	0
233	P	0.98707	0	0.01293	0
234	V	0.98707	0	0.01293	0
235	N	0.98707	0	0.01293	0
236	K	0.98707	0	0.01293	0
237	E	0.98707	0	0.01293	0
238	A	0.98707	0	0.01293	0
239	V	0.98707	0	0.01293	0
240	L	0.98711	0	0.01289	0
241	F	0.98922	0	0.01078	0
242	R	0.99875	0	0.00125	0
243	K	0.99992	0	0.00008	0
244	G	0.99998	0	0.00002	0
245	T	1.00000	0	0.00000	0
246	M	1.00000	0	0.00000	0
247	Q	1.00000	0	0.00000	0
248	S	1.00000	0	0.00000	0
249	I	1.00000	0	0.00000	0
250	N	1.00000	0	0.00000	0
251	N	1.00000	0	0.00000	0
252	E	1.00000	0	0.00000	0
253	R	0.99577	0	0.00423	0
254	R	0.99535	0	0.00465	0
255	A	0.42635	0	0.57365	0
256	S	0.42343	0	0.57657	0
257	K	0.05489	0	0.94511	0
258	V	0.00589	0	0.99411	0
259	L	0.00069	0	0.99931	0
260	G	0.00059	0	0.99941	0
261	I	0.00001	0	0.99999	0
262	V	0.00000	0	1.00000	0
263	F	0.00000	0	1.00000	0
264	F	0.00000	0	1.00000	0
265	L	0.00000	0	1.00000	0
266	F	0.00000	0	1.00000	0
267	L	0.00000	0	1.00000	0
268	I	0.00000	0	1.00000	0
269	M	0.00000	0	1.00000	0
270	W	0.00000	0	1.00000	0
271	C	0.00000	0	1.00000	0
272	P	0.00000	0	1.00000	0
273	F	0.00000	0	1.00000	0
274	F	0.00000	1e-05	0.99999	0
275	I	0.00000	0.00013	0.99987	0
276	T	0.00000	0.002	0.99800	0
277	N	0.00000	0.02612	0.97388	0
278	V	0.00000	0.03716	0.96284	0
279	M	0.00000	0.07028	0.92972	0
280	S	0.00000	0.25397	0.74603	0
281	V	0.00000	0.34016	0.65984	0
282	L	0.00000	0.51483	0.48517	0
283	C	0.00000	0.9648	0.03520	0
284	K	0.00000	0.99985	0.00015	0
285	E	0.00000	0.99999	0.00001	0
286	A	0.00000	1	0.00000	0
287	C	0.00000	1	0.00000	0
288	D	0.00000	1	0.00000	0
289	K	0.00000	1	0.00000	0
290	D	0.00000	1	0.00000	0
291	L	0.00000	0.99988	0.00012	0
292	L	0.00000	0.99975	0.00025	0
293	S	0.00000	0.99972	0.00028	0
294	E	0.00000	0.99882	0.00118	0
295	L	0.00000	0.99438	0.00562	0
296	L	0.00000	0.99205	0.00795	0
297	D	0.00000	0.94872	0.05128	0
298	V	0.00000	0.00681	0.99319	0
299	F	0.00000	0.00026	0.99974	0
300	V	0.00000	0	1.00000	0
301	W	0.00000	0	1.00000	0
302	V	0.00000	0	1.00000	0
303	G	0.00000	0	1.00000	0
304	Y	0.00000	0	1.00000	0
305	V	0.00000	0	1.00000	0
306	C	0.00000	0	1.00000	0
307	S	0.00000	0	1.00000	0
308	G	0.00000	0	1.00000	0
309	I	0.00000	0	1.00000	0
310	N	0.00000	0	1.00000	0
311	P	0.00000	0	1.00000	0
312	L	0.00000	0	1.00000	0
313	V	0.00000	0	1.00000	0
314	Y	0.00001	0	0.99999	0
315	T	0.00002	0	0.99998	0
316	L	0.00018	0	0.99982	0
317	F	0.03602	0	0.96398	0
318	N	0.48815	0	0.51185	0
319	K	1.00000	0	0.00000	0
320	T	1.00000	0	0.00000	0
321	Y	1.00000	0	0.00000	0
322	R	1.00000	0	0.00000	0
323	R	1.00000	0	0.00000	0
324	A	1.00000	0	0.00000	0
325	F	1.00000	0	0.00000	0
326	S	1.00000	0	0.00000	0
327	N	1.00000	0	0.00000	0
328	Y	1.00000	0	0.00000	0
329	I	1.00000	0	0.00000	0
330	R	1.00000	0	0.00000	0
331	C	1.00000	0	0.00000	0
332	Q	1.00000	0	0.00000	0
333	Y	1.00000	0	0.00000	0
334	K	1.00000	0	0.00000	0
335	T	1.00000	0	0.00000	0
336	S	1.00000	0	0.00000	0
337	K	1.00000	0	0.00000	0
338	K	1.00000	0	0.00000	0
339	S	1.00000	0	0.00000	0
340	A	1.00000	0	0.00000	0
341	L	1.00000	0	0.00000	0
342	R	1.00000	0	0.00000	0
343	Q	1.00000	0	0.00000	0
344	N	1.00000	0	0.00000	0
345	Q	1.00000	0	0.00000	0
346	C	1.00000	0	0.00000	0
347	L	1.00000	0	0.00000	0
348	N	1.00000	0	0.00000	0
349	V	1.00000	0	0.00000	0
350	A	1.00000	0	0.00000	0
351	S	1.00000	0	0.00000	0
352	T	1.00000	0	0.00000	0
353	A	1.00000	0	0.00000	0
354	L	1.00000	0	0.00000	0
355	Y	1.00000	0	0.00000	0
356	G	1.00000	0	0.00000	0
357	K	1.00000	0	0.00000	0
358	D	1.00000	0	0.00000	0
359	L	1.00000	0	0.00000	0
360	T	1.00000	0	0.00000	0
361	L	1.00000	0	0.00000	0
362	T	1.00000	0	0.00000	0
363	S	1.00000	0	0.00000	0
364	Y	1.00000	0	0.00000	0
365	R	1.00000	0	0.00000	0
366	N	1.00000	0	0.00000	0
367	G	1.00000	0	0.00000	0
368	N	1.00000	0	0.00000	0
369	E	1.00000	0	0.00000	0
370	L	1.00000	0	0.00000	0
371	N	1.00000	0	0.00000	0
372	S	1.00000	0	0.00000	0
373	M	1.00000	0	0.00000	0
374	E	1.00000	0	0.00000	0
375	L	1.00000	0	0.00000	0
376	D	1.00000	0	0.00000	0
377	E	1.00000	0	0.00000	0
378	A	1.00000	0	0.00000	0
379	E	1.00000	0	0.00000	0
380	E	1.00000	0	0.00000	0
381	G	1.00000	0	0.00000	0
382	L	1.00000	0	0.00000	0
383	V	1.00000	0	0.00000	0
384	M	1.00000	0	0.00000	0
385	Q	1.00000	0	0.00000	0
386	P	1.00000	0	0.00000	0
387	G	1.00000	0	0.00000	0
388	T	1.00000	0	0.00000	0
389	S	1.00000	0	0.00000	0
390	E	1.00000	0	0.00000	0
391	L	1.00000	0	0.00000	0
392	S	1.00000	0	0.00000	0
393	I	1.00000	0	0.00000	0
394	N	1.00000	0	0.00000	0
395	S	1.00000	0	0.00000	0
396	C	1.00000	0	0.00000	0
397	N	1.00000	0	0.00000	0
398	V	1.00000	0	0.00000	0
399	V	1.00000	0	0.00000	0
400	S	1.00000	0	0.00000	0
401	E	1.00000	0	0.00000	0
402	R	1.00000	0	0.00000	0
403	V	1.00000	0	0.00000	0
404	S	1.00000	0	0.00000	0
405	C	1.00000	0	0.00000	0
406	V	1.00000	0	0.00000	0
