# UNNAMED
#pos	aa	i	o	M	S
1	M	0.00000	1	0.00000	0
2	N	0.00000	1	0.00000	0
3	F	0.00000	1	0.00000	0
4	S	0.00000	1	0.00000	0
5	V	0.00000	1	0.00000	0
6	N	0.00000	1	0.00000	0
7	Q	0.00000	1	0.00000	0
8	N	0.00000	1	0.00000	0
9	G	0.00000	1	0.00000	0
10	S	0.00000	1	0.00000	0
11	L	0.00000	1	0.00000	0
12	N	0.00000	1	0.00000	0
13	E	0.00000	1	0.00000	0
14	S	0.00000	1	0.00000	0
15	E	0.00000	1	0.00000	0
16	I	0.00000	1	0.00000	0
17	H	0.00000	1	0.00000	0
18	D	0.00000	1	0.00000	0
19	P	0.00000	1	0.00000	0
20	L	0.00000	0.99999	0.00001	0
21	G	0.00000	0.99998	0.00002	0
22	G	0.00000	0.99658	0.00342	0
23	H	0.00000	0.99319	0.00681	0
24	A	0.00000	0.98232	0.01768	0
25	V	0.00000	0.95249	0.04751	0
26	W	0.00000	0.9401	0.05990	0
27	E	0.00000	0.93159	0.06841	0
28	V	0.00000	0.53034	0.46966	0
29	T	0.00000	0.40768	0.59232	0
30	L	0.00000	0.20936	0.79064	0
31	I	0.00000	0.01201	0.98799	0
32	V	0.00000	0.00268	0.99732	0
33	L	0.00000	0.00044	0.99956	0
34	T	0.00000	4e-05	0.99996	0
35	T	0.00000	1e-05	0.99999	0
36	G	0.00000	0	1.00000	0
37	V	0.00000	0	1.00000	0
38	L	0.00000	0	1.00000	0
39	S	0.00000	0	1.00000	0
40	L	0.00000	0	1.00000	0
41	I	0.00000	0	1.00000	0
42	T	0.00000	0	1.00000	0
43	I	0.00000	0	1.00000	0
44	I	0.00000	0	1.00000	0
45	G	0.00000	0	1.00000	0
46	N	0.00000	0	1.00000	0
47	L	0.00000	0	1.00000	0
48	L	0.00001	0	0.99999	0
49	V	0.00006	0	0.99994	0
50	I	0.00027	0	0.99973	0
51	F	0.01266	0	0.98734	0
52	S	0.50020	0	0.49980	0
53	F	0.58603	0	0.41397	0
54	K	0.98927	0	0.01073	0
55	V	0.99516	0	0.00484	0
56	N	0.99989	0	0.00011	0
57	S	0.99998	0	0.00002	0
58	D	0.99998	0	0.00002	0
59	L	0.99984	0	0.00016	0
60	K	0.99953	0	0.00047	0
61	T	0.93856	0	0.06144	0
62	I	0.34665	0	0.65335	0
63	S	0.29750	0	0.70250	0
64	N	0.05345	0	0.94655	0
65	Y	0.02038	0	0.97962	0
66	F	0.00038	0	0.99962	0
67	L	0.00006	0	0.99994	0
68	L	0.00000	0	1.00000	0
69	S	0.00000	0	1.00000	0
70	L	0.00000	0	1.00000	0
71	A	0.00000	0	1.00000	0
72	F	0.00000	0	1.00000	0
73	A	0.00000	0	1.00000	0
74	D	0.00000	0	1.00000	0
75	L	0.00000	0	1.00000	0
76	I	0.00000	0	1.00000	0
77	I	0.00000	0	1.00000	0
78	G	0.00000	0	1.00000	0
79	V	0.00000	1e-05	0.99999	0
80	M	0.00000	0.00223	0.99777	0
81	S	0.00000	0.14315	0.85685	0
82	M	0.00000	0.20977	0.79023	0
83	N	0.00000	0.6682	0.33180	0
84	L	0.00000	0.69976	0.30024	0
85	Y	0.00000	0.7947	0.20530	0
86	T	0.00000	0.81881	0.18119	0
87	T	0.00000	0.86344	0.13656	0
88	Y	0.00000	0.8733	0.12670	0
89	I	0.00000	0.87862	0.12138	0
90	I	0.00000	0.8956	0.10440	0
91	M	0.00000	0.92145	0.07855	0
92	D	0.00000	0.99737	0.00263	0
93	R	0.00000	0.99984	0.00016	0
94	W	0.00000	0.99996	0.00004	0
95	A	0.00000	0.99999	0.00001	0
96	M	0.00000	1	0.00000	0
97	G	0.00000	1	0.00000	0
98	T	0.00000	1	0.00000	0
99	L	0.00000	0.99996	0.00004	0
100	A	0.00000	0.99996	0.00004	0
101	C	0.00000	0.99995	0.00005	0
102	D	0.00000	0.99984	0.00016	0
103	L	0.00000	0.99924	0.00076	0
104	W	0.00000	0.94075	0.05925	0
105	L	0.00000	0.43442	0.56558	0
106	A	0.00000	0.09424	0.90576	0
107	L	0.00000	0.00317	0.99683	0
108	D	0.00000	0.00011	0.99989	0
109	Y	0.00000	1e-05	0.99999	0
110	V	0.00000	0	1.00000	0
111	A	0.00000	0	1.00000	0
112	S	0.00000	0	1.00000	0
113	N	0.00000	0	1.00000	0
114	A	0.00000	0	1.00000	0
115	S	0.00000	0	1.00000	0
116	V	0.00000	0	1.00000	0
117	M	0.00000	0	1.00000	0
118	N	0.00000	0	1.00000	0
119	L	0.00000	0	1.00000	0
120	L	0.00000	0	1.00000	0
121	I	0.00000	0	1.00000	0
122	I	0.00000	0	1.00000	0
123	S	0.00000	0	1.00000	0
124	F	0.00000	0	1.00000	0
125	D	0.00014	0	0.99986	0
126	R	0.08072	0	0.91928	0
127	Y	0.29035	0	0.70965	0
128	F	0.65305	0	0.34695	0
129	S	0.92652	0	0.07348	0
130	V	0.99998	0	0.00002	0
131	T	1.00000	0	0.00000	0
132	R	1.00000	0	0.00000	0
133	P	1.00000	0	0.00000	0
134	L	1.00000	0	0.00000	0
135	S	1.00000	0	0.00000	0
136	Y	1.00000	0	0.00000	0
137	R	1.00000	0	0.00000	0
138	A	1.00000	0	0.00000	0
139	K	1.00000	0	0.00000	0
140	R	1.00000	0	0.00000	0
141	T	1.00000	0	0.00000	0
142	P	0.99999	0	0.00001	0
143	K	0.99976	0	0.00024	0
144	R	0.97775	0	0.02225	0
145	A	0.14774	0	0.85226	0
146	A	0.03701	0	0.96299	0
147	I	0.00254	0	0.99746	0
148	M	0.00068	0	0.99932	0
149	I	0.00001	0	0.99999	0
150	G	0.00000	0	1.00000	0
151	L	0.00000	0	1.00000	0
152	A	0.00000	0	1.00000	0
153	W	0.00000	0	1.00000	0
154	S	0.00000	0	1.00000	0
155	I	0.00000	0	1.00000	0
156	S	0.00000	0	1.00000	0
157	F	0.00000	0	1.00000	0
158	I	0.00000	0	1.00000	0
159	L	0.00000	0	1.00000	0
160	W	0.00000	0	1.00000	0
161	A	0.00000	0	1.00000	0
162	P	0.00000	0	1.00000	0
163	A	0.00000	1e-05	0.99999	0
164	I	0.00000	0.00044	0.99956	0
165	L	0.00000	0.01183	0.98817	0
166	F	0.00000	0.13446	0.86554	0
167	W	0.00000	0.50876	0.49124	0
168	Q	0.00000	0.97402	0.02598	0
169	Y	0.00000	0.99052	0.00948	0
170	I	0.00000	0.99557	0.00443	0
171	V	0.00000	0.99878	0.00122	0
172	G	0.00000	0.99995	0.00005	0
173	E	0.00000	1	0.00000	0
174	R	0.00000	1	0.00000	0
175	T	0.00000	1	0.00000	0
176	V	0.00000	1	0.00000	0
177	K	0.00000	1	0.00000	0
178	D	0.00000	1	0.00000	0
179	G	0.00000	1	0.00000	0
180	K	0.00000	1	0.00000	0
181	C	0.00000	1	0.00000	0
182	S	0.00000	0.99999	0.00001	0
183	I	0.00000	0.9959	0.00410	0
184	Q	0.00000	0.99499	0.00501	0
185	F	0.00000	0.99476	0.00524	0
186	L	0.00000	0.99461	0.00539	0
187	S	0.00000	0.99425	0.00575	0
188	E	0.00000	0.99379	0.00621	0
189	P	0.00000	0.33736	0.66264	0
190	I	0.00000	0.10582	0.89418	0
191	I	0.00000	0.03816	0.96184	0
192	T	0.00000	0.03028	0.96972	0
193	F	0.00000	0.0038	0.99620	0
194	G	0.00000	0.00118	0.99882	0
195	T	0.00000	0.00054	0.99946	0
196	A	0.00000	0	1.00000	0
197	I	0.00000	0	1.00000	0
198	A	0.00000	0	1.00000	0
199	A	0.00000	0	1.00000	0
200	F	0.00000	0	1.00000	0
201	Y	0.00000	0	1.00000	0
202	L	0.00000	0	1.00000	0
203	P	0.00000	0	1.00000	0
204	V	0.00000	0	1.00000	0
205	T	0.00000	0	0.99999	0
206	I	0.00001	0	0.99999	0
207	M	0.00002	0	0.99998	0
208	T	0.00003	0	0.99997	0
209	I	0.00008	0	0.99992	0
210	L	0.00020	0	0.99979	0
211	Y	0.00100	0	0.99900	0
212	W	0.00981	0	0.99019	0
213	R	0.26013	0	0.73987	0
214	I	0.29366	0	0.70634	0
215	Y	0.42347	0	0.57653	0
216	R	0.99578	0	0.00422	0
217	E	0.99991	0	0.00009	0
218	T	1.00000	0	0.00000	0
219	E	1.00000	0	0.00000	0
220	N	1.00000	0	0.00000	0
221	R	1.00000	0	0.00000	0
222	T	1.00000	0	0.00000	0
223	K	1.00000	0	0.00000	0
224	E	1.00000	0	0.00000	0
225	L	1.00000	0	0.00000	0
226	A	1.00000	0	0.00000	0
227	A	1.00000	0	0.00000	0
228	L	1.00000	0	0.00000	0
229	Q	1.00000	0	0.00000	0
230	G	1.00000	0	0.00000	0
231	S	1.00000	0	0.00000	0
232	E	1.00000	0	0.00000	0
233	M	1.00000	0	0.00000	0
234	K	1.00000	0	0.00000	0
235	S	1.00000	0	0.00000	0
236	V	1.00000	0	0.00000	0
237	I	1.00000	0	0.00000	0
238	R	1.00000	0	0.00000	0
239	P	1.00000	0	0.00000	0
240	S	1.00000	0	0.00000	0
241	G	1.00000	0	0.00000	0
242	S	1.00000	0	0.00000	0
243	T	1.00000	0	0.00000	0
244	K	1.00000	0	0.00000	0
245	S	1.00000	0	0.00000	0
246	N	1.00000	0	0.00000	0
247	N	1.00000	0	0.00000	0
248	S	1.00000	0	0.00000	0
249	C	1.00000	0	0.00000	0
250	E	1.00000	0	0.00000	0
251	S	1.00000	0	0.00000	0
252	P	1.00000	0	0.00000	0
253	Q	1.00000	0	0.00000	0
254	A	1.00000	0	0.00000	0
255	E	1.00000	0	0.00000	0
256	N	1.00000	0	0.00000	0
257	G	1.00000	0	0.00000	0
258	I	1.00000	0	0.00000	0
259	H	1.00000	0	0.00000	0
260	T	1.00000	0	0.00000	0
261	P	1.00000	0	0.00000	0
262	P	1.00000	0	0.00000	0
263	E	1.00000	0	0.00000	0
264	G	1.00000	0	0.00000	0
265	E	1.00000	0	0.00000	0
266	N	1.00000	0	0.00000	0
267	R	1.00000	0	0.00000	0
268	C	1.00000	0	0.00000	0
269	C	1.00000	0	0.00000	0
270	F	1.00000	0	0.00000	0
271	F	1.00000	0	0.00000	0
272	S	1.00000	0	0.00000	0
273	S	1.00000	0	0.00000	0
274	K	1.00000	0	0.00000	0
275	G	1.00000	0	0.00000	0
276	H	1.00000	0	0.00000	0
277	K	1.00000	0	0.00000	0
278	L	1.00000	0	0.00000	0
279	P	1.00000	0	0.00000	0
280	H	1.00000	0	0.00000	0
281	K	1.00000	0	0.00000	0
282	S	1.00000	0	0.00000	0
283	Y	1.00000	0	0.00000	0
284	M	1.00000	0	0.00000	0
285	E	1.00000	0	0.00000	0
286	H	1.00000	0	0.00000	0
287	S	1.00000	0	0.00000	0
288	S	1.00000	0	0.00000	0
289	T	1.00000	0	0.00000	0
290	G	1.00000	0	0.00000	0
291	S	1.00000	0	0.00000	0
292	W	1.00000	0	0.00000	0
293	N	1.00000	0	0.00000	0
294	N	1.00000	0	0.00000	0
295	T	1.00000	0	0.00000	0
296	E	1.00000	0	0.00000	0
297	E	1.00000	0	0.00000	0
298	E	1.00000	0	0.00000	0
299	E	1.00000	0	0.00000	0
300	T	1.00000	0	0.00000	0
301	S	1.00000	0	0.00000	0
302	E	1.00000	0	0.00000	0
303	H	1.00000	0	0.00000	0
304	S	1.00000	0	0.00000	0
305	T	1.00000	0	0.00000	0
306	S	1.00000	0	0.00000	0
307	S	1.00000	0	0.00000	0
308	V	1.00000	0	0.00000	0
309	E	1.00000	0	0.00000	0
310	D	1.00000	0	0.00000	0
311	D	1.00000	0	0.00000	0
312	P	1.00000	0	0.00000	0
313	T	1.00000	0	0.00000	0
314	T	1.00000	0	0.00000	0
315	S	1.00000	0	0.00000	0
316	T	1.00000	0	0.00000	0
317	V	1.00000	0	0.00000	0
318	L	1.00000	0	0.00000	0
319	L	1.00000	0	0.00000	0
320	E	1.00000	0	0.00000	0
321	C	1.00000	0	0.00000	0
322	P	1.00000	0	0.00000	0
323	L	1.00000	0	0.00000	0
324	I	1.00000	0	0.00000	0
325	D	1.00000	0	0.00000	0
326	P	1.00000	0	0.00000	0
327	G	1.00000	0	0.00000	0
328	A	1.00000	0	0.00000	0
329	P	1.00000	0	0.00000	0
330	P	1.00000	0	0.00000	0
331	L	1.00000	0	0.00000	0
332	S	1.00000	0	0.00000	0
333	E	1.00000	0	0.00000	0
334	T	1.00000	0	0.00000	0
335	T	1.00000	0	0.00000	0
336	A	1.00000	0	0.00000	0
337	E	1.00000	0	0.00000	0
338	G	1.00000	0	0.00000	0
339	N	1.00000	0	0.00000	0
340	S	1.00000	0	0.00000	0
341	G	1.00000	0	0.00000	0
342	S	1.00000	0	0.00000	0
343	F	1.00000	0	0.00000	0
344	K	1.00000	0	0.00000	0
345	Q	1.00000	0	0.00000	0
346	T	1.00000	0	0.00000	0
347	L	1.00000	0	0.00000	0
348	P	1.00000	0	0.00000	0
349	G	1.00000	0	0.00000	0
350	R	1.00000	0	0.00000	0
351	A	1.00000	0	0.00000	0
352	R	1.00000	0	0.00000	0
353	M	1.00000	0	0.00000	0
354	E	1.00000	0	0.00000	0
355	V	1.00000	0	0.00000	0
356	L	1.00000	0	0.00000	0
357	S	1.00000	0	0.00000	0
358	D	1.00000	0	0.00000	0
359	S	1.00000	0	0.00000	0
360	N	1.00000	0	0.00000	0
361	S	1.00000	0	0.00000	0
362	K	1.00000	0	0.00000	0
363	E	1.00000	0	0.00000	0
364	T	1.00000	0	0.00000	0
365	S	1.00000	0	0.00000	0
366	W	1.00000	0	0.00000	0
367	C	1.00000	0	0.00000	0
368	K	1.00000	0	0.00000	0
369	I	1.00000	0	0.00000	0
370	L	1.00000	0	0.00000	0
371	N	1.00000	0	0.00000	0
372	K	1.00000	0	0.00000	0
373	T	1.00000	0	0.00000	0
374	K	1.00000	0	0.00000	0
375	A	1.00000	0	0.00000	0
376	E	1.00000	0	0.00000	0
377	V	1.00000	0	0.00000	0
378	L	1.00000	0	0.00000	0
379	S	1.00000	0	0.00000	0
380	N	1.00000	0	0.00000	0
381	N	1.00000	0	0.00000	0
382	D	1.00000	0	0.00000	0
383	S	1.00000	0	0.00000	0
384	R	1.00000	0	0.00000	0
385	K	1.00000	0	0.00000	0
386	S	1.00000	0	0.00000	0
387	S	1.00000	0	0.00000	0
388	P	1.00000	0	0.00000	0
389	L	1.00000	0	0.00000	0
390	K	1.00000	0	0.00000	0
391	A	1.00000	0	0.00000	0
392	S	1.00000	0	0.00000	0
393	S	1.00000	0	0.00000	0
394	L	1.00000	0	0.00000	0
395	N	1.00000	0	0.00000	0
396	S	1.00000	0	0.00000	0
397	L	1.00000	0	0.00000	0
398	S	1.00000	0	0.00000	0
399	L	1.00000	0	0.00000	0
400	R	1.00000	0	0.00000	0
401	D	1.00000	0	0.00000	0
402	K	1.00000	0	0.00000	0
403	S	1.00000	0	0.00000	0
404	E	1.00000	0	0.00000	0
405	A	1.00000	0	0.00000	0
406	S	1.00000	0	0.00000	0
407	K	1.00000	0	0.00000	0
408	E	1.00000	0	0.00000	0
409	K	1.00000	0	0.00000	0
410	T	1.00000	0	0.00000	0
411	Q	1.00000	0	0.00000	0
412	V	1.00000	0	0.00000	0
413	V	1.00000	0	0.00000	0
414	K	1.00000	0	0.00000	0
415	K	1.00000	0	0.00000	0
416	K	1.00000	0	0.00000	0
417	R	1.00000	0	0.00000	0
418	L	1.00000	0	0.00000	0
419	R	1.00000	0	0.00000	0
420	I	1.00000	0	0.00000	0
421	I	1.00000	0	0.00000	0
422	K	1.00000	0	0.00000	0
423	E	1.00000	0	0.00000	0
424	K	0.97113	0	0.02887	0
425	K	0.96960	0	0.03040	0
426	A	0.13559	0	0.86441	0
427	A	0.07002	0	0.92998	0
428	K	0.06387	0	0.93613	0
429	T	0.05877	0	0.94123	0
430	L	0.05212	0	0.94788	0
431	S	0.01399	0	0.98601	0
432	A	0.00133	0	0.99867	0
433	I	0.00011	0	0.99989	0
434	L	0.00008	0	0.99992	0
435	L	0.00000	0	1.00000	0
436	A	0.00000	0	1.00000	0
437	F	0.00000	0	1.00000	0
438	I	0.00000	0	1.00000	0
439	L	0.00000	0	1.00000	0
440	T	0.00000	0	1.00000	0
441	W	0.00000	0	1.00000	0
442	T	0.00000	0	1.00000	0
443	P	0.00000	0	1.00000	0
444	Y	0.00000	2e-05	0.99998	0
445	N	0.00000	0.00015	0.99985	0
446	I	0.00000	0.00023	0.99977	0
447	M	0.00000	0.0012	0.99880	0
448	V	0.00000	0.01492	0.98508	0
449	L	0.00000	0.1317	0.86830	0
450	V	0.00000	0.30442	0.69558	0
451	S	0.00000	0.66242	0.33758	0
452	T	0.00000	0.81132	0.18868	0
453	F	0.00000	0.84715	0.15285	0
454	C	0.00000	0.98634	0.01366	0
455	H	0.00000	0.99695	0.00305	0
456	D	0.00000	0.99999	0.00001	0
457	C	0.00000	1	0.00000	0
458	V	0.00000	1	0.00000	0
459	P	0.00000	0.99999	0.00001	0
460	E	0.00000	0.99667	0.00333	0
461	Y	0.00000	0.97162	0.02838	0
462	L	0.00000	0.96431	0.03569	0
463	W	0.00000	0.96144	0.03856	0
464	K	0.00000	0.83898	0.16102	0
465	I	0.00000	0.05839	0.94161	0
466	G	0.00000	0.03821	0.96179	0
467	Y	0.00000	0.00212	0.99788	0
468	W	0.00000	4e-05	0.99996	0
469	L	0.00000	4e-05	0.99996	0
470	C	0.00000	4e-05	0.99996	0
471	Y	0.00000	3e-05	0.99997	0
472	V	0.00000	3e-05	0.99997	0
473	N	0.00000	3e-05	0.99997	0
474	S	0.00000	3e-05	0.99997	0
475	T	0.00000	2e-05	0.99998	0
476	V	0.00000	2e-05	0.99998	0
477	N	0.00000	1e-05	0.99999	0
478	P	0.00000	1e-05	0.99999	0
479	M	0.00000	0	1.00000	0
480	C	0.00000	0	1.00000	0
481	Y	0.00006	0	0.99994	0
482	A	0.00031	0	0.99969	0
483	L	0.00111	0	0.99889	0
484	C	0.02813	0	0.97187	0
485	S	0.12401	0	0.87599	0
486	K	0.99995	0	0.00005	0
487	P	0.99995	0	0.00005	0
488	F	0.99995	0	0.00005	0
489	R	0.99995	0	0.00005	0
490	I	0.99995	0	0.00005	0
491	T	0.99995	0	0.00005	0
492	F	0.99996	0	0.00004	0
493	K	0.99997	0	0.00003	0
494	M	0.99997	0	0.00003	0
495	L	0.99997	0	0.00003	0
496	L	0.99997	0	0.00003	0
497	L	0.99997	0	0.00003	0
498	C	0.99997	0	0.00003	0
499	R	1.00000	0	0.00000	0
500	W	1.00000	0	0.00000	0
501	D	1.00000	0	0.00000	0
502	K	1.00000	0	0.00000	0
503	R	1.00000	0	0.00000	0
504	K	1.00000	0	0.00000	0
505	W	1.00000	0	0.00000	0
506	R	1.00000	0	0.00000	0
507	R	1.00000	0	0.00000	0
508	P	1.00000	0	0.00000	0
509	A	1.00000	0	0.00000	0
510	N	1.00000	0	0.00000	0
511	R	1.00000	0	0.00000	0
512	V	1.00000	0	0.00000	0
513	V	1.00000	0	0.00000	0
514	S	1.00000	0	0.00000	0
515	F	1.00000	0	0.00000	0
516	H	1.00000	0	0.00000	0
517	R	1.00000	0	0.00000	0
518	K	1.00000	0	0.00000	0
519	T	1.00000	0	0.00000	0
520	P	1.00000	0	0.00000	0
