# UNNAMED
#pos	aa	i	o	M	S
1	M	0.00000	0.22254	0.00000	0.77746
2	E	0.00000	0.22254	0.00000	0.77746
3	A	0.00000	0.22254	0.00000	0.77746
4	A	0.00000	0.22254	0.00000	0.77746
5	N	0.00000	0.22254	0.00000	0.77747
6	L	0.00000	0.22254	0.00000	0.77746
7	S	0.00000	0.22254	0.00000	0.77746
8	V	0.00000	0.22254	0.00000	0.77746
9	A	0.00000	0.22254	0.00000	0.77746
10	T	0.00000	0.22254	0.00000	0.77746
11	A	0.00000	0.22254	0.00000	0.77746
12	G	0.00000	0.22254	0.00000	0.77747
13	I	0.00000	0.22254	0.00000	0.77745
14	A	0.00000	0.22254	0.00000	0.77746
15	L	0.00000	0.22343	0.00000	0.77657
16	A	0.00000	0.22361	0.00000	0.77639
17	L	0.00000	0.23515	0.00000	0.76486
18	G	0.00000	0.23533	0.00000	0.76467
19	P	0.00000	0.23532	0.00000	0.76467
20	E	0.00000	0.23533	0.00000	0.76467
21	I	0.00000	0.2359	0.00000	0.7641
22	C	0.00000	0.2359	0.00000	0.7641
23	S	0.00000	0.23592	0.00000	0.76408
24	S	0.00000	0.64934	0.00000	0.35066
25	S	0.00000	0.99996	0.00000	4e-05
26	P	0.00000	0.99996	0.00000	4e-05
27	S	0.00000	0.99997	0.00000	3e-05
28	P	0.00000	0.99997	0.00000	3e-05
29	S	0.00000	0.99997	0.00000	3e-05
30	G	0.00000	0.99999	0.00000	2e-05
31	I	0.00000	0.99998	0.00000	2e-05
32	L	0.00000	0.99998	0.00000	2e-05
33	S	0.00000	0.99998	0.00000	1e-05
34	S	0.00000	1	0.00000	0
35	T	0.00000	1	0.00000	0
36	P	0.00000	1	0.00000	0
37	V	0.00000	1	0.00000	0
38	S	0.00000	1	0.00000	0
39	A	0.00000	1	0.00000	0
40	V	0.00000	1	0.00000	0
41	R	0.00000	1	0.00000	0
42	Q	0.00000	1	0.00000	0
43	G	0.00000	1	0.00000	0
44	R	0.00000	1	0.00000	0
45	E	0.00000	0.99999	0.00001	0
46	P	0.00000	0.9991	0.00090	0
47	P	0.00000	0.9888	0.01120	0
48	F	0.00000	0.87383	0.12617	0
49	S	0.00000	0.8095	0.19050	0
50	V	0.00000	0.54551	0.45449	0
51	F	0.00000	0.36642	0.63358	0
52	T	0.00000	0.28237	0.71763	0
53	V	0.00000	0.10205	0.89795	0
54	L	0.00000	0.04418	0.95582	0
55	V	0.00000	0.01579	0.98421	0
56	V	0.00000	0.00393	0.99607	0
57	T	0.00000	0.0015	0.99850	0
58	L	0.00000	0.00061	0.99939	0
59	L	0.00000	8e-05	0.99992	0
60	V	0.00000	1e-05	0.99999	0
61	L	0.00000	0	1.00000	0
62	L	0.00000	0	1.00000	0
63	I	0.00000	0	1.00000	0
64	A	0.00000	0	1.00000	0
65	A	0.00000	0	1.00000	0
66	T	0.00000	0	1.00000	0
67	F	0.00000	0	1.00000	0
68	L	0.00000	0	1.00000	0
69	W	0.00000	0	1.00000	0
70	N	0.00002	0	0.99998	0
71	L	0.00005	0	0.99995	0
72	L	0.00117	0	0.99883	0
73	V	0.01051	0	0.98949	0
74	L	0.08677	0	0.91323	0
75	V	0.09567	0	0.90433	0
76	T	0.26936	0	0.73064	0
77	I	0.30798	0	0.69202	0
78	L	0.57120	0	0.42880	0
79	R	0.98634	0	0.01366	0
80	V	0.99393	0	0.00607	0
81	R	0.99987	0	0.00013	0
82	A	0.99998	0	0.00002	0
83	F	0.99999	0	0.00001	0
84	H	1.00000	0	0.00000	0
85	R	1.00000	0	0.00000	0
86	V	0.99998	0	0.00002	0
87	P	0.99997	0	0.00003	0
88	H	0.09074	0	0.90926	0
89	N	0.01275	0	0.98725	0
90	L	0.00018	0	0.99982	0
91	V	0.00003	0	0.99997	0
92	A	0.00000	0	1.00000	0
93	S	0.00000	0	1.00000	0
94	T	0.00000	0	1.00000	0
95	A	0.00000	0	1.00000	0
96	V	0.00000	0	1.00000	0
97	S	0.00000	0	1.00000	0
98	D	0.00000	0	1.00000	0
99	V	0.00000	0	1.00000	0
100	L	0.00000	0	1.00000	0
101	V	0.00000	0	1.00000	0
102	A	0.00000	0	1.00000	0
103	A	0.00000	0	1.00000	0
104	L	0.00000	0	1.00000	0
105	V	0.00000	0	1.00000	0
106	M	0.00000	4e-05	0.99996	0
107	P	0.00000	0.00186	0.99814	0
108	L	0.00000	0.02531	0.97469	0
109	S	0.00000	0.2894	0.71060	0
110	L	0.00000	0.39761	0.60239	0
111	V	0.00000	0.63948	0.36052	0
112	S	0.00000	0.99991	0.00009	0
113	E	0.00000	0.99996	0.00004	0
114	L	0.00000	0.99997	0.00003	0
115	S	0.00000	0.99999	0.00001	0
116	A	0.00000	1	0.00000	0
117	G	0.00000	1	0.00000	0
118	R	0.00000	1	0.00000	0
119	R	0.00000	1	0.00000	0
120	W	0.00000	1	0.00000	0
121	L	0.00000	1	0.00000	0
122	L	0.00000	1	0.00000	0
123	G	0.00000	1	0.00000	0
124	R	0.00000	1	0.00000	0
125	S	0.00000	0.99998	0.00002	0
126	L	0.00000	0.99994	0.00006	0
127	C	0.00000	0.99987	0.00013	0
128	H	0.00000	0.99949	0.00051	0
129	V	0.00000	0.99855	0.00145	0
130	W	0.00000	0.89647	0.10353	0
131	I	0.00000	0.20158	0.79842	0
132	S	0.00000	0.03327	0.96673	0
133	F	0.00000	0.0004	0.99960	0
134	D	0.00000	0.00014	0.99986	0
135	V	0.00000	0	1.00000	0
136	L	0.00000	0	1.00000	0
137	C	0.00000	0	1.00000	0
138	C	0.00000	0	1.00000	0
139	T	0.00000	0	1.00000	0
140	A	0.00000	0	1.00000	0
141	S	0.00000	0	1.00000	0
142	I	0.00000	0	1.00000	0
143	W	0.00000	0	1.00000	0
144	N	0.00000	0	1.00000	0
145	V	0.00000	0	1.00000	0
146	A	0.00000	0	1.00000	0
147	A	0.00000	0	1.00000	0
148	I	0.00000	0	1.00000	0
149	A	0.00000	0	1.00000	0
150	L	0.00000	0	1.00000	0
151	D	0.00002	0	0.99998	0
152	R	0.01931	0	0.98069	0
153	Y	0.14639	0	0.85361	0
154	W	0.32234	0	0.67766	0
155	T	0.77147	0	0.22853	0
156	I	0.99995	0	0.00005	0
157	T	1.00000	0	0.00000	0
158	R	1.00000	0	0.00000	0
159	H	1.00000	0	0.00000	0
160	L	1.00000	0	0.00000	0
161	Q	1.00000	0	0.00000	0
162	Y	1.00000	0	0.00000	0
163	T	1.00000	0	0.00000	0
164	L	1.00000	0	0.00000	0
165	R	1.00000	0	0.00000	0
166	T	1.00000	0	0.00000	0
167	R	1.00000	0	0.00000	0
168	R	0.99997	0	0.00003	0
169	R	0.99776	0	0.00224	0
170	A	0.70532	0	0.29468	0
171	S	0.53103	0	0.46897	0
172	A	0.06314	0	0.93686	0
173	L	0.00122	0	0.99878	0
174	M	0.00013	0	0.99987	0
175	I	0.00000	0	1.00000	0
176	A	0.00000	0	1.00000	0
177	L	0.00000	0	1.00000	0
178	T	0.00000	0	1.00000	0
179	W	0.00000	0	1.00000	0
180	G	0.00000	0	1.00000	0
181	L	0.00000	0	1.00000	0
182	S	0.00000	0	1.00000	0
183	A	0.00000	0	1.00000	0
184	L	0.00000	0	1.00000	0
185	I	0.00000	0	1.00000	0
186	A	0.00000	0	1.00000	0
187	L	0.00000	0	1.00000	0
188	A	0.00000	1e-05	0.99999	0
189	P	0.00000	0.00096	0.99904	0
190	L	0.00000	0.00379	0.99621	0
191	L	0.00000	0.04168	0.95832	0
192	F	0.00000	0.18863	0.81137	0
193	G	0.00000	0.82406	0.17594	0
194	W	0.00000	0.909	0.09100	0
195	G	0.00000	0.99356	0.00644	0
196	E	0.00000	0.99996	0.00004	0
197	V	0.00000	0.99999	0.00001	0
198	Y	0.00000	1	0.00000	0
199	D	0.00000	1	0.00000	0
200	A	0.00000	1	0.00000	0
201	R	0.00000	1	0.00000	0
202	L	0.00000	1	0.00000	0
203	Q	0.00000	1	0.00000	0
204	R	0.00000	1	0.00000	0
205	C	0.00000	1	0.00000	0
206	Q	0.00000	1	0.00000	0
207	V	0.00000	1	0.00000	0
208	S	0.00000	0.99999	0.00001	0
209	Q	0.00000	0.99998	0.00002	0
210	E	0.00000	0.9996	0.00040	0
211	P	0.00000	0.99347	0.00653	0
212	S	0.00000	0.48904	0.51096	0
213	Y	0.00000	0.28228	0.71772	0
214	A	0.00000	0.0333	0.96670	0
215	V	0.00000	0.00034	0.99966	0
216	F	0.00000	9e-05	0.99991	0
217	S	0.00000	8e-05	0.99992	0
218	T	0.00000	7e-05	0.99993	0
219	C	0.00000	7e-05	0.99993	0
220	G	0.00000	0	1.00000	0
221	A	0.00000	0	1.00000	0
222	F	0.00000	0	1.00000	0
223	Y	0.00000	0	1.00000	0
224	L	0.00000	0	1.00000	0
225	P	0.00000	0	1.00000	0
226	L	0.00000	0	1.00000	0
227	G	0.00000	0	1.00000	0
228	V	0.00000	0	1.00000	0
229	V	0.00000	0	1.00000	0
230	L	0.00000	0	1.00000	0
231	F	0.00000	0	1.00000	0
232	V	0.00000	0	1.00000	0
233	Y	0.00008	0	0.99992	0
234	W	0.00365	0	0.99635	0
235	K	0.15625	0	0.84375	0
236	I	0.17016	0	0.82984	0
237	Y	0.28648	0	0.71352	0
238	K	0.99198	0	0.00802	0
239	A	0.99711	0	0.00289	0
240	A	0.99980	0	0.00020	0
241	K	0.99995	0	0.00005	0
242	F	0.99996	0	0.00004	0
243	R	0.99999	0	0.00001	0
244	F	0.99999	0	0.00001	0
245	G	1.00000	0	0.00000	0
246	R	1.00000	0	0.00000	0
247	R	1.00000	0	0.00000	0
248	R	1.00000	0	0.00000	0
249	R	1.00000	0	0.00000	0
250	A	1.00000	0	0.00000	0
251	V	1.00000	0	0.00000	0
252	L	1.00000	0	0.00000	0
253	P	1.00000	0	0.00000	0
254	L	1.00000	0	0.00000	0
255	Q	1.00000	0	0.00000	0
256	A	1.00000	0	0.00000	0
257	T	1.00000	0	0.00000	0
258	T	1.00000	0	0.00000	0
259	K	1.00000	0	0.00000	0
260	V	1.00000	0	0.00000	0
261	K	1.00000	0	0.00000	0
262	E	1.00000	0	0.00000	0
263	A	1.00000	0	0.00000	0
264	P	1.00000	0	0.00000	0
265	D	1.00000	0	0.00000	0
266	E	1.00000	0	0.00000	0
267	A	1.00000	0	0.00000	0
268	E	1.00000	0	0.00000	0
269	M	1.00000	0	0.00000	0
270	V	1.00000	0	0.00000	0
271	F	1.00000	0	0.00000	0
272	T	1.00000	0	0.00000	0
273	A	1.00000	0	0.00000	0
274	H	1.00000	0	0.00000	0
275	C	1.00000	0	0.00000	0
276	R	1.00000	0	0.00000	0
277	A	1.00000	0	0.00000	0
278	T	1.00000	0	0.00000	0
279	V	1.00000	0	0.00000	0
280	A	1.00000	0	0.00000	0
281	F	1.00000	0	0.00000	0
282	Q	1.00000	0	0.00000	0
283	A	1.00000	0	0.00000	0
284	S	1.00000	0	0.00000	0
285	G	1.00000	0	0.00000	0
286	D	1.00000	0	0.00000	0
287	S	1.00000	0	0.00000	0
288	W	1.00000	0	0.00000	0
289	R	1.00000	0	0.00000	0
290	E	1.00000	0	0.00000	0
291	Q	1.00000	0	0.00000	0
292	K	1.00000	0	0.00000	0
293	E	1.00000	0	0.00000	0
294	K	0.96923	0	0.03077	0
295	R	0.87839	0	0.12161	0
296	A	0.01876	0	0.98124	0
297	A	0.01612	0	0.98388	0
298	M	0.01546	0	0.98454	0
299	M	0.01475	0	0.98525	0
300	V	0.00036	0	0.99964	0
301	G	0.00005	0	0.99995	0
302	I	0.00003	0	0.99997	0
303	L	0.00000	0	1.00000	0
304	I	0.00000	0	1.00000	0
305	G	0.00000	0	1.00000	0
306	V	0.00000	0	1.00000	0
307	F	0.00000	0	1.00000	0
308	V	0.00000	0	1.00000	0
309	L	0.00000	0	1.00000	0
310	C	0.00000	0	1.00000	0
311	W	0.00000	0	1.00000	0
312	I	0.00000	0	1.00000	0
313	P	0.00000	0	1.00000	0
314	F	0.00000	0	1.00000	0
315	F	0.00000	4e-05	0.99996	0
316	L	0.00000	0.00975	0.99025	0
317	T	0.00000	0.17072	0.82928	0
318	E	0.00000	0.39968	0.60032	0
319	L	0.00000	0.42289	0.57711	0
320	I	0.00000	0.52853	0.47147	0
321	S	0.00000	0.82869	0.17131	0
322	P	0.00000	0.9317	0.06830	0
323	L	0.00000	0.95393	0.04607	0
324	C	0.00000	0.99359	0.00641	0
325	A	0.00000	0.99592	0.00408	0
326	C	0.00000	0.99917	0.00083	0
327	S	0.00000	0.99941	0.00059	0
328	L	0.00000	0.99951	0.00049	0
329	P	0.00000	0.99965	0.00035	0
330	P	0.00000	0.99975	0.00025	0
331	I	0.00000	0.99858	0.00142	0
332	W	0.00000	0.99813	0.00187	0
333	K	0.00000	0.9978	0.00220	0
334	S	0.00000	0.82271	0.17729	0
335	I	0.00000	0.0069	0.99310	0
336	F	0.00000	0.00026	0.99974	0
337	L	0.00000	0	1.00000	0
338	W	0.00000	0	1.00000	0
339	L	0.00000	0	1.00000	0
340	G	0.00000	0	1.00000	0
341	Y	0.00000	0	1.00000	0
342	S	0.00000	0	1.00000	0
343	N	0.00000	0	1.00000	0
344	S	0.00000	0	1.00000	0
345	F	0.00000	0	1.00000	0
346	F	0.00000	0	1.00000	0
347	N	0.00000	0	1.00000	0
348	P	0.00000	0	1.00000	0
349	L	0.00000	0	1.00000	0
350	I	0.00000	0	1.00000	0
351	Y	0.00001	0	0.99999	0
352	T	0.00009	0	0.99991	0
353	A	0.00096	0	0.99904	0
354	F	0.04645	0	0.95355	0
355	N	0.51718	0	0.48282	0
356	K	0.99999	0	0.00001	0
357	N	0.99999	0	0.00001	0
358	Y	0.99999	0	0.00001	0
359	N	0.99999	0	0.00001	0
360	N	0.99999	0	0.00001	0
361	A	0.99999	0	0.00001	0
362	F	1.00000	0	0.00000	0
363	K	1.00000	0	0.00000	0
364	S	1.00000	0	0.00000	0
365	L	1.00000	0	0.00000	0
366	F	1.00000	0	0.00000	0
367	N	1.00000	0	0.00000	0
368	K	1.00000	0	0.00000	0
369	Q	1.00000	0	0.00000	0
370	R	1.00000	0	0.00000	0
