# UNNAMED
#pos	aa	i	o	M	S
1	M	0.00000	0.08183	0.00000	0.91817
2	V	0.00000	0.08183	0.00000	0.91818
3	N	0.00000	0.08183	0.00000	0.91817
4	L	0.00000	0.08183	0.00000	0.91818
5	R	0.00000	0.08183	0.00000	0.91818
6	N	0.00000	0.08183	0.00000	0.91817
7	A	0.00000	0.08183	0.00000	0.91818
8	V	0.00000	0.08183	0.00000	0.91817
9	Q	0.00000	0.08183	0.00000	0.91818
10	T	0.00000	0.08183	0.00000	0.91817
11	L	0.00000	0.08183	0.00000	0.91817
12	L	0.00000	0.08183	0.00000	0.91817
13	V	0.00000	0.08183	0.00000	0.91817
14	H	0.00000	0.08183	0.00000	0.91817
15	L	0.00000	0.08183	0.00000	0.91817
16	I	0.00000	0.08183	0.00000	0.91817
17	G	0.00000	0.08183	0.00000	0.91817
18	L	0.00000	0.08183	0.00000	0.91817
19	L	0.00000	0.08183	0.00000	0.91817
20	V	0.00000	0.08251	0.00000	0.91749
21	W	0.00000	0.08252	0.00000	0.91747
22	Q	0.00000	0.08252	0.00000	0.91747
23	C	0.00000	0.15952	0.00000	0.84048
24	D	0.00000	0.15971	0.00000	0.84029
25	I	0.00000	0.15971	0.00000	0.84029
26	S	0.00000	0.15974	0.00000	0.84026
27	V	0.00000	0.16107	0.00000	0.83893
28	S	0.00000	0.16292	0.00000	0.83709
29	P	0.00000	0.16291	0.00000	0.83709
30	V	0.00000	0.16463	0.00000	0.83536
31	S	0.00000	0.16465	0.00000	0.83535
32	A	0.00000	0.16465	0.00000	0.83535
33	L	0.00000	0.98359	0.00000	0.01641
34	V	0.00000	1	0.00000	0
35	T	0.00000	1	0.00000	0
36	D	0.00000	1	0.00000	0
37	I	0.00000	1	0.00000	0
38	F	0.00000	1	0.00000	0
39	N	0.00000	1	0.00000	0
40	S	0.00000	1	0.00000	0
41	S	0.00000	1	0.00000	0
42	D	0.00000	1	0.00000	0
43	G	0.00000	1	0.00000	0
44	G	0.00000	1	0.00000	0
45	R	0.00000	1	0.00000	0
46	F	0.00000	1	0.00000	0
47	K	0.00000	1	0.00000	0
48	F	0.00000	1	0.00000	0
49	P	0.00000	1	0.00000	0
50	D	0.00000	1	0.00000	0
51	G	0.00000	0.99975	0.00025	0
52	V	0.00000	0.99643	0.00357	0
53	Q	0.00000	0.99488	0.00512	0
54	N	0.00000	0.98724	0.01276	0
55	W	0.00000	0.79208	0.20792	0
56	P	0.00000	0.70105	0.29895	0
57	A	0.00000	0.40461	0.59539	0
58	L	0.00000	0.20767	0.79233	0
59	A	0.00000	0.0802	0.91980	0
60	I	0.00000	0.00524	0.99476	0
61	V	0.00000	0.00017	0.99983	0
62	V	0.00000	1e-05	0.99999	0
63	I	0.00000	0	1.00000	0
64	I	0.00000	0	1.00000	0
65	I	0.00000	0	1.00000	0
66	M	0.00000	0	1.00000	0
67	T	0.00000	0	1.00000	0
68	I	0.00000	0	1.00000	0
69	G	0.00000	0	1.00000	0
70	G	0.00000	0	1.00000	0
71	N	0.00000	0	1.00000	0
72	I	0.00000	0	1.00000	0
73	L	0.00000	0	1.00000	0
74	V	0.00000	0	1.00000	0
75	I	0.00002	0	0.99998	0
76	M	0.00342	0	0.99658	0
77	A	0.05120	0	0.94880	0
78	V	0.16275	0	0.83725	0
79	S	0.79418	0	0.20582	0
80	M	0.92961	0	0.07039	0
81	E	0.99891	0	0.00109	0
82	K	0.99998	0	0.00002	0
83	K	1.00000	0	0.00000	0
84	L	0.99997	0	0.00003	0
85	H	0.99981	0	0.00019	0
86	N	0.99878	0	0.00122	0
87	A	0.99589	0	0.00411	0
88	T	0.96658	0	0.03342	0
89	N	0.19628	0	0.80372	0
90	Y	0.06166	0	0.93834	0
91	F	0.00064	0	0.99936	0
92	L	0.00008	0	0.99992	0
93	M	0.00000	0	1.00000	0
94	S	0.00000	0	1.00000	0
95	L	0.00000	0	1.00000	0
96	A	0.00000	0	1.00000	0
97	I	0.00000	0	1.00000	0
98	A	0.00000	0	1.00000	0
99	D	0.00000	0	1.00000	0
100	M	0.00000	0	1.00000	0
101	L	0.00000	0	1.00000	0
102	V	0.00000	0	1.00000	0
103	G	0.00000	0	1.00000	0
104	L	0.00000	0	1.00000	0
105	L	0.00000	0	1.00000	0
106	V	0.00000	1e-05	0.99999	0
107	M	0.00000	0.00028	0.99972	0
108	P	0.00000	0.00797	0.99203	0
109	I	0.00000	0.03007	0.96993	0
110	S	0.00000	0.2771	0.72290	0
111	L	0.00000	0.37962	0.62038	0
112	L	0.00000	0.61374	0.38626	0
113	A	0.00000	0.99463	0.00537	0
114	I	0.00000	0.99497	0.00503	0
115	L	0.00000	0.99546	0.00454	0
116	Y	0.00000	0.99905	0.00095	0
117	D	0.00000	0.99995	0.00005	0
118	Y	0.00000	0.99998	0.00002	0
119	V	0.00000	0.99999	0.00001	0
120	W	0.00000	1	0.00000	0
121	P	0.00000	1	0.00000	0
122	L	0.00000	1	0.00000	0
123	P	0.00000	1	0.00000	0
124	R	0.00000	1	0.00000	0
125	N	0.00000	1	0.00000	0
126	L	0.00000	1	0.00000	0
127	C	0.00000	0.99999	0.00001	0
128	P	0.00000	0.99996	0.00004	0
129	V	0.00000	0.99871	0.00129	0
130	W	0.00000	0.8785	0.12150	0
131	I	0.00000	0.21681	0.78319	0
132	A	0.00000	0.09965	0.90035	0
133	L	0.00000	0.00459	0.99541	0
134	D	0.00000	0.00153	0.99847	0
135	V	0.00000	5e-05	0.99995	0
136	L	0.00000	0	1.00000	0
137	F	0.00000	0	1.00000	0
138	S	0.00000	0	1.00000	0
139	T	0.00000	0	1.00000	0
140	A	0.00000	0	1.00000	0
141	S	0.00000	0	1.00000	0
142	I	0.00000	0	1.00000	0
143	M	0.00000	0	1.00000	0
144	H	0.00000	0	1.00000	0
145	L	0.00000	0	1.00000	0
146	C	0.00000	0	1.00000	0
147	A	0.00000	0	1.00000	0
148	I	0.00000	0	1.00000	0
149	S	0.00000	0	1.00000	0
150	L	0.00000	0	1.00000	0
151	D	0.00001	0	0.99999	0
152	R	0.02768	0	0.97232	0
153	Y	0.28551	0	0.71449	0
154	V	0.83397	0	0.16603	0
155	A	0.90349	0	0.09651	0
156	I	1.00000	0	0.00000	0
157	R	1.00000	0	0.00000	0
158	N	1.00000	0	0.00000	0
159	P	1.00000	0	0.00000	0
160	I	1.00000	0	0.00000	0
161	E	1.00000	0	0.00000	0
162	H	1.00000	0	0.00000	0
163	S	1.00000	0	0.00000	0
164	R	1.00000	0	0.00000	0
165	F	1.00000	0	0.00000	0
166	N	1.00000	0	0.00000	0
167	S	1.00000	0	0.00000	0
168	R	1.00000	0	0.00000	0
169	T	0.99990	0	0.00010	0
170	K	0.99789	0	0.00211	0
171	A	0.53994	0	0.46006	0
172	I	0.11767	0	0.88233	0
173	M	0.06829	0	0.93171	0
174	K	0.05699	0	0.94301	0
175	I	0.00020	0	0.99980	0
176	A	0.00000	0	1.00000	0
177	I	0.00000	0	1.00000	0
178	V	0.00000	0	1.00000	0
179	W	0.00000	0	1.00000	0
180	A	0.00000	0	1.00000	0
181	I	0.00000	0	1.00000	0
182	S	0.00000	0	1.00000	0
183	I	0.00000	0	1.00000	0
184	G	0.00000	0	1.00000	0
185	V	0.00000	0	1.00000	0
186	S	0.00000	0	1.00000	0
187	I	0.00000	0	1.00000	0
188	P	0.00000	0	1.00000	0
189	I	0.00000	1e-05	0.99999	0
190	P	0.00000	0.00203	0.99797	0
191	V	0.00000	0.01012	0.98988	0
192	I	0.00000	0.09272	0.90728	0
193	G	0.00000	0.47856	0.52144	0
194	L	0.00000	0.63733	0.36267	0
195	R	0.00000	0.98057	0.01943	0
196	D	0.00000	0.99997	0.00003	0
197	E	0.00000	1	0.00000	0
198	S	0.00000	1	0.00000	0
199	K	0.00000	1	0.00000	0
200	V	0.00000	1	0.00000	0
201	F	0.00000	1	0.00000	0
202	V	0.00000	1	0.00000	0
203	N	0.00000	1	0.00000	0
204	N	0.00000	1	0.00000	0
205	T	0.00000	1	0.00000	0
206	T	0.00000	1	0.00000	0
207	C	0.00000	1	0.00000	0
208	V	0.00000	1	0.00000	0
209	L	0.00000	1	0.00000	0
210	N	0.00000	1	0.00000	0
211	D	0.00000	1	0.00000	0
212	P	0.00000	0.99959	0.00041	0
213	N	0.00000	0.89339	0.10661	0
214	F	0.00000	0.09212	0.90788	0
215	V	0.00000	0.07331	0.92669	0
216	L	0.00000	0.02561	0.97439	0
217	I	0.00000	0.01368	0.98632	0
218	G	0.00000	0.01178	0.98822	0
219	S	0.00000	0.00749	0.99251	0
220	F	0.00000	0.0048	0.99520	0
221	V	0.00000	0	1.00000	0
222	A	0.00000	0	1.00000	0
223	F	0.00000	0	1.00000	0
224	F	0.00000	0	1.00000	0
225	I	0.00000	0	1.00000	0
226	P	0.00000	0	1.00000	0
227	L	0.00000	0	1.00000	0
228	T	0.00000	0	1.00000	0
229	I	0.00000	0	1.00000	0
230	M	0.00000	0	1.00000	0
231	V	0.00000	0	1.00000	0
232	I	0.00000	0	1.00000	0
233	T	0.00000	0	1.00000	0
234	Y	0.00000	0	1.00000	0
235	C	0.00010	0	0.99990	0
236	L	0.00245	0	0.99755	0
237	T	0.02540	0	0.97460	0
238	I	0.03553	0	0.96447	0
239	Y	0.13833	0	0.86167	0
240	V	0.23824	0	0.76176	0
241	L	0.50722	0	0.49278	0
242	R	0.97847	0	0.02153	0
243	R	0.99928	0	0.00072	0
244	Q	0.99998	0	0.00002	0
245	A	0.99999	0	0.00001	0
246	L	0.99999	0	0.00001	0
247	M	1.00000	0	0.00000	0
248	L	1.00000	0	0.00000	0
249	L	1.00000	0	0.00000	0
250	R	1.00000	0	0.00000	0
251	G	1.00000	0	0.00000	0
252	H	1.00000	0	0.00000	0
253	T	1.00000	0	0.00000	0
254	G	1.00000	0	0.00000	0
255	E	1.00000	0	0.00000	0
256	P	1.00000	0	0.00000	0
257	P	1.00000	0	0.00000	0
258	G	1.00000	0	0.00000	0
259	L	1.00000	0	0.00000	0
260	G	1.00000	0	0.00000	0
261	L	1.00000	0	0.00000	0
262	D	1.00000	0	0.00000	0
263	F	1.00000	0	0.00000	0
264	L	1.00000	0	0.00000	0
265	K	1.00000	0	0.00000	0
266	C	1.00000	0	0.00000	0
267	C	1.00000	0	0.00000	0
268	K	1.00000	0	0.00000	0
269	R	1.00000	0	0.00000	0
270	N	1.00000	0	0.00000	0
271	T	1.00000	0	0.00000	0
272	D	1.00000	0	0.00000	0
273	D	1.00000	0	0.00000	0
274	E	1.00000	0	0.00000	0
275	E	1.00000	0	0.00000	0
276	S	1.00000	0	0.00000	0
277	A	1.00000	0	0.00000	0
278	A	1.00000	0	0.00000	0
279	N	1.00000	0	0.00000	0
280	P	1.00000	0	0.00000	0
281	N	1.00000	0	0.00000	0
282	Q	1.00000	0	0.00000	0
283	D	1.00000	0	0.00000	0
284	L	1.00000	0	0.00000	0
285	N	1.00000	0	0.00000	0
286	Q	1.00000	0	0.00000	0
287	R	1.00000	0	0.00000	0
288	R	1.00000	0	0.00000	0
289	R	1.00000	0	0.00000	0
290	K	1.00000	0	0.00000	0
291	K	1.00000	0	0.00000	0
292	K	1.00000	0	0.00000	0
293	E	1.00000	0	0.00000	0
294	R	1.00000	0	0.00000	0
295	R	1.00000	0	0.00000	0
296	P	1.00000	0	0.00000	0
297	R	1.00000	0	0.00000	0
298	G	1.00000	0	0.00000	0
299	T	1.00000	0	0.00000	0
300	M	1.00000	0	0.00000	0
301	Q	1.00000	0	0.00000	0
302	A	1.00000	0	0.00000	0
303	I	1.00000	0	0.00000	0
304	N	1.00000	0	0.00000	0
305	N	1.00000	0	0.00000	0
306	E	1.00000	0	0.00000	0
307	R	0.99247	0	0.00753	0
308	K	0.99173	0	0.00827	0
309	A	0.42449	0	0.57551	0
310	S	0.42160	0	0.57840	0
311	K	0.05913	0	0.94087	0
312	V	0.01118	0	0.98882	0
313	L	0.00610	0	0.99390	0
314	G	0.00046	0	0.99954	0
315	I	0.00003	0	0.99997	0
316	V	0.00003	0	0.99997	0
317	F	0.00000	0	1.00000	0
318	F	0.00000	0	1.00000	0
319	V	0.00000	0	1.00000	0
320	F	0.00000	0	1.00000	0
321	L	0.00000	0	1.00000	0
322	V	0.00000	0	1.00000	0
323	M	0.00000	0	1.00000	0
324	W	0.00000	0	1.00000	0
325	C	0.00000	0	1.00000	0
326	P	0.00000	0	1.00000	0
327	F	0.00000	0	1.00000	0
328	F	0.00000	1e-05	0.99999	0
329	I	0.00000	0.00014	0.99986	0
330	T	0.00000	0.00205	0.99795	0
331	N	0.00000	0.02591	0.97409	0
332	I	0.00000	0.0367	0.96330	0
333	L	0.00000	0.0804	0.91960	0
334	S	0.00000	0.2621	0.73790	0
335	V	0.00000	0.34702	0.65298	0
336	L	0.00000	0.51881	0.48119	0
337	C	0.00000	0.96173	0.03827	0
338	G	0.00000	0.99476	0.00524	0
339	K	0.00000	0.99994	0.00006	0
340	T	0.00000	0.99999	0.00001	0
341	C	0.00000	1	0.00000	0
342	N	0.00000	1	0.00000	0
343	Q	0.00000	1	0.00000	0
344	R	0.00000	0.99992	0.00008	0
345	L	0.00000	0.99847	0.00153	0
346	M	0.00000	0.99694	0.00306	0
347	E	0.00000	0.99658	0.00342	0
348	K	0.00000	0.99162	0.00838	0
349	L	0.00000	0.94624	0.05376	0
350	L	0.00000	0.92272	0.07728	0
351	N	0.00000	0.48821	0.51179	0
352	V	0.00000	0.0035	0.99650	0
353	F	0.00000	0.00013	0.99987	0
354	V	0.00000	0	1.00000	0
355	W	0.00000	0	1.00000	0
356	I	0.00000	0	1.00000	0
357	G	0.00000	0	1.00000	0
358	Y	0.00000	0	1.00000	0
359	V	0.00000	0	1.00000	0
360	C	0.00000	0	1.00000	0
361	S	0.00000	0	1.00000	0
362	G	0.00000	0	1.00000	0
363	I	0.00000	0	1.00000	0
364	N	0.00000	0	1.00000	0
365	P	0.00000	0	1.00000	0
366	L	0.00000	0	1.00000	0
367	V	0.00002	0	0.99998	0
368	Y	0.00008	0	0.99992	0
369	T	0.00024	0	0.99976	0
370	L	0.00163	0	0.99837	0
371	F	0.09671	0	0.90329	0
372	N	0.59585	0	0.40415	0
373	K	1.00000	0	0.00000	0
374	I	1.00000	0	0.00000	0
375	Y	1.00000	0	0.00000	0
376	R	1.00000	0	0.00000	0
377	R	1.00000	0	0.00000	0
378	A	1.00000	0	0.00000	0
379	F	1.00000	0	0.00000	0
380	S	1.00000	0	0.00000	0
381	N	1.00000	0	0.00000	0
382	Y	1.00000	0	0.00000	0
383	L	1.00000	0	0.00000	0
384	R	1.00000	0	0.00000	0
385	C	1.00000	0	0.00000	0
386	N	1.00000	0	0.00000	0
387	Y	1.00000	0	0.00000	0
388	K	1.00000	0	0.00000	0
389	A	1.00000	0	0.00000	0
390	E	1.00000	0	0.00000	0
391	K	1.00000	0	0.00000	0
392	K	1.00000	0	0.00000	0
393	P	1.00000	0	0.00000	0
394	P	1.00000	0	0.00000	0
395	P	1.00000	0	0.00000	0
396	V	1.00000	0	0.00000	0
397	R	1.00000	0	0.00000	0
398	Q	1.00000	0	0.00000	0
399	I	1.00000	0	0.00000	0
400	P	1.00000	0	0.00000	0
401	R	1.00000	0	0.00000	0
402	V	1.00000	0	0.00000	0
403	A	1.00000	0	0.00000	0
404	A	1.00000	0	0.00000	0
405	T	1.00000	0	0.00000	0
406	A	1.00000	0	0.00000	0
407	L	1.00000	0	0.00000	0
408	S	1.00000	0	0.00000	0
409	G	1.00000	0	0.00000	0
410	R	1.00000	0	0.00000	0
411	E	1.00000	0	0.00000	0
412	L	1.00000	0	0.00000	0
413	N	1.00000	0	0.00000	0
414	V	1.00000	0	0.00000	0
415	N	1.00000	0	0.00000	0
416	I	1.00000	0	0.00000	0
417	Y	1.00000	0	0.00000	0
418	R	1.00000	0	0.00000	0
419	H	1.00000	0	0.00000	0
420	T	1.00000	0	0.00000	0
421	N	1.00000	0	0.00000	0
422	E	1.00000	0	0.00000	0
423	P	1.00000	0	0.00000	0
424	V	1.00000	0	0.00000	0
425	A	1.00000	0	0.00000	0
426	E	1.00000	0	0.00000	0
427	K	1.00000	0	0.00000	0
428	A	1.00000	0	0.00000	0
429	D	1.00000	0	0.00000	0
430	D	1.00000	0	0.00000	0
431	G	1.00000	0	0.00000	0
432	E	1.00000	0	0.00000	0
433	P	1.00000	0	0.00000	0
434	G	1.00000	0	0.00000	0
435	I	1.00000	0	0.00000	0
436	E	1.00000	0	0.00000	0
437	M	1.00000	0	0.00000	0
438	Q	1.00000	0	0.00000	0
439	G	1.00000	0	0.00000	0
440	E	1.00000	0	0.00000	0
441	H	1.00000	0	0.00000	0
442	L	1.00000	0	0.00000	0
443	E	1.00000	0	0.00000	0
444	L	1.00000	0	0.00000	0
445	P	1.00000	0	0.00000	0
446	V	1.00000	0	0.00000	0
447	N	1.00000	0	0.00000	0
448	P	1.00000	0	0.00000	0
449	S	1.00000	0	0.00000	0
450	S	1.00000	0	0.00000	0
451	V	1.00000	0	0.00000	0
452	V	1.00000	0	0.00000	0
453	S	1.00000	0	0.00000	0
454	E	1.00000	0	0.00000	0
455	R	1.00000	0	0.00000	0
456	I	1.00000	0	0.00000	0
457	S	1.00000	0	0.00000	0
458	S	1.00000	0	0.00000	0
459	V	1.00000	0	0.00000	0
