# UNNAMED
#pos	aa	i	o	M	S
1	M	0.00000	1	0.00000	0
2	D	0.00000	1	0.00000	0
3	P	0.00000	1	0.00000	0
4	C	0.00000	1	0.00000	0
5	G	0.00000	1	0.00000	0
6	N	0.00000	1	0.00000	0
7	L	0.00000	1	0.00000	0
8	T	0.00000	1	0.00000	0
9	N	0.00000	1	0.00000	0
10	P	0.00000	1	0.00000	0
11	S	0.00000	1	0.00000	0
12	K	0.00000	1	0.00000	0
13	N	0.00000	1	0.00000	0
14	M	0.00000	1	0.00000	0
15	D	0.00000	1	0.00000	0
16	F	0.00000	0.87954	0.12046	0
17	P	0.00000	0.83862	0.16138	0
18	L	0.00000	0.57514	0.42486	0
19	Q	0.00000	0.46391	0.53609	0
20	L	0.00000	0.12386	0.87614	0
21	L	0.00000	0.09002	0.90998	0
22	V	0.00000	0.07455	0.92545	0
23	G	0.00000	0.07025	0.92975	0
24	S	0.00000	0.06595	0.93405	0
25	C	0.00000	0.05984	0.94016	0
26	L	0.00000	0.01185	0.98815	0
27	A	0.00000	0.00306	0.99694	0
28	L	0.00000	0.00023	0.99977	0
29	L	0.00000	0	1.00000	0
30	I	0.00000	0	1.00000	0
31	A	0.00000	0	1.00000	0
32	F	0.00000	0	1.00000	0
33	T	0.00000	0	1.00000	0
34	L	0.00000	0	1.00000	0
35	C	0.00000	0	1.00000	0
36	G	0.00000	0	1.00000	0
37	N	0.00000	0	1.00000	0
38	I	0.00000	0	1.00000	0
39	V	0.00001	0	0.99999	0
40	V	0.00013	0	0.99987	0
41	C	0.00093	0	0.99907	0
42	L	0.01186	0	0.98814	0
43	A	0.23247	0	0.76753	0
44	V	0.43618	0	0.56382	0
45	T	0.84718	0	0.15282	0
46	L	0.89759	0	0.10241	0
47	D	0.99907	0	0.00093	0
48	R	0.99997	0	0.00003	0
49	R	1.00000	0	0.00000	0
50	L	1.00000	0	0.00000	0
51	R	0.99998	0	0.00002	0
52	S	0.99601	0	0.00399	0
53	L	0.86497	0	0.13503	0
54	T	0.75715	0	0.24285	0
55	N	0.15694	0	0.84306	0
56	C	0.05846	0	0.94154	0
57	I	0.00035	0	0.99965	0
58	I	0.00002	0	0.99998	0
59	V	0.00000	0	1.00000	0
60	S	0.00000	0	1.00000	0
61	L	0.00000	0	1.00000	0
62	A	0.00000	0	1.00000	0
63	I	0.00000	0	1.00000	0
64	T	0.00000	0	1.00000	0
65	D	0.00000	0	1.00000	0
66	L	0.00000	0	1.00000	0
67	L	0.00000	0	1.00000	0
68	L	0.00000	0	1.00000	0
69	A	0.00000	0	1.00000	0
70	L	0.00000	0	1.00000	0
71	L	0.00000	0	1.00000	0
72	V	0.00000	2e-05	0.99998	0
73	L	0.00000	0.00041	0.99959	0
74	P	0.00000	0.00532	0.99468	0
75	F	0.00000	0.04019	0.95981	0
76	S	0.00000	0.346	0.65400	0
77	A	0.00000	0.45708	0.54292	0
78	F	0.00000	0.55697	0.44303	0
79	Y	0.00000	0.99987	0.00013	0
80	E	0.00000	0.99997	0.00003	0
81	L	0.00000	0.99997	0.00003	0
82	S	0.00000	1	0.00000	0
83	S	0.00000	1	0.00000	0
84	E	0.00000	1	0.00000	0
85	W	0.00000	1	0.00000	0
86	P	0.00000	1	0.00000	0
87	F	0.00000	1	0.00000	0
88	G	0.00000	1	0.00000	0
89	S	0.00000	1	0.00000	0
90	T	0.00000	1	0.00000	0
91	L	0.00000	1	0.00000	0
92	C	0.00000	0.99999	0.00001	0
93	N	0.00000	0.99998	0.00002	0
94	I	0.00000	0.99787	0.00213	0
95	Y	0.00000	0.78949	0.21051	0
96	L	0.00000	0.27887	0.72113	0
97	S	0.00000	0.18591	0.81409	0
98	L	0.00000	0.00286	0.99714	0
99	D	0.00000	0.00093	0.99907	0
100	V	0.00000	2e-05	0.99998	0
101	M	0.00000	0	1.00000	0
102	L	0.00000	0	1.00000	0
103	C	0.00000	0	1.00000	0
104	T	0.00000	0	1.00000	0
105	A	0.00000	0	1.00000	0
106	S	0.00000	0	1.00000	0
107	I	0.00000	0	1.00000	0
108	L	0.00000	0	1.00000	0
109	N	0.00000	0	1.00000	0
110	L	0.00000	0	1.00000	0
111	F	0.00000	0	1.00000	0
112	I	0.00000	0	1.00000	0
113	I	0.00000	0	1.00000	0
114	S	0.00000	0	1.00000	0
115	L	0.00000	0	1.00000	0
116	D	0.00023	0	0.99977	0
117	R	0.05309	0	0.94691	0
118	Y	0.16275	0	0.83725	0
119	F	0.58053	0	0.41947	0
120	A	0.89023	0	0.10977	0
121	V	0.99997	0	0.00003	0
122	T	1.00000	0	0.00000	0
123	A	1.00000	0	0.00000	0
124	P	1.00000	0	0.00000	0
125	L	1.00000	0	0.00000	0
126	R	1.00000	0	0.00000	0
127	Y	1.00000	0	0.00000	0
128	Q	1.00000	0	0.00000	0
129	Q	1.00000	0	0.00000	0
130	L	1.00000	0	0.00000	0
131	V	0.99994	0	0.00006	0
132	T	0.99991	0	0.00009	0
133	P	0.99976	0	0.00024	0
134	S	0.99433	0	0.00567	0
135	R	0.98429	0	0.01571	0
136	V	0.32861	0	0.67139	0
137	A	0.09183	0	0.90817	0
138	V	0.01333	0	0.98667	0
139	G	0.00415	0	0.99585	0
140	L	0.00001	0	0.99999	0
141	V	0.00000	0	1.00000	0
142	V	0.00000	0	1.00000	0
143	I	0.00000	0	1.00000	0
144	W	0.00000	0	1.00000	0
145	T	0.00000	0	1.00000	0
146	V	0.00000	0	1.00000	0
147	S	0.00000	0	1.00000	0
148	L	0.00000	0	1.00000	0
149	M	0.00000	0	1.00000	0
150	V	0.00000	0	1.00000	0
151	S	0.00000	0	1.00000	0
152	F	0.00000	0	1.00000	0
153	L	0.00000	5e-05	0.99995	0
154	P	0.00000	0.00148	0.99852	0
155	I	0.00000	0.00394	0.99606	0
156	H	0.00000	0.08785	0.91215	0
157	L	0.00000	0.20068	0.79932	0
158	G	0.00000	0.74869	0.25131	0
159	W	0.00000	0.86049	0.13951	0
160	N	0.00000	0.9925	0.00750	0
161	T	0.00000	0.99988	0.00012	0
162	N	0.00000	1	0.00000	0
163	G	0.00000	1	0.00000	0
164	T	0.00000	1	0.00000	0
165	A	0.00000	1	0.00000	0
166	V	0.00000	1	0.00000	0
167	Q	0.00000	1	0.00000	0
168	N	0.00000	1	0.00000	0
169	T	0.00000	1	0.00000	0
170	T	0.00000	1	0.00000	0
171	P	0.00000	1	0.00000	0
172	N	0.00000	1	0.00000	0
173	C	0.00000	1	0.00000	0
174	T	0.00000	1	0.00000	0
175	R	0.00000	1	0.00000	0
176	E	0.00000	1	0.00000	0
177	C	0.00000	1	0.00000	0
178	K	0.00000	1	0.00000	0
179	L	0.00000	1	0.00000	0
180	E	0.00000	0.99999	0.00001	0
181	V	0.00000	0.99832	0.00168	0
182	N	0.00000	0.99831	0.00169	0
183	S	0.00000	0.99727	0.00273	0
184	V	0.00000	0.0027	0.99730	0
185	Y	0.00000	0.00045	0.99955	0
186	G	0.00000	0.00041	0.99959	0
187	L	0.00000	0.00033	0.99967	0
188	V	0.00000	0.00029	0.99971	0
189	D	0.00000	0.00029	0.99971	0
190	S	0.00000	2e-05	0.99998	0
191	L	0.00000	1e-05	0.99999	0
192	L	0.00000	0	1.00000	0
193	T	0.00000	0	1.00000	0
194	F	0.00000	0	1.00000	0
195	Y	0.00000	0	1.00000	0
196	I	0.00000	0	1.00000	0
197	P	0.00000	0	1.00000	0
198	L	0.00000	0	1.00000	0
199	V	0.00000	0	1.00000	0
200	I	0.00000	0	1.00000	0
201	M	0.00000	0	1.00000	0
202	C	0.00000	0	1.00000	0
203	I	0.00000	0	1.00000	0
204	T	0.00008	0	0.99992	0
205	Y	0.00023	0	0.99977	0
206	Y	0.00559	0	0.99441	0
207	R	0.13854	0	0.86146	0
208	I	0.15394	0	0.84606	0
209	F	0.22395	0	0.77605	0
210	K	0.99497	0	0.00503	0
211	I	0.99841	0	0.00159	0
212	A	0.99998	0	0.00002	0
213	R	1.00000	0	0.00000	0
214	E	1.00000	0	0.00000	0
215	Q	1.00000	0	0.00000	0
216	A	1.00000	0	0.00000	0
217	K	1.00000	0	0.00000	0
218	R	1.00000	0	0.00000	0
219	I	1.00000	0	0.00000	0
220	N	1.00000	0	0.00000	0
221	H	1.00000	0	0.00000	0
222	T	1.00000	0	0.00000	0
223	W	1.00000	0	0.00000	0
224	C	1.00000	0	0.00000	0
225	S	1.00000	0	0.00000	0
226	S	1.00000	0	0.00000	0
227	N	1.00000	0	0.00000	0
228	S	1.00000	0	0.00000	0
229	P	1.00000	0	0.00000	0
230	M	1.00000	0	0.00000	0
231	P	1.00000	0	0.00000	0
232	P	1.00000	0	0.00000	0
233	M	1.00000	0	0.00000	0
234	V	1.00000	0	0.00000	0
235	K	1.00000	0	0.00000	0
236	E	1.00000	0	0.00000	0
237	H	0.99939	0	0.00061	0
238	K	0.99692	0	0.00308	0
239	A	0.75950	0	0.24050	0
240	T	0.40571	0	0.59429	0
241	V	0.14476	0	0.85524	0
242	T	0.09875	0	0.90125	0
243	L	0.00040	0	0.99960	0
244	A	0.00001	0	0.99999	0
245	V	0.00000	0	1.00000	0
246	V	0.00000	0	1.00000	0
247	M	0.00000	0	1.00000	0
248	G	0.00000	0	1.00000	0
249	A	0.00000	0	1.00000	0
250	F	0.00000	0	1.00000	0
251	I	0.00000	0	1.00000	0
252	I	0.00000	0	1.00000	0
253	C	0.00000	0	1.00000	0
254	W	0.00000	0	1.00000	0
255	F	0.00000	0	1.00000	0
256	P	0.00000	0	1.00000	0
257	Y	0.00000	0	1.00000	0
258	F	0.00000	0	1.00000	0
259	T	0.00000	0.00077	0.99923	0
260	V	0.00000	0.00337	0.99663	0
261	F	0.00000	0.02465	0.97535	0
262	T	0.00000	0.54197	0.45803	0
263	Y	0.00000	0.69741	0.30259	0
264	R	0.00000	0.95324	0.04676	0
265	G	0.00000	0.97274	0.02726	0
266	V	0.00000	0.98091	0.01909	0
267	R	0.00000	0.99914	0.00086	0
268	G	0.00000	0.99995	0.00005	0
269	D	0.00000	1	0.00000	0
270	S	0.00000	1	0.00000	0
271	S	0.00000	1	0.00000	0
272	V	0.00000	1	0.00000	0
273	K	0.00000	1	0.00000	0
274	G	0.00000	0.99999	0.00001	0
275	T	0.00000	0.99983	0.00017	0
276	P	0.00000	0.99899	0.00101	0
277	M	0.00000	0.98579	0.01421	0
278	S	0.00000	0.82608	0.17392	0
279	I	0.00000	0.00722	0.99278	0
280	V	0.00000	0.00024	0.99976	0
281	L	0.00000	0	1.00000	0
282	W	0.00000	0	1.00000	0
283	L	0.00000	0	1.00000	0
284	G	0.00000	0	1.00000	0
285	Y	0.00000	0	1.00000	0
286	A	0.00000	0	1.00000	0
287	N	0.00000	0	1.00000	0
288	S	0.00000	0	1.00000	0
289	A	0.00000	0	1.00000	0
290	L	0.00000	0	1.00000	0
291	N	0.00000	0	1.00000	0
292	P	0.00000	0	1.00000	0
293	I	0.00000	0	1.00000	0
294	L	0.00000	0	1.00000	0
295	Y	0.00000	0	1.00000	0
296	G	0.00000	0	1.00000	0
297	T	0.00006	0	0.99994	0
298	F	0.00615	0	0.99385	0
299	N	0.47238	0	0.52762	0
300	R	1.00000	0	0.00000	0
301	D	1.00000	0	0.00000	0
302	F	1.00000	0	0.00000	0
303	R	1.00000	0	0.00000	0
304	V	1.00000	0	0.00000	0
305	A	1.00000	0	0.00000	0
306	Y	1.00000	0	0.00000	0
307	Q	1.00000	0	0.00000	0
308	H	1.00000	0	0.00000	0
309	L	1.00000	0	0.00000	0
310	L	1.00000	0	0.00000	0
311	H	1.00000	0	0.00000	0
312	C	1.00000	0	0.00000	0
313	W	1.00000	0	0.00000	0
314	R	1.00000	0	0.00000	0
315	T	1.00000	0	0.00000	0
316	G	1.00000	0	0.00000	0
317	D	1.00000	0	0.00000	0
318	P	1.00000	0	0.00000	0
319	K	1.00000	0	0.00000	0
320	S	1.00000	0	0.00000	0
321	S	1.00000	0	0.00000	0
322	L	1.00000	0	0.00000	0
323	Q	1.00000	0	0.00000	0
324	K	1.00000	0	0.00000	0
325	G	1.00000	0	0.00000	0
326	Q	1.00000	0	0.00000	0
327	P	1.00000	0	0.00000	0
328	R	1.00000	0	0.00000	0
329	G	1.00000	0	0.00000	0
330	R	1.00000	0	0.00000	0
331	S	1.00000	0	0.00000	0
332	C	1.00000	0	0.00000	0
333	G	1.00000	0	0.00000	0
334	E	1.00000	0	0.00000	0
335	S	1.00000	0	0.00000	0
336	L	1.00000	0	0.00000	0
337	D	1.00000	0	0.00000	0
338	G	1.00000	0	0.00000	0
339	Q	1.00000	0	0.00000	0
340	E	1.00000	0	0.00000	0
341	G	1.00000	0	0.00000	0
342	K	1.00000	0	0.00000	0
343	C	1.00000	0	0.00000	0
344	L	1.00000	0	0.00000	0
345	K	1.00000	0	0.00000	0
346	L	1.00000	0	0.00000	0
347	E	1.00000	0	0.00000	0
348	M	1.00000	0	0.00000	0
349	R	1.00000	0	0.00000	0
350	N	1.00000	0	0.00000	0
351	G	1.00000	0	0.00000	0
352	K	1.00000	0	0.00000	0
353	G	1.00000	0	0.00000	0
354	I	1.00000	0	0.00000	0
355	L	1.00000	0	0.00000	0
356	L	1.00000	0	0.00000	0
357	A	1.00000	0	0.00000	0
358	D	1.00000	0	0.00000	0
359	G	1.00000	0	0.00000	0
360	A	1.00000	0	0.00000	0
361	L	1.00000	0	0.00000	0
362	Q	1.00000	0	0.00000	0
363	R	1.00000	0	0.00000	0
