# UNNAMED
#pos	aa	i	o	M	S
1	M	0.00000	1	0.00000	0
2	E	0.00000	1	0.00000	0
3	N	0.00000	1	0.00000	0
4	T	0.00000	1	0.00000	0
5	S	0.00000	1	0.00000	0
6	E	0.00000	1	0.00000	0
7	W	0.00000	1	0.00000	0
8	S	0.00000	1	0.00000	0
9	N	0.00000	1	0.00000	0
10	N	0.00000	1	0.00000	0
11	S	0.00000	1	0.00000	0
12	L	0.00000	1	0.00000	0
13	D	0.00000	1	0.00000	0
14	S	0.00000	1	0.00000	0
15	D	0.00000	1	0.00000	0
16	F	0.00000	1	0.00000	0
17	E	0.00000	1	0.00000	0
18	A	0.00000	1	0.00000	0
19	C	0.00000	1	0.00000	0
20	A	0.00000	1	0.00000	0
21	T	0.00000	1	0.00000	0
22	L	0.00000	1	0.00000	0
23	R	0.00000	1	0.00000	0
24	S	0.00000	1	0.00000	0
25	F	0.00000	0.99999	0.00001	0
26	G	0.00000	0.99999	0.00001	0
27	S	0.00000	0.99999	0.00001	0
28	R	0.00000	0.99821	0.00179	0
29	V	0.00000	0.92308	0.07692	0
30	A	0.00000	0.84654	0.15346	0
31	L	0.00000	0.64606	0.35394	0
32	Y	0.00000	0.2989	0.70110	0
33	L	0.00000	0.08685	0.91315	0
34	F	0.00000	0.029	0.97100	0
35	I	0.00000	0.00177	0.99823	0
36	I	0.00000	2e-05	0.99998	0
37	T	0.00000	1e-05	0.99999	0
38	G	0.00000	0	1.00000	0
39	I	0.00000	0	1.00000	0
40	L	0.00000	0	1.00000	0
41	C	0.00000	0	1.00000	0
42	T	0.00000	0	1.00000	0
43	V	0.00000	0	1.00000	0
44	V	0.00000	0	1.00000	0
45	G	0.00000	0	1.00000	0
46	N	0.00000	0	1.00000	0
47	F	0.00000	0	1.00000	0
48	L	0.00000	0	1.00000	0
49	V	0.00000	0	1.00000	0
50	V	0.00000	0	1.00000	0
51	L	0.00005	0	0.99995	0
52	A	0.00235	0	0.99765	0
53	I	0.00714	0	0.99286	0
54	A	0.07321	0	0.92679	0
55	Y	0.16341	0	0.83659	0
56	F	0.33097	0	0.66903	0
57	K	0.98869	0	0.01131	0
58	Q	0.99986	0	0.00014	0
59	L	0.99994	0	0.00006	0
60	Q	1.00000	0	0.00000	0
61	C	1.00000	0	0.00000	0
62	P	1.00000	0	0.00000	0
63	T	0.99098	0	0.00902	0
64	N	0.70069	0	0.29931	0
65	S	0.63218	0	0.36782	0
66	F	0.01151	0	0.98849	0
67	V	0.00222	0	0.99778	0
68	M	0.00003	0	0.99997	0
69	S	0.00000	0	1.00000	0
70	L	0.00000	0	1.00000	0
71	A	0.00000	0	1.00000	0
72	V	0.00000	0	1.00000	0
73	A	0.00000	0	1.00000	0
74	D	0.00000	0	1.00000	0
75	F	0.00000	0	1.00000	0
76	L	0.00000	0	1.00000	0
77	V	0.00000	0	1.00000	0
78	G	0.00000	0	1.00000	0
79	L	0.00000	0	1.00000	0
80	V	0.00000	0	1.00000	0
81	V	0.00000	0	1.00000	0
82	M	0.00000	0.00066	0.99934	0
83	P	0.00000	0.02555	0.97445	0
84	Y	0.00000	0.10979	0.89021	0
85	S	0.00000	0.2392	0.76080	0
86	M	0.00000	0.28175	0.71825	0
87	V	0.00000	0.51553	0.48447	0
88	R	0.00000	0.99972	0.00028	0
89	T	0.00000	0.9998	0.00020	0
90	V	0.00000	0.99983	0.00017	0
91	E	0.00000	0.99999	0.00001	0
92	G	0.00000	1	0.00000	0
93	C	0.00000	1	0.00000	0
94	W	0.00000	1	0.00000	0
95	Y	0.00000	1	0.00000	0
96	F	0.00000	1	0.00000	0
97	G	0.00000	1	0.00000	0
98	P	0.00000	1	0.00000	0
99	T	0.00000	0.99999	0.00001	0
100	F	0.00000	0.99928	0.00072	0
101	C	0.00000	0.99917	0.00083	0
102	H	0.00000	0.99861	0.00139	0
103	L	0.00000	0.99796	0.00204	0
104	H	0.00000	0.9212	0.07880	0
105	S	0.00000	0.7567	0.24330	0
106	S	0.00000	0.47116	0.52884	0
107	L	0.00000	0.00539	0.99461	0
108	D	0.00000	0.00149	0.99851	0
109	V	0.00000	3e-05	0.99997	0
110	M	0.00000	0	1.00000	0
111	L	0.00000	0	1.00000	0
112	C	0.00000	0	1.00000	0
113	T	0.00000	0	1.00000	0
114	A	0.00000	0	1.00000	0
115	S	0.00000	0	1.00000	0
116	I	0.00000	0	1.00000	0
117	F	0.00000	0	1.00000	0
118	H	0.00000	0	1.00000	0
119	L	0.00000	0	1.00000	0
120	S	0.00000	0	1.00000	0
121	C	0.00000	0	1.00000	0
122	I	0.00000	0	1.00000	0
123	A	0.00000	0	1.00000	0
124	F	0.00000	0	1.00000	0
125	D	0.00000	0	1.00000	0
126	R	0.00193	0	0.99807	0
127	Y	0.15263	0	0.84737	0
128	Y	0.64846	0	0.35154	0
129	A	0.92078	0	0.07922	0
130	V	0.99991	0	0.00009	0
131	C	1.00000	0	0.00000	0
132	N	1.00000	0	0.00000	0
133	P	1.00000	0	0.00000	0
134	L	1.00000	0	0.00000	0
135	V	1.00000	0	0.00000	0
136	Y	1.00000	0	0.00000	0
137	S	1.00000	0	0.00000	0
138	F	1.00000	0	0.00000	0
139	K	1.00000	0	0.00000	0
140	M	1.00000	0	0.00000	0
141	S	1.00000	0	0.00000	0
142	R	1.00000	0	0.00000	0
143	K	0.99997	0	0.00003	0
144	R	0.98838	0	0.01162	0
145	V	0.46362	0	0.53638	0
146	G	0.33462	0	0.66538	0
147	L	0.01491	0	0.98509	0
148	L	0.00058	0	0.99942	0
149	I	0.00000	0	1.00000	0
150	V	0.00000	0	1.00000	0
151	V	0.00000	0	1.00000	0
152	C	0.00000	0	1.00000	0
153	W	0.00000	0	1.00000	0
154	A	0.00000	0	1.00000	0
155	I	0.00000	0	1.00000	0
156	P	0.00000	0	1.00000	0
157	F	0.00000	0	1.00000	0
158	L	0.00000	0	1.00000	0
159	I	0.00000	0	1.00000	0
160	S	0.00000	0	1.00000	0
161	F	0.00000	0	1.00000	0
162	G	0.00000	0	1.00000	0
163	P	0.00000	2e-05	0.99998	0
164	I	0.00000	0.00014	0.99986	0
165	L	0.00000	0.00414	0.99586	0
166	F	0.00000	0.06501	0.93499	0
167	G	0.00000	0.33848	0.66152	0
168	L	0.00000	0.45238	0.54762	0
169	H	0.00000	0.93873	0.06127	0
170	K	0.00000	0.99972	0.00028	0
171	L	0.00000	0.99988	0.00012	0
172	G	0.00000	0.99999	0.00001	0
173	V	0.00000	1	0.00000	0
174	D	0.00000	1	0.00000	0
175	I	0.00000	1	0.00000	0
176	P	0.00000	1	0.00000	0
177	L	0.00000	1	0.00000	0
178	P	0.00000	1	0.00000	0
179	E	0.00000	1	0.00000	0
180	N	0.00000	1	0.00000	0
181	M	0.00000	1	0.00000	0
182	C	0.00000	1	0.00000	0
183	V	0.00000	0.99717	0.00283	0
184	F	0.00000	0.99708	0.00292	0
185	L	0.00000	0.99631	0.00369	0
186	V	0.00000	0.99583	0.00417	0
187	N	0.00000	0.99518	0.00482	0
188	R	0.00000	0.97185	0.02815	0
189	I	0.00000	0.73362	0.26638	0
190	Y	0.00000	0.03461	0.96539	0
191	A	0.00000	0.02232	0.97768	0
192	V	0.00000	0.00203	0.99797	0
193	M	0.00000	4e-05	0.99996	0
194	A	0.00000	1e-05	0.99999	0
195	S	0.00000	0	1.00000	0
196	L	0.00000	0	1.00000	0
197	V	0.00000	0	1.00000	0
198	A	0.00000	0	1.00000	0
199	F	0.00000	0	1.00000	0
200	Y	0.00000	0	1.00000	0
201	L	0.00000	0	1.00000	0
202	P	0.00000	0	1.00000	0
203	M	0.00000	0	1.00000	0
204	V	0.00000	0	1.00000	0
205	T	0.00000	0	1.00000	0
206	M	0.00000	0	1.00000	0
207	L	0.00000	0	1.00000	0
208	V	0.00006	0	0.99994	0
209	A	0.00028	0	0.99972	0
210	Y	0.00040	0	0.99960	0
211	W	0.00340	0	0.99660	0
212	K	0.15940	0	0.84060	0
213	I	0.17556	0	0.82444	0
214	Y	0.28879	0	0.71121	0
215	K	0.99335	0	0.00665	0
216	A	0.99786	0	0.00214	0
217	A	0.99991	0	0.00009	0
218	K	1.00000	0	0.00000	0
219	R	1.00000	0	0.00000	0
220	Q	1.00000	0	0.00000	0
221	A	1.00000	0	0.00000	0
222	M	1.00000	0	0.00000	0
223	Q	1.00000	0	0.00000	0
224	I	1.00000	0	0.00000	0
225	S	1.00000	0	0.00000	0
226	A	1.00000	0	0.00000	0
227	M	1.00000	0	0.00000	0
228	E	1.00000	0	0.00000	0
229	A	1.00000	0	0.00000	0
230	Q	1.00000	0	0.00000	0
231	M	1.00000	0	0.00000	0
232	A	1.00000	0	0.00000	0
233	A	1.00000	0	0.00000	0
234	G	1.00000	0	0.00000	0
235	V	1.00000	0	0.00000	0
236	G	1.00000	0	0.00000	0
237	K	1.00000	0	0.00000	0
238	D	1.00000	0	0.00000	0
239	S	1.00000	0	0.00000	0
240	S	1.00000	0	0.00000	0
241	K	1.00000	0	0.00000	0
242	K	1.00000	0	0.00000	0
243	Q	1.00000	0	0.00000	0
244	K	1.00000	0	0.00000	0
245	H	1.00000	0	0.00000	0
246	R	1.00000	0	0.00000	0
247	N	1.00000	0	0.00000	0
248	S	1.00000	0	0.00000	0
249	I	1.00000	0	0.00000	0
250	R	1.00000	0	0.00000	0
251	R	1.00000	0	0.00000	0
252	E	1.00000	0	0.00000	0
253	R	0.98415	0	0.01585	0
254	K	0.98289	0	0.01711	0
255	A	0.30125	0	0.69875	0
256	A	0.29891	0	0.70109	0
257	K	0.29730	0	0.70270	0
258	T	0.21207	0	0.78793	0
259	L	0.00128	0	0.99872	0
260	G	0.00005	0	0.99995	0
261	I	0.00000	0	1.00000	0
262	I	0.00000	0	1.00000	0
263	M	0.00000	0	1.00000	0
264	G	0.00000	0	1.00000	0
265	V	0.00000	0	1.00000	0
266	F	0.00000	0	1.00000	0
267	L	0.00000	0	1.00000	0
268	L	0.00000	0	1.00000	0
269	F	0.00000	0	1.00000	0
270	W	0.00000	0	1.00000	0
271	L	0.00000	0	1.00000	0
272	P	0.00000	0	1.00000	0
273	F	0.00000	1e-05	0.99999	0
274	F	0.00000	0.00025	0.99975	0
275	T	0.00000	0.00705	0.99295	0
276	V	0.00000	0.02267	0.97733	0
277	N	0.00000	0.11445	0.88555	0
278	I	0.00000	0.15424	0.84576	0
279	I	0.00000	0.31759	0.68241	0
280	D	0.00000	0.97858	0.02142	0
281	P	0.00000	0.98075	0.01925	0
282	F	0.00000	0.98171	0.01829	0
283	I	0.00000	0.9857	0.01430	0
284	E	0.00000	0.99861	0.00139	0
285	Y	0.00000	0.99892	0.00108	0
286	G	0.00000	0.99961	0.00039	0
287	T	0.00000	0.99982	0.00018	0
288	A	0.00000	0.99365	0.00635	0
289	V	0.00000	0.98901	0.01099	0
290	V	0.00000	0.98309	0.01691	0
291	I	0.00000	0.98042	0.01958	0
292	W	0.00000	0.9788	0.02120	0
293	D	0.00000	0.92422	0.07578	0
294	V	0.00000	0.00664	0.99336	0
295	F	0.00000	0.00025	0.99975	0
296	L	0.00000	0	1.00000	0
297	W	0.00000	0	1.00000	0
298	L	0.00000	0	1.00000	0
299	G	0.00000	0	1.00000	0
300	Y	0.00000	0	1.00000	0
301	I	0.00000	0	1.00000	0
302	N	0.00000	0	1.00000	0
303	S	0.00000	0	1.00000	0
304	S	0.00000	0	1.00000	0
305	L	0.00000	0	1.00000	0
306	N	0.00000	0	1.00000	0
307	P	0.00000	0	1.00000	0
308	F	0.00000	0	1.00000	0
309	L	0.00001	0	0.99999	0
310	Y	0.00011	0	0.99989	0
311	G	0.00031	0	0.99969	0
312	F	0.00065	0	0.99935	0
313	F	0.02903	0	0.97097	0
314	N	0.50697	0	0.49303	0
315	R	1.00000	0	0.00000	0
316	S	1.00000	0	0.00000	0
317	F	1.00000	0	0.00000	0
318	R	1.00000	0	0.00000	0
319	R	1.00000	0	0.00000	0
320	A	1.00000	0	0.00000	0
321	F	1.00000	0	0.00000	0
322	L	1.00000	0	0.00000	0
323	M	1.00000	0	0.00000	0
324	I	1.00000	0	0.00000	0
325	M	1.00000	0	0.00000	0
326	G	1.00000	0	0.00000	0
327	C	1.00000	0	0.00000	0
328	R	1.00000	0	0.00000	0
329	I	1.00000	0	0.00000	0
330	C	1.00000	0	0.00000	0
331	L	1.00000	0	0.00000	0
332	H	1.00000	0	0.00000	0
333	G	1.00000	0	0.00000	0
334	S	1.00000	0	0.00000	0
335	A	1.00000	0	0.00000	0
336	Q	1.00000	0	0.00000	0
337	G	1.00000	0	0.00000	0
338	M	1.00000	0	0.00000	0
339	D	1.00000	0	0.00000	0
340	L	1.00000	0	0.00000	0
341	S	1.00000	0	0.00000	0
342	H	1.00000	0	0.00000	0
343	S	1.00000	0	0.00000	0
344	K	1.00000	0	0.00000	0
345	R	1.00000	0	0.00000	0
346	D	1.00000	0	0.00000	0
347	G	1.00000	0	0.00000	0
348	N	1.00000	0	0.00000	0
349	E	1.00000	0	0.00000	0
350	R	1.00000	0	0.00000	0
351	T	1.00000	0	0.00000	0
352	D	1.00000	0	0.00000	0
353	N	1.00000	0	0.00000	0
