# UNNAMED
#pos	aa	i	o	M	S
1	M	0.00000	0.99997	0.00000	3e-05
2	D	0.00000	0.99997	0.00000	3e-05
3	S	0.00000	0.99997	0.00000	3e-05
4	S	0.00000	0.99997	0.00000	3e-05
5	S	0.00000	0.99997	0.00000	3e-05
6	S	0.00000	0.99997	0.00000	3e-05
7	V	0.00000	0.99997	0.00000	3e-05
8	L	0.00000	0.99997	0.00000	3e-05
9	D	0.00000	0.99997	0.00000	3e-05
10	L	0.00000	0.99997	0.00000	3e-05
11	M	0.00000	0.99997	0.00000	3e-05
12	Q	0.00000	0.99997	0.00000	3e-05
13	L	0.00000	0.99997	0.00000	3e-05
14	C	0.00000	0.99997	0.00000	3e-05
15	C	0.00000	0.99997	0.00000	3e-05
16	E	0.00000	0.99997	0.00000	3e-05
17	S	0.00000	0.99997	0.00000	3e-05
18	I	0.00000	0.99997	0.00000	3e-05
19	N	0.00000	0.99997	0.00000	3e-05
20	G	0.00000	0.99997	0.00000	3e-05
21	S	0.00000	0.99997	0.00000	3e-05
22	C	0.00000	0.99997	0.00000	3e-05
23	I	0.00000	0.99997	0.00000	2e-05
24	R	0.00000	0.99998	0.00000	2e-05
25	S	0.00000	0.99998	0.00000	2e-05
26	S	0.00000	0.99999	0.00000	1e-05
27	W	0.00000	0.99999	0.00000	1e-05
28	S	0.00000	0.99999	0.00000	1e-05
29	N	0.00000	1	0.00000	0
30	S	0.00000	0.99994	0.00006	0
31	I	0.00000	0.99974	0.00026	0
32	R	0.00000	0.9976	0.00240	0
33	I	0.00000	0.77269	0.22731	0
34	S	0.00000	0.70105	0.29895	0
35	M	0.00000	0.54752	0.45248	0
36	Y	0.00000	0.01773	0.98227	0
37	I	0.00000	0.00363	0.99637	0
38	F	0.00000	0.00124	0.99876	0
39	M	0.00000	0.00069	0.99931	0
40	V	0.00000	0.00021	0.99979	0
41	C	0.00000	0.00016	0.99984	0
42	I	0.00000	0	1.00000	0
43	I	0.00000	0	1.00000	0
44	L	0.00000	0	1.00000	0
45	A	0.00000	0	1.00000	0
46	T	0.00000	0	1.00000	0
47	V	0.00000	0	1.00000	0
48	V	0.00000	0	1.00000	0
49	G	0.00000	0	1.00000	0
50	N	0.00000	0	1.00000	0
51	L	0.00000	0	1.00000	0
52	T	0.00000	0	1.00000	0
53	V	0.00000	0	1.00000	0
54	I	0.00001	0	0.99999	0
55	I	0.00079	0	0.99921	0
56	S	0.09100	0	0.90900	0
57	I	0.12335	0	0.87665	0
58	S	0.84340	0	0.15660	0
59	H	0.94032	0	0.05968	0
60	F	0.96292	0	0.03708	0
61	K	0.99906	0	0.00094	0
62	Q	0.99999	0	0.00001	0
63	L	1.00000	0	0.00000	0
64	H	1.00000	0	0.00000	0
65	T	1.00000	0	0.00000	0
66	P	1.00000	0	0.00000	0
67	T	0.86539	0	0.13461	0
68	N	0.03892	0	0.96108	0
69	F	0.00133	0	0.99867	0
70	L	0.00000	0	1.00000	0
71	I	0.00000	0	1.00000	0
72	L	0.00000	0	1.00000	0
73	S	0.00000	0	1.00000	0
74	M	0.00000	0	1.00000	0
75	A	0.00000	0	1.00000	0
76	T	0.00000	0	1.00000	0
77	V	0.00000	0	1.00000	0
78	D	0.00000	0	1.00000	0
79	F	0.00000	0	1.00000	0
80	L	0.00000	0	1.00000	0
81	L	0.00000	0	1.00000	0
82	G	0.00000	0	1.00000	0
83	F	0.00000	0	1.00000	0
84	F	0.00000	0	1.00000	0
85	V	0.00000	4e-05	0.99996	0
86	M	0.00000	0.0043	0.99570	0
87	P	0.00000	0.26237	0.73763	0
88	C	0.00000	0.99114	0.00886	0
89	S	0.00000	0.99411	0.00589	0
90	M	0.00000	0.99469	0.00531	0
91	V	0.00000	0.99678	0.00322	0
92	R	0.00000	0.99986	0.00014	0
93	S	0.00000	0.99986	0.00014	0
94	V	0.00000	0.99988	0.00012	0
95	E	0.00000	1	0.00000	0
96	H	0.00000	1	0.00000	0
97	C	0.00000	1	0.00000	0
98	W	0.00000	1	0.00000	0
99	Y	0.00000	1	0.00000	0
100	F	0.00000	1	0.00000	0
101	G	0.00000	1	0.00000	0
102	E	0.00000	1	0.00000	0
103	F	0.00000	0.99996	0.00004	0
104	F	0.00000	0.99968	0.00032	0
105	C	0.00000	0.99965	0.00035	0
106	K	0.00000	0.99953	0.00047	0
107	I	0.00000	0.99606	0.00394	0
108	H	0.00000	0.74787	0.25213	0
109	S	0.00000	0.47924	0.52076	0
110	S	0.00000	0.21498	0.78502	0
111	T	0.00000	0.02025	0.97975	0
112	D	0.00000	0.00331	0.99669	0
113	I	0.00000	5e-05	0.99995	0
114	M	0.00000	0	1.00000	0
115	L	0.00000	0	1.00000	0
116	S	0.00000	0	1.00000	0
117	T	0.00000	0	1.00000	0
118	A	0.00000	0	1.00000	0
119	S	0.00000	0	1.00000	0
120	I	0.00000	0	1.00000	0
121	F	0.00000	0	1.00000	0
122	H	0.00000	0	1.00000	0
123	L	0.00000	0	1.00000	0
124	S	0.00000	0	1.00000	0
125	F	0.00000	0	1.00000	0
126	I	0.00000	0	1.00000	0
127	S	0.00001	0	0.99999	0
128	I	0.00002	0	0.99998	0
129	D	0.00021	0	0.99979	0
130	R	0.10979	0	0.89021	0
131	Y	0.87547	0	0.12453	0
132	Y	0.95595	0	0.04405	0
133	A	0.99361	0	0.00639	0
134	V	1.00000	0	0.00000	0
135	C	1.00000	0	0.00000	0
136	D	1.00000	0	0.00000	0
137	P	1.00000	0	0.00000	0
138	L	1.00000	0	0.00000	0
139	R	1.00000	0	0.00000	0
140	Y	1.00000	0	0.00000	0
141	K	1.00000	0	0.00000	0
142	S	1.00000	0	0.00000	0
143	K	0.99999	0	0.00001	0
144	I	0.99522	0	0.00478	0
145	N	0.99432	0	0.00568	0
146	T	0.97809	0	0.02191	0
147	S	0.87734	0	0.12266	0
148	V	0.12681	0	0.87319	0
149	I	0.01332	0	0.98668	0
150	V	0.00028	0	0.99972	0
151	V	0.00000	0	1.00000	0
152	M	0.00000	0	1.00000	0
153	V	0.00000	0	1.00000	0
154	C	0.00000	0	1.00000	0
155	T	0.00000	0	1.00000	0
156	S	0.00000	0	1.00000	0
157	W	0.00000	0	1.00000	0
158	M	0.00000	0	1.00000	0
159	V	0.00000	0	1.00000	0
160	P	0.00000	0	1.00000	0
161	A	0.00000	0	1.00000	0
162	A	0.00000	0	1.00000	0
163	F	0.00000	0	1.00000	0
164	A	0.00000	5e-05	0.99995	0
165	F	0.00000	0.00042	0.99958	0
166	G	0.00000	0.00611	0.99389	0
167	M	0.00000	0.0084	0.99160	0
168	I	0.00000	0.03082	0.96918	0
169	F	0.00000	0.14628	0.85372	0
170	L	0.00000	0.44748	0.55252	0
171	D	0.00000	0.99875	0.00125	0
172	L	0.00000	0.99956	0.00044	0
173	N	0.00000	0.99999	0.00001	0
174	L	0.00000	1	0.00000	0
175	R	0.00000	1	0.00000	0
176	G	0.00000	1	0.00000	0
177	A	0.00000	1	0.00000	0
178	E	0.00000	1	0.00000	0
179	K	0.00000	1	0.00000	0
180	I	0.00000	1	0.00000	0
181	Y	0.00000	1	0.00000	0
182	N	0.00000	1	0.00000	0
183	H	0.00000	1	0.00000	0
184	V	0.00000	1	0.00000	0
185	H	0.00000	1	0.00000	0
186	C	0.00000	1	0.00000	0
187	A	0.00000	1	0.00000	0
188	G	0.00000	1	0.00000	0
189	G	0.00000	0.99999	0.00001	0
190	C	0.00000	0.9983	0.00170	0
191	F	0.00000	0.03629	0.96371	0
192	L	0.00000	0.02981	0.97019	0
193	L	0.00000	0.0162	0.98380	0
194	F	0.00000	0.01164	0.98836	0
195	S	0.00000	0.01162	0.98838	0
196	E	0.00000	0.01155	0.98845	0
197	T	0.00000	0.01073	0.98927	0
198	S	0.00000	0.00378	0.99622	0
199	G	0.00000	0.0034	0.99660	0
200	I	0.00000	0.00097	0.99903	0
201	V	0.00000	0	1.00000	0
202	A	0.00000	0	1.00000	0
203	S	0.00000	0	1.00000	0
204	I	0.00000	0	1.00000	0
205	V	0.00000	0	1.00000	0
206	S	0.00000	0	1.00000	0
207	F	0.00000	0	1.00000	0
208	Y	0.00000	0	1.00000	0
209	I	0.00000	0	1.00000	0
210	P	0.00000	0	1.00000	0
211	G	0.00000	0	1.00000	0
212	F	0.00000	0	1.00000	0
213	V	0.00004	0	0.99996	0
214	M	0.00018	0	0.99982	0
215	L	0.00039	0	0.99961	0
216	C	0.01365	0	0.98635	0
217	I	0.09979	0	0.90021	0
218	Y	0.36464	0	0.63536	0
219	R	0.97622	0	0.02378	0
220	K	0.98984	0	0.01016	0
221	I	0.99007	0	0.00993	0
222	Y	0.99129	0	0.00871	0
223	S	0.99957	0	0.00043	0
224	V	0.99997	0	0.00003	0
225	A	1.00000	0	0.00000	0
226	K	1.00000	0	0.00000	0
227	K	1.00000	0	0.00000	0
228	Q	1.00000	0	0.00000	0
229	A	1.00000	0	0.00000	0
230	R	1.00000	0	0.00000	0
231	S	1.00000	0	0.00000	0
232	I	1.00000	0	0.00000	0
233	N	1.00000	0	0.00000	0
234	T	1.00000	0	0.00000	0
235	I	1.00000	0	0.00000	0
236	S	1.00000	0	0.00000	0
237	R	1.00000	0	0.00000	0
238	K	1.00000	0	0.00000	0
239	K	1.00000	0	0.00000	0
240	M	1.00000	0	0.00000	0
241	Q	1.00000	0	0.00000	0
242	F	1.00000	0	0.00000	0
243	E	1.00000	0	0.00000	0
244	M	1.00000	0	0.00000	0
245	K	1.00000	0	0.00000	0
246	H	1.00000	0	0.00000	0
247	H	1.00000	0	0.00000	0
248	I	1.00000	0	0.00000	0
249	S	1.00000	0	0.00000	0
250	F	1.00000	0	0.00000	0
251	C	1.00000	0	0.00000	0
252	R	1.00000	0	0.00000	0
253	E	1.00000	0	0.00000	0
254	R	0.98860	0	0.01140	0
255	K	0.98760	0	0.01240	0
256	A	0.44095	0	0.55905	0
257	A	0.43915	0	0.56085	0
258	K	0.43794	0	0.56206	0
259	T	0.36343	0	0.63657	0
260	L	0.00891	0	0.99109	0
261	G	0.00130	0	0.99870	0
262	I	0.00024	0	0.99976	0
263	I	0.00022	0	0.99978	0
264	M	0.00020	0	0.99980	0
265	G	0.00002	0	0.99998	0
266	V	0.00001	0	0.99999	0
267	F	0.00000	0	1.00000	0
268	L	0.00000	0	1.00000	0
269	I	0.00000	0	1.00000	0
270	C	0.00000	0	1.00000	0
271	W	0.00000	0	1.00000	0
272	T	0.00000	0	1.00000	0
273	P	0.00000	0	1.00000	0
274	F	0.00000	0	1.00000	0
275	F	0.00000	0	1.00000	0
276	F	0.00000	0.00023	0.99977	0
277	F	0.00000	0.00466	0.99534	0
278	T	0.00000	0.05786	0.94214	0
279	A	0.00000	0.15983	0.84017	0
280	T	0.00000	0.458	0.54200	0
281	N	0.00000	0.65307	0.34693	0
282	P	0.00000	0.68289	0.31711	0
283	F	0.00000	0.69308	0.30692	0
284	M	0.00000	0.74419	0.25581	0
285	N	0.00000	0.90953	0.09047	0
286	Y	0.00000	0.9248	0.07520	0
287	V	0.00000	0.93392	0.06608	0
288	I	0.00000	0.95961	0.04039	0
289	P	0.00000	0.9967	0.00330	0
290	P	0.00000	0.99951	0.00049	0
291	V	0.00000	0.99925	0.00075	0
292	L	0.00000	0.99879	0.00121	0
293	I	0.00000	0.9984	0.00160	0
294	D	0.00000	0.97061	0.02939	0
295	A	0.00000	0.09028	0.90972	0
296	L	0.00000	0.02213	0.97787	0
297	V	0.00000	0.0048	0.99520	0
298	W	0.00000	0.00038	0.99962	0
299	F	0.00000	0	1.00000	0
300	G	0.00000	0	1.00000	0
301	Y	0.00000	0	1.00000	0
302	L	0.00000	0	1.00000	0
303	N	0.00002	0	0.99998	0
304	S	0.00002	0	0.99998	0
305	T	0.00002	0	0.99998	0
306	L	0.00002	0	0.99998	0
307	N	0.00002	0	0.99998	0
308	P	0.00002	0	0.99998	0
309	V	0.00002	0	0.99998	0
310	V	0.00002	0	0.99998	0
311	Y	0.00003	0	0.99997	0
312	A	0.00004	0	0.99996	0
313	F	0.00007	0	0.99993	0
314	F	0.00086	0	0.99914	0
315	Y	0.02676	0	0.97324	0
316	L	0.12063	0	0.87937	0
317	W	0.27716	0	0.72284	0
318	F	0.68789	0	0.31211	0
319	R	1.00000	0	0.00000	0
320	R	1.00000	0	0.00000	0
321	A	1.00000	0	0.00000	0
322	L	1.00000	0	0.00000	0
323	K	1.00000	0	0.00000	0
324	I	1.00000	0	0.00000	0
325	I	1.00000	0	0.00000	0
326	L	1.00000	0	0.00000	0
327	L	1.00000	0	0.00000	0
328	G	1.00000	0	0.00000	0
329	K	1.00000	0	0.00000	0
330	V	1.00000	0	0.00000	0
331	F	1.00000	0	0.00000	0
332	Q	1.00000	0	0.00000	0
333	Q	1.00000	0	0.00000	0
334	D	1.00000	0	0.00000	0
335	S	1.00000	0	0.00000	0
336	S	1.00000	0	0.00000	0
337	R	1.00000	0	0.00000	0
338	T	1.00000	0	0.00000	0
339	H	1.00000	0	0.00000	0
340	L	1.00000	0	0.00000	0
341	F	1.00000	0	0.00000	0
342	S	1.00000	0	0.00000	0
343	D	1.00000	0	0.00000	0
