# UNNAMED
#pos	aa	i	o	M	S
1	M	0.00000	1	0.00000	0
2	E	0.00000	1	0.00000	0
3	D	0.00000	1	0.00000	0
4	Q	0.00000	1	0.00000	0
5	I	0.00000	1	0.00000	0
6	E	0.00000	1	0.00000	0
7	C	0.00000	1	0.00000	0
8	Q	0.00000	1	0.00000	0
9	Q	0.00000	1	0.00000	0
10	R	0.00000	1	0.00000	0
11	S	0.00000	1	0.00000	0
12	T	0.00000	1	0.00000	0
13	S	0.00000	1	0.00000	0
14	F	0.00000	1	0.00000	0
15	D	0.00000	1	0.00000	0
16	V	0.00000	1	0.00000	0
17	F	0.00000	1	0.00000	0
18	Q	0.00000	1	0.00000	0
19	I	0.00000	1	0.00000	0
20	N	0.00000	1	0.00000	0
21	D	0.00000	1	0.00000	0
22	S	0.00000	1	0.00000	0
23	Y	0.00000	1	0.00000	0
24	T	0.00000	1	0.00000	0
25	D	0.00000	1	0.00000	0
26	R	0.00000	1	0.00000	0
27	N	0.00000	1	0.00000	0
28	C	0.00000	1	0.00000	0
29	S	0.00000	1	0.00000	0
30	G	0.00000	1	0.00000	0
31	G	0.00000	1	0.00000	0
32	L	0.00000	1	0.00000	0
33	S	0.00000	1	0.00000	0
34	S	0.00000	1	0.00000	0
35	S	0.00000	1	0.00000	0
36	Q	0.00000	1	0.00000	0
37	D	0.00000	1	0.00000	0
38	K	0.00000	1	0.00000	0
39	S	0.00000	0.99998	0.00002	0
40	G	0.00000	0.99991	0.00009	0
41	I	0.00000	0.99791	0.00209	0
42	S	0.00000	0.99676	0.00324	0
43	A	0.00000	0.98441	0.01559	0
44	L	0.00000	0.97277	0.02723	0
45	K	0.00000	0.96365	0.03635	0
46	I	0.00000	0.30221	0.69779	0
47	T	0.00000	0.16266	0.83734	0
48	L	0.00000	0.07415	0.92585	0
49	A	0.00000	0.0307	0.96930	0
50	V	0.00000	0.01123	0.98877	0
51	V	0.00000	0.00246	0.99754	0
52	L	0.00000	0.00022	0.99978	0
53	A	0.00000	1e-05	0.99999	0
54	L	0.00000	0	1.00000	0
55	I	0.00000	0	1.00000	0
56	T	0.00000	0	1.00000	0
57	L	0.00000	0	1.00000	0
58	A	0.00000	0	1.00000	0
59	T	0.00000	0	1.00000	0
60	I	0.00000	0	1.00000	0
61	L	0.00000	0	1.00000	0
62	S	0.00000	0	1.00000	0
63	N	0.00000	0	1.00000	0
64	T	0.00000	0	1.00000	0
65	F	0.00000	0	1.00000	0
66	V	0.00001	0	0.99999	0
67	I	0.00008	0	0.99992	0
68	V	0.00562	0	0.99438	0
69	T	0.14378	0	0.85622	0
70	I	0.21267	0	0.78733	0
71	Y	0.54364	0	0.45636	0
72	R	0.99446	0	0.00554	0
73	T	0.99970	0	0.00030	0
74	R	0.99999	0	0.00001	0
75	K	1.00000	0	0.00000	0
76	L	1.00000	0	0.00000	0
77	H	1.00000	0	0.00000	0
78	T	1.00000	0	0.00000	0
79	P	1.00000	0	0.00000	0
80	A	0.39054	0	0.60946	0
81	N	0.05041	0	0.94959	0
82	F	0.00488	0	0.99512	0
83	L	0.00005	0	0.99995	0
84	I	0.00000	0	1.00000	0
85	A	0.00000	0	1.00000	0
86	S	0.00000	0	1.00000	0
87	L	0.00000	0	1.00000	0
88	A	0.00000	0	1.00000	0
89	V	0.00000	0	1.00000	0
90	T	0.00000	0	1.00000	0
91	D	0.00000	0	1.00000	0
92	L	0.00000	0	1.00000	0
93	L	0.00000	0	1.00000	0
94	V	0.00000	0	1.00000	0
95	S	0.00000	0	1.00000	0
96	I	0.00000	0	1.00000	0
97	L	0.00000	0	1.00000	0
98	V	0.00000	1e-05	0.99999	0
99	M	0.00000	0.00055	0.99945	0
100	P	0.00000	0.00859	0.99141	0
101	I	0.00000	0.15785	0.84215	0
102	S	0.00000	0.68096	0.31904	0
103	T	0.00000	0.85692	0.14308	0
104	I	0.00000	0.90819	0.09181	0
105	Y	0.00000	0.99995	0.00005	0
106	T	0.00000	0.99998	0.00002	0
107	V	0.00000	0.99998	0.00002	0
108	S	0.00000	1	0.00000	0
109	G	0.00000	1	0.00000	0
110	E	0.00000	1	0.00000	0
111	W	0.00000	1	0.00000	0
112	T	0.00000	1	0.00000	0
113	L	0.00000	1	0.00000	0
114	G	0.00000	1	0.00000	0
115	Q	0.00000	0.99965	0.00035	0
116	I	0.00000	0.99724	0.00276	0
117	V	0.00000	0.99671	0.00329	0
118	C	0.00000	0.99641	0.00359	0
119	D	0.00000	0.99508	0.00492	0
120	M	0.00000	0.99292	0.00708	0
121	W	0.00000	0.81862	0.18138	0
122	L	0.00000	0.09532	0.90468	0
123	S	0.00000	0.0178	0.98220	0
124	S	0.00000	0.00333	0.99667	0
125	D	0.00000	0.00125	0.99875	0
126	I	0.00000	4e-05	0.99996	0
127	T	0.00000	0	1.00000	0
128	C	0.00000	0	1.00000	0
129	C	0.00000	0	1.00000	0
130	T	0.00000	0	1.00000	0
131	A	0.00000	0	1.00000	0
132	S	0.00000	0	1.00000	0
133	I	0.00000	0	1.00000	0
134	L	0.00000	0	1.00000	0
135	H	0.00000	0	1.00000	0
136	L	0.00000	0	1.00000	0
137	C	0.00001	0	0.99999	0
138	V	0.00001	0	0.99999	0
139	I	0.00002	0	0.99998	0
140	A	0.00007	0	0.99993	0
141	L	0.00007	0	0.99993	0
142	D	0.00012	0	0.99988	0
143	R	0.11482	0	0.88518	0
144	Y	0.46659	0	0.53341	0
145	W	0.49452	0	0.50548	0
146	A	0.80631	0	0.19369	0
147	I	1.00000	0	0.00000	0
148	T	1.00000	0	0.00000	0
149	D	1.00000	0	0.00000	0
150	A	1.00000	0	0.00000	0
151	V	1.00000	0	0.00000	0
152	E	1.00000	0	0.00000	0
153	Y	1.00000	0	0.00000	0
154	S	1.00000	0	0.00000	0
155	K	1.00000	0	0.00000	0
156	K	1.00000	0	0.00000	0
157	R	1.00000	0	0.00000	0
158	T	0.99999	0	0.00001	0
159	P	0.99995	0	0.00005	0
160	R	0.99873	0	0.00127	0
161	R	0.96217	0	0.03783	0
162	A	0.08063	0	0.91937	0
163	A	0.01653	0	0.98347	0
164	G	0.00545	0	0.99455	0
165	M	0.00058	0	0.99942	0
166	I	0.00000	0	1.00000	0
167	G	0.00000	0	1.00000	0
168	I	0.00000	0	1.00000	0
169	V	0.00000	0	1.00000	0
170	W	0.00000	0	1.00000	0
171	I	0.00000	0	1.00000	0
172	I	0.00000	0	1.00000	0
173	A	0.00000	0	1.00000	0
174	I	0.00000	0	1.00000	0
175	S	0.00000	0	1.00000	0
176	I	0.00000	0	1.00000	0
177	S	0.00000	0	1.00000	0
178	I	0.00000	0	1.00000	0
179	P	0.00000	3e-05	0.99997	0
180	P	0.00000	0.00015	0.99985	0
181	L	0.00000	0.00098	0.99902	0
182	F	0.00000	0.03049	0.96951	0
183	W	0.00000	0.46529	0.53471	0
184	R	0.00000	0.96571	0.03429	0
185	Q	0.00000	0.99304	0.00696	0
186	A	0.00000	0.9967	0.00330	0
187	K	0.00000	0.99998	0.00002	0
188	A	0.00000	0.99999	0.00001	0
189	E	0.00000	1	0.00000	0
190	G	0.00000	1	0.00000	0
191	E	0.00000	1	0.00000	0
192	L	0.00000	1	0.00000	0
193	T	0.00000	1	0.00000	0
194	T	0.00000	1	0.00000	0
195	C	0.00000	1	0.00000	0
196	M	0.00000	1	0.00000	0
197	V	0.00000	1	0.00000	0
198	N	0.00000	1	0.00000	0
199	T	0.00000	0.99999	0.00001	0
200	D	0.00000	0.99996	0.00004	0
201	H	0.00000	0.99458	0.00542	0
202	I	0.00000	0.77751	0.22249	0
203	F	0.00000	0.29156	0.70844	0
204	Y	0.00000	0.26943	0.73057	0
205	T	0.00000	0.26256	0.73744	0
206	I	0.00000	0.00379	0.99621	0
207	Y	0.00000	0.00152	0.99848	0
208	S	0.00000	0.00118	0.99882	0
209	T	0.00000	6e-05	0.99994	0
210	F	0.00000	2e-05	0.99998	0
211	G	0.00000	0	1.00000	0
212	A	0.00000	0	1.00000	0
213	F	0.00000	0	1.00000	0
214	Y	0.00000	0	1.00000	0
215	I	0.00000	0	1.00000	0
216	P	0.00000	0	1.00000	0
217	T	0.00000	0	1.00000	0
218	L	0.00000	0	1.00000	0
219	L	0.00000	0	1.00000	0
220	L	0.00000	0	1.00000	0
221	I	0.00000	0	1.00000	0
222	A	0.00000	0	1.00000	0
223	L	0.00010	0	0.99990	0
224	Y	0.00377	0	0.99623	0
225	G	0.11205	0	0.88795	0
226	R	0.26687	0	0.73313	0
227	I	0.27836	0	0.72164	0
228	Y	0.34057	0	0.65943	0
229	V	0.70511	0	0.29489	0
230	E	0.98503	0	0.01497	0
231	A	0.99984	0	0.00016	0
232	R	0.99999	0	0.00001	0
233	S	1.00000	0	0.00000	0
234	R	1.00000	0	0.00000	0
235	I	1.00000	0	0.00000	0
236	L	1.00000	0	0.00000	0
237	K	1.00000	0	0.00000	0
238	Q	1.00000	0	0.00000	0
239	S	1.00000	0	0.00000	0
240	P	1.00000	0	0.00000	0
241	K	1.00000	0	0.00000	0
242	K	1.00000	0	0.00000	0
243	T	1.00000	0	0.00000	0
244	G	1.00000	0	0.00000	0
245	K	1.00000	0	0.00000	0
246	R	1.00000	0	0.00000	0
247	L	1.00000	0	0.00000	0
248	T	1.00000	0	0.00000	0
249	K	1.00000	0	0.00000	0
250	A	1.00000	0	0.00000	0
251	Q	1.00000	0	0.00000	0
252	L	1.00000	0	0.00000	0
253	I	1.00000	0	0.00000	0
254	T	1.00000	0	0.00000	0
255	N	1.00000	0	0.00000	0
256	S	1.00000	0	0.00000	0
257	P	1.00000	0	0.00000	0
258	G	1.00000	0	0.00000	0
259	S	1.00000	0	0.00000	0
260	S	1.00000	0	0.00000	0
261	S	1.00000	0	0.00000	0
262	V	1.00000	0	0.00000	0
263	S	1.00000	0	0.00000	0
264	S	1.00000	0	0.00000	0
265	I	1.00000	0	0.00000	0
266	N	1.00000	0	0.00000	0
267	S	1.00000	0	0.00000	0
268	R	1.00000	0	0.00000	0
269	A	1.00000	0	0.00000	0
270	P	1.00000	0	0.00000	0
271	E	1.00000	0	0.00000	0
272	I	1.00000	0	0.00000	0
273	S	1.00000	0	0.00000	0
274	S	1.00000	0	0.00000	0
275	E	1.00000	0	0.00000	0
276	T	1.00000	0	0.00000	0
277	G	1.00000	0	0.00000	0
278	S	1.00000	0	0.00000	0
279	P	1.00000	0	0.00000	0
280	V	1.00000	0	0.00000	0
281	Y	1.00000	0	0.00000	0
282	L	1.00000	0	0.00000	0
283	N	1.00000	0	0.00000	0
284	H	1.00000	0	0.00000	0
285	V	1.00000	0	0.00000	0
286	K	1.00000	0	0.00000	0
287	V	1.00000	0	0.00000	0
288	K	1.00000	0	0.00000	0
289	V	1.00000	0	0.00000	0
290	S	1.00000	0	0.00000	0
291	D	1.00000	0	0.00000	0
292	A	1.00000	0	0.00000	0
293	L	1.00000	0	0.00000	0
294	L	1.00000	0	0.00000	0
295	E	1.00000	0	0.00000	0
296	K	1.00000	0	0.00000	0
297	K	1.00000	0	0.00000	0
298	K	1.00000	0	0.00000	0
299	I	1.00000	0	0.00000	0
300	I	1.00000	0	0.00000	0
301	A	1.00000	0	0.00000	0
302	A	1.00000	0	0.00000	0
303	R	1.00000	0	0.00000	0
304	E	1.00000	0	0.00000	0
305	R	0.99783	0	0.00217	0
306	K	0.99757	0	0.00243	0
307	A	0.79234	0	0.20766	0
308	T	0.79129	0	0.20871	0
309	K	0.78891	0	0.21109	0
310	T	0.78632	0	0.21368	0
311	L	0.01076	0	0.98924	0
312	G	0.00264	0	0.99736	0
313	I	0.00032	0	0.99968	0
314	I	0.00023	0	0.99977	0
315	L	0.00002	0	0.99998	0
316	G	0.00000	0	1.00000	0
317	A	0.00000	0	1.00000	0
318	F	0.00000	0	1.00000	0
319	I	0.00000	0	1.00000	0
320	V	0.00000	0	1.00000	0
321	C	0.00000	0	1.00000	0
322	W	0.00000	0	1.00000	0
323	L	0.00000	0	1.00000	0
324	P	0.00000	0	1.00000	0
325	F	0.00000	0	1.00000	0
326	F	0.00000	0	1.00000	0
327	I	0.00000	2e-05	0.99998	0
328	V	0.00000	0.00023	0.99977	0
329	T	0.00000	0.00149	0.99851	0
330	L	0.00000	0.00388	0.99612	0
331	V	0.00000	0.01591	0.98409	0
332	F	0.00000	0.04993	0.95007	0
333	P	0.00000	0.2842	0.71580	0
334	I	0.00000	0.38906	0.61094	0
335	C	0.00000	0.78382	0.21618	0
336	M	0.00000	0.8199	0.18010	0
337	D	0.00000	0.99847	0.00153	0
338	A	0.00000	0.99853	0.00147	0
339	C	0.00000	0.99916	0.00084	0
340	W	0.00000	0.99892	0.00108	0
341	F	0.00000	0.99869	0.00131	0
342	H	0.00000	0.99859	0.00141	0
343	P	0.00000	0.99789	0.00211	0
344	A	0.00000	0.98798	0.01202	0
345	L	0.00000	0.97974	0.02026	0
346	I	0.00000	0.97772	0.02228	0
347	D	0.00000	0.92444	0.07556	0
348	F	0.00000	0.00885	0.99115	0
349	F	0.00000	0.00039	0.99961	0
350	T	0.00000	1e-05	0.99999	0
351	W	0.00000	0	1.00000	0
352	L	0.00000	0	1.00000	0
353	G	0.00000	0	1.00000	0
354	Y	0.00000	0	1.00000	0
355	L	0.00000	0	1.00000	0
356	N	0.00002	0	0.99998	0
357	S	0.00002	0	0.99998	0
358	L	0.00003	0	0.99997	0
359	I	0.00004	0	0.99996	0
360	N	0.00004	0	0.99996	0
361	P	0.00005	0	0.99995	0
362	I	0.00005	0	0.99995	0
363	I	0.00022	0	0.99978	0
364	Y	0.00072	0	0.99928	0
365	T	0.00172	0	0.99828	0
366	M	0.00328	0	0.99672	0
367	S	0.07434	0	0.92566	0
368	N	0.35351	0	0.64649	0
369	E	1.00000	0	0.00000	0
370	D	1.00000	0	0.00000	0
371	F	1.00000	0	0.00000	0
372	K	1.00000	0	0.00000	0
373	Q	1.00000	0	0.00000	0
374	A	1.00000	0	0.00000	0
375	F	1.00000	0	0.00000	0
376	Q	1.00000	0	0.00000	0
377	K	1.00000	0	0.00000	0
378	L	1.00000	0	0.00000	0
379	V	1.00000	0	0.00000	0
380	S	1.00000	0	0.00000	0
381	I	1.00000	0	0.00000	0
382	R	1.00000	0	0.00000	0
383	C	1.00000	0	0.00000	0
384	C	1.00000	0	0.00000	0
385	A	1.00000	0	0.00000	0
386	S	1.00000	0	0.00000	0
