# UNNAMED
#pos	aa	i	o	M	S
1	M	0.00000	0.99999	0.00000	1e-05
2	E	0.00000	0.99999	0.00000	1e-05
3	P	0.00000	0.99999	0.00000	1e-05
4	N	0.00000	0.99999	0.00000	1e-05
5	L	0.00000	0.99999	0.00000	1e-05
6	S	0.00000	0.99999	0.00000	1e-05
7	G	0.00000	0.99999	0.00000	1e-05
8	N	0.00000	0.99999	0.00000	1e-05
9	A	0.00000	0.99999	0.00000	1e-05
10	C	0.00000	0.99999	0.00000	1e-05
11	S	0.00000	0.99999	0.00000	1e-05
12	S	0.00000	0.99999	0.00000	1e-05
13	A	0.00000	0.99999	0.00000	1e-05
14	L	0.00000	1	0.00000	0
15	R	0.00000	1	0.00000	0
16	P	0.00000	1	0.00000	0
17	G	0.00000	1	0.00000	0
18	P	0.00000	1	0.00000	0
19	E	0.00000	1	0.00000	0
20	P	0.00000	1	0.00000	0
21	V	0.00000	1	0.00000	0
22	L	0.00000	1	0.00000	0
23	E	0.00000	1	0.00000	0
24	P	0.00000	1	0.00000	0
25	G	0.00000	1	0.00000	0
26	Q	0.00000	1	0.00000	0
27	V	0.00000	1	0.00000	0
28	L	0.00000	1	0.00000	0
29	H	0.00000	1	0.00000	0
30	P	0.00000	1	0.00000	0
31	G	0.00000	1	0.00000	0
32	P	0.00000	1	0.00000	0
33	H	0.00000	0.99998	0.00002	0
34	A	0.00000	0.99994	0.00006	0
35	G	0.00000	0.99983	0.00017	0
36	H	0.00000	0.9982	0.00180	0
37	F	0.00000	0.99694	0.00306	0
38	S	0.00000	0.99635	0.00365	0
39	V	0.00000	0.99298	0.00702	0
40	P	0.00000	0.99142	0.00858	0
41	E	0.00000	0.98525	0.01475	0
42	A	0.00000	0.73123	0.26877	0
43	A	0.00000	0.45171	0.54829	0
44	L	0.00000	0.22337	0.77663	0
45	L	0.00000	0.11857	0.88143	0
46	A	0.00000	0.05784	0.94216	0
47	A	0.00000	0.02449	0.97551	0
48	L	0.00000	0.00957	0.99043	0
49	M	0.00000	0.00499	0.99501	0
50	A	0.00000	0.00074	0.99926	0
51	L	0.00000	6e-05	0.99994	0
52	L	0.00000	0	1.00000	0
53	A	0.00000	0	1.00000	0
54	L	0.00000	0	1.00000	0
55	A	0.00000	0	1.00000	0
56	T	0.00000	0	1.00000	0
57	V	0.00000	0	1.00000	0
58	L	0.00000	0	1.00000	0
59	G	0.00000	0	1.00000	0
60	N	0.00000	0	1.00000	0
61	A	0.00000	0	1.00000	0
62	L	0.00000	0	1.00000	0
63	V	0.00000	0	1.00000	0
64	V	0.00001	0	0.99999	0
65	V	0.00036	0	0.99964	0
66	A	0.01167	0	0.98833	0
67	F	0.04439	0	0.95561	0
68	A	0.29747	0	0.70253	0
69	V	0.56226	0	0.43774	0
70	E	0.99273	0	0.00727	0
71	R	0.99986	0	0.00014	0
72	S	0.99999	0	0.00001	0
73	L	1.00000	0	0.00000	0
74	R	1.00000	0	0.00000	0
75	S	1.00000	0	0.00000	0
76	R	0.99998	0	0.00002	0
77	G	0.99096	0	0.00904	0
78	N	0.86949	0	0.13051	0
79	F	0.15320	0	0.84680	0
80	F	0.00181	0	0.99819	0
81	F	0.00005	0	0.99995	0
82	L	0.00000	0	1.00000	0
83	N	0.00000	0	1.00000	0
84	L	0.00000	0	1.00000	0
85	A	0.00000	0	1.00000	0
86	V	0.00000	0	1.00000	0
87	A	0.00000	0	1.00000	0
88	D	0.00000	0	1.00000	0
89	L	0.00000	0	1.00000	0
90	L	0.00000	0	1.00000	0
91	V	0.00000	0	1.00000	0
92	G	0.00000	0	1.00000	0
93	G	0.00000	0	1.00000	0
94	V	0.00000	0	1.00000	0
95	C	0.00000	1e-05	0.99999	0
96	I	0.00000	1e-05	0.99999	0
97	P	0.00000	5e-05	0.99995	0
98	L	0.00000	0.00019	0.99981	0
99	Y	0.00000	0.00078	0.99922	0
100	I	0.00000	0.00105	0.99895	0
101	P	0.00000	0.48219	0.51781	0
102	Y	0.00000	0.99892	0.00108	0
103	V	0.00000	0.99906	0.00094	0
104	L	0.00000	0.99944	0.00056	0
105	T	0.00000	0.99993	0.00007	0
106	G	0.00000	1	0.00000	0
107	K	0.00000	1	0.00000	0
108	W	0.00000	1	0.00000	0
109	K	0.00000	1	0.00000	0
110	L	0.00000	1	0.00000	0
111	G	0.00000	1	0.00000	0
112	K	0.00000	1	0.00000	0
113	T	0.00000	1	0.00000	0
114	L	0.00000	1	0.00000	0
115	C	0.00000	1	0.00000	0
116	K	0.00000	0.99999	0.00001	0
117	V	0.00000	0.99965	0.00035	0
118	W	0.00000	0.95423	0.04577	0
119	L	0.00000	0.34038	0.65962	0
120	V	0.00000	0.14451	0.85549	0
121	T	0.00000	0.01843	0.98157	0
122	D	0.00000	0.00625	0.99375	0
123	Y	0.00000	0.0004	0.99960	0
124	L	0.00000	0	1.00000	0
125	V	0.00000	0	1.00000	0
126	C	0.00000	0	1.00000	0
127	T	0.00000	0	1.00000	0
128	A	0.00000	0	1.00000	0
129	S	0.00000	0	1.00000	0
130	V	0.00000	0	1.00000	0
131	F	0.00000	0	1.00000	0
132	N	0.00000	0	1.00000	0
133	I	0.00000	0	1.00000	0
134	V	0.00000	0	1.00000	0
135	L	0.00000	0	1.00000	0
136	I	0.00000	0	1.00000	0
137	S	0.00000	0	1.00000	0
138	Y	0.00000	0	1.00000	0
139	D	0.00001	0	0.99999	0
140	R	0.00613	0	0.99387	0
141	F	0.04812	0	0.95188	0
142	L	0.12846	0	0.87154	0
143	S	0.84961	0	0.15039	0
144	V	0.99995	0	0.00005	0
145	T	1.00000	0	0.00000	0
146	K	1.00000	0	0.00000	0
147	A	1.00000	0	0.00000	0
148	V	1.00000	0	0.00000	0
149	T	1.00000	0	0.00000	0
150	Y	1.00000	0	0.00000	0
151	R	1.00000	0	0.00000	0
152	A	1.00000	0	0.00000	0
153	Q	1.00000	0	0.00000	0
154	K	1.00000	0	0.00000	0
155	D	1.00000	0	0.00000	0
156	M	0.99994	0	0.00006	0
157	T	0.99989	0	0.00011	0
158	R	0.99954	0	0.00046	0
159	N	0.87404	0	0.12596	0
160	A	0.45847	0	0.54153	0
161	I	0.02069	0	0.97931	0
162	L	0.00350	0	0.99650	0
163	K	0.00278	0	0.99722	0
164	M	0.00110	0	0.99890	0
165	A	0.00015	0	0.99985	0
166	L	0.00001	0	0.99999	0
167	V	0.00000	0	1.00000	0
168	W	0.00000	0	1.00000	0
169	V	0.00000	0	1.00000	0
170	A	0.00000	0	1.00000	0
171	A	0.00000	0	1.00000	0
172	F	0.00000	0	1.00000	0
173	L	0.00000	0	1.00000	0
174	L	0.00000	0	1.00000	0
175	Y	0.00000	0	1.00000	0
176	G	0.00000	3e-05	0.99997	0
177	P	0.00000	6e-05	0.99994	0
178	A	0.00000	0.00025	0.99975	0
179	I	0.00000	0.00643	0.99357	0
180	I	0.00000	0.09942	0.90058	0
181	S	0.00000	0.30555	0.69445	0
182	W	0.00000	0.56276	0.43724	0
183	E	0.00000	0.99168	0.00832	0
184	Y	0.00000	0.99537	0.00463	0
185	V	0.00000	0.99682	0.00318	0
186	A	0.00000	0.99818	0.00182	0
187	N	0.00000	0.99993	0.00007	0
188	K	0.00000	1	0.00000	0
189	S	0.00000	1	0.00000	0
190	I	0.00000	1	0.00000	0
191	L	0.00000	1	0.00000	0
192	P	0.00000	1	0.00000	0
193	R	0.00000	1	0.00000	0
194	G	0.00000	1	0.00000	0
195	Q	0.00000	1	0.00000	0
196	C	0.00000	1	0.00000	0
197	Y	0.00000	1	0.00000	0
198	A	0.00000	0.99994	0.00006	0
199	E	0.00000	0.99992	0.00008	0
200	F	0.00000	0.99627	0.00373	0
201	F	0.00000	0.99557	0.00443	0
202	Y	0.00000	0.99542	0.00458	0
203	N	0.00000	0.98959	0.01041	0
204	W	0.00000	0.94315	0.05685	0
205	Y	0.00000	0.42057	0.57943	0
206	F	0.00000	0.12551	0.87449	0
207	L	0.00000	0.10996	0.89004	0
208	M	0.00000	0.1089	0.89110	0
209	T	0.00000	0.01201	0.98799	0
210	G	0.00000	0.01148	0.98852	0
211	S	0.00000	0.0104	0.98960	0
212	T	0.00000	0.00779	0.99221	0
213	I	0.00000	1e-05	0.99999	0
214	E	0.00000	0	1.00000	0
215	F	0.00000	0	1.00000	0
216	F	0.00000	0	1.00000	0
217	T	0.00000	0	1.00000	0
218	P	0.00000	0	1.00000	0
219	F	0.00000	0	1.00000	0
220	I	0.00000	0	1.00000	0
221	S	0.00000	0	1.00000	0
222	V	0.00000	0	1.00000	0
223	T	0.00001	0	0.99999	0
224	Y	0.00005	0	0.99995	0
225	F	0.00046	0	0.99954	0
226	S	0.00424	0	0.99576	0
227	L	0.00921	0	0.99079	0
228	S	0.05642	0	0.94358	0
229	I	0.08678	0	0.91322	0
230	Y	0.12571	0	0.87429	0
231	A	0.36374	0	0.63626	0
232	N	0.75008	0	0.24992	0
233	I	0.77890	0	0.22110	0
234	R	0.99252	0	0.00748	0
235	K	0.99988	0	0.00012	0
236	R	0.99998	0	0.00002	0
237	A	0.99998	0	0.00002	0
238	S	1.00000	0	0.00000	0
239	L	1.00000	0	0.00000	0
240	K	1.00000	0	0.00000	0
241	K	1.00000	0	0.00000	0
242	D	1.00000	0	0.00000	0
243	N	1.00000	0	0.00000	0
244	T	1.00000	0	0.00000	0
245	V	1.00000	0	0.00000	0
246	P	1.00000	0	0.00000	0
247	S	1.00000	0	0.00000	0
248	Q	1.00000	0	0.00000	0
249	D	1.00000	0	0.00000	0
250	G	1.00000	0	0.00000	0
251	L	1.00000	0	0.00000	0
252	E	1.00000	0	0.00000	0
253	V	1.00000	0	0.00000	0
254	D	1.00000	0	0.00000	0
255	L	1.00000	0	0.00000	0
256	K	1.00000	0	0.00000	0
257	R	1.00000	0	0.00000	0
258	K	1.00000	0	0.00000	0
259	Q	1.00000	0	0.00000	0
260	N	1.00000	0	0.00000	0
261	K	1.00000	0	0.00000	0
262	H	1.00000	0	0.00000	0
263	I	1.00000	0	0.00000	0
264	V	1.00000	0	0.00000	0
265	F	1.00000	0	0.00000	0
266	F	1.00000	0	0.00000	0
267	K	1.00000	0	0.00000	0
268	S	1.00000	0	0.00000	0
269	A	1.00000	0	0.00000	0
270	E	1.00000	0	0.00000	0
271	R	1.00000	0	0.00000	0
272	K	1.00000	0	0.00000	0
273	S	1.00000	0	0.00000	0
274	R	1.00000	0	0.00000	0
275	K	1.00000	0	0.00000	0
276	R	1.00000	0	0.00000	0
277	E	1.00000	0	0.00000	0
278	D	1.00000	0	0.00000	0
279	P	1.00000	0	0.00000	0
280	D	1.00000	0	0.00000	0
281	T	1.00000	0	0.00000	0
282	S	1.00000	0	0.00000	0
283	L	1.00000	0	0.00000	0
284	R	1.00000	0	0.00000	0
285	H	1.00000	0	0.00000	0
286	L	1.00000	0	0.00000	0
287	S	1.00000	0	0.00000	0
288	L	1.00000	0	0.00000	0
289	C	1.00000	0	0.00000	0
290	S	1.00000	0	0.00000	0
291	D	1.00000	0	0.00000	0
292	V	1.00000	0	0.00000	0
293	S	1.00000	0	0.00000	0
294	G	1.00000	0	0.00000	0
295	A	1.00000	0	0.00000	0
296	Q	1.00000	0	0.00000	0
297	N	1.00000	0	0.00000	0
298	I	1.00000	0	0.00000	0
299	P	1.00000	0	0.00000	0
300	P	1.00000	0	0.00000	0
301	L	1.00000	0	0.00000	0
302	Q	1.00000	0	0.00000	0
303	V	1.00000	0	0.00000	0
304	D	1.00000	0	0.00000	0
305	G	1.00000	0	0.00000	0
306	G	1.00000	0	0.00000	0
307	M	1.00000	0	0.00000	0
308	K	1.00000	0	0.00000	0
309	A	1.00000	0	0.00000	0
310	T	1.00000	0	0.00000	0
311	Q	1.00000	0	0.00000	0
312	P	1.00000	0	0.00000	0
313	Q	1.00000	0	0.00000	0
314	Q	1.00000	0	0.00000	0
315	N	1.00000	0	0.00000	0
316	N	1.00000	0	0.00000	0
317	Y	1.00000	0	0.00000	0
318	G	1.00000	0	0.00000	0
319	D	1.00000	0	0.00000	0
320	R	1.00000	0	0.00000	0
321	G	1.00000	0	0.00000	0
322	R	1.00000	0	0.00000	0
323	V	1.00000	0	0.00000	0
324	F	1.00000	0	0.00000	0
325	S	1.00000	0	0.00000	0
326	V	1.00000	0	0.00000	0
327	P	1.00000	0	0.00000	0
328	G	1.00000	0	0.00000	0
329	G	1.00000	0	0.00000	0
330	L	1.00000	0	0.00000	0
331	D	1.00000	0	0.00000	0
332	L	1.00000	0	0.00000	0
333	A	1.00000	0	0.00000	0
334	S	1.00000	0	0.00000	0
335	T	1.00000	0	0.00000	0
336	V	1.00000	0	0.00000	0
337	A	1.00000	0	0.00000	0
338	S	1.00000	0	0.00000	0
339	R	1.00000	0	0.00000	0
340	L	1.00000	0	0.00000	0
341	R	1.00000	0	0.00000	0
342	L	1.00000	0	0.00000	0
343	S	1.00000	0	0.00000	0
344	R	1.00000	0	0.00000	0
345	D	1.00000	0	0.00000	0
346	K	0.91158	0	0.08842	0
347	R	0.91078	0	0.08922	0
348	V	0.75761	0	0.24239	0
349	A	0.75121	0	0.24879	0
350	K	0.74651	0	0.25349	0
351	S	0.54760	0	0.45240	0
352	L	0.01709	0	0.98291	0
353	A	0.00076	0	0.99924	0
354	I	0.00046	0	0.99954	0
355	I	0.00000	0	1.00000	0
356	V	0.00000	0	1.00000	0
357	C	0.00000	0	1.00000	0
358	V	0.00000	0	1.00000	0
359	F	0.00000	0	1.00000	0
360	G	0.00000	0	1.00000	0
361	L	0.00000	0	1.00000	0
362	C	0.00000	0	1.00000	0
363	W	0.00000	0	1.00000	0
364	A	0.00000	0	1.00000	0
365	P	0.00000	0	1.00000	0
366	Y	0.00000	1e-05	0.99999	0
367	T	0.00000	6e-05	0.99994	0
368	L	0.00000	0.00075	0.99925	0
369	L	0.00000	0.00682	0.99318	0
370	T	0.00000	0.03395	0.96605	0
371	I	0.00000	0.07574	0.92426	0
372	I	0.00000	0.1346	0.86540	0
373	R	0.00000	0.51408	0.48592	0
374	A	0.00000	0.54703	0.45297	0
375	A	0.00000	0.65469	0.34531	0
376	C	0.00000	0.95723	0.04277	0
377	H	0.00000	0.99056	0.00944	0
378	G	0.00000	0.99991	0.00009	0
379	T	0.00000	0.99998	0.00002	0
380	C	0.00000	0.99999	0.00001	0
381	I	0.00000	0.99999	0.00001	0
382	R	0.00000	1	0.00000	0
383	H	0.00000	1	0.00000	0
384	S	0.00000	1	0.00000	0
385	L	0.00000	1	0.00000	0
386	Y	0.00000	1	0.00000	0
387	E	0.00000	0.99995	0.00005	0
388	T	0.00000	0.99962	0.00038	0
389	S	0.00000	0.99865	0.00135	0
390	F	0.00000	0.26892	0.73108	0
391	W	0.00000	0.02307	0.97693	0
392	L	0.00000	7e-05	0.99993	0
393	L	0.00000	0	1.00000	0
394	W	0.00000	0	1.00000	0
395	L	0.00000	0	1.00000	0
396	N	0.00000	0	1.00000	0
397	S	0.00000	0	1.00000	0
398	A	0.00000	0	1.00000	0
399	I	0.00000	0	1.00000	0
400	N	0.00000	0	1.00000	0
401	P	0.00000	0	1.00000	0
402	V	0.00000	0	1.00000	0
403	L	0.00000	0	1.00000	0
404	Y	0.00000	0	1.00000	0
405	P	0.00000	0	1.00000	0
406	L	0.00000	0	1.00000	0
407	C	0.00001	0	0.99999	0
408	H	0.00006	0	0.99994	0
409	M	0.00288	0	0.99712	0
410	S	0.01346	0	0.98654	0
411	F	0.15606	0	0.84394	0
412	R	1.00000	0	0.00000	0
413	K	1.00000	0	0.00000	0
414	A	1.00000	0	0.00000	0
415	F	1.00000	0	0.00000	0
416	I	1.00000	0	0.00000	0
417	K	1.00000	0	0.00000	0
418	L	1.00000	0	0.00000	0
419	L	1.00000	0	0.00000	0
420	C	1.00000	0	0.00000	0
421	P	1.00000	0	0.00000	0
422	G	1.00000	0	0.00000	0
423	K	1.00000	0	0.00000	0
424	A	1.00000	0	0.00000	0
425	K	1.00000	0	0.00000	0
426	I	1.00000	0	0.00000	0
427	H	1.00000	0	0.00000	0
428	P	1.00000	0	0.00000	0
429	H	1.00000	0	0.00000	0
430	I	1.00000	0	0.00000	0
431	Y	1.00000	0	0.00000	0
432	M	1.00000	0	0.00000	0
