# UNNAMED
#pos	aa	i	o	M	S
1	M	0.00000	1	0.00000	0
2	A	0.00000	1	0.00000	0
3	Q	0.00000	1	0.00000	0
4	G	0.00000	1	0.00000	0
5	K	0.00000	1	0.00000	0
6	Q	0.00000	1	0.00000	0
7	T	0.00000	1	0.00000	0
8	Q	0.00000	1	0.00000	0
9	Q	0.00000	1	0.00000	0
10	Q	0.00000	1	0.00000	0
11	R	0.00000	1	0.00000	0
12	D	0.00000	1	0.00000	0
13	R	0.00000	0.99078	0.00922	0
14	L	0.00000	0.48283	0.51717	0
15	A	0.00000	0.33003	0.66997	0
16	A	0.00000	0.12095	0.87905	0
17	V	0.00000	0.03672	0.96328	0
18	V	0.00000	0.00571	0.99429	0
19	G	0.00000	0.002	0.99800	0
20	F	0.00000	9e-05	0.99991	0
21	L	0.00000	1e-05	0.99999	0
22	I	0.00000	0	1.00000	0
23	V	0.00000	0	1.00000	0
24	F	0.00000	0	1.00000	0
25	T	0.00000	0	1.00000	0
26	I	0.00000	0	1.00000	0
27	V	0.00000	0	1.00000	0
28	G	0.00000	0	1.00000	0
29	N	0.00000	0	1.00000	0
30	V	0.00000	0	1.00000	0
31	L	0.00000	0	1.00000	0
32	V	0.00000	0	1.00000	0
33	V	0.00000	0	1.00000	0
34	I	0.00010	0	0.99990	0
35	A	0.01648	0	0.98352	0
36	V	0.06442	0	0.93558	0
37	L	0.28560	0	0.71440	0
38	T	0.91300	0	0.08700	0
39	S	0.99492	0	0.00508	0
40	R	0.99985	0	0.00015	0
41	A	0.99995	0	0.00005	0
42	L	0.99998	0	0.00002	0
43	R	1.00000	0	0.00000	0
44	A	1.00000	0	0.00000	0
45	P	1.00000	0	0.00000	0
46	Q	0.84785	0	0.15215	0
47	N	0.15601	0	0.84399	0
48	L	0.02634	0	0.97366	0
49	F	0.00024	0	0.99976	0
50	L	0.00000	0	1.00000	0
51	V	0.00000	0	1.00000	0
52	S	0.00000	0	1.00000	0
53	L	0.00000	0	1.00000	0
54	A	0.00000	0	1.00000	0
55	S	0.00000	0	1.00000	0
56	A	0.00000	0	1.00000	0
57	D	0.00000	0	1.00000	0
58	I	0.00000	0	1.00000	0
59	L	0.00000	0	1.00000	0
60	V	0.00000	0	1.00000	0
61	A	0.00000	0	1.00000	0
62	T	0.00000	0	1.00000	0
63	L	0.00000	0	1.00000	0
64	V	0.00000	0	1.00000	0
65	M	0.00000	0.00016	0.99984	0
66	P	0.00000	0.00361	0.99639	0
67	F	0.00000	0.03891	0.96109	0
68	S	0.00000	0.3793	0.62070	0
69	L	0.00000	0.51301	0.48699	0
70	A	0.00000	0.80496	0.19504	0
71	N	0.00000	0.99998	0.00002	0
72	E	0.00000	0.99999	0.00001	0
73	L	0.00000	0.99999	0.00001	0
74	M	0.00000	0.99999	0.00001	0
75	N	0.00000	1	0.00000	0
76	Y	0.00000	1	0.00000	0
77	W	0.00000	1	0.00000	0
78	Y	0.00000	1	0.00000	0
79	F	0.00000	1	0.00000	0
80	G	0.00000	1	0.00000	0
81	K	0.00000	1	0.00000	0
82	A	0.00000	1	0.00000	0
83	W	0.00000	1	0.00000	0
84	C	0.00000	1	0.00000	0
85	N	0.00000	1	0.00000	0
86	I	0.00000	0.99908	0.00092	0
87	Y	0.00000	0.87231	0.12769	0
88	L	0.00000	0.42154	0.57846	0
89	A	0.00000	0.25508	0.74492	0
90	L	0.00000	0.00646	0.99354	0
91	D	0.00000	0.00257	0.99743	0
92	V	0.00000	4e-05	0.99996	0
93	L	0.00000	0	1.00000	0
94	F	0.00000	0	1.00000	0
95	C	0.00000	0	1.00000	0
96	T	0.00000	0	1.00000	0
97	S	0.00000	0	1.00000	0
98	S	0.00000	0	1.00000	0
99	I	0.00000	0	1.00000	0
100	V	0.00000	0	1.00000	0
101	H	0.00000	0	1.00000	0
102	L	0.00000	0	1.00000	0
103	C	0.00000	0	1.00000	0
104	A	0.00000	0	1.00000	0
105	I	0.00000	0	1.00000	0
106	S	0.00000	0	1.00000	0
107	L	0.00000	0	1.00000	0
108	D	0.00000	0	1.00000	0
109	R	0.00268	0	0.99732	0
110	Y	0.02297	0	0.97703	0
111	W	0.04072	0	0.95928	0
112	S	0.40746	0	0.59254	0
113	V	0.99998	0	0.00002	0
114	T	1.00000	0	0.00000	0
115	Q	1.00000	0	0.00000	0
116	A	1.00000	0	0.00000	0
117	V	1.00000	0	0.00000	0
118	E	1.00000	0	0.00000	0
119	Y	1.00000	0	0.00000	0
120	N	1.00000	0	0.00000	0
121	L	1.00000	0	0.00000	0
122	K	1.00000	0	0.00000	0
123	R	1.00000	0	0.00000	0
124	T	1.00000	0	0.00000	0
125	P	1.00000	0	0.00000	0
126	R	0.99998	0	0.00002	0
127	R	0.99471	0	0.00529	0
128	I	0.71079	0	0.28921	0
129	K	0.68610	0	0.31390	0
130	A	0.26235	0	0.73765	0
131	I	0.00245	0	0.99755	0
132	I	0.00000	0	1.00000	0
133	L	0.00000	0	1.00000	0
134	T	0.00000	0	1.00000	0
135	V	0.00000	0	1.00000	0
136	W	0.00000	0	1.00000	0
137	L	0.00000	0	1.00000	0
138	I	0.00000	0	1.00000	0
139	S	0.00000	0	1.00000	0
140	A	0.00000	0	1.00000	0
141	V	0.00000	0	1.00000	0
142	I	0.00000	0	1.00000	0
143	S	0.00000	0	1.00000	0
144	F	0.00000	0	1.00000	0
145	P	0.00000	0	1.00000	0
146	P	0.00000	2e-05	0.99998	0
147	L	0.00000	0.00018	0.99982	0
148	I	0.00000	0.00681	0.99319	0
149	S	0.00000	0.07963	0.92037	0
150	M	0.00000	0.11162	0.88838	0
151	Y	0.00000	0.43514	0.56486	0
152	R	0.00000	0.98736	0.01264	0
153	D	0.00000	0.99999	0.00001	0
154	P	0.00000	1	0.00000	0
155	E	0.00000	1	0.00000	0
156	G	0.00000	1	0.00000	0
157	D	0.00000	1	0.00000	0
158	V	0.00000	1	0.00000	0
159	F	0.00000	1	0.00000	0
160	P	0.00000	1	0.00000	0
161	Q	0.00000	1	0.00000	0
162	C	0.00000	1	0.00000	0
163	K	0.00000	1	0.00000	0
164	L	0.00000	1	0.00000	0
165	N	0.00000	1	0.00000	0
166	D	0.00000	1	0.00000	0
167	E	0.00000	0.99988	0.00012	0
168	T	0.00000	0.73303	0.26697	0
169	W	0.00000	0.16769	0.83231	0
170	Y	0.00000	0.01632	0.98368	0
171	I	0.00000	0.01377	0.98623	0
172	L	0.00000	0.00045	0.99955	0
173	S	0.00000	4e-05	0.99996	0
174	S	0.00000	3e-05	0.99997	0
175	C	0.00000	2e-05	0.99998	0
176	I	0.00000	1e-05	0.99999	0
177	G	0.00000	0	1.00000	0
178	S	0.00000	0	1.00000	0
179	F	0.00000	0	1.00000	0
180	F	0.00000	0	1.00000	0
181	A	0.00000	0	1.00000	0
182	P	0.00000	0	1.00000	0
183	C	0.00000	0	1.00000	0
184	L	0.00000	0	1.00000	0
185	I	0.00000	0	1.00000	0
186	M	0.00000	0	1.00000	0
187	V	0.00000	0	1.00000	0
188	L	0.00000	0	1.00000	0
189	V	0.00002	0	0.99998	0
190	Y	0.00067	0	0.99933	0
191	I	0.01744	0	0.98256	0
192	R	0.28430	0	0.71570	0
193	I	0.30603	0	0.69397	0
194	Y	0.42936	0	0.57064	0
195	R	0.98887	0	0.01113	0
196	V	0.99286	0	0.00714	0
197	A	0.99995	0	0.00005	0
198	K	1.00000	0	0.00000	0
199	L	1.00000	0	0.00000	0
200	R	1.00000	0	0.00000	0
201	T	1.00000	0	0.00000	0
202	R	1.00000	0	0.00000	0
203	T	1.00000	0	0.00000	0
204	L	1.00000	0	0.00000	0
205	S	1.00000	0	0.00000	0
206	E	1.00000	0	0.00000	0
207	K	1.00000	0	0.00000	0
208	R	1.00000	0	0.00000	0
209	T	1.00000	0	0.00000	0
210	M	1.00000	0	0.00000	0
211	P	1.00000	0	0.00000	0
212	E	1.00000	0	0.00000	0
213	G	1.00000	0	0.00000	0
214	S	1.00000	0	0.00000	0
215	S	1.00000	0	0.00000	0
216	Q	1.00000	0	0.00000	0
217	T	1.00000	0	0.00000	0
218	E	1.00000	0	0.00000	0
219	N	1.00000	0	0.00000	0
220	G	1.00000	0	0.00000	0
221	L	1.00000	0	0.00000	0
222	S	1.00000	0	0.00000	0
223	R	1.00000	0	0.00000	0
224	A	1.00000	0	0.00000	0
225	A	1.00000	0	0.00000	0
226	G	1.00000	0	0.00000	0
227	G	1.00000	0	0.00000	0
228	C	1.00000	0	0.00000	0
229	T	1.00000	0	0.00000	0
230	S	1.00000	0	0.00000	0
231	L	1.00000	0	0.00000	0
232	R	1.00000	0	0.00000	0
233	M	1.00000	0	0.00000	0
234	Q	1.00000	0	0.00000	0
235	L	1.00000	0	0.00000	0
236	G	1.00000	0	0.00000	0
237	E	1.00000	0	0.00000	0
238	N	1.00000	0	0.00000	0
239	G	1.00000	0	0.00000	0
240	H	1.00000	0	0.00000	0
241	Y	1.00000	0	0.00000	0
242	S	1.00000	0	0.00000	0
243	V	1.00000	0	0.00000	0
244	H	1.00000	0	0.00000	0
245	H	1.00000	0	0.00000	0
246	W	1.00000	0	0.00000	0
247	R	1.00000	0	0.00000	0
248	K	1.00000	0	0.00000	0
249	A	1.00000	0	0.00000	0
250	S	1.00000	0	0.00000	0
251	E	1.00000	0	0.00000	0
252	L	1.00000	0	0.00000	0
253	E	1.00000	0	0.00000	0
254	D	1.00000	0	0.00000	0
255	I	1.00000	0	0.00000	0
256	E	1.00000	0	0.00000	0
257	L	1.00000	0	0.00000	0
258	E	1.00000	0	0.00000	0
259	E	1.00000	0	0.00000	0
260	S	1.00000	0	0.00000	0
261	S	1.00000	0	0.00000	0
262	T	1.00000	0	0.00000	0
263	S	1.00000	0	0.00000	0
264	E	1.00000	0	0.00000	0
265	S	1.00000	0	0.00000	0
266	R	1.00000	0	0.00000	0
267	R	1.00000	0	0.00000	0
268	R	1.00000	0	0.00000	0
269	R	1.00000	0	0.00000	0
270	S	1.00000	0	0.00000	0
271	R	1.00000	0	0.00000	0
272	E	1.00000	0	0.00000	0
273	E	1.00000	0	0.00000	0
274	H	1.00000	0	0.00000	0
275	P	1.00000	0	0.00000	0
276	R	1.00000	0	0.00000	0
277	K	1.00000	0	0.00000	0
278	S	1.00000	0	0.00000	0
279	S	1.00000	0	0.00000	0
280	K	1.00000	0	0.00000	0
281	S	1.00000	0	0.00000	0
282	Q	1.00000	0	0.00000	0
283	S	1.00000	0	0.00000	0
284	F	1.00000	0	0.00000	0
285	S	1.00000	0	0.00000	0
286	Y	1.00000	0	0.00000	0
287	S	1.00000	0	0.00000	0
288	Y	1.00000	0	0.00000	0
289	S	1.00000	0	0.00000	0
290	S	1.00000	0	0.00000	0
291	K	1.00000	0	0.00000	0
292	H	1.00000	0	0.00000	0
293	S	1.00000	0	0.00000	0
294	S	1.00000	0	0.00000	0
295	S	1.00000	0	0.00000	0
296	R	1.00000	0	0.00000	0
297	L	1.00000	0	0.00000	0
298	S	1.00000	0	0.00000	0
299	R	1.00000	0	0.00000	0
300	S	1.00000	0	0.00000	0
301	S	1.00000	0	0.00000	0
302	S	1.00000	0	0.00000	0
303	R	1.00000	0	0.00000	0
304	S	1.00000	0	0.00000	0
305	M	1.00000	0	0.00000	0
306	Q	1.00000	0	0.00000	0
307	F	1.00000	0	0.00000	0
308	F	1.00000	0	0.00000	0
309	S	1.00000	0	0.00000	0
310	Y	1.00000	0	0.00000	0
311	R	1.00000	0	0.00000	0
312	R	1.00000	0	0.00000	0
313	R	1.00000	0	0.00000	0
314	R	1.00000	0	0.00000	0
315	K	1.00000	0	0.00000	0
316	R	1.00000	0	0.00000	0
317	S	1.00000	0	0.00000	0
318	S	1.00000	0	0.00000	0
319	I	1.00000	0	0.00000	0
320	C	1.00000	0	0.00000	0
321	R	1.00000	0	0.00000	0
322	K	1.00000	0	0.00000	0
323	K	1.00000	0	0.00000	0
324	V	1.00000	0	0.00000	0
325	T	1.00000	0	0.00000	0
326	Q	1.00000	0	0.00000	0
327	A	1.00000	0	0.00000	0
328	R	1.00000	0	0.00000	0
329	E	1.00000	0	0.00000	0
330	K	0.65080	0	0.34920	0
331	R	0.64342	0	0.35658	0
332	F	0.12514	0	0.87486	0
333	T	0.01853	0	0.98147	0
334	F	0.00043	0	0.99957	0
335	V	0.00001	0	0.99999	0
336	L	0.00000	0	1.00000	0
337	A	0.00000	0	1.00000	0
338	V	0.00000	0	1.00000	0
339	V	0.00000	0	1.00000	0
340	M	0.00000	0	1.00000	0
341	G	0.00000	0	1.00000	0
342	V	0.00000	0	1.00000	0
343	F	0.00000	0	1.00000	0
344	V	0.00000	0	1.00000	0
345	V	0.00000	0	1.00000	0
346	C	0.00000	0	1.00000	0
347	W	0.00000	0	1.00000	0
348	F	0.00000	5e-05	0.99995	0
349	P	0.00000	0.00085	0.99915	0
350	F	0.00000	0.00164	0.99836	0
351	F	0.00000	0.00446	0.99554	0
352	F	0.00000	0.11193	0.88807	0
353	S	0.00000	0.7482	0.25180	0
354	Y	0.00000	0.95447	0.04553	0
355	S	0.00000	0.74822	0.25178	0
356	L	0.00000	0.00661	0.99339	0
357	Y	0.00000	4e-05	0.99996	0
358	G	0.00000	0	1.00000	0
359	I	0.00000	0	1.00000	0
360	N	0.00000	0	1.00000	0
361	S	0.00000	0	1.00000	0
362	S	0.00000	0	1.00000	0
363	L	0.00000	0	1.00000	0
364	N	0.00000	0	1.00000	0
365	P	0.00000	0	1.00000	0
366	V	0.00000	0	1.00000	0
367	I	0.00000	0	1.00000	0
368	Y	0.00000	0	1.00000	0
369	T	0.00000	0	1.00000	0
370	I	0.00000	0	1.00000	0
371	F	0.00003	0	0.99997	0
372	N	0.00157	0	0.99843	0
373	Q	0.03366	0	0.96634	0
374	D	0.06146	0	0.93854	0
375	F	0.15643	0	0.84357	0
376	R	1.00000	0	0.00000	0
377	R	1.00000	0	0.00000	0
378	S	1.00000	0	0.00000	0
379	F	1.00000	0	0.00000	0
380	K	1.00000	0	0.00000	0
381	H	1.00000	0	0.00000	0
382	I	1.00000	0	0.00000	0
383	L	1.00000	0	0.00000	0
384	F	1.00000	0	0.00000	0
385	K	1.00000	0	0.00000	0
386	K	1.00000	0	0.00000	0
387	K	1.00000	0	0.00000	0
388	K	1.00000	0	0.00000	0
389	K	1.00000	0	0.00000	0
390	N	1.00000	0	0.00000	0
391	F	1.00000	0	0.00000	0
392	R	1.00000	0	0.00000	0
393	H	1.00000	0	0.00000	0
