# UNNAMED
#pos	aa	i	o	M	S
1	M	0.00000	0.99988	0.00000	0.00012
2	F	0.00000	0.99988	0.00000	0.00011
3	Q	0.00000	0.99988	0.00000	0.00011
4	N	0.00000	0.99988	0.00000	0.00012
5	R	0.00000	0.99988	0.00000	0.00011
6	T	0.00000	0.99988	0.00000	0.00012
7	G	0.00000	0.99988	0.00000	0.00012
8	G	0.00000	0.99988	0.00000	0.00012
9	V	0.00000	0.99988	0.00000	0.00012
10	S	0.00000	0.99988	0.00000	0.00012
11	N	0.00000	0.99988	0.00000	0.00012
12	G	0.00000	0.99988	0.00000	0.00012
13	T	0.00000	0.99988	0.00000	0.00012
14	L	0.00000	0.99988	0.00000	0.00011
15	P	0.00000	0.99988	0.00000	0.00012
16	T	0.00000	0.99988	0.00000	0.00012
17	V	0.00000	0.99988	0.00000	0.00012
18	A	0.00000	0.99988	0.00000	0.00012
19	G	0.00000	0.99988	0.00000	0.00012
20	E	0.00000	1	0.00000	0
21	P	0.00000	0.99998	0.00002	0
22	Q	0.00000	0.99991	0.00009	0
23	R	0.00000	0.9994	0.00060	0
24	N	0.00000	0.98054	0.01946	0
25	F	0.00000	0.25803	0.74197	0
26	L	0.00000	0.10043	0.89957	0
27	A	0.00000	0.05585	0.94415	0
28	L	0.00000	0.01634	0.98366	0
29	V	0.00000	0.00353	0.99647	0
30	L	0.00000	0.0016	0.99840	0
31	G	0.00000	0.00048	0.99952	0
32	V	0.00000	6e-05	0.99994	0
33	L	0.00000	2e-05	0.99998	0
34	L	0.00000	0	1.00000	0
35	I	0.00000	0	1.00000	0
36	L	0.00000	0	1.00000	0
37	V	0.00000	0	1.00000	0
38	I	0.00000	0	1.00000	0
39	I	0.00000	0	1.00000	0
40	S	0.00000	0	1.00000	0
41	G	0.00000	0	1.00000	0
42	N	0.00000	0	1.00000	0
43	L	0.00000	0	1.00000	0
44	L	0.00000	0	1.00000	0
45	V	0.00001	0	0.99999	0
46	C	0.00035	0	0.99965	0
47	L	0.00992	0	0.99008	0
48	S	0.32641	0	0.67359	0
49	V	0.41120	0	0.58880	0
50	C	0.66933	0	0.33067	0
51	R	0.98554	0	0.01446	0
52	V	0.99208	0	0.00792	0
53	R	0.99960	0	0.00040	0
54	A	0.99989	0	0.00011	0
55	L	0.99997	0	0.00003	0
56	K	1.00000	0	0.00000	0
57	T	0.99994	0	0.00006	0
58	T	0.99864	0	0.00136	0
59	T	0.96138	0	0.03862	0
60	N	0.16149	0	0.83851	0
61	Y	0.04473	0	0.95527	0
62	F	0.00034	0	0.99966	0
63	I	0.00000	0	1.00000	0
64	M	0.00000	0	1.00000	0
65	S	0.00000	0	1.00000	0
66	L	0.00000	0	1.00000	0
67	A	0.00000	0	1.00000	0
68	V	0.00000	0	1.00000	0
69	A	0.00000	0	1.00000	0
70	D	0.00000	0	1.00000	0
71	L	0.00000	0	1.00000	0
72	L	0.00000	0	1.00000	0
73	L	0.00000	0	1.00000	0
74	A	0.00000	0	1.00000	0
75	V	0.00000	0	1.00000	0
76	L	0.00000	0	1.00000	0
77	V	0.00000	0	1.00000	0
78	L	0.00000	0.00012	0.99988	0
79	P	0.00000	0.00472	0.99528	0
80	L	0.00000	0.05992	0.94008	0
81	Y	0.00000	0.30176	0.69824	0
82	V	0.00000	0.4747	0.52530	0
83	Y	0.00000	0.83981	0.16019	0
84	S	0.00000	0.99997	0.00003	0
85	E	0.00000	1	0.00000	0
86	F	0.00000	1	0.00000	0
87	Q	0.00000	1	0.00000	0
88	G	0.00000	1	0.00000	0
89	G	0.00000	1	0.00000	0
90	T	0.00000	1	0.00000	0
91	W	0.00000	1	0.00000	0
92	A	0.00000	1	0.00000	0
93	L	0.00000	1	0.00000	0
94	S	0.00000	1	0.00000	0
95	M	0.00000	0.9999	0.00010	0
96	V	0.00000	0.99983	0.00017	0
97	L	0.00000	0.99978	0.00022	0
98	C	0.00000	0.99975	0.00025	0
99	D	0.00000	0.99949	0.00051	0
100	A	0.00000	0.99813	0.00187	0
101	L	0.00000	0.58375	0.41625	0
102	M	0.00000	0.14246	0.85754	0
103	T	0.00000	0.07989	0.92011	0
104	M	0.00000	0.00077	0.99923	0
105	D	0.00000	0.00022	0.99978	0
106	V	0.00000	1e-05	0.99999	0
107	M	0.00000	0	1.00000	0
108	L	0.00000	0	1.00000	0
109	C	0.00000	0	1.00000	0
110	T	0.00000	0	1.00000	0
111	A	0.00000	0	1.00000	0
112	S	0.00000	0	1.00000	0
113	I	0.00000	0	1.00000	0
114	F	0.00000	0	1.00000	0
115	N	0.00000	0	1.00000	0
116	L	0.00000	0	1.00000	0
117	C	0.00000	0	1.00000	0
118	A	0.00000	0	1.00000	0
119	I	0.00000	0	1.00000	0
120	S	0.00000	0	1.00000	0
121	V	0.00000	0	1.00000	0
122	D	0.00000	0	1.00000	0
123	R	0.00550	0	0.99450	0
124	F	0.05951	0	0.94049	0
125	I	0.78541	0	0.21459	0
126	A	0.95068	0	0.04932	0
127	V	0.99998	0	0.00002	0
128	S	1.00000	0	0.00000	0
129	I	1.00000	0	0.00000	0
130	P	1.00000	0	0.00000	0
131	L	1.00000	0	0.00000	0
132	N	1.00000	0	0.00000	0
133	Y	1.00000	0	0.00000	0
134	N	1.00000	0	0.00000	0
135	R	1.00000	0	0.00000	0
136	R	1.00000	0	0.00000	0
137	Q	1.00000	0	0.00000	0
138	F	1.00000	0	0.00000	0
139	D	1.00000	0	0.00000	0
140	H	0.99987	0	0.00013	0
141	R	0.99961	0	0.00039	0
142	Q	0.99517	0	0.00483	0
143	R	0.95927	0	0.04073	0
144	I	0.02190	0	0.97810	0
145	L	0.00052	0	0.99948	0
146	I	0.00000	0	1.00000	0
147	S	0.00000	0	1.00000	0
148	T	0.00000	0	1.00000	0
149	T	0.00000	0	1.00000	0
150	W	0.00000	0	1.00000	0
151	I	0.00000	0	1.00000	0
152	L	0.00000	0	1.00000	0
153	A	0.00000	0	1.00000	0
154	F	0.00000	0	1.00000	0
155	A	0.00000	0	1.00000	0
156	V	0.00000	0	1.00000	0
157	A	0.00000	0	1.00000	0
158	S	0.00000	0	1.00000	0
159	P	0.00000	0	1.00000	0
160	V	0.00000	0	1.00000	0
161	I	0.00000	3e-05	0.99997	0
162	F	0.00000	0.0005	0.99950	0
163	G	0.00000	0.01665	0.98335	0
164	L	0.00000	0.06313	0.93687	0
165	N	0.00000	0.90395	0.09605	0
166	N	0.00000	0.9932	0.00680	0
167	I	0.00000	0.99743	0.00257	0
168	P	0.00000	0.99983	0.00017	0
169	N	0.00000	1	0.00000	0
170	R	0.00000	1	0.00000	0
171	N	0.00000	1	0.00000	0
172	P	0.00000	1	0.00000	0
173	A	0.00000	1	0.00000	0
174	V	0.00000	1	0.00000	0
175	C	0.00000	1	0.00000	0
176	Q	0.00000	1	0.00000	0
177	L	0.00000	1	0.00000	0
178	E	0.00000	1	0.00000	0
179	D	0.00000	1	0.00000	0
180	H	0.00000	0.9994	0.00060	0
181	N	0.00000	0.92291	0.07709	0
182	Y	0.00000	0.15062	0.84938	0
183	I	0.00000	0.03647	0.96353	0
184	I	0.00000	0.00197	0.99803	0
185	I	0.00000	8e-05	0.99992	0
186	S	0.00000	7e-05	0.99993	0
187	S	0.00000	5e-05	0.99995	0
188	V	0.00000	4e-05	0.99996	0
189	C	0.00000	0	1.00000	0
190	S	0.00000	0	1.00000	0
191	F	0.00000	0	1.00000	0
192	F	0.00000	0	1.00000	0
193	I	0.00000	0	1.00000	0
194	P	0.00000	0	1.00000	0
195	C	0.00000	0	1.00000	0
196	P	0.00000	0	1.00000	0
197	I	0.00000	0	1.00000	0
198	M	0.00000	0	1.00000	0
199	L	0.00000	0	1.00000	0
200	V	0.00000	0	1.00000	0
201	L	0.00000	0	1.00000	0
202	Y	0.00001	0	0.99999	0
203	C	0.00086	0	0.99914	0
204	G	0.02581	0	0.97419	0
205	M	0.07108	0	0.92892	0
206	F	0.15251	0	0.84749	0
207	R	0.97248	0	0.02752	0
208	G	0.98051	0	0.01949	0
209	L	0.98391	0	0.01609	0
210	R	0.99954	0	0.00046	0
211	R	0.99998	0	0.00002	0
212	W	1.00000	0	0.00000	0
213	E	1.00000	0	0.00000	0
214	E	1.00000	0	0.00000	0
215	A	1.00000	0	0.00000	0
216	R	1.00000	0	0.00000	0
217	K	1.00000	0	0.00000	0
218	T	1.00000	0	0.00000	0
219	K	1.00000	0	0.00000	0
220	L	1.00000	0	0.00000	0
221	R	1.00000	0	0.00000	0
222	N	1.00000	0	0.00000	0
223	S	1.00000	0	0.00000	0
224	M	1.00000	0	0.00000	0
225	N	1.00000	0	0.00000	0
226	A	1.00000	0	0.00000	0
227	C	1.00000	0	0.00000	0
228	R	1.00000	0	0.00000	0
229	T	1.00000	0	0.00000	0
230	L	1.00000	0	0.00000	0
231	R	1.00000	0	0.00000	0
232	R	1.00000	0	0.00000	0
233	G	1.00000	0	0.00000	0
234	P	1.00000	0	0.00000	0
235	M	1.00000	0	0.00000	0
236	P	1.00000	0	0.00000	0
237	V	1.00000	0	0.00000	0
238	P	1.00000	0	0.00000	0
239	V	1.00000	0	0.00000	0
240	P	1.00000	0	0.00000	0
241	M	1.00000	0	0.00000	0
242	P	1.00000	0	0.00000	0
243	M	1.00000	0	0.00000	0
244	P	1.00000	0	0.00000	0
245	V	1.00000	0	0.00000	0
246	I	1.00000	0	0.00000	0
247	E	1.00000	0	0.00000	0
248	R	1.00000	0	0.00000	0
249	D	1.00000	0	0.00000	0
250	P	1.00000	0	0.00000	0
251	S	1.00000	0	0.00000	0
252	D	1.00000	0	0.00000	0
253	V	1.00000	0	0.00000	0
254	K	1.00000	0	0.00000	0
255	L	1.00000	0	0.00000	0
256	Q	1.00000	0	0.00000	0
257	D	1.00000	0	0.00000	0
258	V	1.00000	0	0.00000	0
259	S	1.00000	0	0.00000	0
260	L	1.00000	0	0.00000	0
261	F	1.00000	0	0.00000	0
262	S	1.00000	0	0.00000	0
263	H	1.00000	0	0.00000	0
264	S	1.00000	0	0.00000	0
265	E	1.00000	0	0.00000	0
266	C	1.00000	0	0.00000	0
267	T	1.00000	0	0.00000	0
268	F	1.00000	0	0.00000	0
269	P	1.00000	0	0.00000	0
270	K	1.00000	0	0.00000	0
271	E	1.00000	0	0.00000	0
272	Y	1.00000	0	0.00000	0
273	L	1.00000	0	0.00000	0
274	R	1.00000	0	0.00000	0
275	S	1.00000	0	0.00000	0
276	G	1.00000	0	0.00000	0
277	S	1.00000	0	0.00000	0
278	V	1.00000	0	0.00000	0
279	Q	1.00000	0	0.00000	0
280	T	1.00000	0	0.00000	0
281	V	1.00000	0	0.00000	0
282	A	1.00000	0	0.00000	0
283	F	1.00000	0	0.00000	0
284	P	1.00000	0	0.00000	0
285	E	1.00000	0	0.00000	0
286	V	1.00000	0	0.00000	0
287	K	1.00000	0	0.00000	0
288	Y	1.00000	0	0.00000	0
289	F	1.00000	0	0.00000	0
290	Q	1.00000	0	0.00000	0
291	S	1.00000	0	0.00000	0
292	T	1.00000	0	0.00000	0
293	P	1.00000	0	0.00000	0
294	R	1.00000	0	0.00000	0
295	R	1.00000	0	0.00000	0
296	K	1.00000	0	0.00000	0
297	R	1.00000	0	0.00000	0
298	A	1.00000	0	0.00000	0
299	K	1.00000	0	0.00000	0
300	I	1.00000	0	0.00000	0
301	N	1.00000	0	0.00000	0
302	G	1.00000	0	0.00000	0
303	R	1.00000	0	0.00000	0
304	E	1.00000	0	0.00000	0
305	R	0.78167	0	0.21833	0
306	K	0.76593	0	0.23407	0
307	A	0.03742	0	0.96258	0
308	M	0.01712	0	0.98288	0
309	R	0.01254	0	0.98746	0
310	V	0.00331	0	0.99669	0
311	L	0.00009	0	0.99991	0
312	P	0.00007	0	0.99993	0
313	V	0.00000	0	1.00000	0
314	V	0.00000	0	1.00000	0
315	V	0.00000	0	1.00000	0
316	G	0.00000	0	1.00000	0
317	A	0.00000	0	1.00000	0
318	F	0.00000	0	1.00000	0
319	L	0.00000	0	1.00000	0
320	F	0.00000	0	1.00000	0
321	C	0.00000	0	1.00000	0
322	W	0.00000	0	1.00000	0
323	T	0.00000	0	1.00000	0
324	P	0.00000	0	1.00000	0
325	F	0.00000	0	1.00000	0
326	F	0.00000	4e-05	0.99996	0
327	V	0.00000	0.00494	0.99506	0
328	V	0.00000	0.03387	0.96613	0
329	H	0.00000	0.17047	0.82953	0
330	I	0.00000	0.30513	0.69487	0
331	T	0.00000	0.7626	0.23740	0
332	R	0.00000	0.96741	0.03259	0
333	A	0.00000	0.97702	0.02298	0
334	L	0.00000	0.99577	0.00423	0
335	C	0.00000	0.99971	0.00029	0
336	E	0.00000	0.99999	0.00001	0
337	T	0.00000	1	0.00000	0
338	C	0.00000	1	0.00000	0
339	E	0.00000	0.99999	0.00001	0
340	I	0.00000	0.99983	0.00017	0
341	P	0.00000	0.99968	0.00032	0
342	T	0.00000	0.99932	0.00068	0
343	H	0.00000	0.9982	0.00180	0
344	L	0.00000	0.98651	0.01349	0
345	I	0.00000	0.98269	0.01731	0
346	S	0.00000	0.8502	0.14980	0
347	I	0.00000	0.01139	0.98861	0
348	V	0.00000	0.00092	0.99908	0
349	T	0.00000	0.00019	0.99981	0
350	W	0.00000	0	1.00000	0
351	L	0.00000	0	1.00000	0
352	G	0.00000	0	1.00000	0
353	Y	0.00000	0	1.00000	0
354	V	0.00000	0	1.00000	0
355	N	0.00000	0	1.00000	0
356	S	0.00000	0	1.00000	0
357	A	0.00000	0	1.00000	0
358	L	0.00000	0	1.00000	0
359	N	0.00000	0	1.00000	0
360	P	0.00000	0	1.00000	0
361	I	0.00000	0	1.00000	0
362	I	0.00000	0	1.00000	0
363	Y	0.00002	0	0.99998	0
364	T	0.00010	0	0.99990	0
365	I	0.00085	0	0.99915	0
366	F	0.00751	0	0.99249	0
367	N	0.27068	0	0.72932	0
368	T	0.82684	0	0.17316	0
369	E	1.00000	0	0.00000	0
370	F	1.00000	0	0.00000	0
371	R	1.00000	0	0.00000	0
372	N	1.00000	0	0.00000	0
373	Y	1.00000	0	0.00000	0
374	F	1.00000	0	0.00000	0
375	R	1.00000	0	0.00000	0
376	K	1.00000	0	0.00000	0
377	V	1.00000	0	0.00000	0
378	L	1.00000	0	0.00000	0
379	R	1.00000	0	0.00000	0
380	P	1.00000	0	0.00000	0
381	C	1.00000	0	0.00000	0
382	C	1.00000	0	0.00000	0
