# UNNAMED
#pos	aa	i	o	M	S
1	M	0.00000	1	0.00000	0
2	T	0.00000	1	0.00000	0
3	S	0.00000	1	0.00000	0
4	L	0.00000	1	0.00000	0
5	A	0.00000	1	0.00000	0
6	T	0.00000	1	0.00000	0
7	D	0.00000	1	0.00000	0
8	H	0.00000	1	0.00000	0
9	A	0.00000	1	0.00000	0
10	D	0.00000	1	0.00000	0
11	H	0.00000	1	0.00000	0
12	R	0.00000	1	0.00000	0
13	P	0.00000	1	0.00000	0
14	E	0.00000	1	0.00000	0
15	S	0.00000	1	0.00000	0
16	D	0.00000	1	0.00000	0
17	Q	0.00000	1	0.00000	0
18	T	0.00000	1	0.00000	0
19	T	0.00000	1	0.00000	0
20	E	0.00000	1	0.00000	0
21	K	0.00000	1	0.00000	0
22	Q	0.00000	1	0.00000	0
23	R	0.00000	1	0.00000	0
24	M	0.00000	1	0.00000	0
25	A	0.00000	1	0.00000	0
26	F	0.00000	1	0.00000	0
27	S	0.00000	1	0.00000	0
28	Y	0.00000	1	0.00000	0
29	R	0.00000	1	0.00000	0
30	I	0.00000	1	0.00000	0
31	Y	0.00000	1	0.00000	0
32	E	0.00000	1	0.00000	0
33	Q	0.00000	1	0.00000	0
34	S	0.00000	1	0.00000	0
35	T	0.00000	1	0.00000	0
36	I	0.00000	1	0.00000	0
37	P	0.00000	1	0.00000	0
38	E	0.00000	1	0.00000	0
39	H	0.00000	1	0.00000	0
40	I	0.00000	1	0.00000	0
41	L	0.00000	1	0.00000	0
42	Q	0.00000	1	0.00000	0
43	S	0.00000	1	0.00000	0
44	S	0.00000	1	0.00000	0
45	F	0.00000	1	0.00000	0
46	D	0.00000	1	0.00000	0
47	H	0.00000	1	0.00000	0
48	L	0.00000	1	0.00000	0
49	I	0.00000	1	0.00000	0
50	S	0.00000	1	0.00000	0
51	S	0.00000	1	0.00000	0
52	N	0.00000	1	0.00000	0
53	W	0.00000	1	0.00000	0
54	S	0.00000	1	0.00000	0
55	G	0.00000	1	0.00000	0
56	L	0.00000	1	0.00000	0
57	Q	0.00000	1	0.00000	0
58	R	0.00000	1	0.00000	0
59	E	0.00000	1	0.00000	0
60	S	0.00000	1	0.00000	0
61	I	0.00000	1	0.00000	0
62	P	0.00000	1	0.00000	0
63	E	0.00000	1	0.00000	0
64	E	0.00000	1	0.00000	0
65	M	0.00000	1	0.00000	0
66	K	0.00000	1	0.00000	0
67	Q	0.00000	1	0.00000	0
68	I	0.00000	1	0.00000	0
69	G	0.00000	1	0.00000	0
70	E	0.00000	1	0.00000	0
71	E	0.00000	1	0.00000	0
72	Q	0.00000	1	0.00000	0
73	G	0.00000	1	0.00000	0
74	N	0.00000	0.9999	0.00010	0
75	N	0.00000	0.99658	0.00342	0
76	P	0.00000	0.8965	0.10350	0
77	H	0.00000	0.60473	0.39527	0
78	W	0.00000	0.26773	0.73227	0
79	A	0.00000	0.11626	0.88374	0
80	A	0.00000	0.04151	0.95849	0
81	L	0.00000	0.01586	0.98414	0
82	L	0.00000	0.00608	0.99392	0
83	I	0.00000	0.00088	0.99912	0
84	L	0.00000	0.00038	0.99962	0
85	M	0.00000	0.00013	0.99987	0
86	V	0.00000	0	1.00000	0
87	I	0.00000	0	1.00000	0
88	I	0.00000	0	1.00000	0
89	P	0.00000	0	1.00000	0
90	T	0.00000	0	1.00000	0
91	I	0.00000	0	1.00000	0
92	G	0.00000	0	1.00000	0
93	G	0.00000	0	1.00000	0
94	N	0.00000	0	1.00000	0
95	I	0.00000	0	1.00000	0
96	L	0.00000	0	1.00000	0
97	V	0.00000	0	1.00000	0
98	I	0.00003	0	0.99997	0
99	L	0.00327	0	0.99673	0
100	A	0.11803	0	0.88197	0
101	V	0.28380	0	0.71620	0
102	S	0.84328	0	0.15672	0
103	L	0.91328	0	0.08672	0
104	E	0.99840	0	0.00160	0
105	K	0.99998	0	0.00002	0
106	K	1.00000	0	0.00000	0
107	L	1.00000	0	0.00000	0
108	Q	0.99997	0	0.00003	0
109	Y	0.99838	0	0.00162	0
110	A	0.99576	0	0.00424	0
111	T	0.96837	0	0.03163	0
112	N	0.20883	0	0.79117	0
113	Y	0.06764	0	0.93236	0
114	F	0.00064	0	0.99936	0
115	L	0.00002	0	0.99998	0
116	M	0.00000	0	1.00000	0
117	S	0.00000	0	1.00000	0
118	L	0.00000	0	1.00000	0
119	A	0.00000	0	1.00000	0
120	V	0.00000	0	1.00000	0
121	A	0.00000	0	1.00000	0
122	D	0.00000	0	1.00000	0
123	L	0.00000	0	1.00000	0
124	L	0.00000	0	1.00000	0
125	V	0.00000	0	1.00000	0
126	G	0.00000	0	1.00000	0
127	L	0.00000	0	1.00000	0
128	F	0.00000	0	1.00000	0
129	V	0.00000	0	1.00000	0
130	M	0.00000	0.00013	0.99987	0
131	P	0.00000	0.00342	0.99658	0
132	I	0.00000	0.01269	0.98731	0
133	A	0.00000	0.11529	0.88471	0
134	L	0.00000	0.24248	0.75752	0
135	L	0.00000	0.53069	0.46931	0
136	T	0.00000	0.99585	0.00415	0
137	I	0.00000	0.996	0.00400	0
138	M	0.00000	0.9962	0.00380	0
139	F	0.00000	0.99718	0.00282	0
140	E	0.00000	0.99974	0.00026	0
141	A	0.00000	0.99986	0.00014	0
142	M	0.00000	0.99993	0.00007	0
143	W	0.00000	0.99998	0.00002	0
144	P	0.00000	1	0.00000	0
145	L	0.00000	1	0.00000	0
146	P	0.00000	1	0.00000	0
147	L	0.00000	0.99999	0.00001	0
148	V	0.00000	0.99999	0.00001	0
149	L	0.00000	0.99999	0.00001	0
150	C	0.00000	0.99999	0.00001	0
151	P	0.00000	0.99996	0.00004	0
152	A	0.00000	0.99928	0.00072	0
153	W	0.00000	0.84304	0.15696	0
154	L	0.00000	0.13595	0.86405	0
155	F	0.00000	0.01872	0.98128	0
156	L	0.00000	0.00063	0.99937	0
157	D	0.00000	0.00018	0.99982	0
158	V	0.00000	0	1.00000	0
159	L	0.00000	0	1.00000	0
160	F	0.00000	0	1.00000	0
161	S	0.00000	0	1.00000	0
162	T	0.00000	0	1.00000	0
163	A	0.00000	0	1.00000	0
164	S	0.00000	0	1.00000	0
165	I	0.00000	0	1.00000	0
166	M	0.00000	0	1.00000	0
167	H	0.00000	0	1.00000	0
168	L	0.00000	0	1.00000	0
169	C	0.00000	0	1.00000	0
170	A	0.00000	0	1.00000	0
171	I	0.00000	0	1.00000	0
172	S	0.00000	0	1.00000	0
173	V	0.00000	0	1.00000	0
174	D	0.00006	0	0.99994	0
175	R	0.12762	0	0.87238	0
176	Y	0.60588	0	0.39412	0
177	I	0.92816	0	0.07184	0
178	A	0.97340	0	0.02660	0
179	I	1.00000	0	0.00000	0
180	K	1.00000	0	0.00000	0
181	K	1.00000	0	0.00000	0
182	P	1.00000	0	0.00000	0
183	I	1.00000	0	0.00000	0
184	Q	1.00000	0	0.00000	0
185	A	1.00000	0	0.00000	0
186	N	1.00000	0	0.00000	0
187	Q	1.00000	0	0.00000	0
188	Y	1.00000	0	0.00000	0
189	N	0.99999	0	0.00001	0
190	S	0.99982	0	0.00018	0
191	R	0.99860	0	0.00140	0
192	A	0.93450	0	0.06550	0
193	T	0.63516	0	0.36484	0
194	A	0.08074	0	0.91926	0
195	F	0.00749	0	0.99251	0
196	I	0.00091	0	0.99909	0
197	K	0.00079	0	0.99921	0
198	I	0.00000	0	1.00000	0
199	T	0.00000	0	1.00000	0
200	V	0.00000	0	1.00000	0
201	V	0.00000	0	1.00000	0
202	W	0.00000	0	1.00000	0
203	L	0.00000	0	1.00000	0
204	I	0.00000	0	1.00000	0
205	S	0.00000	0	1.00000	0
206	I	0.00000	0	1.00000	0
207	G	0.00000	0	1.00000	0
208	I	0.00000	0	1.00000	0
209	A	0.00000	0	1.00000	0
210	I	0.00000	1e-05	0.99999	0
211	P	0.00000	0.00083	0.99917	0
212	V	0.00000	0.00459	0.99541	0
213	P	0.00000	0.13357	0.86643	0
214	I	0.00000	0.28851	0.71149	0
215	K	0.00000	0.9317	0.06830	0
216	A	0.00000	0.94005	0.05995	0
217	I	0.00000	0.96398	0.03602	0
218	E	0.00000	0.99923	0.00077	0
219	T	0.00000	0.99989	0.00011	0
220	D	0.00000	1	0.00000	0
221	M	0.00000	1	0.00000	0
222	G	0.00000	1	0.00000	0
223	N	0.00000	1	0.00000	0
224	P	0.00000	1	0.00000	0
225	N	0.00000	1	0.00000	0
226	N	0.00000	1	0.00000	0
227	I	0.00000	1	0.00000	0
228	T	0.00000	1	0.00000	0
229	C	0.00000	1	0.00000	0
230	G	0.00000	1	0.00000	0
231	L	0.00000	1	0.00000	0
232	T	0.00000	1	0.00000	0
233	K	0.00000	1	0.00000	0
234	D	0.00000	1	0.00000	0
235	R	0.00000	0.9994	0.00060	0
236	F	0.00000	0.99738	0.00262	0
237	G	0.00000	0.99552	0.00448	0
238	N	0.00000	0.76328	0.23672	0
239	F	0.00000	0.00545	0.99455	0
240	M	0.00000	0.00232	0.99768	0
241	L	0.00000	0.00036	0.99964	0
242	F	0.00000	9e-05	0.99991	0
243	G	0.00000	8e-05	0.99992	0
244	S	0.00000	6e-05	0.99994	0
245	L	0.00000	2e-05	0.99998	0
246	A	0.00000	0	1.00000	0
247	A	0.00000	0	1.00000	0
248	F	0.00000	0	1.00000	0
249	F	0.00000	0	1.00000	0
250	T	0.00000	0	1.00000	0
251	P	0.00000	0	1.00000	0
252	L	0.00000	0	1.00000	0
253	A	0.00000	0	1.00000	0
254	I	0.00000	0	1.00000	0
255	M	0.00000	0	1.00000	0
256	I	0.00000	0	1.00000	0
257	V	0.00000	0	1.00000	0
258	T	0.00001	0	0.99999	0
259	Y	0.00002	0	0.99998	0
260	F	0.00043	0	0.99957	0
261	L	0.01829	0	0.98171	0
262	T	0.17669	0	0.82331	0
263	I	0.24978	0	0.75022	0
264	R	0.98447	0	0.01553	0
265	A	0.99065	0	0.00935	0
266	L	0.99408	0	0.00592	0
267	Q	0.99991	0	0.00009	0
268	K	1.00000	0	0.00000	0
269	K	1.00000	0	0.00000	0
270	A	1.00000	0	0.00000	0
271	Y	1.00000	0	0.00000	0
272	L	1.00000	0	0.00000	0
273	I	1.00000	0	0.00000	0
274	K	1.00000	0	0.00000	0
275	N	1.00000	0	0.00000	0
276	K	1.00000	0	0.00000	0
277	P	1.00000	0	0.00000	0
278	P	1.00000	0	0.00000	0
279	Q	1.00000	0	0.00000	0
280	R	1.00000	0	0.00000	0
281	L	1.00000	0	0.00000	0
282	T	1.00000	0	0.00000	0
283	W	1.00000	0	0.00000	0
284	L	1.00000	0	0.00000	0
285	T	1.00000	0	0.00000	0
286	V	1.00000	0	0.00000	0
287	S	1.00000	0	0.00000	0
288	T	1.00000	0	0.00000	0
289	V	1.00000	0	0.00000	0
290	F	1.00000	0	0.00000	0
291	Q	1.00000	0	0.00000	0
292	R	1.00000	0	0.00000	0
293	D	1.00000	0	0.00000	0
294	E	1.00000	0	0.00000	0
295	T	1.00000	0	0.00000	0
296	P	1.00000	0	0.00000	0
297	C	1.00000	0	0.00000	0
298	S	1.00000	0	0.00000	0
299	S	1.00000	0	0.00000	0
300	P	1.00000	0	0.00000	0
301	E	1.00000	0	0.00000	0
302	K	1.00000	0	0.00000	0
303	V	1.00000	0	0.00000	0
304	A	1.00000	0	0.00000	0
305	M	1.00000	0	0.00000	0
306	L	1.00000	0	0.00000	0
307	D	1.00000	0	0.00000	0
308	G	1.00000	0	0.00000	0
309	S	1.00000	0	0.00000	0
310	H	1.00000	0	0.00000	0
311	K	1.00000	0	0.00000	0
312	D	1.00000	0	0.00000	0
313	K	1.00000	0	0.00000	0
314	T	1.00000	0	0.00000	0
315	L	1.00000	0	0.00000	0
316	P	1.00000	0	0.00000	0
317	N	1.00000	0	0.00000	0
318	S	1.00000	0	0.00000	0
319	S	1.00000	0	0.00000	0
320	D	1.00000	0	0.00000	0
321	D	1.00000	0	0.00000	0
322	I	1.00000	0	0.00000	0
323	L	1.00000	0	0.00000	0
324	V	1.00000	0	0.00000	0
325	R	1.00000	0	0.00000	0
326	R	1.00000	0	0.00000	0
327	M	1.00000	0	0.00000	0
328	S	1.00000	0	0.00000	0
329	T	1.00000	0	0.00000	0
330	V	1.00000	0	0.00000	0
331	G	1.00000	0	0.00000	0
332	K	1.00000	0	0.00000	0
333	K	1.00000	0	0.00000	0
334	S	1.00000	0	0.00000	0
335	M	1.00000	0	0.00000	0
336	Q	1.00000	0	0.00000	0
337	T	1.00000	0	0.00000	0
338	I	1.00000	0	0.00000	0
339	S	1.00000	0	0.00000	0
340	N	1.00000	0	0.00000	0
341	E	1.00000	0	0.00000	0
342	Q	0.99888	0	0.00112	0
343	R	0.99849	0	0.00151	0
344	A	0.45284	0	0.54716	0
345	S	0.44990	0	0.55010	0
346	K	0.06043	0	0.93957	0
347	V	0.00660	0	0.99340	0
348	L	0.00077	0	0.99923	0
349	G	0.00066	0	0.99934	0
350	I	0.00001	0	0.99999	0
351	V	0.00000	0	1.00000	0
352	F	0.00000	0	1.00000	0
353	F	0.00000	0	1.00000	0
354	L	0.00000	0	1.00000	0
355	F	0.00000	0	1.00000	0
356	L	0.00000	0	1.00000	0
357	L	0.00000	0	1.00000	0
358	M	0.00000	0	1.00000	0
359	W	0.00000	0	1.00000	0
360	C	0.00000	0	1.00000	0
361	P	0.00000	0	1.00000	0
362	F	0.00000	0	1.00000	0
363	F	0.00000	0	1.00000	0
364	I	0.00000	0.00012	0.99988	0
365	T	0.00000	0.00204	0.99796	0
366	N	0.00000	0.02723	0.97277	0
367	I	0.00000	0.03878	0.96122	0
368	T	0.00000	0.0857	0.91430	0
369	L	0.00000	0.11025	0.88975	0
370	V	0.00000	0.21562	0.78438	0
371	L	0.00000	0.42633	0.57367	0
372	C	0.00000	0.96092	0.03908	0
373	D	0.00000	0.99994	0.00006	0
374	S	0.00000	0.99999	0.00001	0
375	C	0.00000	1	0.00000	0
376	N	0.00000	1	0.00000	0
377	Q	0.00000	1	0.00000	0
378	T	0.00000	0.99986	0.00014	0
379	T	0.00000	0.99886	0.00114	0
380	L	0.00000	0.99257	0.00743	0
381	E	0.00000	0.96852	0.03148	0
382	M	0.00000	0.8065	0.19350	0
383	L	0.00000	0.77594	0.22406	0
384	L	0.00000	0.75999	0.24001	0
385	E	0.00000	0.46297	0.53703	0
386	I	0.00000	0.0039	0.99610	0
387	F	0.00000	0.00015	0.99985	0
388	V	0.00000	0	1.00000	0
389	W	0.00000	0	1.00000	0
390	I	0.00000	0	1.00000	0
391	G	0.00000	0	1.00000	0
392	Y	0.00000	0	1.00000	0
393	I	0.00000	0	1.00000	0
394	S	0.00000	0	1.00000	0
395	S	0.00000	0	1.00000	0
396	G	0.00000	0	1.00000	0
397	V	0.00000	0	1.00000	0
398	N	0.00000	0	1.00000	0
399	P	0.00000	0	1.00000	0
400	L	0.00000	0	1.00000	0
401	V	0.00009	0	0.99991	0
402	Y	0.00109	0	0.99891	0
403	T	0.00517	0	0.99483	0
404	L	0.01164	0	0.98836	0
405	F	0.16579	0	0.83421	0
406	N	0.64210	0	0.35790	0
407	K	1.00000	0	0.00000	0
408	T	1.00000	0	0.00000	0
409	F	1.00000	0	0.00000	0
410	R	1.00000	0	0.00000	0
411	D	1.00000	0	0.00000	0
412	A	1.00000	0	0.00000	0
413	F	1.00000	0	0.00000	0
414	S	1.00000	0	0.00000	0
415	R	1.00000	0	0.00000	0
416	Y	1.00000	0	0.00000	0
417	I	1.00000	0	0.00000	0
418	T	1.00000	0	0.00000	0
419	C	1.00000	0	0.00000	0
420	N	1.00000	0	0.00000	0
421	Y	1.00000	0	0.00000	0
422	R	1.00000	0	0.00000	0
423	A	1.00000	0	0.00000	0
424	T	1.00000	0	0.00000	0
425	K	1.00000	0	0.00000	0
426	S	1.00000	0	0.00000	0
427	V	1.00000	0	0.00000	0
428	K	1.00000	0	0.00000	0
429	T	1.00000	0	0.00000	0
430	L	1.00000	0	0.00000	0
431	R	1.00000	0	0.00000	0
432	K	1.00000	0	0.00000	0
433	R	1.00000	0	0.00000	0
434	S	1.00000	0	0.00000	0
435	S	1.00000	0	0.00000	0
436	N	1.00000	0	0.00000	0
437	V	1.00000	0	0.00000	0
438	Y	1.00000	0	0.00000	0
439	F	1.00000	0	0.00000	0
440	R	1.00000	0	0.00000	0
441	N	1.00000	0	0.00000	0
442	P	1.00000	0	0.00000	0
443	M	1.00000	0	0.00000	0
444	A	1.00000	0	0.00000	0
445	E	1.00000	0	0.00000	0
446	N	1.00000	0	0.00000	0
447	S	1.00000	0	0.00000	0
448	K	1.00000	0	0.00000	0
449	F	1.00000	0	0.00000	0
450	F	1.00000	0	0.00000	0
451	M	1.00000	0	0.00000	0
452	K	1.00000	0	0.00000	0
453	H	1.00000	0	0.00000	0
454	G	1.00000	0	0.00000	0
455	M	1.00000	0	0.00000	0
456	R	1.00000	0	0.00000	0
457	N	1.00000	0	0.00000	0
458	G	1.00000	0	0.00000	0
459	I	1.00000	0	0.00000	0
460	N	1.00000	0	0.00000	0
461	P	1.00000	0	0.00000	0
462	A	1.00000	0	0.00000	0
463	M	1.00000	0	0.00000	0
464	Y	1.00000	0	0.00000	0
465	Q	1.00000	0	0.00000	0
466	S	1.00000	0	0.00000	0
467	P	1.00000	0	0.00000	0
468	I	1.00000	0	0.00000	0
469	R	1.00000	0	0.00000	0
470	L	1.00000	0	0.00000	0
471	R	1.00000	0	0.00000	0
472	S	1.00000	0	0.00000	0
473	S	1.00000	0	0.00000	0
474	T	1.00000	0	0.00000	0
475	I	1.00000	0	0.00000	0
476	Q	1.00000	0	0.00000	0
477	S	1.00000	0	0.00000	0
478	S	1.00000	0	0.00000	0
479	S	1.00000	0	0.00000	0
480	L	1.00000	0	0.00000	0
481	I	1.00000	0	0.00000	0
482	L	1.00000	0	0.00000	0
483	L	1.00000	0	0.00000	0
484	D	1.00000	0	0.00000	0
485	T	1.00000	0	0.00000	0
486	L	1.00000	0	0.00000	0
487	L	1.00000	0	0.00000	0
488	L	1.00000	0	0.00000	0
489	T	1.00000	0	0.00000	0
490	E	1.00000	0	0.00000	0
491	N	1.00000	0	0.00000	0
492	E	1.00000	0	0.00000	0
493	G	1.00000	0	0.00000	0
494	D	1.00000	0	0.00000	0
495	K	1.00000	0	0.00000	0
496	T	1.00000	0	0.00000	0
497	E	1.00000	0	0.00000	0
498	E	1.00000	0	0.00000	0
499	Q	1.00000	0	0.00000	0
500	V	1.00000	0	0.00000	0
501	S	1.00000	0	0.00000	0
502	Y	1.00000	0	0.00000	0
503	V	1.00000	0	0.00000	0
