# UNNAMED
#pos	aa	i	o	M	S
1	M	0.00000	1	0.00000	0
2	F	0.00000	1	0.00000	0
3	N	0.00000	1	0.00000	0
4	L	0.00000	1	0.00000	0
5	E	0.00000	1	0.00000	0
6	N	0.00000	1	0.00000	0
7	P	0.00000	1	0.00000	0
8	F	0.00000	1	0.00000	0
9	T	0.00000	1	0.00000	0
10	E	0.00000	1	0.00000	0
11	R	0.00000	1	0.00000	0
12	G	0.00000	1	0.00000	0
13	H	0.00000	1	0.00000	0
14	F	0.00000	1	0.00000	0
15	F	0.00000	1	0.00000	0
16	S	0.00000	1	0.00000	0
17	S	0.00000	1	0.00000	0
18	M	0.00000	1	0.00000	0
19	E	0.00000	1	0.00000	0
20	Y	0.00000	1	0.00000	0
21	Q	0.00000	1	0.00000	0
22	H	0.00000	1	0.00000	0
23	Q	0.00000	1	0.00000	0
24	L	0.00000	1	0.00000	0
25	E	0.00000	1	0.00000	0
26	E	0.00000	1	0.00000	0
27	E	0.00000	1	0.00000	0
28	G	0.00000	1	0.00000	0
29	Y	0.00000	1	0.00000	0
30	P	0.00000	1	0.00000	0
31	P	0.00000	1	0.00000	0
32	P	0.00000	1	0.00000	0
33	G	0.00000	1	0.00000	0
34	S	0.00000	1	0.00000	0
35	N	0.00000	1	0.00000	0
36	R	0.00000	1	0.00000	0
37	S	0.00000	1	0.00000	0
38	L	0.00000	1	0.00000	0
39	N	0.00000	1	0.00000	0
40	E	0.00000	1	0.00000	0
41	S	0.00000	1	0.00000	0
42	D	0.00000	1	0.00000	0
43	S	0.00000	1	0.00000	0
44	G	0.00000	1	0.00000	0
45	P	0.00000	1	0.00000	0
46	R	0.00000	1	0.00000	0
47	G	0.00000	1	0.00000	0
48	G	0.00000	0.99999	0.00001	0
49	T	0.00000	0.99998	0.00002	0
50	P	0.00000	0.99935	0.00065	0
51	Y	0.00000	0.9917	0.00830	0
52	P	0.00000	0.98368	0.01632	0
53	L	0.00000	0.94915	0.05085	0
54	H	0.00000	0.87905	0.12095	0
55	T	0.00000	0.75843	0.24157	0
56	T	0.00000	0.4093	0.59070	0
57	L	0.00000	0.22591	0.77409	0
58	T	0.00000	0.12086	0.87914	0
59	L	0.00000	0.03102	0.96898	0
60	I	0.00000	0.00606	0.99394	0
61	S	0.00000	0.00392	0.99608	0
62	L	0.00000	0.00064	0.99936	0
63	A	0.00000	0.00012	0.99988	0
64	G	0.00000	4e-05	0.99996	0
65	L	0.00000	0	1.00000	0
66	L	0.00000	0	1.00000	0
67	M	0.00000	0	1.00000	0
68	L	0.00000	0	1.00000	0
69	F	0.00000	0	1.00000	0
70	T	0.00000	0	1.00000	0
71	I	0.00000	0	1.00000	0
72	F	0.00000	0	1.00000	0
73	G	0.00000	0	1.00000	0
74	N	0.00000	0	1.00000	0
75	V	0.00000	0	1.00000	0
76	L	0.00000	0	1.00000	0
77	V	0.00000	0	1.00000	0
78	I	0.00001	0	0.99999	0
79	I	0.00036	0	0.99964	0
80	A	0.02195	0	0.97805	0
81	I	0.05099	0	0.94901	0
82	F	0.25961	0	0.74039	0
83	T	0.95689	0	0.04311	0
84	S	0.99842	0	0.00158	0
85	R	0.99998	0	0.00002	0
86	A	1.00000	0	0.00000	0
87	L	1.00000	0	0.00000	0
88	K	1.00000	0	0.00000	0
89	A	1.00000	0	0.00000	0
90	P	1.00000	0	0.00000	0
91	Q	0.84707	0	0.15293	0
92	N	0.15402	0	0.84598	0
93	L	0.02557	0	0.97443	0
94	F	0.00022	0	0.99978	0
95	L	0.00000	0	1.00000	0
96	V	0.00000	0	1.00000	0
97	S	0.00000	0	1.00000	0
98	L	0.00000	0	1.00000	0
99	A	0.00000	0	1.00000	0
100	S	0.00000	0	1.00000	0
101	A	0.00000	0	1.00000	0
102	D	0.00000	0	1.00000	0
103	I	0.00000	0	1.00000	0
104	L	0.00000	0	1.00000	0
105	V	0.00000	0	1.00000	0
106	A	0.00000	0	1.00000	0
107	T	0.00000	0	1.00000	0
108	L	0.00000	0	1.00000	0
109	V	0.00000	0	1.00000	0
110	I	0.00000	0.0002	0.99980	0
111	P	0.00000	0.00368	0.99632	0
112	F	0.00000	0.03927	0.96073	0
113	S	0.00000	0.38226	0.61774	0
114	L	0.00000	0.51694	0.48306	0
115	A	0.00000	0.81084	0.18916	0
116	N	0.00000	0.99997	0.00003	0
117	E	0.00000	0.99998	0.00002	0
118	V	0.00000	0.99998	0.00002	0
119	M	0.00000	0.99999	0.00001	0
120	G	0.00000	0.99999	0.00001	0
121	Y	0.00000	1	0.00000	0
122	W	0.00000	1	0.00000	0
123	Y	0.00000	1	0.00000	0
124	F	0.00000	1	0.00000	0
125	G	0.00000	1	0.00000	0
126	K	0.00000	1	0.00000	0
127	V	0.00000	1	0.00000	0
128	W	0.00000	1	0.00000	0
129	C	0.00000	1	0.00000	0
130	E	0.00000	1	0.00000	0
131	I	0.00000	0.9991	0.00090	0
132	Y	0.00000	0.87396	0.12604	0
133	L	0.00000	0.4265	0.57350	0
134	A	0.00000	0.25955	0.74045	0
135	L	0.00000	0.00672	0.99328	0
136	D	0.00000	0.0027	0.99730	0
137	V	0.00000	4e-05	0.99996	0
138	L	0.00000	0	1.00000	0
139	F	0.00000	0	1.00000	0
140	C	0.00000	0	1.00000	0
141	T	0.00000	0	1.00000	0
142	S	0.00000	0	1.00000	0
143	S	0.00000	0	1.00000	0
144	I	0.00000	0	1.00000	0
145	V	0.00000	0	1.00000	0
146	H	0.00000	0	1.00000	0
147	L	0.00000	0	1.00000	0
148	C	0.00000	0	1.00000	0
149	A	0.00000	0	1.00000	0
150	I	0.00000	0	1.00000	0
151	S	0.00000	0	1.00000	0
152	L	0.00000	0	1.00000	0
153	D	0.00000	0	1.00000	0
154	R	0.00305	0	0.99695	0
155	Y	0.02486	0	0.97514	0
156	W	0.04241	0	0.95759	0
157	S	0.36662	0	0.63338	0
158	I	0.99998	0	0.00002	0
159	T	1.00000	0	0.00000	0
160	Q	1.00000	0	0.00000	0
161	A	1.00000	0	0.00000	0
162	I	1.00000	0	0.00000	0
163	E	1.00000	0	0.00000	0
164	Y	1.00000	0	0.00000	0
165	N	1.00000	0	0.00000	0
166	L	1.00000	0	0.00000	0
167	K	1.00000	0	0.00000	0
168	R	1.00000	0	0.00000	0
169	T	1.00000	0	0.00000	0
170	P	1.00000	0	0.00000	0
171	R	0.99996	0	0.00004	0
172	R	0.99070	0	0.00930	0
173	I	0.57871	0	0.42129	0
174	K	0.55617	0	0.44383	0
175	C	0.00256	0	0.99744	0
176	I	0.00001	0	0.99999	0
177	I	0.00000	0	1.00000	0
178	F	0.00000	0	1.00000	0
179	I	0.00000	0	1.00000	0
180	V	0.00000	0	1.00000	0
181	W	0.00000	0	1.00000	0
182	V	0.00000	0	1.00000	0
183	I	0.00000	0	1.00000	0
184	S	0.00000	0	1.00000	0
185	A	0.00000	0	1.00000	0
186	V	0.00000	0	1.00000	0
187	I	0.00000	0	1.00000	0
188	S	0.00000	0	1.00000	0
189	F	0.00000	0	1.00000	0
190	P	0.00000	0	1.00000	0
191	P	0.00000	3e-05	0.99997	0
192	L	0.00000	0.00032	0.99968	0
193	I	0.00000	0.01325	0.98675	0
194	S	0.00000	0.17154	0.82846	0
195	I	0.00000	0.26086	0.73914	0
196	E	0.00000	0.96724	0.03276	0
197	K	0.00000	0.99985	0.00015	0
198	K	0.00000	1	0.00000	0
199	N	0.00000	1	0.00000	0
200	G	0.00000	1	0.00000	0
201	Q	0.00000	1	0.00000	0
202	K	0.00000	1	0.00000	0
203	A	0.00000	1	0.00000	0
204	N	0.00000	1	0.00000	0
205	Q	0.00000	1	0.00000	0
206	K	0.00000	1	0.00000	0
207	V	0.00000	1	0.00000	0
208	L	0.00000	1	0.00000	0
209	V	0.00000	1	0.00000	0
210	C	0.00000	1	0.00000	0
211	E	0.00000	1	0.00000	0
212	I	0.00000	1	0.00000	0
213	N	0.00000	1	0.00000	0
214	D	0.00000	1	0.00000	0
215	E	0.00000	0.99999	0.00001	0
216	K	0.00000	0.98967	0.01033	0
217	W	0.00000	0.19407	0.80593	0
218	Y	0.00000	0.01495	0.98505	0
219	I	0.00000	0.01233	0.98767	0
220	I	0.00000	0.00041	0.99959	0
221	S	0.00000	2e-05	0.99998	0
222	S	0.00000	1e-05	0.99999	0
223	C	0.00000	1e-05	0.99999	0
224	I	0.00000	0	1.00000	0
225	G	0.00000	0	1.00000	0
226	S	0.00000	0	1.00000	0
227	F	0.00000	0	1.00000	0
228	F	0.00000	0	1.00000	0
229	A	0.00000	0	1.00000	0
230	P	0.00000	0	1.00000	0
231	C	0.00000	0	1.00000	0
232	L	0.00000	0	1.00000	0
233	I	0.00000	0	1.00000	0
234	M	0.00000	0	1.00000	0
235	I	0.00000	0	1.00000	0
236	L	0.00000	0	1.00000	0
237	V	0.00000	0	1.00000	0
238	Y	0.00025	0	0.99975	0
239	V	0.01184	0	0.98816	0
240	R	0.22416	0	0.77584	0
241	I	0.24422	0	0.75578	0
242	Y	0.37256	0	0.62744	0
243	Q	0.99428	0	0.00572	0
244	I	0.99599	0	0.00401	0
245	A	0.99998	0	0.00002	0
246	K	1.00000	0	0.00000	0
247	R	1.00000	0	0.00000	0
248	R	1.00000	0	0.00000	0
249	T	1.00000	0	0.00000	0
250	R	1.00000	0	0.00000	0
251	V	1.00000	0	0.00000	0
252	P	1.00000	0	0.00000	0
253	P	1.00000	0	0.00000	0
254	N	1.00000	0	0.00000	0
255	K	1.00000	0	0.00000	0
256	R	1.00000	0	0.00000	0
257	G	1.00000	0	0.00000	0
258	E	1.00000	0	0.00000	0
259	H	1.00000	0	0.00000	0
260	P	1.00000	0	0.00000	0
261	S	1.00000	0	0.00000	0
262	K	1.00000	0	0.00000	0
263	R	1.00000	0	0.00000	0
264	Q	1.00000	0	0.00000	0
265	N	1.00000	0	0.00000	0
266	G	1.00000	0	0.00000	0
267	L	1.00000	0	0.00000	0
268	A	1.00000	0	0.00000	0
269	D	1.00000	0	0.00000	0
270	K	1.00000	0	0.00000	0
271	E	1.00000	0	0.00000	0
272	E	1.00000	0	0.00000	0
273	L	1.00000	0	0.00000	0
274	P	1.00000	0	0.00000	0
275	A	1.00000	0	0.00000	0
276	A	1.00000	0	0.00000	0
277	A	1.00000	0	0.00000	0
278	K	1.00000	0	0.00000	0
279	L	1.00000	0	0.00000	0
280	N	1.00000	0	0.00000	0
281	G	1.00000	0	0.00000	0
282	E	1.00000	0	0.00000	0
283	K	1.00000	0	0.00000	0
284	V	1.00000	0	0.00000	0
285	T	1.00000	0	0.00000	0
286	E	1.00000	0	0.00000	0
287	G	1.00000	0	0.00000	0
288	G	1.00000	0	0.00000	0
289	G	1.00000	0	0.00000	0
290	G	1.00000	0	0.00000	0
291	E	1.00000	0	0.00000	0
292	G	1.00000	0	0.00000	0
293	G	1.00000	0	0.00000	0
294	Q	1.00000	0	0.00000	0
295	G	1.00000	0	0.00000	0
296	R	1.00000	0	0.00000	0
297	E	1.00000	0	0.00000	0
298	L	1.00000	0	0.00000	0
299	N	1.00000	0	0.00000	0
300	G	1.00000	0	0.00000	0
301	I	1.00000	0	0.00000	0
302	D	1.00000	0	0.00000	0
303	M	1.00000	0	0.00000	0
304	E	1.00000	0	0.00000	0
305	E	1.00000	0	0.00000	0
306	T	1.00000	0	0.00000	0
307	S	1.00000	0	0.00000	0
308	S	1.00000	0	0.00000	0
309	S	1.00000	0	0.00000	0
310	E	1.00000	0	0.00000	0
311	H	1.00000	0	0.00000	0
312	H	1.00000	0	0.00000	0
313	E	1.00000	0	0.00000	0
314	N	1.00000	0	0.00000	0
315	H	1.00000	0	0.00000	0
316	Q	1.00000	0	0.00000	0
317	C	1.00000	0	0.00000	0
318	R	1.00000	0	0.00000	0
319	K	1.00000	0	0.00000	0
320	Q	1.00000	0	0.00000	0
321	G	1.00000	0	0.00000	0
322	R	1.00000	0	0.00000	0
323	P	1.00000	0	0.00000	0
324	Q	1.00000	0	0.00000	0
325	R	1.00000	0	0.00000	0
326	C	1.00000	0	0.00000	0
327	K	1.00000	0	0.00000	0
328	G	1.00000	0	0.00000	0
329	K	1.00000	0	0.00000	0
330	T	1.00000	0	0.00000	0
331	K	1.00000	0	0.00000	0
332	L	1.00000	0	0.00000	0
333	S	1.00000	0	0.00000	0
334	Q	1.00000	0	0.00000	0
335	I	1.00000	0	0.00000	0
336	K	1.00000	0	0.00000	0
337	P	1.00000	0	0.00000	0
338	G	1.00000	0	0.00000	0
339	D	1.00000	0	0.00000	0
340	S	1.00000	0	0.00000	0
341	L	1.00000	0	0.00000	0
342	P	1.00000	0	0.00000	0
343	R	1.00000	0	0.00000	0
344	T	1.00000	0	0.00000	0
345	V	1.00000	0	0.00000	0
346	E	1.00000	0	0.00000	0
347	E	1.00000	0	0.00000	0
348	E	1.00000	0	0.00000	0
349	R	1.00000	0	0.00000	0
350	N	1.00000	0	0.00000	0
351	A	1.00000	0	0.00000	0
352	K	1.00000	0	0.00000	0
353	A	1.00000	0	0.00000	0
354	S	1.00000	0	0.00000	0
355	R	1.00000	0	0.00000	0
356	W	1.00000	0	0.00000	0
357	R	1.00000	0	0.00000	0
358	G	1.00000	0	0.00000	0
359	R	1.00000	0	0.00000	0
360	Q	1.00000	0	0.00000	0
361	N	1.00000	0	0.00000	0
362	R	1.00000	0	0.00000	0
363	E	1.00000	0	0.00000	0
364	K	0.96785	0	0.03215	0
365	R	0.96644	0	0.03356	0
366	F	0.68270	0	0.31730	0
367	T	0.42256	0	0.57744	0
368	F	0.08028	0	0.91972	0
369	V	0.07604	0	0.92396	0
370	L	0.00106	0	0.99894	0
371	A	0.00003	0	0.99997	0
372	V	0.00001	0	0.99999	0
373	V	0.00000	0	1.00000	0
374	I	0.00000	0	1.00000	0
375	G	0.00000	0	1.00000	0
376	V	0.00000	0	1.00000	0
377	F	0.00000	0	1.00000	0
378	V	0.00000	0	1.00000	0
379	I	0.00000	0	1.00000	0
380	C	0.00000	0	1.00000	0
381	W	0.00000	0	1.00000	0
382	F	0.00000	0	1.00000	0
383	P	0.00000	0	1.00000	0
384	F	0.00000	0	1.00000	0
385	F	0.00000	1e-05	0.99999	0
386	F	0.00000	0.00109	0.99891	0
387	T	0.00000	0.01634	0.98366	0
388	Y	0.00000	0.03441	0.96559	0
389	T	0.00000	0.11381	0.88619	0
390	L	0.00000	0.17124	0.82876	0
391	T	0.00000	0.43692	0.56308	0
392	A	0.00000	0.56622	0.43378	0
393	V	0.00000	0.84228	0.15772	0
394	C	0.00000	0.9889	0.01110	0
395	K	0.00000	0.9999	0.00010	0
396	S	0.00000	0.99998	0.00002	0
397	C	0.00000	1	0.00000	0
398	S	0.00000	1	0.00000	0
399	V	0.00000	0.99999	0.00001	0
400	P	0.00000	0.99999	0.00001	0
401	E	0.00000	0.99735	0.00265	0
402	T	0.00000	0.97943	0.02057	0
403	L	0.00000	0.93988	0.06012	0
404	F	0.00000	0.93012	0.06988	0
405	K	0.00000	0.67283	0.32717	0
406	F	0.00000	0.00811	0.99189	0
407	F	0.00000	0.00132	0.99868	0
408	F	0.00000	6e-05	0.99994	0
409	W	0.00000	0	1.00000	0
410	F	0.00000	0	1.00000	0
411	G	0.00000	0	1.00000	0
412	Y	0.00000	0	1.00000	0
413	C	0.00000	0	1.00000	0
414	N	0.00000	0	1.00000	0
415	S	0.00000	0	1.00000	0
416	S	0.00000	0	1.00000	0
417	L	0.00000	0	1.00000	0
418	N	0.00000	0	1.00000	0
419	P	0.00000	0	1.00000	0
420	V	0.00000	0	1.00000	0
421	I	0.00000	0	1.00000	0
422	Y	0.00001	0	0.99999	0
423	T	0.00007	0	0.99993	0
424	I	0.00124	0	0.99876	0
425	F	0.05924	0	0.94076	0
426	N	0.73610	0	0.26390	0
427	H	0.87839	0	0.12161	0
428	D	0.95263	0	0.04737	0
429	F	0.96714	0	0.03286	0
430	R	1.00000	0	0.00000	0
431	R	1.00000	0	0.00000	0
432	A	1.00000	0	0.00000	0
433	F	1.00000	0	0.00000	0
434	K	1.00000	0	0.00000	0
435	K	1.00000	0	0.00000	0
436	I	1.00000	0	0.00000	0
437	L	1.00000	0	0.00000	0
438	C	1.00000	0	0.00000	0
439	R	1.00000	0	0.00000	0
440	I	1.00000	0	0.00000	0
441	D	1.00000	0	0.00000	0
442	R	1.00000	0	0.00000	0
443	K	1.00000	0	0.00000	0
444	R	1.00000	0	0.00000	0
445	I	1.00000	0	0.00000	0
446	V	1.00000	0	0.00000	0
