# UNNAMED
#pos	aa	i	o	M	S
1	M	0.00000	0.99991	0.00000	9e-05
2	T	0.00000	0.99991	0.00000	9e-05
3	T	0.00000	0.99991	0.00000	9e-05
4	N	0.00000	0.99991	0.00000	8e-05
5	L	0.00000	0.99991	0.00000	9e-05
6	S	0.00000	0.99991	0.00000	9e-05
7	Q	0.00000	0.99991	0.00000	9e-05
8	P	0.00000	0.99991	0.00000	9e-05
9	P	0.00000	0.99991	0.00000	9e-05
10	V	0.00000	0.99991	0.00000	9e-05
11	V	0.00000	0.99991	0.00000	9e-05
12	Q	0.00000	0.99991	0.00000	9e-05
13	L	0.00000	0.99991	0.00000	9e-05
14	C	0.00000	0.99992	0.00000	8e-05
15	Y	0.00000	0.99992	0.00000	8e-05
16	E	0.00000	0.99992	0.00000	8e-05
17	N	0.00000	0.99997	0.00000	3e-05
18	V	0.00000	0.99997	0.00000	3e-05
19	N	0.00000	0.99997	0.00000	3e-05
20	G	0.00000	0.99997	0.00000	3e-05
21	S	0.00000	0.99997	0.00000	2e-05
22	C	0.00000	0.99999	0.00000	1e-05
23	I	0.00000	1	0.00000	0
24	K	0.00000	1	0.00000	0
25	T	0.00000	1	0.00000	0
26	P	0.00000	1	0.00000	0
27	Y	0.00000	1	0.00000	0
28	S	0.00000	1	0.00000	0
29	S	0.00000	1	0.00000	0
30	G	0.00000	0.99998	0.00002	0
31	S	0.00000	0.99994	0.00006	0
32	R	0.00000	0.98793	0.01207	0
33	V	0.00000	0.41372	0.58628	0
34	I	0.00000	0.07046	0.92954	0
35	L	0.00000	0.02513	0.97487	0
36	Y	0.00000	0.01087	0.98913	0
37	A	0.00000	0.00334	0.99666	0
38	V	0.00000	0.0009	0.99910	0
39	L	0.00000	0.00035	0.99965	0
40	G	0.00000	0.00013	0.99987	0
41	F	0.00000	1e-05	0.99999	0
42	G	0.00000	0	1.00000	0
43	A	0.00000	0	1.00000	0
44	V	0.00000	0	1.00000	0
45	L	0.00000	0	1.00000	0
46	A	0.00000	0	1.00000	0
47	V	0.00000	0	1.00000	0
48	F	0.00000	0	1.00000	0
49	G	0.00000	0	1.00000	0
50	N	0.00000	0	1.00000	0
51	L	0.00000	0	1.00000	0
52	L	0.00000	0	1.00000	0
53	V	0.00001	0	0.99999	0
54	I	0.00009	0	0.99991	0
55	T	0.00885	0	0.99115	0
56	A	0.02560	0	0.97440	0
57	I	0.05621	0	0.94379	0
58	L	0.28955	0	0.71045	0
59	H	0.67685	0	0.32315	0
60	F	0.74342	0	0.25658	0
61	K	0.99793	0	0.00207	0
62	Q	0.99999	0	0.00001	0
63	L	1.00000	0	0.00000	0
64	H	1.00000	0	0.00000	0
65	T	1.00000	0	0.00000	0
66	P	1.00000	0	0.00000	0
67	T	0.62660	0	0.37340	0
68	N	0.10412	0	0.89588	0
69	F	0.01302	0	0.98698	0
70	L	0.00016	0	0.99984	0
71	I	0.00000	0	1.00000	0
72	A	0.00000	0	1.00000	0
73	S	0.00000	0	1.00000	0
74	L	0.00000	0	1.00000	0
75	A	0.00000	0	1.00000	0
76	C	0.00000	0	1.00000	0
77	A	0.00000	0	1.00000	0
78	D	0.00000	0	1.00000	0
79	F	0.00000	0	1.00000	0
80	L	0.00000	0	1.00000	0
81	V	0.00000	0	1.00000	0
82	G	0.00000	0	1.00000	0
83	V	0.00000	0	1.00000	0
84	T	0.00000	0	1.00000	0
85	V	0.00000	5e-05	0.99995	0
86	M	0.00000	0.00311	0.99689	0
87	P	0.00000	0.05608	0.94392	0
88	F	0.00000	0.16744	0.83256	0
89	S	0.00000	0.68717	0.31283	0
90	T	0.00000	0.86568	0.13432	0
91	V	0.00000	0.92154	0.07846	0
92	R	0.00000	0.99998	0.00002	0
93	S	0.00000	0.99999	0.00001	0
94	V	0.00000	0.99999	0.00001	0
95	E	0.00000	1	0.00000	0
96	S	0.00000	1	0.00000	0
97	C	0.00000	1	0.00000	0
98	W	0.00000	1	0.00000	0
99	Y	0.00000	1	0.00000	0
100	F	0.00000	1	0.00000	0
101	G	0.00000	1	0.00000	0
102	E	0.00000	1	0.00000	0
103	S	0.00000	1	0.00000	0
104	Y	0.00000	0.99987	0.00013	0
105	C	0.00000	0.99978	0.00022	0
106	K	0.00000	0.99968	0.00032	0
107	F	0.00000	0.98559	0.01441	0
108	H	0.00000	0.30205	0.69795	0
109	T	0.00000	0.17743	0.82257	0
110	C	0.00000	0.14346	0.85654	0
111	F	0.00000	0.00057	0.99943	0
112	D	0.00000	0.00031	0.99969	0
113	T	0.00000	5e-05	0.99995	0
114	S	0.00000	0	1.00000	0
115	F	0.00000	0	1.00000	0
116	C	0.00000	0	1.00000	0
117	F	0.00000	0	1.00000	0
118	A	0.00000	0	1.00000	0
119	S	0.00000	0	1.00000	0
120	L	0.00000	0	1.00000	0
121	F	0.00000	0	1.00000	0
122	H	0.00000	0	1.00000	0
123	L	0.00000	0	1.00000	0
124	C	0.00000	0	1.00000	0
125	F	0.00000	0	1.00000	0
126	I	0.00000	0	1.00000	0
127	S	0.00001	0	0.99999	0
128	I	0.00003	0	0.99997	0
129	D	0.00038	0	0.99962	0
130	R	0.31776	0	0.68224	0
131	Y	0.92236	0	0.07764	0
132	I	0.98210	0	0.01790	0
133	A	0.99675	0	0.00325	0
134	V	1.00000	0	0.00000	0
135	T	1.00000	0	0.00000	0
136	D	1.00000	0	0.00000	0
137	P	1.00000	0	0.00000	0
138	L	1.00000	0	0.00000	0
139	V	1.00000	0	0.00000	0
140	Y	1.00000	0	0.00000	0
141	P	1.00000	0	0.00000	0
142	T	0.99995	0	0.00005	0
143	K	0.99987	0	0.00013	0
144	F	0.97002	0	0.02998	0
145	T	0.95462	0	0.04538	0
146	V	0.90602	0	0.09398	0
147	P	0.87846	0	0.12154	0
148	V	0.38728	0	0.61272	0
149	S	0.34208	0	0.65792	0
150	G	0.11103	0	0.88897	0
151	I	0.00230	0	0.99770	0
152	C	0.00000	0	1.00000	0
153	I	0.00000	0	1.00000	0
154	A	0.00000	0	1.00000	0
155	L	0.00000	0	1.00000	0
156	S	0.00000	0	1.00000	0
157	W	0.00000	0	1.00000	0
158	F	0.00000	0	1.00000	0
159	F	0.00000	0	1.00000	0
160	S	0.00000	0	1.00000	0
161	V	0.00000	0	1.00000	0
162	T	0.00000	1e-05	0.99999	0
163	Y	0.00000	0.00016	0.99984	0
164	S	0.00000	0.002	0.99800	0
165	F	0.00000	0.00444	0.99556	0
166	S	0.00000	0.02737	0.97263	0
167	I	0.00000	0.04114	0.95886	0
168	F	0.00000	0.11731	0.88269	0
169	Y	0.00000	0.29936	0.70064	0
170	T	0.00000	0.63762	0.36238	0
171	G	0.00000	0.81326	0.18674	0
172	A	0.00000	0.88077	0.11923	0
173	N	0.00000	0.99492	0.00508	0
174	E	0.00000	0.99999	0.00001	0
175	D	0.00000	1	0.00000	0
176	G	0.00000	1	0.00000	0
177	I	0.00000	1	0.00000	0
178	E	0.00000	1	0.00000	0
179	D	0.00000	1	0.00000	0
180	L	0.00000	1	0.00000	0
181	V	0.00000	1	0.00000	0
182	I	0.00000	1	0.00000	0
183	A	0.00000	1	0.00000	0
184	L	0.00000	1	0.00000	0
185	T	0.00000	1	0.00000	0
186	C	0.00000	1	0.00000	0
187	V	0.00000	1	0.00000	0
188	G	0.00000	1	0.00000	0
189	G	0.00000	1	0.00000	0
190	C	0.00000	0.99995	0.00005	0
191	Q	0.00000	0.9995	0.00050	0
192	A	0.00000	0.95575	0.04425	0
193	P	0.00000	0.9513	0.04870	0
194	L	0.00000	0.93539	0.06461	0
195	N	0.00000	0.93488	0.06512	0
196	Q	0.00000	0.92953	0.07047	0
197	N	0.00000	0.34112	0.65888	0
198	W	0.00000	0.16306	0.83694	0
199	V	0.00000	0.05802	0.94198	0
200	L	0.00000	0.01838	0.98162	0
201	L	0.00000	0.00668	0.99332	0
202	C	0.00000	0.00571	0.99429	0
203	F	0.00000	0.00092	0.99908	0
204	L	0.00000	0	1.00000	0
205	L	0.00000	0	1.00000	0
206	F	0.00000	0	1.00000	0
207	F	0.00000	0	1.00000	0
208	V	0.00000	0	1.00000	0
209	P	0.00000	0	1.00000	0
210	T	0.00000	0	1.00000	0
211	V	0.00000	0	1.00000	0
212	A	0.00000	0	1.00000	0
213	M	0.00000	0	1.00000	0
214	I	0.00000	0	1.00000	0
215	I	0.00007	0	0.99993	0
216	I	0.00140	0	0.99860	0
217	Y	0.00863	0	0.99137	0
218	G	0.04953	0	0.95047	0
219	K	0.08397	0	0.91603	0
220	I	0.08657	0	0.91343	0
221	F	0.10568	0	0.89432	0
222	L	0.25924	0	0.74076	0
223	V	0.36232	0	0.63768	0
224	A	0.96687	0	0.03313	0
225	K	0.99909	0	0.00091	0
226	Q	0.99997	0	0.00003	0
227	Q	1.00000	0	0.00000	0
228	A	1.00000	0	0.00000	0
229	R	1.00000	0	0.00000	0
230	K	1.00000	0	0.00000	0
231	I	1.00000	0	0.00000	0
232	E	1.00000	0	0.00000	0
233	S	1.00000	0	0.00000	0
234	S	1.00000	0	0.00000	0
235	S	1.00000	0	0.00000	0
236	S	1.00000	0	0.00000	0
237	Q	1.00000	0	0.00000	0
238	T	1.00000	0	0.00000	0
239	Q	1.00000	0	0.00000	0
240	S	1.00000	0	0.00000	0
241	S	1.00000	0	0.00000	0
242	A	1.00000	0	0.00000	0
243	E	1.00000	0	0.00000	0
244	S	1.00000	0	0.00000	0
245	Y	1.00000	0	0.00000	0
246	K	1.00000	0	0.00000	0
247	D	1.00000	0	0.00000	0
248	R	1.00000	0	0.00000	0
249	V	1.00000	0	0.00000	0
250	A	1.00000	0	0.00000	0
251	K	1.00000	0	0.00000	0
252	R	1.00000	0	0.00000	0
253	E	1.00000	0	0.00000	0
254	R	0.92449	0	0.07551	0
255	K	0.92104	0	0.07896	0
256	A	0.10060	0	0.89940	0
257	A	0.09949	0	0.90051	0
258	K	0.09402	0	0.90598	0
259	T	0.05701	0	0.94299	0
260	L	0.02590	0	0.97410	0
261	G	0.01561	0	0.98439	0
262	I	0.01068	0	0.98932	0
263	A	0.01056	0	0.98944	0
264	M	0.00453	0	0.99547	0
265	A	0.00006	0	0.99994	0
266	A	0.00000	0	1.00000	0
267	F	0.00000	0	1.00000	0
268	L	0.00000	0	1.00000	0
269	V	0.00000	0	1.00000	0
270	S	0.00000	0	1.00000	0
271	W	0.00000	0	1.00000	0
272	L	0.00000	0	1.00000	0
273	P	0.00000	3e-05	0.99997	0
274	Y	0.00000	0.00017	0.99983	0
275	I	0.00000	0.00162	0.99838	0
276	I	0.00000	0.04936	0.95064	0
277	D	0.00000	0.74076	0.25924	0
278	A	0.00000	0.74455	0.25545	0
279	V	0.00000	0.77694	0.22306	0
280	I	0.00000	0.80733	0.19267	0
281	D	0.00000	0.94178	0.05822	0
282	A	0.00000	0.94216	0.05784	0
283	Y	0.00000	0.94535	0.05465	0
284	M	0.00000	0.94758	0.05242	0
285	N	0.00000	0.9603	0.03970	0
286	F	0.00000	0.96164	0.03836	0
287	I	0.00000	0.97589	0.02411	0
288	T	0.00000	0.99756	0.00244	0
289	P	0.00000	0.9997	0.00030	0
290	P	0.00000	0.99992	0.00008	0
291	Y	0.00000	0.9997	0.00030	0
292	V	0.00000	0.99853	0.00147	0
293	Y	0.00000	0.99736	0.00264	0
294	E	0.00000	0.68089	0.31911	0
295	I	0.00000	0.35112	0.64888	0
296	L	0.00000	0.08322	0.91678	0
297	V	0.00000	0.01505	0.98495	0
298	W	0.00000	0.00119	0.99881	0
299	C	0.00000	4e-05	0.99996	0
300	V	0.00000	0	1.00000	0
301	Y	0.00000	0	1.00000	0
302	Y	0.00000	0	1.00000	0
303	N	0.00001	0	0.99999	0
304	S	0.00001	0	0.99999	0
305	A	0.00001	0	0.99999	0
306	M	0.00001	0	0.99999	0
307	N	0.00001	0	0.99999	0
308	P	0.00001	0	0.99999	0
309	L	0.00001	0	0.99999	0
310	I	0.00001	0	0.99999	0
311	Y	0.00002	0	0.99998	0
312	A	0.00005	0	0.99995	0
313	F	0.00016	0	0.99984	0
314	F	0.00391	0	0.99609	0
315	Y	0.05528	0	0.94472	0
316	P	0.18635	0	0.81365	0
317	W	0.25094	0	0.74906	0
318	F	0.67007	0	0.32993	0
319	R	1.00000	0	0.00000	0
320	K	1.00000	0	0.00000	0
321	A	1.00000	0	0.00000	0
322	I	1.00000	0	0.00000	0
323	K	1.00000	0	0.00000	0
324	L	1.00000	0	0.00000	0
325	I	1.00000	0	0.00000	0
326	V	1.00000	0	0.00000	0
327	S	1.00000	0	0.00000	0
328	G	1.00000	0	0.00000	0
329	R	1.00000	0	0.00000	0
330	V	1.00000	0	0.00000	0
331	L	1.00000	0	0.00000	0
332	R	1.00000	0	0.00000	0
333	N	1.00000	0	0.00000	0
334	D	1.00000	0	0.00000	0
335	S	1.00000	0	0.00000	0
336	S	1.00000	0	0.00000	0
337	T	1.00000	0	0.00000	0
338	M	1.00000	0	0.00000	0
339	N	1.00000	0	0.00000	0
340	L	1.00000	0	0.00000	0
341	F	1.00000	0	0.00000	0
342	S	1.00000	0	0.00000	0
343	E	1.00000	0	0.00000	0
344	E	1.00000	0	0.00000	0
345	A	1.00000	0	0.00000	0
346	E	1.00000	0	0.00000	0
347	I	1.00000	0	0.00000	0
348	D	1.00000	0	0.00000	0
