# UNNAMED
#pos	aa	i	o	M	S
1	M	0.00000	0.99997	0.00000	3e-05
2	Q	0.00000	0.99997	0.00000	3e-05
3	H	0.00000	0.99997	0.00000	3e-05
4	I	0.00000	0.99997	0.00000	3e-05
5	A	0.00000	0.99997	0.00000	3e-05
6	G	0.00000	0.99997	0.00000	3e-05
7	R	0.00000	0.99997	0.00000	3e-05
8	C	0.00000	0.99997	0.00000	3e-05
9	C	0.00000	0.99997	0.00000	3e-05
10	G	0.00000	0.99997	0.00000	3e-05
11	D	0.00000	0.99997	0.00000	3e-05
12	I	0.00000	0.99991	0.00005	3e-05
13	S	0.00000	0.99989	0.00007	3e-05
14	L	0.00000	0.99966	0.00031	3e-05
15	R	0.00000	0.99773	0.00227	0
16	A	0.00000	0.86295	0.13705	0
17	V	0.00000	0.7474	0.25260	0
18	T	0.00000	0.71019	0.28981	0
19	K	0.00000	0.69487	0.30513	0
20	V	0.00000	0.14775	0.85225	0
21	L	0.00000	0.04863	0.95137	0
22	L	0.00000	0.00961	0.99039	0
23	G	0.00000	0.00272	0.99728	0
24	A	0.00000	0.00082	0.99918	0
25	L	0.00000	6e-05	0.99994	0
26	V	0.00000	1e-05	0.99999	0
27	L	0.00000	0	1.00000	0
28	S	0.00000	0	1.00000	0
29	T	0.00000	0	1.00000	0
30	L	0.00000	0	1.00000	0
31	V	0.00000	0	1.00000	0
32	G	0.00000	0	1.00000	0
33	N	0.00000	0	1.00000	0
34	A	0.00000	0	1.00000	0
35	L	0.00000	0	1.00000	0
36	V	0.00000	0	1.00000	0
37	C	0.00001	0	0.99999	0
38	L	0.00017	0	0.99983	0
39	A	0.00718	0	0.99282	0
40	V	0.03573	0	0.96427	0
41	L	0.19875	0	0.80125	0
42	R	0.83981	0	0.16019	0
43	F	0.86614	0	0.13386	0
44	R	0.99473	0	0.00527	0
45	H	0.99841	0	0.00159	0
46	L	0.99921	0	0.00079	0
47	R	1.00000	0	0.00000	0
48	T	0.99999	0	0.00001	0
49	K	0.99947	0	0.00053	0
50	V	0.94183	0	0.05817	0
51	T	0.88941	0	0.11059	0
52	N	0.21067	0	0.78933	0
53	W	0.11160	0	0.88840	0
54	F	0.00149	0	0.99851	0
55	V	0.00058	0	0.99942	0
56	L	0.00000	0	1.00000	0
57	S	0.00000	0	1.00000	0
58	L	0.00000	0	1.00000	0
59	A	0.00000	0	1.00000	0
60	I	0.00000	0	1.00000	0
61	S	0.00000	0	1.00000	0
62	D	0.00000	0	1.00000	0
63	L	0.00000	0	1.00000	0
64	C	0.00000	0	1.00000	0
65	V	0.00000	0	1.00000	0
66	A	0.00000	0	1.00000	0
67	L	0.00000	0	1.00000	0
68	L	0.00000	0	1.00000	0
69	V	0.00000	0	1.00000	0
70	M	0.00000	0.00047	0.99953	0
71	P	0.00000	0.0075	0.99250	0
72	W	0.00000	0.07423	0.92577	0
73	R	0.00000	0.46138	0.53862	0
74	A	0.00000	0.61078	0.38922	0
75	V	0.00000	0.76121	0.23879	0
76	T	0.00000	0.99992	0.00008	0
77	E	0.00000	1	0.00000	0
78	V	0.00000	1	0.00000	0
79	A	0.00000	1	0.00000	0
80	G	0.00000	1	0.00000	0
81	G	0.00000	1	0.00000	0
82	I	0.00000	1	0.00000	0
83	W	0.00000	1	0.00000	0
84	I	0.00000	1	0.00000	0
85	F	0.00000	1	0.00000	0
86	G	0.00000	1	0.00000	0
87	S	0.00000	1	0.00000	0
88	H	0.00000	1	0.00000	0
89	F	0.00000	1	0.00000	0
90	C	0.00000	0.99999	0.00001	0
91	D	0.00000	0.99998	0.00002	0
92	T	0.00000	0.99974	0.00026	0
93	W	0.00000	0.81274	0.18726	0
94	V	0.00000	0.09129	0.90871	0
95	A	0.00000	0.0025	0.99750	0
96	F	0.00000	5e-05	0.99995	0
97	D	0.00000	1e-05	0.99999	0
98	I	0.00000	0	1.00000	0
99	M	0.00000	0	1.00000	0
100	C	0.00000	0	1.00000	0
101	S	0.00000	0	1.00000	0
102	T	0.00000	0	1.00000	0
103	A	0.00000	0	1.00000	0
104	S	0.00000	0	1.00000	0
105	I	0.00000	0	1.00000	0
106	L	0.00000	0	1.00000	0
107	H	0.00000	0	1.00000	0
108	L	0.00000	0	1.00000	0
109	C	0.00000	0	1.00000	0
110	I	0.00000	0	1.00000	0
111	I	0.00000	0	1.00000	0
112	S	0.00000	0	1.00000	0
113	L	0.00000	0	1.00000	0
114	D	0.00004	0	0.99996	0
115	R	0.08194	0	0.91806	0
116	Y	0.45582	0	0.54418	0
117	W	0.82274	0	0.17726	0
118	A	0.98566	0	0.01434	0
119	I	1.00000	0	0.00000	0
120	A	1.00000	0	0.00000	0
121	S	1.00000	0	0.00000	0
122	P	1.00000	0	0.00000	0
123	F	1.00000	0	0.00000	0
124	R	1.00000	0	0.00000	0
125	Y	1.00000	0	0.00000	0
126	E	1.00000	0	0.00000	0
127	R	1.00000	0	0.00000	0
128	R	1.00000	0	0.00000	0
129	M	0.99988	0	0.00012	0
130	T	0.99961	0	0.00039	0
131	Q	0.99819	0	0.00181	0
132	R	0.91697	0	0.08303	0
133	L	0.12169	0	0.87831	0
134	A	0.03737	0	0.96263	0
135	C	0.00041	0	0.99959	0
136	T	0.00022	0	0.99978	0
137	M	0.00002	0	0.99998	0
138	I	0.00000	0	1.00000	0
139	A	0.00000	0	1.00000	0
140	V	0.00000	0	1.00000	0
141	A	0.00000	0	1.00000	0
142	W	0.00000	0	1.00000	0
143	V	0.00000	0	1.00000	0
144	L	0.00000	0	1.00000	0
145	S	0.00000	0	1.00000	0
146	I	0.00000	0	1.00000	0
147	L	0.00000	0	1.00000	0
148	I	0.00000	0	1.00000	0
149	S	0.00000	1e-05	0.99999	0
150	F	0.00000	2e-05	0.99998	0
151	V	0.00000	0.00068	0.99932	0
152	P	0.00000	0.03165	0.96835	0
153	V	0.00000	0.09719	0.90281	0
154	Q	0.00000	0.56254	0.43746	0
155	L	0.00000	0.67409	0.32591	0
156	H	0.00000	0.9319	0.06810	0
157	W	0.00000	0.97129	0.02871	0
158	H	0.00000	0.99775	0.00225	0
159	K	0.00000	1	0.00000	0
160	A	0.00000	1	0.00000	0
161	K	0.00000	1	0.00000	0
162	D	0.00000	1	0.00000	0
163	M	0.00000	1	0.00000	0
164	R	0.00000	1	0.00000	0
165	Y	0.00000	1	0.00000	0
166	P	0.00000	1	0.00000	0
167	G	0.00000	1	0.00000	0
168	S	0.00000	1	0.00000	0
169	W	0.00000	1	0.00000	0
170	L	0.00000	1	0.00000	0
171	P	0.00000	1	0.00000	0
172	G	0.00000	1	0.00000	0
173	T	0.00000	1	0.00000	0
174	P	0.00000	1	0.00000	0
175	R	0.00000	1	0.00000	0
176	C	0.00000	1	0.00000	0
177	D	0.00000	0.99999	0.00001	0
178	V	0.00000	0.99949	0.00051	0
179	S	0.00000	0.99872	0.00128	0
180	L	0.00000	0.99672	0.00328	0
181	N	0.00000	0.99652	0.00348	0
182	R	0.00000	0.99134	0.00866	0
183	T	0.00000	0.58145	0.41855	0
184	Y	0.00000	0.02409	0.97591	0
185	A	0.00000	0.01451	0.98549	0
186	I	0.00000	0.01041	0.98959	0
187	T	0.00000	0.00144	0.99856	0
188	S	0.00000	0.00122	0.99878	0
189	S	0.00000	0.00012	0.99988	0
190	L	0.00000	4e-05	0.99996	0
191	I	0.00000	0	1.00000	0
192	S	0.00000	0	1.00000	0
193	F	0.00000	0	1.00000	0
194	Y	0.00000	0	1.00000	0
195	I	0.00000	0	1.00000	0
196	P	0.00000	0	1.00000	0
197	V	0.00000	0	1.00000	0
198	A	0.00000	0	1.00000	0
199	I	0.00000	0	1.00000	0
200	M	0.00000	0	1.00000	0
201	I	0.00000	0	1.00000	0
202	I	0.00010	0	0.99990	0
203	T	0.00107	0	0.99893	0
204	Y	0.00268	0	0.99732	0
205	T	0.06617	0	0.93383	0
206	R	0.16413	0	0.83587	0
207	I	0.17462	0	0.82538	0
208	Y	0.23851	0	0.76149	0
209	R	0.96208	0	0.03792	0
210	I	0.96786	0	0.03214	0
211	A	0.99973	0	0.00027	0
212	Q	0.99999	0	0.00001	0
213	A	1.00000	0	0.00000	0
214	Q	1.00000	0	0.00000	0
215	I	1.00000	0	0.00000	0
216	R	1.00000	0	0.00000	0
217	R	1.00000	0	0.00000	0
218	I	1.00000	0	0.00000	0
219	S	1.00000	0	0.00000	0
220	T	1.00000	0	0.00000	0
221	L	1.00000	0	0.00000	0
222	E	1.00000	0	0.00000	0
223	R	1.00000	0	0.00000	0
224	A	1.00000	0	0.00000	0
225	G	1.00000	0	0.00000	0
226	G	1.00000	0	0.00000	0
227	Q	1.00000	0	0.00000	0
228	W	1.00000	0	0.00000	0
229	P	1.00000	0	0.00000	0
230	A	1.00000	0	0.00000	0
231	H	1.00000	0	0.00000	0
232	S	1.00000	0	0.00000	0
233	K	1.00000	0	0.00000	0
234	E	1.00000	0	0.00000	0
235	P	1.00000	0	0.00000	0
236	T	1.00000	0	0.00000	0
237	S	1.00000	0	0.00000	0
238	S	1.00000	0	0.00000	0
239	L	1.00000	0	0.00000	0
240	Q	1.00000	0	0.00000	0
241	S	1.00000	0	0.00000	0
242	S	1.00000	0	0.00000	0
243	L	1.00000	0	0.00000	0
244	R	1.00000	0	0.00000	0
245	K	1.00000	0	0.00000	0
246	E	1.00000	0	0.00000	0
247	T	0.98092	0	0.01908	0
248	K	0.98044	0	0.01956	0
249	V	0.77106	0	0.22894	0
250	L	0.77047	0	0.22953	0
251	Q	0.77031	0	0.22969	0
252	T	0.66614	0	0.33386	0
253	L	0.01540	0	0.98460	0
254	S	0.00302	0	0.99698	0
255	I	0.00129	0	0.99871	0
256	I	0.00010	0	0.99990	0
257	M	0.00000	0	1.00000	0
258	G	0.00000	0	1.00000	0
259	V	0.00000	0	1.00000	0
260	F	0.00000	0	1.00000	0
261	V	0.00000	0	1.00000	0
262	C	0.00000	0	1.00000	0
263	C	0.00000	0	1.00000	0
264	W	0.00000	0	1.00000	0
265	L	0.00000	0	1.00000	0
266	P	0.00000	0	1.00000	0
267	F	0.00000	0	1.00000	0
268	F	0.00000	0	1.00000	0
269	L	0.00000	0.00057	0.99943	0
270	L	0.00000	0.00889	0.99111	0
271	N	0.00000	0.08756	0.91244	0
272	C	0.00000	0.12143	0.87857	0
273	L	0.00000	0.12613	0.87387	0
274	L	0.00000	0.15316	0.84684	0
275	P	0.00000	0.32317	0.67683	0
276	F	0.00000	0.38997	0.61003	0
277	C	0.00000	0.69147	0.30853	0
278	Q	0.00000	0.96667	0.03333	0
279	R	0.00000	0.99881	0.00119	0
280	E	0.00000	0.99986	0.00014	0
281	L	0.00000	0.9999	0.00010	0
282	E	0.00000	0.99999	0.00001	0
283	S	0.00000	1	0.00000	0
284	N	0.00000	1	0.00000	0
285	H	0.00000	1	0.00000	0
286	E	0.00000	1	0.00000	0
287	G	0.00000	1	0.00000	0
288	Q	0.00000	1	0.00000	0
289	S	0.00000	1	0.00000	0
290	P	0.00000	1	0.00000	0
291	C	0.00000	1	0.00000	0
292	I	0.00000	1	0.00000	0
293	D	0.00000	0.99999	0.00001	0
294	Q	0.00000	0.99986	0.00014	0
295	T	0.00000	0.99898	0.00102	0
296	T	0.00000	0.99719	0.00281	0
297	F	0.00000	0.9911	0.00890	0
298	N	0.00000	0.78261	0.21739	0
299	I	0.00000	0.33976	0.66024	0
300	F	0.00000	0.32672	0.67328	0
301	V	0.00000	0.01995	0.98005	0
302	W	0.00000	0.00062	0.99938	0
303	F	0.00000	0	1.00000	0
304	G	0.00000	0	1.00000	0
305	W	0.00000	0	1.00000	0
306	A	0.00000	0	1.00000	0
307	N	0.00000	0	1.00000	0
308	S	0.00000	0	1.00000	0
309	S	0.00000	0	1.00000	0
310	V	0.00000	0	1.00000	0
311	N	0.00000	0	1.00000	0
312	P	0.00000	0	1.00000	0
313	V	0.00000	0	1.00000	0
314	I	0.00000	0	1.00000	0
315	Y	0.00000	0	1.00000	0
316	A	0.00001	0	0.99999	0
317	F	0.00019	0	0.99981	0
318	N	0.03220	0	0.96780	0
319	A	0.13102	0	0.86898	0
320	D	0.28836	0	0.71164	0
321	F	0.30361	0	0.69639	0
322	R	1.00000	0	0.00000	0
323	R	1.00000	0	0.00000	0
324	A	1.00000	0	0.00000	0
325	F	1.00000	0	0.00000	0
326	S	1.00000	0	0.00000	0
327	N	1.00000	0	0.00000	0
328	L	1.00000	0	0.00000	0
329	L	1.00000	0	0.00000	0
330	G	1.00000	0	0.00000	0
331	C	1.00000	0	0.00000	0
332	K	1.00000	0	0.00000	0
333	C	1.00000	0	0.00000	0
334	F	1.00000	0	0.00000	0
335	C	1.00000	0	0.00000	0
336	C	1.00000	0	0.00000	0
337	G	1.00000	0	0.00000	0
338	T	1.00000	0	0.00000	0
339	P	1.00000	0	0.00000	0
340	R	1.00000	0	0.00000	0
341	S	1.00000	0	0.00000	0
342	S	1.00000	0	0.00000	0
343	V	1.00000	0	0.00000	0
344	E	1.00000	0	0.00000	0
345	R	1.00000	0	0.00000	0
346	V	1.00000	0	0.00000	0
347	N	1.00000	0	0.00000	0
348	F	1.00000	0	0.00000	0
349	S	1.00000	0	0.00000	0
350	N	1.00000	0	0.00000	0
351	E	1.00000	0	0.00000	0
352	L	1.00000	0	0.00000	0
353	V	1.00000	0	0.00000	0
354	S	1.00000	0	0.00000	0
355	Y	1.00000	0	0.00000	0
356	H	1.00000	0	0.00000	0
357	H	1.00000	0	0.00000	0
358	D	1.00000	0	0.00000	0
359	T	1.00000	0	0.00000	0
360	T	1.00000	0	0.00000	0
361	C	1.00000	0	0.00000	0
362	Q	1.00000	0	0.00000	0
363	K	1.00000	0	0.00000	0
364	E	1.00000	0	0.00000	0
365	G	1.00000	0	0.00000	0
366	A	1.00000	0	0.00000	0
367	A	1.00000	0	0.00000	0
368	S	1.00000	0	0.00000	0
369	S	1.00000	0	0.00000	0
370	S	1.00000	0	0.00000	0
371	A	1.00000	0	0.00000	0
372	P	1.00000	0	0.00000	0
373	R	1.00000	0	0.00000	0
374	P	1.00000	0	0.00000	0
375	A	1.00000	0	0.00000	0
376	I	1.00000	0	0.00000	0
377	T	1.00000	0	0.00000	0
378	A	1.00000	0	0.00000	0
379	W	1.00000	0	0.00000	0
380	V	1.00000	0	0.00000	0
381	Q	1.00000	0	0.00000	0
382	P	1.00000	0	0.00000	0
383	I	1.00000	0	0.00000	0
384	P	1.00000	0	0.00000	0
385	H	1.00000	0	0.00000	0
386	T	1.00000	0	0.00000	0
387	V	1.00000	0	0.00000	0
388	S	1.00000	0	0.00000	0
389	L	1.00000	0	0.00000	0
390	Q	1.00000	0	0.00000	0
391	G	1.00000	0	0.00000	0
392	E	1.00000	0	0.00000	0
393	D	1.00000	0	0.00000	0
394	S	1.00000	0	0.00000	0
395	S	1.00000	0	0.00000	0
396	E	1.00000	0	0.00000	0
397	E	1.00000	0	0.00000	0
398	M	1.00000	0	0.00000	0
399	S	1.00000	0	0.00000	0
400	M	1.00000	0	0.00000	0
401	E	1.00000	0	0.00000	0
402	K	1.00000	0	0.00000	0
403	R	1.00000	0	0.00000	0
404	P	1.00000	0	0.00000	0
405	V	1.00000	0	0.00000	0
406	T	1.00000	0	0.00000	0
407	S	1.00000	0	0.00000	0
408	Q	1.00000	0	0.00000	0
409	T	1.00000	0	0.00000	0
410	Q	1.00000	0	0.00000	0
411	A	1.00000	0	0.00000	0
412	A	1.00000	0	0.00000	0
413	P	1.00000	0	0.00000	0
414	G	1.00000	0	0.00000	0
415	S	1.00000	0	0.00000	0
416	S	1.00000	0	0.00000	0
417	P	1.00000	0	0.00000	0
418	K	1.00000	0	0.00000	0
419	S	1.00000	0	0.00000	0
420	H	1.00000	0	0.00000	0
421	Q	1.00000	0	0.00000	0
422	T	1.00000	0	0.00000	0
423	P	1.00000	0	0.00000	0
424	A	1.00000	0	0.00000	0
425	I	1.00000	0	0.00000	0
426	L	1.00000	0	0.00000	0
427	Q	1.00000	0	0.00000	0
428	F	1.00000	0	0.00000	0
429	D	1.00000	0	0.00000	0
430	C	1.00000	0	0.00000	0
431	K	1.00000	0	0.00000	0
432	A	1.00000	0	0.00000	0
433	E	1.00000	0	0.00000	0
434	T	1.00000	0	0.00000	0
435	T	1.00000	0	0.00000	0
436	S	1.00000	0	0.00000	0
437	P	1.00000	0	0.00000	0
438	C	1.00000	0	0.00000	0
439	T	1.00000	0	0.00000	0
440	G	1.00000	0	0.00000	0
441	L	1.00000	0	0.00000	0
442	G	1.00000	0	0.00000	0
443	Q	1.00000	0	0.00000	0
444	C	1.00000	0	0.00000	0
445	V	1.00000	0	0.00000	0
446	E	1.00000	0	0.00000	0
447	P	1.00000	0	0.00000	0
448	D	1.00000	0	0.00000	0
449	H	1.00000	0	0.00000	0
450	P	1.00000	0	0.00000	0
451	V	1.00000	0	0.00000	0
452	P	1.00000	0	0.00000	0
453	E	1.00000	0	0.00000	0
454	G	1.00000	0	0.00000	0
