# UNNAMED
#pos	aa	i	o	M	S
1	M	0.00000	1	0.00000	0
2	Y	0.00000	1	0.00000	0
3	S	0.00000	1	0.00000	0
4	F	0.00000	0.92533	0.07467	0
5	M	0.00000	0.85213	0.14787	0
6	T	0.00000	0.39804	0.60196	0
7	G	0.00000	0.22783	0.77217	0
8	A	0.00000	0.02756	0.97244	0
9	I	0.00000	0.00055	0.99945	0
10	F	0.00000	1e-05	0.99999	0
11	L	0.00000	0	1.00000	0
12	T	0.00000	0	1.00000	0
13	V	0.00000	0	1.00000	0
14	F	0.00000	0	1.00000	0
15	G	0.00000	0	1.00000	0
16	N	0.00000	0	1.00000	0
17	L	0.00000	0	1.00000	0
18	A	0.00000	0	1.00000	0
19	M	0.00000	0	1.00000	0
20	V	0.00000	0	1.00000	0
21	I	0.00000	0	1.00000	0
22	S	0.00011	0	0.99989	0
23	I	0.00058	0	0.99942	0
24	S	0.03925	0	0.96075	0
25	Y	0.05760	0	0.94240	0
26	F	0.16765	0	0.83235	0
27	R	0.89224	0	0.10776	0
28	Q	0.99394	0	0.00606	0
29	L	0.99529	0	0.00471	0
30	H	0.99999	0	0.00001	0
31	T	1.00000	0	0.00000	0
32	P	1.00000	0	0.00000	0
33	T	0.97068	0	0.02932	0
34	N	0.29446	0	0.70554	0
35	F	0.10029	0	0.89971	0
36	L	0.00302	0	0.99698	0
37	V	0.00068	0	0.99932	0
38	L	0.00001	0	0.99999	0
39	S	0.00000	0	1.00000	0
40	M	0.00000	0	1.00000	0
41	A	0.00000	0	1.00000	0
42	V	0.00000	0	1.00000	0
43	T	0.00000	0	1.00000	0
44	D	0.00000	0	1.00000	0
45	F	0.00000	0	1.00000	0
46	L	0.00000	0	1.00000	0
47	L	0.00000	0	1.00000	0
48	G	0.00000	0	1.00000	0
49	F	0.00000	0	1.00000	0
50	T	0.00000	0	1.00000	0
51	I	0.00000	0	1.00000	0
52	M	0.00000	0.00101	0.99899	0
53	P	0.00000	0.0746	0.92540	0
54	Y	0.00000	0.30226	0.69774	0
55	S	0.00000	0.42617	0.57383	0
56	M	0.00000	0.47692	0.52308	0
57	I	0.00000	0.64371	0.35629	0
58	R	0.00000	0.99991	0.00009	0
59	S	0.00000	0.99996	0.00004	0
60	V	0.00000	0.99996	0.00004	0
61	E	0.00000	1	0.00000	0
62	N	0.00000	1	0.00000	0
63	C	0.00000	1	0.00000	0
64	W	0.00000	1	0.00000	0
65	Y	0.00000	1	0.00000	0
66	F	0.00000	1	0.00000	0
67	G	0.00000	1	0.00000	0
68	L	0.00000	1	0.00000	0
69	M	0.00000	1	0.00000	0
70	F	0.00000	1	0.00000	0
71	C	0.00000	1	0.00000	0
72	K	0.00000	0.99998	0.00002	0
73	I	0.00000	0.99683	0.00317	0
74	H	0.00000	0.64594	0.35406	0
75	Y	0.00000	0.3794	0.62060	0
76	S	0.00000	0.25892	0.74108	0
77	F	0.00000	0.01967	0.98033	0
78	D	0.00000	0.01437	0.98563	0
79	L	0.00000	0.00029	0.99971	0
80	M	0.00000	0	1.00000	0
81	L	0.00000	0	1.00000	0
82	S	0.00000	0	1.00000	0
83	I	0.00000	0	1.00000	0
84	T	0.00000	0	1.00000	0
85	S	0.00000	0	1.00000	0
86	I	0.00000	0	1.00000	0
87	F	0.00000	0	1.00000	0
88	H	0.00000	0	1.00000	0
89	L	0.00000	0	1.00000	0
90	C	0.00000	0	1.00000	0
91	S	0.00000	0	1.00000	0
92	V	0.00000	0	1.00000	0
93	A	0.00000	0	1.00000	0
94	V	0.00000	0	1.00000	0
95	D	0.00000	0	1.00000	0
96	R	0.00276	0	0.99724	0
97	F	0.06357	0	0.93643	0
98	Y	0.56910	0	0.43090	0
99	A	0.86034	0	0.13966	0
100	I	0.99984	0	0.00016	0
101	C	1.00000	0	0.00000	0
102	Y	1.00000	0	0.00000	0
103	P	1.00000	0	0.00000	0
104	L	1.00000	0	0.00000	0
105	R	1.00000	0	0.00000	0
106	Y	1.00000	0	0.00000	0
107	S	1.00000	0	0.00000	0
108	T	1.00000	0	0.00000	0
109	T	1.00000	0	0.00000	0
110	M	0.99998	0	0.00002	0
111	T	0.99992	0	0.00008	0
112	I	0.99057	0	0.00943	0
113	P	0.98823	0	0.01177	0
114	V	0.86097	0	0.13903	0
115	I	0.83123	0	0.16877	0
116	K	0.82919	0	0.17081	0
117	Q	0.80547	0	0.19453	0
118	L	0.14070	0	0.85930	0
119	L	0.00661	0	0.99339	0
120	L	0.00036	0	0.99964	0
121	L	0.00000	0	1.00000	0
122	C	0.00000	0	1.00000	0
123	W	0.00000	0	1.00000	0
124	S	0.00000	0	1.00000	0
125	V	0.00000	0	1.00000	0
126	P	0.00000	0	1.00000	0
127	G	0.00000	0	1.00000	0
128	I	0.00000	0	1.00000	0
129	F	0.00000	0	1.00000	0
130	A	0.00000	0	1.00000	0
131	F	0.00000	0	1.00000	0
132	G	0.00000	0.00036	0.99964	0
133	V	0.00000	0.00106	0.99894	0
134	V	0.00000	0.00488	0.99512	0
135	F	0.00000	0.01935	0.98065	0
136	L	0.00000	0.06453	0.93547	0
137	E	0.00000	0.20161	0.79839	0
138	A	0.00000	0.22683	0.77317	0
139	Y	0.00000	0.40685	0.59315	0
140	A	0.00000	0.66723	0.33277	0
141	D	0.00000	0.99971	0.00029	0
142	G	0.00000	0.99998	0.00002	0
143	I	0.00000	0.99999	0.00001	0
144	E	0.00000	1	0.00000	0
145	G	0.00000	1	0.00000	0
146	Y	0.00000	1	0.00000	0
147	A	0.00000	1	0.00000	0
148	T	0.00000	1	0.00000	0
149	L	0.00000	1	0.00000	0
150	V	0.00000	1	0.00000	0
151	A	0.00000	1	0.00000	0
152	C	0.00000	1	0.00000	0
153	S	0.00000	1	0.00000	0
154	S	0.00000	1	0.00000	0
155	S	0.00000	1	0.00000	0
156	C	0.00000	0.99999	0.00001	0
157	P	0.00000	0.98775	0.01225	0
158	V	0.00000	0.98767	0.01233	0
159	M	0.00000	0.98706	0.01294	0
160	F	0.00000	0.98584	0.01416	0
161	N	0.00000	0.98582	0.01418	0
162	K	0.00000	0.98558	0.01442	0
163	L	0.00000	0.9822	0.01780	0
164	W	0.00000	0.97968	0.02032	0
165	G	0.00000	0.94602	0.05398	0
166	T	0.00000	0.89671	0.10329	0
167	T	0.00000	0.01932	0.98068	0
168	L	0.00000	0.00149	0.99851	0
169	F	0.00000	0.00015	0.99985	0
170	M	0.00000	1e-05	0.99999	0
171	A	0.00000	0	1.00000	0
172	G	0.00000	0	1.00000	0
173	F	0.00000	0	1.00000	0
174	F	0.00000	0	1.00000	0
175	T	0.00000	0	1.00000	0
176	P	0.00000	0	1.00000	0
177	G	0.00000	0	1.00000	0
178	S	0.00000	0	1.00000	0
179	V	0.00000	0	1.00000	0
180	M	0.00000	0	1.00000	0
181	V	0.00001	0	0.99999	0
182	G	0.00049	0	0.99951	0
183	I	0.00093	0	0.99907	0
184	Y	0.00424	0	0.99576	0
185	G	0.01243	0	0.98757	0
186	K	0.01493	0	0.98507	0
187	I	0.01503	0	0.98497	0
188	F	0.01858	0	0.98142	0
189	A	0.12259	0	0.87741	0
190	V	0.17671	0	0.82329	0
191	S	0.98373	0	0.01627	0
192	R	0.99949	0	0.00051	0
193	K	0.99999	0	0.00001	0
194	H	1.00000	0	0.00000	0
195	A	1.00000	0	0.00000	0
196	R	1.00000	0	0.00000	0
197	A	1.00000	0	0.00000	0
198	I	1.00000	0	0.00000	0
199	N	1.00000	0	0.00000	0
200	N	1.00000	0	0.00000	0
201	L	1.00000	0	0.00000	0
202	P	1.00000	0	0.00000	0
203	E	1.00000	0	0.00000	0
204	N	1.00000	0	0.00000	0
205	Q	1.00000	0	0.00000	0
206	N	1.00000	0	0.00000	0
207	N	1.00000	0	0.00000	0
208	Q	1.00000	0	0.00000	0
209	M	1.00000	0	0.00000	0
210	R	1.00000	0	0.00000	0
211	K	1.00000	0	0.00000	0
212	D	1.00000	0	0.00000	0
213	K	0.98759	0	0.01241	0
214	K	0.98676	0	0.01324	0
215	A	0.37209	0	0.62791	0
216	A	0.36945	0	0.63055	0
217	K	0.32808	0	0.67192	0
218	T	0.23937	0	0.76063	0
219	L	0.00153	0	0.99847	0
220	G	0.00006	0	0.99994	0
221	I	0.00000	0	1.00000	0
222	V	0.00000	0	1.00000	0
223	M	0.00000	0	1.00000	0
224	G	0.00000	0	1.00000	0
225	V	0.00000	0	1.00000	0
226	F	0.00000	0	1.00000	0
227	L	0.00000	0	1.00000	0
228	L	0.00000	0	1.00000	0
229	C	0.00000	0	1.00000	0
230	W	0.00000	0	1.00000	0
231	F	0.00000	0	1.00000	0
232	P	0.00000	0	1.00000	0
233	C	0.00000	0	1.00000	0
234	F	0.00000	0	1.00000	0
235	F	0.00000	1e-05	0.99999	0
236	T	0.00000	0.00022	0.99978	0
237	I	0.00000	0.00048	0.99952	0
238	L	0.00000	0.00351	0.99649	0
239	L	0.00000	0.16323	0.83677	0
240	D	0.00000	0.97577	0.02423	0
241	P	0.00000	0.97803	0.02197	0
242	F	0.00000	0.97891	0.02109	0
243	L	0.00000	0.98353	0.01647	0
244	D	0.00000	0.99957	0.00043	0
245	F	0.00000	0.9996	0.00040	0
246	S	0.00000	0.99983	0.00017	0
247	T	0.00000	0.99991	0.00009	0
248	P	0.00000	0.99974	0.00026	0
249	V	0.00000	0.9977	0.00230	0
250	V	0.00000	0.99677	0.00323	0
251	W	0.00000	0.99591	0.00409	0
252	F	0.00000	0.99532	0.00468	0
253	D	0.00000	0.96835	0.03165	0
254	A	0.00000	0.05265	0.94735	0
255	L	0.00000	0.01057	0.98943	0
256	T	0.00000	0.00399	0.99601	0
257	W	0.00000	0.00026	0.99974	0
258	L	0.00000	0	1.00000	0
259	G	0.00000	0	1.00000	0
260	Y	0.00000	0	1.00000	0
261	F	0.00000	0	1.00000	0
262	N	0.00000	0	1.00000	0
263	S	0.00000	0	1.00000	0
264	T	0.00000	0	1.00000	0
265	C	0.00000	0	1.00000	0
266	N	0.00000	0	1.00000	0
267	P	0.00000	0	1.00000	0
268	L	0.00000	0	1.00000	0
269	I	0.00000	0	1.00000	0
270	Y	0.00001	0	0.99999	0
271	G	0.00004	0	0.99996	0
272	F	0.00020	0	0.99980	0
273	F	0.00181	0	0.99819	0
274	Y	0.05667	0	0.94333	0
275	P	0.41730	0	0.58270	0
276	W	0.75684	0	0.24316	0
277	F	0.93205	0	0.06795	0
278	R	1.00000	0	0.00000	0
279	R	1.00000	0	0.00000	0
280	A	1.00000	0	0.00000	0
281	L	1.00000	0	0.00000	0
282	K	1.00000	0	0.00000	0
283	S	1.00000	0	0.00000	0
284	I	1.00000	0	0.00000	0
285	L	1.00000	0	0.00000	0
286	L	1.00000	0	0.00000	0
287	G	1.00000	0	0.00000	0
288	K	1.00000	0	0.00000	0
289	I	1.00000	0	0.00000	0
290	F	1.00000	0	0.00000	0
291	S	1.00000	0	0.00000	0
292	S	1.00000	0	0.00000	0
293	H	1.00000	0	0.00000	0
294	F	1.00000	0	0.00000	0
295	H	1.00000	0	0.00000	0
296	N	1.00000	0	0.00000	0
297	T	1.00000	0	0.00000	0
298	N	1.00000	0	0.00000	0
299	L	1.00000	0	0.00000	0
300	F	1.00000	0	0.00000	0
301	T	1.00000	0	0.00000	0
302	Q	1.00000	0	0.00000	0
303	K	1.00000	0	0.00000	0
304	E	1.00000	0	0.00000	0
305	T	1.00000	0	0.00000	0
306	E	1.00000	0	0.00000	0
