# UNNAMED
#pos	aa	i	o	M	S
1	M	0.00000	0.98	0.00000	0.02
2	N	0.00000	0.98	0.00000	0.02
3	S	0.00000	0.98	0.00000	0.02
4	P	0.00000	0.98	0.00000	0.02
5	D	0.00000	0.98	0.00000	0.02
6	L	0.00000	0.98	0.00000	0.02001
7	W	0.00000	0.98	0.00000	0.02
8	N	0.00000	0.98	0.00000	0.02
9	A	0.00000	0.98	0.00000	0.02
10	P	0.00000	0.98	0.00000	0.02
11	E	0.00000	0.98	0.00000	0.02
12	I	0.00000	0.98	0.00000	0.02
13	Q	0.00000	0.98	0.00000	0.02001
14	L	0.00000	0.98	0.00000	0.02
15	C	0.00000	0.98	0.00000	0.02
16	F	0.00000	0.98	0.00000	0.02
17	A	0.00000	0.98	0.00000	0.02001
18	L	0.00000	0.98223	0.00000	0.01778
19	A	0.00000	0.98222	0.00000	0.01778
20	N	0.00000	0.98235	0.00000	0.01765
21	N	0.00000	0.98235	0.00000	0.01765
22	S	0.00000	0.98235	0.00000	0.01765
23	C	0.00000	0.98235	0.00000	0.01765
24	A	0.00000	0.99469	0.00000	0.00531
25	R	0.00000	0.99998	0.00000	2e-05
26	N	0.00000	0.99998	0.00000	2e-05
27	V	0.00000	0.99998	0.00000	2e-05
28	R	0.00000	0.99998	0.00000	2e-05
29	S	0.00000	0.99996	0.00002	2e-05
30	G	0.00000	0.99993	0.00007	0
31	L	0.00000	0.99978	0.00022	0
32	S	0.00000	0.99968	0.00032	0
33	V	0.00000	0.97184	0.02816	0
34	G	0.00000	0.93857	0.06143	0
35	A	0.00000	0.83017	0.16983	0
36	M	0.00000	0.75781	0.24219	0
37	Y	0.00000	0.12161	0.87839	0
38	I	0.00000	0.03331	0.96669	0
39	V	0.00000	0.02283	0.97717	0
40	M	0.00000	0.01645	0.98355	0
41	I	0.00000	0.00106	0.99894	0
42	G	0.00000	0.00049	0.99951	0
43	A	0.00000	2e-05	0.99998	0
44	I	0.00000	0	1.00000	0
45	V	0.00000	0	1.00000	0
46	M	0.00000	0	1.00000	0
47	T	0.00000	0	1.00000	0
48	M	0.00000	0	1.00000	0
49	L	0.00000	0	1.00000	0
50	G	0.00000	0	1.00000	0
51	N	0.00000	0	1.00000	0
52	L	0.00000	0	1.00000	0
53	A	0.00000	0	1.00000	0
54	V	0.00000	0	1.00000	0
55	I	0.00000	0	1.00000	0
56	L	0.00047	0	0.99953	0
57	S	0.02162	0	0.97838	0
58	I	0.02995	0	0.97005	0
59	A	0.15985	0	0.84015	0
60	Y	0.31213	0	0.68787	0
61	F	0.48138	0	0.51862	0
62	K	0.98386	0	0.01614	0
63	Q	0.99988	0	0.00012	0
64	L	0.99996	0	0.00004	0
65	H	1.00000	0	0.00000	0
66	S	1.00000	0	0.00000	0
67	P	1.00000	0	0.00000	0
68	T	0.97378	0	0.02622	0
69	N	0.30250	0	0.69750	0
70	F	0.09657	0	0.90343	0
71	L	0.00216	0	0.99784	0
72	I	0.00020	0	0.99980	0
73	L	0.00000	0	1.00000	0
74	S	0.00000	0	1.00000	0
75	M	0.00000	0	1.00000	0
76	A	0.00000	0	1.00000	0
77	I	0.00000	0	1.00000	0
78	T	0.00000	0	1.00000	0
79	D	0.00000	0	1.00000	0
80	F	0.00000	0	1.00000	0
81	L	0.00000	0	1.00000	0
82	L	0.00000	0	1.00000	0
83	S	0.00000	0	1.00000	0
84	C	0.00000	0	1.00000	0
85	V	0.00000	0	1.00000	0
86	V	0.00000	0	1.00000	0
87	M	0.00000	0	1.00000	0
88	P	0.00000	0	1.00000	0
89	F	0.00000	0.0001	0.99990	0
90	S	0.00000	0.26765	0.73235	0
91	M	0.00000	0.32483	0.67517	0
92	I	0.00000	0.5422	0.45780	0
93	R	0.00000	0.99988	0.00012	0
94	S	0.00000	0.99994	0.00006	0
95	I	0.00000	0.99995	0.00005	0
96	E	0.00000	1	0.00000	0
97	S	0.00000	1	0.00000	0
98	C	0.00000	1	0.00000	0
99	W	0.00000	1	0.00000	0
100	Y	0.00000	1	0.00000	0
101	F	0.00000	0.99999	0.00001	0
102	G	0.00000	0.99999	0.00001	0
103	D	0.00000	0.99999	0.00001	0
104	L	0.00000	0.99982	0.00018	0
105	F	0.00000	0.99765	0.00235	0
106	C	0.00000	0.99737	0.00263	0
107	K	0.00000	0.99702	0.00298	0
108	V	0.00000	0.99494	0.00506	0
109	H	0.00000	0.82928	0.17072	0
110	S	0.00000	0.63937	0.36063	0
111	C	0.00000	0.44335	0.55665	0
112	C	0.00000	0.04549	0.95451	0
113	D	0.00000	0.00818	0.99182	0
114	I	0.00000	0.0001	0.99990	0
115	M	0.00000	0	1.00000	0
116	L	0.00000	0	1.00000	0
117	C	0.00000	0	1.00000	0
118	T	0.00000	0	1.00000	0
119	T	0.00000	0	1.00000	0
120	S	0.00000	0	1.00000	0
121	I	0.00000	0	1.00000	0
122	F	0.00000	0	1.00000	0
123	H	0.00000	0	1.00000	0
124	L	0.00000	0	1.00000	0
125	C	0.00000	0	1.00000	0
126	F	0.00000	0	1.00000	0
127	I	0.00001	0	0.99999	0
128	S	0.00003	0	0.99997	0
129	V	0.00004	0	0.99996	0
130	D	0.00010	0	0.99990	0
131	R	0.08321	0	0.91679	0
132	Y	0.81991	0	0.18009	0
133	Y	0.92371	0	0.07629	0
134	A	0.98282	0	0.01718	0
135	V	0.99999	0	0.00001	0
136	C	1.00000	0	0.00000	0
137	D	1.00000	0	0.00000	0
138	P	1.00000	0	0.00000	0
139	L	1.00000	0	0.00000	0
140	C	1.00000	0	0.00000	0
141	Y	1.00000	0	0.00000	0
142	V	1.00000	0	0.00000	0
143	T	1.00000	0	0.00000	0
144	K	1.00000	0	0.00000	0
145	I	0.99951	0	0.00049	0
146	T	0.98835	0	0.01165	0
147	I	0.94121	0	0.05879	0
148	P	0.91014	0	0.08986	0
149	V	0.08796	0	0.91204	0
150	I	0.01036	0	0.98964	0
151	G	0.00284	0	0.99716	0
152	V	0.00013	0	0.99987	0
153	F	0.00002	0	0.99998	0
154	L	0.00000	0	1.00000	0
155	L	0.00000	0	1.00000	0
156	I	0.00000	0	1.00000	0
157	S	0.00000	0	1.00000	0
158	W	0.00000	0	1.00000	0
159	S	0.00000	0	1.00000	0
160	V	0.00000	0	1.00000	0
161	P	0.00000	0	1.00000	0
162	I	0.00000	0	1.00000	0
163	L	0.00000	0	1.00000	0
164	F	0.00000	0	1.00000	0
165	A	0.00000	1e-05	0.99999	0
166	F	0.00000	0.00019	0.99981	0
167	G	0.00000	0.00731	0.99269	0
168	L	0.00000	0.0124	0.98760	0
169	V	0.00000	0.05828	0.94172	0
170	F	0.00000	0.2551	0.74490	0
171	S	0.00000	0.85399	0.14601	0
172	E	0.00000	0.99239	0.00761	0
173	L	0.00000	0.99569	0.00431	0
174	N	0.00000	0.99966	0.00034	0
175	I	0.00000	0.99981	0.00019	0
176	I	0.00000	0.99991	0.00009	0
177	G	0.00000	1	0.00000	0
178	A	0.00000	1	0.00000	0
179	E	0.00000	1	0.00000	0
180	D	0.00000	1	0.00000	0
181	F	0.00000	1	0.00000	0
182	V	0.00000	1	0.00000	0
183	A	0.00000	1	0.00000	0
184	A	0.00000	1	0.00000	0
185	T	0.00000	1	0.00000	0
186	D	0.00000	1	0.00000	0
187	C	0.00000	1	0.00000	0
188	T	0.00000	1	0.00000	0
189	G	0.00000	1	0.00000	0
190	L	0.00000	0.99999	0.00001	0
191	C	0.00000	0.99985	0.00015	0
192	V	0.00000	0.81821	0.18179	0
193	L	0.00000	0.81806	0.18194	0
194	I	0.00000	0.81738	0.18262	0
195	F	0.00000	0.8143	0.18570	0
196	N	0.00000	0.81421	0.18579	0
197	K	0.00000	0.814	0.18600	0
198	L	0.00000	0.62612	0.37388	0
199	W	0.00000	0.0923	0.90770	0
200	G	0.00000	0.07078	0.92922	0
201	V	0.00000	0.02868	0.97132	0
202	L	0.00000	0.00161	0.99839	0
203	A	0.00000	0.00023	0.99977	0
204	S	0.00000	6e-05	0.99994	0
205	F	0.00000	4e-05	0.99996	0
206	I	0.00000	0	1.00000	0
207	A	0.00000	0	1.00000	0
208	F	0.00000	0	1.00000	0
209	F	0.00000	0	1.00000	0
210	L	0.00000	0	1.00000	0
211	P	0.00000	0	1.00000	0
212	G	0.00000	0	1.00000	0
213	T	0.00000	0	1.00000	0
214	V	0.00001	0	0.99999	0
215	M	0.00007	0	0.99993	0
216	V	0.00019	0	0.99981	0
217	G	0.00803	0	0.99197	0
218	I	0.01521	0	0.98479	0
219	Y	0.05179	0	0.94821	0
220	A	0.13713	0	0.86287	0
221	H	0.17218	0	0.82782	0
222	I	0.17981	0	0.82019	0
223	F	0.27206	0	0.72794	0
224	T	0.88637	0	0.11363	0
225	V	0.91746	0	0.08254	0
226	A	0.99760	0	0.00240	0
227	R	0.99993	0	0.00007	0
228	K	0.99999	0	0.00001	0
229	H	1.00000	0	0.00000	0
230	A	1.00000	0	0.00000	0
231	K	1.00000	0	0.00000	0
232	Q	1.00000	0	0.00000	0
233	I	1.00000	0	0.00000	0
234	G	1.00000	0	0.00000	0
235	T	1.00000	0	0.00000	0
236	G	1.00000	0	0.00000	0
237	S	1.00000	0	0.00000	0
238	M	1.00000	0	0.00000	0
239	M	1.00000	0	0.00000	0
240	N	1.00000	0	0.00000	0
241	Q	1.00000	0	0.00000	0
242	I	1.00000	0	0.00000	0
243	V	1.00000	0	0.00000	0
244	S	1.00000	0	0.00000	0
245	T	1.00000	0	0.00000	0
246	S	1.00000	0	0.00000	0
247	K	1.00000	0	0.00000	0
248	R	1.00000	0	0.00000	0
249	K	1.00000	0	0.00000	0
250	A	1.00000	0	0.00000	0
251	S	1.00000	0	0.00000	0
252	T	1.00000	0	0.00000	0
253	I	1.00000	0	0.00000	0
254	K	0.99999	0	0.00001	0
255	G	0.99989	0	0.00011	0
256	S	0.99328	0	0.00672	0
257	K	0.99267	0	0.00733	0
258	A	0.65599	0	0.34401	0
259	T	0.65373	0	0.34627	0
260	K	0.58723	0	0.41277	0
261	T	0.44895	0	0.55105	0
262	L	0.00977	0	0.99023	0
263	S	0.00359	0	0.99641	0
264	I	0.00226	0	0.99774	0
265	V	0.00028	0	0.99972	0
266	M	0.00027	0	0.99973	0
267	G	0.00002	0	0.99998	0
268	V	0.00000	0	1.00000	0
269	F	0.00000	0	1.00000	0
270	V	0.00000	0	1.00000	0
271	L	0.00000	0	1.00000	0
272	C	0.00000	0	1.00000	0
273	W	0.00000	0	1.00000	0
274	L	0.00000	0	1.00000	0
275	P	0.00000	0	1.00000	0
276	F	0.00000	0	1.00000	0
277	F	0.00000	0	1.00000	0
278	I	0.00000	0.00011	0.99989	0
279	L	0.00000	0.00166	0.99834	0
280	T	0.00000	0.01753	0.98247	0
281	V	0.00000	0.05004	0.94996	0
282	I	0.00000	0.17006	0.82994	0
283	D	0.00000	0.83066	0.16934	0
284	P	0.00000	0.83356	0.16644	0
285	F	0.00000	0.83472	0.16528	0
286	I	0.00000	0.84078	0.15922	0
287	S	0.00000	0.86181	0.13819	0
288	F	0.00000	0.86973	0.13027	0
289	T	0.00000	0.94287	0.05713	0
290	T	0.00000	0.988	0.01200	0
291	P	0.00000	0.99849	0.00151	0
292	E	0.00000	0.99998	0.00002	0
293	D	0.00000	0.99998	0.00002	0
294	L	0.00000	0.99916	0.00084	0
295	Y	0.00000	0.99863	0.00137	0
296	N	0.00000	0.84402	0.15598	0
297	V	0.00000	0.03484	0.96516	0
298	F	0.00000	0.00911	0.99089	0
299	L	0.00000	0.00089	0.99911	0
300	W	0.00000	6e-05	0.99994	0
301	L	0.00000	0	1.00000	0
302	G	0.00000	0	1.00000	0
303	Y	0.00000	0	1.00000	0
304	F	0.00000	0	1.00000	0
305	N	0.00000	0	1.00000	0
306	S	0.00000	0	1.00000	0
307	T	0.00000	0	1.00000	0
308	F	0.00000	0	1.00000	0
309	N	0.00000	0	1.00000	0
310	P	0.00000	0	1.00000	0
311	I	0.00000	0	1.00000	0
312	I	0.00000	0	1.00000	0
313	Y	0.00000	0	1.00000	0
314	G	0.00001	0	0.99999	0
315	M	0.00011	0	0.99989	0
316	F	0.00259	0	0.99741	0
317	Y	0.02869	0	0.97131	0
318	P	0.16997	0	0.83003	0
319	W	0.28952	0	0.71048	0
320	F	0.87811	0	0.12189	0
321	R	1.00000	0	0.00000	0
322	K	1.00000	0	0.00000	0
323	A	1.00000	0	0.00000	0
324	L	1.00000	0	0.00000	0
325	R	1.00000	0	0.00000	0
326	M	1.00000	0	0.00000	0
327	I	1.00000	0	0.00000	0
328	V	1.00000	0	0.00000	0
329	S	1.00000	0	0.00000	0
330	G	1.00000	0	0.00000	0
331	M	1.00000	0	0.00000	0
332	I	1.00000	0	0.00000	0
333	F	1.00000	0	0.00000	0
334	C	1.00000	0	0.00000	0
335	P	1.00000	0	0.00000	0
336	D	1.00000	0	0.00000	0
337	S	1.00000	0	0.00000	0
338	S	1.00000	0	0.00000	0
339	T	1.00000	0	0.00000	0
340	L	1.00000	0	0.00000	0
341	S	1.00000	0	0.00000	0
342	L	1.00000	0	0.00000	0
343	F	1.00000	0	0.00000	0
344	P	1.00000	0	0.00000	0
345	V	1.00000	0	0.00000	0
346	H	1.00000	0	0.00000	0
347	T	1.00000	0	0.00000	0
