# UNNAMED
#pos	aa	i	o	M	S
1	M	0.00000	0.99655	0.00000	0.00345
2	A	0.00000	0.99655	0.00000	0.00345
3	L	0.00000	0.99655	0.00000	0.00345
4	L	0.00000	0.99655	0.00000	0.00345
5	S	0.00000	0.99655	0.00000	0.00345
6	P	0.00000	0.99655	0.00000	0.00345
7	L	0.00000	0.99655	0.00000	0.00345
8	N	0.00000	0.99655	0.00000	0.00345
9	S	0.00000	0.99655	0.00000	0.00345
10	S	0.00000	0.99655	0.00000	0.00345
11	I	0.00000	0.99655	0.00000	0.00345
12	N	0.00000	0.99655	0.00000	0.00345
13	S	0.00000	0.99655	0.00000	0.00345
14	T	0.00000	0.99655	0.00000	0.00344
15	C	0.00000	0.99902	0.00000	0.00098
16	R	0.00000	0.99999	0.00000	1e-05
17	K	0.00000	0.99999	0.00000	1e-05
18	E	0.00000	1	0.00000	0
19	N	0.00000	1	0.00000	0
20	T	0.00000	1	0.00000	0
21	T	0.00000	1	0.00000	0
22	G	0.00000	1	0.00000	0
23	P	0.00000	1	0.00000	0
24	G	0.00000	1	0.00000	0
25	L	0.00000	1	0.00000	0
26	P	0.00000	1	0.00000	0
27	H	0.00000	0.99975	0.00025	0
28	P	0.00000	0.9689	0.03110	0
29	L	0.00000	0.83279	0.16721	0
30	T	0.00000	0.74814	0.25186	0
31	Y	0.00000	0.70867	0.29133	0
32	Y	0.00000	0.05462	0.94538	0
33	A	0.00000	0.03014	0.96986	0
34	L	0.00000	0.01589	0.98411	0
35	S	0.00000	0.01216	0.98784	0
36	Y	0.00000	0.0008	0.99920	0
37	C	0.00000	0.00029	0.99971	0
38	A	0.00000	1e-05	0.99999	0
39	L	0.00000	0	1.00000	0
40	I	0.00000	0	1.00000	0
41	L	0.00000	0	1.00000	0
42	A	0.00000	0	1.00000	0
43	I	0.00000	0	1.00000	0
44	V	0.00000	0	1.00000	0
45	F	0.00000	0	1.00000	0
46	G	0.00000	0	1.00000	0
47	N	0.00000	0	1.00000	0
48	V	0.00000	0	1.00000	0
49	L	0.00000	0	1.00000	0
50	V	0.00001	0	0.99999	0
51	C	0.00006	0	0.99994	0
52	L	0.00126	0	0.99874	0
53	A	0.04198	0	0.95802	0
54	V	0.12160	0	0.87840	0
55	L	0.39284	0	0.60716	0
56	K	0.98956	0	0.01044	0
57	E	0.99981	0	0.00019	0
58	R	1.00000	0	0.00000	0
59	S	1.00000	0	0.00000	0
60	L	1.00000	0	0.00000	0
61	Q	0.99999	0	0.00001	0
62	T	0.99953	0	0.00047	0
63	A	0.98251	0	0.01749	0
64	T	0.89144	0	0.10856	0
65	N	0.20100	0	0.79900	0
66	Y	0.06345	0	0.93655	0
67	L	0.00072	0	0.99928	0
68	V	0.00007	0	0.99993	0
69	V	0.00000	0	1.00000	0
70	S	0.00000	0	1.00000	0
71	L	0.00000	0	1.00000	0
72	A	0.00000	0	1.00000	0
73	V	0.00000	0	1.00000	0
74	A	0.00000	0	1.00000	0
75	D	0.00000	0	1.00000	0
76	L	0.00000	0	1.00000	0
77	L	0.00000	0	1.00000	0
78	V	0.00000	0	1.00000	0
79	A	0.00000	0	1.00000	0
80	T	0.00000	0	1.00000	0
81	L	0.00000	0	1.00000	0
82	V	0.00000	0	1.00000	0
83	M	0.00000	6e-05	0.99994	0
84	P	0.00000	0.00101	0.99899	0
85	W	0.00000	0.01038	0.98962	0
86	V	0.00000	0.06023	0.93977	0
87	V	0.00000	0.33036	0.66964	0
88	Y	0.00000	0.89259	0.10741	0
89	L	0.00000	0.99978	0.00022	0
90	E	0.00000	1	0.00000	0
91	V	0.00000	1	0.00000	0
92	T	0.00000	1	0.00000	0
93	G	0.00000	1	0.00000	0
94	G	0.00000	1	0.00000	0
95	V	0.00000	1	0.00000	0
96	W	0.00000	1	0.00000	0
97	N	0.00000	1	0.00000	0
98	F	0.00000	1	0.00000	0
99	S	0.00000	1	0.00000	0
100	R	0.00000	1	0.00000	0
101	I	0.00000	0.99999	0.00001	0
102	C	0.00000	0.99996	0.00004	0
103	C	0.00000	0.99841	0.00159	0
104	V	0.00000	0.9862	0.01380	0
105	V	0.00000	0.98075	0.01925	0
106	F	0.00000	0.42576	0.57424	0
107	V	0.00000	0.09714	0.90286	0
108	T	0.00000	0.04862	0.95138	0
109	L	0.00000	0.00077	0.99923	0
110	D	0.00000	0.00027	0.99973	0
111	V	0.00000	1e-05	0.99999	0
112	M	0.00000	0	1.00000	0
113	M	0.00000	0	1.00000	0
114	C	0.00000	0	1.00000	0
115	T	0.00000	0	1.00000	0
116	A	0.00000	0	1.00000	0
117	S	0.00000	0	1.00000	0
118	I	0.00000	0	1.00000	0
119	L	0.00000	0	1.00000	0
120	N	0.00000	0	1.00000	0
121	L	0.00000	0	1.00000	0
122	C	0.00000	0	1.00000	0
123	A	0.00000	0	1.00000	0
124	I	0.00000	0	1.00000	0
125	S	0.00000	0	1.00000	0
126	I	0.00000	0	1.00000	0
127	D	0.00001	0	0.99999	0
128	R	0.01144	0	0.98856	0
129	Y	0.30929	0	0.69071	0
130	I	0.77353	0	0.22647	0
131	A	0.90935	0	0.09065	0
132	V	0.99994	0	0.00006	0
133	V	1.00000	0	0.00000	0
134	M	1.00000	0	0.00000	0
135	P	1.00000	0	0.00000	0
136	V	1.00000	0	0.00000	0
137	R	1.00000	0	0.00000	0
138	Y	1.00000	0	0.00000	0
139	Q	1.00000	0	0.00000	0
140	Y	1.00000	0	0.00000	0
141	S	1.00000	0	0.00000	0
142	S	1.00000	0	0.00000	0
143	G	1.00000	0	0.00000	0
144	Q	0.99998	0	0.00002	0
145	S	0.97480	0	0.02520	0
146	S	0.94322	0	0.05678	0
147	C	0.91448	0	0.08552	0
148	R	0.91385	0	0.08615	0
149	R	0.88630	0	0.11370	0
150	V	0.17024	0	0.82976	0
151	S	0.12003	0	0.87997	0
152	F	0.05591	0	0.94409	0
153	M	0.00094	0	0.99906	0
154	I	0.00000	0	1.00000	0
155	T	0.00000	0	1.00000	0
156	V	0.00000	0	1.00000	0
157	V	0.00000	0	1.00000	0
158	W	0.00000	0	1.00000	0
159	V	0.00000	0	1.00000	0
160	L	0.00000	0	1.00000	0
161	A	0.00000	0	1.00000	0
162	F	0.00000	0	1.00000	0
163	A	0.00000	0	1.00000	0
164	V	0.00000	0.00034	0.99966	0
165	S	0.00000	0.01532	0.98468	0
166	C	0.00000	0.04907	0.95093	0
167	P	0.00000	0.05503	0.94497	0
168	L	0.00000	0.0571	0.94290	0
169	L	0.00000	0.06124	0.93876	0
170	F	0.00000	0.07566	0.92434	0
171	G	0.00000	0.17289	0.82711	0
172	L	0.00000	0.35019	0.64981	0
173	N	0.00000	0.97358	0.02642	0
174	T	0.00000	0.99663	0.00337	0
175	T	0.00000	0.99977	0.00023	0
176	G	0.00000	0.99999	0.00001	0
177	D	0.00000	1	0.00000	0
178	P	0.00000	1	0.00000	0
179	S	0.00000	1	0.00000	0
180	V	0.00000	1	0.00000	0
181	C	0.00000	1	0.00000	0
182	S	0.00000	0.99999	0.00001	0
183	I	0.00000	0.99999	0.00001	0
184	S	0.00000	0.99999	0.00001	0
185	N	0.00000	0.99999	0.00001	0
186	P	0.00000	0.99998	0.00002	0
187	D	0.00000	0.99893	0.00107	0
188	F	0.00000	0.11235	0.88765	0
189	I	0.00000	0.05414	0.94586	0
190	I	0.00000	0.04813	0.95187	0
191	Y	0.00000	0.01167	0.98833	0
192	S	0.00000	0.01065	0.98935	0
193	S	0.00000	0.00234	0.99766	0
194	V	0.00000	0.00176	0.99824	0
195	I	0.00000	0	1.00000	0
196	S	0.00000	0	1.00000	0
197	F	0.00000	0	1.00000	0
198	Y	0.00000	0	1.00000	0
199	L	0.00000	0	1.00000	0
200	P	0.00000	0	1.00000	0
201	F	0.00000	0	1.00000	0
202	V	0.00000	0	1.00000	0
203	V	0.00000	0	1.00000	0
204	T	0.00000	0	1.00000	0
205	L	0.00000	0	1.00000	0
206	I	0.00000	0	1.00000	0
207	V	0.00000	0	1.00000	0
208	Y	0.00001	0	0.99999	0
209	A	0.00144	0	0.99856	0
210	R	0.02362	0	0.97638	0
211	I	0.02829	0	0.97171	0
212	Y	0.06790	0	0.93210	0
213	V	0.33663	0	0.66337	0
214	V	0.52395	0	0.47605	0
215	L	0.98377	0	0.01623	0
216	R	0.99918	0	0.00082	0
217	R	0.99998	0	0.00002	0
218	R	1.00000	0	0.00000	0
219	R	1.00000	0	0.00000	0
220	R	1.00000	0	0.00000	0
221	K	1.00000	0	0.00000	0
222	R	1.00000	0	0.00000	0
223	I	1.00000	0	0.00000	0
224	L	1.00000	0	0.00000	0
225	T	1.00000	0	0.00000	0
226	R	1.00000	0	0.00000	0
227	Q	1.00000	0	0.00000	0
228	N	1.00000	0	0.00000	0
229	S	1.00000	0	0.00000	0
230	Q	1.00000	0	0.00000	0
231	C	1.00000	0	0.00000	0
232	I	1.00000	0	0.00000	0
233	S	1.00000	0	0.00000	0
234	I	1.00000	0	0.00000	0
235	K	1.00000	0	0.00000	0
236	P	1.00000	0	0.00000	0
237	G	1.00000	0	0.00000	0
238	Y	1.00000	0	0.00000	0
239	P	1.00000	0	0.00000	0
240	P	1.00000	0	0.00000	0
241	Q	1.00000	0	0.00000	0
242	S	1.00000	0	0.00000	0
243	I	1.00000	0	0.00000	0
244	F	1.00000	0	0.00000	0
245	L	1.00000	0	0.00000	0
246	R	1.00000	0	0.00000	0
247	R	1.00000	0	0.00000	0
248	H	1.00000	0	0.00000	0
249	A	1.00000	0	0.00000	0
250	I	1.00000	0	0.00000	0
251	R	1.00000	0	0.00000	0
252	H	1.00000	0	0.00000	0
253	F	1.00000	0	0.00000	0
254	S	1.00000	0	0.00000	0
255	I	1.00000	0	0.00000	0
256	R	1.00000	0	0.00000	0
257	S	1.00000	0	0.00000	0
258	R	1.00000	0	0.00000	0
259	F	1.00000	0	0.00000	0
260	S	1.00000	0	0.00000	0
261	S	1.00000	0	0.00000	0
262	S	1.00000	0	0.00000	0
263	E	1.00000	0	0.00000	0
264	T	1.00000	0	0.00000	0
265	G	1.00000	0	0.00000	0
266	G	1.00000	0	0.00000	0
267	K	1.00000	0	0.00000	0
268	T	1.00000	0	0.00000	0
269	E	1.00000	0	0.00000	0
270	P	1.00000	0	0.00000	0
271	T	1.00000	0	0.00000	0
272	E	1.00000	0	0.00000	0
273	E	1.00000	0	0.00000	0
274	K	1.00000	0	0.00000	0
275	E	1.00000	0	0.00000	0
276	Y	1.00000	0	0.00000	0
277	P	1.00000	0	0.00000	0
278	P	1.00000	0	0.00000	0
279	G	1.00000	0	0.00000	0
280	C	1.00000	0	0.00000	0
281	Q	1.00000	0	0.00000	0
282	D	1.00000	0	0.00000	0
283	S	1.00000	0	0.00000	0
284	L	1.00000	0	0.00000	0
285	L	1.00000	0	0.00000	0
286	S	1.00000	0	0.00000	0
287	H	1.00000	0	0.00000	0
288	L	1.00000	0	0.00000	0
289	Q	1.00000	0	0.00000	0
290	S	1.00000	0	0.00000	0
291	T	1.00000	0	0.00000	0
292	S	1.00000	0	0.00000	0
293	P	1.00000	0	0.00000	0
294	G	1.00000	0	0.00000	0
295	R	1.00000	0	0.00000	0
296	V	1.00000	0	0.00000	0
297	H	1.00000	0	0.00000	0
298	S	1.00000	0	0.00000	0
299	S	1.00000	0	0.00000	0
300	E	1.00000	0	0.00000	0
301	K	1.00000	0	0.00000	0
302	L	1.00000	0	0.00000	0
303	L	1.00000	0	0.00000	0
304	A	1.00000	0	0.00000	0
305	A	1.00000	0	0.00000	0
306	L	1.00000	0	0.00000	0
307	E	1.00000	0	0.00000	0
308	L	1.00000	0	0.00000	0
309	K	1.00000	0	0.00000	0
310	R	1.00000	0	0.00000	0
311	Y	1.00000	0	0.00000	0
312	Y	1.00000	0	0.00000	0
313	S	1.00000	0	0.00000	0
314	F	1.00000	0	0.00000	0
315	C	1.00000	0	0.00000	0
316	Q	1.00000	0	0.00000	0
317	D	1.00000	0	0.00000	0
318	A	1.00000	0	0.00000	0
319	P	1.00000	0	0.00000	0
320	L	1.00000	0	0.00000	0
321	P	1.00000	0	0.00000	0
322	K	1.00000	0	0.00000	0
323	P	1.00000	0	0.00000	0
324	G	1.00000	0	0.00000	0
325	H	1.00000	0	0.00000	0
326	Q	1.00000	0	0.00000	0
327	E	1.00000	0	0.00000	0
328	E	1.00000	0	0.00000	0
329	E	1.00000	0	0.00000	0
330	G	1.00000	0	0.00000	0
331	E	1.00000	0	0.00000	0
332	V	1.00000	0	0.00000	0
333	K	1.00000	0	0.00000	0
334	G	1.00000	0	0.00000	0
335	A	1.00000	0	0.00000	0
336	G	1.00000	0	0.00000	0
337	R	1.00000	0	0.00000	0
338	T	1.00000	0	0.00000	0
339	L	1.00000	0	0.00000	0
340	G	1.00000	0	0.00000	0
341	G	1.00000	0	0.00000	0
342	L	1.00000	0	0.00000	0
343	S	1.00000	0	0.00000	0
344	P	1.00000	0	0.00000	0
345	T	1.00000	0	0.00000	0
346	M	1.00000	0	0.00000	0
347	A	1.00000	0	0.00000	0
348	P	1.00000	0	0.00000	0
349	K	1.00000	0	0.00000	0
350	L	1.00000	0	0.00000	0
351	G	1.00000	0	0.00000	0
352	L	1.00000	0	0.00000	0
353	E	1.00000	0	0.00000	0
354	V	1.00000	0	0.00000	0
355	R	1.00000	0	0.00000	0
356	K	1.00000	0	0.00000	0
357	L	1.00000	0	0.00000	0
358	S	1.00000	0	0.00000	0
359	N	1.00000	0	0.00000	0
360	G	1.00000	0	0.00000	0
361	R	1.00000	0	0.00000	0
362	M	1.00000	0	0.00000	0
363	M	1.00000	0	0.00000	0
364	T	1.00000	0	0.00000	0
365	S	1.00000	0	0.00000	0
366	L	1.00000	0	0.00000	0
367	R	1.00000	0	0.00000	0
368	L	1.00000	0	0.00000	0
369	S	1.00000	0	0.00000	0
370	S	1.00000	0	0.00000	0
371	Q	1.00000	0	0.00000	0
372	Q	1.00000	0	0.00000	0
373	P	1.00000	0	0.00000	0
374	R	1.00000	0	0.00000	0
375	S	1.00000	0	0.00000	0
376	V	1.00000	0	0.00000	0
377	P	1.00000	0	0.00000	0
378	L	1.00000	0	0.00000	0
379	R	1.00000	0	0.00000	0
380	E	1.00000	0	0.00000	0
381	K	0.99234	0	0.00766	0
382	K	0.99183	0	0.00817	0
383	A	0.93610	0	0.06390	0
384	T	0.93071	0	0.06929	0
385	Q	0.77737	0	0.22263	0
386	M	0.75621	0	0.24379	0
387	L	0.00291	0	0.99709	0
388	A	0.00007	0	0.99993	0
389	I	0.00000	0	1.00000	0
390	V	0.00000	0	1.00000	0
391	L	0.00000	0	1.00000	0
392	G	0.00000	0	1.00000	0
393	A	0.00000	0	1.00000	0
394	F	0.00000	0	1.00000	0
395	I	0.00000	0	1.00000	0
396	V	0.00000	0	1.00000	0
397	C	0.00000	0	1.00000	0
398	W	0.00000	0	1.00000	0
399	L	0.00000	0	1.00000	0
400	P	0.00000	0	1.00000	0
401	F	0.00000	0	1.00000	0
402	F	0.00000	0	1.00000	0
403	L	0.00000	0.00026	0.99974	0
404	T	0.00000	0.00333	0.99667	0
405	H	0.00000	0.0071	0.99290	0
406	I	0.00000	0.01325	0.98675	0
407	L	0.00000	0.06756	0.93244	0
408	N	0.00000	0.69388	0.30612	0
409	T	0.00000	0.85448	0.14552	0
410	H	0.00000	0.99527	0.00473	0
411	C	0.00000	0.99947	0.00053	0
412	Q	0.00000	0.99993	0.00007	0
413	T	0.00000	0.99998	0.00002	0
414	C	0.00000	1	0.00000	0
415	H	0.00000	1	0.00000	0
416	V	0.00000	0.99995	0.00005	0
417	P	0.00000	0.9999	0.00010	0
418	P	0.00000	0.99981	0.00019	0
419	E	0.00000	0.99891	0.00109	0
420	L	0.00000	0.99415	0.00585	0
421	Y	0.00000	0.99288	0.00712	0
422	S	0.00000	0.82737	0.17263	0
423	A	0.00000	0.02537	0.97463	0
424	T	0.00000	0.00875	0.99125	0
425	T	0.00000	0.00203	0.99797	0
426	W	0.00000	1e-05	0.99999	0
427	L	0.00000	0	1.00000	0
428	G	0.00000	0	1.00000	0
429	Y	0.00000	0	1.00000	0
430	V	0.00000	0	1.00000	0
431	N	0.00000	0	1.00000	0
432	S	0.00000	0	1.00000	0
433	A	0.00000	0	1.00000	0
434	L	0.00000	0	1.00000	0
435	N	0.00000	0	1.00000	0
436	P	0.00000	0	1.00000	0
437	V	0.00000	0	1.00000	0
438	I	0.00000	0	1.00000	0
439	Y	0.00002	0	0.99998	0
440	T	0.00012	0	0.99988	0
441	T	0.00059	0	0.99941	0
442	F	0.04834	0	0.95166	0
443	N	0.54032	0	0.45968	0
444	V	0.79013	0	0.20987	0
445	E	1.00000	0	0.00000	0
446	F	1.00000	0	0.00000	0
447	R	1.00000	0	0.00000	0
448	R	1.00000	0	0.00000	0
449	A	1.00000	0	0.00000	0
450	F	1.00000	0	0.00000	0
451	L	1.00000	0	0.00000	0
452	K	1.00000	0	0.00000	0
453	I	1.00000	0	0.00000	0
454	L	1.00000	0	0.00000	0
455	S	1.00000	0	0.00000	0
456	C	1.00000	0	0.00000	0
