# UNNAMED
#pos	aa	i	o	M	S
1	M	0.00000	0.99977	0.00000	0.00023
2	V	0.00000	0.99977	0.00000	0.00023
3	N	0.00000	0.99977	0.00000	0.00023
4	T	0.00000	0.99977	0.00000	0.00023
5	F	0.00000	0.99977	0.00000	0.00023
6	S	0.00000	0.99977	0.00000	0.00023
7	Q	0.00000	0.99977	0.00000	0.00023
8	A	0.00000	0.99977	0.00000	0.00023
9	E	0.00000	0.99977	0.00000	0.00023
10	A	0.00000	0.99977	0.00000	0.00023
11	V	0.00000	0.99977	0.00000	0.00023
12	Q	0.00000	0.99977	0.00000	0.00023
13	L	0.00000	0.99977	0.00000	0.00023
14	C	0.00000	0.99986	0.00000	0.00015
15	Y	0.00000	0.99986	0.00000	0.00014
16	E	0.00000	0.99986	0.00000	0.00014
17	N	0.00000	0.99997	0.00000	4e-05
18	V	0.00000	0.99996	0.00000	4e-05
19	N	0.00000	0.99996	0.00000	4e-05
20	G	0.00000	0.99996	0.00000	4e-05
21	S	0.00000	0.99996	0.00000	3e-05
22	C	0.00000	0.99998	0.00000	2e-05
23	V	0.00000	1	0.00000	0
24	K	0.00000	1	0.00000	0
25	T	0.00000	1	0.00000	0
26	P	0.00000	1	0.00000	0
27	Y	0.00000	1	0.00000	0
28	S	0.00000	1	0.00000	0
29	P	0.00000	1	0.00000	0
30	G	0.00000	0.99999	0.00001	0
31	P	0.00000	0.99996	0.00004	0
32	R	0.00000	0.99277	0.00723	0
33	A	0.00000	0.65482	0.34518	0
34	V	0.00000	0.19463	0.80537	0
35	L	0.00000	0.05243	0.94757	0
36	Y	0.00000	0.01056	0.98944	0
37	A	0.00000	0.00283	0.99717	0
38	V	0.00000	0.00063	0.99937	0
39	L	0.00000	0.00022	0.99978	0
40	G	0.00000	8e-05	0.99992	0
41	L	0.00000	1e-05	0.99999	0
42	G	0.00000	0	1.00000	0
43	A	0.00000	0	1.00000	0
44	V	0.00000	0	1.00000	0
45	L	0.00000	0	1.00000	0
46	A	0.00000	0	1.00000	0
47	V	0.00000	0	1.00000	0
48	F	0.00000	0	1.00000	0
49	G	0.00000	0	1.00000	0
50	N	0.00000	0	1.00000	0
51	L	0.00000	0	1.00000	0
52	L	0.00000	0	1.00000	0
53	V	0.00000	0	1.00000	0
54	I	0.00000	0	1.00000	0
55	I	0.00020	0	0.99980	0
56	A	0.01728	0	0.98272	0
57	I	0.05082	0	0.94918	0
58	L	0.32325	0	0.67675	0
59	H	0.80123	0	0.19877	0
60	F	0.88745	0	0.11255	0
61	K	0.99906	0	0.00094	0
62	Q	1.00000	0	0.00000	0
63	L	1.00000	0	0.00000	0
64	H	1.00000	0	0.00000	0
65	T	1.00000	0	0.00000	0
66	P	1.00000	0	0.00000	0
67	T	0.60388	0	0.39612	0
68	N	0.09052	0	0.90948	0
69	F	0.01018	0	0.98982	0
70	L	0.00012	0	0.99988	0
71	L	0.00000	0	1.00000	0
72	A	0.00000	0	1.00000	0
73	S	0.00000	0	1.00000	0
74	L	0.00000	0	1.00000	0
75	A	0.00000	0	1.00000	0
76	C	0.00000	0	1.00000	0
77	A	0.00000	0	1.00000	0
78	D	0.00000	0	1.00000	0
79	F	0.00000	0	1.00000	0
80	L	0.00000	0	1.00000	0
81	V	0.00000	0	1.00000	0
82	G	0.00000	0	1.00000	0
83	V	0.00000	0	1.00000	0
84	T	0.00000	0	1.00000	0
85	V	0.00000	6e-05	0.99994	0
86	M	0.00000	0.00322	0.99678	0
87	P	0.00000	0.0574	0.94260	0
88	F	0.00000	0.16994	0.83006	0
89	S	0.00000	0.69004	0.30996	0
90	T	0.00000	0.86736	0.13264	0
91	V	0.00000	0.92257	0.07743	0
92	R	0.00000	0.99998	0.00002	0
93	S	0.00000	0.99999	0.00001	0
94	V	0.00000	0.99999	0.00001	0
95	E	0.00000	1	0.00000	0
96	S	0.00000	1	0.00000	0
97	C	0.00000	1	0.00000	0
98	W	0.00000	1	0.00000	0
99	Y	0.00000	1	0.00000	0
100	F	0.00000	1	0.00000	0
101	G	0.00000	1	0.00000	0
102	D	0.00000	1	0.00000	0
103	S	0.00000	1	0.00000	0
104	Y	0.00000	0.99993	0.00007	0
105	C	0.00000	0.99988	0.00012	0
106	K	0.00000	0.99982	0.00018	0
107	F	0.00000	0.99006	0.00994	0
108	H	0.00000	0.45952	0.54048	0
109	T	0.00000	0.28877	0.71123	0
110	C	0.00000	0.23655	0.76345	0
111	F	0.00000	0.00089	0.99911	0
112	D	0.00000	0.00045	0.99955	0
113	A	0.00000	2e-05	0.99998	0
114	S	0.00000	0	1.00000	0
115	F	0.00000	0	1.00000	0
116	C	0.00000	0	1.00000	0
117	F	0.00000	0	1.00000	0
118	A	0.00000	0	1.00000	0
119	S	0.00000	0	1.00000	0
120	L	0.00000	0	1.00000	0
121	F	0.00000	0	1.00000	0
122	H	0.00000	0	1.00000	0
123	L	0.00000	0	1.00000	0
124	C	0.00000	0	1.00000	0
125	C	0.00000	0	1.00000	0
126	I	0.00000	0	1.00000	0
127	S	0.00001	0	0.99999	0
128	I	0.00002	0	0.99998	0
129	D	0.00017	0	0.99983	0
130	R	0.07947	0	0.92053	0
131	Y	0.89239	0	0.10761	0
132	I	0.97274	0	0.02726	0
133	A	0.99466	0	0.00534	0
134	V	1.00000	0	0.00000	0
135	T	1.00000	0	0.00000	0
136	D	1.00000	0	0.00000	0
137	P	1.00000	0	0.00000	0
138	L	1.00000	0	0.00000	0
139	T	1.00000	0	0.00000	0
140	Y	1.00000	0	0.00000	0
141	P	1.00000	0	0.00000	0
142	R	1.00000	0	0.00000	0
143	K	0.99966	0	0.00034	0
144	F	0.84958	0	0.15042	0
145	T	0.81280	0	0.18720	0
146	V	0.67506	0	0.32494	0
147	S	0.58649	0	0.41351	0
148	A	0.46275	0	0.53725	0
149	S	0.41635	0	0.58365	0
150	G	0.14149	0	0.85851	0
151	I	0.00311	0	0.99689	0
152	C	0.00001	0	0.99999	0
153	I	0.00000	0	1.00000	0
154	V	0.00000	0	1.00000	0
155	L	0.00000	0	1.00000	0
156	S	0.00000	0	1.00000	0
157	W	0.00000	0	1.00000	0
158	F	0.00000	0	1.00000	0
159	F	0.00000	0	1.00000	0
160	S	0.00000	0	1.00000	0
161	V	0.00000	0	1.00000	0
162	V	0.00000	0	1.00000	0
163	Y	0.00000	0.00068	0.99932	0
164	S	0.00000	0.00939	0.99061	0
165	F	0.00000	0.02054	0.97946	0
166	S	0.00000	0.11241	0.88759	0
167	I	0.00000	0.15517	0.84483	0
168	F	0.00000	0.2842	0.71580	0
169	Y	0.00000	0.41481	0.58519	0
170	T	0.00000	0.62354	0.37646	0
171	G	0.00000	0.78071	0.21929	0
172	A	0.00000	0.85598	0.14402	0
173	N	0.00000	0.99367	0.00633	0
174	E	0.00000	0.99999	0.00001	0
175	E	0.00000	1	0.00000	0
176	G	0.00000	1	0.00000	0
177	I	0.00000	1	0.00000	0
178	E	0.00000	1	0.00000	0
179	E	0.00000	1	0.00000	0
180	L	0.00000	1	0.00000	0
181	V	0.00000	1	0.00000	0
182	V	0.00000	1	0.00000	0
183	A	0.00000	1	0.00000	0
184	L	0.00000	1	0.00000	0
185	T	0.00000	1	0.00000	0
186	C	0.00000	1	0.00000	0
187	V	0.00000	1	0.00000	0
188	G	0.00000	1	0.00000	0
189	G	0.00000	1	0.00000	0
190	C	0.00000	0.99997	0.00003	0
191	Q	0.00000	0.99978	0.00022	0
192	A	0.00000	0.98421	0.01579	0
193	P	0.00000	0.98265	0.01735	0
194	L	0.00000	0.97618	0.02382	0
195	N	0.00000	0.97588	0.02412	0
196	Q	0.00000	0.97112	0.02888	0
197	N	0.00000	0.35884	0.64116	0
198	W	0.00000	0.16953	0.83047	0
199	V	0.00000	0.05799	0.94201	0
200	L	0.00000	0.016	0.98400	0
201	L	0.00000	0.00362	0.99638	0
202	C	0.00000	0.0026	0.99740	0
203	F	0.00000	0.00128	0.99872	0
204	L	0.00000	0	1.00000	0
205	L	0.00000	0	1.00000	0
206	F	0.00000	0	1.00000	0
207	F	0.00000	0	1.00000	0
208	I	0.00000	0	1.00000	0
209	P	0.00000	0	1.00000	0
210	A	0.00000	0	1.00000	0
211	V	0.00000	0	1.00000	0
212	A	0.00000	0	1.00000	0
213	M	0.00000	0	1.00000	0
214	V	0.00001	0	0.99999	0
215	S	0.00126	0	0.99874	0
216	I	0.00168	0	0.99832	0
217	Y	0.00397	0	0.99603	0
218	G	0.01687	0	0.98313	0
219	K	0.02755	0	0.97245	0
220	I	0.02840	0	0.97160	0
221	F	0.04883	0	0.95117	0
222	L	0.21287	0	0.78713	0
223	V	0.32293	0	0.67707	0
224	A	0.96604	0	0.03396	0
225	K	0.99882	0	0.00118	0
226	H	0.99958	0	0.00042	0
227	Q	0.99998	0	0.00002	0
228	A	0.99999	0	0.00001	0
229	R	1.00000	0	0.00000	0
230	K	1.00000	0	0.00000	0
231	I	1.00000	0	0.00000	0
232	E	1.00000	0	0.00000	0
233	S	1.00000	0	0.00000	0
234	T	1.00000	0	0.00000	0
235	V	1.00000	0	0.00000	0
236	C	1.00000	0	0.00000	0
237	Q	1.00000	0	0.00000	0
238	A	1.00000	0	0.00000	0
239	Q	1.00000	0	0.00000	0
240	S	1.00000	0	0.00000	0
241	S	1.00000	0	0.00000	0
242	S	1.00000	0	0.00000	0
243	E	1.00000	0	0.00000	0
244	S	1.00000	0	0.00000	0
245	Y	1.00000	0	0.00000	0
246	K	1.00000	0	0.00000	0
247	E	1.00000	0	0.00000	0
248	R	1.00000	0	0.00000	0
249	V	1.00000	0	0.00000	0
250	T	1.00000	0	0.00000	0
251	K	1.00000	0	0.00000	0
252	R	1.00000	0	0.00000	0
253	E	1.00000	0	0.00000	0
254	R	0.92651	0	0.07349	0
255	K	0.92315	0	0.07685	0
256	A	0.12294	0	0.87706	0
257	A	0.12186	0	0.87814	0
258	R	0.11652	0	0.88348	0
259	T	0.06692	0	0.93308	0
260	L	0.03764	0	0.96236	0
261	G	0.02796	0	0.97204	0
262	I	0.02333	0	0.97667	0
263	A	0.02322	0	0.97678	0
264	T	0.02293	0	0.97707	0
265	A	0.00031	0	0.99969	0
266	A	0.00001	0	0.99999	0
267	F	0.00000	0	1.00000	0
268	L	0.00000	0	1.00000	0
269	I	0.00000	0	1.00000	0
270	S	0.00000	0	1.00000	0
271	W	0.00000	0	1.00000	0
272	L	0.00000	0	1.00000	0
273	P	0.00000	3e-05	0.99997	0
274	Y	0.00000	0.00018	0.99982	0
275	I	0.00000	0.00158	0.99842	0
276	I	0.00000	0.04814	0.95186	0
277	D	0.00000	0.72249	0.27751	0
278	A	0.00000	0.7262	0.27380	0
279	V	0.00000	0.75803	0.24197	0
280	I	0.00000	0.78853	0.21147	0
281	D	0.00000	0.9279	0.07210	0
282	A	0.00000	0.9283	0.07170	0
283	Y	0.00000	0.9317	0.06830	0
284	M	0.00000	0.93406	0.06594	0
285	N	0.00000	0.94731	0.05269	0
286	F	0.00000	0.94872	0.05128	0
287	I	0.00000	0.96528	0.03472	0
288	T	0.00000	0.99563	0.00437	0
289	P	0.00000	0.99935	0.00065	0
290	P	0.00000	0.99981	0.00019	0
291	Y	0.00000	0.99962	0.00038	0
292	V	0.00000	0.99836	0.00164	0
293	Y	0.00000	0.99708	0.00292	0
294	E	0.00000	0.65666	0.34334	0
295	I	0.00000	0.32202	0.67798	0
296	L	0.00000	0.07011	0.92989	0
297	V	0.00000	0.01152	0.98848	0
298	W	0.00000	0.00082	0.99918	0
299	C	0.00000	3e-05	0.99997	0
300	V	0.00000	0	1.00000	0
301	Y	0.00000	0	1.00000	0
302	Y	0.00000	0	1.00000	0
303	N	0.00002	0	0.99998	0
304	S	0.00002	0	0.99998	0
305	A	0.00003	0	0.99997	0
306	M	0.00003	0	0.99997	0
307	N	0.00003	0	0.99997	0
308	P	0.00003	0	0.99997	0
309	L	0.00003	0	0.99997	0
310	I	0.00003	0	0.99997	0
311	Y	0.00003	0	0.99997	0
312	A	0.00005	0	0.99995	0
313	F	0.00015	0	0.99985	0
314	F	0.00313	0	0.99687	0
315	Y	0.06371	0	0.93629	0
316	P	0.21833	0	0.78167	0
317	W	0.29458	0	0.70542	0
318	F	0.78957	0	0.21043	0
319	R	1.00000	0	0.00000	0
320	K	1.00000	0	0.00000	0
321	A	1.00000	0	0.00000	0
322	I	1.00000	0	0.00000	0
323	K	1.00000	0	0.00000	0
324	L	1.00000	0	0.00000	0
325	T	1.00000	0	0.00000	0
326	V	1.00000	0	0.00000	0
327	S	1.00000	0	0.00000	0
328	G	1.00000	0	0.00000	0
329	K	1.00000	0	0.00000	0
330	V	1.00000	0	0.00000	0
331	L	1.00000	0	0.00000	0
332	R	1.00000	0	0.00000	0
333	S	1.00000	0	0.00000	0
334	D	1.00000	0	0.00000	0
335	S	1.00000	0	0.00000	0
336	S	1.00000	0	0.00000	0
337	V	1.00000	0	0.00000	0
338	I	1.00000	0	0.00000	0
339	N	1.00000	0	0.00000	0
340	L	1.00000	0	0.00000	0
341	F	1.00000	0	0.00000	0
342	S	1.00000	0	0.00000	0
343	E	1.00000	0	0.00000	0
344	E	1.00000	0	0.00000	0
345	T	1.00000	0	0.00000	0
346	G	1.00000	0	0.00000	0
347	I	1.00000	0	0.00000	0
348	D	1.00000	0	0.00000	0
