# UNNAMED
#pos	aa	i	o	M	S
1	M	0.00000	1	0.00000	0
2	E	0.00000	1	0.00000	0
3	N	0.00000	1	0.00000	0
4	V	0.00000	1	0.00000	0
5	T	0.00000	1	0.00000	0
6	E	0.00000	1	0.00000	0
7	N	0.00000	1	0.00000	0
8	N	0.00000	1	0.00000	0
9	A	0.00000	1	0.00000	0
10	T	0.00000	1	0.00000	0
11	A	0.00000	1	0.00000	0
12	A	0.00000	1	0.00000	0
13	P	0.00000	1	0.00000	0
14	W	0.00000	1	0.00000	0
15	T	0.00000	1	0.00000	0
16	E	0.00000	1	0.00000	0
17	A	0.00000	1	0.00000	0
18	K	0.00000	1	0.00000	0
19	L	0.00000	0.9998	0.00020	0
20	L	0.00000	0.9995	0.00050	0
21	S	0.00000	0.99935	0.00065	0
22	L	0.00000	0.99871	0.00129	0
23	Q	0.00000	0.96559	0.03441	0
24	V	0.00000	0.64956	0.35044	0
25	S	0.00000	0.53516	0.46484	0
26	L	0.00000	0.17577	0.82423	0
27	Y	0.00000	0.06242	0.93758	0
28	V	0.00000	0.02447	0.97553	0
29	L	0.00000	0.01158	0.98842	0
30	L	0.00000	0.00267	0.99733	0
31	G	0.00000	0.00104	0.99896	0
32	V	0.00000	9e-05	0.99991	0
33	V	0.00000	0	1.00000	0
34	T	0.00000	0	1.00000	0
35	L	0.00000	0	1.00000	0
36	V	0.00000	0	1.00000	0
37	T	0.00000	0	1.00000	0
38	A	0.00000	0	1.00000	0
39	L	0.00000	0	1.00000	0
40	S	0.00000	0	1.00000	0
41	N	0.00000	0	1.00000	0
42	A	0.00000	0	1.00000	0
43	F	0.00000	0	1.00000	0
44	V	0.00000	0	1.00000	0
45	I	0.00003	0	0.99997	0
46	A	0.00288	0	0.99712	0
47	T	0.04431	0	0.95569	0
48	I	0.06047	0	0.93953	0
49	F	0.15605	0	0.84395	0
50	L	0.54400	0	0.45600	0
51	T	0.95831	0	0.04169	0
52	R	0.99908	0	0.00092	0
53	K	1.00000	0	0.00000	0
54	L	1.00000	0	0.00000	0
55	H	1.00000	0	0.00000	0
56	T	1.00000	0	0.00000	0
57	P	1.00000	0	0.00000	0
58	A	0.78519	0	0.21481	0
59	N	0.17797	0	0.82203	0
60	F	0.03060	0	0.96940	0
61	L	0.00053	0	0.99947	0
62	I	0.00005	0	0.99995	0
63	G	0.00001	0	0.99999	0
64	S	0.00000	0	1.00000	0
65	L	0.00000	0	1.00000	0
66	A	0.00000	0	1.00000	0
67	I	0.00000	0	1.00000	0
68	T	0.00000	0	1.00000	0
69	D	0.00000	0	1.00000	0
70	L	0.00000	0	1.00000	0
71	L	0.00000	0	1.00000	0
72	V	0.00000	0	1.00000	0
73	S	0.00000	0	1.00000	0
74	I	0.00000	0	1.00000	0
75	L	0.00000	0	1.00000	0
76	V	0.00000	0	1.00000	0
77	M	0.00000	0.00013	0.99987	0
78	P	0.00000	0.00261	0.99739	0
79	I	0.00000	0.06011	0.93989	0
80	S	0.00000	0.29912	0.70088	0
81	I	0.00000	0.39077	0.60923	0
82	V	0.00000	0.63943	0.36057	0
83	Y	0.00000	0.99979	0.00021	0
84	T	0.00000	0.99988	0.00012	0
85	V	0.00000	0.99989	0.00011	0
86	T	0.00000	0.99999	0.00001	0
87	K	0.00000	1	0.00000	0
88	T	0.00000	1	0.00000	0
89	W	0.00000	1	0.00000	0
90	S	0.00000	1	0.00000	0
91	L	0.00000	1	0.00000	0
92	G	0.00000	1	0.00000	0
93	Q	0.00000	0.99995	0.00005	0
94	I	0.00000	0.99863	0.00137	0
95	V	0.00000	0.99832	0.00168	0
96	C	0.00000	0.99812	0.00188	0
97	D	0.00000	0.99722	0.00278	0
98	I	0.00000	0.99571	0.00429	0
99	W	0.00000	0.86734	0.13266	0
100	L	0.00000	0.34418	0.65582	0
101	S	0.00000	0.29129	0.70871	0
102	S	0.00000	0.04773	0.95227	0
103	D	0.00000	0.01642	0.98358	0
104	I	0.00000	0.00044	0.99956	0
105	T	0.00000	2e-05	0.99998	0
106	F	0.00000	0	1.00000	0
107	C	0.00000	0	1.00000	0
108	T	0.00000	0	1.00000	0
109	A	0.00000	0	1.00000	0
110	S	0.00000	0	1.00000	0
111	I	0.00000	0	1.00000	0
112	L	0.00000	0	1.00000	0
113	H	0.00000	0	1.00000	0
114	L	0.00000	0	1.00000	0
115	C	0.00000	0	1.00000	0
116	V	0.00000	0	1.00000	0
117	I	0.00001	0	0.99999	0
118	A	0.00003	0	0.99997	0
119	L	0.00003	0	0.99997	0
120	D	0.00007	0	0.99993	0
121	R	0.08853	0	0.91147	0
122	Y	0.38350	0	0.61650	0
123	W	0.41158	0	0.58842	0
124	A	0.83652	0	0.16348	0
125	I	0.99999	0	0.00001	0
126	T	1.00000	0	0.00000	0
127	D	1.00000	0	0.00000	0
128	A	1.00000	0	0.00000	0
129	L	1.00000	0	0.00000	0
130	E	1.00000	0	0.00000	0
131	Y	1.00000	0	0.00000	0
132	S	1.00000	0	0.00000	0
133	K	1.00000	0	0.00000	0
134	H	1.00000	0	0.00000	0
135	R	1.00000	0	0.00000	0
136	T	0.99997	0	0.00003	0
137	M	0.99980	0	0.00020	0
138	R	0.99919	0	0.00081	0
139	R	0.97973	0	0.02027	0
140	A	0.17343	0	0.82657	0
141	A	0.02957	0	0.97043	0
142	M	0.00511	0	0.99489	0
143	M	0.00059	0	0.99941	0
144	V	0.00001	0	0.99999	0
145	A	0.00000	0	1.00000	0
146	V	0.00000	0	1.00000	0
147	V	0.00000	0	1.00000	0
148	W	0.00000	0	1.00000	0
149	V	0.00000	0	1.00000	0
150	M	0.00000	0	1.00000	0
151	S	0.00000	0	1.00000	0
152	I	0.00000	0	1.00000	0
153	S	0.00000	0	1.00000	0
154	I	0.00000	0	1.00000	0
155	S	0.00000	0	1.00000	0
156	I	0.00000	0	1.00000	0
157	P	0.00000	6e-05	0.99994	0
158	P	0.00000	0.00015	0.99985	0
159	L	0.00000	0.0007	0.99930	0
160	F	0.00000	0.02429	0.97571	0
161	W	0.00000	0.41937	0.58063	0
162	R	0.00000	0.95386	0.04614	0
163	Q	0.00000	0.98957	0.01043	0
164	A	0.00000	0.99505	0.00495	0
165	K	0.00000	0.99997	0.00003	0
166	A	0.00000	0.99999	0.00001	0
167	Q	0.00000	1	0.00000	0
168	G	0.00000	1	0.00000	0
169	E	0.00000	1	0.00000	0
170	L	0.00000	1	0.00000	0
171	T	0.00000	1	0.00000	0
172	E	0.00000	1	0.00000	0
173	C	0.00000	1	0.00000	0
174	V	0.00000	1	0.00000	0
175	V	0.00000	1	0.00000	0
176	N	0.00000	1	0.00000	0
177	T	0.00000	1	0.00000	0
178	E	0.00000	1	0.00000	0
179	K	0.00000	0.99998	0.00002	0
180	I	0.00000	0.96846	0.03154	0
181	S	0.00000	0.89165	0.10835	0
182	Y	0.00000	0.85128	0.14872	0
183	T	0.00000	0.83572	0.16428	0
184	L	0.00000	0.03043	0.96957	0
185	Y	0.00000	0.02171	0.97829	0
186	S	0.00000	0.01939	0.98061	0
187	T	0.00000	0.0046	0.99540	0
188	F	0.00000	0.00051	0.99949	0
189	G	0.00000	1e-05	0.99999	0
190	A	0.00000	0	1.00000	0
191	F	0.00000	0	1.00000	0
192	Y	0.00000	0	1.00000	0
193	V	0.00000	0	1.00000	0
194	P	0.00000	0	1.00000	0
195	T	0.00000	0	1.00000	0
196	V	0.00000	0	1.00000	0
197	L	0.00000	0	1.00000	0
198	L	0.00000	0	1.00000	0
199	V	0.00000	0	1.00000	0
200	I	0.00000	0	1.00000	0
201	L	0.00001	0	0.99999	0
202	Y	0.00050	0	0.99950	0
203	G	0.01564	0	0.98436	0
204	R	0.03866	0	0.96134	0
205	I	0.04075	0	0.95925	0
206	Y	0.05583	0	0.94417	0
207	V	0.23249	0	0.76751	0
208	A	0.46493	0	0.53507	0
209	A	0.99336	0	0.00664	0
210	R	0.99963	0	0.00037	0
211	S	0.99994	0	0.00006	0
212	R	0.99996	0	0.00004	0
213	I	0.99996	0	0.00004	0
214	F	0.99996	0	0.00004	0
215	K	1.00000	0	0.00000	0
216	T	1.00000	0	0.00000	0
217	P	1.00000	0	0.00000	0
218	A	1.00000	0	0.00000	0
219	S	1.00000	0	0.00000	0
220	G	1.00000	0	0.00000	0
221	K	1.00000	0	0.00000	0
222	R	1.00000	0	0.00000	0
223	F	1.00000	0	0.00000	0
224	T	1.00000	0	0.00000	0
225	T	1.00000	0	0.00000	0
226	A	1.00000	0	0.00000	0
227	Q	1.00000	0	0.00000	0
228	L	1.00000	0	0.00000	0
229	I	1.00000	0	0.00000	0
230	Q	1.00000	0	0.00000	0
231	T	1.00000	0	0.00000	0
232	S	1.00000	0	0.00000	0
233	A	1.00000	0	0.00000	0
234	G	1.00000	0	0.00000	0
235	S	1.00000	0	0.00000	0
236	S	1.00000	0	0.00000	0
237	L	1.00000	0	0.00000	0
238	C	1.00000	0	0.00000	0
239	S	1.00000	0	0.00000	0
240	L	1.00000	0	0.00000	0
241	N	1.00000	0	0.00000	0
242	S	1.00000	0	0.00000	0
243	A	1.00000	0	0.00000	0
244	S	1.00000	0	0.00000	0
245	H	1.00000	0	0.00000	0
246	Q	1.00000	0	0.00000	0
247	D	1.00000	0	0.00000	0
248	A	1.00000	0	0.00000	0
249	H	1.00000	0	0.00000	0
250	L	1.00000	0	0.00000	0
251	H	1.00000	0	0.00000	0
252	A	1.00000	0	0.00000	0
253	G	1.00000	0	0.00000	0
254	N	1.00000	0	0.00000	0
255	T	1.00000	0	0.00000	0
256	G	1.00000	0	0.00000	0
257	G	1.00000	0	0.00000	0
258	G	1.00000	0	0.00000	0
259	G	1.00000	0	0.00000	0
260	G	1.00000	0	0.00000	0
261	G	1.00000	0	0.00000	0
262	G	1.00000	0	0.00000	0
263	S	1.00000	0	0.00000	0
264	P	1.00000	0	0.00000	0
265	V	1.00000	0	0.00000	0
266	F	1.00000	0	0.00000	0
267	M	1.00000	0	0.00000	0
268	N	1.00000	0	0.00000	0
269	S	1.00000	0	0.00000	0
270	V	1.00000	0	0.00000	0
271	K	1.00000	0	0.00000	0
272	V	1.00000	0	0.00000	0
273	K	1.00000	0	0.00000	0
274	L	1.00000	0	0.00000	0
275	A	1.00000	0	0.00000	0
276	D	1.00000	0	0.00000	0
277	S	1.00000	0	0.00000	0
278	V	1.00000	0	0.00000	0
279	L	1.00000	0	0.00000	0
280	E	1.00000	0	0.00000	0
281	R	1.00000	0	0.00000	0
282	K	1.00000	0	0.00000	0
283	R	1.00000	0	0.00000	0
284	L	1.00000	0	0.00000	0
285	C	1.00000	0	0.00000	0
286	A	1.00000	0	0.00000	0
287	A	1.00000	0	0.00000	0
288	R	1.00000	0	0.00000	0
289	E	1.00000	0	0.00000	0
290	R	0.99516	0	0.00484	0
291	K	0.99471	0	0.00529	0
292	A	0.70138	0	0.29862	0
293	T	0.70011	0	0.29989	0
294	K	0.69762	0	0.30238	0
295	T	0.69516	0	0.30484	0
296	L	0.00862	0	0.99138	0
297	G	0.00192	0	0.99808	0
298	I	0.00024	0	0.99976	0
299	I	0.00019	0	0.99981	0
300	L	0.00004	0	0.99996	0
301	G	0.00000	0	1.00000	0
302	A	0.00000	0	1.00000	0
303	F	0.00000	0	1.00000	0
304	I	0.00000	0	1.00000	0
305	V	0.00000	0	1.00000	0
306	C	0.00000	0	1.00000	0
307	W	0.00000	0	1.00000	0
308	L	0.00000	0	1.00000	0
309	P	0.00000	0	1.00000	0
310	F	0.00000	0	1.00000	0
311	F	0.00000	0	1.00000	0
312	V	0.00000	0.00056	0.99944	0
313	S	0.00000	0.00638	0.99362	0
314	T	0.00000	0.01273	0.98727	0
315	L	0.00000	0.02476	0.97524	0
316	V	0.00000	0.08495	0.91505	0
317	N	0.00000	0.25397	0.74603	0
318	A	0.00000	0.28623	0.71377	0
319	I	0.00000	0.42064	0.57936	0
320	C	0.00000	0.92254	0.07746	0
321	T	0.00000	0.96803	0.03197	0
322	T	0.00000	0.98922	0.01078	0
323	C	0.00000	0.99556	0.00444	0
324	W	0.00000	0.99578	0.00422	0
325	F	0.00000	0.99586	0.00414	0
326	S	0.00000	0.99858	0.00142	0
327	P	0.00000	0.9986	0.00140	0
328	V	0.00000	0.98539	0.01461	0
329	L	0.00000	0.97973	0.02027	0
330	F	0.00000	0.97825	0.02175	0
331	D	0.00000	0.92562	0.07438	0
332	L	0.00000	0.00596	0.99404	0
333	F	0.00000	0.00048	0.99952	0
334	T	0.00000	0.00017	0.99983	0
335	W	0.00000	1e-05	0.99999	0
336	L	0.00000	0	1.00000	0
337	G	0.00000	0	1.00000	0
338	Y	0.00000	0	1.00000	0
339	L	0.00000	0	1.00000	0
340	N	0.00000	0	1.00000	0
341	S	0.00000	0	1.00000	0
342	L	0.00000	0	1.00000	0
343	I	0.00000	0	1.00000	0
344	N	0.00000	0	1.00000	0
345	P	0.00000	0	1.00000	0
346	V	0.00000	0	1.00000	0
347	I	0.00001	0	0.99999	0
348	Y	0.00003	0	0.99997	0
349	T	0.00012	0	0.99988	0
350	A	0.00117	0	0.99883	0
351	F	0.02289	0	0.97711	0
352	N	0.48712	0	0.51288	0
353	D	0.98998	0	0.01002	0
354	D	0.99460	0	0.00540	0
355	F	0.99543	0	0.00457	0
356	K	1.00000	0	0.00000	0
357	Q	1.00000	0	0.00000	0
358	A	1.00000	0	0.00000	0
359	F	1.00000	0	0.00000	0
360	H	1.00000	0	0.00000	0
361	K	1.00000	0	0.00000	0
362	L	1.00000	0	0.00000	0
363	M	1.00000	0	0.00000	0
364	K	1.00000	0	0.00000	0
365	C	1.00000	0	0.00000	0
366	R	1.00000	0	0.00000	0
367	R	1.00000	0	0.00000	0
368	S	1.00000	0	0.00000	0
369	F	1.00000	0	0.00000	0
