# UNNAMED
#pos	aa	i	o	M	S
1	M	0.00000	0.98518	0.00000	0.01482
2	L	0.00000	0.98518	0.00000	0.01482
3	P	0.00000	0.98518	0.00000	0.01482
4	P	0.00000	0.98518	0.00000	0.01482
5	G	0.00000	0.98518	0.00000	0.01482
6	R	0.00000	0.98518	0.00000	0.01482
7	N	0.00000	0.98518	0.00000	0.01482
8	G	0.00000	0.98518	0.00000	0.01482
9	T	0.00000	0.98518	0.00000	0.01482
10	A	0.00000	0.98518	0.00000	0.01482
11	Y	0.00000	0.98518	0.00000	0.01482
12	W	0.00000	0.98518	0.00000	0.01482
13	A	0.00000	0.98518	0.00000	0.01482
14	R	0.00000	0.98518	0.00000	0.01482
15	F	0.00000	0.98518	0.00000	0.01482
16	R	0.00000	0.98518	0.00000	0.01482
17	M	0.00000	0.98518	0.00000	0.01482
18	Q	0.00000	0.98518	0.00000	0.01482
19	Q	0.00000	0.98518	0.00000	0.01482
20	Q	0.00000	0.98518	0.00000	0.01482
21	M	0.00000	0.98518	0.00000	0.01482
22	V	0.00000	0.98518	0.00000	0.01483
23	Q	0.00000	0.98518	0.00000	0.01483
24	G	0.00000	0.98518	0.00000	0.01482
25	G	0.00000	0.9852	0.00000	0.0148
26	A	0.00000	0.9852	0.00000	0.0148
27	L	0.00000	0.98521	0.00000	0.01479
28	G	0.00000	0.98521	0.00000	0.01479
29	G	0.00000	0.98523	0.00000	0.01476
30	S	0.00000	0.98527	0.00000	0.01474
31	A	0.00000	0.98527	0.00000	0.01472
32	G	0.00000	0.9853	0.00001	0.01468
33	A	0.00000	0.98618	0.00003	0.0138
34	A	0.00000	0.99858	0.00014	0.00128
35	S	0.00000	0.99947	0.00036	0.00017
36	L	0.00000	0.99595	0.00399	5e-05
37	G	0.00000	0.99098	0.00901	0
38	P	0.00000	0.97012	0.02988	0
39	V	0.00000	0.75733	0.24266	0
40	Q	0.00000	0.6516	0.34840	0
41	V	0.00000	0.29155	0.70845	0
42	V	0.00000	0.17066	0.82934	0
43	T	0.00000	0.13482	0.86518	0
44	A	0.00000	0.07931	0.92069	0
45	G	0.00000	0.05247	0.94752	0
46	L	0.00000	0.02992	0.97008	0
47	L	0.00000	0.01734	0.98266	0
48	T	0.00000	0.01521	0.98479	0
49	L	0.00000	0.00125	0.99875	0
50	L	0.00000	6e-05	0.99994	0
51	I	0.00000	0	1.00000	0
52	V	0.00000	0	1.00000	0
53	W	0.00000	0	1.00000	0
54	T	0.00000	0	1.00000	0
55	L	0.00000	0	1.00000	0
56	F	0.00000	0	1.00000	0
57	G	0.00000	0	1.00000	0
58	N	0.00000	0	1.00000	0
59	V	0.00000	0	1.00000	0
60	L	0.00000	0	1.00000	0
61	V	0.00001	0	0.99999	0
62	C	0.00008	0	0.99992	0
63	A	0.00155	0	0.99845	0
64	A	0.01996	0	0.98004	0
65	I	0.05137	0	0.94863	0
66	V	0.34574	0	0.65426	0
67	R	0.97354	0	0.02646	0
68	S	0.99396	0	0.00604	0
69	R	0.99941	0	0.00059	0
70	H	0.99975	0	0.00025	0
71	L	0.99986	0	0.00014	0
72	R	1.00000	0	0.00000	0
73	A	0.99991	0	0.00009	0
74	K	0.99924	0	0.00076	0
75	M	0.93050	0	0.06950	0
76	T	0.80291	0	0.19709	0
77	N	0.15077	0	0.84923	0
78	V	0.06108	0	0.93892	0
79	F	0.00043	0	0.99957	0
80	I	0.00000	0	1.00000	0
81	V	0.00000	0	1.00000	0
82	S	0.00000	0	1.00000	0
83	L	0.00000	0	1.00000	0
84	A	0.00000	0	1.00000	0
85	V	0.00000	0	1.00000	0
86	S	0.00000	0	1.00000	0
87	D	0.00000	0	1.00000	0
88	L	0.00000	0	1.00000	0
89	F	0.00000	0	1.00000	0
90	V	0.00000	0	1.00000	0
91	A	0.00000	0	1.00000	0
92	L	0.00000	0	1.00000	0
93	L	0.00000	0	1.00000	0
94	V	0.00000	6e-05	0.99994	0
95	M	0.00000	0.00066	0.99934	0
96	P	0.00000	0.00852	0.99148	0
97	W	0.00000	0.07419	0.92581	0
98	K	0.00000	0.4169	0.58310	0
99	A	0.00000	0.59953	0.40047	0
100	V	0.00000	0.76488	0.23512	0
101	A	0.00000	0.99981	0.00019	0
102	E	0.00000	1	0.00000	0
103	V	0.00000	1	0.00000	0
104	A	0.00000	1	0.00000	0
105	G	0.00000	1	0.00000	0
106	Y	0.00000	1	0.00000	0
107	W	0.00000	1	0.00000	0
108	P	0.00000	1	0.00000	0
109	F	0.00000	1	0.00000	0
110	G	0.00000	1	0.00000	0
111	A	0.00000	0.99998	0.00002	0
112	F	0.00000	0.99997	0.00003	0
113	C	0.00000	0.99995	0.00005	0
114	D	0.00000	0.99975	0.00025	0
115	V	0.00000	0.99727	0.00273	0
116	W	0.00000	0.79521	0.20479	0
117	V	0.00000	0.08277	0.91723	0
118	A	0.00000	0.00214	0.99786	0
119	F	0.00000	4e-05	0.99996	0
120	D	0.00000	1e-05	0.99999	0
121	I	0.00000	0	1.00000	0
122	M	0.00000	0	1.00000	0
123	C	0.00000	0	1.00000	0
124	S	0.00000	0	1.00000	0
125	T	0.00000	0	1.00000	0
126	A	0.00000	0	1.00000	0
127	S	0.00000	0	1.00000	0
128	I	0.00000	0	1.00000	0
129	L	0.00000	0	1.00000	0
130	N	0.00000	0	1.00000	0
131	L	0.00000	0	1.00000	0
132	C	0.00000	0	1.00000	0
133	I	0.00000	0	1.00000	0
134	I	0.00000	0	1.00000	0
135	S	0.00000	0	1.00000	0
136	V	0.00001	0	0.99999	0
137	D	0.00014	0	0.99986	0
138	R	0.21928	0	0.78072	0
139	Y	0.55431	0	0.44569	0
140	W	0.86875	0	0.13125	0
141	A	0.99351	0	0.00649	0
142	I	1.00000	0	0.00000	0
143	S	1.00000	0	0.00000	0
144	R	1.00000	0	0.00000	0
145	P	1.00000	0	0.00000	0
146	F	1.00000	0	0.00000	0
147	R	1.00000	0	0.00000	0
148	Y	1.00000	0	0.00000	0
149	E	1.00000	0	0.00000	0
150	R	1.00000	0	0.00000	0
151	K	1.00000	0	0.00000	0
152	M	0.99974	0	0.00026	0
153	T	0.99918	0	0.00082	0
154	Q	0.99562	0	0.00438	0
155	T	0.55675	0	0.44325	0
156	V	0.06661	0	0.93339	0
157	A	0.00983	0	0.99017	0
158	L	0.00081	0	0.99919	0
159	V	0.00005	0	0.99995	0
160	M	0.00001	0	0.99999	0
161	V	0.00000	0	1.00000	0
162	G	0.00000	0	1.00000	0
163	L	0.00000	0	1.00000	0
164	A	0.00000	0	1.00000	0
165	W	0.00000	0	1.00000	0
166	T	0.00000	0	1.00000	0
167	L	0.00000	0	1.00000	0
168	S	0.00000	0	1.00000	0
169	I	0.00000	0	1.00000	0
170	L	0.00000	0	1.00000	0
171	I	0.00000	0	1.00000	0
172	S	0.00000	1e-05	0.99999	0
173	F	0.00000	2e-05	0.99998	0
174	I	0.00000	0.00176	0.99824	0
175	P	0.00000	0.08663	0.91337	0
176	V	0.00000	0.18352	0.81648	0
177	Q	0.00000	0.65455	0.34545	0
178	F	0.00000	0.75126	0.24874	0
179	N	0.00000	0.97904	0.02096	0
180	W	0.00000	0.99108	0.00892	0
181	H	0.00000	0.99926	0.00074	0
182	R	0.00000	1	0.00000	0
183	D	0.00000	1	0.00000	0
184	K	0.00000	1	0.00000	0
185	S	0.00000	1	0.00000	0
186	S	0.00000	1	0.00000	0
187	S	0.00000	1	0.00000	0
188	R	0.00000	1	0.00000	0
189	G	0.00000	1	0.00000	0
190	Q	0.00000	1	0.00000	0
191	E	0.00000	1	0.00000	0
192	D	0.00000	1	0.00000	0
193	L	0.00000	1	0.00000	0
194	P	0.00000	1	0.00000	0
195	S	0.00000	1	0.00000	0
196	N	0.00000	1	0.00000	0
197	L	0.00000	1	0.00000	0
198	A	0.00000	1	0.00000	0
199	N	0.00000	1	0.00000	0
200	G	0.00000	1	0.00000	0
201	T	0.00000	1	0.00000	0
202	P	0.00000	1	0.00000	0
203	W	0.00000	1	0.00000	0
204	E	0.00000	1	0.00000	0
205	E	0.00000	1	0.00000	0
206	A	0.00000	1	0.00000	0
207	G	0.00000	1	0.00000	0
208	E	0.00000	1	0.00000	0
209	P	0.00000	1	0.00000	0
210	N	0.00000	1	0.00000	0
211	V	0.00000	1	0.00000	0
212	R	0.00000	1	0.00000	0
213	A	0.00000	1	0.00000	0
214	E	0.00000	1	0.00000	0
215	N	0.00000	1	0.00000	0
216	C	0.00000	1	0.00000	0
217	D	0.00000	0.99999	0.00001	0
218	S	0.00000	0.99958	0.00042	0
219	S	0.00000	0.99674	0.00326	0
220	L	0.00000	0.99036	0.00964	0
221	N	0.00000	0.98981	0.01019	0
222	R	0.00000	0.92701	0.07299	0
223	V	0.00000	0.20436	0.79564	0
224	Y	0.00000	0.0072	0.99280	0
225	A	0.00000	0.0041	0.99590	0
226	I	0.00000	0.00288	0.99712	0
227	S	0.00000	0.00041	0.99959	0
228	S	0.00000	0.00034	0.99966	0
229	S	0.00000	3e-05	0.99997	0
230	L	0.00000	1e-05	0.99999	0
231	I	0.00000	0	1.00000	0
232	S	0.00000	0	1.00000	0
233	F	0.00000	0	1.00000	0
234	Y	0.00000	0	1.00000	0
235	I	0.00000	0	1.00000	0
236	P	0.00000	0	1.00000	0
237	V	0.00000	0	1.00000	0
238	A	0.00000	0	1.00000	0
239	I	0.00000	0	1.00000	0
240	M	0.00000	0	1.00000	0
241	I	0.00000	0	1.00000	0
242	V	0.00026	0	0.99974	0
243	T	0.00305	0	0.99695	0
244	Y	0.00711	0	0.99289	0
245	T	0.12441	0	0.87559	0
246	R	0.26706	0	0.73294	0
247	I	0.27941	0	0.72059	0
248	Y	0.34532	0	0.65468	0
249	R	0.97581	0	0.02419	0
250	I	0.98012	0	0.01988	0
251	A	0.99988	0	0.00012	0
252	Q	1.00000	0	0.00000	0
253	V	1.00000	0	0.00000	0
254	Q	1.00000	0	0.00000	0
255	I	1.00000	0	0.00000	0
256	R	1.00000	0	0.00000	0
257	R	1.00000	0	0.00000	0
258	I	1.00000	0	0.00000	0
259	S	1.00000	0	0.00000	0
260	S	1.00000	0	0.00000	0
261	L	1.00000	0	0.00000	0
262	E	1.00000	0	0.00000	0
263	R	1.00000	0	0.00000	0
264	A	1.00000	0	0.00000	0
265	A	1.00000	0	0.00000	0
266	E	1.00000	0	0.00000	0
267	H	1.00000	0	0.00000	0
268	A	1.00000	0	0.00000	0
269	Q	1.00000	0	0.00000	0
270	S	1.00000	0	0.00000	0
271	C	1.00000	0	0.00000	0
272	R	1.00000	0	0.00000	0
273	S	1.00000	0	0.00000	0
274	R	1.00000	0	0.00000	0
275	A	1.00000	0	0.00000	0
276	P	1.00000	0	0.00000	0
277	G	1.00000	0	0.00000	0
278	E	1.00000	0	0.00000	0
279	P	1.00000	0	0.00000	0
280	N	1.00000	0	0.00000	0
281	T	1.00000	0	0.00000	0
282	N	1.00000	0	0.00000	0
283	L	1.00000	0	0.00000	0
284	R	1.00000	0	0.00000	0
285	A	1.00000	0	0.00000	0
286	S	1.00000	0	0.00000	0
287	I	1.00000	0	0.00000	0
288	K	1.00000	0	0.00000	0
289	K	1.00000	0	0.00000	0
290	E	1.00000	0	0.00000	0
291	T	0.93612	0	0.06388	0
292	K	0.93456	0	0.06544	0
293	V	0.27423	0	0.72577	0
294	L	0.23963	0	0.76037	0
295	K	0.23929	0	0.76071	0
296	T	0.20607	0	0.79393	0
297	L	0.00484	0	0.99516	0
298	S	0.00111	0	0.99889	0
299	V	0.00060	0	0.99940	0
300	I	0.00004	0	0.99996	0
301	M	0.00000	0	1.00000	0
302	G	0.00000	0	1.00000	0
303	V	0.00000	0	1.00000	0
304	F	0.00000	0	1.00000	0
305	V	0.00000	0	1.00000	0
306	C	0.00000	0	1.00000	0
307	C	0.00000	0	1.00000	0
308	W	0.00000	0	1.00000	0
309	L	0.00000	0	1.00000	0
310	P	0.00000	0	1.00000	0
311	F	0.00000	0	1.00000	0
312	F	0.00000	1e-05	0.99999	0
313	I	0.00000	0.00244	0.99756	0
314	L	0.00000	0.03036	0.96964	0
315	N	0.00000	0.29384	0.70616	0
316	C	0.00000	0.40481	0.59519	0
317	M	0.00000	0.41829	0.58171	0
318	V	0.00000	0.48931	0.51069	0
319	P	0.00000	0.67229	0.32771	0
320	F	0.00000	0.71878	0.28122	0
321	C	0.00000	0.87461	0.12539	0
322	N	0.00000	0.9926	0.00740	0
323	G	0.00000	0.99867	0.00133	0
324	D	0.00000	0.99999	0.00001	0
325	P	0.00000	0.99999	0.00001	0
326	Q	0.00000	0.99999	0.00001	0
327	A	0.00000	0.99999	0.00001	0
328	G	0.00000	0.99999	0.00001	0
329	F	0.00000	0.99999	0.00001	0
330	P	0.00000	0.99999	0.00001	0
331	C	0.00000	0.99998	0.00002	0
332	V	0.00000	0.99991	0.00009	0
333	S	0.00000	0.99987	0.00013	0
334	E	0.00000	0.99963	0.00037	0
335	T	0.00000	0.99724	0.00276	0
336	T	0.00000	0.99362	0.00638	0
337	F	0.00000	0.98579	0.01421	0
338	D	0.00000	0.86307	0.13693	0
339	V	0.00000	0.10039	0.89961	0
340	F	0.00000	0.09372	0.90628	0
341	V	0.00000	0.00488	0.99512	0
342	W	0.00000	0.00015	0.99985	0
343	F	0.00000	0	1.00000	0
344	G	0.00000	0	1.00000	0
345	W	0.00000	0	1.00000	0
346	A	0.00001	0	0.99999	0
347	N	0.00001	0	0.99999	0
348	S	0.00001	0	0.99999	0
349	S	0.00001	0	0.99999	0
350	L	0.00001	0	0.99999	0
351	N	0.00001	0	0.99999	0
352	P	0.00001	0	0.99999	0
353	I	0.00001	0	0.99999	0
354	I	0.00001	0	0.99999	0
355	Y	0.00008	0	0.99992	0
356	A	0.00022	0	0.99978	0
357	F	0.00524	0	0.99476	0
358	N	0.28746	0	0.71254	0
359	A	0.51380	0	0.48620	0
360	D	0.80752	0	0.19248	0
361	F	0.84077	0	0.15923	0
362	R	1.00000	0	0.00000	0
363	K	1.00000	0	0.00000	0
364	V	1.00000	0	0.00000	0
365	F	1.00000	0	0.00000	0
366	A	1.00000	0	0.00000	0
367	Q	1.00000	0	0.00000	0
368	L	1.00000	0	0.00000	0
369	L	1.00000	0	0.00000	0
370	G	1.00000	0	0.00000	0
371	C	1.00000	0	0.00000	0
372	S	1.00000	0	0.00000	0
373	H	1.00000	0	0.00000	0
374	L	1.00000	0	0.00000	0
375	C	1.00000	0	0.00000	0
376	S	1.00000	0	0.00000	0
377	R	1.00000	0	0.00000	0
378	T	1.00000	0	0.00000	0
379	R	1.00000	0	0.00000	0
380	V	1.00000	0	0.00000	0
381	E	1.00000	0	0.00000	0
382	S	1.00000	0	0.00000	0
383	V	1.00000	0	0.00000	0
384	N	1.00000	0	0.00000	0
385	I	1.00000	0	0.00000	0
386	S	1.00000	0	0.00000	0
387	N	1.00000	0	0.00000	0
388	E	1.00000	0	0.00000	0
389	L	1.00000	0	0.00000	0
390	I	1.00000	0	0.00000	0
391	S	1.00000	0	0.00000	0
392	Y	1.00000	0	0.00000	0
393	N	1.00000	0	0.00000	0
394	Q	1.00000	0	0.00000	0
395	D	1.00000	0	0.00000	0
396	T	1.00000	0	0.00000	0
397	V	1.00000	0	0.00000	0
398	F	1.00000	0	0.00000	0
399	H	1.00000	0	0.00000	0
400	K	1.00000	0	0.00000	0
401	E	1.00000	0	0.00000	0
402	I	1.00000	0	0.00000	0
403	V	1.00000	0	0.00000	0
404	G	1.00000	0	0.00000	0
405	P	1.00000	0	0.00000	0
406	Y	1.00000	0	0.00000	0
407	I	1.00000	0	0.00000	0
408	H	1.00000	0	0.00000	0
409	M	1.00000	0	0.00000	0
410	I	1.00000	0	0.00000	0
411	P	1.00000	0	0.00000	0
412	N	1.00000	0	0.00000	0
413	A	1.00000	0	0.00000	0
414	V	1.00000	0	0.00000	0
415	A	1.00000	0	0.00000	0
416	P	1.00000	0	0.00000	0
417	G	1.00000	0	0.00000	0
418	D	1.00000	0	0.00000	0
419	R	1.00000	0	0.00000	0
420	Q	1.00000	0	0.00000	0
421	V	1.00000	0	0.00000	0
422	D	1.00000	0	0.00000	0
423	N	1.00000	0	0.00000	0
424	E	1.00000	0	0.00000	0
425	E	1.00000	0	0.00000	0
426	E	1.00000	0	0.00000	0
427	E	1.00000	0	0.00000	0
428	E	1.00000	0	0.00000	0
429	K	1.00000	0	0.00000	0
430	E	1.00000	0	0.00000	0
431	E	1.00000	0	0.00000	0
432	G	1.00000	0	0.00000	0
433	P	1.00000	0	0.00000	0
434	L	1.00000	0	0.00000	0
435	D	1.00000	0	0.00000	0
436	H	1.00000	0	0.00000	0
437	L	1.00000	0	0.00000	0
438	S	1.00000	0	0.00000	0
439	G	1.00000	0	0.00000	0
440	T	1.00000	0	0.00000	0
441	F	1.00000	0	0.00000	0
442	Q	1.00000	0	0.00000	0
443	T	1.00000	0	0.00000	0
444	P	1.00000	0	0.00000	0
445	P	1.00000	0	0.00000	0
446	D	1.00000	0	0.00000	0
447	G	1.00000	0	0.00000	0
448	D	1.00000	0	0.00000	0
449	P	1.00000	0	0.00000	0
450	A	1.00000	0	0.00000	0
451	A	1.00000	0	0.00000	0
452	E	1.00000	0	0.00000	0
453	S	1.00000	0	0.00000	0
454	V	1.00000	0	0.00000	0
455	W	1.00000	0	0.00000	0
456	D	1.00000	0	0.00000	0
457	L	1.00000	0	0.00000	0
458	D	1.00000	0	0.00000	0
459	C	1.00000	0	0.00000	0
460	E	1.00000	0	0.00000	0
461	G	1.00000	0	0.00000	0
462	E	1.00000	0	0.00000	0
463	I	1.00000	0	0.00000	0
464	S	1.00000	0	0.00000	0
465	L	1.00000	0	0.00000	0
466	G	1.00000	0	0.00000	0
467	K	1.00000	0	0.00000	0
468	I	1.00000	0	0.00000	0
469	T	1.00000	0	0.00000	0
470	P	1.00000	0	0.00000	0
471	F	1.00000	0	0.00000	0
472	T	1.00000	0	0.00000	0
473	P	1.00000	0	0.00000	0
474	N	1.00000	0	0.00000	0
475	G	1.00000	0	0.00000	0
476	L	1.00000	0	0.00000	0
477	P	1.00000	0	0.00000	0
478	E	1.00000	0	0.00000	0
479	T	1.00000	0	0.00000	0
480	A	1.00000	0	0.00000	0
