# UNNAMED
#pos	aa	i	o	M	S
1	M	0.00000	1	0.00000	0
2	F	0.00000	1	0.00000	0
3	N	0.00000	1	0.00000	0
4	L	0.00000	1	0.00000	0
5	E	0.00000	1	0.00000	0
6	N	0.00000	1	0.00000	0
7	P	0.00000	1	0.00000	0
8	F	0.00000	1	0.00000	0
9	T	0.00000	1	0.00000	0
10	E	0.00000	1	0.00000	0
11	R	0.00000	1	0.00000	0
12	G	0.00000	1	0.00000	0
13	R	0.00000	1	0.00000	0
14	F	0.00000	1	0.00000	0
15	F	0.00000	1	0.00000	0
16	S	0.00000	1	0.00000	0
17	S	0.00000	1	0.00000	0
18	M	0.00000	1	0.00000	0
19	E	0.00000	1	0.00000	0
20	Y	0.00000	1	0.00000	0
21	P	0.00000	1	0.00000	0
22	H	0.00000	1	0.00000	0
23	Q	0.00000	1	0.00000	0
24	L	0.00000	1	0.00000	0
25	E	0.00000	1	0.00000	0
26	E	0.00000	1	0.00000	0
27	E	0.00000	1	0.00000	0
28	G	0.00000	1	0.00000	0
29	Y	0.00000	1	0.00000	0
30	P	0.00000	1	0.00000	0
31	P	0.00000	1	0.00000	0
32	P	0.00000	1	0.00000	0
33	G	0.00000	1	0.00000	0
34	S	0.00000	1	0.00000	0
35	N	0.00000	1	0.00000	0
36	G	0.00000	1	0.00000	0
37	S	0.00000	1	0.00000	0
38	L	0.00000	1	0.00000	0
39	N	0.00000	1	0.00000	0
40	E	0.00000	1	0.00000	0
41	S	0.00000	1	0.00000	0
42	E	0.00000	1	0.00000	0
43	A	0.00000	1	0.00000	0
44	G	0.00000	1	0.00000	0
45	S	0.00000	1	0.00000	0
46	R	0.00000	1	0.00000	0
47	G	0.00000	1	0.00000	0
48	G	0.00000	0.99999	0.00001	0
49	T	0.00000	0.99996	0.00004	0
50	P	0.00000	0.99973	0.00027	0
51	Y	0.00000	0.99705	0.00295	0
52	P	0.00000	0.99429	0.00571	0
53	L	0.00000	0.97464	0.02536	0
54	P	0.00000	0.93549	0.06451	0
55	T	0.00000	0.78717	0.21283	0
56	T	0.00000	0.36674	0.63326	0
57	V	0.00000	0.15055	0.84945	0
58	T	0.00000	0.07963	0.92037	0
59	L	0.00000	0.02013	0.97987	0
60	I	0.00000	0.00387	0.99613	0
61	S	0.00000	0.0025	0.99750	0
62	L	0.00000	0.0004	0.99960	0
63	A	0.00000	7e-05	0.99993	0
64	G	0.00000	2e-05	0.99998	0
65	L	0.00000	0	1.00000	0
66	L	0.00000	0	1.00000	0
67	M	0.00000	0	1.00000	0
68	L	0.00000	0	1.00000	0
69	V	0.00000	0	1.00000	0
70	T	0.00000	0	1.00000	0
71	I	0.00000	0	1.00000	0
72	F	0.00000	0	1.00000	0
73	G	0.00000	0	1.00000	0
74	N	0.00000	0	1.00000	0
75	V	0.00000	0	1.00000	0
76	L	0.00000	0	1.00000	0
77	V	0.00000	0	1.00000	0
78	I	0.00001	0	0.99999	0
79	I	0.00091	0	0.99909	0
80	A	0.05786	0	0.94214	0
81	V	0.13562	0	0.86438	0
82	F	0.32702	0	0.67298	0
83	T	0.96136	0	0.03864	0
84	S	0.99862	0	0.00138	0
85	R	0.99998	0	0.00002	0
86	G	1.00000	0	0.00000	0
87	L	1.00000	0	0.00000	0
88	K	1.00000	0	0.00000	0
89	A	1.00000	0	0.00000	0
90	P	1.00000	0	0.00000	0
91	Q	0.83821	0	0.16179	0
92	N	0.14748	0	0.85252	0
93	L	0.02403	0	0.97597	0
94	F	0.00021	0	0.99979	0
95	L	0.00000	0	1.00000	0
96	V	0.00000	0	1.00000	0
97	S	0.00000	0	1.00000	0
98	L	0.00000	0	1.00000	0
99	A	0.00000	0	1.00000	0
100	S	0.00000	0	1.00000	0
101	A	0.00000	0	1.00000	0
102	D	0.00000	0	1.00000	0
103	I	0.00000	0	1.00000	0
104	L	0.00000	0	1.00000	0
105	V	0.00000	0	1.00000	0
106	A	0.00000	0	1.00000	0
107	T	0.00000	0	1.00000	0
108	L	0.00000	0	1.00000	0
109	V	0.00000	0	1.00000	0
110	I	0.00000	0.00021	0.99979	0
111	P	0.00000	0.00377	0.99623	0
112	F	0.00000	0.0398	0.96020	0
113	S	0.00000	0.38463	0.61537	0
114	L	0.00000	0.51935	0.48065	0
115	A	0.00000	0.81216	0.18784	0
116	N	0.00000	0.99998	0.00002	0
117	E	0.00000	0.99999	0.00001	0
118	V	0.00000	0.99999	0.00001	0
119	M	0.00000	0.99999	0.00001	0
120	D	0.00000	1	0.00000	0
121	Y	0.00000	1	0.00000	0
122	W	0.00000	1	0.00000	0
123	Y	0.00000	1	0.00000	0
124	F	0.00000	1	0.00000	0
125	G	0.00000	1	0.00000	0
126	K	0.00000	1	0.00000	0
127	V	0.00000	1	0.00000	0
128	W	0.00000	1	0.00000	0
129	C	0.00000	1	0.00000	0
130	E	0.00000	1	0.00000	0
131	I	0.00000	0.9991	0.00090	0
132	Y	0.00000	0.87394	0.12606	0
133	L	0.00000	0.42645	0.57355	0
134	A	0.00000	0.25951	0.74049	0
135	L	0.00000	0.00672	0.99328	0
136	D	0.00000	0.0027	0.99730	0
137	V	0.00000	4e-05	0.99996	0
138	L	0.00000	0	1.00000	0
139	F	0.00000	0	1.00000	0
140	C	0.00000	0	1.00000	0
141	T	0.00000	0	1.00000	0
142	S	0.00000	0	1.00000	0
143	S	0.00000	0	1.00000	0
144	I	0.00000	0	1.00000	0
145	V	0.00000	0	1.00000	0
146	H	0.00000	0	1.00000	0
147	L	0.00000	0	1.00000	0
148	C	0.00000	0	1.00000	0
149	A	0.00000	0	1.00000	0
150	I	0.00000	0	1.00000	0
151	S	0.00000	0	1.00000	0
152	L	0.00000	0	1.00000	0
153	D	0.00000	0	1.00000	0
154	R	0.00305	0	0.99695	0
155	Y	0.02486	0	0.97514	0
156	W	0.04242	0	0.95758	0
157	S	0.36663	0	0.63337	0
158	I	0.99998	0	0.00002	0
159	T	1.00000	0	0.00000	0
160	Q	1.00000	0	0.00000	0
161	A	1.00000	0	0.00000	0
162	I	1.00000	0	0.00000	0
163	E	1.00000	0	0.00000	0
164	Y	1.00000	0	0.00000	0
165	N	1.00000	0	0.00000	0
166	L	1.00000	0	0.00000	0
167	K	1.00000	0	0.00000	0
168	R	1.00000	0	0.00000	0
169	T	1.00000	0	0.00000	0
170	P	1.00000	0	0.00000	0
171	R	0.99996	0	0.00004	0
172	R	0.99070	0	0.00930	0
173	I	0.57871	0	0.42129	0
174	K	0.55617	0	0.44383	0
175	C	0.00256	0	0.99744	0
176	I	0.00001	0	0.99999	0
177	I	0.00000	0	1.00000	0
178	F	0.00000	0	1.00000	0
179	I	0.00000	0	1.00000	0
180	V	0.00000	0	1.00000	0
181	W	0.00000	0	1.00000	0
182	V	0.00000	0	1.00000	0
183	I	0.00000	0	1.00000	0
184	S	0.00000	0	1.00000	0
185	A	0.00000	0	1.00000	0
186	V	0.00000	0	1.00000	0
187	I	0.00000	0	1.00000	0
188	S	0.00000	0	1.00000	0
189	F	0.00000	0	1.00000	0
190	P	0.00000	0	1.00000	0
191	P	0.00000	3e-05	0.99997	0
192	L	0.00000	0.00032	0.99968	0
193	I	0.00000	0.01325	0.98675	0
194	S	0.00000	0.17154	0.82846	0
195	I	0.00000	0.26085	0.73915	0
196	E	0.00000	0.96724	0.03276	0
197	K	0.00000	0.99985	0.00015	0
198	K	0.00000	1	0.00000	0
199	N	0.00000	1	0.00000	0
200	G	0.00000	1	0.00000	0
201	Q	0.00000	1	0.00000	0
202	Q	0.00000	1	0.00000	0
203	A	0.00000	1	0.00000	0
204	D	0.00000	1	0.00000	0
205	K	0.00000	1	0.00000	0
206	R	0.00000	1	0.00000	0
207	A	0.00000	1	0.00000	0
208	G	0.00000	1	0.00000	0
209	G	0.00000	1	0.00000	0
210	C	0.00000	1	0.00000	0
211	K	0.00000	1	0.00000	0
212	I	0.00000	1	0.00000	0
213	N	0.00000	1	0.00000	0
214	D	0.00000	1	0.00000	0
215	E	0.00000	0.99999	0.00001	0
216	K	0.00000	0.98975	0.01025	0
217	W	0.00000	0.19441	0.80559	0
218	Y	0.00000	0.01495	0.98505	0
219	I	0.00000	0.01233	0.98767	0
220	I	0.00000	0.0004	0.99960	0
221	S	0.00000	2e-05	0.99998	0
222	S	0.00000	1e-05	0.99999	0
223	C	0.00000	1e-05	0.99999	0
224	I	0.00000	0	1.00000	0
225	G	0.00000	0	1.00000	0
226	S	0.00000	0	1.00000	0
227	F	0.00000	0	1.00000	0
228	F	0.00000	0	1.00000	0
229	A	0.00000	0	1.00000	0
230	P	0.00000	0	1.00000	0
231	C	0.00000	0	1.00000	0
232	L	0.00000	0	1.00000	0
233	I	0.00000	0	1.00000	0
234	M	0.00000	0	1.00000	0
235	I	0.00000	0	1.00000	0
236	L	0.00000	0	1.00000	0
237	V	0.00000	0	1.00000	0
238	Y	0.00020	0	0.99980	0
239	I	0.00954	0	0.99046	0
240	R	0.22241	0	0.77759	0
241	I	0.24252	0	0.75748	0
242	Y	0.37119	0	0.62881	0
243	Q	0.99450	0	0.00550	0
244	I	0.99621	0	0.00379	0
245	A	0.99998	0	0.00002	0
246	K	1.00000	0	0.00000	0
247	R	1.00000	0	0.00000	0
248	R	1.00000	0	0.00000	0
249	T	1.00000	0	0.00000	0
250	R	1.00000	0	0.00000	0
251	V	1.00000	0	0.00000	0
252	P	1.00000	0	0.00000	0
253	P	1.00000	0	0.00000	0
254	S	1.00000	0	0.00000	0
255	K	1.00000	0	0.00000	0
256	R	1.00000	0	0.00000	0
257	G	1.00000	0	0.00000	0
258	E	1.00000	0	0.00000	0
259	H	1.00000	0	0.00000	0
260	P	1.00000	0	0.00000	0
261	N	1.00000	0	0.00000	0
262	K	1.00000	0	0.00000	0
263	R	1.00000	0	0.00000	0
264	Q	1.00000	0	0.00000	0
265	N	1.00000	0	0.00000	0
266	G	1.00000	0	0.00000	0
267	L	1.00000	0	0.00000	0
268	A	1.00000	0	0.00000	0
269	D	1.00000	0	0.00000	0
270	K	1.00000	0	0.00000	0
271	E	1.00000	0	0.00000	0
272	E	1.00000	0	0.00000	0
273	L	1.00000	0	0.00000	0
274	P	1.00000	0	0.00000	0
275	A	1.00000	0	0.00000	0
276	A	1.00000	0	0.00000	0
277	A	1.00000	0	0.00000	0
278	K	1.00000	0	0.00000	0
279	L	1.00000	0	0.00000	0
280	N	1.00000	0	0.00000	0
281	G	1.00000	0	0.00000	0
282	E	1.00000	0	0.00000	0
283	K	1.00000	0	0.00000	0
284	V	1.00000	0	0.00000	0
285	T	1.00000	0	0.00000	0
286	E	1.00000	0	0.00000	0
287	G	1.00000	0	0.00000	0
288	G	1.00000	0	0.00000	0
289	G	1.00000	0	0.00000	0
290	E	1.00000	0	0.00000	0
291	G	1.00000	0	0.00000	0
292	G	1.00000	0	0.00000	0
293	Q	1.00000	0	0.00000	0
294	E	1.00000	0	0.00000	0
295	R	1.00000	0	0.00000	0
296	E	1.00000	0	0.00000	0
297	L	1.00000	0	0.00000	0
298	N	1.00000	0	0.00000	0
299	G	1.00000	0	0.00000	0
300	I	1.00000	0	0.00000	0
301	D	1.00000	0	0.00000	0
302	M	1.00000	0	0.00000	0
303	E	1.00000	0	0.00000	0
304	E	1.00000	0	0.00000	0
305	T	1.00000	0	0.00000	0
306	S	1.00000	0	0.00000	0
307	S	1.00000	0	0.00000	0
308	S	1.00000	0	0.00000	0
309	E	1.00000	0	0.00000	0
310	H	1.00000	0	0.00000	0
311	N	1.00000	0	0.00000	0
312	E	1.00000	0	0.00000	0
313	T	1.00000	0	0.00000	0
314	H	1.00000	0	0.00000	0
315	Q	1.00000	0	0.00000	0
316	C	1.00000	0	0.00000	0
317	R	1.00000	0	0.00000	0
318	K	1.00000	0	0.00000	0
319	Q	1.00000	0	0.00000	0
320	G	1.00000	0	0.00000	0
321	R	1.00000	0	0.00000	0
322	P	1.00000	0	0.00000	0
323	Q	1.00000	0	0.00000	0
324	R	1.00000	0	0.00000	0
325	C	1.00000	0	0.00000	0
326	K	1.00000	0	0.00000	0
327	G	1.00000	0	0.00000	0
328	K	1.00000	0	0.00000	0
329	T	1.00000	0	0.00000	0
330	K	1.00000	0	0.00000	0
331	L	1.00000	0	0.00000	0
332	S	1.00000	0	0.00000	0
333	Q	1.00000	0	0.00000	0
334	I	1.00000	0	0.00000	0
335	K	1.00000	0	0.00000	0
336	P	1.00000	0	0.00000	0
337	G	1.00000	0	0.00000	0
338	D	1.00000	0	0.00000	0
339	S	1.00000	0	0.00000	0
340	L	1.00000	0	0.00000	0
341	P	1.00000	0	0.00000	0
342	R	1.00000	0	0.00000	0
343	R	1.00000	0	0.00000	0
344	M	1.00000	0	0.00000	0
345	E	1.00000	0	0.00000	0
346	E	1.00000	0	0.00000	0
347	E	1.00000	0	0.00000	0
348	E	1.00000	0	0.00000	0
349	R	1.00000	0	0.00000	0
350	N	1.00000	0	0.00000	0
351	A	1.00000	0	0.00000	0
352	K	1.00000	0	0.00000	0
353	A	1.00000	0	0.00000	0
354	S	1.00000	0	0.00000	0
355	R	1.00000	0	0.00000	0
356	W	1.00000	0	0.00000	0
357	R	1.00000	0	0.00000	0
358	G	1.00000	0	0.00000	0
359	R	1.00000	0	0.00000	0
360	Q	1.00000	0	0.00000	0
361	N	1.00000	0	0.00000	0
362	R	1.00000	0	0.00000	0
363	E	1.00000	0	0.00000	0
364	K	0.96784	0	0.03216	0
365	R	0.96643	0	0.03357	0
366	F	0.68268	0	0.31732	0
367	T	0.42254	0	0.57746	0
368	F	0.08027	0	0.91973	0
369	V	0.07603	0	0.92397	0
370	L	0.00106	0	0.99894	0
371	A	0.00003	0	0.99997	0
372	V	0.00001	0	0.99999	0
373	V	0.00000	0	1.00000	0
374	I	0.00000	0	1.00000	0
375	G	0.00000	0	1.00000	0
376	V	0.00000	0	1.00000	0
377	F	0.00000	0	1.00000	0
378	V	0.00000	0	1.00000	0
379	V	0.00000	0	1.00000	0
380	C	0.00000	0	1.00000	0
381	W	0.00000	0	1.00000	0
382	F	0.00000	0	1.00000	0
383	P	0.00000	0	1.00000	0
384	F	0.00000	0	1.00000	0
385	F	0.00000	1e-05	0.99999	0
386	F	0.00000	0.00109	0.99891	0
387	T	0.00000	0.01634	0.98366	0
388	Y	0.00000	0.03442	0.96558	0
389	T	0.00000	0.11384	0.88616	0
390	L	0.00000	0.17128	0.82872	0
391	T	0.00000	0.43698	0.56302	0
392	A	0.00000	0.56629	0.43371	0
393	V	0.00000	0.84232	0.15768	0
394	C	0.00000	0.9889	0.01110	0
395	K	0.00000	0.9999	0.00010	0
396	S	0.00000	0.99998	0.00002	0
397	C	0.00000	1	0.00000	0
398	S	0.00000	1	0.00000	0
399	V	0.00000	0.99999	0.00001	0
400	P	0.00000	0.99998	0.00002	0
401	L	0.00000	0.99187	0.00813	0
402	P	0.00000	0.98814	0.01186	0
403	L	0.00000	0.94328	0.05672	0
404	F	0.00000	0.93232	0.06768	0
405	K	0.00000	0.65115	0.34885	0
406	F	0.00000	0.00394	0.99606	0
407	F	0.00000	0.00017	0.99983	0
408	F	0.00000	0	1.00000	0
409	W	0.00000	0	1.00000	0
410	F	0.00000	0	1.00000	0
411	G	0.00000	0	1.00000	0
412	Y	0.00000	0	1.00000	0
413	C	0.00000	0	1.00000	0
414	N	0.00000	0	1.00000	0
415	S	0.00000	0	1.00000	0
416	S	0.00000	0	1.00000	0
417	L	0.00000	0	1.00000	0
418	N	0.00000	0	1.00000	0
419	P	0.00000	0	1.00000	0
420	V	0.00000	0	1.00000	0
421	I	0.00000	0	1.00000	0
422	Y	0.00001	0	0.99999	0
423	T	0.00007	0	0.99993	0
424	I	0.00123	0	0.99877	0
425	F	0.06391	0	0.93609	0
426	N	0.82999	0	0.17001	0
427	Q	0.99227	0	0.00773	0
428	D	0.99699	0	0.00301	0
429	F	0.99791	0	0.00209	0
430	R	1.00000	0	0.00000	0
431	R	1.00000	0	0.00000	0
432	A	1.00000	0	0.00000	0
433	F	1.00000	0	0.00000	0
434	K	1.00000	0	0.00000	0
435	K	1.00000	0	0.00000	0
436	I	1.00000	0	0.00000	0
437	L	1.00000	0	0.00000	0
438	C	1.00000	0	0.00000	0
439	R	1.00000	0	0.00000	0
440	I	1.00000	0	0.00000	0
441	D	1.00000	0	0.00000	0
442	R	1.00000	0	0.00000	0
443	K	1.00000	0	0.00000	0
444	R	1.00000	0	0.00000	0
445	I	1.00000	0	0.00000	0
446	V	1.00000	0	0.00000	0
