# UNNAMED
#pos	aa	i	o	M	S
1	M	0.00000	1	0.00000	0
2	E	0.00000	1	0.00000	0
3	L	0.00000	1	0.00000	0
4	H	0.00000	1	0.00000	0
5	E	0.00000	1	0.00000	0
6	D	0.00000	1	0.00000	0
7	S	0.00000	1	0.00000	0
8	H	0.00000	1	0.00000	0
9	K	0.00000	1	0.00000	0
10	E	0.00000	1	0.00000	0
11	V	0.00000	1	0.00000	0
12	G	0.00000	1	0.00000	0
13	I	0.00000	1	0.00000	0
14	N	0.00000	1	0.00000	0
15	N	0.00000	1	0.00000	0
16	S	0.00000	1	0.00000	0
17	Y	0.00000	1	0.00000	0
18	Q	0.00000	1	0.00000	0
19	L	0.00000	1	0.00000	0
20	K	0.00000	1	0.00000	0
21	A	0.00000	1	0.00000	0
22	V	0.00000	1	0.00000	0
23	Q	0.00000	1	0.00000	0
24	F	0.00000	1	0.00000	0
25	C	0.00000	1	0.00000	0
26	F	0.00000	1	0.00000	0
27	E	0.00000	1	0.00000	0
28	N	0.00000	1	0.00000	0
29	V	0.00000	1	0.00000	0
30	N	0.00000	1	0.00000	0
31	K	0.00000	1	0.00000	0
32	S	0.00000	1	0.00000	0
33	C	0.00000	1	0.00000	0
34	I	0.00000	1	0.00000	0
35	K	0.00000	1	0.00000	0
36	T	0.00000	1	0.00000	0
37	T	0.00000	1	0.00000	0
38	Y	0.00000	1	0.00000	0
39	S	0.00000	1	0.00000	0
40	P	0.00000	1	0.00000	0
41	F	0.00000	0.99997	0.00003	0
42	P	0.00000	0.99996	0.00004	0
43	R	0.00000	0.99807	0.00193	0
44	M	0.00000	0.88455	0.11545	0
45	I	0.00000	0.2906	0.70940	0
46	L	0.00000	0.09696	0.90304	0
47	Y	0.00000	0.03772	0.96228	0
48	V	0.00000	0.0067	0.99330	0
49	V	0.00000	0.0024	0.99760	0
50	F	0.00000	0.00035	0.99965	0
51	G	0.00000	0.00013	0.99987	0
52	F	0.00000	1e-05	0.99999	0
53	G	0.00000	0	1.00000	0
54	T	0.00000	0	1.00000	0
55	L	0.00000	0	1.00000	0
56	L	0.00000	0	1.00000	0
57	A	0.00000	0	1.00000	0
58	V	0.00000	0	1.00000	0
59	F	0.00000	0	1.00000	0
60	G	0.00000	0	1.00000	0
61	N	0.00000	0	1.00000	0
62	L	0.00000	0	1.00000	0
63	L	0.00000	0	1.00000	0
64	V	0.00001	0	0.99999	0
65	I	0.00019	0	0.99981	0
66	T	0.02568	0	0.97432	0
67	T	0.08642	0	0.91358	0
68	I	0.10621	0	0.89379	0
69	L	0.28361	0	0.71639	0
70	H	0.62543	0	0.37457	0
71	F	0.69329	0	0.30671	0
72	R	0.99389	0	0.00611	0
73	Q	0.99997	0	0.00003	0
74	L	0.99999	0	0.00001	0
75	H	1.00000	0	0.00000	0
76	T	1.00000	0	0.00000	0
77	P	1.00000	0	0.00000	0
78	T	0.71532	0	0.28468	0
79	N	0.17913	0	0.82087	0
80	F	0.03489	0	0.96511	0
81	L	0.00067	0	0.99933	0
82	I	0.00002	0	0.99998	0
83	A	0.00000	0	1.00000	0
84	S	0.00000	0	1.00000	0
85	L	0.00000	0	1.00000	0
86	A	0.00000	0	1.00000	0
87	C	0.00000	0	1.00000	0
88	A	0.00000	0	1.00000	0
89	D	0.00000	0	1.00000	0
90	F	0.00000	0	1.00000	0
91	L	0.00000	0	1.00000	0
92	V	0.00000	0	1.00000	0
93	G	0.00000	0	1.00000	0
94	L	0.00000	0	1.00000	0
95	T	0.00000	0	1.00000	0
96	V	0.00000	1e-05	0.99999	0
97	M	0.00000	0.00069	0.99931	0
98	P	0.00000	0.01235	0.98765	0
99	F	0.00000	0.03687	0.96313	0
100	S	0.00000	0.26745	0.73255	0
101	M	0.00000	0.34708	0.65292	0
102	V	0.00000	0.61682	0.38318	0
103	R	0.00000	0.99992	0.00008	0
104	S	0.00000	0.99997	0.00003	0
105	V	0.00000	0.99997	0.00003	0
106	E	0.00000	1	0.00000	0
107	S	0.00000	1	0.00000	0
108	C	0.00000	1	0.00000	0
109	W	0.00000	1	0.00000	0
110	Y	0.00000	1	0.00000	0
111	F	0.00000	1	0.00000	0
112	G	0.00000	1	0.00000	0
113	E	0.00000	1	0.00000	0
114	S	0.00000	1	0.00000	0
115	F	0.00000	0.99972	0.00028	0
116	C	0.00000	0.99967	0.00033	0
117	K	0.00000	0.99961	0.00039	0
118	F	0.00000	0.9907	0.00930	0
119	H	0.00000	0.54839	0.45161	0
120	T	0.00000	0.31963	0.68037	0
121	C	0.00000	0.25744	0.74256	0
122	F	0.00000	0.00143	0.99857	0
123	D	0.00000	0.00098	0.99902	0
124	G	0.00000	4e-05	0.99996	0
125	S	0.00000	0	1.00000	0
126	F	0.00000	0	1.00000	0
127	C	0.00000	0	1.00000	0
128	Y	0.00000	0	1.00000	0
129	S	0.00000	0	1.00000	0
130	S	0.00000	0	1.00000	0
131	L	0.00000	0	1.00000	0
132	F	0.00000	0	1.00000	0
133	H	0.00000	0	1.00000	0
134	L	0.00000	0	1.00000	0
135	C	0.00000	0	1.00000	0
136	F	0.00000	0	1.00000	0
137	I	0.00000	0	1.00000	0
138	S	0.00001	0	0.99999	0
139	I	0.00003	0	0.99997	0
140	D	0.00034	0	0.99966	0
141	R	0.28375	0	0.71625	0
142	Y	0.90465	0	0.09535	0
143	I	0.97706	0	0.02294	0
144	A	0.99577	0	0.00423	0
145	V	0.99999	0	0.00001	0
146	T	1.00000	0	0.00000	0
147	D	1.00000	0	0.00000	0
148	P	1.00000	0	0.00000	0
149	L	1.00000	0	0.00000	0
150	I	1.00000	0	0.00000	0
151	Y	1.00000	0	0.00000	0
152	P	1.00000	0	0.00000	0
153	T	0.99998	0	0.00002	0
154	K	0.99992	0	0.00008	0
155	V	0.96299	0	0.03701	0
156	T	0.94054	0	0.05946	0
157	V	0.86280	0	0.13720	0
158	P	0.82945	0	0.17055	0
159	I	0.21490	0	0.78510	0
160	S	0.17982	0	0.82018	0
161	G	0.07312	0	0.92688	0
162	M	0.01416	0	0.98584	0
163	C	0.00003	0	0.99997	0
164	I	0.00000	0	1.00000	0
165	A	0.00000	0	1.00000	0
166	I	0.00000	0	1.00000	0
167	S	0.00000	0	1.00000	0
168	W	0.00000	0	1.00000	0
169	S	0.00000	0	1.00000	0
170	C	0.00000	0	1.00000	0
171	S	0.00000	0	1.00000	0
172	I	0.00000	0	1.00000	0
173	T	0.00000	0	1.00000	0
174	Y	0.00000	1e-05	0.99999	0
175	S	0.00000	0.00024	0.99976	0
176	F	0.00000	0.00332	0.99668	0
177	S	0.00000	0.03273	0.96727	0
178	L	0.00000	0.04957	0.95043	0
179	F	0.00000	0.15506	0.84494	0
180	Y	0.00000	0.38363	0.61637	0
181	T	0.00000	0.74919	0.25081	0
182	G	0.00000	0.88695	0.11305	0
183	A	0.00000	0.93022	0.06978	0
184	N	0.00000	0.9964	0.00360	0
185	D	0.00000	1	0.00000	0
186	D	0.00000	1	0.00000	0
187	G	0.00000	1	0.00000	0
188	L	0.00000	1	0.00000	0
189	E	0.00000	1	0.00000	0
190	D	0.00000	1	0.00000	0
191	L	0.00000	1	0.00000	0
192	V	0.00000	1	0.00000	0
193	I	0.00000	1	0.00000	0
194	A	0.00000	1	0.00000	0
195	L	0.00000	1	0.00000	0
196	S	0.00000	1	0.00000	0
197	C	0.00000	1	0.00000	0
198	V	0.00000	1	0.00000	0
199	G	0.00000	1	0.00000	0
200	G	0.00000	1	0.00000	0
201	C	0.00000	1	0.00000	0
202	Q	0.00000	0.99997	0.00003	0
203	G	0.00000	0.89152	0.10848	0
204	A	0.00000	0.89094	0.10906	0
205	M	0.00000	0.89068	0.10932	0
206	N	0.00000	0.89068	0.10932	0
207	Q	0.00000	0.89021	0.10979	0
208	D	0.00000	0.85917	0.14083	0
209	W	0.00000	0.40448	0.59552	0
210	V	0.00000	0.13746	0.86254	0
211	L	0.00000	0.03713	0.96287	0
212	V	0.00000	0.00763	0.99237	0
213	G	0.00000	0.00344	0.99656	0
214	F	0.00000	0.00153	0.99847	0
215	L	0.00000	0	1.00000	0
216	L	0.00000	0	1.00000	0
217	F	0.00000	0	1.00000	0
218	F	0.00000	0	1.00000	0
219	I	0.00000	0	1.00000	0
220	P	0.00000	0	1.00000	0
221	T	0.00000	0	1.00000	0
222	I	0.00000	0	1.00000	0
223	A	0.00000	0	1.00000	0
224	M	0.00000	0	1.00000	0
225	L	0.00000	0	1.00000	0
226	I	0.00018	0	0.99982	0
227	I	0.00336	0	0.99664	0
228	Y	0.01825	0	0.98175	0
229	G	0.08463	0	0.91537	0
230	K	0.10888	0	0.89112	0
231	I	0.10971	0	0.89029	0
232	F	0.11631	0	0.88369	0
233	L	0.19727	0	0.80273	0
234	V	0.27870	0	0.72130	0
235	A	0.95279	0	0.04721	0
236	K	0.99870	0	0.00130	0
237	Q	0.99996	0	0.00004	0
238	Q	1.00000	0	0.00000	0
239	A	1.00000	0	0.00000	0
240	R	1.00000	0	0.00000	0
241	K	1.00000	0	0.00000	0
242	I	1.00000	0	0.00000	0
243	E	1.00000	0	0.00000	0
244	S	1.00000	0	0.00000	0
245	S	1.00000	0	0.00000	0
246	S	1.00000	0	0.00000	0
247	N	1.00000	0	0.00000	0
248	Q	1.00000	0	0.00000	0
249	T	1.00000	0	0.00000	0
250	Q	1.00000	0	0.00000	0
251	A	1.00000	0	0.00000	0
252	S	1.00000	0	0.00000	0
253	A	1.00000	0	0.00000	0
254	E	1.00000	0	0.00000	0
255	S	1.00000	0	0.00000	0
256	Y	1.00000	0	0.00000	0
257	K	1.00000	0	0.00000	0
258	D	1.00000	0	0.00000	0
259	R	1.00000	0	0.00000	0
260	V	1.00000	0	0.00000	0
261	A	1.00000	0	0.00000	0
262	K	1.00000	0	0.00000	0
263	R	1.00000	0	0.00000	0
264	E	1.00000	0	0.00000	0
265	R	0.91055	0	0.08945	0
266	K	0.90655	0	0.09345	0
267	A	0.03755	0	0.96245	0
268	A	0.03671	0	0.96329	0
269	K	0.03454	0	0.96546	0
270	T	0.02205	0	0.97795	0
271	L	0.01051	0	0.98949	0
272	G	0.00319	0	0.99681	0
273	I	0.00203	0	0.99797	0
274	A	0.00200	0	0.99800	0
275	M	0.00052	0	0.99948	0
276	A	0.00001	0	0.99999	0
277	V	0.00000	0	1.00000	0
278	F	0.00000	0	1.00000	0
279	L	0.00000	0	1.00000	0
280	V	0.00000	0	1.00000	0
281	C	0.00000	0	1.00000	0
282	W	0.00000	0	1.00000	0
283	L	0.00000	0	1.00000	0
284	P	0.00000	0	1.00000	0
285	Y	0.00000	2e-05	0.99998	0
286	F	0.00000	0.00022	0.99978	0
287	I	0.00000	0.05863	0.94137	0
288	D	0.00000	0.90834	0.09166	0
289	T	0.00000	0.91302	0.08698	0
290	L	0.00000	0.92211	0.07789	0
291	V	0.00000	0.93691	0.06309	0
292	D	0.00000	0.97631	0.02369	0
293	A	0.00000	0.97636	0.02364	0
294	Y	0.00000	0.97733	0.02267	0
295	M	0.00000	0.97846	0.02154	0
296	N	0.00000	0.98382	0.01618	0
297	F	0.00000	0.98441	0.01559	0
298	I	0.00000	0.99045	0.00955	0
299	T	0.00000	0.9989	0.00110	0
300	P	0.00000	0.99966	0.00034	0
301	A	0.00000	0.99925	0.00075	0
302	Y	0.00000	0.99866	0.00134	0
303	V	0.00000	0.99524	0.00476	0
304	Y	0.00000	0.99509	0.00491	0
305	E	0.00000	0.94279	0.05721	0
306	I	0.00000	0.70647	0.29353	0
307	L	0.00000	0.51299	0.48701	0
308	G	0.00000	0.46389	0.53611	0
309	W	0.00000	0.03553	0.96447	0
310	F	0.00000	0.00015	0.99985	0
311	V	0.00000	0	1.00000	0
312	Y	0.00000	0	1.00000	0
313	Y	0.00001	0	0.99999	0
314	N	0.00010	0	0.99990	0
315	S	0.00010	0	0.99990	0
316	A	0.00011	0	0.99989	0
317	M	0.00011	0	0.99989	0
318	N	0.00011	0	0.99989	0
319	P	0.00011	0	0.99989	0
320	L	0.00011	0	0.99989	0
321	I	0.00011	0	0.99989	0
322	Y	0.00016	0	0.99984	0
323	A	0.00026	0	0.99974	0
324	F	0.00035	0	0.99965	0
325	F	0.00120	0	0.99880	0
326	Y	0.01130	0	0.98870	0
327	P	0.06561	0	0.93439	0
328	W	0.09972	0	0.90028	0
329	F	0.44398	0	0.55602	0
330	R	1.00000	0	0.00000	0
331	K	1.00000	0	0.00000	0
332	A	1.00000	0	0.00000	0
333	I	1.00000	0	0.00000	0
334	K	1.00000	0	0.00000	0
335	L	1.00000	0	0.00000	0
336	I	1.00000	0	0.00000	0
337	V	1.00000	0	0.00000	0
338	S	1.00000	0	0.00000	0
339	G	1.00000	0	0.00000	0
340	R	1.00000	0	0.00000	0
341	I	1.00000	0	0.00000	0
342	L	1.00000	0	0.00000	0
343	R	1.00000	0	0.00000	0
344	N	1.00000	0	0.00000	0
345	D	1.00000	0	0.00000	0
346	S	1.00000	0	0.00000	0
347	S	1.00000	0	0.00000	0
348	S	1.00000	0	0.00000	0
349	M	1.00000	0	0.00000	0
350	N	1.00000	0	0.00000	0
351	L	1.00000	0	0.00000	0
352	F	1.00000	0	0.00000	0
353	S	1.00000	0	0.00000	0
354	E	1.00000	0	0.00000	0
355	E	1.00000	0	0.00000	0
356	V	1.00000	0	0.00000	0
357	E	1.00000	0	0.00000	0
358	I	1.00000	0	0.00000	0
359	H	1.00000	0	0.00000	0
360	N	1.00000	0	0.00000	0
