# UNNAMED
#pos	aa	i	o	M	S
1	M	0.00000	1	0.00000	0
2	S	0.00000	1	0.00000	0
3	H	0.00000	1	0.00000	0
4	N	0.00000	1	0.00000	0
5	T	0.00000	1	0.00000	0
6	T	0.00000	1	0.00000	0
7	E	0.00000	1	0.00000	0
8	S	0.00000	1	0.00000	0
9	S	0.00000	0.99996	0.00004	0
10	S	0.00000	0.99985	0.00015	0
11	N	0.00000	0.99909	0.00091	0
12	A	0.00000	0.97339	0.02661	0
13	P	0.00000	0.94642	0.05358	0
14	S	0.00000	0.88394	0.11606	0
15	A	0.00000	0.66931	0.33069	0
16	L	0.00000	0.26241	0.73759	0
17	L	0.00000	0.07918	0.92082	0
18	G	0.00000	0.03653	0.96347	0
19	L	0.00000	0.01379	0.98621	0
20	F	0.00000	0.00041	0.99959	0
21	L	0.00000	3e-05	0.99997	0
22	G	0.00000	1e-05	0.99999	0
23	S	0.00000	0	1.00000	0
24	I	0.00000	0	1.00000	0
25	S	0.00000	0	1.00000	0
26	L	0.00000	0	1.00000	0
27	I	0.00000	0	1.00000	0
28	T	0.00000	0	1.00000	0
29	I	0.00000	0	1.00000	0
30	V	0.00000	0	1.00000	0
31	M	0.00000	0	1.00000	0
32	N	0.00000	0	1.00000	0
33	I	0.00000	0	1.00000	0
34	L	0.00002	0	0.99998	0
35	V	0.00018	0	0.99982	0
36	L	0.00182	0	0.99818	0
37	C	0.01046	0	0.98954	0
38	A	0.17120	0	0.82880	0
39	V	0.37421	0	0.62579	0
40	K	0.98303	0	0.01697	0
41	M	0.99482	0	0.00518	0
42	E	0.99993	0	0.00007	0
43	K	1.00000	0	0.00000	0
44	K	1.00000	0	0.00000	0
45	L	0.99998	0	0.00002	0
46	Q	0.99992	0	0.00008	0
47	T	0.99867	0	0.00133	0
48	V	0.91566	0	0.08434	0
49	G	0.66287	0	0.33713	0
50	N	0.06760	0	0.93240	0
51	L	0.00664	0	0.99336	0
52	Y	0.00020	0	0.99980	0
53	I	0.00000	0	1.00000	0
54	V	0.00000	0	1.00000	0
55	S	0.00000	0	1.00000	0
56	L	0.00000	0	1.00000	0
57	S	0.00000	0	1.00000	0
58	V	0.00000	0	1.00000	0
59	A	0.00000	0	1.00000	0
60	D	0.00000	0	1.00000	0
61	L	0.00000	0	1.00000	0
62	M	0.00000	0	1.00000	0
63	V	0.00000	0	1.00000	0
64	G	0.00000	0	1.00000	0
65	A	0.00000	0	1.00000	0
66	A	0.00000	1e-05	0.99999	0
67	V	0.00000	0.00027	0.99973	0
68	M	0.00000	0.00313	0.99687	0
69	P	0.00000	0.04177	0.95823	0
70	L	0.00000	0.11856	0.88144	0
71	H	0.00000	0.82581	0.17419	0
72	I	0.00000	0.84926	0.15074	0
73	V	0.00000	0.91122	0.08878	0
74	Y	0.00000	0.9994	0.00060	0
75	L	0.00000	0.99942	0.00058	0
76	L	0.00000	0.99948	0.00052	0
77	S	0.00000	0.99995	0.00005	0
78	P	0.00000	0.99998	0.00002	0
79	K	0.00000	1	0.00000	0
80	W	0.00000	1	0.00000	0
81	P	0.00000	1	0.00000	0
82	L	0.00000	1	0.00000	0
83	G	0.00000	1	0.00000	0
84	L	0.00000	1	0.00000	0
85	E	0.00000	1	0.00000	0
86	A	0.00000	0.99963	0.00037	0
87	C	0.00000	0.99906	0.00094	0
88	L	0.00000	0.99667	0.00333	0
89	F	0.00000	0.99594	0.00406	0
90	W	0.00000	0.95452	0.04548	0
91	L	0.00000	0.59646	0.40354	0
92	S	0.00000	0.34434	0.65566	0
93	M	0.00000	0.01549	0.98451	0
94	D	0.00000	0.00532	0.99468	0
95	Y	0.00000	0.00037	0.99963	0
96	V	0.00000	0	1.00000	0
97	A	0.00000	0	1.00000	0
98	S	0.00000	0	1.00000	0
99	T	0.00000	0	1.00000	0
100	A	0.00000	0	1.00000	0
101	S	0.00000	0	1.00000	0
102	I	0.00000	0	1.00000	0
103	F	0.00000	0	1.00000	0
104	N	0.00000	0	1.00000	0
105	L	0.00000	0	1.00000	0
106	F	0.00000	0	1.00000	0
107	I	0.00000	0	1.00000	0
108	L	0.00000	0	1.00000	0
109	C	0.00002	0	0.99998	0
110	V	0.00008	0	0.99992	0
111	D	0.00038	0	0.99962	0
112	R	0.07990	0	0.92010	0
113	Y	0.19947	0	0.80053	0
114	R	0.48996	0	0.51004	0
115	S	0.82700	0	0.17300	0
116	V	0.99999	0	0.00001	0
117	Q	1.00000	0	0.00000	0
118	Q	1.00000	0	0.00000	0
119	P	1.00000	0	0.00000	0
120	L	1.00000	0	0.00000	0
121	E	1.00000	0	0.00000	0
122	Y	1.00000	0	0.00000	0
123	L	1.00000	0	0.00000	0
124	K	1.00000	0	0.00000	0
125	Y	1.00000	0	0.00000	0
126	R	1.00000	0	0.00000	0
127	T	0.99984	0	0.00016	0
128	K	0.99930	0	0.00070	0
129	V	0.90905	0	0.09095	0
130	R	0.89479	0	0.10521	0
131	A	0.49952	0	0.50048	0
132	S	0.36608	0	0.63392	0
133	L	0.09055	0	0.90945	0
134	L	0.02868	0	0.97132	0
135	I	0.00046	0	0.99954	0
136	L	0.00002	0	0.99998	0
137	G	0.00000	0	1.00000	0
138	A	0.00000	0	1.00000	0
139	W	0.00000	0	1.00000	0
140	L	0.00000	0	1.00000	0
141	L	0.00000	0	1.00000	0
142	S	0.00000	0	1.00000	0
143	S	0.00000	0	1.00000	0
144	T	0.00000	0	1.00000	0
145	W	0.00000	0	1.00000	0
146	L	0.00000	0	1.00000	0
147	I	0.00000	0	1.00000	0
148	P	0.00000	0.00032	0.99968	0
149	I	0.00000	0.00172	0.99828	0
150	L	0.00000	0.01785	0.98215	0
151	G	0.00000	0.18927	0.81073	0
152	W	0.00000	0.2867	0.71330	0
153	H	0.00000	0.42375	0.57625	0
154	V	0.00000	0.49204	0.50796	0
155	F	0.00000	0.58926	0.41074	0
156	A	0.00000	0.75189	0.24811	0
157	N	0.00000	0.99329	0.00671	0
158	H	0.00000	0.99997	0.00003	0
159	G	0.00000	1	0.00000	0
160	Q	0.00000	1	0.00000	0
161	R	0.00000	1	0.00000	0
162	N	0.00000	1	0.00000	0
163	V	0.00000	1	0.00000	0
164	R	0.00000	1	0.00000	0
165	E	0.00000	1	0.00000	0
166	D	0.00000	1	0.00000	0
167	E	0.00000	1	0.00000	0
168	C	0.00000	1	0.00000	0
169	E	0.00000	1	0.00000	0
170	T	0.00000	1	0.00000	0
171	E	0.00000	1	0.00000	0
172	F	0.00000	0.9996	0.00040	0
173	F	0.00000	0.99953	0.00047	0
174	K	0.00000	0.96295	0.03705	0
175	V	0.00000	0.93829	0.06171	0
176	T	0.00000	0.93626	0.06374	0
177	W	0.00000	0.89736	0.10264	0
178	F	0.00000	0.86363	0.13637	0
179	K	0.00000	0.86068	0.13932	0
180	V	0.00000	0.68557	0.31443	0
181	L	0.00000	0.00485	0.99515	0
182	T	0.00000	0.00354	0.99646	0
183	A	0.00000	0.00014	0.99986	0
184	I	0.00000	0.00011	0.99989	0
185	F	0.00000	0	1.00000	0
186	N	0.00000	0	1.00000	0
187	F	0.00000	0	1.00000	0
188	Y	0.00000	0	1.00000	0
189	L	0.00000	0	1.00000	0
190	P	0.00000	0	1.00000	0
191	S	0.00000	0	1.00000	0
192	L	0.00000	0	1.00000	0
193	L	0.00000	0	1.00000	0
194	M	0.00000	0	1.00000	0
195	V	0.00000	0	1.00000	0
196	W	0.00000	0	1.00000	0
197	F	0.00006	0	0.99994	0
198	Y	0.00117	0	0.99883	0
199	C	0.01082	0	0.98918	0
200	R	0.05784	0	0.94216	0
201	I	0.06022	0	0.93978	0
202	F	0.07982	0	0.92018	0
203	S	0.83587	0	0.16413	0
204	T	0.92854	0	0.07146	0
205	V	0.99486	0	0.00514	0
206	R	0.99971	0	0.00029	0
207	K	0.99993	0	0.00007	0
208	H	0.99993	0	0.00007	0
209	C	0.99994	0	0.00006	0
210	Q	1.00000	0	0.00000	0
211	H	1.00000	0	0.00000	0
212	R	1.00000	0	0.00000	0
213	E	1.00000	0	0.00000	0
214	R	1.00000	0	0.00000	0
215	T	1.00000	0	0.00000	0
216	D	1.00000	0	0.00000	0
217	R	1.00000	0	0.00000	0
218	S	1.00000	0	0.00000	0
219	Y	1.00000	0	0.00000	0
220	C	1.00000	0	0.00000	0
221	S	1.00000	0	0.00000	0
222	S	1.00000	0	0.00000	0
223	K	1.00000	0	0.00000	0
224	E	1.00000	0	0.00000	0
225	K	1.00000	0	0.00000	0
226	T	1.00000	0	0.00000	0
227	M	1.00000	0	0.00000	0
228	V	1.00000	0	0.00000	0
229	Q	1.00000	0	0.00000	0
230	Q	1.00000	0	0.00000	0
231	A	1.00000	0	0.00000	0
232	K	1.00000	0	0.00000	0
233	T	1.00000	0	0.00000	0
234	R	1.00000	0	0.00000	0
235	D	1.00000	0	0.00000	0
236	E	1.00000	0	0.00000	0
237	K	1.00000	0	0.00000	0
238	N	1.00000	0	0.00000	0
239	I	1.00000	0	0.00000	0
240	C	1.00000	0	0.00000	0
241	L	1.00000	0	0.00000	0
242	Q	1.00000	0	0.00000	0
243	E	1.00000	0	0.00000	0
244	Q	1.00000	0	0.00000	0
245	V	1.00000	0	0.00000	0
246	L	1.00000	0	0.00000	0
247	G	1.00000	0	0.00000	0
248	E	1.00000	0	0.00000	0
249	N	1.00000	0	0.00000	0
250	T	1.00000	0	0.00000	0
251	P	1.00000	0	0.00000	0
252	G	1.00000	0	0.00000	0
253	T	1.00000	0	0.00000	0
254	D	1.00000	0	0.00000	0
255	K	1.00000	0	0.00000	0
256	Q	1.00000	0	0.00000	0
257	S	1.00000	0	0.00000	0
258	S	1.00000	0	0.00000	0
259	P	1.00000	0	0.00000	0
260	E	1.00000	0	0.00000	0
261	P	1.00000	0	0.00000	0
262	Q	1.00000	0	0.00000	0
263	K	1.00000	0	0.00000	0
264	A	1.00000	0	0.00000	0
265	E	1.00000	0	0.00000	0
266	A	1.00000	0	0.00000	0
267	E	1.00000	0	0.00000	0
268	L	1.00000	0	0.00000	0
269	H	1.00000	0	0.00000	0
270	F	1.00000	0	0.00000	0
271	S	1.00000	0	0.00000	0
272	N	1.00000	0	0.00000	0
273	P	1.00000	0	0.00000	0
274	G	1.00000	0	0.00000	0
275	E	1.00000	0	0.00000	0
276	A	1.00000	0	0.00000	0
277	S	1.00000	0	0.00000	0
278	E	1.00000	0	0.00000	0
279	A	1.00000	0	0.00000	0
280	L	1.00000	0	0.00000	0
281	S	1.00000	0	0.00000	0
282	N	1.00000	0	0.00000	0
283	G	1.00000	0	0.00000	0
284	K	1.00000	0	0.00000	0
285	V	1.00000	0	0.00000	0
286	L	1.00000	0	0.00000	0
287	K	1.00000	0	0.00000	0
288	C	1.00000	0	0.00000	0
289	F	1.00000	0	0.00000	0
290	S	1.00000	0	0.00000	0
291	L	1.00000	0	0.00000	0
292	T	1.00000	0	0.00000	0
293	T	1.00000	0	0.00000	0
294	A	1.00000	0	0.00000	0
295	K	1.00000	0	0.00000	0
296	P	1.00000	0	0.00000	0
297	E	1.00000	0	0.00000	0
298	P	1.00000	0	0.00000	0
299	G	1.00000	0	0.00000	0
300	L	1.00000	0	0.00000	0
301	D	1.00000	0	0.00000	0
302	R	1.00000	0	0.00000	0
303	A	1.00000	0	0.00000	0
304	G	1.00000	0	0.00000	0
305	K	1.00000	0	0.00000	0
306	K	1.00000	0	0.00000	0
307	G	1.00000	0	0.00000	0
308	V	1.00000	0	0.00000	0
309	C	1.00000	0	0.00000	0
310	A	1.00000	0	0.00000	0
311	T	1.00000	0	0.00000	0
312	K	1.00000	0	0.00000	0
313	K	1.00000	0	0.00000	0
314	P	1.00000	0	0.00000	0
315	G	1.00000	0	0.00000	0
316	N	1.00000	0	0.00000	0
317	K	1.00000	0	0.00000	0
318	E	1.00000	0	0.00000	0
319	Q	1.00000	0	0.00000	0
320	P	1.00000	0	0.00000	0
321	G	1.00000	0	0.00000	0
322	C	1.00000	0	0.00000	0
323	Q	1.00000	0	0.00000	0
324	D	1.00000	0	0.00000	0
325	S	1.00000	0	0.00000	0
326	D	1.00000	0	0.00000	0
327	S	1.00000	0	0.00000	0
328	S	1.00000	0	0.00000	0
329	V	1.00000	0	0.00000	0
330	A	1.00000	0	0.00000	0
331	S	1.00000	0	0.00000	0
332	D	1.00000	0	0.00000	0
333	N	1.00000	0	0.00000	0
334	H	1.00000	0	0.00000	0
335	T	1.00000	0	0.00000	0
336	F	1.00000	0	0.00000	0
337	T	1.00000	0	0.00000	0
338	E	1.00000	0	0.00000	0
339	V	1.00000	0	0.00000	0
340	A	1.00000	0	0.00000	0
341	P	1.00000	0	0.00000	0
342	R	1.00000	0	0.00000	0
343	A	1.00000	0	0.00000	0
344	E	1.00000	0	0.00000	0
345	Q	1.00000	0	0.00000	0
346	P	1.00000	0	0.00000	0
347	S	1.00000	0	0.00000	0
348	P	1.00000	0	0.00000	0
349	G	1.00000	0	0.00000	0
350	P	1.00000	0	0.00000	0
351	A	1.00000	0	0.00000	0
352	G	1.00000	0	0.00000	0
353	A	1.00000	0	0.00000	0
354	C	1.00000	0	0.00000	0
355	S	1.00000	0	0.00000	0
356	P	1.00000	0	0.00000	0
357	Q	1.00000	0	0.00000	0
358	G	1.00000	0	0.00000	0
359	R	1.00000	0	0.00000	0
360	T	1.00000	0	0.00000	0
361	E	1.00000	0	0.00000	0
362	H	1.00000	0	0.00000	0
363	R	1.00000	0	0.00000	0
364	D	1.00000	0	0.00000	0
365	S	1.00000	0	0.00000	0
366	R	1.00000	0	0.00000	0
367	G	1.00000	0	0.00000	0
368	L	1.00000	0	0.00000	0
369	A	1.00000	0	0.00000	0
370	F	1.00000	0	0.00000	0
371	L	1.00000	0	0.00000	0
372	R	1.00000	0	0.00000	0
373	K	1.00000	0	0.00000	0
374	T	1.00000	0	0.00000	0
375	W	1.00000	0	0.00000	0
376	H	1.00000	0	0.00000	0
377	T	1.00000	0	0.00000	0
378	L	1.00000	0	0.00000	0
379	H	1.00000	0	0.00000	0
380	S	1.00000	0	0.00000	0
381	R	1.00000	0	0.00000	0
382	S	1.00000	0	0.00000	0
383	R	1.00000	0	0.00000	0
384	S	1.00000	0	0.00000	0
385	T	1.00000	0	0.00000	0
386	H	1.00000	0	0.00000	0
387	Q	1.00000	0	0.00000	0
388	H	1.00000	0	0.00000	0
389	G	1.00000	0	0.00000	0
390	N	1.00000	0	0.00000	0
391	R	1.00000	0	0.00000	0
392	E	1.00000	0	0.00000	0
393	R	0.95631	0	0.04369	0
394	K	0.95612	0	0.04388	0
395	A	0.81049	0	0.18951	0
396	A	0.79626	0	0.20374	0
397	K	0.79571	0	0.20429	0
398	Q	0.74427	0	0.25573	0
399	L	0.19719	0	0.80281	0
400	G	0.06251	0	0.93749	0
401	V	0.03351	0	0.96649	0
402	I	0.00015	0	0.99985	0
403	M	0.00011	0	0.99989	0
404	A	0.00000	0	1.00000	0
405	A	0.00000	0	1.00000	0
406	F	0.00000	0	1.00000	0
407	M	0.00000	0	1.00000	0
408	L	0.00000	0	1.00000	0
409	C	0.00000	0	1.00000	0
410	W	0.00000	0	1.00000	0
411	I	0.00000	0	1.00000	0
412	P	0.00000	0	1.00000	0
413	Y	0.00000	0	1.00000	0
414	F	0.00000	0	1.00000	0
415	V	0.00000	2e-05	0.99998	0
416	L	0.00000	0.0001	0.99990	0
417	F	0.00000	0.00072	0.99928	0
418	M	0.00000	0.00848	0.99152	0
419	V	0.00000	0.02261	0.97739	0
420	I	0.00000	0.05891	0.94109	0
421	T	0.00000	0.24581	0.75419	0
422	L	0.00000	0.37251	0.62749	0
423	N	0.00000	0.95442	0.04558	0
424	K	0.00000	0.9994	0.00060	0
425	E	0.00000	0.99998	0.00002	0
426	H	0.00000	1	0.00000	0
427	N	0.00000	1	0.00000	0
428	N	0.00000	1	0.00000	0
429	R	0.00000	1	0.00000	0
430	P	0.00000	1	0.00000	0
431	Q	0.00000	1	0.00000	0
432	L	0.00000	1	0.00000	0
433	S	0.00000	0.99986	0.00014	0
434	E	0.00000	0.99693	0.00307	0
435	L	0.00000	0.98413	0.01587	0
436	H	0.00000	0.9817	0.01830	0
437	R	0.00000	0.59365	0.40635	0
438	V	0.00000	0.00424	0.99576	0
439	T	0.00000	0.00105	0.99895	0
440	I	0.00000	0.00019	0.99981	0
441	W	0.00000	2e-05	0.99998	0
442	L	0.00000	0	1.00000	0
443	G	0.00000	0	1.00000	0
444	Y	0.00000	0	1.00000	0
445	V	0.00000	0	1.00000	0
446	N	0.00000	0	1.00000	0
447	S	0.00000	0	1.00000	0
448	T	0.00000	0	1.00000	0
449	L	0.00000	0	1.00000	0
450	N	0.00000	0	1.00000	0
451	P	0.00000	0	1.00000	0
452	F	0.00000	0	1.00000	0
453	L	0.00000	0	1.00000	0
454	Y	0.00003	0	0.99997	0
455	P	0.00041	0	0.99959	0
456	L	0.00458	0	0.99542	0
457	C	0.31404	0	0.68596	0
458	N	0.75979	0	0.24021	0
459	Q	0.99055	0	0.00945	0
460	N	0.99386	0	0.00614	0
461	F	0.99649	0	0.00351	0
462	K	1.00000	0	0.00000	0
463	K	1.00000	0	0.00000	0
464	T	1.00000	0	0.00000	0
465	F	1.00000	0	0.00000	0
466	K	1.00000	0	0.00000	0
467	K	1.00000	0	0.00000	0
468	L	1.00000	0	0.00000	0
469	L	1.00000	0	0.00000	0
470	H	1.00000	0	0.00000	0
471	I	1.00000	0	0.00000	0
472	H	1.00000	0	0.00000	0
