# UNNAMED
#pos	aa	i	o	M	S
1	M	0.00000	1	0.00000	0
2	D	0.00000	1	0.00000	0
3	S	0.00000	1	0.00000	0
4	N	0.00000	1	0.00000	0
5	H	0.00000	1	0.00000	0
6	T	0.00000	1	0.00000	0
7	G	0.00000	1	0.00000	0
8	P	0.00000	1	0.00000	0
9	S	0.00000	1	0.00000	0
10	K	0.00000	1	0.00000	0
11	N	0.00000	1	0.00000	0
12	N	0.00000	1	0.00000	0
13	G	0.00000	1	0.00000	0
14	D	0.00000	1	0.00000	0
15	V	0.00000	0.69471	0.30529	0
16	V	0.00000	0.56141	0.43859	0
17	L	0.00000	0.4229	0.57710	0
18	L	0.00000	0.33864	0.66136	0
19	S	0.00000	0.31133	0.68867	0
20	L	0.00000	0.13146	0.86854	0
21	T	0.00000	0.06534	0.93466	0
22	L	0.00000	0.03397	0.96603	0
23	S	0.00000	0.01467	0.98533	0
24	F	0.00000	0.00112	0.99888	0
25	L	0.00000	8e-05	0.99992	0
26	A	0.00000	0	1.00000	0
27	I	0.00000	0	1.00000	0
28	L	0.00000	0	1.00000	0
29	T	0.00000	0	1.00000	0
30	T	0.00000	0	1.00000	0
31	A	0.00000	0	1.00000	0
32	M	0.00000	0	1.00000	0
33	N	0.00000	0	1.00000	0
34	C	0.00000	0	1.00000	0
35	L	0.00000	0	1.00000	0
36	V	0.00001	0	0.99999	0
37	I	0.00019	0	0.99981	0
38	T	0.00262	0	0.99738	0
39	A	0.00707	0	0.99293	0
40	I	0.01487	0	0.98513	0
41	I	0.08258	0	0.91742	0
42	V	0.46609	0	0.53391	0
43	T	0.90697	0	0.09303	0
44	R	0.99798	0	0.00202	0
45	K	0.99998	0	0.00002	0
46	L	0.99999	0	0.00001	0
47	H	1.00000	0	0.00000	0
48	H	1.00000	0	0.00000	0
49	P	1.00000	0	0.00000	0
50	S	0.91946	0	0.08054	0
51	N	0.28194	0	0.71806	0
52	Y	0.11432	0	0.88568	0
53	L	0.00199	0	0.99801	0
54	I	0.00004	0	0.99996	0
55	C	0.00000	0	1.00000	0
56	S	0.00000	0	1.00000	0
57	L	0.00000	0	1.00000	0
58	A	0.00000	0	1.00000	0
59	V	0.00000	0	1.00000	0
60	T	0.00000	0	1.00000	0
61	D	0.00000	0	1.00000	0
62	L	0.00000	0	1.00000	0
63	L	0.00000	0	1.00000	0
64	V	0.00000	0	1.00000	0
65	A	0.00000	0	1.00000	0
66	I	0.00000	0	1.00000	0
67	L	0.00000	0	1.00000	0
68	V	0.00000	0	1.00000	0
69	M	0.00000	0.00015	0.99985	0
70	P	0.00000	0.00391	0.99609	0
71	F	0.00000	0.04517	0.95483	0
72	S	0.00000	0.2345	0.76550	0
73	I	0.00000	0.31254	0.68746	0
74	I	0.00000	0.5376	0.46240	0
75	Y	0.00000	0.9991	0.00090	0
76	I	0.00000	0.99921	0.00079	0
77	A	0.00000	0.9994	0.00060	0
78	K	0.00000	0.99995	0.00005	0
79	D	0.00000	1	0.00000	0
80	T	0.00000	1	0.00000	0
81	W	0.00000	1	0.00000	0
82	L	0.00000	1	0.00000	0
83	I	0.00000	1	0.00000	0
84	G	0.00000	1	0.00000	0
85	E	0.00000	1	0.00000	0
86	A	0.00000	0.99999	0.00001	0
87	L	0.00000	0.99999	0.00001	0
88	C	0.00000	0.99999	0.00001	0
89	K	0.00000	0.99997	0.00003	0
90	F	0.00000	0.9967	0.00330	0
91	W	0.00000	0.80344	0.19656	0
92	L	0.00000	0.07315	0.92685	0
93	S	0.00000	0.00952	0.99048	0
94	V	0.00000	0.00015	0.99985	0
95	D	0.00000	5e-05	0.99995	0
96	I	0.00000	0	1.00000	0
97	T	0.00000	0	1.00000	0
98	C	0.00000	0	1.00000	0
99	C	0.00000	0	1.00000	0
100	T	0.00000	0	1.00000	0
101	C	0.00000	0	1.00000	0
102	S	0.00000	0	1.00000	0
103	I	0.00000	0	1.00000	0
104	L	0.00000	0	1.00000	0
105	H	0.00000	0	1.00000	0
106	L	0.00000	0	1.00000	0
107	A	0.00000	0	1.00000	0
108	A	0.00000	0	1.00000	0
109	I	0.00000	0	1.00000	0
110	A	0.00001	0	0.99999	0
111	V	0.00001	0	0.99999	0
112	D	0.00015	0	0.99985	0
113	R	0.09974	0	0.90026	0
114	Y	0.66867	0	0.33133	0
115	R	0.70957	0	0.29043	0
116	A	0.91846	0	0.08154	0
117	I	1.00000	0	0.00000	0
118	T	1.00000	0	0.00000	0
119	D	1.00000	0	0.00000	0
120	A	1.00000	0	0.00000	0
121	V	1.00000	0	0.00000	0
122	E	1.00000	0	0.00000	0
123	Y	1.00000	0	0.00000	0
124	S	1.00000	0	0.00000	0
125	R	1.00000	0	0.00000	0
126	K	1.00000	0	0.00000	0
127	R	0.99996	0	0.00004	0
128	T	0.99473	0	0.00527	0
129	S	0.97566	0	0.02434	0
130	L	0.81225	0	0.18775	0
131	R	0.78369	0	0.21631	0
132	A	0.05210	0	0.94790	0
133	A	0.00678	0	0.99322	0
134	I	0.00009	0	0.99991	0
135	M	0.00001	0	0.99999	0
136	I	0.00000	0	1.00000	0
137	S	0.00000	0	1.00000	0
138	V	0.00000	0	1.00000	0
139	V	0.00000	0	1.00000	0
140	W	0.00000	0	1.00000	0
141	L	0.00000	0	1.00000	0
142	L	0.00000	0	1.00000	0
143	A	0.00000	0	1.00000	0
144	I	0.00000	0	1.00000	0
145	V	0.00000	0	1.00000	0
146	I	0.00000	0	1.00000	0
147	S	0.00000	0.00011	0.99989	0
148	L	0.00000	0.00081	0.99919	0
149	P	0.00000	0.0138	0.98620	0
150	P	0.00000	0.03186	0.96814	0
151	I	0.00000	0.04373	0.95627	0
152	L	0.00000	0.09294	0.90706	0
153	L	0.00000	0.36181	0.63819	0
154	R	0.00000	0.97894	0.02106	0
155	N	0.00000	0.99907	0.00093	0
156	G	0.00000	0.99997	0.00003	0
157	E	0.00000	1	0.00000	0
158	E	0.00000	1	0.00000	0
159	N	0.00000	1	0.00000	0
160	E	0.00000	1	0.00000	0
161	C	0.00000	1	0.00000	0
162	I	0.00000	1	0.00000	0
163	I	0.00000	1	0.00000	0
164	V	0.00000	0.99999	0.00001	0
165	H	0.00000	0.99992	0.00008	0
166	T	0.00000	0.99912	0.00088	0
167	N	0.00000	0.99869	0.00131	0
168	I	0.00000	0.81918	0.18082	0
169	A	0.00000	0.22898	0.77102	0
170	S	0.00000	0.17146	0.82854	0
171	M	0.00000	0.12973	0.87027	0
172	L	0.00000	0.00077	0.99923	0
173	Y	0.00000	0.00014	0.99986	0
174	S	0.00000	9e-05	0.99991	0
175	T	0.00000	1e-05	0.99999	0
176	F	0.00000	0	1.00000	0
177	G	0.00000	0	1.00000	0
178	A	0.00000	0	1.00000	0
179	F	0.00000	0	1.00000	0
180	Y	0.00000	0	1.00000	0
181	I	0.00000	0	1.00000	0
182	P	0.00000	0	1.00000	0
183	L	0.00000	0	1.00000	0
184	I	0.00000	0	1.00000	0
185	L	0.00000	0	1.00000	0
186	I	0.00000	0	1.00000	0
187	L	0.00000	0	1.00000	0
188	I	0.00000	0	1.00000	0
189	L	0.00002	0	0.99998	0
190	Y	0.00060	0	0.99940	0
191	Y	0.01883	0	0.98117	0
192	K	0.28956	0	0.71044	0
193	I	0.30893	0	0.69107	0
194	Y	0.40608	0	0.59392	0
195	R	0.99308	0	0.00692	0
196	A	0.99903	0	0.00097	0
197	A	0.99993	0	0.00007	0
198	K	1.00000	0	0.00000	0
199	T	1.00000	0	0.00000	0
200	L	1.00000	0	0.00000	0
201	Y	1.00000	0	0.00000	0
202	H	1.00000	0	0.00000	0
203	R	1.00000	0	0.00000	0
204	R	1.00000	0	0.00000	0
205	R	1.00000	0	0.00000	0
206	T	1.00000	0	0.00000	0
207	S	1.00000	0	0.00000	0
208	C	1.00000	0	0.00000	0
209	L	1.00000	0	0.00000	0
210	N	1.00000	0	0.00000	0
211	K	1.00000	0	0.00000	0
212	S	1.00000	0	0.00000	0
213	E	1.00000	0	0.00000	0
214	M	1.00000	0	0.00000	0
215	N	1.00000	0	0.00000	0
216	G	1.00000	0	0.00000	0
217	H	1.00000	0	0.00000	0
218	M	1.00000	0	0.00000	0
219	L	1.00000	0	0.00000	0
220	P	1.00000	0	0.00000	0
221	K	1.00000	0	0.00000	0
222	C	1.00000	0	0.00000	0
223	S	1.00000	0	0.00000	0
224	D	1.00000	0	0.00000	0
225	R	1.00000	0	0.00000	0
226	E	1.00000	0	0.00000	0
227	P	1.00000	0	0.00000	0
228	T	1.00000	0	0.00000	0
229	T	1.00000	0	0.00000	0
230	P	1.00000	0	0.00000	0
231	D	1.00000	0	0.00000	0
232	T	1.00000	0	0.00000	0
233	L	1.00000	0	0.00000	0
234	S	1.00000	0	0.00000	0
235	P	1.00000	0	0.00000	0
236	P	1.00000	0	0.00000	0
237	E	1.00000	0	0.00000	0
238	K	1.00000	0	0.00000	0
239	S	1.00000	0	0.00000	0
240	M	1.00000	0	0.00000	0
241	S	1.00000	0	0.00000	0
242	E	1.00000	0	0.00000	0
243	P	1.00000	0	0.00000	0
244	S	1.00000	0	0.00000	0
245	T	1.00000	0	0.00000	0
246	E	1.00000	0	0.00000	0
247	G	1.00000	0	0.00000	0
248	D	1.00000	0	0.00000	0
249	R	1.00000	0	0.00000	0
250	V	1.00000	0	0.00000	0
251	R	1.00000	0	0.00000	0
252	I	1.00000	0	0.00000	0
253	T	1.00000	0	0.00000	0
254	A	1.00000	0	0.00000	0
255	R	1.00000	0	0.00000	0
256	S	1.00000	0	0.00000	0
257	P	1.00000	0	0.00000	0
258	K	1.00000	0	0.00000	0
259	S	1.00000	0	0.00000	0
260	R	1.00000	0	0.00000	0
261	R	1.00000	0	0.00000	0
262	E	1.00000	0	0.00000	0
263	R	1.00000	0	0.00000	0
264	S	1.00000	0	0.00000	0
265	L	1.00000	0	0.00000	0
266	R	1.00000	0	0.00000	0
267	R	1.00000	0	0.00000	0
268	H	1.00000	0	0.00000	0
269	R	1.00000	0	0.00000	0
270	I	1.00000	0	0.00000	0
271	S	1.00000	0	0.00000	0
272	N	1.00000	0	0.00000	0
273	I	1.00000	0	0.00000	0
274	R	1.00000	0	0.00000	0
275	E	1.00000	0	0.00000	0
276	K	0.91787	0	0.08213	0
277	K	0.91544	0	0.08456	0
278	A	0.09772	0	0.90228	0
279	A	0.09704	0	0.90296	0
280	T	0.09575	0	0.90425	0
281	T	0.09413	0	0.90587	0
282	L	0.00048	0	0.99952	0
283	G	0.00005	0	0.99995	0
284	L	0.00001	0	0.99999	0
285	I	0.00000	0	1.00000	0
286	I	0.00000	0	1.00000	0
287	G	0.00000	0	1.00000	0
288	A	0.00000	0	1.00000	0
289	F	0.00000	0	1.00000	0
290	V	0.00000	0	1.00000	0
291	V	0.00000	0	1.00000	0
292	C	0.00000	0	1.00000	0
293	W	0.00000	0	1.00000	0
294	L	0.00000	0	1.00000	0
295	P	0.00000	0	1.00000	0
296	F	0.00000	0	1.00000	0
297	F	0.00000	0.0001	0.99990	0
298	I	0.00000	0.02148	0.97852	0
299	H	0.00000	0.2955	0.70450	0
300	E	0.00000	0.50255	0.49745	0
301	V	0.00000	0.52398	0.47602	0
302	I	0.00000	0.58265	0.41735	0
303	Y	0.00000	0.76804	0.23196	0
304	N	0.00000	0.99296	0.00704	0
305	I	0.00000	0.99502	0.00498	0
306	C	0.00000	0.99928	0.00072	0
307	T	0.00000	0.99971	0.00029	0
308	V	0.00000	0.9999	0.00010	0
309	S	0.00000	0.99998	0.00002	0
310	C	0.00000	1	0.00000	0
311	S	0.00000	1	0.00000	0
312	R	0.00000	0.99994	0.00006	0
313	S	0.00000	0.99923	0.00077	0
314	V	0.00000	0.99013	0.00987	0
315	A	0.00000	0.98475	0.01525	0
316	V	0.00000	0.97588	0.02412	0
317	T	0.00000	0.97268	0.02732	0
318	N	0.00000	0.59321	0.40679	0
319	F	0.00000	0.00377	0.99623	0
320	L	0.00000	8e-05	0.99992	0
321	T	0.00000	0	1.00000	0
322	W	0.00000	0	1.00000	0
323	L	0.00000	0	1.00000	0
324	G	0.00000	0	1.00000	0
325	Y	0.00000	0	1.00000	0
326	L	0.00000	0	1.00000	0
327	N	0.00000	0	1.00000	0
328	S	0.00000	0	1.00000	0
329	L	0.00000	0	1.00000	0
330	I	0.00000	0	1.00000	0
331	N	0.00000	0	1.00000	0
332	P	0.00000	0	1.00000	0
333	L	0.00000	0	1.00000	0
334	I	0.00000	0	1.00000	0
335	Y	0.00001	0	0.99999	0
336	T	0.00003	0	0.99997	0
337	I	0.00028	0	0.99972	0
338	F	0.02983	0	0.97017	0
339	N	0.75567	0	0.24433	0
340	E	1.00000	0	0.00000	0
341	D	1.00000	0	0.00000	0
342	F	1.00000	0	0.00000	0
343	K	1.00000	0	0.00000	0
344	R	1.00000	0	0.00000	0
345	A	1.00000	0	0.00000	0
346	F	1.00000	0	0.00000	0
347	Q	1.00000	0	0.00000	0
348	K	1.00000	0	0.00000	0
349	I	1.00000	0	0.00000	0
350	I	1.00000	0	0.00000	0
351	K	1.00000	0	0.00000	0
352	C	1.00000	0	0.00000	0
353	K	1.00000	0	0.00000	0
354	N	1.00000	0	0.00000	0
355	Y	1.00000	0	0.00000	0
356	L	1.00000	0	0.00000	0
