# UNNAMED
#pos	aa	i	o	M	S
1	M	0.00000	1	0.00000	0
2	A	0.00000	1	0.00000	0
3	R	0.00000	1	0.00000	0
4	V	0.00000	1	0.00000	0
5	L	0.00000	1	0.00000	0
6	R	0.00000	1	0.00000	0
7	E	0.00000	1	0.00000	0
8	H	0.00000	1	0.00000	0
9	L	0.00000	1	0.00000	0
10	V	0.00000	1	0.00000	0
11	F	0.00000	1	0.00000	0
12	K	0.00000	1	0.00000	0
13	I	0.00000	1	0.00000	0
14	A	0.00000	1	0.00000	0
15	P	0.00000	1	0.00000	0
16	M	0.00000	1	0.00000	0
17	L	0.00000	1	0.00000	0
18	N	0.00000	1	0.00000	0
19	P	0.00000	1	0.00000	0
20	D	0.00000	1	0.00000	0
21	G	0.00000	1	0.00000	0
22	V	0.00000	1	0.00000	0
23	Y	0.00000	1	0.00000	0
24	P	0.00000	1	0.00000	0
25	G	0.00000	1	0.00000	0
26	N	0.00000	1	0.00000	0
27	Y	0.00000	1	0.00000	0
28	R	0.00000	1	0.00000	0
29	C	0.00000	1	0.00000	0
30	S	0.00000	1	0.00000	0
31	L	0.00000	1	0.00000	0
32	M	0.00000	1	0.00000	0
33	G	0.00000	1	0.00000	0
34	F	0.00000	1	0.00000	0
35	D	0.00000	1	0.00000	0
36	L	0.00000	1	0.00000	0
37	K	0.00000	1	0.00000	0
38	R	0.00000	1	0.00000	0
39	H	0.00000	1	0.00000	0
40	W	0.00000	1	0.00000	0
41	L	0.00000	1	0.00000	0
42	D	0.00000	1	0.00000	0
43	P	0.00000	1	0.00000	0
44	S	0.00000	1	0.00000	0
45	P	0.00000	1	0.00000	0
46	W	0.00000	1	0.00000	0
47	A	0.00000	1	0.00000	0
48	H	0.00000	1	0.00000	0
49	P	0.00000	1	0.00000	0
50	T	0.00000	1	0.00000	0
51	L	0.00000	1	0.00000	0
52	Y	0.00000	1	0.00000	0
53	G	0.00000	1	0.00000	0
54	V	0.00000	1	0.00000	0
55	K	0.00000	1	0.00000	0
56	Q	0.00000	1	0.00000	0
57	L	0.00000	1	0.00000	0
58	I	0.00000	1	0.00000	0
59	I	0.00000	1	0.00000	0
60	Q	0.00000	1	0.00000	0
61	M	0.00000	1	0.00000	0
62	Y	0.00000	1	0.00000	0
63	N	0.00000	1	0.00000	0
64	D	0.00000	1	0.00000	0
65	P	0.00000	1	0.00000	0
66	K	0.00000	1	0.00000	0
67	T	0.00000	1	0.00000	0
68	S	0.00000	1	0.00000	0
69	L	0.00000	1	0.00000	0
70	E	0.00000	1	0.00000	0
71	F	0.00000	1	0.00000	0
72	Y	0.00000	1	0.00000	0
73	I	0.00000	1	0.00000	0
74	D	0.00000	1	0.00000	0
75	I	0.00000	1	0.00000	0
76	H	0.00000	1	0.00000	0
77	A	0.00000	1	0.00000	0
78	H	0.00000	1	0.00000	0
79	S	0.00000	1	0.00000	0
80	T	0.00000	1	0.00000	0
81	M	0.00000	1	0.00000	0
82	M	0.00000	1	0.00000	0
83	N	0.00000	1	0.00000	0
84	G	0.00000	1	0.00000	0
85	F	0.00000	1	0.00000	0
86	L	0.00000	1	0.00000	0
87	Y	0.00000	1	0.00000	0
88	G	0.00000	1	0.00000	0
89	N	0.00000	1	0.00000	0
90	V	0.00000	1	0.00000	0
91	F	0.00000	1	0.00000	0
92	E	0.00000	1	0.00000	0
93	D	0.00000	1	0.00000	0
94	E	0.00000	1	0.00000	0
95	E	0.00000	1	0.00000	0
96	R	0.00000	1	0.00000	0
97	F	0.00000	1	0.00000	0
98	Q	0.00000	1	0.00000	0
99	R	0.00000	1	0.00000	0
100	Q	0.00000	1	0.00000	0
101	A	0.00000	1	0.00000	0
102	I	0.00000	1	0.00000	0
103	F	0.00000	1	0.00000	0
104	P	0.00000	1	0.00000	0
105	K	0.00000	1	0.00000	0
106	L	0.00000	1	0.00000	0
107	L	0.00000	1	0.00000	0
108	C	0.00000	1	0.00000	0
109	Q	0.00000	1	0.00000	0
110	N	0.00000	1	0.00000	0
111	A	0.00000	1	0.00000	0
112	E	0.00000	1	0.00000	0
113	D	0.00000	1	0.00000	0
114	F	0.00000	1	0.00000	0
115	S	0.00000	1	0.00000	0
116	Y	0.00000	1	0.00000	0
117	S	0.00000	1	0.00000	0
118	S	0.00000	1	0.00000	0
119	T	0.00000	1	0.00000	0
120	S	0.00000	1	0.00000	0
121	F	0.00000	1	0.00000	0
122	N	0.00000	1	0.00000	0
123	R	0.00000	1	0.00000	0
124	D	0.00000	1	0.00000	0
125	A	0.00000	1	0.00000	0
126	V	0.00000	1	0.00000	0
127	K	0.00000	1	0.00000	0
128	A	0.00000	1	0.00000	0
129	G	0.00000	1	0.00000	0
130	T	0.00000	1	0.00000	0
131	G	0.00000	1	0.00000	0
132	R	0.00000	1	0.00000	0
133	R	0.00000	1	0.00000	0
134	F	0.00000	1	0.00000	0
135	L	0.00000	1	0.00000	0
136	G	0.00000	1	0.00000	0
137	G	0.00000	1	0.00000	0
138	L	0.00000	1	0.00000	0
139	L	0.00000	1	0.00000	0
140	D	0.00000	1	0.00000	0
141	H	0.00000	1	0.00000	0
142	T	0.00000	1	0.00000	0
143	S	0.00000	1	0.00000	0
144	S	0.00000	1	0.00000	0
145	C	0.00000	1	0.00000	0
146	Y	0.00000	1	0.00000	0
147	T	0.00000	1	0.00000	0
148	L	0.00000	1	0.00000	0
149	E	0.00000	1	0.00000	0
150	V	0.00000	1	0.00000	0
151	S	0.00000	1	0.00000	0
152	F	0.00000	1	0.00000	0
153	Y	0.00000	1	0.00000	0
154	S	0.00000	1	0.00000	0
155	Y	0.00000	1	0.00000	0
156	I	0.00000	1	0.00000	0
157	S	0.00000	1	0.00000	0
158	G	0.00000	1	0.00000	0
159	G	0.00000	1	0.00000	0
160	S	0.00000	1	0.00000	0
161	T	0.00000	1	0.00000	0
162	A	0.00000	1	0.00000	0
163	A	0.00000	1	0.00000	0
164	V	0.00000	1	0.00000	0
165	P	0.00000	1	0.00000	0
166	S	0.00000	1	0.00000	0
167	T	0.00000	1	0.00000	0
168	E	0.00000	1	0.00000	0
169	E	0.00000	1	0.00000	0
170	A	0.00000	1	0.00000	0
171	S	0.00000	1	0.00000	0
172	P	0.00000	1	0.00000	0
173	A	0.00000	1	0.00000	0
174	P	0.00000	1	0.00000	0
175	K	0.00000	1	0.00000	0
176	G	0.00000	1	0.00000	0
177	R	0.00000	1	0.00000	0
178	T	0.00000	1	0.00000	0
179	A	0.00000	1	0.00000	0
180	A	0.00000	1	0.00000	0
181	T	0.00000	1	0.00000	0
182	H	0.00000	1	0.00000	0
183	P	0.00000	1	0.00000	0
184	E	0.00000	1	0.00000	0
185	A	0.00000	1	0.00000	0
186	P	0.00000	1	0.00000	0
187	E	0.00000	1	0.00000	0
188	A	0.00000	1	0.00000	0
189	R	0.00000	1	0.00000	0
190	R	0.00000	1	0.00000	0
191	G	0.00000	1	0.00000	0
192	P	0.00000	1	0.00000	0
193	A	0.00000	1	0.00000	0
194	R	0.00000	1	0.00000	0
195	P	0.00000	1	0.00000	0
196	G	0.00000	1	0.00000	0
197	V	0.00000	1	0.00000	0
198	P	0.00000	1	0.00000	0
199	A	0.00000	1	0.00000	0
200	H	0.00000	1	0.00000	0
201	R	0.00000	1	0.00000	0
202	A	0.00000	1	0.00000	0
203	V	0.00000	1	0.00000	0
204	S	0.00000	1	0.00000	0
205	V	0.00000	1	0.00000	0
206	P	0.00000	1	0.00000	0
207	P	0.00000	1	0.00000	0
208	G	0.00000	1	0.00000	0
209	L	0.00000	1	0.00000	0
210	W	0.00000	1	0.00000	0
211	D	0.00000	1	0.00000	0
212	P	0.00000	1	0.00000	0
213	W	0.00000	1	0.00000	0
214	P	0.00000	1	0.00000	0
215	R	0.00000	1	0.00000	0
216	V	0.00000	1	0.00000	0
217	P	0.00000	1	0.00000	0
218	S	0.00000	1	0.00000	0
219	R	0.00000	1	0.00000	0
220	Y	0.00000	1	0.00000	0
221	P	0.00000	1	0.00000	0
222	R	0.00000	1	0.00000	0
223	V	0.00000	1	0.00000	0
224	P	0.00000	1	0.00000	0
225	D	0.00000	1	0.00000	0
226	G	0.00000	1	0.00000	0
227	A	0.00000	1	0.00000	0
228	A	0.00000	1	0.00000	0
229	R	0.00000	1	0.00000	0
230	G	0.00000	1	0.00000	0
231	A	0.00000	1	0.00000	0
232	Q	0.00000	1	0.00000	0
233	G	0.00000	1	0.00000	0
234	L	0.00000	1	0.00000	0
235	R	0.00000	1	0.00000	0
236	L	0.00000	1	0.00000	0
237	E	0.00000	1	0.00000	0
238	R	0.00000	1	0.00000	0
239	T	0.00000	1	0.00000	0
240	Q	0.00000	1	0.00000	0
241	P	0.00000	1	0.00000	0
242	A	0.00000	1	0.00000	0
243	P	0.00000	1	0.00000	0
244	A	0.00000	1	0.00000	0
245	A	0.00000	1	0.00000	0
246	E	0.00000	1	0.00000	0
247	S	0.00000	1	0.00000	0
248	E	0.00000	1	0.00000	0
249	S	0.00000	1	0.00000	0
250	D	0.00000	1	0.00000	0
251	M	0.00000	1	0.00000	0
252	L	0.00000	1	0.00000	0
253	L	0.00000	1	0.00000	0
254	R	0.00000	1	0.00000	0
255	G	0.00000	1	0.00000	0
256	R	0.00000	1	0.00000	0
257	N	0.00000	1	0.00000	0
258	G	0.00000	1	0.00000	0
259	T	0.00000	1	0.00000	0
260	E	0.00000	1	0.00000	0
261	Y	0.00000	1	0.00000	0
262	P	0.00000	0.99999	0.00001	0
263	A	0.00000	0.99998	0.00002	0
264	R	0.00000	0.99997	0.00003	0
265	Q	0.00000	0.99758	0.00242	0
266	Q	0.00000	0.93394	0.06606	0
267	L	0.00000	0.85007	0.14993	0
268	A	0.00000	0.83137	0.16863	0
269	P	0.00000	0.82294	0.17706	0
270	R	0.00000	0.77469	0.22531	0
271	E	0.00000	0.58498	0.41502	0
272	G	0.00000	0.28717	0.71283	0
273	A	0.00000	0.01236	0.98764	0
274	P	0.00000	0.00231	0.99769	0
275	G	0.00000	0.00033	0.99967	0
276	S	0.00000	6e-05	0.99994	0
277	R	0.00000	1e-05	0.99999	0
278	G	0.00000	0	1.00000	0
279	G	0.00000	0	1.00000	0
280	G	0.00000	0	1.00000	0
281	A	0.00000	0	1.00000	0
282	G	0.00000	0	1.00000	0
283	A	0.00000	0	1.00000	0
284	P	0.00000	0	1.00000	0
285	A	0.00001	0	0.99999	0
286	Q	0.00028	0	0.99972	0
287	A	0.00035	0	0.99965	0
288	I	0.00138	0	0.99862	0
289	V	0.02441	0	0.97559	0
290	R	0.46678	0	0.53322	0
291	S	0.62170	0	0.37830	0
292	R	0.94037	0	0.05963	0
293	H	0.97297	0	0.02703	0
294	L	0.98473	0	0.01527	0
295	R	0.99998	0	0.00002	0
296	A	0.99999	0	0.00001	0
297	R	0.99993	0	0.00007	0
298	M	0.95979	0	0.04021	0
299	T	0.85712	0	0.14288	0
300	H	0.11958	0	0.88042	0
301	M	0.04277	0	0.95723	0
302	F	0.00054	0	0.99946	0
303	I	0.00001	0	0.99999	0
304	V	0.00000	0	1.00000	0
305	S	0.00000	0	1.00000	0
306	L	0.00000	0	1.00000	0
307	A	0.00000	0	1.00000	0
308	V	0.00000	0	1.00000	0
309	S	0.00000	0	1.00000	0
310	D	0.00000	0	1.00000	0
311	L	0.00000	0	1.00000	0
312	F	0.00000	0	1.00000	0
313	V	0.00000	0	1.00000	0
314	A	0.00000	0	1.00000	0
315	L	0.00000	0	1.00000	0
316	L	0.00000	0	1.00000	0
317	V	0.00000	3e-05	0.99997	0
318	M	0.00000	0.00045	0.99955	0
319	P	0.00000	0.00726	0.99274	0
320	W	0.00000	0.07049	0.92951	0
321	K	0.00000	0.41444	0.58556	0
322	A	0.00000	0.59943	0.40057	0
323	V	0.00000	0.76596	0.23404	0
324	A	0.00000	0.99981	0.00019	0
325	E	0.00000	1	0.00000	0
326	V	0.00000	1	0.00000	0
327	A	0.00000	1	0.00000	0
328	G	0.00000	1	0.00000	0
329	H	0.00000	1	0.00000	0
330	W	0.00000	1	0.00000	0
331	P	0.00000	1	0.00000	0
332	F	0.00000	1	0.00000	0
333	G	0.00000	1	0.00000	0
334	A	0.00000	0.99999	0.00001	0
335	F	0.00000	0.99998	0.00002	0
336	C	0.00000	0.99996	0.00004	0
337	D	0.00000	0.9998	0.00020	0
338	V	0.00000	0.9977	0.00230	0
339	W	0.00000	0.81189	0.18811	0
340	V	0.00000	0.09187	0.90813	0
341	A	0.00000	0.00255	0.99745	0
342	F	0.00000	5e-05	0.99995	0
343	D	0.00000	1e-05	0.99999	0
344	I	0.00000	0	1.00000	0
345	M	0.00000	0	1.00000	0
346	C	0.00000	0	1.00000	0
347	S	0.00000	0	1.00000	0
348	T	0.00000	0	1.00000	0
349	A	0.00000	0	1.00000	0
350	S	0.00000	0	1.00000	0
351	I	0.00000	0	1.00000	0
352	L	0.00000	0	1.00000	0
353	N	0.00000	0	1.00000	0
354	L	0.00000	0	1.00000	0
355	C	0.00000	0	1.00000	0
356	V	0.00000	0	1.00000	0
357	I	0.00000	0	1.00000	0
358	S	0.00000	0	1.00000	0
359	V	0.00000	0	1.00000	0
360	D	0.00007	0	0.99993	0
361	R	0.12890	0	0.87110	0
362	Y	0.47115	0	0.52885	0
363	W	0.83171	0	0.16829	0
364	A	0.99088	0	0.00912	0
365	I	1.00000	0	0.00000	0
366	S	1.00000	0	0.00000	0
367	R	1.00000	0	0.00000	0
368	P	1.00000	0	0.00000	0
369	F	1.00000	0	0.00000	0
370	S	1.00000	0	0.00000	0
371	Y	1.00000	0	0.00000	0
372	Q	1.00000	0	0.00000	0
373	Q	1.00000	0	0.00000	0
374	R	1.00000	0	0.00000	0
375	M	0.99997	0	0.00003	0
376	T	0.99979	0	0.00021	0
377	P	0.99858	0	0.00142	0
378	R	0.95881	0	0.04119	0
379	V	0.08619	0	0.91381	0
380	A	0.01610	0	0.98390	0
381	L	0.00196	0	0.99804	0
382	V	0.00023	0	0.99977	0
383	M	0.00002	0	0.99998	0
384	V	0.00000	0	1.00000	0
385	G	0.00000	0	1.00000	0
386	L	0.00000	0	1.00000	0
387	A	0.00000	0	1.00000	0
388	W	0.00000	0	1.00000	0
389	T	0.00000	0	1.00000	0
390	L	0.00000	0	1.00000	0
391	S	0.00000	0	1.00000	0
392	I	0.00000	0	1.00000	0
393	L	0.00000	0	1.00000	0
394	I	0.00000	0	1.00000	0
395	S	0.00000	0	1.00000	0
396	F	0.00000	0	1.00000	0
397	I	0.00000	0.00023	0.99977	0
398	P	0.00000	0.01959	0.98041	0
399	V	0.00000	0.07407	0.92593	0
400	Q	0.00000	0.52213	0.47787	0
401	L	0.00000	0.63999	0.36001	0
402	H	0.00000	0.92671	0.07329	0
403	W	0.00000	0.96898	0.03102	0
404	H	0.00000	0.99746	0.00254	0
405	R	0.00000	0.99999	0.00001	0
406	D	0.00000	1	0.00000	0
407	E	0.00000	1	0.00000	0
408	A	0.00000	1	0.00000	0
409	G	0.00000	1	0.00000	0
410	S	0.00000	1	0.00000	0
411	R	0.00000	1	0.00000	0
412	G	0.00000	1	0.00000	0
413	A	0.00000	1	0.00000	0
414	V	0.00000	1	0.00000	0
415	D	0.00000	1	0.00000	0
416	P	0.00000	1	0.00000	0
417	P	0.00000	1	0.00000	0
418	P	0.00000	1	0.00000	0
419	A	0.00000	1	0.00000	0
420	D	0.00000	1	0.00000	0
421	L	0.00000	1	0.00000	0
422	A	0.00000	1	0.00000	0
423	N	0.00000	1	0.00000	0
424	G	0.00000	1	0.00000	0
425	T	0.00000	1	0.00000	0
426	S	0.00000	1	0.00000	0
427	W	0.00000	1	0.00000	0
428	G	0.00000	1	0.00000	0
429	T	0.00000	1	0.00000	0
430	A	0.00000	1	0.00000	0
431	G	0.00000	1	0.00000	0
432	D	0.00000	1	0.00000	0
433	P	0.00000	1	0.00000	0
434	E	0.00000	1	0.00000	0
435	V	0.00000	1	0.00000	0
436	R	0.00000	1	0.00000	0
437	E	0.00000	1	0.00000	0
438	E	0.00000	1	0.00000	0
439	N	0.00000	1	0.00000	0
440	C	0.00000	1	0.00000	0
441	D	0.00000	1	0.00000	0
442	S	0.00000	0.99995	0.00005	0
443	S	0.00000	0.99958	0.00042	0
444	L	0.00000	0.99863	0.00137	0
445	N	0.00000	0.99854	0.00146	0
446	R	0.00000	0.99611	0.00389	0
447	T	0.00000	0.57558	0.42442	0
448	Y	0.00000	0.01771	0.98229	0
449	A	0.00000	0.00906	0.99094	0
450	I	0.00000	0.00583	0.99417	0
451	A	0.00000	0.00013	0.99987	0
452	S	0.00000	0.0001	0.99990	0
453	S	0.00000	1e-05	0.99999	0
454	L	0.00000	1e-05	0.99999	0
455	I	0.00000	0	1.00000	0
456	S	0.00000	0	1.00000	0
457	F	0.00000	0	1.00000	0
458	Y	0.00000	0	1.00000	0
459	I	0.00000	0	1.00000	0
460	P	0.00000	0	1.00000	0
461	V	0.00000	0	1.00000	0
462	A	0.00000	0	1.00000	0
463	I	0.00000	0	1.00000	0
464	M	0.00000	0	1.00000	0
465	I	0.00000	0	1.00000	0
466	V	0.00003	0	0.99997	0
467	T	0.00032	0	0.99968	0
468	Y	0.00090	0	0.99910	0
469	A	0.02459	0	0.97541	0
470	R	0.12734	0	0.87266	0
471	I	0.13818	0	0.86182	0
472	Y	0.20725	0	0.79275	0
473	R	0.97787	0	0.02213	0
474	I	0.98391	0	0.01609	0
475	A	0.99988	0	0.00012	0
476	H	0.99998	0	0.00002	0
477	A	1.00000	0	0.00000	0
478	Q	1.00000	0	0.00000	0
479	I	1.00000	0	0.00000	0
480	R	1.00000	0	0.00000	0
481	R	1.00000	0	0.00000	0
482	I	1.00000	0	0.00000	0
483	A	1.00000	0	0.00000	0
484	C	1.00000	0	0.00000	0
485	L	1.00000	0	0.00000	0
486	E	1.00000	0	0.00000	0
487	R	1.00000	0	0.00000	0
488	A	1.00000	0	0.00000	0
489	G	1.00000	0	0.00000	0
490	Q	1.00000	0	0.00000	0
491	R	1.00000	0	0.00000	0
492	A	1.00000	0	0.00000	0
493	Q	1.00000	0	0.00000	0
494	R	1.00000	0	0.00000	0
495	C	1.00000	0	0.00000	0
496	G	1.00000	0	0.00000	0
497	G	1.00000	0	0.00000	0
498	R	1.00000	0	0.00000	0
499	E	1.00000	0	0.00000	0
500	P	1.00000	0	0.00000	0
501	E	1.00000	0	0.00000	0
502	P	1.00000	0	0.00000	0
503	G	1.00000	0	0.00000	0
504	L	1.00000	0	0.00000	0
505	R	1.00000	0	0.00000	0
506	V	1.00000	0	0.00000	0
507	S	1.00000	0	0.00000	0
508	I	1.00000	0	0.00000	0
509	Q	1.00000	0	0.00000	0
510	K	1.00000	0	0.00000	0
511	E	1.00000	0	0.00000	0
512	T	0.93481	0	0.06519	0
513	K	0.93321	0	0.06679	0
514	V	0.27018	0	0.72982	0
515	L	0.23632	0	0.76368	0
516	K	0.23598	0	0.76402	0
517	T	0.20385	0	0.79615	0
518	L	0.00505	0	0.99495	0
519	S	0.00124	0	0.99876	0
520	V	0.00070	0	0.99930	0
521	I	0.00005	0	0.99995	0
522	M	0.00000	0	1.00000	0
523	G	0.00000	0	1.00000	0
524	V	0.00000	0	1.00000	0
525	F	0.00000	0	1.00000	0
526	V	0.00000	0	1.00000	0
527	C	0.00000	0	1.00000	0
528	C	0.00000	0	1.00000	0
529	W	0.00000	0	1.00000	0
530	L	0.00000	0	1.00000	0
531	P	0.00000	0	1.00000	0
532	F	0.00000	0	1.00000	0
533	F	0.00000	1e-05	0.99999	0
534	L	0.00000	0.002	0.99800	0
535	L	0.00000	0.03125	0.96875	0
536	N	0.00000	0.30934	0.69066	0
537	C	0.00000	0.42723	0.57277	0
538	M	0.00000	0.44165	0.55835	0
539	A	0.00000	0.51828	0.48172	0
540	P	0.00000	0.68223	0.31777	0
541	F	0.00000	0.72443	0.27557	0
542	C	0.00000	0.8678	0.13220	0
543	S	0.00000	0.97782	0.02218	0
544	R	0.00000	0.9995	0.00050	0
545	R	0.00000	0.99997	0.00003	0
546	P	0.00000	0.99999	0.00001	0
547	E	0.00000	0.99994	0.00006	0
548	G	0.00000	0.99993	0.00007	0
549	A	0.00000	0.99987	0.00013	0
550	R	0.00000	0.99987	0.00013	0
551	A	0.00000	0.99987	0.00013	0
552	G	0.00000	0.99987	0.00013	0
553	F	0.00000	0.99987	0.00013	0
554	P	0.00000	0.99987	0.00013	0
555	C	0.00000	0.99987	0.00013	0
556	V	0.00000	0.99986	0.00014	0
557	S	0.00000	0.99986	0.00014	0
558	D	0.00000	0.99985	0.00015	0
559	T	0.00000	0.99882	0.00118	0
560	T	0.00000	0.99713	0.00287	0
561	F	0.00000	0.99291	0.00709	0
562	D	0.00000	0.9066	0.09340	0
563	V	0.00000	0.12388	0.87612	0
564	F	0.00000	0.11567	0.88433	0
565	V	0.00000	0.00599	0.99401	0
566	W	0.00000	0.00018	0.99982	0
567	F	0.00000	0	1.00000	0
568	G	0.00003	0	0.99996	0
569	W	0.00009	0	0.99991	0
570	A	0.00011	0	0.99989	0
571	N	0.00013	0	0.99987	0
572	S	0.00013	0	0.99987	0
573	S	0.00013	0	0.99987	0
574	L	0.00013	0	0.99987	0
575	N	0.00013	0	0.99987	0
576	P	0.00013	0	0.99987	0
577	V	0.00013	0	0.99987	0
578	I	0.00013	0	0.99987	0
579	Y	0.00015	0	0.99985	0
580	A	0.00018	0	0.99982	0
581	F	0.00172	0	0.99828	0
582	N	0.10998	0	0.89002	0
583	A	0.39330	0	0.60670	0
584	D	0.76061	0	0.23939	0
585	F	0.80209	0	0.19791	0
586	R	1.00000	0	0.00000	0
587	K	1.00000	0	0.00000	0
588	V	1.00000	0	0.00000	0
589	F	1.00000	0	0.00000	0
590	A	1.00000	0	0.00000	0
591	Q	1.00000	0	0.00000	0
592	L	1.00000	0	0.00000	0
593	L	1.00000	0	0.00000	0
594	G	1.00000	0	0.00000	0
595	C	1.00000	0	0.00000	0
596	G	1.00000	0	0.00000	0
597	R	1.00000	0	0.00000	0
598	L	1.00000	0	0.00000	0
599	C	1.00000	0	0.00000	0
600	S	1.00000	0	0.00000	0
601	R	1.00000	0	0.00000	0
602	R	1.00000	0	0.00000	0
603	T	1.00000	0	0.00000	0
604	R	1.00000	0	0.00000	0
605	V	1.00000	0	0.00000	0
606	A	1.00000	0	0.00000	0
607	T	1.00000	0	0.00000	0
608	V	1.00000	0	0.00000	0
609	T	1.00000	0	0.00000	0
610	L	1.00000	0	0.00000	0
611	S	1.00000	0	0.00000	0
612	N	1.00000	0	0.00000	0
613	E	1.00000	0	0.00000	0
614	L	1.00000	0	0.00000	0
615	I	1.00000	0	0.00000	0
616	S	1.00000	0	0.00000	0
617	Y	1.00000	0	0.00000	0
618	D	1.00000	0	0.00000	0
619	Q	1.00000	0	0.00000	0
620	D	1.00000	0	0.00000	0
621	T	1.00000	0	0.00000	0
622	V	1.00000	0	0.00000	0
623	F	1.00000	0	0.00000	0
624	S	1.00000	0	0.00000	0
625	R	1.00000	0	0.00000	0
626	E	1.00000	0	0.00000	0
627	T	1.00000	0	0.00000	0
628	A	1.00000	0	0.00000	0
629	A	1.00000	0	0.00000	0
630	A	1.00000	0	0.00000	0
631	Y	1.00000	0	0.00000	0
632	S	1.00000	0	0.00000	0
633	H	1.00000	0	0.00000	0
634	V	1.00000	0	0.00000	0
635	V	1.00000	0	0.00000	0
636	H	1.00000	0	0.00000	0
637	S	1.00000	0	0.00000	0
638	E	1.00000	0	0.00000	0
639	V	1.00000	0	0.00000	0
640	T	1.00000	0	0.00000	0
641	P	1.00000	0	0.00000	0
642	R	1.00000	0	0.00000	0
643	H	1.00000	0	0.00000	0
644	R	1.00000	0	0.00000	0
645	E	1.00000	0	0.00000	0
646	G	1.00000	0	0.00000	0
647	D	1.00000	0	0.00000	0
648	K	1.00000	0	0.00000	0
649	E	1.00000	0	0.00000	0
650	E	1.00000	0	0.00000	0
651	E	1.00000	0	0.00000	0
652	G	1.00000	0	0.00000	0
653	P	1.00000	0	0.00000	0
654	L	1.00000	0	0.00000	0
655	D	1.00000	0	0.00000	0
656	L	1.00000	0	0.00000	0
657	M	1.00000	0	0.00000	0
658	C	1.00000	0	0.00000	0
659	Q	1.00000	0	0.00000	0
660	T	1.00000	0	0.00000	0
661	A	1.00000	0	0.00000	0
662	Q	1.00000	0	0.00000	0
663	A	1.00000	0	0.00000	0
664	S	1.00000	0	0.00000	0
665	P	1.00000	0	0.00000	0
666	E	1.00000	0	0.00000	0
667	G	1.00000	0	0.00000	0
668	D	1.00000	0	0.00000	0
669	P	1.00000	0	0.00000	0
670	A	1.00000	0	0.00000	0
671	A	1.00000	0	0.00000	0
672	Q	1.00000	0	0.00000	0
673	S	1.00000	0	0.00000	0
674	V	1.00000	0	0.00000	0
675	W	1.00000	0	0.00000	0
676	E	1.00000	0	0.00000	0
677	L	1.00000	0	0.00000	0
678	G	1.00000	0	0.00000	0
679	C	1.00000	0	0.00000	0
680	E	1.00000	0	0.00000	0
681	G	1.00000	0	0.00000	0
682	E	1.00000	0	0.00000	0
683	T	1.00000	0	0.00000	0
684	S	1.00000	0	0.00000	0
685	L	1.00000	0	0.00000	0
686	G	1.00000	0	0.00000	0
687	K	1.00000	0	0.00000	0
688	T	1.00000	0	0.00000	0
689	T	1.00000	0	0.00000	0
690	P	1.00000	0	0.00000	0
691	F	1.00000	0	0.00000	0
692	T	1.00000	0	0.00000	0
693	S	1.00000	0	0.00000	0
694	S	1.00000	0	0.00000	0
695	G	1.00000	0	0.00000	0
696	F	1.00000	0	0.00000	0
697	H	1.00000	0	0.00000	0
