# UNNAMED
#pos	aa	i	o	M	S
1	M	0.00000	1	0.00000	0
2	T	0.00000	1	0.00000	0
3	L	0.00000	1	0.00000	0
4	P	0.00000	1	0.00000	0
5	N	0.00000	1	0.00000	0
6	S	0.00000	1	0.00000	0
7	S	0.00000	1	0.00000	0
8	R	0.00000	1	0.00000	0
9	V	0.00000	1	0.00000	0
10	I	0.00000	1	0.00000	0
11	E	0.00000	1	0.00000	0
12	D	0.00000	1	0.00000	0
13	K	0.00000	1	0.00000	0
14	M	0.00000	1	0.00000	0
15	C	0.00000	1	0.00000	0
16	E	0.00000	1	0.00000	0
17	G	0.00000	1	0.00000	0
18	N	0.00000	1	0.00000	0
19	K	0.00000	1	0.00000	0
20	T	0.00000	1	0.00000	0
21	T	0.00000	1	0.00000	0
22	T	0.00000	1	0.00000	0
23	D	0.00000	1	0.00000	0
24	S	0.00000	0.99995	0.00005	0
25	P	0.00000	0.99865	0.00135	0
26	Q	0.00000	0.99373	0.00627	0
27	L	0.00000	0.94766	0.05234	0
28	M	0.00000	0.90137	0.09863	0
29	P	0.00000	0.67578	0.32422	0
30	L	0.00000	0.13744	0.86256	0
31	V	0.00000	0.01637	0.98363	0
32	V	0.00000	0.00428	0.99572	0
33	V	0.00000	0.00016	0.99984	0
34	L	0.00000	1e-05	0.99999	0
35	S	0.00000	0	1.00000	0
36	S	0.00000	0	1.00000	0
37	I	0.00000	0	1.00000	0
38	S	0.00000	0	1.00000	0
39	L	0.00000	0	1.00000	0
40	V	0.00000	0	1.00000	0
41	T	0.00000	0	1.00000	0
42	V	0.00000	0	1.00000	0
43	G	0.00000	0	1.00000	0
44	L	0.00000	0	1.00000	0
45	N	0.00000	0	1.00000	0
46	L	0.00000	0	1.00000	0
47	L	0.00000	0	1.00000	0
48	V	0.00000	0	1.00000	0
49	L	0.00008	0	0.99992	0
50	Y	0.00113	0	0.99887	0
51	A	0.03528	0	0.96472	0
52	I	0.11984	0	0.88016	0
53	R	0.97437	0	0.02563	0
54	N	0.99873	0	0.00127	0
55	E	1.00000	0	0.00000	0
56	R	1.00000	0	0.00000	0
57	K	1.00000	0	0.00000	0
58	L	0.99995	0	0.00005	0
59	H	0.99966	0	0.00034	0
60	T	0.99903	0	0.00097	0
61	V	0.94422	0	0.05578	0
62	G	0.73295	0	0.26705	0
63	N	0.10036	0	0.89964	0
64	L	0.01369	0	0.98631	0
65	Y	0.00054	0	0.99946	0
66	I	0.00001	0	0.99999	0
67	V	0.00000	0	1.00000	0
68	S	0.00000	0	1.00000	0
69	L	0.00000	0	1.00000	0
70	S	0.00000	0	1.00000	0
71	V	0.00000	0	1.00000	0
72	A	0.00000	0	1.00000	0
73	D	0.00000	0	1.00000	0
74	L	0.00000	0	1.00000	0
75	I	0.00000	0	1.00000	0
76	V	0.00000	0	1.00000	0
77	G	0.00000	0	1.00000	0
78	A	0.00000	0	1.00000	0
79	V	0.00000	0	1.00000	0
80	V	0.00000	0.00012	0.99988	0
81	M	0.00000	0.00136	0.99864	0
82	P	0.00000	0.01911	0.98089	0
83	M	0.00000	0.05561	0.94439	0
84	N	0.00000	0.60891	0.39109	0
85	I	0.00000	0.65334	0.34666	0
86	I	0.00000	0.77175	0.22825	0
87	Y	0.00000	0.99988	0.00012	0
88	L	0.00000	0.99994	0.00006	0
89	H	0.00000	1	0.00000	0
90	R	0.00000	1	0.00000	0
91	S	0.00000	1	0.00000	0
92	K	0.00000	1	0.00000	0
93	W	0.00000	1	0.00000	0
94	S	0.00000	1	0.00000	0
95	L	0.00000	0.99999	0.00001	0
96	G	0.00000	0.99999	0.00001	0
97	R	0.00000	0.99998	0.00002	0
98	P	0.00000	0.99992	0.00008	0
99	L	0.00000	0.99896	0.00104	0
100	C	0.00000	0.99834	0.00166	0
101	L	0.00000	0.99564	0.00436	0
102	F	0.00000	0.99483	0.00517	0
103	W	0.00000	0.94871	0.05129	0
104	L	0.00000	0.56503	0.43497	0
105	S	0.00000	0.31224	0.68776	0
106	M	0.00000	0.01187	0.98813	0
107	D	0.00000	0.00366	0.99634	0
108	Y	0.00000	0.00022	0.99978	0
109	V	0.00000	0	1.00000	0
110	A	0.00000	0	1.00000	0
111	S	0.00000	0	1.00000	0
112	T	0.00000	0	1.00000	0
113	A	0.00000	0	1.00000	0
114	S	0.00000	0	1.00000	0
115	I	0.00000	0	1.00000	0
116	F	0.00000	0	1.00000	0
117	S	0.00000	0	1.00000	0
118	V	0.00000	0	1.00000	0
119	F	0.00000	0	1.00000	0
120	I	0.00000	0	1.00000	0
121	L	0.00000	0	1.00000	0
122	C	0.00002	0	0.99998	0
123	I	0.00009	0	0.99991	0
124	D	0.00045	0	0.99955	0
125	R	0.09767	0	0.90233	0
126	Y	0.24418	0	0.75582	0
127	R	0.57604	0	0.42396	0
128	S	0.90934	0	0.09066	0
129	V	0.99997	0	0.00003	0
130	Q	1.00000	0	0.00000	0
131	Q	1.00000	0	0.00000	0
132	P	1.00000	0	0.00000	0
133	L	1.00000	0	0.00000	0
134	R	1.00000	0	0.00000	0
135	Y	1.00000	0	0.00000	0
136	L	1.00000	0	0.00000	0
137	R	1.00000	0	0.00000	0
138	Y	1.00000	0	0.00000	0
139	R	1.00000	0	0.00000	0
140	T	0.99992	0	0.00008	0
141	K	0.99969	0	0.00031	0
142	T	0.96151	0	0.03849	0
143	R	0.92997	0	0.07003	0
144	A	0.18477	0	0.81523	0
145	S	0.08413	0	0.91587	0
146	A	0.03027	0	0.96973	0
147	T	0.01910	0	0.98090	0
148	I	0.00035	0	0.99965	0
149	M	0.00007	0	0.99993	0
150	G	0.00000	0	1.00000	0
151	A	0.00000	0	1.00000	0
152	W	0.00000	0	1.00000	0
153	F	0.00000	0	1.00000	0
154	L	0.00000	0	1.00000	0
155	S	0.00000	0	1.00000	0
156	F	0.00000	0	1.00000	0
157	L	0.00000	0	1.00000	0
158	W	0.00000	0	1.00000	0
159	I	0.00000	0	1.00000	0
160	I	0.00000	0	1.00000	0
161	P	0.00000	0.00023	0.99977	0
162	I	0.00000	0.00092	0.99908	0
163	L	0.00000	0.01209	0.98791	0
164	G	0.00000	0.27082	0.72918	0
165	W	0.00000	0.4901	0.50990	0
166	H	0.00000	0.80292	0.19708	0
167	R	0.00000	0.95299	0.04701	0
168	F	0.00000	0.95746	0.04254	0
169	I	0.00000	0.96669	0.03331	0
170	S	0.00000	0.99547	0.00453	0
171	G	0.00000	0.99997	0.00003	0
172	G	0.00000	1	0.00000	0
173	S	0.00000	1	0.00000	0
174	K	0.00000	1	0.00000	0
175	Y	0.00000	1	0.00000	0
176	Q	0.00000	1	0.00000	0
177	Q	0.00000	1	0.00000	0
178	D	0.00000	1	0.00000	0
179	K	0.00000	1	0.00000	0
180	C	0.00000	1	0.00000	0
181	E	0.00000	1	0.00000	0
182	T	0.00000	1	0.00000	0
183	D	0.00000	1	0.00000	0
184	F	0.00000	0.99993	0.00007	0
185	Y	0.00000	0.99992	0.00008	0
186	D	0.00000	0.98141	0.01859	0
187	V	0.00000	0.96862	0.03138	0
188	T	0.00000	0.89582	0.10418	0
189	W	0.00000	0.82035	0.17965	0
190	F	0.00000	0.76378	0.23622	0
191	K	0.00000	0.75915	0.24085	0
192	I	0.00000	0.56093	0.43907	0
193	M	0.00000	0.00303	0.99697	0
194	T	0.00000	0.0023	0.99770	0
195	A	0.00000	0.00012	0.99988	0
196	I	0.00000	9e-05	0.99991	0
197	I	0.00000	0	1.00000	0
198	N	0.00000	0	1.00000	0
199	F	0.00000	0	1.00000	0
200	Y	0.00000	0	1.00000	0
201	L	0.00000	0	1.00000	0
202	P	0.00000	0	1.00000	0
203	T	0.00000	0	1.00000	0
204	L	0.00000	0	1.00000	0
205	L	0.00000	0	1.00000	0
206	M	0.00000	0	1.00000	0
207	L	0.00000	0	1.00000	0
208	W	0.00000	0	1.00000	0
209	F	0.00009	0	0.99991	0
210	Y	0.00230	0	0.99770	0
211	A	0.03461	0	0.96539	0
212	K	0.09924	0	0.90076	0
213	I	0.10341	0	0.89659	0
214	Y	0.13713	0	0.86287	0
215	K	0.93120	0	0.06880	0
216	A	0.95138	0	0.04862	0
217	V	0.98341	0	0.01659	0
218	Q	0.99975	0	0.00025	0
219	Q	1.00000	0	0.00000	0
220	H	1.00000	0	0.00000	0
221	C	1.00000	0	0.00000	0
222	Q	1.00000	0	0.00000	0
223	H	1.00000	0	0.00000	0
224	R	1.00000	0	0.00000	0
225	E	1.00000	0	0.00000	0
226	L	1.00000	0	0.00000	0
227	T	1.00000	0	0.00000	0
228	D	1.00000	0	0.00000	0
229	G	1.00000	0	0.00000	0
230	S	1.00000	0	0.00000	0
231	L	1.00000	0	0.00000	0
232	P	1.00000	0	0.00000	0
233	S	1.00000	0	0.00000	0
234	F	1.00000	0	0.00000	0
235	S	1.00000	0	0.00000	0
236	E	1.00000	0	0.00000	0
237	I	1.00000	0	0.00000	0
238	R	1.00000	0	0.00000	0
239	Q	1.00000	0	0.00000	0
240	R	1.00000	0	0.00000	0
241	P	1.00000	0	0.00000	0
242	E	1.00000	0	0.00000	0
243	N	1.00000	0	0.00000	0
244	P	1.00000	0	0.00000	0
245	K	1.00000	0	0.00000	0
246	V	1.00000	0	0.00000	0
247	G	1.00000	0	0.00000	0
248	A	1.00000	0	0.00000	0
249	K	1.00000	0	0.00000	0
250	K	1.00000	0	0.00000	0
251	P	1.00000	0	0.00000	0
252	G	1.00000	0	0.00000	0
253	R	1.00000	0	0.00000	0
254	E	1.00000	0	0.00000	0
255	S	1.00000	0	0.00000	0
256	F	1.00000	0	0.00000	0
257	S	1.00000	0	0.00000	0
258	E	1.00000	0	0.00000	0
259	V	1.00000	0	0.00000	0
260	L	1.00000	0	0.00000	0
261	K	1.00000	0	0.00000	0
262	R	1.00000	0	0.00000	0
263	K	1.00000	0	0.00000	0
264	C	1.00000	0	0.00000	0
265	K	1.00000	0	0.00000	0
266	D	1.00000	0	0.00000	0
267	A	1.00000	0	0.00000	0
268	S	1.00000	0	0.00000	0
269	G	1.00000	0	0.00000	0
270	G	1.00000	0	0.00000	0
271	P	1.00000	0	0.00000	0
272	A	1.00000	0	0.00000	0
273	L	1.00000	0	0.00000	0
274	K	1.00000	0	0.00000	0
275	P	1.00000	0	0.00000	0
276	P	1.00000	0	0.00000	0
277	S	1.00000	0	0.00000	0
278	Q	1.00000	0	0.00000	0
279	D	1.00000	0	0.00000	0
280	P	1.00000	0	0.00000	0
281	G	1.00000	0	0.00000	0
282	E	1.00000	0	0.00000	0
283	M	1.00000	0	0.00000	0
284	K	1.00000	0	0.00000	0
285	S	1.00000	0	0.00000	0
286	P	1.00000	0	0.00000	0
287	V	1.00000	0	0.00000	0
288	V	1.00000	0	0.00000	0
289	F	1.00000	0	0.00000	0
290	S	1.00000	0	0.00000	0
291	Q	1.00000	0	0.00000	0
292	E	1.00000	0	0.00000	0
293	E	1.00000	0	0.00000	0
294	D	1.00000	0	0.00000	0
295	G	1.00000	0	0.00000	0
296	E	1.00000	0	0.00000	0
297	V	1.00000	0	0.00000	0
298	A	1.00000	0	0.00000	0
299	K	1.00000	0	0.00000	0
300	L	1.00000	0	0.00000	0
301	H	1.00000	0	0.00000	0
302	G	1.00000	0	0.00000	0
303	F	1.00000	0	0.00000	0
304	P	1.00000	0	0.00000	0
305	L	1.00000	0	0.00000	0
306	N	1.00000	0	0.00000	0
307	V	1.00000	0	0.00000	0
308	V	1.00000	0	0.00000	0
309	P	1.00000	0	0.00000	0
310	I	1.00000	0	0.00000	0
311	Q	1.00000	0	0.00000	0
312	T	1.00000	0	0.00000	0
313	M	1.00000	0	0.00000	0
314	V	1.00000	0	0.00000	0
315	E	1.00000	0	0.00000	0
316	E	1.00000	0	0.00000	0
317	G	1.00000	0	0.00000	0
318	G	1.00000	0	0.00000	0
319	R	1.00000	0	0.00000	0
320	E	1.00000	0	0.00000	0
321	Y	1.00000	0	0.00000	0
322	V	1.00000	0	0.00000	0
323	A	1.00000	0	0.00000	0
324	I	1.00000	0	0.00000	0
325	N	1.00000	0	0.00000	0
326	Q	1.00000	0	0.00000	0
327	T	1.00000	0	0.00000	0
328	Q	1.00000	0	0.00000	0
329	L	1.00000	0	0.00000	0
330	E	1.00000	0	0.00000	0
331	I	1.00000	0	0.00000	0
332	D	1.00000	0	0.00000	0
333	K	1.00000	0	0.00000	0
334	Q	1.00000	0	0.00000	0
335	G	1.00000	0	0.00000	0
336	L	1.00000	0	0.00000	0
337	N	1.00000	0	0.00000	0
338	T	1.00000	0	0.00000	0
339	H	1.00000	0	0.00000	0
340	G	1.00000	0	0.00000	0
341	A	1.00000	0	0.00000	0
342	G	1.00000	0	0.00000	0
343	K	1.00000	0	0.00000	0
344	T	1.00000	0	0.00000	0
345	S	1.00000	0	0.00000	0
346	E	1.00000	0	0.00000	0
347	D	1.00000	0	0.00000	0
348	Q	1.00000	0	0.00000	0
349	T	1.00000	0	0.00000	0
350	L	1.00000	0	0.00000	0
351	G	1.00000	0	0.00000	0
352	K	1.00000	0	0.00000	0
353	S	1.00000	0	0.00000	0
354	Q	1.00000	0	0.00000	0
355	P	1.00000	0	0.00000	0
356	F	1.00000	0	0.00000	0
357	S	1.00000	0	0.00000	0
358	K	1.00000	0	0.00000	0
359	A	1.00000	0	0.00000	0
360	D	1.00000	0	0.00000	0
361	L	1.00000	0	0.00000	0
362	N	1.00000	0	0.00000	0
363	T	1.00000	0	0.00000	0
364	H	1.00000	0	0.00000	0
365	T	1.00000	0	0.00000	0
366	E	1.00000	0	0.00000	0
367	P	1.00000	0	0.00000	0
368	A	1.00000	0	0.00000	0
369	S	1.00000	0	0.00000	0
370	G	1.00000	0	0.00000	0
371	K	1.00000	0	0.00000	0
372	G	1.00000	0	0.00000	0
373	K	1.00000	0	0.00000	0
374	L	1.00000	0	0.00000	0
375	K	1.00000	0	0.00000	0
376	S	1.00000	0	0.00000	0
377	G	1.00000	0	0.00000	0
378	P	1.00000	0	0.00000	0
379	G	1.00000	0	0.00000	0
380	T	1.00000	0	0.00000	0
381	S	1.00000	0	0.00000	0
382	L	1.00000	0	0.00000	0
383	D	1.00000	0	0.00000	0
384	Y	1.00000	0	0.00000	0
385	I	1.00000	0	0.00000	0
386	K	1.00000	0	0.00000	0
387	F	1.00000	0	0.00000	0
388	T	1.00000	0	0.00000	0
389	W	1.00000	0	0.00000	0
390	K	1.00000	0	0.00000	0
391	R	1.00000	0	0.00000	0
392	L	1.00000	0	0.00000	0
393	R	1.00000	0	0.00000	0
394	S	1.00000	0	0.00000	0
395	H	1.00000	0	0.00000	0
396	S	1.00000	0	0.00000	0
397	R	1.00000	0	0.00000	0
398	Q	1.00000	0	0.00000	0
399	F	1.00000	0	0.00000	0
400	V	1.00000	0	0.00000	0
401	S	1.00000	0	0.00000	0
402	G	1.00000	0	0.00000	0
403	L	1.00000	0	0.00000	0
404	H	1.00000	0	0.00000	0
405	V	1.00000	0	0.00000	0
406	N	1.00000	0	0.00000	0
407	R	1.00000	0	0.00000	0
408	E	1.00000	0	0.00000	0
409	R	0.94446	0	0.05554	0
410	K	0.94420	0	0.05580	0
411	A	0.71940	0	0.28060	0
412	A	0.71808	0	0.28192	0
413	K	0.71766	0	0.28234	0
414	Q	0.67422	0	0.32578	0
415	L	0.16622	0	0.83378	0
416	G	0.03165	0	0.96835	0
417	F	0.00133	0	0.99867	0
418	I	0.00015	0	0.99985	0
419	M	0.00009	0	0.99991	0
420	A	0.00000	0	1.00000	0
421	A	0.00000	0	1.00000	0
422	F	0.00000	0	1.00000	0
423	I	0.00000	0	1.00000	0
424	I	0.00000	0	1.00000	0
425	C	0.00000	0	1.00000	0
426	W	0.00000	0	1.00000	0
427	T	0.00000	0	1.00000	0
428	P	0.00000	0	1.00000	0
429	Y	0.00000	0	1.00000	0
430	F	0.00000	0	1.00000	0
431	I	0.00000	1e-05	0.99999	0
432	F	0.00000	7e-05	0.99993	0
433	F	0.00000	0.00053	0.99947	0
434	M	0.00000	0.006	0.99400	0
435	V	0.00000	0.01527	0.98473	0
436	I	0.00000	0.0351	0.96490	0
437	A	0.00000	0.10918	0.89082	0
438	F	0.00000	0.27533	0.72467	0
439	C	0.00000	0.95879	0.04121	0
440	E	0.00000	0.99846	0.00154	0
441	S	0.00000	0.99952	0.00048	0
442	C	0.00000	0.99989	0.00011	0
443	F	0.00000	0.99989	0.00011	0
444	S	0.00000	0.99992	0.00008	0
445	E	0.00000	0.99974	0.00026	0
446	R	0.00000	0.99837	0.00163	0
447	A	0.00000	0.99165	0.00835	0
448	H	0.00000	0.98738	0.01262	0
449	M	0.00000	0.08336	0.91664	0
450	F	0.00000	0.0009	0.99910	0
451	T	0.00000	0.00015	0.99985	0
452	I	0.00000	0	1.00000	0
453	W	0.00000	0	1.00000	0
454	L	0.00000	0	1.00000	0
455	G	0.00000	0	1.00000	0
456	Y	0.00000	0	1.00000	0
457	I	0.00000	0	1.00000	0
458	N	0.00000	0	1.00000	0
459	S	0.00000	0	1.00000	0
460	T	0.00000	0	1.00000	0
461	L	0.00000	0	1.00000	0
462	N	0.00000	0	1.00000	0
463	P	0.00000	0	1.00000	0
464	L	0.00000	0	1.00000	0
465	I	0.00000	0	1.00000	0
466	Y	0.00002	0	0.99998	0
467	P	0.00024	0	0.99976	0
468	L	0.00453	0	0.99547	0
469	C	0.26545	0	0.73455	0
470	N	0.58952	0	0.41048	0
471	E	1.00000	0	0.00000	0
472	N	1.00000	0	0.00000	0
473	F	1.00000	0	0.00000	0
474	K	1.00000	0	0.00000	0
475	K	1.00000	0	0.00000	0
476	T	1.00000	0	0.00000	0
477	F	1.00000	0	0.00000	0
478	K	1.00000	0	0.00000	0
479	K	1.00000	0	0.00000	0
480	I	1.00000	0	0.00000	0
481	L	1.00000	0	0.00000	0
482	H	1.00000	0	0.00000	0
483	I	1.00000	0	0.00000	0
484	H	1.00000	0	0.00000	0
485	C	1.00000	0	0.00000	0
