# UNNAMED
#pos	aa	i	o	M	S
1	M	0.00000	1	0.00000	0
2	A	0.00000	1	0.00000	0
3	T	0.00000	1	0.00000	0
4	D	0.00000	1	0.00000	0
5	D	0.00000	1	0.00000	0
6	D	0.00000	1	0.00000	0
7	S	0.00000	1	0.00000	0
8	Y	0.00000	1	0.00000	0
9	D	0.00000	1	0.00000	0
10	W	0.00000	1	0.00000	0
11	D	0.00000	1	0.00000	0
12	Q	0.00000	1	0.00000	0
13	V	0.00000	1	0.00000	0
14	R	0.00000	1	0.00000	0
15	I	0.00000	1	0.00000	0
16	M	0.00000	1	0.00000	0
17	S	0.00000	1	0.00000	0
18	E	0.00000	1	0.00000	0
19	G	0.00000	1	0.00000	0
20	P	0.00000	1	0.00000	0
21	V	0.00000	1	0.00000	0
22	P	0.00000	1	0.00000	0
23	P	0.00000	1	0.00000	0
24	T	0.00000	1	0.00000	0
25	T	0.00000	1	0.00000	0
26	V	0.00000	1	0.00000	0
27	L	0.00000	1	0.00000	0
28	L	0.00000	1	0.00000	0
29	C	0.00000	1	0.00000	0
30	Y	0.00000	1	0.00000	0
31	E	0.00000	1	0.00000	0
32	N	0.00000	1	0.00000	0
33	L	0.00000	1	0.00000	0
34	N	0.00000	1	0.00000	0
35	G	0.00000	1	0.00000	0
36	S	0.00000	1	0.00000	0
37	C	0.00000	1	0.00000	0
38	I	0.00000	1	0.00000	0
39	R	0.00000	1	0.00000	0
40	N	0.00000	1	0.00000	0
41	P	0.00000	1	0.00000	0
42	Y	0.00000	1	0.00000	0
43	S	0.00000	1	0.00000	0
44	P	0.00000	1	0.00000	0
45	G	0.00000	0.99998	0.00002	0
46	P	0.00000	0.99993	0.00007	0
47	R	0.00000	0.98958	0.01042	0
48	L	0.00000	0.55446	0.44554	0
49	I	0.00000	0.16588	0.83412	0
50	L	0.00000	0.05011	0.94989	0
51	Y	0.00000	0.01867	0.98133	0
52	A	0.00000	0.00456	0.99544	0
53	V	0.00000	0.00079	0.99921	0
54	F	0.00000	0.00014	0.99986	0
55	G	0.00000	4e-05	0.99996	0
56	F	0.00000	0	1.00000	0
57	G	0.00000	0	1.00000	0
58	A	0.00000	0	1.00000	0
59	V	0.00000	0	1.00000	0
60	L	0.00000	0	1.00000	0
61	A	0.00000	0	1.00000	0
62	V	0.00000	0	1.00000	0
63	C	0.00000	0	1.00000	0
64	G	0.00000	0	1.00000	0
65	N	0.00000	0	1.00000	0
66	L	0.00000	0	1.00000	0
67	L	0.00000	0	1.00000	0
68	V	0.00011	0	0.99989	0
69	M	0.00191	0	0.99809	0
70	M	0.02036	0	0.97964	0
71	S	0.15967	0	0.84033	0
72	I	0.19259	0	0.80741	0
73	L	0.44538	0	0.55462	0
74	H	0.86494	0	0.13506	0
75	F	0.92870	0	0.07130	0
76	R	0.99806	0	0.00194	0
77	Q	0.99999	0	0.00001	0
78	L	1.00000	0	0.00000	0
79	H	1.00000	0	0.00000	0
80	S	1.00000	0	0.00000	0
81	P	1.00000	0	0.00000	0
82	A	0.41048	0	0.58952	0
83	N	0.05885	0	0.94115	0
84	F	0.00629	0	0.99371	0
85	L	0.00007	0	0.99993	0
86	I	0.00000	0	1.00000	0
87	A	0.00000	0	1.00000	0
88	S	0.00000	0	1.00000	0
89	L	0.00000	0	1.00000	0
90	A	0.00000	0	1.00000	0
91	C	0.00000	0	1.00000	0
92	A	0.00000	0	1.00000	0
93	D	0.00000	0	1.00000	0
94	F	0.00000	0	1.00000	0
95	L	0.00000	0	1.00000	0
96	V	0.00000	0	1.00000	0
97	G	0.00000	0	1.00000	0
98	L	0.00000	0	1.00000	0
99	T	0.00000	0	1.00000	0
100	V	0.00000	5e-05	0.99995	0
101	M	0.00000	0.00278	0.99722	0
102	P	0.00000	0.04308	0.95692	0
103	F	0.00000	0.11528	0.88472	0
104	S	0.00000	0.7057	0.29430	0
105	T	0.00000	0.88573	0.11427	0
106	V	0.00000	0.93624	0.06376	0
107	R	0.00000	0.99999	0.00001	0
108	S	0.00000	1	0.00000	0
109	V	0.00000	1	0.00000	0
110	E	0.00000	1	0.00000	0
111	S	0.00000	1	0.00000	0
112	C	0.00000	1	0.00000	0
113	W	0.00000	1	0.00000	0
114	Y	0.00000	1	0.00000	0
115	F	0.00000	0.99998	0.00002	0
116	G	0.00000	0.99998	0.00002	0
117	D	0.00000	0.99997	0.00003	0
118	T	0.00000	0.99982	0.00018	0
119	Y	0.00000	0.98665	0.01335	0
120	C	0.00000	0.98087	0.01913	0
121	K	0.00000	0.97403	0.02597	0
122	F	0.00000	0.00393	0.99607	0
123	H	0.00000	0.00393	0.99607	0
124	S	0.00000	0.00393	0.99607	0
125	C	0.00000	0.00393	0.99607	0
126	F	0.00000	0.00393	0.99607	0
127	E	0.00000	0.00393	0.99607	0
128	G	0.00000	0.00022	0.99978	0
129	S	0.00000	1e-05	0.99999	0
130	F	0.00000	0	1.00000	0
131	C	0.00000	0	1.00000	0
132	Y	0.00000	0	1.00000	0
133	S	0.00000	0	1.00000	0
134	S	0.00000	0	1.00000	0
135	I	0.00000	0	1.00000	0
136	F	0.00000	0	1.00000	0
137	H	0.00000	0	1.00000	0
138	L	0.00000	0	1.00000	0
139	C	0.00002	0	0.99998	0
140	F	0.00003	0	0.99997	0
141	I	0.00007	0	0.99993	0
142	S	0.00021	0	0.99979	0
143	V	0.00041	0	0.99959	0
144	D	0.00129	0	0.99871	0
145	R	0.45653	0	0.54347	0
146	Y	0.96924	0	0.03076	0
147	I	0.99336	0	0.00664	0
148	A	0.99724	0	0.00276	0
149	V	1.00000	0	0.00000	0
150	S	1.00000	0	0.00000	0
151	D	1.00000	0	0.00000	0
152	P	1.00000	0	0.00000	0
153	L	1.00000	0	0.00000	0
154	T	1.00000	0	0.00000	0
155	Y	1.00000	0	0.00000	0
156	P	1.00000	0	0.00000	0
157	T	0.99999	0	0.00001	0
158	R	0.99992	0	0.00008	0
159	F	0.98121	0	0.01879	0
160	T	0.97751	0	0.02249	0
161	A	0.96593	0	0.03407	0
162	S	0.77424	0	0.22576	0
163	V	0.31620	0	0.68380	0
164	S	0.29152	0	0.70848	0
165	G	0.17544	0	0.82456	0
166	K	0.13274	0	0.86726	0
167	C	0.00020	0	0.99980	0
168	I	0.00000	0	1.00000	0
169	A	0.00000	0	1.00000	0
170	F	0.00000	0	1.00000	0
171	S	0.00000	0	1.00000	0
172	W	0.00000	0	1.00000	0
173	L	0.00000	0	1.00000	0
174	L	0.00000	0	1.00000	0
175	S	0.00000	0	1.00000	0
176	I	0.00000	0	1.00000	0
177	T	0.00000	0	1.00000	0
178	Y	0.00000	8e-05	0.99992	0
179	S	0.00000	0.00113	0.99887	0
180	F	0.00000	0.00251	0.99749	0
181	S	0.00000	0.01394	0.98606	0
182	L	0.00000	0.02294	0.97706	0
183	L	0.00000	0.1257	0.87430	0
184	Y	0.00000	0.34017	0.65983	0
185	T	0.00000	0.66108	0.33892	0
186	G	0.00000	0.7855	0.21450	0
187	A	0.00000	0.83868	0.16132	0
188	N	0.00000	0.98633	0.01367	0
189	E	0.00000	0.99991	0.00009	0
190	A	0.00000	0.99996	0.00004	0
191	G	0.00000	0.99999	0.00001	0
192	L	0.00000	1	0.00000	0
193	E	0.00000	1	0.00000	0
194	D	0.00000	1	0.00000	0
195	L	0.00000	1	0.00000	0
196	V	0.00000	1	0.00000	0
197	T	0.00000	1	0.00000	0
198	A	0.00000	1	0.00000	0
199	L	0.00000	1	0.00000	0
200	T	0.00000	1	0.00000	0
201	C	0.00000	1	0.00000	0
202	V	0.00000	1	0.00000	0
203	G	0.00000	1	0.00000	0
204	G	0.00000	1	0.00000	0
205	C	0.00000	0.99986	0.00014	0
206	Q	0.00000	0.9988	0.00120	0
207	I	0.00000	0.94202	0.05798	0
208	A	0.00000	0.93819	0.06181	0
209	V	0.00000	0.93658	0.06342	0
210	N	0.00000	0.93639	0.06361	0
211	Q	0.00000	0.93452	0.06548	0
212	S	0.00000	0.24944	0.75056	0
213	W	0.00000	0.13666	0.86334	0
214	V	0.00000	0.06732	0.93268	0
215	F	0.00000	0.01039	0.98961	0
216	I	0.00000	0.00251	0.99749	0
217	N	0.00000	0.00167	0.99833	0
218	F	0.00000	0.00074	0.99926	0
219	L	0.00000	0	1.00000	0
220	F	0.00000	0	1.00000	0
221	F	0.00000	0	1.00000	0
222	F	0.00000	0	1.00000	0
223	I	0.00000	0	1.00000	0
224	P	0.00000	0	1.00000	0
225	T	0.00000	0	1.00000	0
226	L	0.00000	0	1.00000	0
227	V	0.00000	0	1.00000	0
228	M	0.00000	0	1.00000	0
229	I	0.00001	0	0.99999	0
230	T	0.00207	0	0.99793	0
231	V	0.00429	0	0.99571	0
232	Y	0.01438	0	0.98562	0
233	S	0.06074	0	0.93926	0
234	K	0.07267	0	0.92733	0
235	I	0.07358	0	0.92642	0
236	F	0.08859	0	0.91141	0
237	L	0.21278	0	0.78722	0
238	I	0.29245	0	0.70755	0
239	A	0.96680	0	0.03320	0
240	K	0.99931	0	0.00069	0
241	Q	0.99998	0	0.00002	0
242	Q	1.00000	0	0.00000	0
243	A	1.00000	0	0.00000	0
244	Q	1.00000	0	0.00000	0
245	K	1.00000	0	0.00000	0
246	I	1.00000	0	0.00000	0
247	E	1.00000	0	0.00000	0
248	R	1.00000	0	0.00000	0
249	M	1.00000	0	0.00000	0
250	S	1.00000	0	0.00000	0
251	D	1.00000	0	0.00000	0
252	Q	1.00000	0	0.00000	0
253	T	1.00000	0	0.00000	0
254	A	1.00000	0	0.00000	0
255	K	1.00000	0	0.00000	0
256	A	1.00000	0	0.00000	0
257	S	1.00000	0	0.00000	0
258	D	1.00000	0	0.00000	0
259	S	1.00000	0	0.00000	0
260	Y	1.00000	0	0.00000	0
261	K	1.00000	0	0.00000	0
262	D	1.00000	0	0.00000	0
263	R	1.00000	0	0.00000	0
264	V	1.00000	0	0.00000	0
265	A	1.00000	0	0.00000	0
266	R	1.00000	0	0.00000	0
267	R	1.00000	0	0.00000	0
268	E	1.00000	0	0.00000	0
269	R	0.91446	0	0.08554	0
270	K	0.91066	0	0.08934	0
271	A	0.08738	0	0.91262	0
272	A	0.08656	0	0.91344	0
273	K	0.08354	0	0.91646	0
274	T	0.06062	0	0.93938	0
275	L	0.03413	0	0.96587	0
276	G	0.01986	0	0.98014	0
277	I	0.01168	0	0.98832	0
278	A	0.01146	0	0.98854	0
279	V	0.01125	0	0.98875	0
280	A	0.00019	0	0.99981	0
281	A	0.00001	0	0.99999	0
282	F	0.00001	0	0.99999	0
283	L	0.00000	0	1.00000	0
284	L	0.00000	0	1.00000	0
285	S	0.00000	0	1.00000	0
286	W	0.00000	0	1.00000	0
287	L	0.00000	0	1.00000	0
288	P	0.00000	4e-05	0.99996	0
289	Y	0.00000	0.00018	0.99982	0
290	F	0.00000	0.00142	0.99858	0
291	I	0.00000	0.05706	0.94294	0
292	D	0.00000	0.86311	0.13689	0
293	S	0.00000	0.86753	0.13247	0
294	I	0.00000	0.87478	0.12522	0
295	I	0.00000	0.88374	0.11626	0
296	D	0.00000	0.91334	0.08666	0
297	A	0.00000	0.91342	0.08658	0
298	F	0.00000	0.91395	0.08605	0
299	L	0.00000	0.9169	0.08310	0
300	G	0.00000	0.9278	0.07220	0
301	F	0.00000	0.93033	0.06967	0
302	I	0.00000	0.95455	0.04545	0
303	T	0.00000	0.98758	0.01242	0
304	P	0.00000	0.99698	0.00302	0
305	T	0.00000	0.99844	0.00156	0
306	Y	0.00000	0.9992	0.00080	0
307	V	0.00000	0.9991	0.00090	0
308	Y	0.00000	0.9989	0.00110	0
309	E	0.00000	0.86046	0.13954	0
310	I	0.00000	0.20891	0.79109	0
311	L	0.00000	0.04782	0.95218	0
312	V	0.00000	0.00831	0.99169	0
313	W	0.00000	0.00061	0.99939	0
314	I	0.00000	0	1.00000	0
315	A	0.00000	0	1.00000	0
316	Y	0.00000	0	1.00000	0
317	Y	0.00000	0	1.00000	0
318	N	0.00000	0	1.00000	0
319	S	0.00000	0	1.00000	0
320	A	0.00000	0	1.00000	0
321	M	0.00000	0	1.00000	0
322	N	0.00000	0	1.00000	0
323	P	0.00000	0	1.00000	0
324	L	0.00000	0	1.00000	0
325	I	0.00000	0	1.00000	0
326	Y	0.00000	0	1.00000	0
327	A	0.00001	0	0.99999	0
328	F	0.00005	0	0.99995	0
329	F	0.00139	0	0.99861	0
330	Y	0.02644	0	0.97356	0
331	P	0.16409	0	0.83591	0
332	W	0.23880	0	0.76120	0
333	F	0.72302	0	0.27698	0
334	R	1.00000	0	0.00000	0
335	K	1.00000	0	0.00000	0
336	A	1.00000	0	0.00000	0
337	I	1.00000	0	0.00000	0
338	K	1.00000	0	0.00000	0
339	L	1.00000	0	0.00000	0
340	I	1.00000	0	0.00000	0
341	V	1.00000	0	0.00000	0
342	T	1.00000	0	0.00000	0
343	G	1.00000	0	0.00000	0
344	R	1.00000	0	0.00000	0
345	I	1.00000	0	0.00000	0
346	L	1.00000	0	0.00000	0
347	R	1.00000	0	0.00000	0
348	E	1.00000	0	0.00000	0
349	N	1.00000	0	0.00000	0
350	S	1.00000	0	0.00000	0
351	S	1.00000	0	0.00000	0
352	A	1.00000	0	0.00000	0
353	T	1.00000	0	0.00000	0
354	N	1.00000	0	0.00000	0
355	L	1.00000	0	0.00000	0
356	F	1.00000	0	0.00000	0
357	P	1.00000	0	0.00000	0
358	E	1.00000	0	0.00000	0
