# UNNAMED
#pos	aa	i	o	M	S
1	M	0.00000	1	0.00000	0
2	N	0.00000	1	0.00000	0
3	L	0.00000	1	0.00000	0
4	T	0.00000	1	0.00000	0
5	S	0.00000	1	0.00000	0
6	S	0.00000	1	0.00000	0
7	S	0.00000	1	0.00000	0
8	D	0.00000	1	0.00000	0
9	P	0.00000	1	0.00000	0
10	V	0.00000	1	0.00000	0
11	Y	0.00000	1	0.00000	0
12	F	0.00000	1	0.00000	0
13	L	0.00000	1	0.00000	0
14	T	0.00000	1	0.00000	0
15	S	0.00000	1	0.00000	0
16	R	0.00000	1	0.00000	0
17	F	0.00000	1	0.00000	0
18	P	0.00000	1	0.00000	0
19	D	0.00000	1	0.00000	0
20	K	0.00000	1	0.00000	0
21	T	0.00000	1	0.00000	0
22	D	0.00000	1	0.00000	0
23	Q	0.00000	1	0.00000	0
24	P	0.00000	1	0.00000	0
25	D	0.00000	1	0.00000	0
26	T	0.00000	1	0.00000	0
27	I	0.00000	1	0.00000	0
28	I	0.00000	1	0.00000	0
29	T	0.00000	1	0.00000	0
30	A	0.00000	1	0.00000	0
31	D	0.00000	1	0.00000	0
32	S	0.00000	1	0.00000	0
33	A	0.00000	1	0.00000	0
34	I	0.00000	1	0.00000	0
35	L	0.00000	1	0.00000	0
36	G	0.00000	1	0.00000	0
37	G	0.00000	1	0.00000	0
38	S	0.00000	1	0.00000	0
39	Y	0.00000	1	0.00000	0
40	Q	0.00000	1	0.00000	0
41	S	0.00000	1	0.00000	0
42	M	0.00000	1	0.00000	0
43	G	0.00000	1	0.00000	0
44	S	0.00000	1	0.00000	0
45	S	0.00000	1	0.00000	0
46	A	0.00000	1	0.00000	0
47	D	0.00000	1	0.00000	0
48	N	0.00000	1	0.00000	0
49	R	0.00000	1	0.00000	0
50	T	0.00000	1	0.00000	0
51	L	0.00000	1	0.00000	0
52	M	0.00000	1	0.00000	0
53	L	0.00000	1	0.00000	0
54	P	0.00000	1	0.00000	0
55	A	0.00000	1	0.00000	0
56	D	0.00000	1	0.00000	0
57	E	0.00000	1	0.00000	0
58	F	0.00000	1	0.00000	0
59	N	0.00000	1	0.00000	0
60	P	0.00000	1	0.00000	0
61	L	0.00000	1	0.00000	0
62	G	0.00000	0.99999	0.00001	0
63	G	0.00000	0.99765	0.00235	0
64	H	0.00000	0.97792	0.02208	0
65	T	0.00000	0.91871	0.08129	0
66	I	0.00000	0.73948	0.26052	0
67	W	0.00000	0.6511	0.34890	0
68	Q	0.00000	0.59405	0.40595	0
69	V	0.00000	0.14552	0.85448	0
70	I	0.00000	0.01628	0.98372	0
71	I	0.00000	0.00311	0.99689	0
72	I	0.00000	0.00015	0.99985	0
73	V	0.00000	1e-05	0.99999	0
74	L	0.00000	0	1.00000	0
75	L	0.00000	0	1.00000	0
76	T	0.00000	0	1.00000	0
77	G	0.00000	0	1.00000	0
78	S	0.00000	0	1.00000	0
79	L	0.00000	0	1.00000	0
80	S	0.00000	0	1.00000	0
81	L	0.00000	0	1.00000	0
82	V	0.00000	0	1.00000	0
83	T	0.00000	0	1.00000	0
84	I	0.00000	0	1.00000	0
85	V	0.00000	0	1.00000	0
86	G	0.00000	0	1.00000	0
87	N	0.00000	0	1.00000	0
88	I	0.00000	0	1.00000	0
89	L	0.00008	0	0.99992	0
90	V	0.00048	0	0.99952	0
91	L	0.00257	0	0.99743	0
92	V	0.04142	0	0.95858	0
93	S	0.65898	0	0.34102	0
94	F	0.72088	0	0.27912	0
95	K	0.99159	0	0.00841	0
96	V	0.99534	0	0.00466	0
97	N	0.99988	0	0.00012	0
98	K	1.00000	0	0.00000	0
99	A	1.00000	0	0.00000	0
100	L	0.99998	0	0.00002	0
101	K	0.99994	0	0.00006	0
102	T	0.99194	0	0.00806	0
103	V	0.70650	0	0.29350	0
104	N	0.39032	0	0.60968	0
105	N	0.08533	0	0.91467	0
106	Y	0.03295	0	0.96705	0
107	Y	0.00167	0	0.99833	0
108	L	0.00025	0	0.99975	0
109	L	0.00000	0	1.00000	0
110	S	0.00000	0	1.00000	0
111	L	0.00000	0	1.00000	0
112	A	0.00000	0	1.00000	0
113	F	0.00000	0	1.00000	0
114	A	0.00000	0	1.00000	0
115	D	0.00000	0	1.00000	0
116	L	0.00000	0	1.00000	0
117	T	0.00000	0	1.00000	0
118	I	0.00000	0	1.00000	0
119	G	0.00000	0	1.00000	0
120	T	0.00000	0	1.00000	0
121	L	0.00000	0.00052	0.99948	0
122	S	0.00000	0.02727	0.97273	0
123	M	0.00000	0.06278	0.93722	0
124	N	0.00000	0.35233	0.64767	0
125	L	0.00000	0.37352	0.62648	0
126	Y	0.00000	0.49199	0.50801	0
127	T	0.00000	0.55848	0.44152	0
128	T	0.00000	0.67688	0.32312	0
129	Y	0.00000	0.70212	0.29788	0
130	I	0.00000	0.71531	0.28469	0
131	I	0.00000	0.75629	0.24371	0
132	M	0.00000	0.81733	0.18267	0
133	D	0.00000	0.99349	0.00651	0
134	Q	0.00000	0.99914	0.00086	0
135	W	0.00000	0.99977	0.00023	0
136	A	0.00000	0.99997	0.00003	0
137	L	0.00000	1	0.00000	0
138	G	0.00000	1	0.00000	0
139	P	0.00000	1	0.00000	0
140	V	0.00000	0.99998	0.00002	0
141	V	0.00000	0.99998	0.00002	0
142	C	0.00000	0.99997	0.00003	0
143	D	0.00000	0.99994	0.00006	0
144	L	0.00000	0.99949	0.00051	0
145	W	0.00000	0.94954	0.05046	0
146	L	0.00000	0.4653	0.53470	0
147	A	0.00000	0.10696	0.89304	0
148	I	0.00000	0.00327	0.99673	0
149	D	0.00000	0.00012	0.99988	0
150	Y	0.00000	1e-05	0.99999	0
151	V	0.00000	0	1.00000	0
152	A	0.00000	0	1.00000	0
153	S	0.00000	0	1.00000	0
154	N	0.00000	0	1.00000	0
155	A	0.00000	0	1.00000	0
156	S	0.00000	0	1.00000	0
157	V	0.00000	0	1.00000	0
158	M	0.00000	0	1.00000	0
159	N	0.00000	0	1.00000	0
160	L	0.00000	0	1.00000	0
161	L	0.00000	0	1.00000	0
162	V	0.00000	0	1.00000	0
163	I	0.00000	0	1.00000	0
164	S	0.00000	0	1.00000	0
165	F	0.00000	0	1.00000	0
166	D	0.00008	0	0.99992	0
167	R	0.04927	0	0.95073	0
168	Y	0.25130	0	0.74870	0
169	F	0.61601	0	0.38399	0
170	S	0.91065	0	0.08935	0
171	V	0.99997	0	0.00003	0
172	T	1.00000	0	0.00000	0
173	R	1.00000	0	0.00000	0
174	P	1.00000	0	0.00000	0
175	L	1.00000	0	0.00000	0
176	T	1.00000	0	0.00000	0
177	Y	1.00000	0	0.00000	0
178	R	1.00000	0	0.00000	0
179	A	1.00000	0	0.00000	0
180	K	1.00000	0	0.00000	0
181	R	1.00000	0	0.00000	0
182	T	0.99999	0	0.00001	0
183	T	0.99991	0	0.00009	0
184	K	0.99971	0	0.00029	0
185	R	0.97990	0	0.02010	0
186	A	0.22105	0	0.77895	0
187	M	0.11876	0	0.88124	0
188	T	0.06044	0	0.93956	0
189	M	0.01609	0	0.98391	0
190	I	0.00017	0	0.99983	0
191	G	0.00006	0	0.99994	0
192	L	0.00000	0	1.00000	0
193	A	0.00000	0	1.00000	0
194	W	0.00000	0	1.00000	0
195	S	0.00000	0	1.00000	0
196	I	0.00000	0	1.00000	0
197	S	0.00000	0	1.00000	0
198	F	0.00000	0	1.00000	0
199	I	0.00000	0	1.00000	0
200	L	0.00000	0	1.00000	0
201	W	0.00000	0	1.00000	0
202	A	0.00000	0	1.00000	0
203	P	0.00000	1e-05	0.99999	0
204	A	0.00000	2e-05	0.99998	0
205	I	0.00000	0.00044	0.99956	0
206	L	0.00000	0.01117	0.98883	0
207	F	0.00000	0.12528	0.87472	0
208	W	0.00000	0.47329	0.52671	0
209	Q	0.00000	0.93609	0.06391	0
210	Y	0.00000	0.95857	0.04143	0
211	I	0.00000	0.97171	0.02829	0
212	V	0.00000	0.98867	0.01133	0
213	G	0.00000	0.99939	0.00061	0
214	E	0.00000	1	0.00000	0
215	R	0.00000	1	0.00000	0
216	T	0.00000	1	0.00000	0
217	V	0.00000	1	0.00000	0
218	Q	0.00000	1	0.00000	0
219	P	0.00000	1	0.00000	0
220	N	0.00000	1	0.00000	0
221	E	0.00000	1	0.00000	0
222	C	0.00000	1	0.00000	0
223	Y	0.00000	0.99975	0.00025	0
224	I	0.00000	0.97067	0.02933	0
225	Q	0.00000	0.96413	0.03587	0
226	F	0.00000	0.9625	0.03750	0
227	L	0.00000	0.96147	0.03853	0
228	S	0.00000	0.95915	0.04085	0
229	E	0.00000	0.95648	0.04352	0
230	P	0.00000	0.29097	0.70903	0
231	I	0.00000	0.08401	0.91599	0
232	I	0.00000	0.03109	0.96891	0
233	T	0.00000	0.02513	0.97487	0
234	F	0.00000	0.00497	0.99503	0
235	C	0.00000	0.00292	0.99708	0
236	T	0.00000	0.00148	0.99852	0
237	A	0.00000	1e-05	0.99999	0
238	I	0.00000	0	1.00000	0
239	A	0.00000	0	1.00000	0
240	A	0.00000	0	1.00000	0
241	F	0.00000	0	1.00000	0
242	Y	0.00000	0	1.00000	0
243	L	0.00000	0	1.00000	0
244	P	0.00000	0	1.00000	0
245	V	0.00000	0	1.00000	0
246	T	0.00001	0	0.99999	0
247	I	0.00002	0	0.99998	0
248	M	0.00004	0	0.99996	0
249	A	0.00006	0	0.99994	0
250	I	0.00033	0	0.99967	0
251	L	0.00105	0	0.99895	0
252	F	0.00399	0	0.99601	0
253	W	0.02412	0	0.97588	0
254	K	0.48101	0	0.51899	0
255	I	0.50405	0	0.49595	0
256	Y	0.59344	0	0.40656	0
257	Q	0.99327	0	0.00673	0
258	E	0.99975	0	0.00025	0
259	T	0.99998	0	0.00002	0
260	E	1.00000	0	0.00000	0
261	K	1.00000	0	0.00000	0
262	R	1.00000	0	0.00000	0
263	A	1.00000	0	0.00000	0
264	K	1.00000	0	0.00000	0
265	D	1.00000	0	0.00000	0
266	V	1.00000	0	0.00000	0
267	Q	1.00000	0	0.00000	0
268	G	1.00000	0	0.00000	0
269	L	1.00000	0	0.00000	0
270	K	1.00000	0	0.00000	0
271	G	1.00000	0	0.00000	0
272	S	1.00000	0	0.00000	0
273	G	1.00000	0	0.00000	0
274	S	1.00000	0	0.00000	0
275	G	1.00000	0	0.00000	0
276	N	1.00000	0	0.00000	0
277	S	1.00000	0	0.00000	0
278	A	1.00000	0	0.00000	0
279	N	1.00000	0	0.00000	0
280	Q	1.00000	0	0.00000	0
281	A	1.00000	0	0.00000	0
282	P	1.00000	0	0.00000	0
283	N	1.00000	0	0.00000	0
284	E	1.00000	0	0.00000	0
285	G	1.00000	0	0.00000	0
286	G	1.00000	0	0.00000	0
287	S	1.00000	0	0.00000	0
288	S	1.00000	0	0.00000	0
289	G	1.00000	0	0.00000	0
290	K	1.00000	0	0.00000	0
291	E	1.00000	0	0.00000	0
292	G	1.00000	0	0.00000	0
293	R	1.00000	0	0.00000	0
294	E	1.00000	0	0.00000	0
295	S	1.00000	0	0.00000	0
296	A	1.00000	0	0.00000	0
297	P	1.00000	0	0.00000	0
298	N	1.00000	0	0.00000	0
299	N	1.00000	0	0.00000	0
300	Q	1.00000	0	0.00000	0
301	N	1.00000	0	0.00000	0
302	I	1.00000	0	0.00000	0
303	S	1.00000	0	0.00000	0
304	A	1.00000	0	0.00000	0
305	A	1.00000	0	0.00000	0
306	M	1.00000	0	0.00000	0
307	L	1.00000	0	0.00000	0
308	H	1.00000	0	0.00000	0
309	Q	1.00000	0	0.00000	0
310	V	1.00000	0	0.00000	0
311	R	1.00000	0	0.00000	0
312	S	1.00000	0	0.00000	0
313	H	1.00000	0	0.00000	0
314	N	1.00000	0	0.00000	0
315	C	1.00000	0	0.00000	0
316	S	1.00000	0	0.00000	0
317	S	1.00000	0	0.00000	0
318	Y	1.00000	0	0.00000	0
319	G	1.00000	0	0.00000	0
320	L	1.00000	0	0.00000	0
321	N	1.00000	0	0.00000	0
322	Y	1.00000	0	0.00000	0
323	L	1.00000	0	0.00000	0
324	S	1.00000	0	0.00000	0
325	P	1.00000	0	0.00000	0
326	E	1.00000	0	0.00000	0
327	K	1.00000	0	0.00000	0
328	N	1.00000	0	0.00000	0
329	N	1.00000	0	0.00000	0
330	A	1.00000	0	0.00000	0
331	S	1.00000	0	0.00000	0
332	L	1.00000	0	0.00000	0
333	P	1.00000	0	0.00000	0
334	G	1.00000	0	0.00000	0
335	G	1.00000	0	0.00000	0
336	I	1.00000	0	0.00000	0
337	E	1.00000	0	0.00000	0
338	S	1.00000	0	0.00000	0
339	R	1.00000	0	0.00000	0
340	G	1.00000	0	0.00000	0
341	K	1.00000	0	0.00000	0
342	C	1.00000	0	0.00000	0
343	S	1.00000	0	0.00000	0
344	M	1.00000	0	0.00000	0
345	F	1.00000	0	0.00000	0
346	C	1.00000	0	0.00000	0
347	F	1.00000	0	0.00000	0
348	E	1.00000	0	0.00000	0
349	I	1.00000	0	0.00000	0
350	S	1.00000	0	0.00000	0
351	S	1.00000	0	0.00000	0
352	L	1.00000	0	0.00000	0
353	L	1.00000	0	0.00000	0
354	P	1.00000	0	0.00000	0
355	V	1.00000	0	0.00000	0
356	H	1.00000	0	0.00000	0
357	H	1.00000	0	0.00000	0
358	A	1.00000	0	0.00000	0
359	S	1.00000	0	0.00000	0
360	K	1.00000	0	0.00000	0
361	R	1.00000	0	0.00000	0
362	L	1.00000	0	0.00000	0
363	N	1.00000	0	0.00000	0
364	A	1.00000	0	0.00000	0
365	T	1.00000	0	0.00000	0
366	S	1.00000	0	0.00000	0
367	P	1.00000	0	0.00000	0
368	P	1.00000	0	0.00000	0
369	A	1.00000	0	0.00000	0
370	E	1.00000	0	0.00000	0
371	Q	1.00000	0	0.00000	0
372	S	1.00000	0	0.00000	0
373	S	1.00000	0	0.00000	0
374	C	1.00000	0	0.00000	0
375	D	1.00000	0	0.00000	0
376	S	1.00000	0	0.00000	0
377	F	1.00000	0	0.00000	0
378	N	1.00000	0	0.00000	0
379	N	1.00000	0	0.00000	0
380	N	1.00000	0	0.00000	0
381	E	1.00000	0	0.00000	0
382	A	1.00000	0	0.00000	0
383	W	1.00000	0	0.00000	0
384	D	1.00000	0	0.00000	0
385	S	1.00000	0	0.00000	0
386	E	1.00000	0	0.00000	0
387	D	1.00000	0	0.00000	0
388	Q	1.00000	0	0.00000	0
389	S	1.00000	0	0.00000	0
390	G	1.00000	0	0.00000	0
391	S	1.00000	0	0.00000	0
392	E	1.00000	0	0.00000	0
393	A	1.00000	0	0.00000	0
394	E	1.00000	0	0.00000	0
395	V	1.00000	0	0.00000	0
396	D	1.00000	0	0.00000	0
397	A	1.00000	0	0.00000	0
398	R	1.00000	0	0.00000	0
399	S	1.00000	0	0.00000	0
400	S	1.00000	0	0.00000	0
401	K	1.00000	0	0.00000	0
402	D	1.00000	0	0.00000	0
403	G	1.00000	0	0.00000	0
404	K	1.00000	0	0.00000	0
405	K	1.00000	0	0.00000	0
406	S	1.00000	0	0.00000	0
407	R	1.00000	0	0.00000	0
408	K	1.00000	0	0.00000	0
409	G	1.00000	0	0.00000	0
410	K	1.00000	0	0.00000	0
411	E	1.00000	0	0.00000	0
412	N	1.00000	0	0.00000	0
413	K	1.00000	0	0.00000	0
414	E	1.00000	0	0.00000	0
415	K	1.00000	0	0.00000	0
416	Y	1.00000	0	0.00000	0
417	P	1.00000	0	0.00000	0
418	L	1.00000	0	0.00000	0
419	S	1.00000	0	0.00000	0
420	T	1.00000	0	0.00000	0
421	N	1.00000	0	0.00000	0
422	I	1.00000	0	0.00000	0
423	S	1.00000	0	0.00000	0
424	P	1.00000	0	0.00000	0
425	R	1.00000	0	0.00000	0
426	G	1.00000	0	0.00000	0
427	S	1.00000	0	0.00000	0
428	N	1.00000	0	0.00000	0
429	A	1.00000	0	0.00000	0
430	T	1.00000	0	0.00000	0
431	T	1.00000	0	0.00000	0
432	S	1.00000	0	0.00000	0
433	C	1.00000	0	0.00000	0
434	S	1.00000	0	0.00000	0
435	A	1.00000	0	0.00000	0
436	D	1.00000	0	0.00000	0
437	L	1.00000	0	0.00000	0
438	S	1.00000	0	0.00000	0
439	P	1.00000	0	0.00000	0
440	T	1.00000	0	0.00000	0
441	A	1.00000	0	0.00000	0
442	I	1.00000	0	0.00000	0
443	T	1.00000	0	0.00000	0
444	M	1.00000	0	0.00000	0
445	K	1.00000	0	0.00000	0
446	D	1.00000	0	0.00000	0
447	A	1.00000	0	0.00000	0
448	A	1.00000	0	0.00000	0
449	V	1.00000	0	0.00000	0
450	A	1.00000	0	0.00000	0
451	K	1.00000	0	0.00000	0
452	R	1.00000	0	0.00000	0
453	F	1.00000	0	0.00000	0
454	A	1.00000	0	0.00000	0
455	S	1.00000	0	0.00000	0
456	K	1.00000	0	0.00000	0
457	A	1.00000	0	0.00000	0
458	K	1.00000	0	0.00000	0
459	T	1.00000	0	0.00000	0
460	E	1.00000	0	0.00000	0
461	I	1.00000	0	0.00000	0
462	S	1.00000	0	0.00000	0
463	K	1.00000	0	0.00000	0
464	R	1.00000	0	0.00000	0
465	K	1.00000	0	0.00000	0
466	N	1.00000	0	0.00000	0
467	E	1.00000	0	0.00000	0
468	K	1.00000	0	0.00000	0
469	K	1.00000	0	0.00000	0
470	A	1.00000	0	0.00000	0
471	N	1.00000	0	0.00000	0
472	E	1.00000	0	0.00000	0
473	K	0.96792	0	0.03208	0
474	K	0.96626	0	0.03374	0
475	A	0.10423	0	0.89577	0
476	A	0.04173	0	0.95827	0
477	R	0.03661	0	0.96339	0
478	T	0.03051	0	0.96949	0
479	L	0.01116	0	0.98884	0
480	S	0.00297	0	0.99703	0
481	A	0.00053	0	0.99947	0
482	I	0.00031	0	0.99969	0
483	L	0.00001	0	0.99999	0
484	F	0.00000	0	1.00000	0
485	A	0.00000	0	1.00000	0
486	F	0.00000	0	1.00000	0
487	I	0.00000	0	1.00000	0
488	T	0.00000	0	1.00000	0
489	T	0.00000	0	1.00000	0
490	W	0.00000	0	1.00000	0
491	L	0.00000	0	1.00000	0
492	P	0.00000	0	1.00000	0
493	Y	0.00000	3e-05	0.99997	0
494	N	0.00000	0.00018	0.99982	0
495	I	0.00000	0.00028	0.99972	0
496	M	0.00000	0.00147	0.99853	0
497	V	0.00000	0.01673	0.98327	0
498	L	0.00000	0.14566	0.85434	0
499	I	0.00000	0.3353	0.66470	0
500	N	0.00000	0.86972	0.13028	0
501	T	0.00000	0.92878	0.07122	0
502	F	0.00000	0.94291	0.05709	0
503	C	0.00000	0.99579	0.00421	0
504	Q	0.00000	0.99954	0.00046	0
505	D	0.00000	1	0.00000	0
506	C	0.00000	1	0.00000	0
507	I	0.00000	0.99998	0.00002	0
508	P	0.00000	0.99836	0.00164	0
509	E	0.00000	0.97907	0.02093	0
510	T	0.00000	0.78646	0.21354	0
511	L	0.00000	0.74467	0.25533	0
512	W	0.00000	0.73145	0.26855	0
513	A	0.00000	0.27314	0.72686	0
514	L	0.00000	0.01249	0.98751	0
515	G	0.00000	0.00812	0.99188	0
516	Y	0.00000	0.00044	0.99956	0
517	W	0.00000	0	1.00000	0
518	L	0.00000	0	1.00000	0
519	C	0.00000	0	1.00000	0
520	Y	0.00000	0	1.00000	0
521	V	0.00000	0	1.00000	0
522	N	0.00000	0	1.00000	0
523	S	0.00000	0	1.00000	0
524	T	0.00000	0	1.00000	0
525	V	0.00000	0	1.00000	0
526	N	0.00000	0	1.00000	0
527	P	0.00000	0	1.00000	0
528	M	0.00000	0	1.00000	0
529	C	0.00008	0	0.99992	0
530	Y	0.00087	0	0.99913	0
531	A	0.00482	0	0.99518	0
532	L	0.01441	0	0.98559	0
533	C	0.25458	0	0.74542	0
534	N	0.41851	0	0.58149	0
535	K	1.00000	0	0.00000	0
536	T	1.00000	0	0.00000	0
537	F	1.00000	0	0.00000	0
538	R	1.00000	0	0.00000	0
539	T	1.00000	0	0.00000	0
540	T	1.00000	0	0.00000	0
541	F	1.00000	0	0.00000	0
542	R	1.00000	0	0.00000	0
543	D	1.00000	0	0.00000	0
544	I	1.00000	0	0.00000	0
545	L	1.00000	0	0.00000	0
546	M	1.00000	0	0.00000	0
547	C	1.00000	0	0.00000	0
548	Q	1.00000	0	0.00000	0
549	W	1.00000	0	0.00000	0
550	N	1.00000	0	0.00000	0
551	Q	1.00000	0	0.00000	0
552	R	1.00000	0	0.00000	0
553	K	1.00000	0	0.00000	0
554	N	1.00000	0	0.00000	0
555	K	1.00000	0	0.00000	0
556	P	1.00000	0	0.00000	0
557	H	1.00000	0	0.00000	0
558	F	1.00000	0	0.00000	0
559	Y	1.00000	0	0.00000	0
560	Q	1.00000	0	0.00000	0
561	R	1.00000	0	0.00000	0
562	Q	1.00000	0	0.00000	0
563	A	1.00000	0	0.00000	0
564	V	1.00000	0	0.00000	0
565	V	1.00000	0	0.00000	0
566	F	1.00000	0	0.00000	0
567	H	1.00000	0	0.00000	0
568	K	1.00000	0	0.00000	0
569	K	1.00000	0	0.00000	0
570	E	1.00000	0	0.00000	0
571	A	1.00000	0	0.00000	0
572	M	1.00000	0	0.00000	0
