# UNNAMED
#pos	aa	i	o	M	S
1	M	0.00000	1	0.00000	0
2	V	0.00000	1	0.00000	0
3	I	0.00000	1	0.00000	0
4	T	0.00000	1	0.00000	0
5	M	0.00000	1	0.00000	0
6	V	0.00000	1	0.00000	0
7	T	0.00000	1	0.00000	0
8	D	0.00000	1	0.00000	0
9	K	0.00000	1	0.00000	0
10	N	0.00000	0.99987	0.00012	0
11	I	0.00000	0.99947	0.00052	0
12	A	0.00000	0.99928	0.00072	0
13	R	0.00000	0.99928	0.00072	0
14	I	0.00000	0.99928	0.00072	0
15	N	0.00000	0.99928	0.00072	0
16	I	0.00000	0.99928	0.00072	0
17	D	0.00000	0.99928	0.00072	0
18	F	0.00000	0.98711	0.01289	0
19	K	0.00000	0.98289	0.01711	0
20	C	0.00000	0.8203	0.17970	0
21	N	0.00000	0.40916	0.59084	0
22	F	0.00000	0.02853	0.97147	0
23	I	0.00000	0.00028	0.99972	0
24	T	0.00000	1e-05	0.99999	0
25	V	0.00000	0	1.00000	0
26	E	0.00000	0	1.00000	0
27	I	0.00000	0	1.00000	0
28	L	0.00000	0	1.00000	0
29	L	0.00000	0	1.00000	0
30	S	0.00000	0	1.00000	0
31	D	0.00000	0	1.00000	0
32	R	0.00000	0	1.00000	0
33	F	0.00000	0	1.00000	0
34	I	0.00000	0	1.00000	0
35	Y	0.00003	0	0.99997	0
36	S	0.00070	0	0.99930	0
37	S	0.00245	0	0.99755	0
38	I	0.00261	0	0.99739	0
39	I	0.01432	0	0.98568	0
40	V	0.59136	0	0.40864	0
41	T	0.74893	0	0.25107	0
42	R	0.96943	0	0.03057	0
43	K	0.99947	0	0.00053	0
44	L	0.99979	0	0.00021	0
45	H	0.99998	0	0.00002	0
46	H	1.00000	0	0.00000	0
47	P	1.00000	0	0.00000	0
48	A	0.88265	0	0.11735	0
49	N	0.27677	0	0.72323	0
50	Y	0.11467	0	0.88533	0
51	L	0.00213	0	0.99787	0
52	I	0.00005	0	0.99995	0
53	C	0.00000	0	1.00000	0
54	S	0.00000	0	1.00000	0
55	L	0.00000	0	1.00000	0
56	A	0.00000	0	1.00000	0
57	V	0.00000	0	1.00000	0
58	T	0.00000	0	1.00000	0
59	D	0.00000	0	1.00000	0
60	F	0.00000	0	1.00000	0
61	L	0.00000	0	1.00000	0
62	V	0.00000	0	1.00000	0
63	A	0.00000	0	1.00000	0
64	V	0.00000	0	1.00000	0
65	L	0.00000	0	1.00000	0
66	V	0.00000	0	1.00000	0
67	M	0.00000	0.00018	0.99982	0
68	P	0.00000	0.00415	0.99585	0
69	F	0.00000	0.04543	0.95457	0
70	S	0.00000	0.26342	0.73658	0
71	I	0.00000	0.3524	0.64760	0
72	V	0.00000	0.60831	0.39169	0
73	Y	0.00000	0.99865	0.00135	0
74	I	0.00000	0.99875	0.00125	0
75	V	0.00000	0.9989	0.00110	0
76	R	0.00000	0.99994	0.00006	0
77	E	0.00000	1	0.00000	0
78	S	0.00000	1	0.00000	0
79	W	0.00000	1	0.00000	0
80	V	0.00000	1	0.00000	0
81	M	0.00000	1	0.00000	0
82	G	0.00000	1	0.00000	0
83	Q	0.00000	0.99999	0.00001	0
84	V	0.00000	0.99984	0.00016	0
85	V	0.00000	0.9998	0.00020	0
86	C	0.00000	0.99978	0.00022	0
87	D	0.00000	0.99966	0.00034	0
88	I	0.00000	0.99741	0.00259	0
89	W	0.00000	0.80823	0.19177	0
90	L	0.00000	0.07736	0.92264	0
91	S	0.00000	0.01071	0.98929	0
92	V	0.00000	0.00018	0.99982	0
93	D	0.00000	7e-05	0.99993	0
94	I	0.00000	0	1.00000	0
95	T	0.00000	0	1.00000	0
96	C	0.00000	0	1.00000	0
97	C	0.00000	0	1.00000	0
98	T	0.00000	0	1.00000	0
99	C	0.00000	0	1.00000	0
100	S	0.00000	0	1.00000	0
101	I	0.00000	0	1.00000	0
102	L	0.00000	0	1.00000	0
103	H	0.00000	0	1.00000	0
104	L	0.00000	0	1.00000	0
105	S	0.00000	0	1.00000	0
106	A	0.00000	0	1.00000	0
107	I	0.00000	0	1.00000	0
108	A	0.00000	0	1.00000	0
109	L	0.00000	0	1.00000	0
110	D	0.00010	0	0.99990	0
111	R	0.09133	0	0.90867	0
112	Y	0.64010	0	0.35990	0
113	R	0.68014	0	0.31986	0
114	A	0.88301	0	0.11699	0
115	I	1.00000	0	0.00000	0
116	T	1.00000	0	0.00000	0
117	D	1.00000	0	0.00000	0
118	A	1.00000	0	0.00000	0
119	V	1.00000	0	0.00000	0
120	E	1.00000	0	0.00000	0
121	Y	1.00000	0	0.00000	0
122	A	1.00000	0	0.00000	0
123	R	1.00000	0	0.00000	0
124	K	1.00000	0	0.00000	0
125	R	1.00000	0	0.00000	0
126	T	0.99983	0	0.00017	0
127	P	0.99950	0	0.00050	0
128	R	0.97967	0	0.02033	0
129	H	0.65613	0	0.34387	0
130	A	0.05650	0	0.94350	0
131	G	0.01520	0	0.98480	0
132	I	0.00035	0	0.99965	0
133	M	0.00002	0	0.99998	0
134	I	0.00000	0	1.00000	0
135	T	0.00000	0	1.00000	0
136	I	0.00000	0	1.00000	0
137	V	0.00000	0	1.00000	0
138	W	0.00000	0	1.00000	0
139	I	0.00000	0	1.00000	0
140	I	0.00000	0	1.00000	0
141	S	0.00000	0	1.00000	0
142	V	0.00000	0	1.00000	0
143	F	0.00000	0	1.00000	0
144	I	0.00000	0	1.00000	0
145	S	0.00000	0	1.00000	0
146	M	0.00000	1e-05	0.99999	0
147	P	0.00000	0.00054	0.99946	0
148	P	0.00000	0.00297	0.99703	0
149	L	0.00000	0.0075	0.99250	0
150	F	0.00000	0.07248	0.92752	0
151	W	0.00000	0.67263	0.32737	0
152	R	0.00000	0.98042	0.01958	0
153	H	0.00000	0.99606	0.00394	0
154	Q	0.00000	0.99984	0.00016	0
155	G	0.00000	0.99999	0.00001	0
156	T	0.00000	1	0.00000	0
157	S	0.00000	1	0.00000	0
158	R	0.00000	1	0.00000	0
159	E	0.00000	1	0.00000	0
160	D	0.00000	1	0.00000	0
161	E	0.00000	1	0.00000	0
162	C	0.00000	1	0.00000	0
163	I	0.00000	1	0.00000	0
164	I	0.00000	1	0.00000	0
165	K	0.00000	1	0.00000	0
166	H	0.00000	0.99999	0.00001	0
167	D	0.00000	0.99998	0.00002	0
168	H	0.00000	0.99719	0.00281	0
169	I	0.00000	0.85051	0.14949	0
170	V	0.00000	0.4952	0.50480	0
171	S	0.00000	0.46869	0.53131	0
172	T	0.00000	0.45264	0.54736	0
173	I	0.00000	0.0029	0.99710	0
174	Y	0.00000	0.00044	0.99956	0
175	S	0.00000	0.00026	0.99974	0
176	T	0.00000	3e-05	0.99997	0
177	F	0.00000	2e-05	0.99998	0
178	G	0.00000	0	1.00000	0
179	A	0.00000	0	1.00000	0
180	F	0.00000	0	1.00000	0
181	Y	0.00000	0	1.00000	0
182	I	0.00000	0	1.00000	0
183	P	0.00000	0	1.00000	0
184	L	0.00000	0	1.00000	0
185	T	0.00000	0	1.00000	0
186	L	0.00000	0	1.00000	0
187	I	0.00000	0	1.00000	0
188	L	0.00000	0	1.00000	0
189	I	0.00000	0	1.00000	0
190	L	0.00001	0	0.99999	0
191	Y	0.00045	0	0.99955	0
192	Y	0.01359	0	0.98641	0
193	K	0.19783	0	0.80217	0
194	I	0.21078	0	0.78922	0
195	Y	0.28613	0	0.71387	0
196	K	0.98951	0	0.01049	0
197	A	0.99809	0	0.00191	0
198	A	0.99984	0	0.00016	0
199	K	0.99998	0	0.00002	0
200	M	0.99999	0	0.00001	0
201	L	0.99999	0	0.00001	0
202	Y	0.99999	0	0.00001	0
203	H	1.00000	0	0.00000	0
204	K	1.00000	0	0.00000	0
205	R	1.00000	0	0.00000	0
206	Q	1.00000	0	0.00000	0
207	A	1.00000	0	0.00000	0
208	S	1.00000	0	0.00000	0
209	R	1.00000	0	0.00000	0
210	I	1.00000	0	0.00000	0
211	A	1.00000	0	0.00000	0
212	K	1.00000	0	0.00000	0
213	E	1.00000	0	0.00000	0
214	E	1.00000	0	0.00000	0
215	L	1.00000	0	0.00000	0
216	N	1.00000	0	0.00000	0
217	G	1.00000	0	0.00000	0
218	Q	1.00000	0	0.00000	0
219	V	1.00000	0	0.00000	0
220	L	1.00000	0	0.00000	0
221	L	1.00000	0	0.00000	0
222	E	1.00000	0	0.00000	0
223	S	1.00000	0	0.00000	0
224	S	1.00000	0	0.00000	0
225	E	1.00000	0	0.00000	0
226	K	1.00000	0	0.00000	0
227	S	1.00000	0	0.00000	0
228	T	1.00000	0	0.00000	0
229	R	1.00000	0	0.00000	0
230	L	1.00000	0	0.00000	0
231	V	1.00000	0	0.00000	0
232	S	1.00000	0	0.00000	0
233	T	1.00000	0	0.00000	0
234	P	1.00000	0	0.00000	0
235	Y	1.00000	0	0.00000	0
236	M	1.00000	0	0.00000	0
237	L	1.00000	0	0.00000	0
238	E	1.00000	0	0.00000	0
239	K	1.00000	0	0.00000	0
240	S	1.00000	0	0.00000	0
241	L	1.00000	0	0.00000	0
242	S	1.00000	0	0.00000	0
243	D	1.00000	0	0.00000	0
244	P	1.00000	0	0.00000	0
245	S	1.00000	0	0.00000	0
246	M	1.00000	0	0.00000	0
247	D	1.00000	0	0.00000	0
248	F	1.00000	0	0.00000	0
249	D	1.00000	0	0.00000	0
250	K	1.00000	0	0.00000	0
251	I	1.00000	0	0.00000	0
252	H	1.00000	0	0.00000	0
253	S	1.00000	0	0.00000	0
254	T	1.00000	0	0.00000	0
255	V	1.00000	0	0.00000	0
256	K	1.00000	0	0.00000	0
257	S	1.00000	0	0.00000	0
258	P	1.00000	0	0.00000	0
259	R	1.00000	0	0.00000	0
260	S	1.00000	0	0.00000	0
261	E	1.00000	0	0.00000	0
262	L	1.00000	0	0.00000	0
263	K	1.00000	0	0.00000	0
264	H	1.00000	0	0.00000	0
265	Q	1.00000	0	0.00000	0
266	K	1.00000	0	0.00000	0
267	S	1.00000	0	0.00000	0
268	W	1.00000	0	0.00000	0
269	R	1.00000	0	0.00000	0
270	R	1.00000	0	0.00000	0
271	Q	1.00000	0	0.00000	0
272	K	1.00000	0	0.00000	0
273	I	1.00000	0	0.00000	0
274	S	1.00000	0	0.00000	0
275	G	1.00000	0	0.00000	0
276	T	1.00000	0	0.00000	0
277	R	1.00000	0	0.00000	0
278	E	1.00000	0	0.00000	0
279	R	0.89862	0	0.10138	0
280	K	0.89446	0	0.10554	0
281	A	0.03493	0	0.96507	0
282	A	0.03460	0	0.96540	0
283	T	0.03423	0	0.96577	0
284	T	0.03406	0	0.96594	0
285	L	0.00025	0	0.99975	0
286	G	0.00004	0	0.99996	0
287	L	0.00001	0	0.99999	0
288	I	0.00000	0	1.00000	0
289	L	0.00000	0	1.00000	0
290	G	0.00000	0	1.00000	0
291	A	0.00000	0	1.00000	0
292	F	0.00000	0	1.00000	0
293	V	0.00000	0	1.00000	0
294	I	0.00000	0	1.00000	0
295	C	0.00000	0	1.00000	0
296	W	0.00000	0	1.00000	0
297	L	0.00000	0	1.00000	0
298	P	0.00000	0	1.00000	0
299	F	0.00000	1e-05	0.99999	0
300	F	0.00000	0.00028	0.99972	0
301	V	0.00000	0.07497	0.92503	0
302	K	0.00000	0.85195	0.14805	0
303	E	0.00000	0.87385	0.12615	0
304	L	0.00000	0.87614	0.12386	0
305	V	0.00000	0.88702	0.11298	0
306	V	0.00000	0.91219	0.08781	0
307	N	0.00000	0.98337	0.01663	0
308	V	0.00000	0.98972	0.01028	0
309	C	0.00000	0.99921	0.00079	0
310	K	0.00000	0.99999	0.00001	0
311	K	0.00000	1	0.00000	0
312	C	0.00000	1	0.00000	0
313	K	0.00000	1	0.00000	0
314	I	0.00000	0.99998	0.00002	0
315	S	0.00000	0.99998	0.00002	0
316	E	0.00000	0.99996	0.00004	0
317	E	0.00000	0.99977	0.00023	0
318	L	0.00000	0.99815	0.00185	0
319	S	0.00000	0.99764	0.00236	0
320	N	0.00000	0.67304	0.32696	0
321	F	0.00000	0.00649	0.99351	0
322	L	0.00000	0.0002	0.99980	0
323	T	0.00000	1e-05	0.99999	0
324	W	0.00000	0	1.00000	0
325	L	0.00000	0	1.00000	0
326	G	0.00000	0	1.00000	0
327	Y	0.00000	0	1.00000	0
328	L	0.00000	0	1.00000	0
329	N	0.00000	0	1.00000	0
330	S	0.00000	0	1.00000	0
331	L	0.00000	0	1.00000	0
332	I	0.00000	0	1.00000	0
333	N	0.00000	0	1.00000	0
334	P	0.00000	0	1.00000	0
335	L	0.00000	0	1.00000	0
336	I	0.00000	0	1.00000	0
337	Y	0.00000	0	1.00000	0
338	T	0.00000	0	1.00000	0
339	I	0.00005	0	0.99995	0
340	F	0.01766	0	0.98234	0
341	N	0.35628	0	0.64372	0
342	E	1.00000	0	0.00000	0
343	D	1.00000	0	0.00000	0
344	F	1.00000	0	0.00000	0
345	K	1.00000	0	0.00000	0
346	K	1.00000	0	0.00000	0
347	A	1.00000	0	0.00000	0
348	F	1.00000	0	0.00000	0
349	Q	1.00000	0	0.00000	0
350	K	1.00000	0	0.00000	0
351	L	1.00000	0	0.00000	0
352	V	1.00000	0	0.00000	0
353	R	1.00000	0	0.00000	0
354	C	1.00000	0	0.00000	0
355	R	1.00000	0	0.00000	0
356	C	1.00000	0	0.00000	0
