# UNNAMED
#pos	aa	i	o	M	S
1	M	0.00000	0.85635	0.00000	0.14365
2	E	0.00000	0.85635	0.00000	0.14365
3	R	0.00000	0.85635	0.00000	0.14365
4	A	0.00000	0.85635	0.00000	0.14365
5	P	0.00000	0.85635	0.00000	0.14365
6	P	0.00000	0.85635	0.00000	0.14365
7	D	0.00000	0.85635	0.00000	0.14365
8	G	0.00000	0.85635	0.00000	0.14365
9	P	0.00000	0.85635	0.00000	0.14365
10	L	0.00000	0.85635	0.00000	0.14365
11	N	0.00000	0.85635	0.00000	0.14365
12	A	0.00000	0.85635	0.00000	0.14364
13	S	0.00000	0.85635	0.00000	0.14365
14	G	0.00000	0.85635	0.00000	0.14365
15	A	0.00000	0.85635	0.00000	0.14364
16	L	0.00000	0.85635	0.00000	0.14365
17	A	0.00000	0.85635	0.00000	0.14365
18	G	0.00000	0.85635	0.00000	0.14365
19	E	0.00000	0.85635	0.00000	0.14365
20	A	0.00000	0.85637	0.00000	0.14363
21	A	0.00000	0.8566	0.00000	0.14339
22	A	0.00000	0.85662	0.00000	0.14339
23	A	0.00000	0.95119	0.00000	0.0488
24	G	0.00000	0.95878	0.00000	0.04122
25	G	0.00000	0.96117	0.00000	0.03882
26	A	0.00000	0.98181	0.00000	0.01819
27	R	0.00000	0.98353	0.00000	0.01647
28	G	0.00000	0.98353	0.00000	0.01647
29	F	0.00000	0.99919	0.00000	0.00081
30	S	0.00000	0.99919	0.00000	0.00081
31	A	0.00000	0.99969	0.00000	0.0003
32	A	0.00000	0.9997	0.00000	0.0003
33	W	0.00000	0.9999	0.00000	0.0001
34	T	0.00000	0.9999	0.00000	0.0001
35	A	0.00000	1	0.00000	0
36	G	0.00000	1	0.00000	0
37	A	0.00000	1	0.00000	0
38	G	0.00000	1	0.00000	0
39	T	0.00000	1	0.00000	0
40	P	0.00000	1	0.00000	0
41	D	0.00000	1	0.00000	0
42	T	0.00000	1	0.00000	0
43	C	0.00000	1	0.00000	0
44	W	0.00000	1	0.00000	0
45	G	0.00000	1	0.00000	0
46	C	0.00000	1	0.00000	0
47	E	0.00000	1	0.00000	0
48	V	0.00000	1	0.00000	0
49	R	0.00000	1	0.00000	0
50	L	0.00000	1	0.00000	0
51	P	0.00000	1	0.00000	0
52	D	0.00000	1	0.00000	0
53	A	0.00000	1	0.00000	0
54	P	0.00000	1	0.00000	0
55	S	0.00000	1	0.00000	0
56	P	0.00000	1	0.00000	0
57	L	0.00000	1	0.00000	0
58	G	0.00000	1	0.00000	0
59	S	0.00000	1	0.00000	0
60	S	0.00000	1	0.00000	0
61	S	0.00000	1	0.00000	0
62	S	0.00000	1	0.00000	0
63	G	0.00000	1	0.00000	0
64	W	0.00000	1	0.00000	0
65	R	0.00000	1	0.00000	0
66	L	0.00000	1	0.00000	0
67	Q	0.00000	1	0.00000	0
68	P	0.00000	1	0.00000	0
69	S	0.00000	1	0.00000	0
70	A	0.00000	1	0.00000	0
71	L	0.00000	1	0.00000	0
72	S	0.00000	1	0.00000	0
73	A	0.00000	1	0.00000	0
74	R	0.00000	1	0.00000	0
75	R	0.00000	1	0.00000	0
76	K	0.00000	1	0.00000	0
77	A	0.00000	0.99999	0.00001	0
78	F	0.00000	0.99989	0.00011	0
79	S	0.00000	0.99987	0.00013	0
80	L	0.00000	0.99984	0.00016	0
81	S	0.00000	0.99978	0.00022	0
82	K	0.00000	0.99903	0.00097	0
83	L	0.00000	0.98084	0.01916	0
84	S	0.00000	0.97503	0.02497	0
85	P	0.00000	0.96198	0.03802	0
86	R	0.00000	0.92536	0.07464	0
87	A	0.00000	0.2484	0.75160	0
88	V	0.00000	0.20352	0.79648	0
89	Q	0.00000	0.20235	0.79765	0
90	R	0.00000	0.20003	0.79997	0
91	Q	0.00000	0.19413	0.80587	0
92	G	0.00000	0.1701	0.82990	0
93	A	0.00000	0.13256	0.86744	0
94	F	0.00000	0.13114	0.86886	0
95	C	0.00000	0.13085	0.86915	0
96	I	0.00000	0.12972	0.87028	0
97	P	0.00000	0.12917	0.87083	0
98	L	0.00000	0.05125	0.94875	0
99	Y	0.00000	0.00735	0.99264	0
100	V	0.00001	0.00204	0.99795	0
101	P	0.00014	0.00062	0.99924	0
102	Y	0.00019	0.00014	0.99967	0
103	V	0.00213	8e-05	0.99778	0
104	L	0.03862	2e-05	0.96136	0
105	T	0.09818	2e-05	0.90181	0
106	G	0.24160	1e-05	0.75839	0
107	R	0.79132	1e-05	0.20867	0
108	W	0.79226	0	0.20773	0
109	T	0.79369	0	0.20631	0
110	F	0.79403	0	0.20597	0
111	G	0.80382	0	0.19618	0
112	R	0.86847	0	0.13152	0
113	G	0.86582	0	0.13418	0
114	L	0.72452	0	0.27548	0
115	C	0.64726	0	0.35273	0
116	K	0.61368	0	0.38631	0
117	L	0.11143	0	0.88856	0
118	W	0.09994	0	0.90005	0
119	L	0.07113	0	0.92887	0
120	V	0.08872	0	0.91128	0
121	V	0.16684	0	0.83316	0
122	D	0.16133	0	0.83866	0
123	Y	0.13244	0	0.86756	0
124	L	0.12982	0	0.87018	0
125	L	0.12971	0	0.87029	0
126	C	0.12971	0	0.87029	0
127	T	0.12971	0	0.87029	0
128	S	0.12879	0	0.87121	0
129	S	0.11271	0	0.88729	0
130	A	0.07799	0	0.92201	0
131	F	0.00940	0	0.99060	0
132	N	0.00055	0	0.99945	0
133	I	0.00005	0	0.99995	0
134	V	0.00000	0.00016	0.99984	0
135	L	0.00000	0.00512	0.99488	0
136	I	0.00000	0.06579	0.93421	0
137	S	0.00000	0.40681	0.59319	0
138	Y	0.00000	0.67673	0.32327	0
139	D	0.00000	0.75653	0.24347	0
140	R	0.00000	0.76052	0.23948	0
141	F	0.00000	0.76159	0.23841	0
142	L	0.00000	0.76383	0.23617	0
143	S	0.00000	0.78957	0.21043	0
144	V	0.00000	0.79306	0.20694	0
145	T	0.00000	0.84055	0.15945	0
146	R	0.00000	0.8563	0.14370	0
147	A	0.00000	0.85771	0.14229	0
148	V	0.00000	0.85967	0.14033	0
149	S	0.00000	0.90862	0.09138	0
150	Y	0.00000	0.93587	0.06413	0
151	R	0.00000	0.96804	0.03195	0
152	A	0.00000	0.97691	0.02309	0
153	Q	0.00000	0.99523	0.00477	0
154	Q	0.00000	0.99837	0.00162	0
155	G	0.00000	0.99991	0.00009	0
156	D	0.00000	1	0.00000	0
157	T	0.00000	1	0.00000	0
158	R	0.00000	0.99484	0.00516	0
159	R	0.00000	0.98372	0.01628	0
160	A	0.00000	0.96755	0.03245	0
161	V	0.00000	0.94588	0.05412	0
162	R	0.00000	0.93694	0.06306	0
163	K	0.00000	0.90193	0.09807	0
164	M	0.00000	0.35392	0.64608	0
165	L	0.00000	0.04489	0.95511	0
166	L	0.00000	0.0024	0.99760	0
167	V	0.00000	0.00017	0.99983	0
168	W	0.00000	1e-05	0.99999	0
169	V	0.00000	0	1.00000	0
170	L	0.00000	0	1.00000	0
171	A	0.00000	0	1.00000	0
172	F	0.00000	0	1.00000	0
173	L	0.00000	0	1.00000	0
174	L	0.00000	0	1.00000	0
175	Y	0.00000	0	1.00000	0
176	G	0.00000	0	1.00000	0
177	P	0.00000	0	1.00000	0
178	A	0.00000	0	1.00000	0
179	I	0.00000	0	1.00000	0
180	L	0.00000	0	1.00000	0
181	S	0.00000	0	1.00000	0
182	W	0.00000	0	1.00000	0
183	E	0.00029	0	0.99970	0
184	Y	0.00674	0	0.99325	0
185	L	0.02354	0	0.97645	0
186	S	0.10311	0	0.89688	0
187	G	0.88361	0	0.11638	0
188	G	0.99961	0	0.00038	0
189	S	0.99998	0	0.00001	0
190	S	0.99999	0	0.00000	0
191	I	0.99999	0	0.00000	0
192	P	1.00000	0	0.00000	0
193	E	1.00000	0	0.00000	0
194	G	1.00000	0	0.00000	0
195	H	1.00000	0	0.00000	0
196	C	1.00000	0	0.00000	0
197	Y	1.00000	0	0.00000	0
198	A	1.00000	0	0.00000	0
199	E	0.99999	0	0.00000	0
200	F	0.99991	0	0.00009	0
201	F	0.99952	0	0.00047	0
202	Y	0.98858	0	0.01142	0
203	N	0.97369	0	0.02630	0
204	W	0.78383	0	0.21616	0
205	Y	0.47947	0	0.52053	0
206	F	0.08176	0	0.91824	0
207	L	0.00725	0	0.99275	0
208	I	0.00091	0	0.99909	0
209	T	0.00048	0	0.99952	0
210	A	0.00009	0	0.99991	0
211	S	0.00005	0	0.99995	0
212	T	0.00001	0	0.99999	0
213	L	0.00000	0	1.00000	0
214	E	0.00000	0	1.00000	0
215	F	0.00000	0	1.00000	0
216	F	0.00000	0	1.00000	0
217	T	0.00000	0	1.00000	0
218	P	0.00000	0	1.00000	0
219	F	0.00000	0	1.00000	0
220	L	0.00000	0	1.00000	0
221	S	0.00000	7e-05	0.99993	0
222	V	0.00000	0.00023	0.99977	0
223	T	0.00000	0.00155	0.99845	0
224	F	0.00000	0.0055	0.99450	0
225	F	0.00000	0.04688	0.95312	0
226	N	0.00000	0.38457	0.61543	0
227	L	0.00000	0.4589	0.54110	0
228	S	0.00000	0.774	0.22600	0
229	I	0.00000	0.85766	0.14234	0
230	Y	0.00000	0.95314	0.04686	0
231	L	0.00000	0.97898	0.02102	0
232	N	0.00000	0.99927	0.00073	0
233	I	0.00000	0.99968	0.00032	0
234	Q	0.00000	0.99999	0.00001	0
235	R	0.00000	1	0.00000	0
236	R	0.00000	1	0.00000	0
237	T	0.00000	1	0.00000	0
238	R	0.00000	1	0.00000	0
239	L	0.00000	1	0.00000	0
240	R	0.00000	1	0.00000	0
241	L	0.00000	1	0.00000	0
242	D	0.00000	1	0.00000	0
243	G	0.00000	1	0.00000	0
244	A	0.00000	1	0.00000	0
245	R	0.00000	1	0.00000	0
246	E	0.00000	1	0.00000	0
247	A	0.00000	0.99999	0.00001	0
248	A	0.00000	0.99999	0.00001	0
249	G	0.00000	0.99999	0.00001	0
250	P	0.00000	0.99999	0.00001	0
251	E	0.00000	0.99999	0.00001	0
252	P	0.00000	0.99999	0.00001	0
253	P	0.00000	0.99999	0.00001	0
254	P	0.00000	0.99999	0.00001	0
255	E	0.00000	0.99999	0.00001	0
256	A	0.00000	0.99999	0.00001	0
257	Q	0.00000	0.99999	0.00001	0
258	P	0.00000	0.99999	0.00001	0
259	S	0.00000	0.99999	0.00001	0
260	P	0.00000	0.99999	0.00001	0
261	P	0.00000	0.99999	0.00001	0
262	P	0.00000	0.99999	0.00001	0
263	P	0.00000	0.99999	0.00001	0
264	P	0.00000	0.99999	0.00001	0
265	G	0.00000	0.99999	0.00001	0
266	C	0.00000	0.99999	0.00001	0
267	W	0.00000	0.99999	0.00001	0
268	G	0.00000	0.99999	0.00001	0
269	C	0.00000	0.99999	0.00000	0
270	W	0.00000	0.99999	0.00000	0
271	Q	0.00000	0.99999	0.00000	0
272	K	0.00000	0.99999	0.00000	0
273	G	0.00001	0.99999	0.00000	0
274	H	0.00001	0.99999	0.00000	0
275	G	0.00001	0.99999	0.00000	0
276	E	0.00001	0.99999	0.00000	0
277	A	0.00001	0.99602	0.00398	0
278	M	0.00001	0.99578	0.00422	0
279	P	0.00001	0.99553	0.00446	0
280	L	0.00001	0.99549	0.00450	0
281	H	0.00001	0.99545	0.00455	0
282	R	0.00001	0.99435	0.00565	0
283	Y	0.00001	0.99414	0.00585	0
284	G	0.00001	0.99387	0.00612	0
285	V	0.00001	0.99243	0.00757	0
286	G	0.00001	0.98959	0.01040	0
287	E	0.00001	0.98928	0.01071	0
288	A	0.00001	0.01096	0.98903	0
289	A	0.00001	0.00969	0.99030	0
290	V	0.00001	0.00764	0.99236	0
291	G	0.00001	0.00502	0.99497	0
292	A	0.00001	0.00498	0.99502	0
293	E	0.00001	0.00495	0.99505	0
294	A	0.00001	0.00487	0.99512	0
295	G	0.00001	0.00408	0.99591	0
296	E	0.00001	0.00356	0.99643	0
297	A	0.00001	0.00037	0.99963	0
298	T	0.00002	0.00011	0.99987	0
299	L	0.00007	1e-05	0.99992	0
300	G	0.00077	0	0.99923	0
301	G	0.00246	0	0.99754	0
302	G	0.00354	0	0.99646	0
303	G	0.00403	0	0.99597	0
304	G	0.00441	0	0.99559	0
305	G	0.00462	0	0.99538	0
306	G	0.00496	0	0.99504	0
307	S	0.00550	0	0.99450	0
308	A	0.00605	0	0.99395	0
309	A	0.02280	0	0.97720	0
310	S	0.30909	0	0.69091	0
311	P	0.74493	0	0.25507	0
312	T	0.85935	0	0.14065	0
313	S	0.97470	0	0.02530	0
314	S	0.99096	0	0.00904	0
315	S	0.99272	0	0.00728	0
316	G	0.99319	0	0.00681	0
317	S	0.99504	0	0.00496	0
318	S	0.99576	0	0.00424	0
319	S	0.99688	0	0.00312	0
320	R	0.99847	0	0.00153	0
321	G	0.99890	0	0.00110	0
322	T	0.99952	0	0.00048	0
323	E	0.99998	0	0.00002	0
324	R	1.00000	0	0.00000	0
325	P	1.00000	0	0.00000	0
326	R	1.00000	0	0.00000	0
327	S	1.00000	0	0.00000	0
328	L	1.00000	0	0.00000	0
329	K	1.00000	0	0.00000	0
330	R	1.00000	0	0.00000	0
331	G	1.00000	0	0.00000	0
332	S	1.00000	0	0.00000	0
333	K	1.00000	0	0.00000	0
334	P	1.00000	0	0.00000	0
335	S	1.00000	0	0.00000	0
336	A	1.00000	0	0.00000	0
337	S	1.00000	0	0.00000	0
338	S	1.00000	0	0.00000	0
339	A	1.00000	0	0.00000	0
340	S	1.00000	0	0.00000	0
341	L	1.00000	0	0.00000	0
342	E	1.00000	0	0.00000	0
343	K	1.00000	0	0.00000	0
344	R	1.00000	0	0.00000	0
345	M	1.00000	0	0.00000	0
346	K	1.00000	0	0.00000	0
347	M	1.00000	0	0.00000	0
348	V	1.00000	0	0.00000	0
349	S	1.00000	0	0.00000	0
350	Q	1.00000	0	0.00000	0
351	S	1.00000	0	0.00000	0
352	F	1.00000	0	0.00000	0
353	T	1.00000	0	0.00000	0
354	Q	1.00000	0	0.00000	0
355	R	1.00000	0	0.00000	0
356	F	1.00000	0	0.00000	0
357	R	1.00000	0	0.00000	0
358	L	1.00000	0	0.00000	0
359	S	1.00000	0	0.00000	0
360	R	1.00000	0	0.00000	0
361	D	1.00000	0	0.00000	0
362	R	0.94940	0	0.05060	0
363	K	0.94848	0	0.05152	0
364	V	0.83718	0	0.16282	0
365	A	0.73954	0	0.26046	0
366	K	0.73686	0	0.26314	0
367	S	0.62568	0	0.37432	0
368	L	0.00174	0	0.99826	0
369	A	0.00108	0	0.99892	0
370	V	0.00077	0	0.99923	0
371	I	0.00000	0	1.00000	0
372	V	0.00000	0	1.00000	0
373	S	0.00000	0	1.00000	0
374	I	0.00000	0	1.00000	0
375	F	0.00000	0	1.00000	0
376	G	0.00000	0	1.00000	0
377	L	0.00000	0	1.00000	0
378	C	0.00000	0	1.00000	0
379	W	0.00000	0	1.00000	0
380	A	0.00000	0	1.00000	0
381	P	0.00000	0	1.00000	0
382	Y	0.00000	0	1.00000	0
383	T	0.00000	0	1.00000	0
384	L	0.00000	5e-05	0.99995	0
385	L	0.00000	0.00051	0.99949	0
386	M	0.00000	0.00275	0.99725	0
387	I	0.00000	0.04357	0.95643	0
388	I	0.00000	0.10787	0.89213	0
389	R	0.00000	0.55976	0.44024	0
390	A	0.00000	0.601	0.39900	0
391	A	0.00000	0.73914	0.26086	0
392	C	0.00000	0.96751	0.03249	0
393	H	0.00000	0.99281	0.00719	0
394	G	0.00000	0.99994	0.00006	0
395	H	0.00000	0.99999	0.00001	0
396	C	0.00000	1	0.00000	0
397	V	0.00000	1	0.00000	0
398	P	0.00000	1	0.00000	0
399	D	0.00000	1	0.00000	0
400	Y	0.00000	1	0.00000	0
401	W	0.00000	1	0.00000	0
402	Y	0.00000	1	0.00000	0
403	E	0.00000	0.99993	0.00007	0
404	T	0.00000	0.99952	0.00048	0
405	S	0.00000	0.99836	0.00164	0
406	F	0.00000	0.13199	0.86801	0
407	W	0.00000	0.01132	0.98868	0
408	L	0.00000	3e-05	0.99997	0
409	L	0.00000	0	1.00000	0
410	W	0.00000	0	1.00000	0
411	A	0.00000	0	1.00000	0
412	N	0.00000	0	1.00000	0
413	S	0.00000	0	1.00000	0
414	A	0.00000	0	1.00000	0
415	V	0.00000	0	1.00000	0
416	N	0.00000	0	1.00000	0
417	P	0.00000	0	1.00000	0
418	V	0.00000	0	1.00000	0
419	L	0.00000	0	1.00000	0
420	Y	0.00000	0	1.00000	0
421	P	0.00000	0	1.00000	0
422	L	0.00000	0	1.00000	0
423	C	0.00001	0	0.99999	0
424	H	0.00009	0	0.99991	0
425	H	0.00451	0	0.99549	0
426	S	0.01664	0	0.98336	0
427	F	0.16999	0	0.83001	0
428	R	1.00000	0	0.00000	0
429	R	1.00000	0	0.00000	0
430	A	1.00000	0	0.00000	0
431	F	1.00000	0	0.00000	0
432	T	1.00000	0	0.00000	0
433	K	1.00000	0	0.00000	0
434	L	1.00000	0	0.00000	0
435	L	1.00000	0	0.00000	0
436	C	1.00000	0	0.00000	0
437	P	1.00000	0	0.00000	0
438	Q	1.00000	0	0.00000	0
439	K	1.00000	0	0.00000	0
440	L	1.00000	0	0.00000	0
441	K	1.00000	0	0.00000	0
442	I	1.00000	0	0.00000	0
443	Q	1.00000	0	0.00000	0
444	P	1.00000	0	0.00000	0
445	H	1.00000	0	0.00000	0
446	S	1.00000	0	0.00000	0
447	S	1.00000	0	0.00000	0
448	L	1.00000	0	0.00000	0
449	E	1.00000	0	0.00000	0
450	H	1.00000	0	0.00000	0
451	C	1.00000	0	0.00000	0
452	W	1.00000	0	0.00000	0
453	K	1.00000	0	0.00000	0
454	K	1.00000	0	0.00000	0
455	M	1.00000	0	0.00000	0
456	K	1.00000	0	0.00000	0
457	K	1.00000	0	0.00000	0
458	K	1.00000	0	0.00000	0
459	T	1.00000	0	0.00000	0
460	C	1.00000	0	0.00000	0
461	L	1.00000	0	0.00000	0
