# UNNAMED
#pos	aa	i	o	M	S
1	M	0.00000	1	0.00000	0
2	G	0.00000	1	0.00000	0
3	T	0.00000	1	0.00000	0
4	S	0.00000	1	0.00000	0
5	E	0.00000	1	0.00000	0
6	N	0.00000	1	0.00000	0
7	L	0.00000	1	0.00000	0
8	K	0.00000	1	0.00000	0
9	K	0.00000	1	0.00000	0
10	L	0.00000	1	0.00000	0
11	T	0.00000	1	0.00000	0
12	A	0.00000	1	0.00000	0
13	S	0.00000	1	0.00000	0
14	C	0.00000	1	0.00000	0
15	T	0.00000	1	0.00000	0
16	L	0.00000	1	0.00000	0
17	Q	0.00000	1	0.00000	0
18	K	0.00000	1	0.00000	0
19	P	0.00000	1	0.00000	0
20	L	0.00000	0.99999	0.00001	0
21	E	0.00000	0.99999	0.00001	0
22	M	0.00000	0.99999	0.00001	0
23	C	0.00000	0.99999	0.00001	0
24	T	0.00000	0.99999	0.00001	0
25	D	0.00000	0.99999	0.00000	0
26	L	0.00000	0.04777	0.95222	0
27	A	0.00000	0.00268	0.99732	0
28	A	0.00000	0.00208	0.99791	0
29	Q	0.00000	0.00181	0.99819	0
30	Y	0.00000	0.00169	0.99830	0
31	E	0.00000	0.00169	0.99831	0
32	N	0.00000	0.00169	0.99831	0
33	Q	0.00000	0.00168	0.99832	0
34	G	0.00000	0.00163	0.99837	0
35	G	0.00000	0.00154	0.99846	0
36	F	0.00000	0.00153	0.99847	0
37	C	0.00000	0.00151	0.99849	0
38	I	0.00000	0.0015	0.99850	0
39	P	0.00000	0.00149	0.99851	0
40	L	0.00000	0.00059	0.99941	0
41	Y	0.00000	7e-05	0.99993	0
42	I	0.00000	1e-05	0.99999	0
43	P	0.00002	0	0.99998	0
44	Y	0.00026	0	0.99974	0
45	V	0.03439	0	0.96561	0
46	L	0.76080	0	0.23920	0
47	T	0.91341	0	0.08659	0
48	G	0.95287	0	0.04713	0
49	E	0.99823	0	0.00177	0
50	W	0.99827	0	0.00173	0
51	K	0.99830	0	0.00170	0
52	F	0.99830	0	0.00170	0
53	G	0.99831	0	0.00169	0
54	K	0.99830	0	0.00169	0
55	G	0.98652	0	0.01348	0
56	L	0.64426	0	0.35574	0
57	C	0.52404	0	0.47595	0
58	K	0.48676	0	0.51324	0
59	L	0.04292	0	0.95708	0
60	W	0.03268	0	0.96732	0
61	L	0.00513	0	0.99487	0
62	V	0.00173	0	0.99827	0
63	V	0.00186	0	0.99814	0
64	D	0.00170	0	0.99830	0
65	Y	0.00151	0	0.99849	0
66	L	0.00151	0	0.99849	0
67	V	0.00151	0	0.99849	0
68	C	0.00151	0	0.99849	0
69	T	0.00150	0	0.99850	0
70	A	0.00146	0	0.99854	0
71	S	0.00102	0	0.99898	0
72	V	0.00023	0	0.99977	0
73	F	0.00001	0	0.99999	0
74	N	0.00000	2e-05	0.99998	0
75	I	0.00000	4e-05	0.99996	0
76	V	0.00000	0.0007	0.99930	0
77	L	0.00000	0.01924	0.98076	0
78	I	0.00000	0.08532	0.91468	0
79	S	0.00000	0.33424	0.66576	0
80	F	0.00000	0.47902	0.52098	0
81	D	0.00000	0.84167	0.15833	0
82	R	0.00000	0.85672	0.14328	0
83	F	0.00000	0.86011	0.13989	0
84	I	0.00000	0.86577	0.13423	0
85	S	0.00000	0.92775	0.07225	0
86	V	0.00000	0.93302	0.06697	0
87	T	0.00000	0.98217	0.01783	0
88	Q	0.00000	0.99338	0.00661	0
89	A	0.00000	0.99501	0.00498	0
90	V	0.00000	0.99558	0.00441	0
91	N	0.00000	0.99949	0.00050	0
92	Y	0.00000	0.99977	0.00023	0
93	R	0.00000	0.99997	0.00003	0
94	A	0.00000	0.99998	0.00002	0
95	Q	0.00000	0.99999	0.00000	0
96	K	0.00000	0.99999	0.00000	0
97	G	0.00000	0.99999	0.00000	0
98	M	0.00000	0.99999	0.00001	0
99	T	0.00000	0.99998	0.00002	0
100	R	0.00000	0.99992	0.00007	0
101	N	0.00000	0.99981	0.00019	0
102	A	0.00000	0.9843	0.01569	0
103	I	0.00000	0.93874	0.06126	0
104	L	0.00000	0.89947	0.10053	0
105	K	0.00000	0.85689	0.14311	0
106	M	0.00000	0.26336	0.73664	0
107	I	0.00000	0.02115	0.97885	0
108	I	0.00000	0.00115	0.99885	0
109	V	0.00000	0.00011	0.99989	0
110	W	0.00000	1e-05	0.99999	0
111	I	0.00000	0	1.00000	0
112	A	0.00000	0	1.00000	0
113	A	0.00000	0	1.00000	0
114	F	0.00000	0	1.00000	0
115	L	0.00000	0	1.00000	0
116	L	0.00000	0	1.00000	0
117	Y	0.00000	0	1.00000	0
118	G	0.00000	0	1.00000	0
119	P	0.00000	0	1.00000	0
120	A	0.00000	0	1.00000	0
121	I	0.00000	0	1.00000	0
122	I	0.00000	0	1.00000	0
123	S	0.00000	0	1.00000	0
124	W	0.00000	0	1.00000	0
125	E	0.00026	0	0.99973	0
126	Y	0.01318	0	0.98681	0
127	I	0.06029	0	0.93971	0
128	A	0.29428	0	0.70572	0
129	Q	0.74073	0	0.25927	0
130	K	0.99949	0	0.00051	0
131	S	0.99998	0	0.00001	0
132	I	1.00000	0	0.00000	0
133	L	1.00000	0	0.00000	0
134	P	1.00000	0	0.00000	0
135	E	1.00000	0	0.00000	0
136	G	1.00000	0	0.00000	0
137	E	1.00000	0	0.00000	0
138	C	1.00000	0	0.00000	0
139	Y	1.00000	0	0.00000	0
140	A	0.99999	0	0.00000	0
141	E	0.99999	0	0.00000	0
142	F	0.99984	0	0.00015	0
143	F	0.99889	0	0.00111	0
144	Y	0.98303	0	0.01697	0
145	N	0.96853	0	0.03146	0
146	W	0.85822	0	0.14178	0
147	Y	0.49199	0	0.50800	0
148	F	0.06640	0	0.93360	0
149	L	0.00584	0	0.99415	0
150	M	0.00241	0	0.99759	0
151	I	0.00010	0	0.99990	0
152	A	0.00002	0	0.99998	0
153	S	0.00001	0	0.99999	0
154	T	0.00000	0	1.00000	0
155	V	0.00000	0	1.00000	0
156	E	0.00000	0	1.00000	0
157	F	0.00000	0	1.00000	0
158	F	0.00000	0	1.00000	0
159	T	0.00000	0	1.00000	0
160	P	0.00000	0	1.00000	0
161	F	0.00000	0	1.00000	0
162	I	0.00000	1e-05	0.99999	0
163	S	0.00000	0.0002	0.99980	0
164	V	0.00000	0.00071	0.99929	0
165	T	0.00000	0.00494	0.99506	0
166	Y	0.00000	0.01583	0.98417	0
167	F	0.00000	0.04399	0.95601	0
168	N	0.00000	0.37294	0.62706	0
169	L	0.00000	0.45643	0.54357	0
170	S	0.00000	0.83626	0.16374	0
171	I	0.00000	0.94115	0.05885	0
172	Y	0.00000	0.98059	0.01941	0
173	I	0.00000	0.99192	0.00808	0
174	N	0.00000	0.99967	0.00033	0
175	I	0.00000	0.99985	0.00015	0
176	R	0.00000	0.99999	0.00000	0
177	K	0.00000	1	0.00000	0
178	R	0.00000	1	0.00000	0
179	T	0.00000	0.99999	0.00000	0
180	P	0.00000	0.99999	0.00000	0
181	P	0.00000	0.99999	0.00000	0
182	R	0.00000	0.99999	0.00000	0
183	N	0.00000	0.99999	0.00001	0
184	E	0.00000	0.99998	0.00002	0
185	I	0.00000	0.99993	0.00007	0
186	L	0.00000	0.99885	0.00114	0
187	A	0.00000	0.99851	0.00149	0
188	P	0.00000	0.99851	0.00149	0
189	G	0.00000	0.99851	0.00149	0
190	Q	0.00000	0.99851	0.00149	0
191	E	0.00000	0.99851	0.00149	0
192	D	0.00000	0.99851	0.00149	0
193	C	0.00000	0.99851	0.00149	0
194	E	0.00000	0.99851	0.00149	0
195	M	0.00000	0.99848	0.00151	0
196	S	0.00000	0.99848	0.00151	0
197	F	0.00000	0.99848	0.00151	0
198	Q	0.00000	0.99848	0.00151	0
199	G	0.00000	0.99848	0.00151	0
200	K	0.00000	0.99848	0.00151	0
201	K	0.00001	0.99848	0.00151	0
202	R	0.00001	0.99848	0.00151	0
203	E	0.00001	0.99848	0.00151	0
204	H	0.00001	0.99848	0.00151	0
205	I	0.00001	0.99848	0.00151	0
206	F	0.00001	0.99848	0.00150	0
207	F	0.00009	0.99848	0.00142	0
208	V	0.00017	0.99848	0.00134	0
209	K	0.00148	0.99848	0.00003	0
210	P	0.00149	0.99848	0.00002	0
211	T	0.00149	0.99848	0.00002	0
212	A	0.00149	0.99848	0.00002	0
213	R	0.00149	0.99848	0.00002	0
214	Q	0.00149	0.99848	0.00002	0
215	S	0.00149	0.99848	0.00002	0
216	D	0.00151	0.99848	0.00001	0
217	K	0.00151	0.99848	0.00000	0
218	K	0.00152	0.99847	0.00001	0
219	K	0.00152	0.99847	0.00001	0
220	R	0.00152	0.99818	0.00030	0
221	T	0.00152	0.99753	0.00096	0
222	S	0.00152	0.99752	0.00096	0
223	S	0.00152	0.9973	0.00118	0
224	L	0.00152	0.99688	0.00161	0
225	S	0.00152	0.99687	0.00161	0
226	P	0.00152	0.99687	0.00162	0
227	S	0.00152	0.99687	0.00162	0
228	R	0.00152	0.99683	0.00165	0
229	P	0.00152	0.99683	0.00165	0
230	C	0.00152	0.99682	0.00166	0
231	G	0.00152	0.99682	0.00166	0
232	S	0.00152	0.99663	0.00186	0
233	R	0.00152	0.97939	0.01909	0
234	L	0.00152	0.97919	0.01930	0
235	S	0.00152	0.85996	0.13852	0
236	L	0.00152	0.85903	0.13945	0
237	H	0.00152	0.85899	0.13949	0
238	K	0.00152	0.85884	0.13963	0
239	L	0.00152	0.8588	0.13968	0
240	D	0.00159	0.85578	0.14263	0
241	S	0.00177	0.85574	0.14249	0
242	Q	0.00247	0.85551	0.14202	0
243	S	0.00248	0.85547	0.14205	0
244	L	0.00248	0.85519	0.14233	0
245	D	0.00250	0.85518	0.14232	0
246	F	0.00250	0.00655	0.99095	0
247	N	0.00257	0.00653	0.99089	0
248	V	0.00261	0.00431	0.99308	0
249	G	0.00299	0.00424	0.99277	0
250	Q	0.00317	0.00424	0.99259	0
251	D	0.00317	0.00423	0.99260	0
252	L	0.00317	0.00378	0.99305	0
253	P	0.00332	0.0007	0.99598	0
254	P	0.00353	0.00069	0.99577	0
255	L	0.00379	0.00041	0.99580	0
256	Q	0.01362	0.00041	0.98597	0
257	V	0.01413	0.00036	0.98552	0
258	D	0.01888	0.00036	0.98077	0
259	V	0.02083	0.00036	0.97881	0
260	E	0.13827	0.00033	0.86140	0
261	T	0.14092	0.00027	0.85881	0
262	K	0.14397	0.00026	0.85577	0
263	Q	0.14432	0.00025	0.85544	0
264	L	0.14433	0.00019	0.85548	0
265	R	0.14453	1e-05	0.85546	0
266	G	0.14476	1e-05	0.85523	0
267	S	0.15098	1e-05	0.84901	0
268	F	0.15198	0	0.84802	0
269	Y	0.22016	0	0.77984	0
270	K	0.98906	0	0.01094	0
271	A	0.98956	0	0.01044	0
272	I	0.99029	0	0.00971	0
273	E	0.99671	0	0.00329	0
274	N	0.99747	0	0.00253	0
275	V	0.99762	0	0.00238	0
276	C	0.99783	0	0.00217	0
277	N	0.99929	0	0.00071	0
278	T	0.99951	0	0.00049	0
279	T	0.99959	0	0.00041	0
280	R	0.99965	0	0.00035	0
281	R	0.99966	0	0.00034	0
282	T	0.99967	0	0.00033	0
283	D	0.99970	0	0.00030	0
284	I	0.99970	0	0.00030	0
285	A	0.99994	0	0.00006	0
286	S	0.99999	0	0.00001	0
287	S	0.99999	0	0.00001	0
288	M	0.99999	0	0.00001	0
289	A	0.99999	0	0.00001	0
290	N	1.00000	0	0.00000	0
291	R	1.00000	0	0.00000	0
292	V	1.00000	0	0.00000	0
293	R	1.00000	0	0.00000	0
294	L	1.00000	0	0.00000	0
295	S	1.00000	0	0.00000	0
296	R	1.00000	0	0.00000	0
297	D	1.00000	0	0.00000	0
298	K	0.94684	0	0.05316	0
299	R	0.94626	0	0.05374	0
300	V	0.81381	0	0.18619	0
301	A	0.80754	0	0.19246	0
302	K	0.80256	0	0.19744	0
303	S	0.58504	0	0.41496	0
304	L	0.01741	0	0.98259	0
305	A	0.00077	0	0.99923	0
306	I	0.00047	0	0.99953	0
307	I	0.00000	0	1.00000	0
308	V	0.00000	0	1.00000	0
309	C	0.00000	0	1.00000	0
310	V	0.00000	0	1.00000	0
311	F	0.00000	0	1.00000	0
312	G	0.00000	0	1.00000	0
313	L	0.00000	0	1.00000	0
314	C	0.00000	0	1.00000	0
315	W	0.00000	0	1.00000	0
316	A	0.00000	0	1.00000	0
317	P	0.00000	0	1.00000	0
318	Y	0.00000	0	1.00000	0
319	T	0.00000	0	1.00000	0
320	L	0.00000	6e-05	0.99994	0
321	L	0.00000	0.00053	0.99947	0
322	M	0.00000	0.00272	0.99728	0
323	I	0.00000	0.0404	0.95960	0
324	I	0.00000	0.10098	0.89902	0
325	R	0.00000	0.55091	0.44909	0
326	A	0.00000	0.5928	0.40720	0
327	A	0.00000	0.73364	0.26636	0
328	C	0.00000	0.96677	0.03323	0
329	H	0.00000	0.99264	0.00736	0
330	G	0.00000	0.99994	0.00006	0
331	Q	0.00000	1	0.00000	0
332	C	0.00000	1	0.00000	0
333	V	0.00000	1	0.00000	0
334	H	0.00000	1	0.00000	0
335	H	0.00000	1	0.00000	0
336	S	0.00000	0.99999	0.00001	0
337	L	0.00000	0.99999	0.00001	0
338	Y	0.00000	0.99999	0.00001	0
339	E	0.00000	0.99978	0.00022	0
340	I	0.00000	0.99835	0.00165	0
341	S	0.00000	0.99738	0.00262	0
342	F	0.00000	0.26848	0.73152	0
343	W	0.00000	0.02302	0.97698	0
344	L	0.00000	7e-05	0.99993	0
345	L	0.00000	0	1.00000	0
346	W	0.00000	0	1.00000	0
347	L	0.00000	0	1.00000	0
348	N	0.00000	0	1.00000	0
349	S	0.00000	0	1.00000	0
350	A	0.00000	0	1.00000	0
351	I	0.00000	0	1.00000	0
352	N	0.00000	0	1.00000	0
353	P	0.00000	0	1.00000	0
354	V	0.00000	0	1.00000	0
355	L	0.00000	0	1.00000	0
356	Y	0.00000	0	1.00000	0
357	P	0.00000	0	1.00000	0
358	L	0.00001	0	0.99999	0
359	C	0.00005	0	0.99995	0
360	H	0.00015	0	0.99985	0
361	M	0.00313	0	0.99687	0
362	S	0.01378	0	0.98622	0
363	F	0.15651	0	0.84349	0
364	R	1.00000	0	0.00000	0
365	K	1.00000	0	0.00000	0
366	A	1.00000	0	0.00000	0
367	F	1.00000	0	0.00000	0
368	I	1.00000	0	0.00000	0
369	K	1.00000	0	0.00000	0
370	L	1.00000	0	0.00000	0
371	L	1.00000	0	0.00000	0
372	C	1.00000	0	0.00000	0
373	P	1.00000	0	0.00000	0
374	G	1.00000	0	0.00000	0
375	K	1.00000	0	0.00000	0
376	A	1.00000	0	0.00000	0
377	K	1.00000	0	0.00000	0
378	I	1.00000	0	0.00000	0
379	H	1.00000	0	0.00000	0
380	P	1.00000	0	0.00000	0
381	H	1.00000	0	0.00000	0
382	I	1.00000	0	0.00000	0
383	F	1.00000	0	0.00000	0
384	M	1.00000	0	0.00000	0
