# UNNAMED
#pos	aa	i	o	M	S
1	M	0.00000	0.59631	0.00000	0.40369
2	A	0.00000	0.59631	0.00000	0.40369
3	S	0.00000	0.59631	0.00000	0.40369
4	P	0.00000	0.59631	0.00000	0.40369
5	A	0.00000	0.59631	0.00000	0.40369
6	L	0.00000	0.59631	0.00000	0.40369
7	A	0.00000	0.59631	0.00000	0.40369
8	A	0.00000	0.59631	0.00000	0.40368
9	A	0.00000	0.59631	0.00000	0.40369
10	A	0.00000	0.59631	0.00000	0.40369
11	G	0.00000	0.59631	0.00000	0.40368
12	P	0.00000	0.59631	0.00000	0.40369
13	N	0.00000	0.59631	0.00000	0.40369
14	V	0.00000	0.59631	0.00000	0.40369
15	S	0.00000	0.59631	0.00000	0.40369
16	G	0.00000	0.59631	0.00000	0.40368
17	A	0.00000	0.97853	0.00000	0.02147
18	G	0.00000	0.98647	0.00000	0.01353
19	E	0.00000	0.98983	0.00000	0.01017
20	G	0.00000	0.9911	0.00000	0.00891
21	G	0.00000	0.995	0.00000	0.005
22	S	0.00000	0.995	0.00000	0.005
23	G	0.00000	0.99552	0.00000	0.00447
24	G	0.00000	0.99704	0.00000	0.00297
25	A	0.00000	0.9985	0.00000	0.0015
26	A	0.00000	0.99986	0.00000	0.00015
27	N	0.00000	0.99999	0.00000	0
28	A	0.00000	1	0.00000	0
29	S	0.00000	1	0.00000	0
30	G	0.00000	1	0.00000	0
31	A	0.00000	1	0.00000	0
32	A	0.00000	1	0.00000	0
33	W	0.00000	1	0.00000	0
34	G	0.00000	1	0.00000	0
35	P	0.00000	1	0.00000	0
36	P	0.00000	0.99994	0.00006	0
37	P	0.00000	0.99969	0.00031	0
38	G	0.00000	0.99833	0.00167	0
39	Q	0.00000	0.99584	0.00416	0
40	Y	0.00000	0.97293	0.02707	0
41	S	0.00000	0.95756	0.04244	0
42	A	0.00000	0.87148	0.12852	0
43	G	0.00000	0.81384	0.18616	0
44	A	0.00000	0.68314	0.31686	0
45	V	0.00000	0.53533	0.46467	0
46	A	0.00000	0.46987	0.53013	0
47	G	0.00000	0.38608	0.61392	0
48	L	0.00000	0.16818	0.83182	0
49	A	0.00000	0.10961	0.89039	0
50	A	0.00000	0.03717	0.96283	0
51	V	0.00000	0.01053	0.98947	0
52	V	0.00000	0.0015	0.99850	0
53	G	0.00000	0.0005	0.99950	0
54	F	0.00000	2e-05	0.99998	0
55	L	0.00000	0	1.00000	0
56	I	0.00000	0	1.00000	0
57	V	0.00000	0	1.00000	0
58	F	0.00000	0	1.00000	0
59	T	0.00000	0	1.00000	0
60	V	0.00000	0	1.00000	0
61	V	0.00000	0	1.00000	0
62	G	0.00000	0	1.00000	0
63	N	0.00000	0	1.00000	0
64	V	0.00000	0	1.00000	0
65	L	0.00000	0	1.00000	0
66	V	0.00001	0	0.99999	0
67	V	0.00007	0	0.99993	0
68	I	0.00132	0	0.99868	0
69	A	0.07361	0	0.92639	0
70	V	0.17226	0	0.82774	0
71	L	0.43738	0	0.56262	0
72	T	0.94744	0	0.05256	0
73	S	0.99753	0	0.00247	0
74	R	0.99994	0	0.00006	0
75	A	0.99998	0	0.00002	0
76	L	0.99999	0	0.00001	0
77	R	1.00000	0	0.00000	0
78	A	1.00000	0	0.00000	0
79	P	1.00000	0	0.00000	0
80	Q	0.83196	0	0.16804	0
81	N	0.14285	0	0.85715	0
82	L	0.02299	0	0.97701	0
83	F	0.00020	0	0.99980	0
84	L	0.00000	0	1.00000	0
85	V	0.00000	0	1.00000	0
86	S	0.00000	0	1.00000	0
87	L	0.00000	0	1.00000	0
88	A	0.00000	0	1.00000	0
89	S	0.00000	0	1.00000	0
90	A	0.00000	0	1.00000	0
91	D	0.00000	0	1.00000	0
92	I	0.00000	0	1.00000	0
93	L	0.00000	0	1.00000	0
94	V	0.00000	0	1.00000	0
95	A	0.00000	0	1.00000	0
96	T	0.00000	0	1.00000	0
97	L	0.00000	0	1.00000	0
98	V	0.00000	0	1.00000	0
99	M	0.00000	0.00017	0.99983	0
100	P	0.00000	0.00376	0.99624	0
101	F	0.00000	0.03986	0.96014	0
102	S	0.00000	0.38368	0.61632	0
103	L	0.00000	0.5175	0.48250	0
104	A	0.00000	0.80747	0.19253	0
105	N	0.00000	0.99997	0.00003	0
106	E	0.00000	0.99998	0.00002	0
107	L	0.00000	0.99998	0.00002	0
108	M	0.00000	0.99998	0.00002	0
109	A	0.00000	0.99999	0.00001	0
110	Y	0.00000	1	0.00000	0
111	W	0.00000	1	0.00000	0
112	Y	0.00000	1	0.00000	0
113	F	0.00000	1	0.00000	0
114	G	0.00000	1	0.00000	0
115	Q	0.00000	1	0.00000	0
116	V	0.00000	1	0.00000	0
117	W	0.00000	1	0.00000	0
118	C	0.00000	0.99998	0.00002	0
119	G	0.00000	0.99973	0.00027	0
120	V	0.00000	0.9989	0.00110	0
121	Y	0.00000	0.87609	0.12391	0
122	L	0.00000	0.42952	0.57048	0
123	A	0.00000	0.26156	0.73844	0
124	L	0.00000	0.00675	0.99325	0
125	D	0.00000	0.00271	0.99729	0
126	V	0.00000	4e-05	0.99996	0
127	L	0.00000	0	1.00000	0
128	F	0.00000	0	1.00000	0
129	C	0.00000	0	1.00000	0
130	T	0.00000	0	1.00000	0
131	S	0.00000	0	1.00000	0
132	S	0.00000	0	1.00000	0
133	I	0.00000	0	1.00000	0
134	V	0.00000	0	1.00000	0
135	H	0.00000	0	1.00000	0
136	L	0.00000	0	1.00000	0
137	C	0.00000	0	1.00000	0
138	A	0.00000	0	1.00000	0
139	I	0.00000	0	1.00000	0
140	S	0.00000	0	1.00000	0
141	L	0.00000	0	1.00000	0
142	D	0.00000	0	1.00000	0
143	R	0.00150	0	0.99850	0
144	Y	0.01485	0	0.98515	0
145	W	0.02872	0	0.97128	0
146	S	0.36672	0	0.63328	0
147	V	0.99998	0	0.00002	0
148	T	1.00000	0	0.00000	0
149	Q	1.00000	0	0.00000	0
150	A	1.00000	0	0.00000	0
151	V	1.00000	0	0.00000	0
152	E	1.00000	0	0.00000	0
153	Y	1.00000	0	0.00000	0
154	N	1.00000	0	0.00000	0
155	L	1.00000	0	0.00000	0
156	K	1.00000	0	0.00000	0
157	R	1.00000	0	0.00000	0
158	T	1.00000	0	0.00000	0
159	P	1.00000	0	0.00000	0
160	R	0.99998	0	0.00002	0
161	R	0.99782	0	0.00218	0
162	V	0.89528	0	0.10472	0
163	K	0.88002	0	0.11998	0
164	A	0.38143	0	0.61857	0
165	T	0.07642	0	0.92358	0
166	I	0.00017	0	0.99983	0
167	V	0.00000	0	1.00000	0
168	A	0.00000	0	1.00000	0
169	V	0.00000	0	1.00000	0
170	W	0.00000	0	1.00000	0
171	L	0.00000	0	1.00000	0
172	I	0.00000	0	1.00000	0
173	S	0.00000	0	1.00000	0
174	A	0.00000	0	1.00000	0
175	V	0.00000	0	1.00000	0
176	I	0.00000	0	1.00000	0
177	S	0.00000	0	1.00000	0
178	F	0.00000	0	1.00000	0
179	P	0.00000	0	1.00000	0
180	P	0.00000	1e-05	0.99999	0
181	L	0.00000	0.00011	0.99989	0
182	V	0.00000	0.00395	0.99605	0
183	S	0.00000	0.03679	0.96321	0
184	L	0.00000	0.05749	0.94251	0
185	Y	0.00000	0.3288	0.67120	0
186	R	0.00000	0.97798	0.02202	0
187	Q	0.00000	0.99839	0.00161	0
188	P	0.00000	0.99986	0.00014	0
189	D	0.00000	1	0.00000	0
190	G	0.00000	1	0.00000	0
191	A	0.00000	1	0.00000	0
192	A	0.00000	1	0.00000	0
193	Y	0.00000	1	0.00000	0
194	P	0.00000	1	0.00000	0
195	Q	0.00000	1	0.00000	0
196	C	0.00000	1	0.00000	0
197	G	0.00000	1	0.00000	0
198	L	0.00000	1	0.00000	0
199	N	0.00000	1	0.00000	0
200	D	0.00000	1	0.00000	0
201	E	0.00000	0.9999	0.00010	0
202	T	0.00000	0.76541	0.23459	0
203	W	0.00000	0.19144	0.80856	0
204	Y	0.00000	0.01968	0.98032	0
205	I	0.00000	0.01665	0.98335	0
206	L	0.00000	0.00056	0.99944	0
207	S	0.00000	5e-05	0.99995	0
208	S	0.00000	4e-05	0.99996	0
209	C	0.00000	3e-05	0.99997	0
210	I	0.00000	1e-05	0.99999	0
211	G	0.00000	0	1.00000	0
212	S	0.00000	0	1.00000	0
213	F	0.00000	0	1.00000	0
214	F	0.00000	0	1.00000	0
215	A	0.00000	0	1.00000	0
216	P	0.00000	0	1.00000	0
217	C	0.00000	0	1.00000	0
218	L	0.00000	0	1.00000	0
219	I	0.00000	0	1.00000	0
220	M	0.00000	0	1.00000	0
221	G	0.00000	0	1.00000	0
222	L	0.00000	0	1.00000	0
223	V	0.00004	0	0.99996	0
224	Y	0.00172	0	0.99828	0
225	A	0.04453	0	0.95547	0
226	R	0.16597	0	0.83403	0
227	I	0.19109	0	0.80891	0
228	Y	0.33420	0	0.66580	0
229	R	0.98574	0	0.01426	0
230	V	0.99041	0	0.00959	0
231	A	0.99994	0	0.00006	0
232	K	1.00000	0	0.00000	0
233	L	1.00000	0	0.00000	0
234	R	1.00000	0	0.00000	0
235	T	1.00000	0	0.00000	0
236	R	1.00000	0	0.00000	0
237	T	1.00000	0	0.00000	0
238	L	1.00000	0	0.00000	0
239	S	1.00000	0	0.00000	0
240	E	1.00000	0	0.00000	0
241	K	1.00000	0	0.00000	0
242	R	1.00000	0	0.00000	0
243	E	1.00000	0	0.00000	0
244	P	1.00000	0	0.00000	0
245	V	1.00000	0	0.00000	0
246	G	1.00000	0	0.00000	0
247	P	1.00000	0	0.00000	0
248	D	1.00000	0	0.00000	0
249	G	1.00000	0	0.00000	0
250	A	1.00000	0	0.00000	0
251	S	1.00000	0	0.00000	0
252	P	1.00000	0	0.00000	0
253	T	1.00000	0	0.00000	0
254	T	1.00000	0	0.00000	0
255	E	1.00000	0	0.00000	0
256	N	1.00000	0	0.00000	0
257	G	1.00000	0	0.00000	0
258	L	1.00000	0	0.00000	0
259	G	1.00000	0	0.00000	0
260	A	1.00000	0	0.00000	0
261	G	1.00000	0	0.00000	0
262	E	1.00000	0	0.00000	0
263	N	1.00000	0	0.00000	0
264	G	1.00000	0	0.00000	0
265	H	1.00000	0	0.00000	0
266	C	1.00000	0	0.00000	0
267	A	1.00000	0	0.00000	0
268	T	1.00000	0	0.00000	0
269	P	1.00000	0	0.00000	0
270	R	1.00000	0	0.00000	0
271	R	1.00000	0	0.00000	0
272	P	1.00000	0	0.00000	0
273	R	1.00000	0	0.00000	0
274	A	1.00000	0	0.00000	0
275	D	1.00000	0	0.00000	0
276	V	1.00000	0	0.00000	0
277	K	1.00000	0	0.00000	0
278	P	1.00000	0	0.00000	0
279	E	1.00000	0	0.00000	0
280	D	1.00000	0	0.00000	0
281	I	1.00000	0	0.00000	0
282	S	1.00000	0	0.00000	0
283	V	1.00000	0	0.00000	0
284	A	1.00000	0	0.00000	0
285	A	1.00000	0	0.00000	0
286	E	1.00000	0	0.00000	0
287	R	1.00000	0	0.00000	0
288	R	1.00000	0	0.00000	0
289	R	1.00000	0	0.00000	0
290	R	1.00000	0	0.00000	0
291	R	1.00000	0	0.00000	0
292	C	1.00000	0	0.00000	0
293	A	1.00000	0	0.00000	0
294	L	1.00000	0	0.00000	0
295	R	1.00000	0	0.00000	0
296	R	1.00000	0	0.00000	0
297	G	1.00000	0	0.00000	0
298	G	1.00000	0	0.00000	0
299	R	1.00000	0	0.00000	0
300	R	1.00000	0	0.00000	0
301	R	1.00000	0	0.00000	0
302	A	1.00000	0	0.00000	0
303	S	1.00000	0	0.00000	0
304	G	1.00000	0	0.00000	0
305	E	1.00000	0	0.00000	0
306	G	1.00000	0	0.00000	0
307	A	1.00000	0	0.00000	0
308	A	1.00000	0	0.00000	0
309	D	1.00000	0	0.00000	0
310	G	1.00000	0	0.00000	0
311	E	1.00000	0	0.00000	0
312	G	1.00000	0	0.00000	0
313	S	1.00000	0	0.00000	0
314	G	1.00000	0	0.00000	0
315	P	1.00000	0	0.00000	0
316	G	1.00000	0	0.00000	0
317	T	1.00000	0	0.00000	0
318	G	1.00000	0	0.00000	0
319	T	1.00000	0	0.00000	0
320	A	1.00000	0	0.00000	0
321	E	1.00000	0	0.00000	0
322	P	1.00000	0	0.00000	0
323	G	1.00000	0	0.00000	0
324	A	1.00000	0	0.00000	0
325	M	1.00000	0	0.00000	0
326	A	1.00000	0	0.00000	0
327	A	1.00000	0	0.00000	0
328	A	1.00000	0	0.00000	0
329	R	1.00000	0	0.00000	0
330	S	1.00000	0	0.00000	0
331	P	1.00000	0	0.00000	0
332	V	1.00000	0	0.00000	0
333	P	1.00000	0	0.00000	0
334	S	1.00000	0	0.00000	0
335	W	1.00000	0	0.00000	0
336	R	1.00000	0	0.00000	0
337	L	1.00000	0	0.00000	0
338	S	1.00000	0	0.00000	0
339	R	1.00000	0	0.00000	0
340	A	1.00000	0	0.00000	0
341	S	1.00000	0	0.00000	0
342	S	1.00000	0	0.00000	0
343	R	1.00000	0	0.00000	0
344	S	1.00000	0	0.00000	0
345	V	1.00000	0	0.00000	0
346	E	1.00000	0	0.00000	0
347	F	1.00000	0	0.00000	0
348	F	1.00000	0	0.00000	0
349	L	1.00000	0	0.00000	0
350	S	1.00000	0	0.00000	0
351	R	1.00000	0	0.00000	0
352	R	1.00000	0	0.00000	0
353	R	1.00000	0	0.00000	0
354	R	1.00000	0	0.00000	0
355	A	1.00000	0	0.00000	0
356	R	1.00000	0	0.00000	0
357	S	1.00000	0	0.00000	0
358	S	1.00000	0	0.00000	0
359	V	1.00000	0	0.00000	0
360	C	1.00000	0	0.00000	0
361	R	1.00000	0	0.00000	0
362	R	1.00000	0	0.00000	0
363	K	1.00000	0	0.00000	0
364	V	1.00000	0	0.00000	0
365	A	1.00000	0	0.00000	0
366	Q	1.00000	0	0.00000	0
367	A	1.00000	0	0.00000	0
368	R	1.00000	0	0.00000	0
369	E	1.00000	0	0.00000	0
370	K	0.96435	0	0.03565	0
371	R	0.96288	0	0.03712	0
372	F	0.68473	0	0.31527	0
373	T	0.44918	0	0.55082	0
374	F	0.16886	0	0.83114	0
375	V	0.07832	0	0.92168	0
376	L	0.00094	0	0.99906	0
377	A	0.00002	0	0.99998	0
378	V	0.00001	0	0.99999	0
379	V	0.00000	0	1.00000	0
380	M	0.00000	0	1.00000	0
381	G	0.00000	0	1.00000	0
382	V	0.00000	0	1.00000	0
383	F	0.00000	0	1.00000	0
384	V	0.00000	0	1.00000	0
385	L	0.00000	0	1.00000	0
386	C	0.00000	0	1.00000	0
387	W	0.00000	0	1.00000	0
388	F	0.00000	0	1.00000	0
389	P	0.00000	0	1.00000	0
390	F	0.00000	0	1.00000	0
391	F	0.00000	1e-05	0.99999	0
392	F	0.00000	0.00144	0.99856	0
393	S	0.00000	0.02171	0.97829	0
394	Y	0.00000	0.04233	0.95767	0
395	S	0.00000	0.13401	0.86599	0
396	L	0.00000	0.19254	0.80746	0
397	Y	0.00000	0.47812	0.52188	0
398	G	0.00000	0.78302	0.21698	0
399	I	0.00000	0.89932	0.10068	0
400	C	0.00000	0.99	0.01000	0
401	R	0.00000	0.9997	0.00030	0
402	E	0.00000	0.99999	0.00001	0
403	A	0.00000	1	0.00000	0
404	C	0.00000	1	0.00000	0
405	R	0.00000	1	0.00000	0
406	V	0.00000	1	0.00000	0
407	P	0.00000	1	0.00000	0
408	G	0.00000	0.9999	0.00010	0
409	P	0.00000	0.9974	0.00260	0
410	L	0.00000	0.96638	0.03362	0
411	F	0.00000	0.95828	0.04172	0
412	K	0.00000	0.72421	0.27579	0
413	F	0.00000	0.00648	0.99352	0
414	F	0.00000	0.00033	0.99967	0
415	F	0.00000	0	1.00000	0
416	W	0.00000	0	1.00000	0
417	I	0.00000	0	1.00000	0
418	G	0.00000	0	1.00000	0
419	Y	0.00000	0	1.00000	0
420	C	0.00000	0	1.00000	0
421	N	0.00000	0	1.00000	0
422	S	0.00000	0	1.00000	0
423	S	0.00000	0	1.00000	0
424	L	0.00000	0	1.00000	0
425	N	0.00000	0	1.00000	0
426	P	0.00000	0	1.00000	0
427	V	0.00000	0	1.00000	0
428	I	0.00000	0	1.00000	0
429	Y	0.00000	0	1.00000	0
430	T	0.00003	0	0.99997	0
431	V	0.00064	0	0.99936	0
432	F	0.03275	0	0.96725	0
433	N	0.52360	0	0.47640	0
434	Q	0.98252	0	0.01748	0
435	D	0.99591	0	0.00409	0
436	F	0.99854	0	0.00146	0
437	R	1.00000	0	0.00000	0
438	R	1.00000	0	0.00000	0
439	S	1.00000	0	0.00000	0
440	F	1.00000	0	0.00000	0
441	K	1.00000	0	0.00000	0
442	H	1.00000	0	0.00000	0
443	I	1.00000	0	0.00000	0
444	L	1.00000	0	0.00000	0
445	F	1.00000	0	0.00000	0
446	R	1.00000	0	0.00000	0
447	R	1.00000	0	0.00000	0
448	R	1.00000	0	0.00000	0
449	R	1.00000	0	0.00000	0
450	K	1.00000	0	0.00000	0
451	G	1.00000	0	0.00000	0
452	F	1.00000	0	0.00000	0
453	R	1.00000	0	0.00000	0
454	Q	1.00000	0	0.00000	0
