# UNNAMED
#pos	aa	i	o	M	S
1	M	0.00000	1	0.00000	0
2	E	0.00000	1	0.00000	0
3	A	0.00000	1	0.00000	0
4	A	0.00000	0.15746	0.84254	0
5	L	0.00000	0.02996	0.97004	0
6	F	0.00000	0.00199	0.99801	0
7	S	0.00000	0.00175	0.99825	0
8	E	0.00000	0.00033	0.99967	0
9	V	0.00000	1e-05	0.99999	0
10	Q	0.00000	0	1.00000	0
11	L	0.00000	0	1.00000	0
12	Y	0.00000	0	1.00000	0
13	L	0.00000	0	1.00000	0
14	G	0.00000	0	1.00000	0
15	I	0.00000	0	1.00000	0
16	T	0.00000	0	1.00000	0
17	K	0.00000	0	1.00000	0
18	P	0.00000	0	1.00000	0
19	L	0.00000	0	1.00000	0
20	T	0.00000	0	1.00000	0
21	Y	0.00056	0	0.99944	0
22	P	0.66432	0	0.33568	0
23	V	0.67412	0	0.32588	0
24	R	0.96505	0	0.03495	0
25	Q	0.99570	0	0.00430	0
26	N	0.99974	0	0.00026	0
27	G	0.99973	0	0.00027	0
28	C	0.99074	0	0.00926	0
29	C	0.93923	0	0.06077	0
30	M	0.76936	0	0.23064	0
31	A	0.62909	0	0.37091	0
32	K	0.54550	0	0.45450	0
33	M	0.07027	0	0.92973	0
34	I	0.00006	0	0.99994	0
35	L	0.00000	0	1.00000	0
36	S	0.00000	0	1.00000	0
37	V	0.00000	0	1.00000	0
38	W	0.00000	0	1.00000	0
39	L	0.00000	0	1.00000	0
40	L	0.00000	0	1.00000	0
41	S	0.00000	0	1.00000	0
42	A	0.00000	0	1.00000	0
43	S	0.00000	0	1.00000	0
44	I	0.00000	0	1.00000	0
45	T	0.00000	0	1.00000	0
46	L	0.00000	0	1.00000	0
47	P	0.00000	0	1.00000	0
48	P	0.00000	7e-05	0.99993	0
49	L	0.00000	0.00249	0.99751	0
50	F	0.00000	0.01597	0.98403	0
51	G	0.00000	0.19712	0.80288	0
52	W	0.00000	0.99469	0.00531	0
53	A	0.00000	0.99997	0.00003	0
54	Q	0.00000	0.99999	0.00001	0
55	N	0.00000	1	0.00000	0
56	V	0.00000	1	0.00000	0
57	N	0.00000	1	0.00000	0
58	D	0.00000	1	0.00000	0
59	G	0.00000	0.99999	0.00001	0
60	R	0.00000	0.99996	0.00004	0
61	V	0.00000	0.99994	0.00006	0
62	C	0.00000	0.99991	0.00009	0
63	L	0.00000	0.9917	0.00830	0
64	I	0.00000	0.99149	0.00851	0
65	S	0.00000	0.99137	0.00863	0
66	Q	0.00000	0.9862	0.01380	0
67	D	0.00000	0.97244	0.02756	0
68	F	0.00000	0.683	0.31700	0
69	G	0.00000	0.29592	0.70408	0
70	Y	0.00000	0.12388	0.87612	0
71	T	0.00000	0.08035	0.91965	0
72	V	0.00000	0.03688	0.96312	0
73	Y	0.00000	0.01899	0.98101	0
74	S	0.00000	0.01567	0.98433	0
75	T	0.00000	0.01004	0.98996	0
76	A	0.00000	0.00113	0.99887	0
77	V	0.00001	1e-05	0.99998	0
78	A	0.00001	0	0.99999	0
79	F	0.00001	0	0.99999	0
80	Y	0.00001	0	0.99999	0
81	I	0.00062	0	0.99938	0
82	P	0.00832	0	0.99168	0
83	M	0.00832	0	0.99168	0
84	S	0.00832	0	0.99168	0
85	V	0.00832	0	0.99168	0
86	M	0.00832	0	0.99168	0
87	L	0.00832	0	0.99168	0
88	I	0.00840	0	0.99160	0
89	M	0.01253	0	0.98747	0
90	Y	0.02382	0	0.97618	0
91	Y	0.03978	0	0.96022	0
92	R	0.29281	0	0.70719	0
93	I	0.81468	0	0.18532	0
94	Y	0.84832	0	0.15168	0
95	R	0.97409	0	0.02591	0
96	A	0.98874	0	0.01126	0
97	A	0.99168	0	0.00832	0
98	K	0.99168	0	0.00832	0
99	L	0.99168	0	0.00832	0
100	S	0.99168	0	0.00832	0
101	A	0.99168	0	0.00832	0
102	A	0.99167	0	0.00833	0
103	K	0.99160	0	0.00840	0
104	H	0.98401	0	0.01599	0
105	T	0.82995	0	0.17005	0
106	I	0.77611	0	0.22389	0
107	T	0.54977	0	0.45023	0
108	G	0.17109	1e-05	0.82891	0
109	F	0.06994	1e-05	0.93005	0
110	P	0.06784	1e-05	0.93215	0
111	R	0.06412	0.00071	0.93516	0
112	E	0.01520	0.00328	0.98152	0
113	A	0.00036	0.00377	0.99587	0
114	E	0.00012	0.00806	0.99182	0
115	E	0.00001	0.0083	0.99169	0
116	E	0.00000	0.00832	0.99167	0
117	S	0.00000	0.00832	0.99168	0
118	L	0.00000	0.00832	0.99168	0
119	D	0.00000	0.00832	0.99168	0
120	C	0.00000	0.00832	0.99168	0
121	V	0.00000	0.00831	0.99169	0
122	A	0.00000	0.00831	0.99169	0
123	A	0.00000	0.00831	0.99169	0
124	A	0.00000	0.00704	0.99296	0
125	L	0.00000	0.00662	0.99338	0
126	K	0.00000	0.28347	0.71653	0
127	L	0.00000	0.30606	0.69394	0
128	Q	0.00000	0.75532	0.24468	0
129	R	0.00000	0.91371	0.08629	0
130	E	0.00000	0.92479	0.07521	0
131	V	0.00000	0.92715	0.07285	0
132	E	0.00000	0.98345	0.01655	0
133	E	0.00000	0.99135	0.00865	0
134	E	0.00000	0.99168	0.00832	0
135	C	0.00000	0.99168	0.00832	0
136	S	0.00000	0.99167	0.00833	0
137	S	0.00000	0.99167	0.00833	0
138	R	0.00000	0.99167	0.00833	0
139	V	0.00000	0.99167	0.00833	0
140	S	0.00000	0.99167	0.00833	0
141	R	0.00000	0.99168	0.00832	0
142	L	0.00000	0.99168	0.00832	0
143	L	0.00003	0.99168	0.00830	0
144	K	0.00026	0.99168	0.00806	0
145	S	0.00059	0.99168	0.00773	0
146	G	0.00335	0.99168	0.00498	0
147	E	0.00387	0.99168	0.00446	0
148	H	0.00417	0.99168	0.00416	0
149	Y	0.00507	0.99168	0.00326	0
150	Q	0.00761	0.99168	0.00071	0
151	R	0.00809	0.99168	0.00023	0
152	R	0.00826	0.99168	0.00007	0
153	K	0.00831	0.99168	0.00001	0
154	R	0.00832	0.99168	0.00001	0
155	K	0.00832	0.99168	0.00001	0
156	N	0.00832	0.99016	0.00152	0
157	Q	0.00832	0.98807	0.00361	0
158	S	0.00832	0.98419	0.00748	0
159	I	0.00832	0.98419	0.00748	0
160	F	0.00832	0.98418	0.00749	0
161	K	0.00832	0.98418	0.00749	0
162	R	0.00832	0.98418	0.00749	0
163	E	0.00832	0.98417	0.00750	0
164	Q	0.00829	0.98371	0.00800	0
165	K	0.00828	0.98335	0.00837	0
166	A	0.00125	0.01083	0.98792	0
167	A	0.00123	0.00763	0.99115	0
168	A	0.00083	0.00563	0.99354	0
169	T	0.00063	0.00523	0.99414	0
170	L	0.00001	0.00025	0.99974	0
171	G	0.00000	0.00018	0.99982	0
172	I	0.00000	7e-05	0.99993	0
173	V	0.00000	0	1.00000	0
174	V	0.00000	0	1.00000	0
175	G	0.00000	0	1.00000	0
176	A	0.00002	0	0.99998	0
177	F	0.00061	0	0.99939	0
178	T	0.00741	0	0.99259	0
179	F	0.00742	0	0.99258	0
180	C	0.00747	0	0.99253	0
181	W	0.00748	0	0.99252	0
182	L	0.00748	0	0.99252	0
183	P	0.00749	0	0.99251	0
184	F	0.00749	0	0.99251	0
185	F	0.00749	0	0.99251	0
186	L	0.00701	1e-05	0.99298	0
187	V	0.00183	0.0002	0.99798	0
188	S	0.05510	0.00137	0.94353	0
189	T	0.48651	0.00334	0.51014	0
190	A	0.73176	0.00458	0.26366	0
191	R	0.96505	0.00744	0.02750	0
192	P	0.97297	0.00757	0.01945	0
193	F	0.97316	0.00762	0.01923	0
194	V	0.97479	0.00785	0.01736	0
195	C	0.97900	0.0083	0.01270	0
196	G	0.98402	0.00832	0.00765	0
197	V	0.98403	0.00832	0.00764	0
198	E	0.98418	0.00832	0.00750	0
199	C	0.98414	0.00832	0.00754	0
200	S	0.98396	0.00832	0.00772	0
201	C	0.98396	0.00832	0.00772	0
202	V	0.98395	0.00832	0.00773	0
203	P	0.98395	0.00832	0.00773	0
204	L	0.98392	0.00828	0.00780	0
205	W	0.98392	0.00826	0.00782	0
206	L	0.98392	0.00828	0.00780	0
207	E	0.98392	0.01566	0.00042	0
208	R	0.98066	0.01336	0.00597	0
209	T	0.06038	0.00075	0.93887	0
210	L	0.00005	3e-05	0.99992	0
211	L	0.00000	0	1.00000	0
212	W	0.00000	0	1.00000	0
213	L	0.00000	1e-05	0.99999	0
214	G	0.00000	1e-05	0.99999	0
215	Y	0.00000	1e-05	0.99999	0
216	A	0.00000	1e-05	0.99999	0
217	N	0.00000	2e-05	0.99998	0
218	S	0.00000	2e-05	0.99998	0
219	L	0.00000	2e-05	0.99998	0
220	I	0.00000	0.00015	0.99985	0
221	N	0.00000	0.00021	0.99979	0
222	P	0.00000	9e-05	0.99991	0
223	F	0.00000	0	1.00000	0
224	I	0.00000	0	1.00000	0
225	Y	0.00000	0	1.00000	0
226	A	0.00000	0	1.00000	0
227	F	0.00000	2e-05	0.99998	0
228	F	0.00042	0.01038	0.98920	0
229	N	0.00759	0.58053	0.41188	0
230	R	0.01580	0.96878	0.01542	0
231	D	0.01580	0.98373	0.00046	0
232	L	0.01580	0.98352	0.00067	0
233	R	0.01580	0.98367	0.00053	0
234	T	0.01580	0.98356	0.00063	0
235	T	0.01580	0.98317	0.00103	0
236	Y	0.01580	0.98221	0.00199	0
237	S	0.01580	0.90615	0.07805	0
238	N	0.01580	0.86564	0.11856	0
239	L	0.01581	0.00529	0.97890	0
240	L	0.01582	0.00088	0.98330	0
241	R	0.01605	0.00069	0.98326	0
242	C	0.01605	0.00064	0.98332	0
243	R	0.01605	0.00062	0.98333	0
244	Y	0.01605	0.00061	0.98335	0
245	R	0.01605	0.00041	0.98355	0
246	N	0.01605	0	0.98395	0
247	I	0.01605	0	0.98395	0
248	N	0.01605	0	0.98395	0
249	R	0.01605	0	0.98395	0
250	K	0.01605	0	0.98395	0
251	L	0.01605	0	0.98395	0
252	S	0.01605	0	0.98395	0
253	A	0.01605	0	0.98395	0
254	A	0.01605	0	0.98395	0
255	G	0.01605	0	0.98395	0
256	M	0.01727	0	0.98273	0
257	H	0.03474	0	0.96526	0
258	E	0.99891	0	0.00109	0
259	A	0.99892	0	0.00108	0
260	L	0.99899	0	0.00101	0
261	K	0.99935	0	0.00065	0
262	L	0.99935	0	0.00065	0
263	V	0.99935	0	0.00065	0
264	E	1.00000	0	0.00000	0
265	K	1.00000	0	0.00000	0
266	P	1.00000	0	0.00000	0
267	D	1.00000	0	0.00000	0
268	A	1.00000	0	0.00000	0
