# UNNAMED
#pos	aa	i	o	M	S
1	M	0.00000	0.99909	0.00000	0.00091
2	A	0.00000	0.99909	0.00000	0.00091
3	L	0.00000	0.99909	0.00000	0.00091
4	Q	0.00000	0.99909	0.00000	0.00091
5	L	0.00000	0.99909	0.00000	0.00091
6	S	0.00000	0.99909	0.00000	0.00091
7	R	0.00000	0.99909	0.00000	0.00091
8	N	0.00000	0.99909	0.00000	0.00091
9	L	0.00000	0.99909	0.00000	0.00091
10	T	0.00000	0.99909	0.00000	0.00091
11	D	0.00000	0.99909	0.00000	0.00091
12	T	0.00000	0.99909	0.00000	0.00091
13	G	0.00000	0.99909	0.00000	0.00091
14	L	0.00000	0.99909	0.00000	0.00091
15	D	0.00000	0.99998	0.00000	2e-05
16	E	0.00000	0.99998	0.00000	2e-05
17	Y	0.00000	1	0.00000	0
18	M	0.00000	1	0.00000	0
19	N	0.00000	1	0.00000	0
20	G	0.00000	1	0.00000	0
21	T	0.00000	1	0.00000	0
22	D	0.00000	1	0.00000	0
23	N	0.00000	1	0.00000	0
24	A	0.00000	1	0.00000	0
25	T	0.00000	1	0.00000	0
26	T	0.00000	1	0.00000	0
27	P	0.00000	1	0.00000	0
28	E	0.00000	1	0.00000	0
29	P	0.00000	1	0.00000	0
30	T	0.00000	1	0.00000	0
31	S	0.00000	1	0.00000	0
32	A	0.00000	1	0.00000	0
33	P	0.00000	1	0.00000	0
34	G	0.00000	1	0.00000	0
35	P	0.00000	1	0.00000	0
36	I	0.00000	1	0.00000	0
37	R	0.00000	0.99999	0.00001	0
38	K	0.00000	0.99984	0.00016	0
39	N	0.00000	0.99303	0.00697	0
40	W	0.00000	0.84026	0.15974	0
41	P	0.00000	0.75993	0.24007	0
42	A	0.00000	0.57403	0.42597	0
43	L	0.00000	0.27897	0.72103	0
44	L	0.00000	0.12712	0.87288	0
45	I	0.00000	0.01689	0.98311	0
46	L	0.00000	0.00374	0.99626	0
47	I	0.00000	8e-05	0.99992	0
48	V	0.00000	0	1.00000	0
49	I	0.00000	0	1.00000	0
50	I	0.00000	0	1.00000	0
51	I	0.00000	0	1.00000	0
52	T	0.00000	0	1.00000	0
53	V	0.00000	0	1.00000	0
54	A	0.00000	0	1.00000	0
55	G	0.00000	0	1.00000	0
56	N	0.00000	0	1.00000	0
57	I	0.00000	0	1.00000	0
58	L	0.00000	0	1.00000	0
59	V	0.00000	0	1.00000	0
60	I	0.00000	0	1.00000	0
61	L	0.00031	0	0.99969	0
62	A	0.01664	0	0.98336	0
63	V	0.05232	0	0.94768	0
64	A	0.23699	0	0.76301	0
65	L	0.51079	0	0.48921	0
66	E	0.98834	0	0.01166	0
67	K	0.99982	0	0.00018	0
68	K	1.00000	0	0.00000	0
69	L	1.00000	0	0.00000	0
70	Q	1.00000	0	0.00000	0
71	T	0.99995	0	0.00005	0
72	A	0.99827	0	0.00173	0
73	T	0.97615	0	0.02385	0
74	N	0.21140	0	0.78860	0
75	F	0.03488	0	0.96512	0
76	F	0.00042	0	0.99958	0
77	L	0.00002	0	0.99998	0
78	M	0.00000	0	1.00000	0
79	S	0.00000	0	1.00000	0
80	L	0.00000	0	1.00000	0
81	A	0.00000	0	1.00000	0
82	V	0.00000	0	1.00000	0
83	A	0.00000	0	1.00000	0
84	D	0.00000	0	1.00000	0
85	M	0.00000	0	1.00000	0
86	L	0.00000	0	1.00000	0
87	V	0.00000	0	1.00000	0
88	G	0.00000	0	1.00000	0
89	L	0.00000	0	1.00000	0
90	L	0.00000	0	1.00000	0
91	V	0.00000	0	1.00000	0
92	M	0.00000	0.00029	0.99971	0
93	P	0.00000	0.01006	0.98994	0
94	V	0.00000	0.03958	0.96042	0
95	S	0.00000	0.29116	0.70884	0
96	V	0.00000	0.39705	0.60295	0
97	L	0.00000	0.62521	0.37479	0
98	T	0.00000	0.998	0.00200	0
99	I	0.00000	0.99811	0.00189	0
100	L	0.00000	0.99831	0.00169	0
101	Y	0.00000	0.9998	0.00020	0
102	E	0.00000	0.99999	0.00001	0
103	Y	0.00000	1	0.00000	0
104	T	0.00000	1	0.00000	0
105	W	0.00000	1	0.00000	0
106	P	0.00000	1	0.00000	0
107	L	0.00000	1	0.00000	0
108	P	0.00000	1	0.00000	0
109	K	0.00000	1	0.00000	0
110	Q	0.00000	1	0.00000	0
111	L	0.00000	1	0.00000	0
112	C	0.00000	0.99999	0.00001	0
113	P	0.00000	0.99996	0.00004	0
114	M	0.00000	0.99903	0.00097	0
115	W	0.00000	0.91518	0.08482	0
116	I	0.00000	0.44335	0.55665	0
117	S	0.00000	0.35617	0.64383	0
118	L	0.00000	0.01852	0.98148	0
119	D	0.00000	0.00646	0.99354	0
120	V	0.00000	0.0002	0.99980	0
121	L	0.00000	0	1.00000	0
122	F	0.00000	0	1.00000	0
123	S	0.00000	0	1.00000	0
124	T	0.00000	0	1.00000	0
125	A	0.00000	0	1.00000	0
126	S	0.00000	0	1.00000	0
127	I	0.00000	0	1.00000	0
128	M	0.00000	0	1.00000	0
129	H	0.00000	0	1.00000	0
130	L	0.00000	0	1.00000	0
131	C	0.00000	0	1.00000	0
132	A	0.00000	0	1.00000	0
133	I	0.00000	0	1.00000	0
134	S	0.00000	0	1.00000	0
135	L	0.00000	0	1.00000	0
136	D	0.00001	0	0.99999	0
137	R	0.01887	0	0.98113	0
138	Y	0.20839	0	0.79161	0
139	I	0.68688	0	0.31312	0
140	A	0.80508	0	0.19492	0
141	I	0.99999	0	0.00001	0
142	R	1.00000	0	0.00000	0
143	N	1.00000	0	0.00000	0
144	P	1.00000	0	0.00000	0
145	I	1.00000	0	0.00000	0
146	E	1.00000	0	0.00000	0
147	H	1.00000	0	0.00000	0
148	S	1.00000	0	0.00000	0
149	R	1.00000	0	0.00000	0
150	F	1.00000	0	0.00000	0
151	N	1.00000	0	0.00000	0
152	S	1.00000	0	0.00000	0
153	R	1.00000	0	0.00000	0
154	T	0.99991	0	0.00009	0
155	K	0.99808	0	0.00192	0
156	A	0.56504	0	0.43496	0
157	L	0.15259	0	0.84741	0
158	L	0.03764	0	0.96236	0
159	K	0.03192	0	0.96808	0
160	I	0.00006	0	0.99994	0
161	A	0.00000	0	1.00000	0
162	I	0.00000	0	1.00000	0
163	V	0.00000	0	1.00000	0
164	W	0.00000	0	1.00000	0
165	T	0.00000	0	1.00000	0
166	I	0.00000	0	1.00000	0
167	S	0.00000	0	1.00000	0
168	M	0.00000	0	1.00000	0
169	A	0.00000	0	1.00000	0
170	V	0.00000	0	1.00000	0
171	S	0.00000	0	1.00000	0
172	L	0.00000	0	1.00000	0
173	P	0.00000	0	1.00000	0
174	I	0.00000	2e-05	0.99998	0
175	P	0.00000	0.00183	0.99817	0
176	I	0.00000	0.00891	0.99109	0
177	I	0.00000	0.10566	0.89434	0
178	G	0.00000	0.48918	0.51082	0
179	L	0.00000	0.64987	0.35013	0
180	R	0.00000	0.98554	0.01446	0
181	D	0.00000	0.99999	0.00001	0
182	E	0.00000	1	0.00000	0
183	S	0.00000	1	0.00000	0
184	K	0.00000	1	0.00000	0
185	V	0.00000	1	0.00000	0
186	F	0.00000	1	0.00000	0
187	V	0.00000	1	0.00000	0
188	N	0.00000	1	0.00000	0
189	G	0.00000	1	0.00000	0
190	S	0.00000	1	0.00000	0
191	C	0.00000	1	0.00000	0
192	T	0.00000	1	0.00000	0
193	L	0.00000	1	0.00000	0
194	N	0.00000	0.99999	0.00001	0
195	E	0.00000	0.99998	0.00002	0
196	P	0.00000	0.99868	0.00132	0
197	N	0.00000	0.79418	0.20582	0
198	F	0.00000	0.01612	0.98388	0
199	V	0.00000	0.00829	0.99171	0
200	L	0.00000	0.00101	0.99899	0
201	I	0.00000	0.00036	0.99964	0
202	G	0.00000	0.00031	0.99969	0
203	S	0.00000	0.0002	0.99980	0
204	F	0.00000	0.00013	0.99987	0
205	V	0.00000	0	1.00000	0
206	A	0.00000	0	1.00000	0
207	F	0.00000	0	1.00000	0
208	F	0.00000	0	1.00000	0
209	I	0.00000	0	1.00000	0
210	P	0.00000	0	1.00000	0
211	L	0.00000	0	1.00000	0
212	F	0.00000	0	1.00000	0
213	I	0.00000	0	1.00000	0
214	M	0.00000	0	1.00000	0
215	V	0.00000	0	1.00000	0
216	I	0.00000	0	1.00000	0
217	T	0.00000	0	1.00000	0
218	Y	0.00001	0	0.99999	0
219	C	0.00071	0	0.99929	0
220	L	0.01717	0	0.98283	0
221	T	0.17881	0	0.82119	0
222	I	0.25050	0	0.74950	0
223	Q	0.98014	0	0.01986	0
224	V	0.98246	0	0.01754	0
225	L	0.98871	0	0.01129	0
226	Q	0.99973	0	0.00027	0
227	G	0.99992	0	0.00008	0
228	Q	0.99999	0	0.00001	0
229	S	0.99999	0	0.00001	0
230	S	0.99999	0	0.00001	0
231	V	0.99999	0	0.00001	0
232	F	0.99999	0	0.00001	0
233	A	1.00000	0	0.00000	0
234	P	1.00000	0	0.00000	0
235	E	1.00000	0	0.00000	0
236	R	1.00000	0	0.00000	0
237	R	1.00000	0	0.00000	0
238	R	1.00000	0	0.00000	0
239	K	1.00000	0	0.00000	0
240	R	1.00000	0	0.00000	0
241	S	1.00000	0	0.00000	0
242	K	1.00000	0	0.00000	0
243	F	1.00000	0	0.00000	0
244	G	1.00000	0	0.00000	0
245	C	1.00000	0	0.00000	0
246	L	1.00000	0	0.00000	0
247	R	1.00000	0	0.00000	0
248	R	1.00000	0	0.00000	0
249	E	1.00000	0	0.00000	0
250	R	1.00000	0	0.00000	0
251	S	1.00000	0	0.00000	0
252	A	1.00000	0	0.00000	0
253	H	1.00000	0	0.00000	0
254	N	1.00000	0	0.00000	0
255	I	1.00000	0	0.00000	0
256	S	1.00000	0	0.00000	0
257	M	1.00000	0	0.00000	0
258	I	1.00000	0	0.00000	0
259	H	1.00000	0	0.00000	0
260	N	1.00000	0	0.00000	0
261	P	1.00000	0	0.00000	0
262	N	1.00000	0	0.00000	0
263	T	1.00000	0	0.00000	0
264	G	1.00000	0	0.00000	0
265	G	1.00000	0	0.00000	0
266	P	1.00000	0	0.00000	0
267	V	1.00000	0	0.00000	0
268	R	1.00000	0	0.00000	0
269	L	1.00000	0	0.00000	0
270	L	1.00000	0	0.00000	0
271	S	1.00000	0	0.00000	0
272	P	1.00000	0	0.00000	0
273	G	1.00000	0	0.00000	0
274	H	1.00000	0	0.00000	0
275	R	1.00000	0	0.00000	0
276	E	1.00000	0	0.00000	0
277	G	1.00000	0	0.00000	0
278	Y	1.00000	0	0.00000	0
279	R	1.00000	0	0.00000	0
280	K	1.00000	0	0.00000	0
281	G	1.00000	0	0.00000	0
282	T	1.00000	0	0.00000	0
283	M	1.00000	0	0.00000	0
284	Q	1.00000	0	0.00000	0
285	A	1.00000	0	0.00000	0
286	I	1.00000	0	0.00000	0
287	A	1.00000	0	0.00000	0
288	N	1.00000	0	0.00000	0
289	E	1.00000	0	0.00000	0
290	R	0.99741	0	0.00259	0
291	R	0.99709	0	0.00291	0
292	A	0.48920	0	0.51080	0
293	S	0.48621	0	0.51379	0
294	K	0.06775	0	0.93225	0
295	V	0.00769	0	0.99231	0
296	L	0.00096	0	0.99904	0
297	G	0.00083	0	0.99917	0
298	I	0.00001	0	0.99999	0
299	V	0.00001	0	0.99999	0
300	F	0.00001	0	0.99999	0
301	F	0.00000	0	1.00000	0
302	L	0.00000	0	1.00000	0
303	F	0.00000	0	1.00000	0
304	L	0.00000	0	1.00000	0
305	L	0.00000	0	1.00000	0
306	M	0.00000	0	1.00000	0
307	W	0.00000	0	1.00000	0
308	C	0.00000	0	1.00000	0
309	P	0.00000	0	1.00000	0
310	F	0.00000	0	1.00000	0
311	F	0.00000	0	1.00000	0
312	I	0.00000	2e-05	0.99998	0
313	T	0.00000	0.0003	0.99970	0
314	N	0.00000	0.0039	0.99610	0
315	I	0.00000	0.00554	0.99446	0
316	M	0.00000	0.01226	0.98774	0
317	A	0.00000	0.04946	0.95054	0
318	V	0.00000	0.13961	0.86039	0
319	M	0.00000	0.32208	0.67792	0
320	C	0.00000	0.94487	0.05513	0
321	T	0.00000	0.99108	0.00892	0
322	Q	0.00000	0.99945	0.00055	0
323	S	0.00000	0.99989	0.00011	0
324	C	0.00000	1	0.00000	0
325	R	0.00000	1	0.00000	0
326	K	0.00000	1	0.00000	0
327	S	0.00000	1	0.00000	0
328	T	0.00000	0.99988	0.00012	0
329	M	0.00000	0.99925	0.00075	0
330	D	0.00000	0.99922	0.00078	0
331	E	0.00000	0.99728	0.00272	0
332	L	0.00000	0.98775	0.01225	0
333	L	0.00000	0.98248	0.01752	0
334	S	0.00000	0.87033	0.12967	0
335	V	0.00000	0.00795	0.99205	0
336	F	0.00000	0.00035	0.99965	0
337	V	0.00000	0	1.00000	0
338	W	0.00000	0	1.00000	0
339	V	0.00000	0	1.00000	0
340	G	0.00000	0	1.00000	0
341	Y	0.00000	0	1.00000	0
342	V	0.00000	0	1.00000	0
343	C	0.00000	0	1.00000	0
344	S	0.00000	0	1.00000	0
345	G	0.00000	0	1.00000	0
346	I	0.00000	0	1.00000	0
347	N	0.00000	0	1.00000	0
348	P	0.00000	0	1.00000	0
349	L	0.00000	0	1.00000	0
350	V	0.00001	0	0.99999	0
351	Y	0.00009	0	0.99991	0
352	T	0.00033	0	0.99967	0
353	L	0.00085	0	0.99915	0
354	F	0.03613	0	0.96387	0
355	N	0.24657	0	0.75343	0
356	K	1.00000	0	0.00000	0
357	T	1.00000	0	0.00000	0
358	Y	1.00000	0	0.00000	0
359	R	1.00000	0	0.00000	0
360	R	1.00000	0	0.00000	0
361	A	1.00000	0	0.00000	0
362	F	1.00000	0	0.00000	0
363	L	1.00000	0	0.00000	0
364	K	1.00000	0	0.00000	0
365	Y	1.00000	0	0.00000	0
366	L	1.00000	0	0.00000	0
367	S	1.00000	0	0.00000	0
368	F	1.00000	0	0.00000	0
369	G	1.00000	0	0.00000	0
370	W	1.00000	0	0.00000	0
371	L	1.00000	0	0.00000	0
372	G	1.00000	0	0.00000	0
373	T	1.00000	0	0.00000	0
374	T	1.00000	0	0.00000	0
375	K	1.00000	0	0.00000	0
376	S	1.00000	0	0.00000	0
377	P	1.00000	0	0.00000	0
378	P	1.00000	0	0.00000	0
379	R	1.00000	0	0.00000	0
380	Q	1.00000	0	0.00000	0
381	L	1.00000	0	0.00000	0
382	P	1.00000	0	0.00000	0
383	V	1.00000	0	0.00000	0
384	S	1.00000	0	0.00000	0
385	A	1.00000	0	0.00000	0
386	A	1.00000	0	0.00000	0
387	N	1.00000	0	0.00000	0
388	L	1.00000	0	0.00000	0
389	Y	1.00000	0	0.00000	0
390	P	1.00000	0	0.00000	0
391	R	1.00000	0	0.00000	0
392	E	1.00000	0	0.00000	0
393	Y	1.00000	0	0.00000	0
394	T	1.00000	0	0.00000	0
395	G	1.00000	0	0.00000	0
396	R	1.00000	0	0.00000	0
397	E	1.00000	0	0.00000	0
398	Y	1.00000	0	0.00000	0
399	T	1.00000	0	0.00000	0
400	G	1.00000	0	0.00000	0
401	R	1.00000	0	0.00000	0
402	D	1.00000	0	0.00000	0
403	F	1.00000	0	0.00000	0
404	T	1.00000	0	0.00000	0
405	P	1.00000	0	0.00000	0
406	R	1.00000	0	0.00000	0
407	A	1.00000	0	0.00000	0
408	Y	1.00000	0	0.00000	0
409	V	1.00000	0	0.00000	0
410	P	1.00000	0	0.00000	0
411	R	1.00000	0	0.00000	0
412	E	1.00000	0	0.00000	0
413	Y	1.00000	0	0.00000	0
414	S	1.00000	0	0.00000	0
415	P	1.00000	0	0.00000	0
416	S	1.00000	0	0.00000	0
417	H	1.00000	0	0.00000	0
418	H	1.00000	0	0.00000	0
419	E	1.00000	0	0.00000	0
420	D	1.00000	0	0.00000	0
421	D	1.00000	0	0.00000	0
422	V	1.00000	0	0.00000	0
423	P	1.00000	0	0.00000	0
424	Q	1.00000	0	0.00000	0
425	I	1.00000	0	0.00000	0
426	V	1.00000	0	0.00000	0
427	P	1.00000	0	0.00000	0
428	I	1.00000	0	0.00000	0
429	E	1.00000	0	0.00000	0
430	D	1.00000	0	0.00000	0
431	R	1.00000	0	0.00000	0
432	P	1.00000	0	0.00000	0
433	V	1.00000	0	0.00000	0
434	P	1.00000	0	0.00000	0
435	E	1.00000	0	0.00000	0
436	V	1.00000	0	0.00000	0
437	V	1.00000	0	0.00000	0
438	E	1.00000	0	0.00000	0
439	V	1.00000	0	0.00000	0
440	V	1.00000	0	0.00000	0
441	I	1.00000	0	0.00000	0
442	E	1.00000	0	0.00000	0
443	M	1.00000	0	0.00000	0
444	E	1.00000	0	0.00000	0
445	P	1.00000	0	0.00000	0
446	C	1.00000	0	0.00000	0
447	S	1.00000	0	0.00000	0
448	P	1.00000	0	0.00000	0
449	Q	1.00000	0	0.00000	0
450	P	1.00000	0	0.00000	0
451	A	1.00000	0	0.00000	0
452	E	1.00000	0	0.00000	0
453	A	1.00000	0	0.00000	0
454	I	1.00000	0	0.00000	0
455	G	1.00000	0	0.00000	0
456	E	1.00000	0	0.00000	0
457	D	1.00000	0	0.00000	0
458	T	1.00000	0	0.00000	0
459	C	1.00000	0	0.00000	0
460	T	1.00000	0	0.00000	0
461	V	1.00000	0	0.00000	0
462	V	1.00000	0	0.00000	0
463	N	1.00000	0	0.00000	0
464	E	1.00000	0	0.00000	0
465	K	1.00000	0	0.00000	0
466	V	1.00000	0	0.00000	0
467	S	1.00000	0	0.00000	0
468	S	1.00000	0	0.00000	0
469	V	1.00000	0	0.00000	0
