# UNNAMED
#pos	aa	i	o	M	S
1	M	0.00000	0.99991	0.00000	9e-05
2	T	0.00000	0.99991	0.00000	9e-05
3	L	0.00000	0.99991	0.00000	8e-05
4	P	0.00000	0.99991	0.00000	8e-05
5	N	0.00000	0.99991	0.00000	9e-05
6	S	0.00000	0.99991	0.00000	9e-05
7	S	0.00000	0.99991	0.00000	9e-05
8	C	0.00000	0.99991	0.00000	9e-05
9	I	0.00000	0.99991	0.00000	9e-05
10	F	0.00000	0.99991	0.00000	8e-05
11	E	0.00000	0.99991	0.00000	8e-05
12	D	0.00000	0.99991	0.00000	9e-05
13	N	0.00000	0.99991	0.00000	9e-05
14	M	0.00000	0.99991	0.00000	9e-05
15	C	0.00000	0.99991	0.00000	9e-05
16	E	0.00000	0.99998	0.00000	1e-05
17	G	0.00000	0.99999	0.00000	1e-05
18	N	0.00000	1	0.00000	0
19	K	0.00000	1	0.00000	0
20	T	0.00000	1	0.00000	0
21	T	0.00000	1	0.00000	0
22	M	0.00000	1	0.00000	0
23	A	0.00000	0.99986	0.00014	0
24	S	0.00000	0.99972	0.00028	0
25	P	0.00000	0.99631	0.00369	0
26	Q	0.00000	0.98356	0.01644	0
27	W	0.00000	0.86606	0.13394	0
28	M	0.00000	0.82645	0.17355	0
29	P	0.00000	0.63492	0.36508	0
30	L	0.00000	0.17628	0.82372	0
31	V	0.00000	0.07027	0.92973	0
32	V	0.00000	0.0212	0.97880	0
33	V	0.00000	0.00123	0.99877	0
34	L	0.00000	0.00015	0.99985	0
35	S	0.00000	5e-05	0.99995	0
36	T	0.00000	0	1.00000	0
37	I	0.00000	0	1.00000	0
38	S	0.00000	0	1.00000	0
39	L	0.00000	0	1.00000	0
40	V	0.00000	0	1.00000	0
41	T	0.00000	0	1.00000	0
42	V	0.00000	0	1.00000	0
43	G	0.00000	0	1.00000	0
44	L	0.00000	0	1.00000	0
45	N	0.00000	0	1.00000	0
46	L	0.00000	0	1.00000	0
47	L	0.00000	0	1.00000	0
48	V	0.00001	0	0.99999	0
49	L	0.00024	0	0.99976	0
50	Y	0.00261	0	0.99739	0
51	A	0.06948	0	0.93052	0
52	V	0.22410	0	0.77590	0
53	H	0.75009	0	0.24991	0
54	S	0.97647	0	0.02353	0
55	E	0.99999	0	0.00001	0
56	R	1.00000	0	0.00000	0
57	K	1.00000	0	0.00000	0
58	L	0.99993	0	0.00007	0
59	H	0.99958	0	0.00042	0
60	T	0.99890	0	0.00110	0
61	V	0.94324	0	0.05676	0
62	G	0.73331	0	0.26669	0
63	N	0.10238	0	0.89762	0
64	L	0.01436	0	0.98564	0
65	Y	0.00060	0	0.99940	0
66	I	0.00001	0	0.99999	0
67	V	0.00000	0	1.00000	0
68	S	0.00000	0	1.00000	0
69	L	0.00000	0	1.00000	0
70	S	0.00000	0	1.00000	0
71	V	0.00000	0	1.00000	0
72	A	0.00000	0	1.00000	0
73	D	0.00000	0	1.00000	0
74	L	0.00000	0	1.00000	0
75	I	0.00000	0	1.00000	0
76	V	0.00000	0	1.00000	0
77	G	0.00000	0	1.00000	0
78	A	0.00000	0	1.00000	0
79	V	0.00000	0	1.00000	0
80	V	0.00000	0.00012	0.99988	0
81	M	0.00000	0.00141	0.99859	0
82	P	0.00000	0.01981	0.98019	0
83	M	0.00000	0.0578	0.94220	0
84	N	0.00000	0.63622	0.36378	0
85	I	0.00000	0.68286	0.31714	0
86	L	0.00000	0.80774	0.19226	0
87	Y	0.00000	0.99944	0.00056	0
88	L	0.00000	0.99948	0.00052	0
89	L	0.00000	0.99953	0.00047	0
90	M	0.00000	0.99972	0.00028	0
91	S	0.00000	0.99997	0.00003	0
92	R	0.00000	1	0.00000	0
93	W	0.00000	1	0.00000	0
94	S	0.00000	1	0.00000	0
95	L	0.00000	0.99999	0.00001	0
96	G	0.00000	0.99999	0.00001	0
97	R	0.00000	0.99998	0.00002	0
98	P	0.00000	0.99992	0.00008	0
99	L	0.00000	0.999	0.00100	0
100	C	0.00000	0.9984	0.00160	0
101	L	0.00000	0.99581	0.00419	0
102	F	0.00000	0.99502	0.00498	0
103	W	0.00000	0.95009	0.04991	0
104	L	0.00000	0.57146	0.42854	0
105	S	0.00000	0.31807	0.68193	0
106	M	0.00000	0.01234	0.98766	0
107	D	0.00000	0.00385	0.99615	0
108	Y	0.00000	0.00024	0.99976	0
109	V	0.00000	0	1.00000	0
110	A	0.00000	0	1.00000	0
111	S	0.00000	0	1.00000	0
112	T	0.00000	0	1.00000	0
113	A	0.00000	0	1.00000	0
114	S	0.00000	0	1.00000	0
115	I	0.00000	0	1.00000	0
116	F	0.00000	0	1.00000	0
117	S	0.00000	0	1.00000	0
118	V	0.00000	0	1.00000	0
119	F	0.00000	0	1.00000	0
120	I	0.00000	0	1.00000	0
121	L	0.00000	0	1.00000	0
122	C	0.00002	0	0.99998	0
123	I	0.00008	0	0.99992	0
124	D	0.00040	0	0.99960	0
125	R	0.09148	0	0.90852	0
126	Y	0.23232	0	0.76768	0
127	R	0.56019	0	0.43981	0
128	S	0.90165	0	0.09835	0
129	V	0.99996	0	0.00004	0
130	Q	1.00000	0	0.00000	0
131	Q	1.00000	0	0.00000	0
132	P	1.00000	0	0.00000	0
133	L	1.00000	0	0.00000	0
134	R	1.00000	0	0.00000	0
135	Y	1.00000	0	0.00000	0
136	L	1.00000	0	0.00000	0
137	K	1.00000	0	0.00000	0
138	Y	1.00000	0	0.00000	0
139	R	1.00000	0	0.00000	0
140	T	0.99995	0	0.00005	0
141	K	0.99982	0	0.00018	0
142	T	0.97762	0	0.02238	0
143	R	0.94796	0	0.05204	0
144	A	0.23468	0	0.76532	0
145	S	0.11900	0	0.88100	0
146	A	0.05216	0	0.94784	0
147	T	0.03457	0	0.96543	0
148	I	0.00056	0	0.99944	0
149	L	0.00002	0	0.99998	0
150	G	0.00000	0	1.00000	0
151	A	0.00000	0	1.00000	0
152	W	0.00000	0	1.00000	0
153	F	0.00000	0	1.00000	0
154	L	0.00000	0	1.00000	0
155	S	0.00000	0	1.00000	0
156	F	0.00000	0	1.00000	0
157	L	0.00000	0	1.00000	0
158	W	0.00000	0	1.00000	0
159	V	0.00000	0	1.00000	0
160	I	0.00000	0	1.00000	0
161	P	0.00000	0.00013	0.99987	0
162	I	0.00000	0.00055	0.99945	0
163	L	0.00000	0.00888	0.99112	0
164	G	0.00000	0.2396	0.76040	0
165	W	0.00000	0.45296	0.54704	0
166	H	0.00000	0.76579	0.23421	0
167	R	0.00000	0.92166	0.07834	0
168	F	0.00000	0.92649	0.07351	0
169	M	0.00000	0.93677	0.06323	0
170	S	0.00000	0.99144	0.00856	0
171	N	0.00000	0.99998	0.00002	0
172	T	0.00000	1	0.00000	0
173	S	0.00000	1	0.00000	0
174	A	0.00000	1	0.00000	0
175	R	0.00000	1	0.00000	0
176	R	0.00000	1	0.00000	0
177	Q	0.00000	1	0.00000	0
178	D	0.00000	1	0.00000	0
179	K	0.00000	1	0.00000	0
180	C	0.00000	1	0.00000	0
181	E	0.00000	1	0.00000	0
182	T	0.00000	1	0.00000	0
183	D	0.00000	1	0.00000	0
184	F	0.00000	0.99993	0.00007	0
185	Y	0.00000	0.99992	0.00008	0
186	D	0.00000	0.9819	0.01810	0
187	V	0.00000	0.96937	0.03063	0
188	T	0.00000	0.8977	0.10230	0
189	W	0.00000	0.82307	0.17693	0
190	F	0.00000	0.76689	0.23311	0
191	K	0.00000	0.76227	0.23773	0
192	I	0.00000	0.56385	0.43615	0
193	M	0.00000	0.00315	0.99685	0
194	T	0.00000	0.00241	0.99759	0
195	A	0.00000	0.00014	0.99986	0
196	I	0.00000	0.00011	0.99989	0
197	I	0.00000	0	1.00000	0
198	N	0.00000	0	1.00000	0
199	F	0.00000	0	1.00000	0
200	Y	0.00000	0	1.00000	0
201	L	0.00000	0	1.00000	0
202	P	0.00000	0	1.00000	0
203	T	0.00000	0	1.00000	0
204	L	0.00000	0	1.00000	0
205	L	0.00000	0	1.00000	0
206	M	0.00000	0	1.00000	0
207	L	0.00000	0	1.00000	0
208	W	0.00000	0	1.00000	0
209	F	0.00009	0	0.99991	0
210	Y	0.00225	0	0.99775	0
211	A	0.03398	0	0.96602	0
212	K	0.09763	0	0.90237	0
213	I	0.10174	0	0.89826	0
214	Y	0.13529	0	0.86471	0
215	K	0.93052	0	0.06948	0
216	A	0.95077	0	0.04923	0
217	V	0.98291	0	0.01709	0
218	R	0.99931	0	0.00069	0
219	Q	1.00000	0	0.00000	0
220	H	1.00000	0	0.00000	0
221	C	1.00000	0	0.00000	0
222	Q	1.00000	0	0.00000	0
223	H	1.00000	0	0.00000	0
224	R	1.00000	0	0.00000	0
225	E	1.00000	0	0.00000	0
226	L	1.00000	0	0.00000	0
227	I	1.00000	0	0.00000	0
228	N	1.00000	0	0.00000	0
229	G	1.00000	0	0.00000	0
230	S	1.00000	0	0.00000	0
231	L	1.00000	0	0.00000	0
232	P	1.00000	0	0.00000	0
233	S	1.00000	0	0.00000	0
234	F	1.00000	0	0.00000	0
235	S	1.00000	0	0.00000	0
236	E	1.00000	0	0.00000	0
237	I	1.00000	0	0.00000	0
238	K	1.00000	0	0.00000	0
239	L	1.00000	0	0.00000	0
240	R	1.00000	0	0.00000	0
241	P	1.00000	0	0.00000	0
242	E	1.00000	0	0.00000	0
243	N	1.00000	0	0.00000	0
244	P	1.00000	0	0.00000	0
245	K	1.00000	0	0.00000	0
246	V	1.00000	0	0.00000	0
247	G	1.00000	0	0.00000	0
248	A	1.00000	0	0.00000	0
249	K	1.00000	0	0.00000	0
250	K	1.00000	0	0.00000	0
251	P	1.00000	0	0.00000	0
252	G	1.00000	0	0.00000	0
253	K	1.00000	0	0.00000	0
254	E	1.00000	0	0.00000	0
255	S	1.00000	0	0.00000	0
256	S	1.00000	0	0.00000	0
257	W	1.00000	0	0.00000	0
258	E	1.00000	0	0.00000	0
259	V	1.00000	0	0.00000	0
260	L	1.00000	0	0.00000	0
261	K	1.00000	0	0.00000	0
262	M	1.00000	0	0.00000	0
263	K	1.00000	0	0.00000	0
264	L	1.00000	0	0.00000	0
265	K	1.00000	0	0.00000	0
266	D	1.00000	0	0.00000	0
267	A	1.00000	0	0.00000	0
268	G	1.00000	0	0.00000	0
269	G	1.00000	0	0.00000	0
270	G	1.00000	0	0.00000	0
271	P	1.00000	0	0.00000	0
272	V	1.00000	0	0.00000	0
273	L	1.00000	0	0.00000	0
274	K	1.00000	0	0.00000	0
275	P	1.00000	0	0.00000	0
276	P	1.00000	0	0.00000	0
277	R	1.00000	0	0.00000	0
278	R	1.00000	0	0.00000	0
279	D	1.00000	0	0.00000	0
280	S	1.00000	0	0.00000	0
281	K	1.00000	0	0.00000	0
282	E	1.00000	0	0.00000	0
283	V	1.00000	0	0.00000	0
284	K	1.00000	0	0.00000	0
285	S	1.00000	0	0.00000	0
286	P	1.00000	0	0.00000	0
287	V	1.00000	0	0.00000	0
288	S	1.00000	0	0.00000	0
289	F	1.00000	0	0.00000	0
290	S	1.00000	0	0.00000	0
291	Q	1.00000	0	0.00000	0
292	E	1.00000	0	0.00000	0
293	E	1.00000	0	0.00000	0
294	D	1.00000	0	0.00000	0
295	G	1.00000	0	0.00000	0
296	E	1.00000	0	0.00000	0
297	V	1.00000	0	0.00000	0
298	A	1.00000	0	0.00000	0
299	K	1.00000	0	0.00000	0
300	G	1.00000	0	0.00000	0
301	D	1.00000	0	0.00000	0
302	I	1.00000	0	0.00000	0
303	T	1.00000	0	0.00000	0
304	Q	1.00000	0	0.00000	0
305	M	1.00000	0	0.00000	0
306	Q	1.00000	0	0.00000	0
307	I	1.00000	0	0.00000	0
308	V	1.00000	0	0.00000	0
309	E	1.00000	0	0.00000	0
310	E	1.00000	0	0.00000	0
311	A	1.00000	0	0.00000	0
312	D	1.00000	0	0.00000	0
313	G	1.00000	0	0.00000	0
314	E	1.00000	0	0.00000	0
315	G	1.00000	0	0.00000	0
316	Y	1.00000	0	0.00000	0
317	L	1.00000	0	0.00000	0
318	A	1.00000	0	0.00000	0
319	V	1.00000	0	0.00000	0
320	T	1.00000	0	0.00000	0
321	Q	1.00000	0	0.00000	0
322	S	1.00000	0	0.00000	0
323	E	1.00000	0	0.00000	0
324	T	1.00000	0	0.00000	0
325	Q	1.00000	0	0.00000	0
326	L	1.00000	0	0.00000	0
327	E	1.00000	0	0.00000	0
328	M	1.00000	0	0.00000	0
329	D	1.00000	0	0.00000	0
330	E	1.00000	0	0.00000	0
331	Q	1.00000	0	0.00000	0
332	G	1.00000	0	0.00000	0
333	L	1.00000	0	0.00000	0
334	D	1.00000	0	0.00000	0
335	T	1.00000	0	0.00000	0
336	H	1.00000	0	0.00000	0
337	G	1.00000	0	0.00000	0
338	V	1.00000	0	0.00000	0
339	R	1.00000	0	0.00000	0
340	K	1.00000	0	0.00000	0
341	I	1.00000	0	0.00000	0
342	S	1.00000	0	0.00000	0
343	E	1.00000	0	0.00000	0
344	D	1.00000	0	0.00000	0
345	L	1.00000	0	0.00000	0
346	V	1.00000	0	0.00000	0
347	L	1.00000	0	0.00000	0
348	G	1.00000	0	0.00000	0
349	D	1.00000	0	0.00000	0
350	S	1.00000	0	0.00000	0
351	Q	1.00000	0	0.00000	0
352	S	1.00000	0	0.00000	0
353	F	1.00000	0	0.00000	0
354	S	1.00000	0	0.00000	0
355	Q	1.00000	0	0.00000	0
356	T	1.00000	0	0.00000	0
357	E	1.00000	0	0.00000	0
358	S	1.00000	0	0.00000	0
359	D	1.00000	0	0.00000	0
360	T	1.00000	0	0.00000	0
361	P	1.00000	0	0.00000	0
362	T	1.00000	0	0.00000	0
363	G	1.00000	0	0.00000	0
364	P	1.00000	0	0.00000	0
365	A	1.00000	0	0.00000	0
366	A	1.00000	0	0.00000	0
367	R	1.00000	0	0.00000	0
368	K	1.00000	0	0.00000	0
369	G	1.00000	0	0.00000	0
370	K	1.00000	0	0.00000	0
371	L	1.00000	0	0.00000	0
372	K	1.00000	0	0.00000	0
373	S	1.00000	0	0.00000	0
374	G	1.00000	0	0.00000	0
375	S	1.00000	0	0.00000	0
376	N	1.00000	0	0.00000	0
377	T	1.00000	0	0.00000	0
378	A	1.00000	0	0.00000	0
379	L	1.00000	0	0.00000	0
380	D	1.00000	0	0.00000	0
381	Y	1.00000	0	0.00000	0
382	I	1.00000	0	0.00000	0
383	K	1.00000	0	0.00000	0
384	F	1.00000	0	0.00000	0
385	T	1.00000	0	0.00000	0
386	W	1.00000	0	0.00000	0
387	K	1.00000	0	0.00000	0
388	R	1.00000	0	0.00000	0
389	F	1.00000	0	0.00000	0
390	R	1.00000	0	0.00000	0
391	A	1.00000	0	0.00000	0
392	H	1.00000	0	0.00000	0
393	S	1.00000	0	0.00000	0
394	R	1.00000	0	0.00000	0
395	E	1.00000	0	0.00000	0
396	Y	1.00000	0	0.00000	0
397	V	1.00000	0	0.00000	0
398	S	1.00000	0	0.00000	0
399	G	1.00000	0	0.00000	0
400	L	1.00000	0	0.00000	0
401	Q	1.00000	0	0.00000	0
402	L	1.00000	0	0.00000	0
403	N	1.00000	0	0.00000	0
404	R	1.00000	0	0.00000	0
405	E	1.00000	0	0.00000	0
406	R	0.94449	0	0.05551	0
407	K	0.94423	0	0.05577	0
408	A	0.71946	0	0.28054	0
409	A	0.71815	0	0.28185	0
410	K	0.71773	0	0.28227	0
411	Q	0.67427	0	0.32573	0
412	L	0.16614	0	0.83386	0
413	G	0.03156	0	0.96844	0
414	F	0.00127	0	0.99873	0
415	I	0.00009	0	0.99991	0
416	M	0.00007	0	0.99993	0
417	A	0.00000	0	1.00000	0
418	A	0.00000	0	1.00000	0
419	F	0.00000	0	1.00000	0
420	I	0.00000	0	1.00000	0
421	L	0.00000	0	1.00000	0
422	C	0.00000	0	1.00000	0
423	W	0.00000	0	1.00000	0
424	I	0.00000	0	1.00000	0
425	P	0.00000	0	1.00000	0
426	Y	0.00000	0	1.00000	0
427	F	0.00000	0	1.00000	0
428	I	0.00000	1e-05	0.99999	0
429	F	0.00000	7e-05	0.99993	0
430	F	0.00000	0.00052	0.99948	0
431	M	0.00000	0.00601	0.99399	0
432	V	0.00000	0.01528	0.98472	0
433	I	0.00000	0.03513	0.96487	0
434	A	0.00000	0.10926	0.89074	0
435	F	0.00000	0.27552	0.72448	0
436	C	0.00000	0.95919	0.04081	0
437	E	0.00000	0.99883	0.00117	0
438	N	0.00000	0.9999	0.00010	0
439	C	0.00000	1	0.00000	0
440	C	0.00000	0.99999	0.00001	0
441	N	0.00000	0.99996	0.00004	0
442	E	0.00000	0.99946	0.00054	0
443	H	0.00000	0.99631	0.00369	0
444	V	0.00000	0.98189	0.01811	0
445	H	0.00000	0.97754	0.02246	0
446	M	0.00000	0.0662	0.93380	0
447	F	0.00000	0.00039	0.99961	0
448	T	0.00000	4e-05	0.99996	0
449	I	0.00000	0	1.00000	0
450	W	0.00000	0	1.00000	0
451	L	0.00000	0	1.00000	0
452	G	0.00000	0	1.00000	0
453	Y	0.00000	0	1.00000	0
454	I	0.00000	0	1.00000	0
455	N	0.00000	0	1.00000	0
456	S	0.00000	0	1.00000	0
457	T	0.00000	0	1.00000	0
458	L	0.00000	0	1.00000	0
459	N	0.00000	0	1.00000	0
460	P	0.00000	0	1.00000	0
461	L	0.00000	0	1.00000	0
462	I	0.00000	0	1.00000	0
463	Y	0.00003	0	0.99997	0
464	P	0.00034	0	0.99966	0
465	L	0.00363	0	0.99637	0
466	C	0.17955	0	0.82045	0
467	N	0.91027	0	0.08973	0
468	E	1.00000	0	0.00000	0
469	N	1.00000	0	0.00000	0
470	F	1.00000	0	0.00000	0
471	K	1.00000	0	0.00000	0
472	K	1.00000	0	0.00000	0
473	T	1.00000	0	0.00000	0
474	F	1.00000	0	0.00000	0
475	K	1.00000	0	0.00000	0
476	K	1.00000	0	0.00000	0
477	I	1.00000	0	0.00000	0
478	L	1.00000	0	0.00000	0
479	H	1.00000	0	0.00000	0
480	I	1.00000	0	0.00000	0
481	R	1.00000	0	0.00000	0
482	S	1.00000	0	0.00000	0
