# UNNAMED
#pos	aa	i	o	M	S
1	M	0.00000	0.99906	0.00000	0.00094
2	P	0.00000	0.99906	0.00000	0.00094
3	F	0.00000	0.99906	0.00000	0.00093
4	C	0.00000	0.99906	0.00000	0.00094
5	Y	0.00000	0.99906	0.00000	0.00093
6	N	0.00000	0.99906	0.00000	0.00094
7	L	0.00000	0.99906	0.00000	0.00094
8	I	0.00000	0.99906	0.00000	0.00094
9	N	0.00000	0.99906	0.00000	0.00094
10	I	0.00000	0.99906	0.00000	0.00094
11	S	0.00000	0.99906	0.00000	0.00093
12	C	0.00000	0.99906	0.00000	0.00093
13	V	0.00000	0.99908	0.00000	0.00092
14	K	0.00000	0.99908	0.00000	0.00092
15	N	0.00000	0.99908	0.00000	0.00092
16	N	0.00000	0.99908	0.00000	0.00092
17	W	0.00000	0.99908	0.00000	0.00092
18	S	0.00000	0.99908	0.00000	0.00092
19	N	0.00000	1	0.00000	0
20	D	0.00000	1	0.00000	0
21	V	0.00000	0.99968	0.00032	0
22	R	0.00000	0.99128	0.00872	0
23	A	0.00000	0.81921	0.18079	0
24	S	0.00000	0.6999	0.30010	0
25	L	0.00000	0.44834	0.55166	0
26	Y	0.00000	0.29086	0.70914	0
27	S	0.00000	0.26791	0.73209	0
28	L	0.00000	0.16663	0.83337	0
29	M	0.00000	0.09912	0.90088	0
30	V	0.00000	0.02464	0.97536	0
31	L	0.00000	0.00531	0.99469	0
32	I	0.00000	6e-05	0.99994	0
33	I	0.00000	0	1.00000	0
34	L	0.00000	0	1.00000	0
35	T	0.00000	0	1.00000	0
36	T	0.00000	0	1.00000	0
37	L	0.00000	0	1.00000	0
38	V	0.00000	0	1.00000	0
39	G	0.00000	0	1.00000	0
40	N	0.00000	0	1.00000	0
41	L	0.00000	0	1.00000	0
42	I	0.00000	0	1.00000	0
43	V	0.00000	0	1.00000	0
44	I	0.00001	0	0.99999	0
45	I	0.00117	0	0.99883	0
46	S	0.14435	0	0.85565	0
47	I	0.19926	0	0.80074	0
48	S	0.67224	0	0.32776	0
49	H	0.76712	0	0.23288	0
50	F	0.81100	0	0.18900	0
51	K	0.98628	0	0.01372	0
52	Q	0.99935	0	0.00065	0
53	L	0.99950	0	0.00050	0
54	H	1.00000	0	0.00000	0
55	T	1.00000	0	0.00000	0
56	P	1.00000	0	0.00000	0
57	T	0.99768	0	0.00232	0
58	N	0.42972	0	0.57028	0
59	W	0.31832	0	0.68168	0
60	L	0.00494	0	0.99506	0
61	I	0.00005	0	0.99995	0
62	H	0.00000	0	1.00000	0
63	S	0.00000	0	1.00000	0
64	M	0.00000	0	1.00000	0
65	A	0.00000	0	1.00000	0
66	T	0.00000	0	1.00000	0
67	V	0.00000	0	1.00000	0
68	D	0.00000	0	1.00000	0
69	F	0.00000	0	1.00000	0
70	L	0.00000	0	1.00000	0
71	L	0.00000	0	1.00000	0
72	G	0.00000	0	1.00000	0
73	C	0.00000	0	1.00000	0
74	L	0.00000	0	1.00000	0
75	V	0.00000	0	1.00000	0
76	M	0.00000	0	1.00000	0
77	P	0.00000	0.00017	0.99983	0
78	Y	0.00000	0.0007	0.99930	0
79	S	0.00000	0.15161	0.84839	0
80	M	0.00000	0.22136	0.77864	0
81	V	0.00000	0.5104	0.48960	0
82	R	0.00000	0.99987	0.00013	0
83	S	0.00000	0.99994	0.00006	0
84	V	0.00000	0.99994	0.00006	0
85	E	0.00000	1	0.00000	0
86	H	0.00000	1	0.00000	0
87	C	0.00000	1	0.00000	0
88	W	0.00000	1	0.00000	0
89	Y	0.00000	1	0.00000	0
90	F	0.00000	1	0.00000	0
91	G	0.00000	1	0.00000	0
92	E	0.00000	1	0.00000	0
93	V	0.00000	0.99998	0.00002	0
94	F	0.00000	0.9998	0.00020	0
95	C	0.00000	0.99977	0.00023	0
96	K	0.00000	0.99963	0.00037	0
97	I	0.00000	0.99562	0.00438	0
98	H	0.00000	0.70189	0.29811	0
99	T	0.00000	0.38494	0.61506	0
100	S	0.00000	0.16184	0.83816	0
101	T	0.00000	0.01055	0.98945	0
102	D	0.00000	0.00073	0.99927	0
103	I	0.00000	1e-05	0.99999	0
104	M	0.00000	0	1.00000	0
105	L	0.00000	0	1.00000	0
106	S	0.00000	0	1.00000	0
107	S	0.00000	0	1.00000	0
108	A	0.00000	0	1.00000	0
109	S	0.00000	0	1.00000	0
110	I	0.00000	0	1.00000	0
111	F	0.00000	0	1.00000	0
112	H	0.00000	0	1.00000	0
113	L	0.00000	0	1.00000	0
114	S	0.00000	0	1.00000	0
115	F	0.00001	0	0.99999	0
116	I	0.00002	0	0.99998	0
117	S	0.00007	0	0.99993	0
118	I	0.00013	0	0.99987	0
119	D	0.00081	0	0.99919	0
120	R	0.20374	0	0.79626	0
121	Y	0.94503	0	0.05497	0
122	Y	0.98747	0	0.01253	0
123	A	0.99885	0	0.00115	0
124	V	1.00000	0	0.00000	0
125	C	1.00000	0	0.00000	0
126	D	1.00000	0	0.00000	0
127	P	1.00000	0	0.00000	0
128	L	1.00000	0	0.00000	0
129	R	1.00000	0	0.00000	0
130	Y	1.00000	0	0.00000	0
131	K	1.00000	0	0.00000	0
132	A	0.99998	0	0.00002	0
133	R	0.99960	0	0.00040	0
134	I	0.82144	0	0.17856	0
135	S	0.77661	0	0.22339	0
136	I	0.23510	0	0.76490	0
137	L	0.08665	0	0.91335	0
138	V	0.00937	0	0.99063	0
139	I	0.00111	0	0.99889	0
140	C	0.00000	0	1.00000	0
141	V	0.00000	0	1.00000	0
142	M	0.00000	0	1.00000	0
143	I	0.00000	0	1.00000	0
144	F	0.00000	0	1.00000	0
145	I	0.00000	0	1.00000	0
146	S	0.00000	0	1.00000	0
147	W	0.00000	0	1.00000	0
148	S	0.00000	0	1.00000	0
149	V	0.00000	0	1.00000	0
150	P	0.00000	0	1.00000	0
151	A	0.00000	0	1.00000	0
152	I	0.00000	0	1.00000	0
153	F	0.00000	2e-05	0.99998	0
154	A	0.00000	0.00124	0.99876	0
155	F	0.00000	0.01186	0.98814	0
156	G	0.00000	0.15393	0.84607	0
157	M	0.00000	0.18176	0.81824	0
158	I	0.00000	0.31527	0.68473	0
159	F	0.00000	0.52558	0.47442	0
160	L	0.00000	0.75604	0.24396	0
161	E	0.00000	0.99519	0.00481	0
162	L	0.00000	0.99847	0.00153	0
163	N	0.00000	0.99996	0.00004	0
164	F	0.00000	0.99998	0.00002	0
165	K	0.00000	1	0.00000	0
166	G	0.00000	1	0.00000	0
167	V	0.00000	1	0.00000	0
168	E	0.00000	1	0.00000	0
169	D	0.00000	1	0.00000	0
170	I	0.00000	1	0.00000	0
171	Y	0.00000	1	0.00000	0
172	Y	0.00000	1	0.00000	0
173	E	0.00000	1	0.00000	0
174	H	0.00000	1	0.00000	0
175	V	0.00000	1	0.00000	0
176	H	0.00000	1	0.00000	0
177	C	0.00000	1	0.00000	0
178	R	0.00000	1	0.00000	0
179	G	0.00000	1	0.00000	0
180	G	0.00000	1	0.00000	0
181	C	0.00000	0.99991	0.00009	0
182	S	0.00000	0.87797	0.12203	0
183	V	0.00000	0.87705	0.12295	0
184	F	0.00000	0.85947	0.14053	0
185	F	0.00000	0.85166	0.14834	0
186	S	0.00000	0.85148	0.14852	0
187	K	0.00000	0.85141	0.14859	0
188	I	0.00000	0.80457	0.19543	0
189	S	0.00000	0.79497	0.20503	0
190	G	0.00000	0.55267	0.44733	0
191	V	0.00000	0.25102	0.74898	0
192	L	0.00000	0.0009	0.99910	0
193	A	0.00000	0.00021	0.99979	0
194	F	0.00000	0	1.00000	0
195	M	0.00000	0	1.00000	0
196	T	0.00000	0	1.00000	0
197	S	0.00000	0	1.00000	0
198	F	0.00000	0	1.00000	0
199	C	0.00000	0	1.00000	0
200	I	0.00000	0	1.00000	0
201	P	0.00000	0	1.00000	0
202	G	0.00000	0	1.00000	0
203	S	0.00000	0	1.00000	0
204	I	0.00000	0	1.00000	0
205	M	0.00000	0	1.00000	0
206	L	0.00001	0	0.99999	0
207	C	0.00037	0	0.99963	0
208	V	0.00276	0	0.99724	0
209	Y	0.01764	0	0.98236	0
210	Y	0.05201	0	0.94799	0
211	R	0.15137	0	0.84863	0
212	I	0.15444	0	0.84556	0
213	Y	0.18191	0	0.81809	0
214	L	0.50554	0	0.49446	0
215	T	0.96198	0	0.03802	0
216	A	0.99956	0	0.00044	0
217	K	0.99999	0	0.00001	0
218	G	1.00000	0	0.00000	0
219	Q	1.00000	0	0.00000	0
220	A	1.00000	0	0.00000	0
221	R	1.00000	0	0.00000	0
222	S	1.00000	0	0.00000	0
223	I	1.00000	0	0.00000	0
224	N	1.00000	0	0.00000	0
225	D	1.00000	0	0.00000	0
226	G	1.00000	0	0.00000	0
227	N	1.00000	0	0.00000	0
228	Q	1.00000	0	0.00000	0
229	K	1.00000	0	0.00000	0
230	L	1.00000	0	0.00000	0
231	Q	1.00000	0	0.00000	0
232	I	1.00000	0	0.00000	0
233	G	1.00000	0	0.00000	0
234	L	1.00000	0	0.00000	0
235	E	1.00000	0	0.00000	0
236	M	1.00000	0	0.00000	0
237	K	1.00000	0	0.00000	0
238	N	1.00000	0	0.00000	0
239	G	1.00000	0	0.00000	0
240	I	1.00000	0	0.00000	0
241	S	1.00000	0	0.00000	0
242	R	1.00000	0	0.00000	0
243	S	1.00000	0	0.00000	0
244	K	1.00000	0	0.00000	0
245	E	1.00000	0	0.00000	0
246	R	0.99344	0	0.00656	0
247	K	0.99273	0	0.00727	0
248	A	0.50890	0	0.49110	0
249	A	0.50691	0	0.49309	0
250	K	0.47509	0	0.52491	0
251	T	0.39405	0	0.60595	0
252	L	0.01024	0	0.98976	0
253	G	0.00215	0	0.99785	0
254	I	0.00096	0	0.99904	0
255	V	0.00094	0	0.99906	0
256	M	0.00028	0	0.99972	0
257	G	0.00003	0	0.99997	0
258	V	0.00001	0	0.99999	0
259	F	0.00000	0	1.00000	0
260	L	0.00000	0	1.00000	0
261	V	0.00000	0	1.00000	0
262	C	0.00000	0	1.00000	0
263	W	0.00000	0	1.00000	0
264	C	0.00000	0	1.00000	0
265	P	0.00000	0	1.00000	0
266	F	0.00000	0	1.00000	0
267	F	0.00000	0	1.00000	0
268	V	0.00000	9e-05	0.99991	0
269	C	0.00000	0.00107	0.99893	0
270	I	0.00000	0.0035	0.99650	0
271	V	0.00000	0.03278	0.96722	0
272	M	0.00000	0.1203	0.87970	0
273	D	0.00000	0.68648	0.31352	0
274	P	0.00000	0.68843	0.31157	0
275	F	0.00000	0.69475	0.30525	0
276	L	0.00000	0.72751	0.27249	0
277	H	0.00000	0.86619	0.13381	0
278	Y	0.00000	0.88616	0.11384	0
279	T	0.00000	0.92988	0.07012	0
280	I	0.00000	0.95664	0.04336	0
281	P	0.00000	0.99528	0.00472	0
282	P	0.00000	0.99994	0.00006	0
283	A	0.00000	0.99994	0.00006	0
284	L	0.00000	0.99985	0.00015	0
285	N	0.00000	0.99981	0.00019	0
286	D	0.00000	0.97516	0.02484	0
287	V	0.00000	0.05393	0.94607	0
288	L	0.00000	0.01598	0.98402	0
289	I	0.00000	0.00444	0.99556	0
290	W	0.00000	0.00039	0.99961	0
291	F	0.00000	0	1.00000	0
292	G	0.00000	0	1.00000	0
293	Y	0.00000	0	1.00000	0
294	L	0.00000	0	1.00000	0
295	N	0.00000	0	1.00000	0
296	S	0.00000	0	1.00000	0
297	T	0.00000	0	1.00000	0
298	F	0.00000	0	1.00000	0
299	N	0.00000	0	1.00000	0
300	P	0.00000	0	1.00000	0
301	M	0.00000	0	1.00000	0
302	V	0.00000	0	1.00000	0
303	Y	0.00000	0	1.00000	0
304	S	0.00000	0	1.00000	0
305	F	0.00001	0	0.99999	0
306	F	0.00042	0	0.99958	0
307	Y	0.01328	0	0.98672	0
308	P	0.09383	0	0.90617	0
309	W	0.16814	0	0.83186	0
310	F	0.39643	0	0.60357	0
311	R	1.00000	0	0.00000	0
312	K	1.00000	0	0.00000	0
313	A	1.00000	0	0.00000	0
314	L	1.00000	0	0.00000	0
315	K	1.00000	0	0.00000	0
316	M	1.00000	0	0.00000	0
317	I	1.00000	0	0.00000	0
318	L	1.00000	0	0.00000	0
319	F	1.00000	0	0.00000	0
320	G	1.00000	0	0.00000	0
321	K	1.00000	0	0.00000	0
322	I	1.00000	0	0.00000	0
323	F	1.00000	0	0.00000	0
324	Q	1.00000	0	0.00000	0
325	K	1.00000	0	0.00000	0
326	D	1.00000	0	0.00000	0
327	S	1.00000	0	0.00000	0
328	S	1.00000	0	0.00000	0
329	R	1.00000	0	0.00000	0
330	C	1.00000	0	0.00000	0
331	N	1.00000	0	0.00000	0
332	L	1.00000	0	0.00000	0
333	F	1.00000	0	0.00000	0
334	L	1.00000	0	0.00000	0
335	E	1.00000	0	0.00000	0
