# UNNAMED
#pos	aa	i	o	M	S
1	M	0.00000	0.99302	0.00000	0.00698
2	S	0.00000	0.99302	0.00000	0.00698
3	I	0.00000	0.99302	0.00000	0.00698
4	N	0.00000	0.99302	0.00000	0.00698
5	L	0.00000	0.99302	0.00000	0.00698
6	S	0.00000	0.99302	0.00000	0.00698
7	H	0.00000	0.99302	0.00000	0.00698
8	P	0.00000	0.99302	0.00000	0.00698
9	A	0.00000	0.99302	0.00000	0.00698
10	V	0.00000	0.99302	0.00000	0.00698
11	L	0.00000	0.99302	0.00000	0.00698
12	Q	0.00000	0.99302	0.00000	0.00698
13	L	0.00000	0.99302	0.00000	0.00698
14	C	0.00000	0.99302	0.00000	0.00697
15	Y	0.00000	0.99303	0.00000	0.00697
16	E	0.00000	0.99303	0.00000	0.00697
17	S	0.00000	0.99679	0.00000	0.00321
18	V	0.00000	0.99679	0.00000	0.00321
19	N	0.00000	0.99679	0.00000	0.00321
20	G	0.00000	0.99679	0.00000	0.00321
21	S	0.00000	0.99724	0.00000	0.00276
22	C	0.00000	0.99851	0.00000	0.00149
23	I	0.00000	1	0.00000	0
24	K	0.00000	1	0.00000	0
25	T	0.00000	1	0.00000	0
26	P	0.00000	1	0.00000	0
27	Y	0.00000	1	0.00000	0
28	S	0.00000	1	0.00000	0
29	R	0.00000	1	0.00000	0
30	G	0.00000	0.99994	0.00006	0
31	S	0.00000	0.99981	0.00018	0
32	R	0.00000	0.9712	0.02880	0
33	V	0.00000	0.41718	0.58282	0
34	I	0.00000	0.21622	0.78378	0
35	L	0.00000	0.08089	0.91911	0
36	Y	0.00000	0.04237	0.95763	0
37	S	0.00000	0.03486	0.96514	0
38	A	0.00000	0.01572	0.98428	0
39	P	0.00000	0.01073	0.98927	0
40	G	0.00000	0.00417	0.99583	0
41	L	0.00000	0.00051	0.99949	0
42	A	0.00000	5e-05	0.99995	0
43	S	0.00000	1e-05	0.99999	0
44	L	0.00000	0	1.00000	0
45	L	0.00000	0	1.00000	0
46	A	0.00000	0	1.00000	0
47	V	0.00000	0	1.00000	0
48	F	0.00000	0	1.00000	0
49	G	0.00000	0	1.00000	0
50	N	0.00000	0	1.00000	0
51	L	0.00000	0	1.00000	0
52	L	0.00002	0	0.99998	0
53	V	0.00084	0	0.99916	0
54	M	0.01049	0	0.98951	0
55	T	0.10933	0	0.89067	0
56	S	0.30723	0	0.69277	0
57	V	0.35636	0	0.64364	0
58	L	0.49513	0	0.50487	0
59	H	0.74910	0	0.25090	0
60	F	0.79324	0	0.20676	0
61	K	0.99444	0	0.00556	0
62	E	0.99994	0	0.00006	0
63	L	0.99998	0	0.00002	0
64	H	1.00000	0	0.00000	0
65	S	1.00000	0	0.00000	0
66	P	1.00000	0	0.00000	0
67	A	0.66525	0	0.33475	0
68	N	0.14240	0	0.85760	0
69	F	0.02582	0	0.97418	0
70	L	0.00048	0	0.99952	0
71	I	0.00001	0	0.99999	0
72	T	0.00000	0	1.00000	0
73	S	0.00000	0	1.00000	0
74	L	0.00000	0	1.00000	0
75	A	0.00000	0	1.00000	0
76	C	0.00000	0	1.00000	0
77	A	0.00000	0	1.00000	0
78	D	0.00000	0	1.00000	0
79	F	0.00000	0	1.00000	0
80	L	0.00000	0	1.00000	0
81	V	0.00000	0	1.00000	0
82	G	0.00000	0	1.00000	0
83	V	0.00000	0	1.00000	0
84	T	0.00000	0	1.00000	0
85	V	0.00000	2e-05	0.99998	0
86	M	0.00000	0.0014	0.99860	0
87	P	0.00000	0.02469	0.97531	0
88	F	0.00000	0.07276	0.92724	0
89	S	0.00000	0.29499	0.70501	0
90	M	0.00000	0.37128	0.62872	0
91	V	0.00000	0.62985	0.37015	0
92	R	0.00000	0.99992	0.00008	0
93	S	0.00000	0.99997	0.00003	0
94	L	0.00000	0.99997	0.00003	0
95	E	0.00000	1	0.00000	0
96	S	0.00000	1	0.00000	0
97	C	0.00000	1	0.00000	0
98	W	0.00000	1	0.00000	0
99	Y	0.00000	0.99999	0.00001	0
100	F	0.00000	0.99992	0.00008	0
101	G	0.00000	0.99992	0.00008	0
102	A	0.00000	0.9999	0.00010	0
103	R	0.00000	0.99987	0.00013	0
104	F	0.00000	0.99843	0.00157	0
105	C	0.00000	0.99827	0.00173	0
106	T	0.00000	0.99806	0.00194	0
107	L	0.00000	0.99661	0.00339	0
108	H	0.00000	0.8767	0.12330	0
109	S	0.00000	0.71674	0.28326	0
110	C	0.00000	0.57711	0.42289	0
111	F	0.00000	0.00313	0.99687	0
112	D	0.00000	0.00213	0.99787	0
113	V	0.00000	2e-05	0.99998	0
114	A	0.00000	0	1.00000	0
115	F	0.00000	0	1.00000	0
116	C	0.00000	0	1.00000	0
117	Y	0.00000	0	1.00000	0
118	S	0.00000	0	1.00000	0
119	S	0.00000	0	1.00000	0
120	L	0.00000	0	1.00000	0
121	F	0.00000	0	1.00000	0
122	H	0.00000	0	1.00000	0
123	L	0.00000	0	1.00000	0
124	C	0.00002	0	0.99998	0
125	F	0.00002	0	0.99998	0
126	I	0.00003	0	0.99997	0
127	S	0.00003	0	0.99997	0
128	I	0.00004	0	0.99996	0
129	D	0.00015	0	0.99985	0
130	R	0.15204	0	0.84796	0
131	Y	0.83087	0	0.16913	0
132	I	0.95342	0	0.04658	0
133	A	0.99093	0	0.00907	0
134	V	0.99999	0	0.00001	0
135	T	1.00000	0	0.00000	0
136	D	1.00000	0	0.00000	0
137	P	1.00000	0	0.00000	0
138	L	1.00000	0	0.00000	0
139	V	1.00000	0	0.00000	0
140	Y	1.00000	0	0.00000	0
141	P	1.00000	0	0.00000	0
142	S	0.99999	0	0.00001	0
143	K	0.99993	0	0.00007	0
144	F	0.98778	0	0.01222	0
145	T	0.97323	0	0.02677	0
146	V	0.86279	0	0.13721	0
147	S	0.78055	0	0.21945	0
148	V	0.28130	0	0.71870	0
149	S	0.22190	0	0.77810	0
150	G	0.08866	0	0.91134	0
151	M	0.01719	0	0.98281	0
152	C	0.00003	0	0.99997	0
153	V	0.00000	0	1.00000	0
154	S	0.00000	0	1.00000	0
155	V	0.00000	0	1.00000	0
156	S	0.00000	0	1.00000	0
157	W	0.00000	0	1.00000	0
158	I	0.00000	0	1.00000	0
159	L	0.00000	0	1.00000	0
160	L	0.00000	0	1.00000	0
161	I	0.00000	0	1.00000	0
162	V	0.00000	0	1.00000	0
163	C	0.00000	0.00075	0.99925	0
164	S	0.00000	0.00192	0.99808	0
165	G	0.00000	0.00361	0.99639	0
166	A	0.00000	0.00434	0.99566	0
167	V	0.00000	0.00652	0.99348	0
168	F	0.00000	0.01279	0.98721	0
169	Y	0.00000	0.27289	0.72711	0
170	T	0.00000	0.60489	0.39511	0
171	G	0.00000	0.87878	0.12122	0
172	V	0.00000	0.91842	0.08158	0
173	N	0.00000	0.99573	0.00427	0
174	D	0.00000	1	0.00000	0
175	D	0.00000	1	0.00000	0
176	G	0.00000	1	0.00000	0
177	M	0.00000	1	0.00000	0
178	E	0.00000	1	0.00000	0
179	E	0.00000	1	0.00000	0
180	L	0.00000	1	0.00000	0
181	V	0.00000	1	0.00000	0
182	S	0.00000	1	0.00000	0
183	A	0.00000	1	0.00000	0
184	L	0.00000	1	0.00000	0
185	N	0.00000	1	0.00000	0
186	C	0.00000	1	0.00000	0
187	V	0.00000	1	0.00000	0
188	D	0.00000	1	0.00000	0
189	G	0.00000	1	0.00000	0
190	C	0.00000	1	0.00000	0
191	Q	0.00000	0.99999	0.00001	0
192	I	0.00000	0.96434	0.03566	0
193	V	0.00000	0.96432	0.03568	0
194	V	0.00000	0.96431	0.03569	0
195	N	0.00000	0.96431	0.03569	0
196	Q	0.00000	0.96429	0.03571	0
197	D	0.00000	0.9622	0.03780	0
198	W	0.00000	0.43753	0.56247	0
199	V	0.00000	0.14268	0.85732	0
200	L	0.00000	0.03516	0.96484	0
201	I	0.00000	0.00405	0.99595	0
202	Y	0.00000	0.0008	0.99920	0
203	F	0.00000	0.0004	0.99960	0
204	L	0.00000	0	1.00000	0
205	L	0.00000	0	1.00000	0
206	F	0.00000	0	1.00000	0
207	F	0.00000	0	1.00000	0
208	I	0.00000	0	1.00000	0
209	P	0.00000	0	1.00000	0
210	T	0.00000	0	1.00000	0
211	L	0.00000	0	1.00000	0
212	V	0.00000	0	1.00000	0
213	M	0.00000	0	1.00000	0
214	I	0.00000	0	1.00000	0
215	I	0.00003	0	0.99997	0
216	L	0.00054	0	0.99946	0
217	Y	0.00275	0	0.99725	0
218	C	0.01183	0	0.98817	0
219	K	0.03514	0	0.96486	0
220	I	0.03588	0	0.96412	0
221	F	0.04319	0	0.95681	0
222	L	0.15972	0	0.84028	0
223	I	0.28155	0	0.71845	0
224	A	0.95386	0	0.04614	0
225	K	0.99873	0	0.00127	0
226	H	0.99971	0	0.00029	0
227	Q	0.99999	0	0.00001	0
228	P	1.00000	0	0.00000	0
229	I	1.00000	0	0.00000	0
230	K	1.00000	0	0.00000	0
231	I	1.00000	0	0.00000	0
232	E	1.00000	0	0.00000	0
233	N	1.00000	0	0.00000	0
234	T	1.00000	0	0.00000	0
235	G	1.00000	0	0.00000	0
236	S	1.00000	0	0.00000	0
237	K	1.00000	0	0.00000	0
238	A	1.00000	0	0.00000	0
239	E	1.00000	0	0.00000	0
240	S	1.00000	0	0.00000	0
241	S	1.00000	0	0.00000	0
242	S	1.00000	0	0.00000	0
243	D	1.00000	0	0.00000	0
244	S	1.00000	0	0.00000	0
245	Y	1.00000	0	0.00000	0
246	K	1.00000	0	0.00000	0
247	S	1.00000	0	0.00000	0
248	R	1.00000	0	0.00000	0
249	E	1.00000	0	0.00000	0
250	R	1.00000	0	0.00000	0
251	K	0.99998	0	0.00002	0
252	K	0.99983	0	0.00017	0
253	R	0.99797	0	0.00203	0
254	R	0.89966	0	0.10034	0
255	K	0.89549	0	0.10451	0
256	A	0.00890	0	0.99110	0
257	V	0.00804	0	0.99196	0
258	K	0.00599	0	0.99401	0
259	T	0.00308	0	0.99692	0
260	L	0.00292	0	0.99708	0
261	G	0.00235	0	0.99765	0
262	I	0.00206	0	0.99794	0
263	T	0.00139	0	0.99861	0
264	V	0.00131	0	0.99869	0
265	I	0.00001	0	0.99999	0
266	A	0.00000	0	1.00000	0
267	F	0.00000	0	1.00000	0
268	M	0.00000	0	1.00000	0
269	I	0.00000	0	1.00000	0
270	S	0.00000	0	1.00000	0
271	W	0.00000	0	1.00000	0
272	L	0.00000	1e-05	0.99999	0
273	P	0.00000	0.00053	0.99947	0
274	Y	0.00000	0.00173	0.99827	0
275	T	0.00000	0.01316	0.98684	0
276	I	0.00000	0.07271	0.92729	0
277	D	0.00000	0.93341	0.06659	0
278	T	0.00000	0.93813	0.06187	0
279	L	0.00000	0.94705	0.05295	0
280	A	0.00000	0.96053	0.03947	0
281	D	0.00000	0.99379	0.00621	0
282	A	0.00000	0.99377	0.00623	0
283	Y	0.00000	0.99415	0.00585	0
284	M	0.00000	0.99441	0.00559	0
285	G	0.00000	0.9955	0.00450	0
286	F	0.00000	0.9956	0.00440	0
287	I	0.00000	0.99693	0.00307	0
288	T	0.00000	0.99912	0.00088	0
289	P	0.00000	0.99926	0.00074	0
290	A	0.00000	0.98833	0.01167	0
291	Y	0.00000	0.97634	0.02366	0
292	I	0.00000	0.96836	0.03164	0
293	Y	0.00000	0.96732	0.03268	0
294	E	0.00000	0.63878	0.36122	0
295	I	0.00000	0.47528	0.52472	0
296	C	0.00000	0.4337	0.56630	0
297	C	0.00000	0.2983	0.70170	0
298	W	0.00000	0.02421	0.97579	0
299	G	0.00000	0.00314	0.99686	0
300	A	0.00001	2e-05	0.99997	0
301	Y	0.00001	0	0.99999	0
302	Y	0.00002	0	0.99998	0
303	N	0.00018	0	0.99982	0
304	S	0.00018	0	0.99982	0
305	A	0.00018	0	0.99982	0
306	M	0.00020	0	0.99980	0
307	N	0.00021	0	0.99979	0
308	P	0.00021	0	0.99979	0
309	L	0.00021	0	0.99979	0
310	I	0.00025	0	0.99975	0
311	Y	0.00167	0	0.99833	0
312	A	0.00595	0	0.99405	0
313	L	0.00880	0	0.99120	0
314	F	0.01867	0	0.98133	0
315	Y	0.03863	0	0.96137	0
316	P	0.13870	0	0.86130	0
317	W	0.17990	0	0.82010	0
318	Y	0.61828	0	0.38172	0
319	R	1.00000	0	0.00000	0
320	K	1.00000	0	0.00000	0
321	A	1.00000	0	0.00000	0
322	I	1.00000	0	0.00000	0
323	K	1.00000	0	0.00000	0
324	I	1.00000	0	0.00000	0
325	I	1.00000	0	0.00000	0
326	L	1.00000	0	0.00000	0
327	S	1.00000	0	0.00000	0
328	E	1.00000	0	0.00000	0
329	E	1.00000	0	0.00000	0
330	F	1.00000	0	0.00000	0
331	L	1.00000	0	0.00000	0
332	K	1.00000	0	0.00000	0
333	D	1.00000	0	0.00000	0
334	S	1.00000	0	0.00000	0
335	S	1.00000	0	0.00000	0
336	S	1.00000	0	0.00000	0
337	T	1.00000	0	0.00000	0
338	I	1.00000	0	0.00000	0
339	R	1.00000	0	0.00000	0
340	L	1.00000	0	0.00000	0
341	F	1.00000	0	0.00000	0
342	A	1.00000	0	0.00000	0
343	E	1.00000	0	0.00000	0
