# UNNAMED
#pos	aa	i	o	M	S
1	M	0.00000	0.99985	0.00000	0.00015
2	N	0.00000	0.99985	0.00000	0.00015
3	I	0.00000	0.99985	0.00000	0.00015
4	T	0.00000	0.99985	0.00000	0.00015
5	N	0.00000	0.99985	0.00000	0.00014
6	C	0.00000	0.99985	0.00000	0.00015
7	T	0.00000	0.99985	0.00000	0.00015
8	T	0.00000	0.99985	0.00000	0.00015
9	E	0.00000	0.99985	0.00000	0.00015
10	A	0.00000	0.99985	0.00000	0.00015
11	S	0.00000	0.99985	0.00000	0.00015
12	T	0.00000	0.99985	0.00000	0.00015
13	A	0.00000	0.99985	0.00000	0.00015
14	V	0.00000	0.99994	0.00000	5e-05
15	R	0.00000	0.99995	0.00000	5e-05
16	S	0.00000	0.99995	0.00000	5e-05
17	K	0.00000	1	0.00000	1e-05
18	T	0.00000	0.99995	0.00005	1e-05
19	I	0.00000	0.9999	0.00010	0
20	T	0.00000	0.99989	0.00011	0
21	E	0.00000	0.99986	0.00014	0
22	K	0.00000	0.99966	0.00034	0
23	M	0.00000	0.99113	0.00887	0
24	L	0.00000	0.91886	0.08114	0
25	I	0.00000	0.88146	0.11854	0
26	C	0.00000	0.87488	0.12512	0
27	M	0.00000	0.78192	0.21808	0
28	T	0.00000	0.35883	0.64117	0
29	L	0.00000	0.0814	0.91860	0
30	V	0.00000	0.00258	0.99742	0
31	I	0.00000	5e-05	0.99995	0
32	I	0.00000	0	1.00000	0
33	T	0.00000	0	1.00000	0
34	T	0.00000	0	1.00000	0
35	L	0.00000	0	1.00000	0
36	T	0.00000	0	1.00000	0
37	M	0.00000	0	1.00000	0
38	L	0.00000	0	1.00000	0
39	L	0.00000	0	1.00000	0
40	N	0.00000	0	1.00000	0
41	S	0.00000	0	1.00000	0
42	A	0.00000	0	1.00000	0
43	V	0.00000	0	1.00000	0
44	I	0.00000	0	1.00000	0
45	M	0.00003	0	0.99997	0
46	V	0.00030	0	0.99970	0
47	I	0.00706	0	0.99294	0
48	C	0.19651	0	0.80349	0
49	T	0.86533	0	0.13467	0
50	T	0.98739	0	0.01261	0
51	K	0.99982	0	0.00018	0
52	K	1.00000	0	0.00000	0
53	L	1.00000	0	0.00000	0
54	H	1.00000	0	0.00000	0
55	Q	1.00000	0	0.00000	0
56	P	1.00000	0	0.00000	0
57	A	0.86031	0	0.13969	0
58	N	0.23264	0	0.76736	0
59	Y	0.08718	0	0.91282	0
60	L	0.00134	0	0.99866	0
61	I	0.00003	0	0.99997	0
62	C	0.00000	0	1.00000	0
63	S	0.00000	0	1.00000	0
64	L	0.00000	0	1.00000	0
65	A	0.00000	0	1.00000	0
66	V	0.00000	0	1.00000	0
67	T	0.00000	0	1.00000	0
68	D	0.00000	0	1.00000	0
69	L	0.00000	0	1.00000	0
70	L	0.00000	0	1.00000	0
71	V	0.00000	0	1.00000	0
72	A	0.00000	0	1.00000	0
73	V	0.00000	0	1.00000	0
74	L	0.00000	0	1.00000	0
75	V	0.00000	0	1.00000	0
76	M	0.00000	0.00021	0.99979	0
77	P	0.00000	0.00466	0.99534	0
78	L	0.00000	0.04914	0.95086	0
79	S	0.00000	0.22842	0.77158	0
80	I	0.00000	0.29904	0.70096	0
81	M	0.00000	0.49512	0.50488	0
82	Y	0.00000	0.99358	0.00642	0
83	I	0.00000	0.9937	0.00630	0
84	V	0.00000	0.99409	0.00591	0
85	M	0.00000	0.99663	0.00337	0
86	E	0.00000	0.99994	0.00006	0
87	S	0.00000	1	0.00000	0
88	W	0.00000	1	0.00000	0
89	K	0.00000	1	0.00000	0
90	L	0.00000	1	0.00000	0
91	G	0.00000	1	0.00000	0
92	Y	0.00000	1	0.00000	0
93	F	0.00000	1	0.00000	0
94	I	0.00000	1	0.00000	0
95	C	0.00000	1	0.00000	0
96	E	0.00000	1	0.00000	0
97	V	0.00000	0.99789	0.00211	0
98	W	0.00000	0.70223	0.29777	0
99	L	0.00000	0.11566	0.88434	0
100	S	0.00000	0.02247	0.97753	0
101	V	0.00000	0.00047	0.99953	0
102	D	0.00000	0.00018	0.99982	0
103	M	0.00000	0	1.00000	0
104	T	0.00000	0	1.00000	0
105	C	0.00000	0	1.00000	0
106	C	0.00000	0	1.00000	0
107	T	0.00000	0	1.00000	0
108	C	0.00000	0	1.00000	0
109	S	0.00000	0	1.00000	0
110	I	0.00000	0	1.00000	0
111	L	0.00000	0	1.00000	0
112	H	0.00000	0	1.00000	0
113	L	0.00000	0	1.00000	0
114	C	0.00000	0	1.00000	0
115	V	0.00000	0	1.00000	0
116	I	0.00000	0	1.00000	0
117	A	0.00000	0	1.00000	0
118	L	0.00000	0	1.00000	0
119	D	0.00001	0	0.99999	0
120	R	0.01160	0	0.98840	0
121	Y	0.04286	0	0.95714	0
122	W	0.08973	0	0.91027	0
123	A	0.58558	0	0.41442	0
124	I	0.99999	0	0.00001	0
125	T	1.00000	0	0.00000	0
126	N	1.00000	0	0.00000	0
127	A	1.00000	0	0.00000	0
128	I	1.00000	0	0.00000	0
129	E	1.00000	0	0.00000	0
130	Y	1.00000	0	0.00000	0
131	A	1.00000	0	0.00000	0
132	R	1.00000	0	0.00000	0
133	K	1.00000	0	0.00000	0
134	R	1.00000	0	0.00000	0
135	T	0.99990	0	0.00010	0
136	A	0.99961	0	0.00039	0
137	K	0.99889	0	0.00111	0
138	R	0.97345	0	0.02655	0
139	A	0.18163	0	0.81837	0
140	G	0.03486	0	0.96514	0
141	L	0.00217	0	0.99783	0
142	M	0.00030	0	0.99970	0
143	I	0.00000	0	1.00000	0
144	L	0.00000	0	1.00000	0
145	T	0.00000	0	1.00000	0
146	V	0.00000	0	1.00000	0
147	W	0.00000	0	1.00000	0
148	T	0.00000	0	1.00000	0
149	I	0.00000	0	1.00000	0
150	S	0.00000	0	1.00000	0
151	I	0.00000	0	1.00000	0
152	F	0.00000	0	1.00000	0
153	I	0.00000	0	1.00000	0
154	S	0.00000	0	1.00000	0
155	M	0.00000	0	1.00000	0
156	P	0.00000	0.00015	0.99985	0
157	P	0.00000	0.00037	0.99963	0
158	L	0.00000	0.00117	0.99883	0
159	F	0.00000	0.03355	0.96645	0
160	W	0.00000	0.5654	0.43460	0
161	R	0.00000	0.95956	0.04044	0
162	S	0.00000	0.98672	0.01328	0
163	H	0.00000	0.99868	0.00132	0
164	R	0.00000	0.99998	0.00002	0
165	Q	0.00000	1	0.00000	0
166	L	0.00000	1	0.00000	0
167	S	0.00000	1	0.00000	0
168	P	0.00000	1	0.00000	0
169	P	0.00000	1	0.00000	0
170	P	0.00000	1	0.00000	0
171	S	0.00000	1	0.00000	0
172	Q	0.00000	1	0.00000	0
173	C	0.00000	1	0.00000	0
174	T	0.00000	1	0.00000	0
175	I	0.00000	1	0.00000	0
176	Q	0.00000	1	0.00000	0
177	H	0.00000	1	0.00000	0
178	D	0.00000	0.99998	0.00002	0
179	H	0.00000	0.99663	0.00337	0
180	V	0.00000	0.82735	0.17265	0
181	I	0.00000	0.26502	0.73498	0
182	Y	0.00000	0.23392	0.76608	0
183	T	0.00000	0.22608	0.77392	0
184	I	0.00000	0.0019	0.99810	0
185	Y	0.00000	0.00054	0.99946	0
186	S	0.00000	0.00041	0.99959	0
187	T	0.00000	3e-05	0.99997	0
188	F	0.00000	1e-05	0.99999	0
189	G	0.00000	0	1.00000	0
190	A	0.00000	0	1.00000	0
191	F	0.00000	0	1.00000	0
192	Y	0.00000	0	1.00000	0
193	I	0.00000	0	1.00000	0
194	P	0.00000	0	1.00000	0
195	L	0.00000	0	1.00000	0
196	T	0.00000	0	1.00000	0
197	L	0.00000	0	1.00000	0
198	I	0.00000	0	1.00000	0
199	L	0.00000	0	1.00000	0
200	I	0.00000	0	1.00000	0
201	L	0.00001	0	0.99999	0
202	Y	0.00048	0	0.99952	0
203	Y	0.01512	0	0.98488	0
204	R	0.22681	0	0.77319	0
205	I	0.24624	0	0.75376	0
206	Y	0.34222	0	0.65778	0
207	H	0.94494	0	0.05506	0
208	A	0.99200	0	0.00800	0
209	A	0.99991	0	0.00009	0
210	K	1.00000	0	0.00000	0
211	S	1.00000	0	0.00000	0
212	L	1.00000	0	0.00000	0
213	Y	1.00000	0	0.00000	0
214	Q	1.00000	0	0.00000	0
215	K	1.00000	0	0.00000	0
216	R	1.00000	0	0.00000	0
217	G	1.00000	0	0.00000	0
218	S	1.00000	0	0.00000	0
219	S	1.00000	0	0.00000	0
220	R	1.00000	0	0.00000	0
221	H	1.00000	0	0.00000	0
222	L	1.00000	0	0.00000	0
223	S	1.00000	0	0.00000	0
224	N	1.00000	0	0.00000	0
225	R	1.00000	0	0.00000	0
226	S	1.00000	0	0.00000	0
227	T	1.00000	0	0.00000	0
228	D	1.00000	0	0.00000	0
229	S	1.00000	0	0.00000	0
230	Q	1.00000	0	0.00000	0
231	N	1.00000	0	0.00000	0
232	S	1.00000	0	0.00000	0
233	F	1.00000	0	0.00000	0
234	A	1.00000	0	0.00000	0
235	S	1.00000	0	0.00000	0
236	C	1.00000	0	0.00000	0
237	K	1.00000	0	0.00000	0
238	L	1.00000	0	0.00000	0
239	T	1.00000	0	0.00000	0
240	Q	1.00000	0	0.00000	0
241	T	1.00000	0	0.00000	0
242	F	1.00000	0	0.00000	0
243	C	1.00000	0	0.00000	0
244	V	1.00000	0	0.00000	0
245	S	1.00000	0	0.00000	0
246	D	1.00000	0	0.00000	0
247	F	1.00000	0	0.00000	0
248	S	1.00000	0	0.00000	0
249	T	1.00000	0	0.00000	0
250	S	1.00000	0	0.00000	0
251	D	1.00000	0	0.00000	0
252	P	1.00000	0	0.00000	0
253	T	1.00000	0	0.00000	0
254	T	1.00000	0	0.00000	0
255	E	1.00000	0	0.00000	0
256	F	1.00000	0	0.00000	0
257	E	1.00000	0	0.00000	0
258	K	1.00000	0	0.00000	0
259	I	1.00000	0	0.00000	0
260	H	1.00000	0	0.00000	0
261	S	1.00000	0	0.00000	0
262	S	1.00000	0	0.00000	0
263	I	1.00000	0	0.00000	0
264	R	1.00000	0	0.00000	0
265	I	1.00000	0	0.00000	0
266	P	1.00000	0	0.00000	0
267	P	1.00000	0	0.00000	0
268	F	1.00000	0	0.00000	0
269	D	1.00000	0	0.00000	0
270	N	1.00000	0	0.00000	0
271	D	1.00000	0	0.00000	0
272	L	1.00000	0	0.00000	0
273	D	1.00000	0	0.00000	0
274	Q	1.00000	0	0.00000	0
275	P	1.00000	0	0.00000	0
276	G	1.00000	0	0.00000	0
277	E	1.00000	0	0.00000	0
278	R	1.00000	0	0.00000	0
279	Q	1.00000	0	0.00000	0
280	Q	1.00000	0	0.00000	0
281	I	1.00000	0	0.00000	0
282	S	1.00000	0	0.00000	0
283	S	1.00000	0	0.00000	0
284	T	1.00000	0	0.00000	0
285	R	1.00000	0	0.00000	0
286	E	1.00000	0	0.00000	0
287	R	0.99599	0	0.00401	0
288	K	0.99176	0	0.00824	0
289	A	0.06155	0	0.93845	0
290	A	0.06112	0	0.93888	0
291	R	0.06034	0	0.93966	0
292	I	0.05893	0	0.94107	0
293	L	0.00108	0	0.99892	0
294	G	0.00035	0	0.99965	0
295	L	0.00007	0	0.99993	0
296	I	0.00005	0	0.99995	0
297	L	0.00005	0	0.99995	0
298	G	0.00000	0	1.00000	0
299	A	0.00000	0	1.00000	0
300	F	0.00000	0	1.00000	0
301	I	0.00000	0	1.00000	0
302	L	0.00000	0	1.00000	0
303	S	0.00000	0	1.00000	0
304	W	0.00000	0	1.00000	0
305	L	0.00000	0	1.00000	0
306	P	0.00000	0	1.00000	0
307	F	0.00000	0	1.00000	0
308	F	0.00000	0.00053	0.99947	0
309	I	0.00000	0.04372	0.95628	0
310	K	0.00000	0.76984	0.23016	0
311	E	0.00000	0.79138	0.20862	0
312	L	0.00000	0.79367	0.20633	0
313	I	0.00000	0.80451	0.19549	0
314	V	0.00000	0.83683	0.16317	0
315	G	0.00000	0.9135	0.08650	0
316	L	0.00000	0.92736	0.07264	0
317	S	0.00000	0.95741	0.04259	0
318	I	0.00000	0.96657	0.03343	0
319	H	0.00000	0.98835	0.01165	0
320	T	0.00000	0.99315	0.00685	0
321	V	0.00000	0.99597	0.00403	0
322	S	0.00000	0.99902	0.00098	0
323	S	0.00000	0.99976	0.00024	0
324	E	0.00000	0.9992	0.00080	0
325	V	0.00000	0.99557	0.00443	0
326	A	0.00000	0.99431	0.00569	0
327	D	0.00000	0.92981	0.07019	0
328	F	0.00000	0.00573	0.99427	0
329	F	0.00000	0.00017	0.99983	0
330	T	0.00000	1e-05	0.99999	0
331	W	0.00000	0	1.00000	0
332	L	0.00000	0	1.00000	0
333	G	0.00000	0	1.00000	0
334	Y	0.00001	0	0.99999	0
335	V	0.00001	0	0.99999	0
336	N	0.00001	0	0.99999	0
337	S	0.00001	0	0.99999	0
338	L	0.00001	0	0.99999	0
339	I	0.00001	0	0.99999	0
340	N	0.00001	0	0.99999	0
341	P	0.00001	0	0.99999	0
342	L	0.00001	0	0.99999	0
343	L	0.00001	0	0.99999	0
344	Y	0.00001	0	0.99999	0
345	T	0.00003	0	0.99997	0
346	S	0.00030	0	0.99970	0
347	F	0.02382	0	0.97618	0
348	N	0.74013	0	0.25987	0
349	E	1.00000	0	0.00000	0
350	D	1.00000	0	0.00000	0
351	F	1.00000	0	0.00000	0
352	K	1.00000	0	0.00000	0
353	L	1.00000	0	0.00000	0
354	A	1.00000	0	0.00000	0
355	F	1.00000	0	0.00000	0
356	K	1.00000	0	0.00000	0
357	K	1.00000	0	0.00000	0
358	L	1.00000	0	0.00000	0
359	I	1.00000	0	0.00000	0
360	R	1.00000	0	0.00000	0
361	C	1.00000	0	0.00000	0
362	R	1.00000	0	0.00000	0
363	E	1.00000	0	0.00000	0
364	H	1.00000	0	0.00000	0
365	T	1.00000	0	0.00000	0
