# UNNAMED
#pos	aa	i	o	M	S
1	M	0.00000	0.78847	0.00000	0.21153
2	G	0.00000	0.78847	0.00000	0.21153
3	A	0.00000	0.78847	0.00000	0.21153
4	G	0.00000	0.78847	0.00000	0.21153
5	A	0.00000	0.78847	0.00000	0.21153
6	L	0.00000	0.78847	0.00000	0.21153
7	V	0.00000	0.78847	0.00000	0.21153
8	L	0.00000	0.78847	0.00000	0.21153
9	G	0.00000	0.78847	0.00000	0.21153
10	A	0.00000	0.78847	0.00000	0.21153
11	S	0.00000	0.78847	0.00000	0.21154
12	D	0.00000	0.78847	0.00000	0.21153
13	P	0.00000	0.78847	0.00000	0.21153
14	A	0.00000	0.78862	0.00000	0.21138
15	N	0.00000	0.78869	0.00000	0.21132
16	L	0.00000	0.78869	0.00000	0.21131
17	S	0.00000	0.78892	0.00000	0.21108
18	S	0.00000	0.84643	0.00000	0.15358
19	A	0.00000	0.86356	0.00000	0.13644
20	A	0.00000	0.99994	0.00000	6e-05
21	P	0.00000	0.99994	0.00000	6e-05
22	L	0.00000	0.99994	0.00000	6e-05
23	P	0.00000	0.99994	0.00000	6e-05
24	D	0.00000	0.99994	0.00000	6e-05
25	G	0.00000	0.99994	0.00000	6e-05
26	A	0.00000	0.99994	0.00000	6e-05
27	A	0.00000	0.99994	0.00000	6e-05
28	T	0.00000	0.99995	0.00000	5e-05
29	A	0.00000	0.99997	0.00000	3e-05
30	A	0.00000	0.99999	0.00000	1e-05
31	R	0.00000	1	0.00000	0
32	L	0.00000	1	0.00000	0
33	L	0.00000	1	0.00000	0
34	V	0.00000	1	0.00000	0
35	P	0.00000	1	0.00000	0
36	A	0.00000	1	0.00000	0
37	S	0.00000	1	0.00000	0
38	P	0.00000	1	0.00000	0
39	P	0.00000	1	0.00000	0
40	A	0.00000	1	0.00000	0
41	S	0.00000	1	0.00000	0
42	L	0.00000	1	0.00000	0
43	L	0.00000	1	0.00000	0
44	P	0.00000	1	0.00000	0
45	P	0.00000	1	0.00000	0
46	A	0.00000	1	0.00000	0
47	S	0.00000	1	0.00000	0
48	E	0.00000	1	0.00000	0
49	G	0.00000	1	0.00000	0
50	L	0.00000	1	0.00000	0
51	E	0.00000	1	0.00000	0
52	P	0.00000	1	0.00000	0
53	L	0.00000	0.99848	0.00152	0
54	S	0.00000	0.99515	0.00485	0
55	Q	0.00000	0.97688	0.02312	0
56	Q	0.00000	0.90294	0.09706	0
57	W	0.00000	0.52497	0.47503	0
58	T	0.00000	0.47111	0.52889	0
59	A	0.00000	0.42677	0.57323	0
60	G	0.00000	0.39385	0.60615	0
61	M	0.00000	0.3517	0.64830	0
62	G	0.00000	0.2373	0.76270	0
63	L	0.00000	0.12103	0.87897	0
64	L	0.00000	0.03457	0.96543	0
65	M	0.00000	0.01146	0.98854	0
66	A	0.00000	0.00051	0.99949	0
67	L	0.00000	2e-05	0.99998	0
68	I	0.00000	0	1.00000	0
69	V	0.00000	0	1.00000	0
70	L	0.00000	0	1.00000	0
71	L	0.00000	0	1.00000	0
72	I	0.00000	0	1.00000	0
73	V	0.00000	0	1.00000	0
74	A	0.00000	0	1.00000	0
75	G	0.00000	0	1.00000	0
76	N	0.00000	0	1.00000	0
77	V	0.00000	0	1.00000	0
78	L	0.00000	0	1.00000	0
79	V	0.00000	0	1.00000	0
80	I	0.00003	0	0.99997	0
81	V	0.00202	0	0.99798	0
82	A	0.04166	0	0.95834	0
83	I	0.09577	0	0.90423	0
84	A	0.54350	0	0.45650	0
85	K	0.99278	0	0.00722	0
86	T	0.99929	0	0.00071	0
87	P	0.99999	0	0.00001	0
88	R	1.00000	0	0.00000	0
89	L	0.99999	0	0.00001	0
90	Q	0.99996	0	0.00004	0
91	T	0.99903	0	0.00097	0
92	L	0.97078	0	0.02922	0
93	T	0.94204	0	0.05796	0
94	N	0.15535	0	0.84465	0
95	L	0.02276	0	0.97724	0
96	F	0.00016	0	0.99984	0
97	I	0.00000	0	1.00000	0
98	M	0.00000	0	1.00000	0
99	S	0.00000	0	1.00000	0
100	L	0.00000	0	1.00000	0
101	A	0.00000	0	1.00000	0
102	S	0.00000	0	1.00000	0
103	A	0.00000	0	1.00000	0
104	D	0.00000	0	1.00000	0
105	L	0.00000	0	1.00000	0
106	V	0.00000	0	1.00000	0
107	M	0.00000	0	1.00000	0
108	G	0.00000	0	1.00000	0
109	L	0.00000	0	1.00000	0
110	L	0.00000	0	1.00000	0
111	V	0.00000	7e-05	0.99993	0
112	V	0.00000	0.00086	0.99914	0
113	P	0.00000	0.00849	0.99151	0
114	F	0.00000	0.02807	0.97193	0
115	G	0.00000	0.23849	0.76151	0
116	A	0.00000	0.58333	0.41667	0
117	T	0.00000	0.91062	0.08938	0
118	I	0.00000	0.99886	0.00114	0
119	V	0.00000	0.99908	0.00092	0
120	V	0.00000	0.99935	0.00065	0
121	W	0.00000	0.99952	0.00048	0
122	G	0.00000	0.99983	0.00017	0
123	G	0.00000	0.99997	0.00003	0
124	W	0.00000	0.99999	0.00001	0
125	E	0.00000	1	0.00000	0
126	Y	0.00000	1	0.00000	0
127	G	0.00000	1	0.00000	0
128	S	0.00000	1	0.00000	0
129	F	0.00000	1	0.00000	0
130	F	0.00000	1	0.00000	0
131	C	0.00000	1	0.00000	0
132	E	0.00000	1	0.00000	0
133	L	0.00000	0.99949	0.00051	0
134	W	0.00000	0.94354	0.05646	0
135	T	0.00000	0.63107	0.36893	0
136	S	0.00000	0.10054	0.89946	0
137	V	0.00000	0.02898	0.97102	0
138	D	0.00000	0.00819	0.99181	0
139	V	0.00000	0.00019	0.99981	0
140	L	0.00000	0	1.00000	0
141	C	0.00000	0	1.00000	0
142	V	0.00000	0	1.00000	0
143	T	0.00000	0	1.00000	0
144	A	0.00000	0	1.00000	0
145	S	0.00000	0	1.00000	0
146	I	0.00000	0	1.00000	0
147	E	0.00000	0	1.00000	0
148	T	0.00000	0	1.00000	0
149	L	0.00000	0	1.00000	0
150	C	0.00000	0	1.00000	0
151	V	0.00000	0	1.00000	0
152	I	0.00000	0	1.00000	0
153	A	0.00000	0	1.00000	0
154	L	0.00000	0	1.00000	0
155	D	0.00001	0	0.99999	0
156	R	0.02672	0	0.97328	0
157	Y	0.20553	0	0.79447	0
158	L	0.70551	0	0.29449	0
159	A	0.93472	0	0.06528	0
160	I	0.99994	0	0.00006	0
161	T	1.00000	0	0.00000	0
162	S	1.00000	0	0.00000	0
163	P	1.00000	0	0.00000	0
164	F	1.00000	0	0.00000	0
165	R	1.00000	0	0.00000	0
166	Y	1.00000	0	0.00000	0
167	Q	1.00000	0	0.00000	0
168	S	1.00000	0	0.00000	0
169	L	1.00000	0	0.00000	0
170	L	1.00000	0	0.00000	0
171	T	1.00000	0	0.00000	0
172	R	0.99999	0	0.00001	0
173	A	0.99968	0	0.00032	0
174	R	0.99889	0	0.00111	0
175	A	0.91802	0	0.08198	0
176	R	0.82932	0	0.17068	0
177	G	0.23767	0	0.76233	0
178	L	0.01892	0	0.98108	0
179	V	0.00016	0	0.99984	0
180	C	0.00000	0	1.00000	0
181	T	0.00000	0	1.00000	0
182	V	0.00000	0	1.00000	0
183	W	0.00000	0	1.00000	0
184	A	0.00000	0	1.00000	0
185	I	0.00000	0	1.00000	0
186	S	0.00000	0	1.00000	0
187	A	0.00000	0	1.00000	0
188	L	0.00000	0	1.00000	0
189	V	0.00000	0	1.00000	0
190	S	0.00000	0	1.00000	0
191	F	0.00000	0	1.00000	0
192	L	0.00000	0	1.00000	0
193	P	0.00000	1e-05	0.99999	0
194	I	0.00000	4e-05	0.99996	0
195	L	0.00000	0.00075	0.99925	0
196	M	0.00000	0.01631	0.98369	0
197	H	0.00000	0.23571	0.76429	0
198	W	0.00000	0.3723	0.62770	0
199	W	0.00000	0.72101	0.27899	0
200	R	0.00000	0.99273	0.00727	0
201	A	0.00000	0.99795	0.00205	0
202	E	0.00000	1	0.00000	0
203	S	0.00000	1	0.00000	0
204	D	0.00000	1	0.00000	0
205	E	0.00000	1	0.00000	0
206	A	0.00000	1	0.00000	0
207	R	0.00000	1	0.00000	0
208	R	0.00000	1	0.00000	0
209	C	0.00000	1	0.00000	0
210	Y	0.00000	1	0.00000	0
211	N	0.00000	1	0.00000	0
212	D	0.00000	1	0.00000	0
213	P	0.00000	1	0.00000	0
214	K	0.00000	1	0.00000	0
215	C	0.00000	1	0.00000	0
216	C	0.00000	1	0.00000	0
217	D	0.00000	1	0.00000	0
218	F	0.00000	0.99998	0.00002	0
219	V	0.00000	0.9999	0.00010	0
220	T	0.00000	0.99983	0.00017	0
221	N	0.00000	0.99974	0.00026	0
222	R	0.00000	0.99649	0.00351	0
223	A	0.00000	0.28065	0.71935	0
224	Y	0.00000	0.03439	0.96561	0
225	A	0.00000	0.00748	0.99252	0
226	I	0.00000	0.00211	0.99789	0
227	A	0.00000	1e-05	0.99999	0
228	S	0.00000	1e-05	0.99999	0
229	S	0.00000	0	1.00000	0
230	V	0.00000	0	1.00000	0
231	V	0.00000	0	1.00000	0
232	S	0.00000	0	1.00000	0
233	F	0.00000	0	1.00000	0
234	Y	0.00000	0	1.00000	0
235	V	0.00000	0	1.00000	0
236	P	0.00000	0	1.00000	0
237	L	0.00000	0	1.00000	0
238	C	0.00000	0	1.00000	0
239	I	0.00000	0	1.00000	0
240	M	0.00000	0	1.00000	0
241	A	0.00000	0	1.00000	0
242	F	0.00000	0	1.00000	0
243	V	0.00000	0	1.00000	0
244	Y	0.00021	0	0.99979	0
245	L	0.00951	0	0.99049	0
246	R	0.17534	0	0.82466	0
247	V	0.19346	0	0.80654	0
248	F	0.30056	0	0.69944	0
249	R	0.99471	0	0.00529	0
250	E	0.99992	0	0.00008	0
251	A	1.00000	0	0.00000	0
252	Q	1.00000	0	0.00000	0
253	K	1.00000	0	0.00000	0
254	Q	1.00000	0	0.00000	0
255	V	1.00000	0	0.00000	0
256	K	1.00000	0	0.00000	0
257	K	1.00000	0	0.00000	0
258	I	1.00000	0	0.00000	0
259	D	1.00000	0	0.00000	0
260	S	1.00000	0	0.00000	0
261	C	1.00000	0	0.00000	0
262	E	1.00000	0	0.00000	0
263	R	1.00000	0	0.00000	0
264	R	1.00000	0	0.00000	0
265	F	1.00000	0	0.00000	0
266	L	1.00000	0	0.00000	0
267	G	1.00000	0	0.00000	0
268	G	1.00000	0	0.00000	0
269	P	1.00000	0	0.00000	0
270	E	1.00000	0	0.00000	0
271	R	1.00000	0	0.00000	0
272	P	1.00000	0	0.00000	0
273	P	1.00000	0	0.00000	0
274	S	1.00000	0	0.00000	0
275	P	1.00000	0	0.00000	0
276	A	1.00000	0	0.00000	0
277	P	1.00000	0	0.00000	0
278	A	1.00000	0	0.00000	0
279	P	1.00000	0	0.00000	0
280	A	1.00000	0	0.00000	0
281	P	1.00000	0	0.00000	0
282	P	1.00000	0	0.00000	0
283	S	1.00000	0	0.00000	0
284	A	1.00000	0	0.00000	0
285	P	1.00000	0	0.00000	0
286	G	1.00000	0	0.00000	0
287	P	1.00000	0	0.00000	0
288	P	1.00000	0	0.00000	0
289	R	1.00000	0	0.00000	0
290	P	1.00000	0	0.00000	0
291	N	1.00000	0	0.00000	0
292	A	1.00000	0	0.00000	0
293	A	1.00000	0	0.00000	0
294	A	1.00000	0	0.00000	0
295	A	1.00000	0	0.00000	0
296	A	1.00000	0	0.00000	0
297	A	1.00000	0	0.00000	0
298	P	1.00000	0	0.00000	0
299	L	1.00000	0	0.00000	0
300	A	1.00000	0	0.00000	0
301	N	1.00000	0	0.00000	0
302	G	1.00000	0	0.00000	0
303	R	1.00000	0	0.00000	0
304	A	1.00000	0	0.00000	0
305	G	1.00000	0	0.00000	0
306	K	1.00000	0	0.00000	0
307	R	1.00000	0	0.00000	0
308	R	1.00000	0	0.00000	0
309	P	1.00000	0	0.00000	0
310	S	1.00000	0	0.00000	0
311	R	1.00000	0	0.00000	0
312	L	1.00000	0	0.00000	0
313	V	1.00000	0	0.00000	0
314	A	1.00000	0	0.00000	0
315	L	1.00000	0	0.00000	0
316	R	1.00000	0	0.00000	0
317	E	1.00000	0	0.00000	0
318	Q	0.99303	0	0.00697	0
319	K	0.99121	0	0.00879	0
320	A	0.10747	0	0.89253	0
321	L	0.10474	0	0.89526	0
322	K	0.10422	0	0.89578	0
323	T	0.07703	0	0.92297	0
324	L	0.00074	0	0.99926	0
325	G	0.00006	0	0.99994	0
326	I	0.00002	0	0.99998	0
327	I	0.00000	0	1.00000	0
328	M	0.00000	0	1.00000	0
329	G	0.00000	0	1.00000	0
330	V	0.00000	0	1.00000	0
331	F	0.00000	0	1.00000	0
332	T	0.00000	0	1.00000	0
333	L	0.00000	0	1.00000	0
334	C	0.00000	0	1.00000	0
335	W	0.00000	0	1.00000	0
336	L	0.00000	0	1.00000	0
337	P	0.00000	0	1.00000	0
338	F	0.00000	0	1.00000	0
339	F	0.00000	0	1.00000	0
340	L	0.00000	0.00151	0.99849	0
341	A	0.00000	0.03167	0.96833	0
342	N	0.00000	0.20608	0.79392	0
343	V	0.00000	0.28041	0.71959	0
344	V	0.00000	0.48401	0.51599	0
345	K	0.00000	0.954	0.04600	0
346	A	0.00000	0.95914	0.04086	0
347	F	0.00000	0.96667	0.03333	0
348	H	0.00000	0.9923	0.00770	0
349	R	0.00000	0.9997	0.00030	0
350	E	0.00000	0.99999	0.00001	0
351	L	0.00000	0.99944	0.00056	0
352	V	0.00000	0.99889	0.00111	0
353	P	0.00000	0.99856	0.00144	0
354	D	0.00000	0.98935	0.01065	0
355	R	0.00000	0.74667	0.25333	0
356	L	0.00000	0.18124	0.81876	0
357	F	0.00000	0.14755	0.85245	0
358	V	0.00000	0.00112	0.99888	0
359	F	0.00000	0	1.00000	0
360	F	0.00000	0	1.00000	0
361	N	0.00000	0	1.00000	0
362	W	0.00000	0	1.00000	0
363	L	0.00000	0	1.00000	0
364	G	0.00000	0	1.00000	0
365	Y	0.00000	0	1.00000	0
366	A	0.00000	0	1.00000	0
367	N	0.00000	0	1.00000	0
368	S	0.00000	0	1.00000	0
369	A	0.00000	0	1.00000	0
370	F	0.00000	0	1.00000	0
371	N	0.00000	0	1.00000	0
372	P	0.00000	0	1.00000	0
373	I	0.00000	0	1.00000	0
374	I	0.00004	0	0.99996	0
375	Y	0.00321	0	0.99679	0
376	C	0.03205	0	0.96795	0
377	R	1.00000	0	0.00000	0
378	S	1.00000	0	0.00000	0
379	P	1.00000	0	0.00000	0
380	D	1.00000	0	0.00000	0
381	F	1.00000	0	0.00000	0
382	R	1.00000	0	0.00000	0
383	K	1.00000	0	0.00000	0
384	A	1.00000	0	0.00000	0
385	F	1.00000	0	0.00000	0
386	Q	1.00000	0	0.00000	0
387	R	1.00000	0	0.00000	0
388	L	1.00000	0	0.00000	0
389	L	1.00000	0	0.00000	0
390	R	1.00000	0	0.00000	0
391	C	1.00000	0	0.00000	0
392	A	1.00000	0	0.00000	0
393	R	1.00000	0	0.00000	0
394	R	1.00000	0	0.00000	0
395	A	1.00000	0	0.00000	0
396	A	1.00000	0	0.00000	0
397	S	1.00000	0	0.00000	0
398	R	1.00000	0	0.00000	0
399	R	1.00000	0	0.00000	0
400	H	1.00000	0	0.00000	0
401	A	1.00000	0	0.00000	0
402	A	1.00000	0	0.00000	0
403	H	1.00000	0	0.00000	0
404	G	1.00000	0	0.00000	0
405	D	1.00000	0	0.00000	0
406	R	1.00000	0	0.00000	0
407	P	1.00000	0	0.00000	0
408	R	1.00000	0	0.00000	0
409	A	1.00000	0	0.00000	0
410	S	1.00000	0	0.00000	0
411	G	1.00000	0	0.00000	0
412	C	1.00000	0	0.00000	0
413	L	1.00000	0	0.00000	0
414	A	1.00000	0	0.00000	0
415	R	1.00000	0	0.00000	0
416	P	1.00000	0	0.00000	0
417	G	1.00000	0	0.00000	0
418	P	1.00000	0	0.00000	0
419	P	1.00000	0	0.00000	0
420	P	1.00000	0	0.00000	0
421	S	1.00000	0	0.00000	0
422	P	1.00000	0	0.00000	0
423	G	1.00000	0	0.00000	0
424	A	1.00000	0	0.00000	0
425	A	1.00000	0	0.00000	0
426	S	1.00000	0	0.00000	0
427	D	1.00000	0	0.00000	0
428	D	1.00000	0	0.00000	0
429	D	1.00000	0	0.00000	0
430	D	1.00000	0	0.00000	0
431	D	1.00000	0	0.00000	0
432	D	1.00000	0	0.00000	0
433	V	1.00000	0	0.00000	0
434	V	1.00000	0	0.00000	0
435	G	1.00000	0	0.00000	0
436	A	1.00000	0	0.00000	0
437	T	1.00000	0	0.00000	0
438	P	1.00000	0	0.00000	0
439	P	1.00000	0	0.00000	0
440	A	1.00000	0	0.00000	0
441	R	1.00000	0	0.00000	0
442	L	1.00000	0	0.00000	0
443	L	1.00000	0	0.00000	0
444	E	1.00000	0	0.00000	0
445	P	1.00000	0	0.00000	0
446	W	1.00000	0	0.00000	0
447	A	1.00000	0	0.00000	0
448	G	1.00000	0	0.00000	0
449	C	1.00000	0	0.00000	0
450	N	1.00000	0	0.00000	0
451	G	1.00000	0	0.00000	0
452	G	1.00000	0	0.00000	0
453	A	1.00000	0	0.00000	0
454	A	1.00000	0	0.00000	0
455	A	1.00000	0	0.00000	0
456	D	1.00000	0	0.00000	0
457	S	1.00000	0	0.00000	0
458	D	1.00000	0	0.00000	0
459	S	1.00000	0	0.00000	0
460	S	1.00000	0	0.00000	0
461	L	1.00000	0	0.00000	0
462	D	1.00000	0	0.00000	0
463	E	1.00000	0	0.00000	0
464	P	1.00000	0	0.00000	0
465	C	1.00000	0	0.00000	0
466	R	1.00000	0	0.00000	0
467	P	1.00000	0	0.00000	0
468	G	1.00000	0	0.00000	0
469	F	1.00000	0	0.00000	0
470	A	1.00000	0	0.00000	0
471	S	1.00000	0	0.00000	0
472	E	1.00000	0	0.00000	0
473	S	1.00000	0	0.00000	0
474	K	1.00000	0	0.00000	0
475	V	1.00000	0	0.00000	0
