# UNNAMED
#pos	aa	i	o	M	S
1	M	0.00000	1	0.00000	0
2	I	0.00000	1	0.00000	0
3	P	0.00000	1	0.00000	0
4	E	0.00000	1	0.00000	0
5	P	0.00000	1	0.00000	0
6	G	0.00000	1	0.00000	0
7	P	0.00000	1	0.00000	0
8	S	0.00000	1	0.00000	0
9	N	0.00000	1	0.00000	0
10	H	0.00000	1	0.00000	0
11	S	0.00000	1	0.00000	0
12	T	0.00000	1	0.00000	0
13	P	0.00000	1	0.00000	0
14	D	0.00000	1	0.00000	0
15	W	0.00000	1	0.00000	0
16	E	0.00000	1	0.00000	0
17	S	0.00000	1	0.00000	0
18	G	0.00000	1	0.00000	0
19	P	0.00000	1	0.00000	0
20	P	0.00000	1	0.00000	0
21	S	0.00000	0.99999	0.00001	0
22	G	0.00000	0.99996	0.00004	0
23	A	0.00000	0.99992	0.00008	0
24	G	0.00000	0.99494	0.00506	0
25	G	0.00000	0.97483	0.02517	0
26	S	0.00000	0.91959	0.08041	0
27	G	0.00000	0.67186	0.32814	0
28	W	0.00000	0.11091	0.88909	0
29	V	0.00000	0.01312	0.98688	0
30	A	0.00000	0.00842	0.99158	0
31	A	0.00000	0.0046	0.99540	0
32	A	0.00000	0.00224	0.99776	0
33	L	0.00000	0.0004	0.99960	0
34	C	0.00000	0.00016	0.99984	0
35	V	0.00000	1e-05	0.99999	0
36	V	0.00000	0	1.00000	0
37	I	0.00000	0	1.00000	0
38	A	0.00000	0	1.00000	0
39	L	0.00000	0	1.00000	0
40	T	0.00000	0	1.00000	0
41	A	0.00000	0	1.00000	0
42	A	0.00000	0	1.00000	0
43	A	0.00000	0	1.00000	0
44	N	0.00000	0	1.00000	0
45	S	0.00000	0	1.00000	0
46	L	0.00000	0	1.00000	0
47	L	0.00000	0	1.00000	0
48	I	0.00001	0	0.99999	0
49	A	0.00020	0	0.99980	0
50	L	0.00304	0	0.99696	0
51	I	0.04599	0	0.95401	0
52	C	0.42447	0	0.57553	0
53	T	0.96295	0	0.03705	0
54	Q	0.99941	0	0.00059	0
55	P	0.99999	0	0.00001	0
56	A	1.00000	0	0.00000	0
57	L	1.00000	0	0.00000	0
58	R	1.00000	0	0.00000	0
59	N	0.99899	0	0.00101	0
60	T	0.99506	0	0.00494	0
61	S	0.88510	0	0.11490	0
62	N	0.18940	0	0.81060	0
63	F	0.03173	0	0.96827	0
64	F	0.00317	0	0.99683	0
65	L	0.00005	0	0.99995	0
66	V	0.00000	0	1.00000	0
67	S	0.00000	0	1.00000	0
68	L	0.00000	0	1.00000	0
69	F	0.00000	0	1.00000	0
70	T	0.00000	0	1.00000	0
71	S	0.00000	0	1.00000	0
72	D	0.00000	0	1.00000	0
73	L	0.00000	0	1.00000	0
74	M	0.00000	0	1.00000	0
75	V	0.00000	0	1.00000	0
76	G	0.00000	0	1.00000	0
77	L	0.00000	0	1.00000	0
78	V	0.00000	0	1.00000	0
79	V	0.00000	2e-05	0.99998	0
80	M	0.00000	0.00034	0.99966	0
81	P	0.00000	0.00673	0.99327	0
82	P	0.00000	0.02227	0.97773	0
83	A	0.00000	0.09816	0.90184	0
84	M	0.00000	0.18968	0.81032	0
85	L	0.00000	0.50843	0.49157	0
86	N	0.00000	0.99997	0.00003	0
87	A	0.00000	1	0.00000	0
88	L	0.00000	1	0.00000	0
89	Y	0.00000	1	0.00000	0
90	G	0.00000	1	0.00000	0
91	R	0.00000	1	0.00000	0
92	W	0.00000	1	0.00000	0
93	V	0.00000	0.99999	0.00001	0
94	L	0.00000	0.99997	0.00003	0
95	A	0.00000	0.99997	0.00003	0
96	R	0.00000	0.99995	0.00005	0
97	G	0.00000	0.99986	0.00014	0
98	L	0.00000	0.99972	0.00028	0
99	C	0.00000	0.99965	0.00035	0
100	L	0.00000	0.99875	0.00125	0
101	L	0.00000	0.99775	0.00225	0
102	W	0.00000	0.88645	0.11355	0
103	A	0.00000	0.25746	0.74254	0
104	A	0.00000	0.00861	0.99139	0
105	F	0.00000	8e-05	0.99992	0
106	D	0.00000	2e-05	0.99998	0
107	V	0.00000	0	1.00000	0
108	M	0.00000	0	1.00000	0
109	C	0.00000	0	1.00000	0
110	C	0.00000	0	1.00000	0
111	S	0.00000	0	1.00000	0
112	A	0.00000	0	1.00000	0
113	S	0.00000	0	1.00000	0
114	I	0.00000	0	1.00000	0
115	L	0.00000	0	1.00000	0
116	N	0.00000	0	1.00000	0
117	L	0.00000	0	1.00000	0
118	C	0.00000	0	1.00000	0
119	L	0.00000	0	1.00000	0
120	I	0.00000	0	1.00000	0
121	S	0.00000	0	1.00000	0
122	L	0.00000	0	1.00000	0
123	D	0.00002	0	0.99998	0
124	R	0.04216	0	0.95784	0
125	Y	0.32758	0	0.67242	0
126	L	0.75058	0	0.24942	0
127	L	0.87268	0	0.12732	0
128	I	0.99995	0	0.00005	0
129	L	1.00000	0	0.00000	0
130	S	1.00000	0	0.00000	0
131	P	1.00000	0	0.00000	0
132	L	1.00000	0	0.00000	0
133	R	1.00000	0	0.00000	0
134	Y	1.00000	0	0.00000	0
135	K	1.00000	0	0.00000	0
136	L	1.00000	0	0.00000	0
137	R	1.00000	0	0.00000	0
138	M	1.00000	0	0.00000	0
139	T	1.00000	0	0.00000	0
140	P	0.99999	0	0.00001	0
141	P	0.99969	0	0.00031	0
142	R	0.96370	0	0.03630	0
143	A	0.33286	0	0.66714	0
144	M	0.06583	0	0.93417	0
145	A	0.01654	0	0.98346	0
146	L	0.00116	0	0.99884	0
147	V	0.00000	0	1.00000	0
148	L	0.00000	0	1.00000	0
149	G	0.00000	0	1.00000	0
150	A	0.00000	0	1.00000	0
151	W	0.00000	0	1.00000	0
152	S	0.00000	0	1.00000	0
153	L	0.00000	0	1.00000	0
154	A	0.00000	0	1.00000	0
155	A	0.00000	0	1.00000	0
156	L	0.00000	0	1.00000	0
157	A	0.00000	0	1.00000	0
158	S	0.00000	0	1.00000	0
159	F	0.00000	0	1.00000	0
160	L	0.00000	0	1.00000	0
161	P	0.00000	0.00015	0.99985	0
162	L	0.00000	0.00087	0.99913	0
163	L	0.00000	0.01357	0.98643	0
164	L	0.00000	0.18114	0.81886	0
165	G	0.00000	0.81297	0.18703	0
166	W	0.00000	0.90981	0.09019	0
167	H	0.00000	0.99272	0.00728	0
168	E	0.00000	0.99993	0.00007	0
169	L	0.00000	0.99997	0.00003	0
170	G	0.00000	1	0.00000	0
171	R	0.00000	1	0.00000	0
172	T	0.00000	1	0.00000	0
173	Q	0.00000	1	0.00000	0
174	A	0.00000	1	0.00000	0
175	P	0.00000	1	0.00000	0
176	V	0.00000	1	0.00000	0
177	P	0.00000	1	0.00000	0
178	G	0.00000	1	0.00000	0
179	Q	0.00000	1	0.00000	0
180	C	0.00000	0.9998	0.00020	0
181	R	0.00000	0.99964	0.00036	0
182	L	0.00000	0.18642	0.81358	0
183	L	0.00000	0.18115	0.81885	0
184	A	0.00000	0.17395	0.82605	0
185	S	0.00000	0.17339	0.82661	0
186	L	0.00000	0.16302	0.83698	0
187	P	0.00000	0.16027	0.83973	0
188	F	0.00000	0.02938	0.97062	0
189	V	0.00000	0.00065	0.99935	0
190	L	0.00000	0.00038	0.99962	0
191	V	0.00000	3e-05	0.99997	0
192	A	0.00000	1e-05	0.99999	0
193	S	0.00000	0	1.00000	0
194	S	0.00000	0	1.00000	0
195	L	0.00000	0	1.00000	0
196	T	0.00000	0	1.00000	0
197	F	0.00000	0	1.00000	0
198	F	0.00000	0	1.00000	0
199	L	0.00000	0	1.00000	0
200	P	0.00000	0	1.00000	0
201	S	0.00000	0	1.00000	0
202	G	0.00000	0	1.00000	0
203	A	0.00000	0	1.00000	0
204	I	0.00000	0	1.00000	0
205	C	0.00009	0	0.99991	0
206	F	0.00837	0	0.99163	0
207	T	0.22420	0	0.77580	0
208	Y	0.34278	0	0.65722	0
209	G	0.74232	0	0.25768	0
210	R	0.82452	0	0.17548	0
211	I	0.82705	0	0.17295	0
212	L	0.83765	0	0.16235	0
213	L	0.90763	0	0.09237	0
214	A	0.95021	0	0.04979	0
215	A	0.99971	0	0.00029	0
216	R	0.99999	0	0.00001	0
217	K	1.00000	0	0.00000	0
218	Q	1.00000	0	0.00000	0
219	A	1.00000	0	0.00000	0
220	V	1.00000	0	0.00000	0
221	Q	1.00000	0	0.00000	0
222	V	1.00000	0	0.00000	0
223	A	1.00000	0	0.00000	0
224	S	1.00000	0	0.00000	0
225	L	1.00000	0	0.00000	0
226	T	1.00000	0	0.00000	0
227	T	1.00000	0	0.00000	0
228	G	1.00000	0	0.00000	0
229	V	1.00000	0	0.00000	0
230	A	1.00000	0	0.00000	0
231	G	1.00000	0	0.00000	0
232	Q	1.00000	0	0.00000	0
233	A	1.00000	0	0.00000	0
234	L	1.00000	0	0.00000	0
235	D	1.00000	0	0.00000	0
236	T	1.00000	0	0.00000	0
237	L	1.00000	0	0.00000	0
238	Q	1.00000	0	0.00000	0
239	V	1.00000	0	0.00000	0
240	P	1.00000	0	0.00000	0
241	R	1.00000	0	0.00000	0
242	T	1.00000	0	0.00000	0
243	P	1.00000	0	0.00000	0
244	R	1.00000	0	0.00000	0
245	S	1.00000	0	0.00000	0
246	G	1.00000	0	0.00000	0
247	V	1.00000	0	0.00000	0
248	E	1.00000	0	0.00000	0
249	S	1.00000	0	0.00000	0
250	A	1.00000	0	0.00000	0
251	E	1.00000	0	0.00000	0
252	S	1.00000	0	0.00000	0
253	R	1.00000	0	0.00000	0
254	R	1.00000	0	0.00000	0
255	L	1.00000	0	0.00000	0
256	A	1.00000	0	0.00000	0
257	T	1.00000	0	0.00000	0
258	K	1.00000	0	0.00000	0
259	H	1.00000	0	0.00000	0
260	S	0.99996	0	0.00004	0
261	R	0.99742	0	0.00258	0
262	K	0.85666	0	0.14334	0
263	A	0.85496	0	0.14504	0
264	L	0.70602	0	0.29398	0
265	K	0.70531	0	0.29469	0
266	A	0.30156	0	0.69844	0
267	S	0.29860	0	0.70140	0
268	L	0.29368	0	0.70632	0
269	T	0.29256	0	0.70744	0
270	L	0.00788	0	0.99212	0
271	S	0.00120	0	0.99880	0
272	I	0.00004	0	0.99996	0
273	L	0.00001	0	0.99999	0
274	L	0.00000	0	1.00000	0
275	G	0.00000	0	1.00000	0
276	M	0.00000	0	1.00000	0
277	F	0.00000	0	1.00000	0
278	F	0.00000	0	1.00000	0
279	V	0.00000	0	1.00000	0
280	T	0.00000	0	1.00000	0
281	W	0.00000	0	1.00000	0
282	L	0.00000	1e-05	0.99999	0
283	P	0.00000	0.00018	0.99982	0
284	F	0.00000	0.00031	0.99969	0
285	F	0.00000	0.00152	0.99848	0
286	V	0.00000	0.00953	0.99047	0
287	A	0.00000	0.03315	0.96685	0
288	S	0.00000	0.09106	0.90894	0
289	I	0.00000	0.14735	0.85265	0
290	V	0.00000	0.30378	0.69622	0
291	Q	0.00000	0.60958	0.39042	0
292	A	0.00000	0.6609	0.33910	0
293	V	0.00000	0.7378	0.26220	0
294	C	0.00000	0.97675	0.02325	0
295	D	0.00000	0.99995	0.00005	0
296	C	0.00000	1	0.00000	0
297	I	0.00000	1	0.00000	0
298	S	0.00000	1	0.00000	0
299	P	0.00000	0.99999	0.00001	0
300	D	0.00000	0.99989	0.00011	0
301	L	0.00000	0.99456	0.00544	0
302	F	0.00000	0.9931	0.00690	0
303	D	0.00000	0.94912	0.05088	0
304	V	0.00000	0.01063	0.98937	0
305	L	0.00000	0.00071	0.99929	0
306	T	0.00000	7e-05	0.99993	0
307	W	0.00000	1e-05	0.99999	0
308	L	0.00000	0	1.00000	0
309	G	0.00000	0	1.00000	0
310	Y	0.00000	0	1.00000	0
311	C	0.00000	0	1.00000	0
312	N	0.00000	0	1.00000	0
313	S	0.00000	0	1.00000	0
314	T	0.00000	0	1.00000	0
315	M	0.00000	0	1.00000	0
316	N	0.00000	0	1.00000	0
317	P	0.00000	0	1.00000	0
318	I	0.00000	0	1.00000	0
319	I	0.00000	0	1.00000	0
320	Y	0.00001	0	0.99999	0
321	P	0.00007	0	0.99993	0
322	L	0.00025	0	0.99975	0
323	F	0.04180	0	0.95820	0
324	M	0.16857	0	0.83143	0
325	Q	0.93285	0	0.06715	0
326	D	0.98311	0	0.01689	0
327	F	0.98475	0	0.01525	0
328	K	1.00000	0	0.00000	0
329	R	1.00000	0	0.00000	0
330	A	1.00000	0	0.00000	0
331	L	1.00000	0	0.00000	0
332	G	1.00000	0	0.00000	0
333	K	1.00000	0	0.00000	0
334	F	1.00000	0	0.00000	0
335	L	1.00000	0	0.00000	0
336	P	1.00000	0	0.00000	0
337	C	1.00000	0	0.00000	0
338	P	1.00000	0	0.00000	0
339	R	1.00000	0	0.00000	0
340	C	1.00000	0	0.00000	0
341	P	1.00000	0	0.00000	0
342	W	1.00000	0	0.00000	0
343	E	1.00000	0	0.00000	0
344	R	1.00000	0	0.00000	0
345	Q	1.00000	0	0.00000	0
346	A	1.00000	0	0.00000	0
347	S	1.00000	0	0.00000	0
348	L	1.00000	0	0.00000	0
349	A	1.00000	0	0.00000	0
350	S	1.00000	0	0.00000	0
351	L	1.00000	0	0.00000	0
352	S	1.00000	0	0.00000	0
353	V	1.00000	0	0.00000	0
354	R	1.00000	0	0.00000	0
355	T	1.00000	0	0.00000	0
356	S	1.00000	0	0.00000	0
357	Q	1.00000	0	0.00000	0
358	S	1.00000	0	0.00000	0
359	G	1.00000	0	0.00000	0
360	P	1.00000	0	0.00000	0
361	R	1.00000	0	0.00000	0
362	P	1.00000	0	0.00000	0
363	G	1.00000	0	0.00000	0
364	L	1.00000	0	0.00000	0
365	S	1.00000	0	0.00000	0
366	L	1.00000	0	0.00000	0
367	Q	1.00000	0	0.00000	0
368	H	1.00000	0	0.00000	0
369	V	1.00000	0	0.00000	0
370	L	1.00000	0	0.00000	0
371	P	1.00000	0	0.00000	0
372	L	1.00000	0	0.00000	0
373	P	1.00000	0	0.00000	0
374	L	1.00000	0	0.00000	0
375	P	1.00000	0	0.00000	0
376	P	1.00000	0	0.00000	0
377	N	1.00000	0	0.00000	0
378	S	1.00000	0	0.00000	0
379	D	1.00000	0	0.00000	0
380	L	1.00000	0	0.00000	0
381	D	1.00000	0	0.00000	0
382	S	1.00000	0	0.00000	0
383	D	1.00000	0	0.00000	0
384	S	1.00000	0	0.00000	0
385	G	1.00000	0	0.00000	0
386	G	1.00000	0	0.00000	0
387	F	1.00000	0	0.00000	0
388	S	1.00000	0	0.00000	0
389	G	1.00000	0	0.00000	0
390	L	1.00000	0	0.00000	0
391	Q	1.00000	0	0.00000	0
392	L	1.00000	0	0.00000	0
393	T	1.00000	0	0.00000	0
394	T	1.00000	0	0.00000	0
395	Q	1.00000	0	0.00000	0
396	L	1.00000	0	0.00000	0
397	L	1.00000	0	0.00000	0
398	L	1.00000	0	0.00000	0
399	P	1.00000	0	0.00000	0
400	G	1.00000	0	0.00000	0
401	E	1.00000	0	0.00000	0
402	A	1.00000	0	0.00000	0
403	T	1.00000	0	0.00000	0
404	Q	1.00000	0	0.00000	0
405	D	1.00000	0	0.00000	0
406	P	1.00000	0	0.00000	0
407	P	1.00000	0	0.00000	0
408	P	1.00000	0	0.00000	0
409	P	1.00000	0	0.00000	0
410	V	1.00000	0	0.00000	0
411	Q	1.00000	0	0.00000	0
412	A	1.00000	0	0.00000	0
413	A	1.00000	0	0.00000	0
414	A	1.00000	0	0.00000	0
415	A	1.00000	0	0.00000	0
416	V	1.00000	0	0.00000	0
417	N	1.00000	0	0.00000	0
418	F	1.00000	0	0.00000	0
419	F	1.00000	0	0.00000	0
420	N	1.00000	0	0.00000	0
421	I	1.00000	0	0.00000	0
422	D	1.00000	0	0.00000	0
423	P	1.00000	0	0.00000	0
424	V	1.00000	0	0.00000	0
425	E	1.00000	0	0.00000	0
426	P	1.00000	0	0.00000	0
427	E	1.00000	0	0.00000	0
428	L	1.00000	0	0.00000	0
429	R	1.00000	0	0.00000	0
430	L	1.00000	0	0.00000	0
431	H	1.00000	0	0.00000	0
432	P	1.00000	0	0.00000	0
433	L	1.00000	0	0.00000	0
434	G	1.00000	0	0.00000	0
435	T	1.00000	0	0.00000	0
436	P	1.00000	0	0.00000	0
437	T	1.00000	0	0.00000	0
438	N	1.00000	0	0.00000	0
