# UNNAMED
#pos	aa	i	o	M	S
1	M	0.00000	0.9995	0.00000	0.0005
2	V	0.00000	0.9995	0.00000	0.0005
3	N	0.00000	0.9995	0.00000	0.0005
4	N	0.00000	0.9995	0.00000	0.0005
5	F	0.00000	0.9995	0.00000	0.0005
6	F	0.00000	0.9995	0.00000	0.00051
7	Q	0.00000	0.9995	0.00000	0.00051
8	A	0.00000	0.9995	0.00000	0.0005
9	E	0.00000	0.9995	0.00000	0.0005
10	A	0.00000	0.9995	0.00000	0.0005
11	V	0.00000	0.9995	0.00000	0.0005
12	E	0.00000	0.9995	0.00000	0.00051
13	L	0.00000	0.9995	0.00000	0.0005
14	C	0.00000	0.99967	0.00000	0.00033
15	Y	0.00000	0.99967	0.00000	0.00033
16	Q	0.00000	0.99967	0.00000	0.00033
17	N	0.00000	0.99988	0.00000	0.00012
18	V	0.00000	0.99987	0.00000	0.00012
19	N	0.00000	0.99987	0.00000	0.00013
20	G	0.00000	0.99987	0.00000	0.00013
21	S	0.00000	0.99988	0.00000	0.00011
22	C	0.00000	0.99994	0.00000	6e-05
23	V	0.00000	1	0.00000	0
24	K	0.00000	1	0.00000	0
25	T	0.00000	1	0.00000	0
26	P	0.00000	1	0.00000	0
27	Y	0.00000	1	0.00000	0
28	S	0.00000	1	0.00000	0
29	P	0.00000	1	0.00000	0
30	G	0.00000	0.99999	0.00001	0
31	P	0.00000	0.99996	0.00004	0
32	R	0.00000	0.99276	0.00724	0
33	A	0.00000	0.65477	0.34523	0
34	V	0.00000	0.19458	0.80542	0
35	L	0.00000	0.0524	0.94760	0
36	Y	0.00000	0.01055	0.98945	0
37	A	0.00000	0.00282	0.99718	0
38	V	0.00000	0.00063	0.99937	0
39	L	0.00000	0.00022	0.99978	0
40	G	0.00000	8e-05	0.99992	0
41	L	0.00000	1e-05	0.99999	0
42	G	0.00000	0	1.00000	0
43	A	0.00000	0	1.00000	0
44	V	0.00000	0	1.00000	0
45	L	0.00000	0	1.00000	0
46	A	0.00000	0	1.00000	0
47	M	0.00000	0	1.00000	0
48	F	0.00000	0	1.00000	0
49	G	0.00000	0	1.00000	0
50	N	0.00000	0	1.00000	0
51	L	0.00000	0	1.00000	0
52	L	0.00000	0	1.00000	0
53	V	0.00000	0	1.00000	0
54	I	0.00000	0	1.00000	0
55	I	0.00020	0	0.99980	0
56	A	0.01733	0	0.98267	0
57	I	0.05096	0	0.94904	0
58	L	0.32375	0	0.67625	0
59	H	0.80179	0	0.19821	0
60	F	0.88787	0	0.11213	0
61	K	0.99907	0	0.00093	0
62	Q	1.00000	0	0.00000	0
63	L	1.00000	0	0.00000	0
64	H	1.00000	0	0.00000	0
65	T	1.00000	0	0.00000	0
66	P	1.00000	0	0.00000	0
67	T	0.60097	0	0.39903	0
68	N	0.08849	0	0.91151	0
69	F	0.00966	0	0.99034	0
70	L	0.00010	0	0.99990	0
71	I	0.00000	0	1.00000	0
72	A	0.00000	0	1.00000	0
73	S	0.00000	0	1.00000	0
74	L	0.00000	0	1.00000	0
75	A	0.00000	0	1.00000	0
76	C	0.00000	0	1.00000	0
77	A	0.00000	0	1.00000	0
78	D	0.00000	0	1.00000	0
79	F	0.00000	0	1.00000	0
80	L	0.00000	0	1.00000	0
81	V	0.00000	0	1.00000	0
82	G	0.00000	0	1.00000	0
83	V	0.00000	0	1.00000	0
84	T	0.00000	0	1.00000	0
85	M	0.00000	3e-05	0.99997	0
86	M	0.00000	0.00328	0.99672	0
87	P	0.00000	0.05879	0.94121	0
88	F	0.00000	0.17373	0.82627	0
89	S	0.00000	0.7031	0.29690	0
90	T	0.00000	0.88282	0.11718	0
91	V	0.00000	0.93178	0.06822	0
92	R	0.00000	0.99999	0.00001	0
93	S	0.00000	0.99999	0.00001	0
94	V	0.00000	1	0.00000	0
95	E	0.00000	1	0.00000	0
96	S	0.00000	1	0.00000	0
97	C	0.00000	1	0.00000	0
98	W	0.00000	1	0.00000	0
99	Y	0.00000	1	0.00000	0
100	F	0.00000	1	0.00000	0
101	G	0.00000	1	0.00000	0
102	E	0.00000	1	0.00000	0
103	S	0.00000	1	0.00000	0
104	Y	0.00000	0.99991	0.00009	0
105	C	0.00000	0.99985	0.00015	0
106	K	0.00000	0.99977	0.00023	0
107	F	0.00000	0.98779	0.01221	0
108	H	0.00000	0.34299	0.65701	0
109	T	0.00000	0.21148	0.78852	0
110	C	0.00000	0.17199	0.82801	0
111	F	0.00000	0.00055	0.99945	0
112	D	0.00000	0.00027	0.99973	0
113	T	0.00000	4e-05	0.99996	0
114	S	0.00000	0	1.00000	0
115	F	0.00000	0	1.00000	0
116	C	0.00000	0	1.00000	0
117	F	0.00000	0	1.00000	0
118	A	0.00000	0	1.00000	0
119	S	0.00000	0	1.00000	0
120	L	0.00000	0	1.00000	0
121	F	0.00000	0	1.00000	0
122	H	0.00000	0	1.00000	0
123	L	0.00000	0	1.00000	0
124	C	0.00000	0	1.00000	0
125	C	0.00000	0	1.00000	0
126	I	0.00000	0	1.00000	0
127	S	0.00001	0	0.99999	0
128	I	0.00003	0	0.99997	0
129	D	0.00023	0	0.99977	0
130	R	0.10144	0	0.89856	0
131	Y	0.92561	0	0.07439	0
132	I	0.98478	0	0.01522	0
133	A	0.99735	0	0.00265	0
134	V	1.00000	0	0.00000	0
135	T	1.00000	0	0.00000	0
136	D	1.00000	0	0.00000	0
137	P	1.00000	0	0.00000	0
138	L	1.00000	0	0.00000	0
139	T	1.00000	0	0.00000	0
140	Y	1.00000	0	0.00000	0
141	P	1.00000	0	0.00000	0
142	T	0.99997	0	0.00003	0
143	K	0.99955	0	0.00045	0
144	F	0.80839	0	0.19161	0
145	T	0.76401	0	0.23599	0
146	V	0.60791	0	0.39209	0
147	S	0.51196	0	0.48804	0
148	V	0.25109	0	0.74891	0
149	S	0.22549	0	0.77451	0
150	G	0.07582	0	0.92418	0
151	I	0.00165	0	0.99835	0
152	C	0.00000	0	1.00000	0
153	I	0.00000	0	1.00000	0
154	V	0.00000	0	1.00000	0
155	L	0.00000	0	1.00000	0
156	S	0.00000	0	1.00000	0
157	W	0.00000	0	1.00000	0
158	F	0.00000	0	1.00000	0
159	F	0.00000	0	1.00000	0
160	S	0.00000	0	1.00000	0
161	V	0.00000	0	1.00000	0
162	T	0.00000	2e-05	0.99998	0
163	Y	0.00000	0.00093	0.99907	0
164	S	0.00000	0.0125	0.98750	0
165	F	0.00000	0.02724	0.97276	0
166	S	0.00000	0.14793	0.85207	0
167	I	0.00000	0.20386	0.79614	0
168	L	0.00000	0.36315	0.63685	0
169	Y	0.00000	0.53547	0.46453	0
170	T	0.00000	0.76581	0.23419	0
171	G	0.00000	0.87735	0.12265	0
172	A	0.00000	0.9211	0.07890	0
173	N	0.00000	0.99644	0.00356	0
174	E	0.00000	0.99999	0.00001	0
175	E	0.00000	1	0.00000	0
176	G	0.00000	1	0.00000	0
177	I	0.00000	1	0.00000	0
178	E	0.00000	1	0.00000	0
179	D	0.00000	1	0.00000	0
180	L	0.00000	1	0.00000	0
181	V	0.00000	1	0.00000	0
182	A	0.00000	1	0.00000	0
183	A	0.00000	1	0.00000	0
184	L	0.00000	1	0.00000	0
185	T	0.00000	1	0.00000	0
186	C	0.00000	1	0.00000	0
187	V	0.00000	1	0.00000	0
188	G	0.00000	1	0.00000	0
189	G	0.00000	1	0.00000	0
190	C	0.00000	0.9999	0.00010	0
191	Q	0.00000	0.99912	0.00088	0
192	A	0.00000	0.92754	0.07246	0
193	P	0.00000	0.92094	0.07906	0
194	L	0.00000	0.90035	0.09965	0
195	N	0.00000	0.8998	0.10020	0
196	Q	0.00000	0.89474	0.10526	0
197	N	0.00000	0.33542	0.66458	0
198	W	0.00000	0.16255	0.83745	0
199	V	0.00000	0.05933	0.94067	0
200	L	0.00000	0.02002	0.97998	0
201	L	0.00000	0.00822	0.99178	0
202	C	0.00000	0.00717	0.99283	0
203	F	0.00000	0.00524	0.99476	0
204	L	0.00000	0.00014	0.99986	0
205	L	0.00000	0	1.00000	0
206	F	0.00000	0	1.00000	0
207	F	0.00000	0	1.00000	0
208	I	0.00000	0	1.00000	0
209	P	0.00000	0	1.00000	0
210	P	0.00000	0	1.00000	0
211	V	0.00000	0	1.00000	0
212	V	0.00000	0	1.00000	0
213	M	0.00000	0	1.00000	0
214	V	0.00000	0	1.00000	0
215	F	0.00001	0	0.99999	0
216	I	0.00272	0	0.99728	0
217	Y	0.01735	0	0.98265	0
218	S	0.09336	0	0.90664	0
219	K	0.11435	0	0.88565	0
220	I	0.11598	0	0.88402	0
221	F	0.13207	0	0.86793	0
222	L	0.26084	0	0.73916	0
223	V	0.34701	0	0.65299	0
224	A	0.96161	0	0.03839	0
225	K	0.99277	0	0.00723	0
226	Y	0.99348	0	0.00652	0
227	Q	0.99968	0	0.00032	0
228	A	0.99985	0	0.00015	0
229	R	0.99999	0	0.00001	0
230	K	1.00000	0	0.00000	0
231	I	1.00000	0	0.00000	0
232	E	1.00000	0	0.00000	0
233	S	1.00000	0	0.00000	0
234	T	1.00000	0	0.00000	0
235	A	1.00000	0	0.00000	0
236	S	1.00000	0	0.00000	0
237	Q	1.00000	0	0.00000	0
238	A	1.00000	0	0.00000	0
239	Q	1.00000	0	0.00000	0
240	C	1.00000	0	0.00000	0
241	S	1.00000	0	0.00000	0
242	S	1.00000	0	0.00000	0
243	E	1.00000	0	0.00000	0
244	S	1.00000	0	0.00000	0
245	Y	1.00000	0	0.00000	0
246	K	1.00000	0	0.00000	0
247	E	1.00000	0	0.00000	0
248	R	1.00000	0	0.00000	0
249	V	1.00000	0	0.00000	0
250	A	1.00000	0	0.00000	0
251	K	1.00000	0	0.00000	0
252	R	1.00000	0	0.00000	0
253	E	1.00000	0	0.00000	0
254	R	0.92104	0	0.07896	0
255	K	0.91744	0	0.08256	0
256	A	0.05973	0	0.94027	0
257	A	0.05855	0	0.94145	0
258	K	0.05266	0	0.94734	0
259	T	0.02609	0	0.97391	0
260	L	0.01165	0	0.98835	0
261	G	0.00686	0	0.99314	0
262	I	0.00457	0	0.99543	0
263	A	0.00451	0	0.99549	0
264	V	0.00170	0	0.99830	0
265	A	0.00002	0	0.99998	0
266	A	0.00000	0	1.00000	0
267	F	0.00000	0	1.00000	0
268	L	0.00000	0	1.00000	0
269	V	0.00000	0	1.00000	0
270	S	0.00000	0	1.00000	0
271	W	0.00000	0	1.00000	0
272	L	0.00000	0	1.00000	0
273	P	0.00000	5e-05	0.99995	0
274	Y	0.00000	0.00024	0.99976	0
275	V	0.00000	0.00229	0.99771	0
276	I	0.00000	0.0519	0.94810	0
277	D	0.00000	0.77037	0.22963	0
278	A	0.00000	0.77431	0.22569	0
279	V	0.00000	0.8077	0.19230	0
280	I	0.00000	0.83803	0.16197	0
281	D	0.00000	0.9679	0.03210	0
282	A	0.00000	0.96821	0.03179	0
283	Y	0.00000	0.97057	0.02943	0
284	M	0.00000	0.97204	0.02796	0
285	N	0.00000	0.97972	0.02028	0
286	F	0.00000	0.98047	0.01953	0
287	I	0.00000	0.988	0.01200	0
288	T	0.00000	0.9988	0.00120	0
289	P	0.00000	0.99982	0.00018	0
290	S	0.00000	0.9999	0.00010	0
291	Y	0.00000	0.99961	0.00039	0
292	V	0.00000	0.99834	0.00166	0
293	Y	0.00000	0.99717	0.00283	0
294	E	0.00000	0.68985	0.31015	0
295	I	0.00000	0.36364	0.63636	0
296	L	0.00000	0.08931	0.91069	0
297	V	0.00000	0.01678	0.98322	0
298	W	0.00000	0.00139	0.99861	0
299	C	0.00000	6e-05	0.99994	0
300	V	0.00000	0	1.00000	0
301	Y	0.00000	0	1.00000	0
302	Y	0.00000	0	1.00000	0
303	N	0.00003	0	0.99997	0
304	S	0.00003	0	0.99997	0
305	A	0.00003	0	0.99997	0
306	M	0.00004	0	0.99996	0
307	N	0.00004	0	0.99996	0
308	P	0.00004	0	0.99996	0
309	L	0.00004	0	0.99996	0
310	I	0.00004	0	0.99996	0
311	Y	0.00004	0	0.99996	0
312	A	0.00011	0	0.99989	0
313	F	0.00037	0	0.99963	0
314	F	0.00862	0	0.99138	0
315	Y	0.05527	0	0.94473	0
316	P	0.17420	0	0.82580	0
317	W	0.23277	0	0.76723	0
318	F	0.61246	0	0.38754	0
319	Q	0.99808	0	0.00192	0
320	K	1.00000	0	0.00000	0
321	A	1.00000	0	0.00000	0
322	I	1.00000	0	0.00000	0
323	K	1.00000	0	0.00000	0
324	L	1.00000	0	0.00000	0
325	I	1.00000	0	0.00000	0
326	I	1.00000	0	0.00000	0
327	S	1.00000	0	0.00000	0
328	G	1.00000	0	0.00000	0
329	Q	1.00000	0	0.00000	0
330	V	1.00000	0	0.00000	0
331	L	1.00000	0	0.00000	0
332	R	1.00000	0	0.00000	0
333	V	1.00000	0	0.00000	0
334	D	1.00000	0	0.00000	0
335	S	1.00000	0	0.00000	0
336	S	1.00000	0	0.00000	0
337	T	1.00000	0	0.00000	0
338	I	1.00000	0	0.00000	0
339	N	1.00000	0	0.00000	0
340	L	1.00000	0	0.00000	0
341	C	1.00000	0	0.00000	0
342	S	1.00000	0	0.00000	0
343	E	1.00000	0	0.00000	0
344	E	1.00000	0	0.00000	0
345	A	1.00000	0	0.00000	0
346	D	1.00000	0	0.00000	0
347	I	1.00000	0	0.00000	0
348	D	1.00000	0	0.00000	0
