# UNNAMED
#pos	aa	i	o	M	S
1	M	0.00000	0.99994	0.00000	6e-05
2	E	0.00000	0.99994	0.00000	6e-05
3	S	0.00000	0.99994	0.00000	6e-05
4	G	0.00000	0.99994	0.00000	6e-05
5	G	0.00000	0.99994	0.00000	6e-05
6	E	0.00000	0.99994	0.00000	6e-05
7	L	0.00000	0.99994	0.00000	6e-05
8	N	0.00000	0.99994	0.00000	6e-05
9	G	0.00000	0.99994	0.00000	6e-05
10	S	0.00000	0.99994	0.00000	6e-05
11	A	0.00000	0.99994	0.00000	6e-05
12	A	0.00000	0.99994	0.00000	6e-05
13	A	0.00000	0.99993	0.00001	6e-05
14	S	0.00000	0.99996	0.00002	1e-05
15	G	0.00000	0.99969	0.00030	1e-05
16	R	0.00000	0.99867	0.00132	0
17	F	0.00000	0.96118	0.03882	0
18	A	0.00000	0.92153	0.07847	0
19	T	0.00000	0.86188	0.13812	0
20	A	0.00000	0.77727	0.22273	0
21	G	0.00000	0.68548	0.31452	0
22	T	0.00000	0.54981	0.45019	0
23	A	0.00000	0.3948	0.60519	0
24	A	0.00000	0.26399	0.73601	0
25	L	0.00000	0.1798	0.82020	0
26	G	0.00000	0.13058	0.86942	0
27	A	0.00000	0.06915	0.93085	0
28	L	0.00000	0.04266	0.95734	0
29	M	0.00000	0.02367	0.97633	0
30	A	0.00000	0.00407	0.99593	0
31	L	0.00000	0.00032	0.99968	0
32	L	0.00000	1e-05	0.99999	0
33	I	0.00000	0	1.00000	0
34	A	0.00000	0	1.00000	0
35	V	0.00000	0	1.00000	0
36	T	0.00000	0	1.00000	0
37	V	0.00000	0	1.00000	0
38	A	0.00000	0	1.00000	0
39	G	0.00000	0	1.00000	0
40	N	0.00000	0	1.00000	0
41	A	0.00000	0	1.00000	0
42	L	0.00000	0	1.00000	0
43	V	0.00001	0	0.99999	0
44	M	0.00012	0	0.99988	0
45	L	0.00081	0	0.99919	0
46	A	0.01682	0	0.98318	0
47	F	0.05198	0	0.94802	0
48	V	0.28078	0	0.71922	0
49	A	0.74573	0	0.25427	0
50	D	0.99770	0	0.00230	0
51	S	0.99974	0	0.00026	0
52	S	0.99998	0	0.00002	0
53	L	0.99999	0	0.00001	0
54	R	1.00000	0	0.00000	0
55	T	0.99994	0	0.00006	0
56	Q	0.99740	0	0.00260	0
57	N	0.94531	0	0.05469	0
58	N	0.82474	0	0.17526	0
59	F	0.13994	0	0.86006	0
60	F	0.00176	0	0.99824	0
61	L	0.00023	0	0.99977	0
62	L	0.00000	0	1.00000	0
63	N	0.00000	0	1.00000	0
64	L	0.00000	0	1.00000	0
65	A	0.00000	0	1.00000	0
66	I	0.00000	0	1.00000	0
67	S	0.00000	0	1.00000	0
68	D	0.00000	0	1.00000	0
69	F	0.00000	0	1.00000	0
70	L	0.00000	0	1.00000	0
71	V	0.00000	0	1.00000	0
72	G	0.00000	0	1.00000	0
73	A	0.00000	0	1.00000	0
74	F	0.00000	0	1.00000	0
75	C	0.00000	5e-05	0.99995	0
76	I	0.00000	5e-05	0.99995	0
77	P	0.00000	7e-05	0.99993	0
78	L	0.00000	0.00014	0.99986	0
79	Y	0.00000	0.00105	0.99895	0
80	V	0.00000	0.00145	0.99855	0
81	P	0.00000	0.48813	0.51187	0
82	Y	0.00000	0.99896	0.00104	0
83	V	0.00000	0.9991	0.00090	0
84	L	0.00000	0.99946	0.00054	0
85	T	0.00000	0.99993	0.00007	0
86	G	0.00000	1	0.00000	0
87	R	0.00000	1	0.00000	0
88	W	0.00000	1	0.00000	0
89	I	0.00000	1	0.00000	0
90	F	0.00000	1	0.00000	0
91	G	0.00000	1	0.00000	0
92	R	0.00000	1	0.00000	0
93	S	0.00000	1	0.00000	0
94	L	0.00000	1	0.00000	0
95	C	0.00000	1	0.00000	0
96	K	0.00000	1	0.00000	0
97	L	0.00000	0.99969	0.00031	0
98	W	0.00000	0.95088	0.04912	0
99	L	0.00000	0.2684	0.73160	0
100	V	0.00000	0.0458	0.95420	0
101	V	0.00000	0.00073	0.99927	0
102	D	0.00000	0.00024	0.99976	0
103	Y	0.00000	1e-05	0.99999	0
104	L	0.00000	0	1.00000	0
105	L	0.00000	0	1.00000	0
106	C	0.00000	0	1.00000	0
107	T	0.00000	0	1.00000	0
108	S	0.00000	0	1.00000	0
109	S	0.00000	0	1.00000	0
110	V	0.00000	0	1.00000	0
111	F	0.00000	0	1.00000	0
112	N	0.00000	0	1.00000	0
113	I	0.00000	0	1.00000	0
114	V	0.00000	0	1.00000	0
115	L	0.00000	0	1.00000	0
116	I	0.00000	0	1.00000	0
117	S	0.00000	0	1.00000	0
118	Y	0.00000	0	1.00000	0
119	D	0.00001	0	0.99999	0
120	R	0.00314	0	0.99686	0
121	F	0.02572	0	0.97428	0
122	L	0.11078	0	0.88922	0
123	S	0.85531	0	0.14469	0
124	V	0.99995	0	0.00005	0
125	T	1.00000	0	0.00000	0
126	R	1.00000	0	0.00000	0
127	A	1.00000	0	0.00000	0
128	V	1.00000	0	0.00000	0
129	S	1.00000	0	0.00000	0
130	Y	1.00000	0	0.00000	0
131	R	1.00000	0	0.00000	0
132	A	1.00000	0	0.00000	0
133	Q	1.00000	0	0.00000	0
134	Q	1.00000	0	0.00000	0
135	G	1.00000	0	0.00000	0
136	N	1.00000	0	0.00000	0
137	T	0.99999	0	0.00001	0
138	R	0.99992	0	0.00008	0
139	R	0.97551	0	0.02449	0
140	A	0.45710	0	0.54290	0
141	V	0.04610	0	0.95390	0
142	L	0.00557	0	0.99443	0
143	K	0.00389	0	0.99611	0
144	M	0.00049	0	0.99951	0
145	V	0.00001	0	0.99999	0
146	L	0.00000	0	1.00000	0
147	V	0.00000	0	1.00000	0
148	W	0.00000	0	1.00000	0
149	V	0.00000	0	1.00000	0
150	L	0.00000	0	1.00000	0
151	A	0.00000	0	1.00000	0
152	F	0.00000	0	1.00000	0
153	L	0.00000	0	1.00000	0
154	L	0.00000	0	1.00000	0
155	Y	0.00000	0	1.00000	0
156	G	0.00000	0	1.00000	0
157	P	0.00000	0	1.00000	0
158	A	0.00000	4e-05	0.99996	0
159	I	0.00000	0.00237	0.99763	0
160	I	0.00000	0.06906	0.93094	0
161	S	0.00000	0.26418	0.73582	0
162	W	0.00000	0.52849	0.47151	0
163	E	0.00000	0.98963	0.01037	0
164	Y	0.00000	0.99395	0.00605	0
165	I	0.00000	0.996	0.00400	0
166	S	0.00000	0.99917	0.00083	0
167	G	0.00000	0.99994	0.00006	0
168	E	0.00000	1	0.00000	0
169	S	0.00000	1	0.00000	0
170	I	0.00000	1	0.00000	0
171	I	0.00000	1	0.00000	0
172	P	0.00000	1	0.00000	0
173	T	0.00000	1	0.00000	0
174	G	0.00000	1	0.00000	0
175	E	0.00000	1	0.00000	0
176	C	0.00000	1	0.00000	0
177	Y	0.00000	1	0.00000	0
178	A	0.00000	0.99999	0.00001	0
179	E	0.00000	0.99999	0.00001	0
180	F	0.00000	0.99951	0.00049	0
181	F	0.00000	0.99941	0.00059	0
182	Y	0.00000	0.99938	0.00062	0
183	N	0.00000	0.99778	0.00222	0
184	W	0.00000	0.97829	0.02171	0
185	Y	0.00000	0.94283	0.05717	0
186	F	0.00000	0.32309	0.67691	0
187	L	0.00000	0.28743	0.71257	0
188	M	0.00000	0.28585	0.71415	0
189	T	0.00000	0.00511	0.99489	0
190	A	0.00000	0.00359	0.99641	0
191	S	0.00000	0.00321	0.99679	0
192	T	0.00000	0.00233	0.99767	0
193	L	0.00000	0	1.00000	0
194	E	0.00000	0	1.00000	0
195	F	0.00000	0	1.00000	0
196	F	0.00000	0	1.00000	0
197	T	0.00000	0	1.00000	0
198	P	0.00000	0	1.00000	0
199	F	0.00000	0	1.00000	0
200	I	0.00000	0	1.00000	0
201	S	0.00000	0	1.00000	0
202	V	0.00000	0	1.00000	0
203	M	0.00000	0	1.00000	0
204	F	0.00000	0	1.00000	0
205	F	0.00006	0	0.99994	0
206	N	0.00053	0	0.99947	0
207	L	0.00084	0	0.99916	0
208	S	0.00350	0	0.99650	0
209	I	0.00480	0	0.99520	0
210	Y	0.01681	0	0.98319	0
211	L	0.11183	0	0.88817	0
212	N	0.55195	0	0.44805	0
213	I	0.59491	0	0.40509	0
214	Q	0.99558	0	0.00442	0
215	K	0.99997	0	0.00003	0
216	R	1.00000	0	0.00000	0
217	T	1.00000	0	0.00000	0
218	K	1.00000	0	0.00000	0
219	L	1.00000	0	0.00000	0
220	R	1.00000	0	0.00000	0
221	L	1.00000	0	0.00000	0
222	D	1.00000	0	0.00000	0
223	V	1.00000	0	0.00000	0
224	F	1.00000	0	0.00000	0
225	H	1.00000	0	0.00000	0
226	E	1.00000	0	0.00000	0
227	V	1.00000	0	0.00000	0
228	H	1.00000	0	0.00000	0
229	N	1.00000	0	0.00000	0
230	R	1.00000	0	0.00000	0
231	S	1.00000	0	0.00000	0
232	F	1.00000	0	0.00000	0
233	A	1.00000	0	0.00000	0
234	E	1.00000	0	0.00000	0
235	E	1.00000	0	0.00000	0
236	M	1.00000	0	0.00000	0
237	E	1.00000	0	0.00000	0
238	M	1.00000	0	0.00000	0
239	S	1.00000	0	0.00000	0
240	P	1.00000	0	0.00000	0
241	E	1.00000	0	0.00000	0
242	A	1.00000	0	0.00000	0
243	K	1.00000	0	0.00000	0
244	L	1.00000	0	0.00000	0
245	S	1.00000	0	0.00000	0
246	S	1.00000	0	0.00000	0
247	K	1.00000	0	0.00000	0
248	C	1.00000	0	0.00000	0
249	Y	1.00000	0	0.00000	0
250	K	1.00000	0	0.00000	0
251	W	1.00000	0	0.00000	0
252	E	1.00000	0	0.00000	0
253	Q	1.00000	0	0.00000	0
254	K	1.00000	0	0.00000	0
255	E	1.00000	0	0.00000	0
256	P	1.00000	0	0.00000	0
257	A	1.00000	0	0.00000	0
258	E	1.00000	0	0.00000	0
259	T	1.00000	0	0.00000	0
260	L	1.00000	0	0.00000	0
261	G	1.00000	0	0.00000	0
262	L	1.00000	0	0.00000	0
263	S	1.00000	0	0.00000	0
264	K	1.00000	0	0.00000	0
265	S	1.00000	0	0.00000	0
266	K	1.00000	0	0.00000	0
267	A	1.00000	0	0.00000	0
268	Q	1.00000	0	0.00000	0
269	A	1.00000	0	0.00000	0
270	A	1.00000	0	0.00000	0
271	A	1.00000	0	0.00000	0
272	S	1.00000	0	0.00000	0
273	S	1.00000	0	0.00000	0
274	A	1.00000	0	0.00000	0
275	A	1.00000	0	0.00000	0
276	E	1.00000	0	0.00000	0
277	D	1.00000	0	0.00000	0
278	L	1.00000	0	0.00000	0
279	L	1.00000	0	0.00000	0
280	T	1.00000	0	0.00000	0
281	A	1.00000	0	0.00000	0
282	T	1.00000	0	0.00000	0
283	A	1.00000	0	0.00000	0
284	G	1.00000	0	0.00000	0
285	G	1.00000	0	0.00000	0
286	S	1.00000	0	0.00000	0
287	Q	1.00000	0	0.00000	0
288	C	1.00000	0	0.00000	0
289	C	1.00000	0	0.00000	0
290	N	1.00000	0	0.00000	0
291	K	1.00000	0	0.00000	0
292	K	1.00000	0	0.00000	0
293	G	1.00000	0	0.00000	0
294	C	1.00000	0	0.00000	0
295	K	1.00000	0	0.00000	0
296	N	1.00000	0	0.00000	0
297	S	1.00000	0	0.00000	0
298	A	1.00000	0	0.00000	0
299	S	1.00000	0	0.00000	0
300	A	1.00000	0	0.00000	0
301	L	1.00000	0	0.00000	0
302	S	1.00000	0	0.00000	0
303	L	1.00000	0	0.00000	0
304	E	1.00000	0	0.00000	0
305	K	1.00000	0	0.00000	0
306	R	1.00000	0	0.00000	0
307	V	1.00000	0	0.00000	0
308	K	1.00000	0	0.00000	0
309	V	1.00000	0	0.00000	0
310	V	1.00000	0	0.00000	0
311	S	1.00000	0	0.00000	0
312	Q	1.00000	0	0.00000	0
313	G	1.00000	0	0.00000	0
314	V	1.00000	0	0.00000	0
315	T	1.00000	0	0.00000	0
316	Q	1.00000	0	0.00000	0
317	R	1.00000	0	0.00000	0
318	F	1.00000	0	0.00000	0
319	R	1.00000	0	0.00000	0
320	L	1.00000	0	0.00000	0
321	S	1.00000	0	0.00000	0
322	R	1.00000	0	0.00000	0
323	D	1.00000	0	0.00000	0
324	K	0.89532	0	0.10468	0
325	K	0.89429	0	0.10571	0
326	V	0.77611	0	0.22389	0
327	A	0.77112	0	0.22888	0
328	K	0.76765	0	0.23235	0
329	S	0.64073	0	0.35927	0
330	L	0.00040	0	0.99960	0
331	A	0.00015	0	0.99985	0
332	I	0.00007	0	0.99993	0
333	I	0.00000	0	1.00000	0
334	V	0.00000	0	1.00000	0
335	G	0.00000	0	1.00000	0
336	I	0.00000	0	1.00000	0
337	F	0.00000	0	1.00000	0
338	G	0.00000	0	1.00000	0
339	I	0.00000	0	1.00000	0
340	C	0.00000	0	1.00000	0
341	W	0.00000	0	1.00000	0
342	A	0.00000	0	1.00000	0
343	P	0.00000	0	1.00000	0
344	Y	0.00000	0	1.00000	0
345	T	0.00000	1e-05	0.99999	0
346	L	0.00000	0.00011	0.99989	0
347	L	0.00000	0.00091	0.99909	0
348	M	0.00000	0.00421	0.99579	0
349	I	0.00000	0.05366	0.94634	0
350	I	0.00000	0.1267	0.87330	0
351	R	0.00000	0.69763	0.30237	0
352	A	0.00000	0.75444	0.24556	0
353	G	0.00000	0.95265	0.04735	0
354	C	0.00000	0.99406	0.00594	0
355	H	0.00000	0.99868	0.00132	0
356	G	0.00000	0.99999	0.00001	0
357	H	0.00000	1	0.00000	0
358	C	0.00000	1	0.00000	0
359	I	0.00000	1	0.00000	0
360	S	0.00000	1	0.00000	0
361	D	0.00000	1	0.00000	0
362	Y	0.00000	1	0.00000	0
363	W	0.00000	1	0.00000	0
364	Y	0.00000	1	0.00000	0
365	E	0.00000	0.99996	0.00004	0
366	T	0.00000	0.99963	0.00037	0
367	S	0.00000	0.99857	0.00143	0
368	F	0.00000	0.19384	0.80616	0
369	W	0.00000	0.01659	0.98341	0
370	L	0.00000	5e-05	0.99995	0
371	L	0.00000	0	1.00000	0
372	W	0.00000	0	1.00000	0
373	I	0.00000	0	1.00000	0
374	N	0.00000	0	1.00000	0
375	S	0.00000	0	1.00000	0
376	A	0.00000	0	1.00000	0
377	V	0.00000	0	1.00000	0
378	N	0.00000	0	1.00000	0
379	P	0.00000	0	1.00000	0
380	V	0.00000	0	1.00000	0
381	L	0.00000	0	1.00000	0
382	Y	0.00000	0	1.00000	0
383	P	0.00000	0	1.00000	0
384	L	0.00000	0	1.00000	0
385	C	0.00000	0	1.00000	0
386	H	0.00002	0	0.99998	0
387	Y	0.00129	0	0.99871	0
388	S	0.01275	0	0.98725	0
389	F	0.16166	0	0.83834	0
390	R	1.00000	0	0.00000	0
391	R	1.00000	0	0.00000	0
392	A	1.00000	0	0.00000	0
393	F	1.00000	0	0.00000	0
394	I	1.00000	0	0.00000	0
395	K	1.00000	0	0.00000	0
396	L	1.00000	0	0.00000	0
397	L	1.00000	0	0.00000	0
398	C	1.00000	0	0.00000	0
399	P	1.00000	0	0.00000	0
400	K	1.00000	0	0.00000	0
401	K	1.00000	0	0.00000	0
402	L	1.00000	0	0.00000	0
403	K	1.00000	0	0.00000	0
404	I	1.00000	0	0.00000	0
405	Q	1.00000	0	0.00000	0
406	P	1.00000	0	0.00000	0
407	H	1.00000	0	0.00000	0
408	D	1.00000	0	0.00000	0
409	P	1.00000	0	0.00000	0
410	L	1.00000	0	0.00000	0
411	Q	1.00000	0	0.00000	0
412	N	1.00000	0	0.00000	0
413	C	1.00000	0	0.00000	0
414	W	1.00000	0	0.00000	0
415	K	1.00000	0	0.00000	0
