# UNNAMED
#pos	aa	i	o	M	S
1	M	0.00000	1	0.00000	0
2	T	0.00000	1	0.00000	0
3	S	0.00000	1	0.00000	0
4	M	0.00000	1	0.00000	0
5	L	0.00000	1	0.00000	0
6	P	0.00000	1	0.00000	0
7	E	0.00000	1	0.00000	0
8	E	0.00000	1	0.00000	0
9	D	0.00000	1	0.00000	0
10	Y	0.00000	1	0.00000	0
11	I	0.00000	1	0.00000	0
12	N	0.00000	1	0.00000	0
13	S	0.00000	1	0.00000	0
14	T	0.00000	1	0.00000	0
15	F	0.00000	1	0.00000	0
16	F	0.00000	1	0.00000	0
17	P	0.00000	1	0.00000	0
18	E	0.00000	1	0.00000	0
19	N	0.00000	1	0.00000	0
20	C	0.00000	1	0.00000	0
21	S	0.00000	1	0.00000	0
22	N	0.00000	1	0.00000	0
23	C	0.00000	1	0.00000	0
24	S	0.00000	1	0.00000	0
25	T	0.00000	1	0.00000	0
26	I	0.00000	1	0.00000	0
27	P	0.00000	1	0.00000	0
28	V	0.00000	1	0.00000	0
29	L	0.00000	1	0.00000	0
30	E	0.00000	1	0.00000	0
31	I	0.00000	1	0.00000	0
32	D	0.00000	1	0.00000	0
33	V	0.00000	0.9824	0.01760	0
34	T	0.00000	0.97007	0.02993	0
35	K	0.00000	0.95891	0.04109	0
36	T	0.00000	0.63761	0.36239	0
37	L	0.00000	0.39317	0.60683	0
38	V	0.00000	0.18596	0.81404	0
39	L	0.00000	0.13072	0.86928	0
40	G	0.00000	0.09238	0.90762	0
41	L	0.00000	0.04755	0.95245	0
42	V	0.00000	0.01007	0.98993	0
43	L	0.00000	0.00432	0.99568	0
44	V	0.00000	0.00079	0.99921	0
45	L	0.00000	4e-05	0.99996	0
46	F	0.00000	0	1.00000	0
47	L	0.00000	0	1.00000	0
48	I	0.00000	0	1.00000	0
49	F	0.00000	0	1.00000	0
50	G	0.00000	0	1.00000	0
51	V	0.00000	0	1.00000	0
52	M	0.00000	0	1.00000	0
53	G	0.00000	0	1.00000	0
54	N	0.00000	0	1.00000	0
55	I	0.00000	0	1.00000	0
56	L	0.00000	0	1.00000	0
57	V	0.00002	0	0.99998	0
58	I	0.00014	0	0.99986	0
59	L	0.01117	0	0.98883	0
60	S	0.34090	0	0.65910	0
61	V	0.39673	0	0.60327	0
62	A	0.58337	0	0.41663	0
63	C	0.77758	0	0.22242	0
64	H	0.94222	0	0.05778	0
65	R	0.99689	0	0.00311	0
66	N	0.99987	0	0.00013	0
67	L	0.99994	0	0.00006	0
68	R	1.00000	0	0.00000	0
69	S	0.99831	0	0.00169	0
70	V	0.97162	0	0.02838	0
71	T	0.88739	0	0.11261	0
72	H	0.61858	0	0.38142	0
73	Y	0.18292	0	0.81708	0
74	F	0.00194	0	0.99806	0
75	I	0.00015	0	0.99985	0
76	G	0.00001	0	0.99999	0
77	N	0.00000	0	1.00000	0
78	L	0.00000	0	1.00000	0
79	A	0.00000	0	1.00000	0
80	I	0.00000	0	1.00000	0
81	A	0.00000	0	1.00000	0
82	D	0.00000	0	1.00000	0
83	L	0.00000	0	1.00000	0
84	L	0.00000	0	1.00000	0
85	L	0.00000	0	1.00000	0
86	S	0.00000	0	1.00000	0
87	S	0.00000	0	1.00000	0
88	V	0.00000	0	1.00000	0
89	V	0.00000	0	1.00000	0
90	L	0.00000	3e-05	0.99997	0
91	P	0.00000	0.00043	0.99957	0
92	F	0.00000	0.01039	0.98961	0
93	S	0.00000	0.38923	0.61077	0
94	A	0.00000	0.48134	0.51866	0
95	V	0.00000	0.58633	0.41367	0
96	S	0.00000	0.9999	0.00010	0
97	E	0.00000	0.99996	0.00004	0
98	A	0.00000	0.99997	0.00003	0
99	L	0.00000	0.99997	0.00003	0
100	G	0.00000	0.99999	0.00001	0
101	R	0.00000	1	0.00000	0
102	W	0.00000	1	0.00000	0
103	V	0.00000	0.99999	0.00001	0
104	F	0.00000	0.99996	0.00004	0
105	G	0.00000	0.99996	0.00004	0
106	R	0.00000	0.99996	0.00004	0
107	H	0.00000	0.99996	0.00004	0
108	L	0.00000	0.99996	0.00004	0
109	C	0.00000	0.99996	0.00004	0
110	N	0.00000	0.99995	0.00005	0
111	A	0.00000	0.99956	0.00044	0
112	W	0.00000	0.90922	0.09078	0
113	T	0.00000	0.50834	0.49166	0
114	A	0.00000	0.01033	0.98967	0
115	L	0.00000	7e-05	0.99993	0
116	D	0.00000	2e-05	0.99998	0
117	V	0.00000	0	1.00000	0
118	L	0.00000	0	1.00000	0
119	C	0.00000	0	1.00000	0
120	C	0.00000	0	1.00000	0
121	T	0.00000	0	1.00000	0
122	A	0.00000	0	1.00000	0
123	S	0.00000	0	1.00000	0
124	I	0.00000	0	1.00000	0
125	L	0.00000	0	1.00000	0
126	S	0.00000	0	1.00000	0
127	L	0.00000	0	1.00000	0
128	C	0.00000	0	1.00000	0
129	V	0.00000	0	1.00000	0
130	I	0.00000	0	1.00000	0
131	S	0.00000	0	1.00000	0
132	V	0.00000	0	1.00000	0
133	D	0.00004	0	0.99996	0
134	R	0.09873	0	0.90127	0
135	C	0.60248	0	0.39752	0
136	M	0.93830	0	0.06170	0
137	A	0.98718	0	0.01282	0
138	V	1.00000	0	0.00000	0
139	S	1.00000	0	0.00000	0
140	Y	1.00000	0	0.00000	0
141	P	1.00000	0	0.00000	0
142	L	1.00000	0	0.00000	0
143	Q	1.00000	0	0.00000	0
144	Y	1.00000	0	0.00000	0
145	P	1.00000	0	0.00000	0
146	S	1.00000	0	0.00000	0
147	F	1.00000	0	0.00000	0
148	A	0.99998	0	0.00002	0
149	T	0.99996	0	0.00004	0
150	G	0.99990	0	0.00010	0
151	R	0.99979	0	0.00021	0
152	R	0.99358	0	0.00642	0
153	A	0.38459	0	0.61541	0
154	M	0.13409	0	0.86591	0
155	T	0.04924	0	0.95076	0
156	A	0.00074	0	0.99926	0
157	V	0.00000	0	1.00000	0
158	A	0.00000	0	1.00000	0
159	A	0.00000	0	1.00000	0
160	L	0.00000	0	1.00000	0
161	W	0.00000	0	1.00000	0
162	A	0.00000	0	1.00000	0
163	L	0.00000	0	1.00000	0
164	S	0.00000	0	1.00000	0
165	A	0.00000	0	1.00000	0
166	A	0.00000	0	1.00000	0
167	I	0.00000	0	1.00000	0
168	S	0.00000	0	1.00000	0
169	V	0.00000	1e-05	0.99999	0
170	G	0.00000	7e-05	0.99993	0
171	P	0.00000	0.00013	0.99987	0
172	L	0.00000	0.00061	0.99939	0
173	F	0.00000	0.02472	0.97528	0
174	G	0.00000	0.45634	0.54366	0
175	W	0.00000	0.63881	0.36119	0
176	R	0.00000	0.97598	0.02402	0
177	E	0.00000	0.99955	0.00045	0
178	P	0.00000	0.99989	0.00011	0
179	M	0.00000	0.99992	0.00008	0
180	P	0.00000	1	0.00000	0
181	E	0.00000	1	0.00000	0
182	D	0.00000	1	0.00000	0
183	E	0.00000	1	0.00000	0
184	S	0.00000	1	0.00000	0
185	V	0.00000	1	0.00000	0
186	C	0.00000	1	0.00000	0
187	R	0.00000	1	0.00000	0
188	V	0.00000	1	0.00000	0
189	N	0.00000	1	0.00000	0
190	E	0.00000	1	0.00000	0
191	D	0.00000	1	0.00000	0
192	P	0.00000	0.99891	0.00109	0
193	G	0.00000	0.86645	0.13355	0
194	Y	0.00000	0.75151	0.24849	0
195	A	0.00000	0.47002	0.52998	0
196	I	0.00000	0.04567	0.95433	0
197	F	0.00000	0.00212	0.99788	0
198	S	0.00000	0.00187	0.99813	0
199	A	0.00000	0.00014	0.99986	0
200	A	0.00000	3e-05	0.99997	0
201	C	0.00000	0	1.00000	0
202	S	0.00000	0	1.00000	0
203	F	0.00000	0	1.00000	0
204	Y	0.00000	0	1.00000	0
205	V	0.00000	0	1.00000	0
206	P	0.00000	0	1.00000	0
207	L	0.00000	0	1.00000	0
208	A	0.00000	0	1.00000	0
209	V	0.00000	0	1.00000	0
210	I	0.00000	0	1.00000	0
211	L	0.00000	0	1.00000	0
212	A	0.00000	0	1.00000	0
213	M	0.00000	0	1.00000	0
214	Y	0.00003	0	0.99997	0
215	C	0.00153	0	0.99847	0
216	R	0.02113	0	0.97887	0
217	V	0.02365	0	0.97635	0
218	Y	0.04003	0	0.95997	0
219	V	0.20315	0	0.79685	0
220	V	0.35507	0	0.64493	0
221	A	0.99419	0	0.00581	0
222	R	0.99984	0	0.00016	0
223	H	0.99999	0	0.00001	0
224	K	1.00000	0	0.00000	0
225	T	1.00000	0	0.00000	0
226	R	1.00000	0	0.00000	0
227	A	1.00000	0	0.00000	0
228	M	1.00000	0	0.00000	0
229	S	1.00000	0	0.00000	0
230	K	1.00000	0	0.00000	0
231	S	1.00000	0	0.00000	0
232	R	1.00000	0	0.00000	0
233	E	1.00000	0	0.00000	0
234	T	1.00000	0	0.00000	0
235	N	1.00000	0	0.00000	0
236	G	1.00000	0	0.00000	0
237	L	1.00000	0	0.00000	0
238	S	1.00000	0	0.00000	0
239	E	1.00000	0	0.00000	0
240	Q	1.00000	0	0.00000	0
241	G	1.00000	0	0.00000	0
242	M	1.00000	0	0.00000	0
243	T	1.00000	0	0.00000	0
244	L	1.00000	0	0.00000	0
245	R	1.00000	0	0.00000	0
246	I	1.00000	0	0.00000	0
247	H	1.00000	0	0.00000	0
248	C	1.00000	0	0.00000	0
249	R	1.00000	0	0.00000	0
250	K	1.00000	0	0.00000	0
251	A	1.00000	0	0.00000	0
252	Q	1.00000	0	0.00000	0
253	N	1.00000	0	0.00000	0
254	D	1.00000	0	0.00000	0
255	T	1.00000	0	0.00000	0
256	R	1.00000	0	0.00000	0
257	K	1.00000	0	0.00000	0
258	E	1.00000	0	0.00000	0
259	D	1.00000	0	0.00000	0
260	A	1.00000	0	0.00000	0
261	M	1.00000	0	0.00000	0
262	R	1.00000	0	0.00000	0
263	L	1.00000	0	0.00000	0
264	K	1.00000	0	0.00000	0
265	N	1.00000	0	0.00000	0
266	S	1.00000	0	0.00000	0
267	H	1.00000	0	0.00000	0
268	F	1.00000	0	0.00000	0
269	A	1.00000	0	0.00000	0
270	F	1.00000	0	0.00000	0
271	M	1.00000	0	0.00000	0
272	R	1.00000	0	0.00000	0
273	L	1.00000	0	0.00000	0
274	L	1.00000	0	0.00000	0
275	K	1.00000	0	0.00000	0
276	F	1.00000	0	0.00000	0
277	S	1.00000	0	0.00000	0
278	R	1.00000	0	0.00000	0
279	E	1.00000	0	0.00000	0
280	K	0.99089	0	0.00911	0
281	K	0.99039	0	0.00961	0
282	A	0.65365	0	0.34635	0
283	A	0.65206	0	0.34794	0
284	K	0.61607	0	0.38393	0
285	T	0.51424	0	0.48576	0
286	L	0.01487	0	0.98513	0
287	G	0.00087	0	0.99913	0
288	I	0.00042	0	0.99958	0
289	V	0.00001	0	0.99999	0
290	V	0.00001	0	0.99999	0
291	G	0.00000	0	1.00000	0
292	C	0.00000	0	1.00000	0
293	F	0.00000	0	1.00000	0
294	V	0.00000	0	1.00000	0
295	L	0.00000	0	1.00000	0
296	C	0.00000	0	1.00000	0
297	W	0.00000	0	1.00000	0
298	L	0.00000	0	1.00000	0
299	P	0.00000	0	1.00000	0
300	F	0.00000	0	1.00000	0
301	F	0.00000	0	1.00000	0
302	L	0.00000	6e-05	0.99994	0
303	V	0.00000	0.00106	0.99894	0
304	L	0.00000	0.0067	0.99330	0
305	P	0.00000	0.09075	0.90925	0
306	I	0.00000	0.11974	0.88026	0
307	S	0.00000	0.21559	0.78441	0
308	S	0.00000	0.25861	0.74139	0
309	I	0.00000	0.28122	0.71878	0
310	F	0.00000	0.34547	0.65453	0
311	P	0.00000	0.83273	0.16727	0
312	S	0.00000	0.94544	0.05456	0
313	H	0.00000	0.98898	0.01102	0
314	R	0.00000	0.99967	0.00033	0
315	P	0.00000	0.99996	0.00004	0
316	P	0.00000	0.99999	0.00001	0
317	D	0.00000	0.99978	0.00022	0
318	A	0.00000	0.98991	0.01009	0
319	V	0.00000	0.97871	0.02129	0
320	F	0.00000	0.97468	0.02532	0
321	K	0.00000	0.83556	0.16444	0
322	I	0.00000	0.01096	0.98904	0
323	T	0.00000	0.00201	0.99799	0
324	F	0.00000	2e-05	0.99998	0
325	W	0.00000	0	1.00000	0
326	L	0.00000	0	1.00000	0
327	G	0.00000	0	1.00000	0
328	Y	0.00000	0	1.00000	0
329	F	0.00000	0	1.00000	0
330	N	0.00000	0	1.00000	0
331	S	0.00000	0	1.00000	0
332	C	0.00000	0	1.00000	0
333	L	0.00000	0	1.00000	0
334	N	0.00000	0	1.00000	0
335	P	0.00000	0	1.00000	0
336	I	0.00000	0	1.00000	0
337	I	0.00000	0	1.00000	0
338	Y	0.00010	0	0.99990	0
339	P	0.00091	0	0.99909	0
340	C	0.00343	0	0.99657	0
341	F	0.01679	0	0.98321	0
342	S	0.24743	0	0.75257	0
343	Q	0.98232	0	0.01768	0
344	E	1.00000	0	0.00000	0
345	F	1.00000	0	0.00000	0
346	K	1.00000	0	0.00000	0
347	K	1.00000	0	0.00000	0
348	A	1.00000	0	0.00000	0
349	F	1.00000	0	0.00000	0
350	Q	1.00000	0	0.00000	0
351	N	1.00000	0	0.00000	0
352	V	1.00000	0	0.00000	0
353	L	1.00000	0	0.00000	0
354	H	1.00000	0	0.00000	0
355	G	1.00000	0	0.00000	0
356	R	1.00000	0	0.00000	0
357	C	1.00000	0	0.00000	0
358	L	1.00000	0	0.00000	0
359	S	1.00000	0	0.00000	0
360	R	1.00000	0	0.00000	0
361	T	1.00000	0	0.00000	0
362	H	1.00000	0	0.00000	0
363	Q	1.00000	0	0.00000	0
364	T	1.00000	0	0.00000	0
365	W	1.00000	0	0.00000	0
366	S	1.00000	0	0.00000	0
367	P	1.00000	0	0.00000	0
368	P	1.00000	0	0.00000	0
369	A	1.00000	0	0.00000	0
370	N	1.00000	0	0.00000	0
371	A	1.00000	0	0.00000	0
372	T	1.00000	0	0.00000	0
373	Q	1.00000	0	0.00000	0
374	Y	1.00000	0	0.00000	0
375	M	1.00000	0	0.00000	0
376	P	1.00000	0	0.00000	0
377	K	1.00000	0	0.00000	0
378	S	1.00000	0	0.00000	0
379	P	1.00000	0	0.00000	0
380	Q	1.00000	0	0.00000	0
381	G	1.00000	0	0.00000	0
382	L	1.00000	0	0.00000	0
383	S	1.00000	0	0.00000	0
384	S	1.00000	0	0.00000	0
385	G	1.00000	0	0.00000	0
386	F	1.00000	0	0.00000	0
387	T	1.00000	0	0.00000	0
388	D	1.00000	0	0.00000	0
389	S	1.00000	0	0.00000	0
390	W	1.00000	0	0.00000	0
391	R	1.00000	0	0.00000	0
392	S	1.00000	0	0.00000	0
393	D	1.00000	0	0.00000	0
394	H	1.00000	0	0.00000	0
395	A	1.00000	0	0.00000	0
396	S	1.00000	0	0.00000	0
397	S	1.00000	0	0.00000	0
398	S	1.00000	0	0.00000	0
399	A	1.00000	0	0.00000	0
400	V	1.00000	0	0.00000	0
401	M	1.00000	0	0.00000	0
402	L	1.00000	0	0.00000	0
403	N	1.00000	0	0.00000	0
404	E	1.00000	0	0.00000	0
405	N	1.00000	0	0.00000	0
406	S	1.00000	0	0.00000	0
407	Y	1.00000	0	0.00000	0
408	D	1.00000	0	0.00000	0
409	E	1.00000	0	0.00000	0
410	P	1.00000	0	0.00000	0
411	D	1.00000	0	0.00000	0
412	T	1.00000	0	0.00000	0
413	S	1.00000	0	0.00000	0
414	L	1.00000	0	0.00000	0
415	S	1.00000	0	0.00000	0
416	L	1.00000	0	0.00000	0
417	K	1.00000	0	0.00000	0
418	V	1.00000	0	0.00000	0
419	H	1.00000	0	0.00000	0
420	Q	1.00000	0	0.00000	0
421	V	1.00000	0	0.00000	0
422	S	1.00000	0	0.00000	0
423	I	1.00000	0	0.00000	0
424	C	1.00000	0	0.00000	0
425	K	1.00000	0	0.00000	0
426	I	1.00000	0	0.00000	0
427	D	1.00000	0	0.00000	0
428	G	1.00000	0	0.00000	0
429	E	1.00000	0	0.00000	0
430	P	1.00000	0	0.00000	0
431	V	1.00000	0	0.00000	0
