# UNNAMED
#pos	aa	i	o	M	S
1	M	0.00000	0.98786	0.00000	0.01214
2	E	0.00000	0.98786	0.00000	0.01215
3	T	0.00000	0.98786	0.00000	0.01215
4	F	0.00000	0.98786	0.00000	0.01214
5	N	0.00000	0.98786	0.00000	0.01214
6	L	0.00000	0.98786	0.00000	0.01214
7	T	0.00000	0.98786	0.00000	0.01214
8	L	0.00000	0.98786	0.00000	0.01214
9	S	0.00000	0.98786	0.00000	0.01214
10	P	0.00000	0.98786	0.00000	0.01214
11	S	0.00000	0.98786	0.00000	0.01214
12	S	0.00000	0.98786	0.00000	0.01214
13	S	0.00000	0.98786	0.00000	0.01214
14	H	0.00000	0.99765	0.00000	0.00235
15	A	0.00000	0.99765	0.00000	0.00235
16	N	0.00000	1	0.00000	0
17	K	0.00000	1	0.00000	0
18	T	0.00000	1	0.00000	0
19	N	0.00000	1	0.00000	0
20	I	0.00000	1	0.00000	0
21	F	0.00000	1	0.00000	0
22	Q	0.00000	1	0.00000	0
23	D	0.00000	1	0.00000	0
24	G	0.00000	0.99999	0.00001	0
25	P	0.00000	0.99997	0.00003	0
26	F	0.00000	0.99993	0.00007	0
27	K	0.00000	0.99989	0.00011	0
28	P	0.00000	0.99624	0.00376	0
29	V	0.00000	0.98267	0.01733	0
30	E	0.00000	0.96671	0.03329	0
31	F	0.00000	0.2131	0.78690	0
32	V	0.00000	0.04168	0.95832	0
33	L	0.00000	0.01232	0.98768	0
34	I	0.00000	0.00084	0.99916	0
35	V	0.00000	0.0003	0.99970	0
36	L	0.00000	6e-05	0.99994	0
37	G	0.00000	1e-05	0.99999	0
38	L	0.00000	0	1.00000	0
39	S	0.00000	0	1.00000	0
40	I	0.00000	0	1.00000	0
41	L	0.00000	0	1.00000	0
42	S	0.00000	0	1.00000	0
43	L	0.00000	0	1.00000	0
44	I	0.00000	0	1.00000	0
45	T	0.00000	0	1.00000	0
46	I	0.00000	0	1.00000	0
47	I	0.00000	0	1.00000	0
48	G	0.00000	0	1.00000	0
49	N	0.00000	0	1.00000	0
50	V	0.00000	0	1.00000	0
51	L	0.00008	0	0.99992	0
52	V	0.00083	0	0.99917	0
53	M	0.00507	0	0.99493	0
54	L	0.03003	0	0.96997	0
55	S	0.51088	0	0.48912	0
56	I	0.57948	0	0.42052	0
57	K	0.99039	0	0.00961	0
58	V	0.99608	0	0.00392	0
59	N	0.99988	0	0.00012	0
60	R	1.00000	0	0.00000	0
61	N	0.99996	0	0.00004	0
62	L	0.99947	0	0.00053	0
63	Q	0.99840	0	0.00160	0
64	T	0.96648	0	0.03352	0
65	V	0.64667	0	0.35333	0
66	N	0.33832	0	0.66168	0
67	N	0.07533	0	0.92467	0
68	Y	0.02918	0	0.97082	0
69	F	0.00045	0	0.99955	0
70	L	0.00003	0	0.99997	0
71	F	0.00000	0	1.00000	0
72	S	0.00000	0	1.00000	0
73	L	0.00000	0	1.00000	0
74	A	0.00000	0	1.00000	0
75	C	0.00000	0	1.00000	0
76	A	0.00000	0	1.00000	0
77	D	0.00000	0	1.00000	0
78	L	0.00000	0	1.00000	0
79	F	0.00000	0	1.00000	0
80	I	0.00000	0	1.00000	0
81	G	0.00000	0	1.00000	0
82	V	0.00000	0	1.00000	0
83	F	0.00000	0.00138	0.99862	0
84	S	0.00000	0.0725	0.92750	0
85	M	0.00000	0.11893	0.88107	0
86	N	0.00000	0.49634	0.50366	0
87	L	0.00000	0.52428	0.47572	0
88	Y	0.00000	0.60889	0.39111	0
89	T	0.00000	0.63218	0.36782	0
90	V	0.00000	0.67429	0.32571	0
91	Y	0.00000	0.73108	0.26892	0
92	I	0.00000	0.7612	0.23880	0
93	V	0.00000	0.85627	0.14373	0
94	T	0.00000	0.96344	0.03656	0
95	G	0.00000	0.99291	0.00709	0
96	H	0.00000	0.99996	0.00004	0
97	W	0.00000	0.99999	0.00001	0
98	P	0.00000	1	0.00000	0
99	L	0.00000	1	0.00000	0
100	G	0.00000	1	0.00000	0
101	A	0.00000	0.99997	0.00003	0
102	L	0.00000	0.99989	0.00011	0
103	V	0.00000	0.99988	0.00012	0
104	C	0.00000	0.99987	0.00013	0
105	D	0.00000	0.99977	0.00023	0
106	L	0.00000	0.99924	0.00076	0
107	W	0.00000	0.94911	0.05089	0
108	L	0.00000	0.54592	0.45408	0
109	A	0.00000	0.29833	0.70167	0
110	L	0.00000	0.00978	0.99022	0
111	D	0.00000	0.00034	0.99966	0
112	Y	0.00000	2e-05	0.99998	0
113	V	0.00000	0	1.00000	0
114	V	0.00000	0	1.00000	0
115	S	0.00000	0	1.00000	0
116	N	0.00000	0	1.00000	0
117	A	0.00000	0	1.00000	0
118	S	0.00000	0	1.00000	0
119	V	0.00000	0	1.00000	0
120	M	0.00000	0	1.00000	0
121	N	0.00000	0	1.00000	0
122	L	0.00000	0	1.00000	0
123	L	0.00000	0	1.00000	0
124	I	0.00000	0	1.00000	0
125	I	0.00000	0	1.00000	0
126	S	0.00000	0	1.00000	0
127	F	0.00000	0	1.00000	0
128	D	0.00017	0	0.99983	0
129	R	0.09344	0	0.90656	0
130	Y	0.34953	0	0.65047	0
131	F	0.62806	0	0.37194	0
132	C	0.91817	0	0.08183	0
133	V	0.99996	0	0.00004	0
134	T	1.00000	0	0.00000	0
135	K	1.00000	0	0.00000	0
136	P	1.00000	0	0.00000	0
137	L	1.00000	0	0.00000	0
138	S	1.00000	0	0.00000	0
139	Y	1.00000	0	0.00000	0
140	P	1.00000	0	0.00000	0
141	V	1.00000	0	0.00000	0
142	K	1.00000	0	0.00000	0
143	R	1.00000	0	0.00000	0
144	T	0.99997	0	0.00003	0
145	H	0.99985	0	0.00015	0
146	K	0.99848	0	0.00152	0
147	M	0.76673	0	0.23327	0
148	A	0.36375	0	0.63625	0
149	G	0.23814	0	0.76186	0
150	M	0.12114	0	0.87886	0
151	M	0.04002	0	0.95998	0
152	I	0.00152	0	0.99848	0
153	A	0.00016	0	0.99984	0
154	A	0.00000	0	1.00000	0
155	A	0.00000	0	1.00000	0
156	W	0.00000	0	1.00000	0
157	I	0.00000	0	1.00000	0
158	L	0.00000	0	1.00000	0
159	S	0.00000	0	1.00000	0
160	F	0.00000	0	1.00000	0
161	I	0.00000	0	1.00000	0
162	L	0.00000	0	1.00000	0
163	W	0.00000	0	1.00000	0
164	A	0.00000	0	1.00000	0
165	P	0.00000	2e-05	0.99998	0
166	A	0.00000	0.0001	0.99990	0
167	I	0.00000	0.00207	0.99793	0
168	L	0.00000	0.02222	0.97778	0
169	F	0.00000	0.14523	0.85477	0
170	W	0.00000	0.44305	0.55695	0
171	Q	0.00000	0.84217	0.15783	0
172	F	0.00000	0.86411	0.13589	0
173	I	0.00000	0.91993	0.08007	0
174	T	0.00000	0.99009	0.00991	0
175	G	0.00000	0.99946	0.00054	0
176	S	0.00000	0.99999	0.00001	0
177	R	0.00000	1	0.00000	0
178	T	0.00000	1	0.00000	0
179	V	0.00000	1	0.00000	0
180	P	0.00000	1	0.00000	0
181	E	0.00000	1	0.00000	0
182	G	0.00000	1	0.00000	0
183	E	0.00000	1	0.00000	0
184	C	0.00000	1	0.00000	0
185	Y	0.00000	0.99977	0.00023	0
186	I	0.00000	0.9983	0.00170	0
187	Q	0.00000	0.99802	0.00198	0
188	F	0.00000	0.9853	0.01470	0
189	F	0.00000	0.97763	0.02237	0
190	S	0.00000	0.97384	0.02616	0
191	N	0.00000	0.96981	0.03019	0
192	A	0.00000	0.02644	0.97356	0
193	V	0.00000	0.00476	0.99524	0
194	V	0.00000	0.00097	0.99903	0
195	T	0.00000	0.00068	0.99932	0
196	F	0.00000	8e-05	0.99992	0
197	G	0.00000	4e-05	0.99996	0
198	T	0.00000	3e-05	0.99997	0
199	A	0.00000	0	1.00000	0
200	I	0.00000	0	1.00000	0
201	A	0.00000	0	1.00000	0
202	A	0.00000	0	1.00000	0
203	F	0.00000	0	1.00000	0
204	Y	0.00000	0	1.00000	0
205	L	0.00000	0	1.00000	0
206	P	0.00000	0	1.00000	0
207	V	0.00000	0	1.00000	0
208	I	0.00000	0	1.00000	0
209	T	0.00006	0	0.99994	0
210	M	0.00007	0	0.99993	0
211	T	0.00008	0	0.99992	0
212	I	0.00012	0	0.99988	0
213	L	0.00031	0	0.99969	0
214	Y	0.00133	0	0.99867	0
215	W	0.03110	0	0.96890	0
216	Q	0.82583	0	0.17417	0
217	I	0.86187	0	0.13813	0
218	S	0.98598	0	0.01402	0
219	K	0.99989	0	0.00011	0
220	A	0.99995	0	0.00005	0
221	S	0.99998	0	0.00002	0
222	R	1.00000	0	0.00000	0
223	S	1.00000	0	0.00000	0
224	R	1.00000	0	0.00000	0
225	V	1.00000	0	0.00000	0
226	R	1.00000	0	0.00000	0
227	R	1.00000	0	0.00000	0
228	R	1.00000	0	0.00000	0
229	D	1.00000	0	0.00000	0
230	N	1.00000	0	0.00000	0
231	R	1.00000	0	0.00000	0
232	R	1.00000	0	0.00000	0
233	V	1.00000	0	0.00000	0
234	S	1.00000	0	0.00000	0
235	R	1.00000	0	0.00000	0
236	V	1.00000	0	0.00000	0
237	S	1.00000	0	0.00000	0
238	N	1.00000	0	0.00000	0
239	D	1.00000	0	0.00000	0
240	G	1.00000	0	0.00000	0
241	G	1.00000	0	0.00000	0
242	Q	1.00000	0	0.00000	0
243	A	1.00000	0	0.00000	0
244	G	1.00000	0	0.00000	0
245	L	1.00000	0	0.00000	0
246	G	1.00000	0	0.00000	0
247	N	1.00000	0	0.00000	0
248	E	1.00000	0	0.00000	0
249	R	1.00000	0	0.00000	0
250	N	1.00000	0	0.00000	0
251	M	1.00000	0	0.00000	0
252	D	1.00000	0	0.00000	0
253	R	1.00000	0	0.00000	0
254	K	1.00000	0	0.00000	0
255	S	1.00000	0	0.00000	0
256	T	1.00000	0	0.00000	0
257	Q	1.00000	0	0.00000	0
258	E	1.00000	0	0.00000	0
259	G	1.00000	0	0.00000	0
260	E	1.00000	0	0.00000	0
261	E	1.00000	0	0.00000	0
262	M	1.00000	0	0.00000	0
263	V	1.00000	0	0.00000	0
264	S	1.00000	0	0.00000	0
265	R	1.00000	0	0.00000	0
266	K	1.00000	0	0.00000	0
267	Q	1.00000	0	0.00000	0
268	S	1.00000	0	0.00000	0
269	A	1.00000	0	0.00000	0
270	S	1.00000	0	0.00000	0
271	D	1.00000	0	0.00000	0
272	T	1.00000	0	0.00000	0
273	T	1.00000	0	0.00000	0
274	T	1.00000	0	0.00000	0
275	G	1.00000	0	0.00000	0
276	E	1.00000	0	0.00000	0
277	E	1.00000	0	0.00000	0
278	R	1.00000	0	0.00000	0
279	D	1.00000	0	0.00000	0
280	S	1.00000	0	0.00000	0
281	E	1.00000	0	0.00000	0
282	N	1.00000	0	0.00000	0
283	D	1.00000	0	0.00000	0
284	S	1.00000	0	0.00000	0
285	I	1.00000	0	0.00000	0
286	S	1.00000	0	0.00000	0
287	G	1.00000	0	0.00000	0
288	S	1.00000	0	0.00000	0
289	V	1.00000	0	0.00000	0
290	L	1.00000	0	0.00000	0
291	A	1.00000	0	0.00000	0
292	S	1.00000	0	0.00000	0
293	S	1.00000	0	0.00000	0
294	N	1.00000	0	0.00000	0
295	Q	1.00000	0	0.00000	0
296	R	1.00000	0	0.00000	0
297	D	1.00000	0	0.00000	0
298	D	1.00000	0	0.00000	0
299	E	1.00000	0	0.00000	0
300	A	1.00000	0	0.00000	0
301	V	1.00000	0	0.00000	0
302	S	1.00000	0	0.00000	0
303	I	1.00000	0	0.00000	0
304	S	1.00000	0	0.00000	0
305	T	1.00000	0	0.00000	0
306	N	1.00000	0	0.00000	0
307	G	1.00000	0	0.00000	0
308	D	1.00000	0	0.00000	0
309	I	1.00000	0	0.00000	0
310	R	1.00000	0	0.00000	0
311	A	1.00000	0	0.00000	0
312	R	1.00000	0	0.00000	0
313	Q	1.00000	0	0.00000	0
314	N	1.00000	0	0.00000	0
315	Q	1.00000	0	0.00000	0
316	S	1.00000	0	0.00000	0
317	A	1.00000	0	0.00000	0
318	S	1.00000	0	0.00000	0
319	L	1.00000	0	0.00000	0
320	A	1.00000	0	0.00000	0
321	T	1.00000	0	0.00000	0
322	E	1.00000	0	0.00000	0
323	S	1.00000	0	0.00000	0
324	W	1.00000	0	0.00000	0
325	V	1.00000	0	0.00000	0
326	R	1.00000	0	0.00000	0
327	F	1.00000	0	0.00000	0
328	T	1.00000	0	0.00000	0
329	C	1.00000	0	0.00000	0
330	F	1.00000	0	0.00000	0
331	K	1.00000	0	0.00000	0
332	T	1.00000	0	0.00000	0
333	A	1.00000	0	0.00000	0
334	S	1.00000	0	0.00000	0
335	Q	1.00000	0	0.00000	0
336	K	1.00000	0	0.00000	0
337	D	1.00000	0	0.00000	0
338	L	1.00000	0	0.00000	0
339	Q	1.00000	0	0.00000	0
340	N	1.00000	0	0.00000	0
341	T	1.00000	0	0.00000	0
342	Y	1.00000	0	0.00000	0
343	K	1.00000	0	0.00000	0
344	V	1.00000	0	0.00000	0
345	N	1.00000	0	0.00000	0
346	S	1.00000	0	0.00000	0
347	E	1.00000	0	0.00000	0
348	S	1.00000	0	0.00000	0
349	Q	1.00000	0	0.00000	0
350	G	1.00000	0	0.00000	0
351	M	1.00000	0	0.00000	0
352	T	1.00000	0	0.00000	0
353	N	1.00000	0	0.00000	0
354	G	1.00000	0	0.00000	0
355	K	1.00000	0	0.00000	0
356	E	1.00000	0	0.00000	0
357	R	1.00000	0	0.00000	0
358	L	1.00000	0	0.00000	0
359	S	1.00000	0	0.00000	0
360	L	1.00000	0	0.00000	0
361	V	1.00000	0	0.00000	0
362	S	1.00000	0	0.00000	0
363	Q	1.00000	0	0.00000	0
364	K	1.00000	0	0.00000	0
365	I	1.00000	0	0.00000	0
366	I	1.00000	0	0.00000	0
367	S	1.00000	0	0.00000	0
368	P	1.00000	0	0.00000	0
369	H	1.00000	0	0.00000	0
370	S	1.00000	0	0.00000	0
371	Q	1.00000	0	0.00000	0
372	K	1.00000	0	0.00000	0
373	R	1.00000	0	0.00000	0
374	K	1.00000	0	0.00000	0
375	S	1.00000	0	0.00000	0
376	S	1.00000	0	0.00000	0
377	S	1.00000	0	0.00000	0
378	S	1.00000	0	0.00000	0
379	R	1.00000	0	0.00000	0
380	E	1.00000	0	0.00000	0
381	K	0.98694	0	0.01306	0
382	K	0.98488	0	0.01512	0
383	V	0.77239	0	0.22761	0
384	T	0.72084	0	0.27916	0
385	R	0.71198	0	0.28802	0
386	T	0.70115	0	0.29885	0
387	I	0.03793	0	0.96207	0
388	M	0.00243	0	0.99757	0
389	A	0.00138	0	0.99862	0
390	I	0.00021	0	0.99979	0
391	L	0.00001	0	0.99999	0
392	V	0.00000	0	1.00000	0
393	A	0.00000	0	1.00000	0
394	F	0.00000	0	1.00000	0
395	A	0.00000	0	1.00000	0
396	T	0.00000	0	1.00000	0
397	T	0.00000	0	1.00000	0
398	W	0.00000	0	1.00000	0
399	T	0.00000	0	1.00000	0
400	P	0.00000	0	1.00000	0
401	Y	0.00000	1e-05	0.99999	0
402	N	0.00000	8e-05	0.99992	0
403	V	0.00000	0.00012	0.99988	0
404	M	0.00000	0.00042	0.99958	0
405	V	0.00000	0.00453	0.99547	0
406	L	0.00000	0.04095	0.95905	0
407	I	0.00000	0.11039	0.88961	0
408	N	0.00000	0.49155	0.50845	0
409	T	0.00000	0.59366	0.40634	0
410	F	0.00000	0.64392	0.35608	0
411	C	0.00000	0.95794	0.04206	0
412	S	0.00000	0.98803	0.01197	0
413	D	0.00000	0.99998	0.00002	0
414	C	0.00000	0.99999	0.00001	0
415	I	0.00000	0.99999	0.00001	0
416	P	0.00000	0.99987	0.00013	0
417	N	0.00000	0.99681	0.00319	0
418	T	0.00000	0.97869	0.02131	0
419	V	0.00000	0.97311	0.02689	0
420	W	0.00000	0.96962	0.03038	0
421	I	0.00000	0.74122	0.25878	0
422	F	0.00000	0.5717	0.42830	0
423	G	0.00000	0.55524	0.44476	0
424	Y	0.00000	0.30084	0.69916	0
425	W	0.00000	0.02585	0.97415	0
426	L	0.00000	8e-05	0.99992	0
427	C	0.00000	0	0.99999	0
428	Y	0.00000	0	1.00000	0
429	I	0.00000	0	1.00000	0
430	N	0.00000	0	1.00000	0
431	S	0.00000	0	1.00000	0
432	T	0.00000	0	1.00000	0
433	V	0.00000	0	1.00000	0
434	N	0.00000	0	1.00000	0
435	P	0.00000	0	1.00000	0
436	A	0.00000	0	1.00000	0
437	C	0.00001	0	0.99999	0
438	Y	0.00005	0	0.99995	0
439	A	0.00022	0	0.99978	0
440	L	0.00039	0	0.99961	0
441	C	0.00463	0	0.99537	0
442	N	0.06530	0	0.93470	0
443	V	0.12386	0	0.87614	0
444	T	0.20058	0	0.79942	0
445	F	0.35465	0	0.64535	0
446	K	1.00000	0	0.00000	0
447	N	1.00000	0	0.00000	0
448	T	1.00000	0	0.00000	0
449	F	1.00000	0	0.00000	0
450	K	1.00000	0	0.00000	0
451	Q	1.00000	0	0.00000	0
452	L	1.00000	0	0.00000	0
453	L	1.00000	0	0.00000	0
454	T	1.00000	0	0.00000	0
455	C	1.00000	0	0.00000	0
456	K	1.00000	0	0.00000	0
457	Y	1.00000	0	0.00000	0
458	R	1.00000	0	0.00000	0
459	N	1.00000	0	0.00000	0
460	I	1.00000	0	0.00000	0
461	H	1.00000	0	0.00000	0
462	A	1.00000	0	0.00000	0
463	T	1.00000	0	0.00000	0
464	R	1.00000	0	0.00000	0
465	K	1.00000	0	0.00000	0
466	Q	1.00000	0	0.00000	0
