# UNNAMED
#pos	aa	i	o	M	S
1	M	0.00000	0.99988	0.00000	0.00012
2	N	0.00000	0.99988	0.00000	0.00012
3	S	0.00000	0.99988	0.00000	0.00012
4	L	0.00000	0.99988	0.00000	0.00012
5	D	0.00000	0.99988	0.00000	0.00012
6	L	0.00000	0.99988	0.00000	0.00012
7	W	0.00000	0.99988	0.00000	0.00012
8	N	0.00000	0.99988	0.00000	0.00012
9	P	0.00000	0.99988	0.00000	0.00012
10	S	0.00000	0.99988	0.00000	0.00012
11	E	0.00000	0.99988	0.00000	0.00012
12	V	0.00000	0.99988	0.00000	0.00012
13	Q	0.00000	0.99988	0.00000	0.00012
14	F	0.00000	0.99988	0.00000	0.00012
15	C	0.00000	0.99988	0.00000	0.00012
16	F	0.00000	0.99988	0.00000	0.00012
17	A	0.00000	0.99988	0.00000	0.00012
18	L	0.00000	1	0.00000	0
19	V	0.00000	1	0.00000	0
20	N	0.00000	1	0.00000	0
21	N	0.00000	1	0.00000	0
22	S	0.00000	1	0.00000	0
23	C	0.00000	1	0.00000	0
24	P	0.00000	1	0.00000	0
25	R	0.00000	1	0.00000	0
26	N	0.00000	1	0.00000	0
27	T	0.00000	1	0.00000	0
28	R	0.00000	1	0.00000	0
29	S	0.00000	0.99994	0.00006	0
30	G	0.00000	0.9999	0.00010	0
31	L	0.00000	0.99977	0.00023	0
32	S	0.00000	0.99968	0.00032	0
33	A	0.00000	0.97589	0.02411	0
34	C	0.00000	0.94322	0.05678	0
35	A	0.00000	0.56084	0.43916	0
36	L	0.00000	0.34234	0.65766	0
37	Y	0.00000	0.05125	0.94875	0
38	V	0.00000	0.0186	0.98140	0
39	V	0.00000	0.01112	0.98888	0
40	M	0.00000	0.00754	0.99246	0
41	I	0.00000	0.00043	0.99957	0
42	G	0.00000	0.0002	0.99980	0
43	A	0.00000	1e-05	0.99999	0
44	I	0.00000	0	1.00000	0
45	V	0.00000	0	1.00000	0
46	M	0.00000	0	1.00000	0
47	T	0.00000	0	1.00000	0
48	M	0.00000	0	1.00000	0
49	L	0.00000	0	1.00000	0
50	G	0.00000	0	1.00000	0
51	N	0.00000	0	1.00000	0
52	L	0.00000	0	1.00000	0
53	V	0.00000	0	1.00000	0
54	V	0.00000	0	1.00000	0
55	I	0.00000	0	1.00000	0
56	I	0.00078	0	0.99922	0
57	S	0.09448	0	0.90552	0
58	I	0.12753	0	0.87247	0
59	A	0.44053	0	0.55947	0
60	H	0.77158	0	0.22842	0
61	F	0.85235	0	0.14765	0
62	K	0.99552	0	0.00448	0
63	Q	0.99997	0	0.00003	0
64	L	0.99999	0	0.00001	0
65	H	1.00000	0	0.00000	0
66	S	1.00000	0	0.00000	0
67	P	1.00000	0	0.00000	0
68	T	0.95826	0	0.04174	0
69	N	0.21820	0	0.78180	0
70	F	0.05668	0	0.94332	0
71	L	0.00094	0	0.99906	0
72	I	0.00001	0	0.99999	0
73	L	0.00000	0	1.00000	0
74	S	0.00000	0	1.00000	0
75	M	0.00000	0	1.00000	0
76	A	0.00000	0	1.00000	0
77	T	0.00000	0	1.00000	0
78	T	0.00000	0	1.00000	0
79	D	0.00000	0	1.00000	0
80	F	0.00000	0	1.00000	0
81	L	0.00000	0	1.00000	0
82	L	0.00000	0	1.00000	0
83	S	0.00000	0	1.00000	0
84	C	0.00000	0	1.00000	0
85	V	0.00000	0	1.00000	0
86	V	0.00000	0	1.00000	0
87	M	0.00000	0	1.00000	0
88	P	0.00000	0	1.00000	0
89	F	0.00000	0.00011	0.99989	0
90	S	0.00000	0.2869	0.71310	0
91	M	0.00000	0.34584	0.65416	0
92	I	0.00000	0.56153	0.43847	0
93	R	0.00000	0.99989	0.00011	0
94	S	0.00000	0.99995	0.00005	0
95	I	0.00000	0.99995	0.00005	0
96	E	0.00000	1	0.00000	0
97	S	0.00000	1	0.00000	0
98	C	0.00000	1	0.00000	0
99	W	0.00000	1	0.00000	0
100	Y	0.00000	0.99999	0.00001	0
101	F	0.00000	0.99994	0.00006	0
102	G	0.00000	0.99993	0.00007	0
103	D	0.00000	0.99993	0.00007	0
104	L	0.00000	0.99968	0.00032	0
105	F	0.00000	0.99695	0.00305	0
106	C	0.00000	0.99663	0.00337	0
107	K	0.00000	0.99623	0.00377	0
108	V	0.00000	0.99392	0.00608	0
109	H	0.00000	0.8153	0.18470	0
110	S	0.00000	0.61684	0.38316	0
111	C	0.00000	0.41925	0.58075	0
112	C	0.00000	0.03816	0.96184	0
113	D	0.00000	0.00615	0.99385	0
114	I	0.00000	7e-05	0.99993	0
115	M	0.00000	0	1.00000	0
116	L	0.00000	0	1.00000	0
117	C	0.00000	0	1.00000	0
118	T	0.00000	0	1.00000	0
119	T	0.00000	0	1.00000	0
120	S	0.00000	0	1.00000	0
121	I	0.00000	0	1.00000	0
122	F	0.00000	0	1.00000	0
123	H	0.00000	0	1.00000	0
124	L	0.00000	0	1.00000	0
125	C	0.00009	0	0.99991	0
126	F	0.00011	0	0.99989	0
127	I	0.00020	0	0.99980	0
128	S	0.00031	0	0.99969	0
129	V	0.00033	0	0.99967	0
130	D	0.00047	0	0.99953	0
131	R	0.11350	0	0.88650	0
132	Y	0.85681	0	0.14319	0
133	Y	0.94337	0	0.05663	0
134	A	0.98767	0	0.01233	0
135	V	1.00000	0	0.00000	0
136	C	1.00000	0	0.00000	0
137	D	1.00000	0	0.00000	0
138	P	1.00000	0	0.00000	0
139	L	1.00000	0	0.00000	0
140	H	1.00000	0	0.00000	0
141	Y	1.00000	0	0.00000	0
142	V	1.00000	0	0.00000	0
143	T	0.99999	0	0.00001	0
144	K	0.99985	0	0.00015	0
145	I	0.92231	0	0.07769	0
146	T	0.87663	0	0.12337	0
147	I	0.68436	0	0.31564	0
148	S	0.55728	0	0.44272	0
149	L	0.07593	0	0.92407	0
150	V	0.01386	0	0.98614	0
151	G	0.00384	0	0.99616	0
152	V	0.00018	0	0.99982	0
153	F	0.00002	0	0.99998	0
154	L	0.00000	0	1.00000	0
155	L	0.00000	0	1.00000	0
156	I	0.00000	0	1.00000	0
157	S	0.00000	0	1.00000	0
158	W	0.00000	0	1.00000	0
159	S	0.00000	0	1.00000	0
160	I	0.00000	0	1.00000	0
161	P	0.00000	0	1.00000	0
162	I	0.00000	0	1.00000	0
163	F	0.00000	0	1.00000	0
164	F	0.00000	1e-05	0.99999	0
165	A	0.00000	0.0006	0.99940	0
166	F	0.00000	0.0057	0.99430	0
167	G	0.00000	0.08057	0.91943	0
168	L	0.00000	0.10809	0.89191	0
169	V	0.00000	0.21055	0.78945	0
170	F	0.00000	0.42063	0.57937	0
171	S	0.00000	0.8916	0.10840	0
172	E	0.00000	0.99324	0.00676	0
173	L	0.00000	0.99584	0.00416	0
174	N	0.00000	0.99958	0.00042	0
175	I	0.00000	0.99975	0.00025	0
176	I	0.00000	0.99988	0.00012	0
177	G	0.00000	1	0.00000	0
178	A	0.00000	1	0.00000	0
179	E	0.00000	1	0.00000	0
180	D	0.00000	1	0.00000	0
181	F	0.00000	1	0.00000	0
182	V	0.00000	1	0.00000	0
183	A	0.00000	1	0.00000	0
184	A	0.00000	1	0.00000	0
185	T	0.00000	1	0.00000	0
186	D	0.00000	1	0.00000	0
187	C	0.00000	1	0.00000	0
188	T	0.00000	1	0.00000	0
189	G	0.00000	1	0.00000	0
190	L	0.00000	1	0.00000	0
191	C	0.00000	0.99994	0.00006	0
192	V	0.00000	0.91341	0.08659	0
193	L	0.00000	0.91332	0.08668	0
194	I	0.00000	0.91282	0.08718	0
195	F	0.00000	0.91005	0.08995	0
196	N	0.00000	0.90995	0.09005	0
197	K	0.00000	0.90971	0.09029	0
198	L	0.00000	0.6975	0.30250	0
199	W	0.00000	0.09868	0.90132	0
200	G	0.00000	0.0749	0.92510	0
201	V	0.00000	0.02956	0.97044	0
202	L	0.00000	0.00159	0.99841	0
203	A	0.00000	0.00023	0.99977	0
204	S	0.00000	6e-05	0.99994	0
205	F	0.00000	3e-05	0.99997	0
206	I	0.00000	0	1.00000	0
207	A	0.00000	0	1.00000	0
208	F	0.00000	0	1.00000	0
209	F	0.00000	0	1.00000	0
210	L	0.00000	0	1.00000	0
211	P	0.00000	0	1.00000	0
212	G	0.00000	0	1.00000	0
213	T	0.00000	0	1.00000	0
214	V	0.00000	0	1.00000	0
215	M	0.00001	0	0.99999	0
216	V	0.00004	0	0.99996	0
217	G	0.00175	0	0.99825	0
218	I	0.00332	0	0.99668	0
219	Y	0.01127	0	0.98873	0
220	I	0.02975	0	0.97025	0
221	H	0.07203	0	0.92797	0
222	I	0.08095	0	0.91905	0
223	F	0.18649	0	0.81351	0
224	T	0.88390	0	0.11610	0
225	V	0.91901	0	0.08099	0
226	A	0.99767	0	0.00233	0
227	R	0.99993	0	0.00007	0
228	K	0.99999	0	0.00001	0
229	H	1.00000	0	0.00000	0
230	A	1.00000	0	0.00000	0
231	K	1.00000	0	0.00000	0
232	Q	1.00000	0	0.00000	0
233	I	1.00000	0	0.00000	0
234	G	1.00000	0	0.00000	0
235	T	1.00000	0	0.00000	0
236	G	1.00000	0	0.00000	0
237	S	1.00000	0	0.00000	0
238	M	1.00000	0	0.00000	0
239	M	1.00000	0	0.00000	0
240	K	1.00000	0	0.00000	0
241	H	1.00000	0	0.00000	0
242	I	1.00000	0	0.00000	0
243	G	1.00000	0	0.00000	0
244	S	1.00000	0	0.00000	0
245	E	1.00000	0	0.00000	0
246	S	1.00000	0	0.00000	0
247	K	1.00000	0	0.00000	0
248	M	1.00000	0	0.00000	0
249	K	1.00000	0	0.00000	0
250	A	1.00000	0	0.00000	0
251	S	1.00000	0	0.00000	0
252	T	1.00000	0	0.00000	0
253	K	1.00000	0	0.00000	0
254	T	1.00000	0	0.00000	0
255	E	1.00000	0	0.00000	0
256	S	0.98739	0	0.01261	0
257	K	0.98633	0	0.01367	0
258	A	0.46706	0	0.53294	0
259	T	0.46405	0	0.53595	0
260	K	0.38968	0	0.61032	0
261	T	0.26720	0	0.73280	0
262	L	0.00243	0	0.99757	0
263	S	0.00060	0	0.99940	0
264	I	0.00036	0	0.99964	0
265	V	0.00004	0	0.99996	0
266	M	0.00004	0	0.99996	0
267	G	0.00000	0	1.00000	0
268	V	0.00000	0	1.00000	0
269	F	0.00000	0	1.00000	0
270	V	0.00000	0	1.00000	0
271	L	0.00000	0	1.00000	0
272	C	0.00000	0	1.00000	0
273	W	0.00000	0	1.00000	0
274	L	0.00000	0	1.00000	0
275	P	0.00000	0	1.00000	0
276	F	0.00000	0	1.00000	0
277	F	0.00000	0	1.00000	0
278	V	0.00000	0.0004	0.99960	0
279	L	0.00000	0.00455	0.99545	0
280	T	0.00000	0.04715	0.95285	0
281	I	0.00000	0.13447	0.86553	0
282	T	0.00000	0.57376	0.42624	0
283	D	0.00000	0.96144	0.03856	0
284	P	0.00000	0.96323	0.03677	0
285	F	0.00000	0.96394	0.03606	0
286	I	0.00000	0.96767	0.03233	0
287	N	0.00000	0.98	0.02000	0
288	F	0.00000	0.98115	0.01885	0
289	T	0.00000	0.99175	0.00825	0
290	T	0.00000	0.99827	0.00173	0
291	P	0.00000	0.99978	0.00022	0
292	E	0.00000	0.99999	0.00001	0
293	D	0.00000	0.99995	0.00005	0
294	L	0.00000	0.99818	0.00182	0
295	Y	0.00000	0.99722	0.00278	0
296	N	0.00000	0.78561	0.21439	0
297	V	0.00000	0.0201	0.97990	0
298	F	0.00000	0.00398	0.99602	0
299	L	0.00000	0.00033	0.99967	0
300	W	0.00000	2e-05	0.99998	0
301	L	0.00000	0	1.00000	0
302	G	0.00000	0	1.00000	0
303	Y	0.00000	0	1.00000	0
304	F	0.00000	0	1.00000	0
305	N	0.00000	0	1.00000	0
306	S	0.00000	0	1.00000	0
307	A	0.00000	0	1.00000	0
308	F	0.00000	0	1.00000	0
309	N	0.00000	0	1.00000	0
310	P	0.00000	0	1.00000	0
311	I	0.00000	0	1.00000	0
312	I	0.00000	0	1.00000	0
313	Y	0.00000	0	1.00000	0
314	G	0.00002	0	0.99998	0
315	M	0.00030	0	0.99970	0
316	F	0.00672	0	0.99328	0
317	Y	0.07422	0	0.92578	0
318	P	0.43859	0	0.56141	0
319	W	0.74651	0	0.25349	0
320	F	0.95654	0	0.04345	0
321	R	1.00000	0	0.00000	0
322	K	1.00000	0	0.00000	0
323	A	1.00000	0	0.00000	0
324	L	1.00000	0	0.00000	0
325	R	1.00000	0	0.00000	0
326	T	1.00000	0	0.00000	0
327	I	1.00000	0	0.00000	0
328	V	1.00000	0	0.00000	0
329	S	1.00000	0	0.00000	0
330	G	1.00000	0	0.00000	0
331	M	1.00000	0	0.00000	0
332	I	1.00000	0	0.00000	0
333	F	1.00000	0	0.00000	0
334	H	1.00000	0	0.00000	0
335	P	1.00000	0	0.00000	0
336	D	1.00000	0	0.00000	0
337	S	1.00000	0	0.00000	0
338	S	1.00000	0	0.00000	0
339	N	1.00000	0	0.00000	0
340	L	1.00000	0	0.00000	0
341	S	1.00000	0	0.00000	0
342	I	1.00000	0	0.00000	0
343	F	1.00000	0	0.00000	0
344	P	1.00000	0	0.00000	0
345	A	1.00000	0	0.00000	0
346	C	1.00000	0	0.00000	0
347	A	1.00000	0	0.00000	0
